0, 613.0, 24.0
1, 483.0, 28.0
2, 612.0, 29.0
3, 54.0, 39.0
4, 609.0, 40.0
5, 608.0, 45.0
6, 607.0, 50.0
7, 356.0, 51.0
8, 479.0, 60.0
9, 355.0, 66.0
10, 478.0, 66.0
11, 21.0, 71.0
12, 477.0, 72.0
13, 62.0, 73.0
14, 72.0, 74.0
15, 82.0, 74.0
16, 353.0, 76.0
17, 477.0, 77.0
18, 137.0, 79.0
19, 236.0, 85.0
20, 241.0, 86.0
21, 476.0, 86.0
22, 246.0, 87.0
23, 18.0, 89.0
24, 286.0, 89.0
25, 301.0, 91.0
26, 348.0, 91.0
27, 68.0, 93.0
28, 595.0, 98.0
29, 473.0, 102.0
30, 473.0, 107.0
31, 354.0, 108.0
32, 18.0, 115.0
33, 591.0, 117.0
34, 472.0, 120.0
35, 352.0, 125.0
36, 471.0, 130.0
37, 18.0, 138.0
38, 351.0, 138.0
39, 585.0, 140.0
40, 352.0, 143.0
41, 469.0, 143.0
42, 351.0, 148.0
43, 468.0, 148.0
44, 18.0, 154.0
45, 17.0, 159.0
46, 352.0, 160.0
47, 421.0, 163.0
48, 431.0, 164.0
49, 439.0, 164.0
50, 444.0, 164.0
51, 451.0, 164.0
52, 460.0, 165.0
53, 469.0, 165.0
54, 479.0, 165.0
55, 18.0, 167.0
56, 17.0, 172.0
57, 578.0, 173.0
58, 421.0, 174.0
59, 426.0, 175.0
60, 431.0, 175.0
61, 439.0, 175.0
62, 444.0, 175.0
63, 450.0, 175.0
64, 458.0, 175.0
65, 465.0, 175.0
66, 351.0, 176.0
67, 470.0, 176.0
68, 479.0, 176.0
69, 578.0, 178.0
70, 17.0, 180.0
71, 577.0, 183.0
72, 421.0, 185.0
73, 430.0, 185.0
74, 438.0, 185.0
75, 446.0, 185.0
76, 454.0, 185.0
77, 462.0, 185.0
78, 470.0, 186.0
79, 479.0, 186.0
80, 17.0, 187.0
81, 351.0, 187.0
82, 489.0, 189.0
83, 376.0, 190.0
84, 351.0, 192.0
85, 421.0, 194.0
86, 430.0, 194.0
87, 438.0, 194.0
88, 446.0, 195.0
89, 453.0, 195.0
90, 458.0, 195.0
91, 463.0, 195.0
92, 469.0, 195.0
93, 478.0, 196.0
94, 351.0, 197.0
95, 574.0, 200.0
96, 17.0, 202.0
97, 351.0, 202.0
98, 420.0, 204.0
99, 430.0, 204.0
100, 438.0, 204.0
101, 446.0, 204.0
102, 454.0, 204.0
103, 462.0, 205.0
104, 469.0, 205.0
105, 478.0, 205.0
106, 573.0, 208.0
107, 572.0, 213.0
108, 420.0, 214.0
109, 425.0, 214.0
110, 430.0, 214.0
111, 438.0, 214.0
112, 446.0, 214.0
113, 457.0, 214.0
114, 18.0, 215.0
115, 464.0, 215.0
116, 469.0, 215.0
117, 477.0, 215.0
118, 420.0, 219.0
119, 350.0, 220.0
120, 425.0, 223.0
121, 496.0, 223.0
122, 419.0, 224.0
123, 430.0, 224.0
124, 438.0, 224.0
125, 445.0, 224.0
126, 453.0, 224.0
127, 461.0, 224.0
128, 468.0, 224.0
129, 477.0, 224.0
130, 17.0, 229.0
131, 568.0, 229.0
132, 419.0, 233.0
133, 424.0, 233.0
134, 429.0, 233.0
135, 17.0, 234.0
136, 437.0, 234.0
137, 445.0, 234.0
138, 453.0, 234.0
139, 460.0, 234.0
140, 468.0, 234.0
141, 476.0, 234.0
142, 567.0, 234.0
143, 557.0, 238.0
144, 721.0, 238.0
145, 16.0, 239.0
146, 351.0, 240.0
147, 403.0, 240.0
148, 17.0, 244.0
149, 419.0, 244.0
150, 428.0, 244.0
151, 433.0, 244.0
152, 438.0, 244.0
153, 444.0, 244.0
154, 452.0, 244.0
155, 459.0, 244.0
156, 464.0, 244.0
157, 469.0, 244.0
158, 706.0, 244.0
159, 476.0, 245.0
160, 349.0, 248.0
161, 20.0, 249.0
162, 30.0, 249.0
163, 697.0, 249.0
164, 15.0, 250.0
165, 401.0, 252.0
166, 373.0, 253.0
167, 382.0, 253.0
168, 406.0, 253.0
169, 184.0, 254.0
170, 207.0, 255.0
171, 433.0, 255.0
172, 348.0, 256.0
173, 322.0, 258.0
174, 371.0, 258.0
175, 720.0, 259.0
176, 395.0, 260.0
177, 403.0, 262.0
178, 452.0, 262.0
179, 186.0, 263.0
180, 222.0, 265.0
181, 304.0, 265.0
182, 376.0, 265.0
183, 411.0, 265.0
184, 211.0, 266.0
185, 320.0, 266.0
186, 521.0, 268.0
187, 511.0, 269.0
188, 390.0, 270.0
189, 120.0, 271.0
190, 471.0, 271.0
191, 497.0, 271.0
192, 502.0, 271.0
193, 215.0, 272.0
194, 204.0, 273.0
195, 397.0, 273.0
196, 443.0, 273.0
197, 191.0, 274.0
198, 384.0, 274.0
199, 308.0, 275.0
200, 451.0, 275.0
201, 181.0, 276.0
202, 88.0, 278.0
203, 379.0, 278.0
204, 324.0, 279.0
205, 412.0, 279.0
206, 639.0, 279.0
207, 340.0, 280.0
208, 385.0, 280.0
209, 197.0, 281.0
210, 354.0, 281.0
211, 394.0, 281.0
212, 222.0, 283.0
213, 367.0, 283.0
214, 332.0, 284.0
215, 385.0, 285.0
216, 216.0, 286.0
217, 454.0, 287.0
218, 287.0, 288.0
219, 402.0, 289.0
220, 386.0, 290.0
221, 438.0, 290.0
222, 476.0, 290.0
223, 525.0, 290.0
224, 204.0, 291.0
225, 214.0, 291.0
226, 492.0, 291.0
227, 535.0, 291.0
228, 234.0, 292.0
229, 458.0, 293.0
230, 446.0, 294.0
231, 419.0, 295.0
232, 371.0, 297.0
233, 503.0, 297.0
234, 216.0, 298.0
235, 491.0, 299.0
236, 239.0, 300.0
237, 343.0, 300.0
238, 360.0, 300.0
239, 470.0, 300.0
240, 423.0, 301.0
241, 435.0, 301.0
242, 401.0, 303.0
243, 375.0, 304.0
244, 380.0, 304.0
245, 483.0, 304.0
246, 230.0, 305.0
247, 343.0, 305.0
248, 363.0, 305.0
249, 385.0, 305.0
250, 329.0, 306.0
251, 218.0, 307.0
252, 510.0, 307.0
253, 312.0, 308.0
254, 238.0, 311.0
255, 328.0, 311.0
256, 409.0, 311.0
257, 526.0, 311.0
258, 711.0, 311.0
259, 465.0, 312.0
260, 435.0, 313.0
261, 490.0, 313.0
262, 254.0, 314.0
263, 313.0, 314.0
264, 224.0, 315.0
265, 342.0, 315.0
266, 378.0, 315.0
267, 328.0, 316.0
268, 364.0, 316.0
269, 477.0, 316.0
270, 501.0, 316.0
271, 425.0, 317.0
272, 537.0, 317.0
273, 233.0, 319.0
274, 243.0, 319.0
275, 254.0, 319.0
276, 353.0, 319.0
277, 400.0, 319.0
278, 545.0, 321.0
279, 313.0, 322.0
280, 486.0, 322.0
281, 439.0, 324.0
282, 425.0, 326.0
283, 477.0, 326.0
284, 496.0, 326.0
285, 527.0, 326.0
286, 340.0, 327.0
287, 367.0, 327.0
288, 551.0, 327.0
289, 252.0, 328.0
290, 356.0, 329.0
291, 449.0, 329.0
292, 33.0, 330.0
293, 242.0, 330.0
294, 393.0, 330.0
295, 259.0, 332.0
296, 267.0, 333.0
297, 538.0, 333.0
298, 411.0, 334.0
299, 460.0, 334.0
300, 431.0, 335.0
301, 406.0, 336.0
302, 495.0, 336.0
303, 248.0, 337.0
304, 280.0, 339.0
305, 299.0, 339.0
306, 467.0, 340.0
307, 476.0, 340.0
308, 487.0, 340.0
309, 397.0, 341.0
310, 339.0, 343.0
311, 523.0, 343.0
312, 420.0, 345.0
313, 494.0, 345.0
314, 384.0, 347.0
315, 480.0, 347.0
316, 513.0, 348.0
317, 354.0, 349.0
318, 364.0, 349.0
319, 436.0, 349.0
320, 135.0, 350.0
321, 316.0, 351.0
322, 468.0, 352.0
323, 252.0, 353.0
324, 442.0, 353.0
325, 502.0, 354.0
326, 273.0, 355.0
327, 295.0, 355.0
328, 346.0, 355.0
329, 399.0, 355.0
330, 128.0, 356.0
331, 452.0, 356.0
332, 461.0, 356.0
333, 20.0, 357.0
334, 282.0, 357.0
335, 257.0, 358.0
336, 386.0, 359.0
337, 379.0, 360.0
338, 236.0, 363.0
339, 12.0, 364.0
340, 281.0, 364.0
341, 434.0, 364.0
342, 276.0, 365.0
343, 288.0, 365.0
344, 413.0, 365.0
345, 463.0, 365.0
346, 269.0, 366.0
347, 402.0, 366.0
348, 237.0, 368.0
349, 394.0, 368.0
350, 27.0, 369.0
351, 347.0, 370.0
352, 374.0, 370.0
353, 298.0, 371.0
354, 303.0, 372.0
355, 309.0, 372.0
356, 360.0, 373.0
357, 108.0, 374.0
358, 286.0, 374.0
359, 89.0, 376.0
360, 14.0, 377.0
361, 419.0, 377.0
362, 320.0, 378.0
363, 398.0, 380.0
364, 298.0, 382.0
365, 359.0, 383.0
366, 444.0, 383.0
367, 340.0, 384.0
368, 290.0, 386.0
369, 303.0, 392.0
370, 325.0, 392.0
371, 379.0, 392.0
372, 295.0, 393.0
373, 426.0, 393.0
374, 270.0, 394.0
375, 364.0, 400.0
376, 272.0, 402.0
377, 406.0, 403.0
378, 312.0, 404.0
379, 383.0, 405.0
380, 349.0, 406.0
381, 307.0, 407.0
382, 328.0, 407.0
383, 334.0, 411.0
384, 385.0, 411.0
385, 369.0, 412.0
386, 359.0, 415.0
387, 323.0, 416.0
388, 346.0, 419.0
389, 313.0, 420.0
390, 366.0, 423.0
391, 300.0, 427.0
392, 322.0, 428.0
393, 344.0, 428.0
394, 351.0, 428.0
395, 316.0, 433.0
396, 272.0, 436.0
397, 304.0, 438.0
398, 256.0, 441.0
399, 332.0, 441.0
400, 276.0, 448.0
401, 238.0, 449.0
402, 238.0, 454.0
403, 394.0, 466.0
