0, 642.0, 13.0
1, 733.0, 19.0
2, 575.0, 21.0
3, 732.0, 24.0
4, 638.0, 27.0
5, 643.0, 28.0
6, 662.0, 29.0
7, 87.0, 34.0
8, 634.0, 35.0
9, 615.0, 36.0
10, 690.0, 37.0
11, 679.0, 41.0
12, 606.0, 42.0
13, 692.0, 42.0
14, 623.0, 43.0
15, 655.0, 43.0
16, 571.0, 47.0
17, 605.0, 47.0
18, 581.0, 48.0
19, 607.0, 52.0
20, 658.0, 57.0
21, 578.0, 59.0
22, 93.0, 61.0
23, 607.0, 62.0
24, 630.0, 64.0
25, 725.0, 75.0
26, 741.0, 76.0
27, 93.0, 79.0
28, 596.0, 89.0
29, 618.0, 94.0
30, 619.0, 99.0
31, 716.0, 99.0
32, 426.0, 100.0
33, 592.0, 102.0
34, 621.0, 104.0
35, 716.0, 104.0
36, 695.0, 114.0
37, 558.0, 116.0
38, 679.0, 118.0
39, 565.0, 119.0
40, 586.0, 120.0
41, 663.0, 120.0
42, 719.0, 125.0
43, 628.0, 126.0
44, 681.0, 127.0
45, 665.0, 128.0
46, 651.0, 130.0
47, 563.0, 131.0
48, 684.0, 132.0
49, 686.0, 137.0
50, 644.0, 138.0
51, 635.0, 140.0
52, 294.0, 142.0
53, 294.0, 151.0
54, 736.0, 165.0
55, 571.0, 169.0
56, 696.0, 171.0
57, 698.0, 177.0
58, 646.0, 179.0
59, 648.0, 187.0
60, 112.0, 194.0
61, 131.0, 194.0
62, 74.0, 195.0
63, 91.0, 196.0
64, 652.0, 197.0
65, 49.0, 202.0
66, 590.0, 204.0
67, 44.0, 207.0
68, 49.0, 207.0
69, 743.0, 208.0
70, 655.0, 210.0
71, 735.0, 210.0
72, 14.0, 211.0
73, 48.0, 212.0
74, 75.0, 215.0
75, 659.0, 215.0
76, 8.0, 218.0
77, 627.0, 220.0
78, 711.0, 220.0
79, 685.0, 229.0
80, 667.0, 234.0
81, 88.0, 235.0
82, 112.0, 236.0
83, 647.0, 242.0
84, 636.0, 246.0
85, 102.0, 248.0
86, 185.0, 249.0
87, 547.0, 250.0
88, 174.0, 251.0
89, 616.0, 253.0
90, 116.0, 254.0
91, 455.0, 255.0
92, 167.0, 257.0
93, 594.0, 259.0
94, 436.0, 261.0
95, 584.0, 261.0
96, 579.0, 264.0
97, 175.0, 266.0
98, 560.0, 269.0
99, 520.0, 272.0
100, 640.0, 272.0
101, 545.0, 273.0
102, 169.0, 274.0
103, 176.0, 275.0
104, 519.0, 277.0
105, 639.0, 277.0
106, 658.0, 279.0
107, 494.0, 282.0
108, 519.0, 282.0
109, 640.0, 283.0
110, 655.0, 284.0
111, 535.0, 286.0
112, 178.0, 287.0
113, 519.0, 287.0
114, 647.0, 288.0
115, 130.0, 289.0
116, 142.0, 291.0
117, 535.0, 298.0
118, 11.0, 300.0
119, 535.0, 304.0
120, 181.0, 305.0
121, 174.0, 307.0
122, 536.0, 309.0
123, 137.0, 312.0
124, 194.0, 314.0
125, 15.0, 315.0
126, 536.0, 316.0
127, 498.0, 322.0
128, 525.0, 324.0
129, 324.0, 325.0
130, 511.0, 326.0
131, 719.0, 328.0
132, 22.0, 330.0
133, 736.0, 332.0
134, 720.0, 333.0
135, 700.0, 334.0
136, 721.0, 338.0
137, 526.0, 344.0
138, 702.0, 346.0
139, 142.0, 350.0
140, 516.0, 352.0
141, 703.0, 352.0
142, 695.0, 353.0
143, 270.0, 354.0
144, 55.0, 356.0
145, 135.0, 356.0
146, 56.0, 361.0
147, 61.0, 362.0
148, 504.0, 364.0
149, 284.0, 365.0
150, 55.0, 366.0
151, 162.0, 369.0
152, 503.0, 369.0
153, 239.0, 370.0
154, 528.0, 370.0
155, 515.0, 371.0
156, 70.0, 374.0
157, 528.0, 375.0
158, 52.0, 377.0
159, 500.0, 379.0
160, 201.0, 380.0
161, 524.0, 380.0
162, 135.0, 381.0
163, 516.0, 382.0
164, 63.0, 383.0
165, 78.0, 383.0
166, 185.0, 384.0
167, 716.0, 388.0
168, 51.0, 391.0
169, 523.0, 391.0
170, 161.0, 393.0
171, 543.0, 393.0
172, 717.0, 393.0
173, 203.0, 394.0
174, 739.0, 395.0
175, 40.0, 396.0
176, 148.0, 397.0
177, 740.0, 400.0
178, 138.0, 401.0
179, 52.0, 403.0
180, 42.0, 404.0
181, 80.0, 404.0
182, 610.0, 407.0
183, 454.0, 408.0
184, 454.0, 413.0
185, 366.0, 416.0
186, 454.0, 418.0
187, 463.0, 418.0
188, 546.0, 419.0
189, 77.0, 420.0
190, 72.0, 424.0
191, 546.0, 424.0
192, 67.0, 426.0
193, 580.0, 426.0
194, 60.0, 427.0
195, 447.0, 427.0
196, 438.0, 428.0
197, 491.0, 430.0
198, 472.0, 431.0
199, 458.0, 435.0
200, 473.0, 436.0
201, 442.0, 437.0
202, 429.0, 438.0
203, 293.0, 439.0
204, 315.0, 440.0
205, 467.0, 442.0
206, 19.0, 443.0
207, 451.0, 443.0
208, 294.0, 444.0
209, 416.0, 445.0
210, 550.0, 448.0
211, 405.0, 449.0
212, 466.0, 449.0
213, 444.0, 450.0
214, 400.0, 452.0
215, 424.0, 452.0
216, 310.0, 455.0
217, 435.0, 456.0
218, 411.0, 458.0
219, 450.0, 460.0
220, 317.0, 466.0
221, 404.0, 467.0
222, 422.0, 467.0
223, 383.0, 468.0
