0, 612.0, 27.0
1, 483.0, 32.0
2, 611.0, 32.0
3, 357.0, 37.0
4, 54.0, 39.0
5, 609.0, 40.0
6, 481.0, 42.0
7, 608.0, 45.0
8, 74.0, 46.0
9, 12.0, 50.0
10, 607.0, 50.0
11, 356.0, 51.0
12, 479.0, 60.0
13, 355.0, 66.0
14, 478.0, 67.0
15, 21.0, 73.0
16, 62.0, 74.0
17, 83.0, 75.0
18, 477.0, 75.0
19, 73.0, 76.0
20, 353.0, 77.0
21, 476.0, 80.0
22, 235.0, 87.0
23, 240.0, 87.0
24, 245.0, 87.0
25, 475.0, 88.0
26, 18.0, 90.0
27, 256.0, 90.0
28, 286.0, 91.0
29, 301.0, 92.0
30, 348.0, 92.0
31, 270.0, 102.0
32, 473.0, 103.0
33, 473.0, 108.0
34, 354.0, 109.0
35, 592.0, 111.0
36, 472.0, 113.0
37, 18.0, 115.0
38, 417.0, 116.0
39, 591.0, 116.0
40, 552.0, 117.0
41, 472.0, 120.0
42, 352.0, 124.0
43, 352.0, 129.0
44, 471.0, 131.0
45, 352.0, 134.0
46, 18.0, 138.0
47, 351.0, 139.0
48, 585.0, 141.0
49, 352.0, 144.0
50, 468.0, 150.0
51, 18.0, 156.0
52, 352.0, 160.0
53, 422.0, 164.0
54, 431.0, 164.0
55, 436.0, 165.0
56, 443.0, 165.0
57, 449.0, 165.0
58, 454.0, 166.0
59, 459.0, 166.0
60, 466.0, 166.0
61, 479.0, 166.0
62, 19.0, 168.0
63, 579.0, 173.0
64, 351.0, 174.0
65, 421.0, 175.0
66, 426.0, 175.0
67, 431.0, 176.0
68, 438.0, 176.0
69, 443.0, 176.0
70, 450.0, 176.0
71, 455.0, 176.0
72, 462.0, 177.0
73, 470.0, 177.0
74, 479.0, 177.0
75, 578.0, 178.0
76, 352.0, 179.0
77, 17.0, 181.0
78, 577.0, 183.0
79, 351.0, 184.0
80, 421.0, 185.0
81, 430.0, 185.0
82, 438.0, 186.0
83, 446.0, 186.0
84, 454.0, 186.0
85, 462.0, 186.0
86, 469.0, 186.0
87, 479.0, 187.0
88, 17.0, 188.0
89, 351.0, 191.0
90, 501.0, 191.0
91, 421.0, 195.0
92, 430.0, 195.0
93, 446.0, 195.0
94, 438.0, 196.0
95, 454.0, 196.0
96, 462.0, 196.0
97, 469.0, 196.0
98, 478.0, 196.0
99, 352.0, 200.0
100, 574.0, 201.0
101, 17.0, 204.0
102, 351.0, 205.0
103, 420.0, 205.0
104, 430.0, 205.0
105, 438.0, 205.0
106, 446.0, 205.0
107, 454.0, 205.0
108, 462.0, 205.0
109, 469.0, 206.0
110, 478.0, 206.0
111, 573.0, 208.0
112, 17.0, 209.0
113, 572.0, 214.0
114, 420.0, 215.0
115, 425.0, 215.0
116, 430.0, 215.0
117, 438.0, 215.0
118, 443.0, 215.0
119, 449.0, 215.0
120, 457.0, 215.0
121, 464.0, 215.0
122, 469.0, 215.0
123, 477.0, 215.0
124, 18.0, 217.0
125, 351.0, 222.0
126, 420.0, 225.0
127, 429.0, 225.0
128, 438.0, 225.0
129, 446.0, 225.0
130, 453.0, 225.0
131, 460.0, 225.0
132, 468.0, 225.0
133, 477.0, 225.0
134, 17.0, 229.0
135, 568.0, 229.0
136, 420.0, 234.0
137, 429.0, 234.0
138, 437.0, 234.0
139, 444.0, 234.0
140, 453.0, 234.0
141, 460.0, 234.0
142, 567.0, 234.0
143, 468.0, 235.0
144, 476.0, 235.0
145, 582.0, 235.0
146, 557.0, 238.0
147, 721.0, 239.0
148, 17.0, 240.0
149, 351.0, 241.0
150, 371.0, 241.0
151, 404.0, 241.0
152, 409.0, 241.0
153, 17.0, 245.0
154, 419.0, 245.0
155, 429.0, 245.0
156, 437.0, 245.0
157, 444.0, 245.0
158, 452.0, 245.0
159, 460.0, 245.0
160, 467.0, 245.0
161, 476.0, 245.0
162, 706.0, 246.0
163, 25.0, 249.0
164, 18.0, 250.0
165, 30.0, 250.0
166, 696.0, 252.0
167, 374.0, 253.0
168, 401.0, 253.0
169, 382.0, 254.0
170, 406.0, 254.0
171, 433.0, 256.0
172, 207.0, 257.0
173, 348.0, 257.0
174, 494.0, 257.0
175, 371.0, 258.0
176, 322.0, 259.0
177, 395.0, 261.0
178, 447.0, 262.0
179, 403.0, 263.0
180, 452.0, 263.0
181, 186.0, 264.0
182, 221.0, 265.0
183, 411.0, 265.0
184, 304.0, 266.0
185, 377.0, 266.0
186, 211.0, 267.0
187, 320.0, 267.0
188, 284.0, 269.0
189, 510.0, 269.0
190, 521.0, 269.0
191, 120.0, 271.0
192, 215.0, 272.0
193, 389.0, 272.0
194, 471.0, 272.0
195, 443.0, 273.0
196, 501.0, 273.0
197, 204.0, 274.0
198, 362.0, 274.0
199, 397.0, 274.0
200, 191.0, 275.0
201, 384.0, 275.0
202, 181.0, 276.0
203, 308.0, 276.0
204, 451.0, 276.0
205, 89.0, 279.0
206, 379.0, 279.0
207, 323.0, 280.0
208, 385.0, 280.0
209, 411.0, 280.0
210, 642.0, 280.0
211, 340.0, 281.0
212, 199.0, 282.0
213, 394.0, 282.0
214, 445.0, 282.0
215, 354.0, 283.0
216, 223.0, 284.0
217, 367.0, 284.0
218, 216.0, 286.0
219, 455.0, 287.0
220, 288.0, 289.0
221, 402.0, 289.0
222, 387.0, 290.0
223, 439.0, 291.0
224, 476.0, 291.0
225, 536.0, 291.0
226, 204.0, 292.0
227, 214.0, 292.0
228, 492.0, 292.0
229, 234.0, 293.0
230, 458.0, 294.0
231, 420.0, 295.0
232, 446.0, 295.0
233, 667.0, 295.0
234, 371.0, 298.0
235, 504.0, 298.0
236, 217.0, 299.0
237, 226.0, 299.0
238, 359.0, 299.0
239, 491.0, 300.0
240, 239.0, 301.0
241, 344.0, 301.0
242, 435.0, 301.0
243, 423.0, 302.0
244, 402.0, 303.0
245, 469.0, 303.0
246, 496.0, 303.0
247, 670.0, 304.0
248, 363.0, 305.0
249, 376.0, 305.0
250, 385.0, 305.0
251, 483.0, 305.0
252, 231.0, 306.0
253, 343.0, 306.0
254, 217.0, 307.0
255, 329.0, 307.0
256, 510.0, 307.0
257, 312.0, 308.0
258, 409.0, 311.0
259, 447.0, 311.0
260, 456.0, 311.0
261, 238.0, 312.0
262, 328.0, 312.0
263, 464.0, 312.0
264, 526.0, 312.0
265, 435.0, 313.0
266, 490.0, 313.0
267, 570.0, 313.0
268, 313.0, 314.0
269, 711.0, 314.0
270, 224.0, 315.0
271, 254.0, 315.0
272, 342.0, 316.0
273, 379.0, 316.0
274, 474.0, 316.0
275, 328.0, 317.0
276, 364.0, 317.0
277, 519.0, 317.0
278, 562.0, 317.0
279, 501.0, 318.0
280, 537.0, 318.0
281, 78.0, 319.0
282, 281.0, 319.0
283, 233.0, 320.0
284, 353.0, 320.0
285, 242.0, 321.0
286, 543.0, 321.0
287, 314.0, 322.0
288, 486.0, 323.0
289, 253.0, 324.0
290, 372.0, 324.0
291, 402.0, 324.0
292, 617.0, 324.0
293, 439.0, 325.0
294, 528.0, 326.0
295, 341.0, 327.0
296, 411.0, 327.0
297, 496.0, 327.0
298, 556.0, 327.0
299, 366.0, 328.0
300, 252.0, 329.0
301, 357.0, 330.0
302, 242.0, 331.0
303, 393.0, 331.0
304, 451.0, 331.0
305, 31.0, 332.0
306, 260.0, 333.0
307, 267.0, 334.0
308, 540.0, 334.0
309, 412.0, 335.0
310, 461.0, 335.0
311, 431.0, 336.0
312, 248.0, 338.0
313, 281.0, 340.0
314, 298.0, 340.0
315, 398.0, 341.0
316, 469.0, 341.0
317, 288.0, 344.0
318, 524.0, 344.0
319, 420.0, 346.0
320, 493.0, 346.0
321, 336.0, 347.0
322, 410.0, 347.0
323, 480.0, 347.0
324, 384.0, 348.0
325, 435.0, 349.0
326, 279.0, 350.0
327, 514.0, 350.0
328, 317.0, 352.0
329, 468.0, 352.0
330, 252.0, 354.0
331, 346.0, 355.0
332, 444.0, 355.0
333, 273.0, 356.0
334, 295.0, 356.0
335, 399.0, 356.0
336, 502.0, 356.0
337, 282.0, 357.0
338, 452.0, 357.0
339, 20.0, 358.0
340, 129.0, 359.0
341, 386.0, 359.0
342, 257.0, 360.0
343, 379.0, 360.0
344, 237.0, 364.0
345, 12.0, 365.0
346, 282.0, 365.0
347, 435.0, 365.0
348, 288.0, 366.0
349, 412.0, 366.0
350, 463.0, 366.0
351, 269.0, 367.0
352, 395.0, 369.0
353, 27.0, 370.0
354, 347.0, 371.0
355, 374.0, 371.0
356, 299.0, 372.0
357, 309.0, 372.0
358, 304.0, 373.0
359, 360.0, 373.0
360, 317.0, 374.0
361, 108.0, 375.0
362, 287.0, 375.0
363, 89.0, 377.0
364, 14.0, 378.0
365, 420.0, 378.0
366, 320.0, 379.0
367, 397.0, 381.0
368, 298.0, 383.0
369, 360.0, 384.0
370, 340.0, 385.0
371, 123.0, 386.0
372, 445.0, 386.0
373, 290.0, 387.0
374, 508.0, 387.0
375, 302.0, 393.0
376, 380.0, 393.0
377, 324.0, 395.0
378, 425.0, 396.0
379, 291.0, 398.0
380, 364.0, 401.0
381, 272.0, 403.0
382, 407.0, 405.0
383, 312.0, 406.0
384, 349.0, 407.0
385, 329.0, 408.0
386, 384.0, 408.0
387, 334.0, 412.0
388, 370.0, 413.0
389, 386.0, 413.0
390, 323.0, 416.0
391, 360.0, 417.0
392, 347.0, 420.0
393, 313.0, 421.0
394, 500.0, 423.0
395, 367.0, 425.0
396, 351.0, 426.0
397, 301.0, 428.0
398, 323.0, 430.0
399, 343.0, 430.0
400, 335.0, 433.0
401, 316.0, 435.0
402, 327.0, 436.0
403, 346.0, 437.0
404, 272.0, 438.0
405, 304.0, 439.0
406, 334.0, 443.0
407, 327.0, 446.0
408, 274.0, 448.0
409, 238.0, 450.0
410, 300.0, 450.0
411, 238.0, 455.0
412, 344.0, 457.0
413, 465.0, 462.0
414, 139.0, 467.0
415, 654.0, 470.0
416, 282.0, 471.0
