0, 69.0, 8.0
1, 139.0, 8.0
2, 170.0, 8.0
3, 189.0, 8.0
4, 433.0, 8.0
5, 663.0, 8.0
6, 692.0, 8.0
7, 12.0, 9.0
8, 151.0, 9.0
9, 422.0, 9.0
10, 411.0, 10.0
11, 396.0, 13.0
12, 433.0, 13.0
13, 475.0, 13.0
14, 662.0, 13.0
15, 689.0, 16.0
16, 439.0, 18.0
17, 11.0, 19.0
18, 206.0, 19.0
19, 430.0, 21.0
20, 731.0, 23.0
21, 407.0, 27.0
22, 730.0, 28.0
23, 473.0, 30.0
24, 214.0, 31.0
25, 119.0, 32.0
26, 431.0, 32.0
27, 449.0, 32.0
28, 207.0, 33.0
29, 404.0, 33.0
30, 21.0, 35.0
31, 464.0, 35.0
32, 193.0, 36.0
33, 459.0, 38.0
34, 411.0, 39.0
35, 441.0, 39.0
36, 454.0, 39.0
37, 419.0, 42.0
38, 426.0, 42.0
39, 396.0, 43.0
40, 384.0, 44.0
41, 411.0, 44.0
42, 157.0, 46.0
43, 656.0, 50.0
44, 12.0, 51.0
45, 464.0, 51.0
46, 738.0, 51.0
47, 25.0, 53.0
48, 398.0, 53.0
49, 655.0, 55.0
50, 726.0, 56.0
51, 125.0, 57.0
52, 372.0, 59.0
53, 409.0, 63.0
54, 419.0, 63.0
55, 371.0, 64.0
56, 390.0, 66.0
57, 395.0, 66.0
58, 400.0, 66.0
59, 409.0, 70.0
60, 370.0, 71.0
61, 419.0, 71.0
62, 391.0, 75.0
63, 405.0, 75.0
64, 418.0, 76.0
65, 378.0, 77.0
66, 735.0, 78.0
67, 719.0, 84.0
68, 49.0, 86.0
69, 415.0, 86.0
70, 410.0, 87.0
71, 389.0, 88.0
72, 716.0, 89.0
73, 378.0, 91.0
74, 550.0, 92.0
75, 389.0, 93.0
76, 714.0, 96.0
77, 388.0, 98.0
78, 378.0, 103.0
79, 564.0, 103.0
80, 234.0, 104.0
81, 387.0, 105.0
82, 411.0, 105.0
83, 542.0, 107.0
84, 401.0, 109.0
85, 644.0, 111.0
86, 373.0, 112.0
87, 401.0, 114.0
88, 642.0, 116.0
89, 568.0, 117.0
90, 531.0, 118.0
91, 361.0, 119.0
92, 563.0, 119.0
93, 441.0, 120.0
94, 412.0, 121.0
95, 638.0, 122.0
96, 435.0, 124.0
97, 403.0, 125.0
98, 412.0, 126.0
99, 678.0, 127.0
100, 539.0, 128.0
101, 432.0, 129.0
102, 216.0, 130.0
103, 635.0, 131.0
104, 696.0, 132.0
105, 557.0, 133.0
106, 80.0, 134.0
107, 742.0, 135.0
108, 215.0, 136.0
109, 575.0, 136.0
110, 362.0, 137.0
111, 231.0, 138.0
112, 373.0, 138.0
113, 630.0, 138.0
114, 691.0, 138.0
115, 156.0, 139.0
116, 82.0, 140.0
117, 383.0, 140.0
118, 676.0, 140.0
119, 682.0, 140.0
120, 743.0, 140.0
121, 215.0, 141.0
122, 392.0, 143.0
123, 337.0, 145.0
124, 743.0, 145.0
125, 157.0, 146.0
126, 361.0, 147.0
127, 371.0, 147.0
128, 387.0, 148.0
129, 400.0, 151.0
130, 512.0, 153.0
131, 336.0, 154.0
132, 552.0, 154.0
133, 540.0, 155.0
134, 558.0, 155.0
135, 160.0, 156.0
136, 571.0, 158.0
137, 364.0, 160.0
138, 380.0, 163.0
139, 402.0, 165.0
140, 527.0, 165.0
141, 302.0, 166.0
142, 538.0, 168.0
143, 390.0, 169.0
144, 147.0, 170.0
145, 465.0, 171.0
146, 455.0, 172.0
147, 88.0, 173.0
148, 316.0, 174.0
149, 511.0, 175.0
150, 280.0, 176.0
151, 301.0, 177.0
152, 552.0, 177.0
153, 538.0, 179.0
154, 550.0, 182.0
155, 247.0, 183.0
156, 427.0, 183.0
157, 437.0, 183.0
158, 568.0, 183.0
159, 252.0, 184.0
160, 293.0, 184.0
161, 521.0, 184.0
162, 536.0, 184.0
163, 463.0, 186.0
164, 321.0, 188.0
165, 439.0, 188.0
166, 456.0, 188.0
167, 472.0, 189.0
168, 520.0, 191.0
169, 308.0, 192.0
170, 415.0, 192.0
171, 511.0, 192.0
172, 282.0, 193.0
173, 528.0, 193.0
174, 554.0, 193.0
175, 437.0, 196.0
176, 226.0, 197.0
177, 319.0, 198.0
178, 427.0, 198.0
179, 566.0, 198.0
180, 237.0, 200.0
181, 521.0, 200.0
182, 304.0, 201.0
183, 589.0, 204.0
184, 319.0, 206.0
185, 503.0, 207.0
186, 537.0, 207.0
187, 555.0, 207.0
188, 342.0, 208.0
189, 466.0, 209.0
190, 566.0, 210.0
191, 519.0, 211.0
192, 532.0, 213.0
193, 8.0, 214.0
194, 345.0, 215.0
195, 419.0, 215.0
196, 102.0, 216.0
197, 409.0, 216.0
198, 435.0, 216.0
199, 564.0, 216.0
200, 235.0, 217.0
201, 354.0, 217.0
202, 548.0, 217.0
203, 372.0, 218.0
204, 673.0, 218.0
205, 576.0, 220.0
206, 385.0, 225.0
207, 418.0, 226.0
208, 600.0, 227.0
209, 332.0, 231.0
210, 503.0, 231.0
211, 189.0, 232.0
212, 573.0, 232.0
213, 131.0, 234.0
214, 408.0, 234.0
215, 584.0, 237.0
216, 598.0, 237.0
217, 664.0, 239.0
218, 621.0, 240.0
219, 182.0, 241.0
220, 402.0, 242.0
221, 572.0, 243.0
222, 23.0, 244.0
223, 347.0, 244.0
224, 585.0, 246.0
225, 697.0, 246.0
226, 571.0, 248.0
227, 390.0, 250.0
228, 608.0, 250.0
229, 384.0, 254.0
230, 646.0, 254.0
231, 414.0, 257.0
232, 379.0, 258.0
233, 570.0, 258.0
234, 711.0, 258.0
235, 582.0, 259.0
236, 500.0, 261.0
237, 674.0, 261.0
238, 725.0, 261.0
239, 643.0, 263.0
240, 427.0, 266.0
241, 558.0, 267.0
242, 609.0, 267.0
243, 614.0, 268.0
244, 569.0, 271.0
245, 499.0, 272.0
246, 679.0, 272.0
247, 331.0, 273.0
248, 641.0, 274.0
249, 736.0, 275.0
250, 554.0, 278.0
251, 595.0, 279.0
252, 413.0, 281.0
253, 654.0, 281.0
254, 670.0, 281.0
255, 541.0, 283.0
256, 551.0, 284.0
257, 605.0, 285.0
258, 560.0, 286.0
259, 617.0, 286.0
260, 17.0, 287.0
261, 566.0, 287.0
262, 605.0, 290.0
263, 706.0, 293.0
264, 234.0, 294.0
265, 204.0, 295.0
266, 724.0, 299.0
267, 603.0, 301.0
268, 673.0, 303.0
269, 207.0, 311.0
270, 464.0, 312.0
271, 646.0, 314.0
272, 698.0, 320.0
273, 733.0, 321.0
274, 445.0, 323.0
275, 627.0, 326.0
276, 413.0, 327.0
277, 475.0, 328.0
278, 632.0, 329.0
279, 461.0, 330.0
280, 695.0, 330.0
281, 195.0, 331.0
282, 460.0, 335.0
283, 208.0, 338.0
284, 433.0, 338.0
285, 620.0, 341.0
286, 436.0, 343.0
287, 416.0, 344.0
288, 485.0, 345.0
289, 437.0, 348.0
290, 630.0, 348.0
291, 62.0, 351.0
292, 412.0, 353.0
293, 420.0, 357.0
294, 615.0, 360.0
295, 411.0, 361.0
296, 495.0, 365.0
297, 626.0, 368.0
298, 416.0, 370.0
299, 401.0, 374.0
300, 589.0, 377.0
301, 610.0, 377.0
302, 615.0, 380.0
303, 415.0, 384.0
304, 619.0, 385.0
305, 393.0, 387.0
306, 508.0, 387.0
307, 384.0, 389.0
308, 602.0, 399.0
309, 468.0, 400.0
310, 607.0, 402.0
311, 418.0, 403.0
312, 612.0, 403.0
313, 374.0, 404.0
314, 416.0, 408.0
315, 615.0, 408.0
316, 521.0, 412.0
317, 416.0, 413.0
318, 596.0, 422.0
319, 441.0, 424.0
320, 509.0, 425.0
321, 598.0, 427.0
322, 441.0, 429.0
323, 603.0, 430.0
324, 607.0, 435.0
325, 514.0, 436.0
326, 471.0, 437.0
327, 533.0, 439.0
328, 522.0, 440.0
329, 502.0, 441.0
330, 539.0, 442.0
331, 137.0, 445.0
332, 467.0, 446.0
333, 589.0, 447.0
334, 544.0, 448.0
335, 535.0, 449.0
336, 465.0, 451.0
337, 592.0, 454.0
338, 426.0, 457.0
339, 501.0, 459.0
340, 599.0, 461.0
341, 489.0, 463.0
342, 526.0, 463.0
343, 244.0, 464.0
344, 494.0, 465.0
345, 284.0, 470.0
346, 129.0, 471.0
347, 326.0, 471.0
