0, 743.0, 11.0
1, 426.0, 13.0
2, 435.0, 14.0
3, 681.0, 19.0
4, 558.0, 56.0
5, 426.0, 59.0
6, 557.0, 61.0
7, 672.0, 66.0
8, 149.0, 69.0
9, 671.0, 71.0
10, 554.0, 80.0
11, 667.0, 88.0
12, 190.0, 98.0
13, 436.0, 111.0
14, 418.0, 113.0
15, 662.0, 119.0
16, 657.0, 137.0
17, 542.0, 144.0
18, 541.0, 150.0
19, 421.0, 153.0
20, 156.0, 154.0
21, 167.0, 160.0
22, 540.0, 160.0
23, 418.0, 162.0
24, 307.0, 168.0
25, 539.0, 168.0
26, 432.0, 170.0
27, 170.0, 172.0
28, 321.0, 173.0
29, 369.0, 173.0
30, 15.0, 176.0
31, 334.0, 176.0
32, 159.0, 177.0
33, 238.0, 178.0
34, 537.0, 178.0
35, 430.0, 183.0
36, 196.0, 189.0
37, 536.0, 189.0
38, 238.0, 190.0
39, 250.0, 190.0
40, 305.0, 190.0
41, 321.0, 190.0
42, 329.0, 190.0
43, 414.0, 190.0
44, 419.0, 190.0
45, 172.0, 191.0
46, 335.0, 191.0
47, 368.0, 191.0
48, 159.0, 192.0
49, 182.0, 192.0
50, 20.0, 193.0
51, 139.0, 193.0
52, 535.0, 194.0
53, 642.0, 195.0
54, 22.0, 199.0
55, 534.0, 200.0
56, 136.0, 203.0
57, 533.0, 208.0
58, 532.0, 213.0
59, 25.0, 217.0
60, 532.0, 218.0
61, 637.0, 219.0
62, 136.0, 221.0
63, 26.0, 222.0
64, 431.0, 222.0
65, 136.0, 226.0
66, 531.0, 226.0
67, 137.0, 231.0
68, 531.0, 231.0
69, 175.0, 232.0
70, 432.0, 233.0
71, 29.0, 234.0
72, 30.0, 239.0
73, 136.0, 239.0
74, 136.0, 246.0
75, 542.0, 246.0
76, 490.0, 247.0
77, 505.0, 247.0
78, 519.0, 247.0
79, 524.0, 247.0
80, 529.0, 247.0
81, 534.0, 247.0
82, 500.0, 248.0
83, 510.0, 248.0
84, 631.0, 248.0
85, 137.0, 251.0
86, 432.0, 252.0
87, 137.0, 256.0
88, 542.0, 256.0
89, 505.0, 257.0
90, 510.0, 257.0
91, 515.0, 257.0
92, 524.0, 257.0
93, 533.0, 257.0
94, 490.0, 258.0
95, 498.0, 258.0
96, 136.0, 261.0
97, 533.0, 265.0
98, 541.0, 265.0
99, 136.0, 266.0
100, 431.0, 266.0
101, 506.0, 266.0
102, 512.0, 266.0
103, 517.0, 266.0
104, 524.0, 266.0
105, 490.0, 267.0
106, 498.0, 267.0
107, 25.0, 268.0
108, 136.0, 271.0
109, 527.0, 274.0
110, 533.0, 274.0
111, 541.0, 274.0
112, 506.0, 275.0
113, 512.0, 275.0
114, 520.0, 275.0
115, 490.0, 276.0
116, 498.0, 276.0
117, 136.0, 278.0
118, 533.0, 283.0
119, 541.0, 283.0
120, 135.0, 284.0
121, 507.0, 284.0
122, 512.0, 284.0
123, 519.0, 284.0
124, 524.0, 284.0
125, 490.0, 285.0
126, 497.0, 285.0
127, 502.0, 285.0
128, 136.0, 289.0
129, 527.0, 292.0
130, 533.0, 292.0
131, 541.0, 292.0
132, 506.0, 293.0
133, 512.0, 293.0
134, 520.0, 293.0
135, 490.0, 294.0
136, 498.0, 294.0
137, 135.0, 295.0
138, 533.0, 300.0
139, 541.0, 300.0
140, 621.0, 300.0
141, 524.0, 301.0
142, 498.0, 302.0
143, 507.0, 302.0
144, 516.0, 302.0
145, 489.0, 303.0
146, 498.0, 307.0
147, 533.0, 309.0
148, 541.0, 309.0
149, 136.0, 310.0
150, 519.0, 310.0
151, 524.0, 310.0
152, 503.0, 311.0
153, 511.0, 311.0
154, 490.0, 312.0
155, 498.0, 312.0
156, 136.0, 315.0
157, 475.0, 318.0
158, 529.0, 319.0
159, 540.0, 319.0
160, 136.0, 320.0
161, 520.0, 320.0
162, 434.0, 321.0
163, 497.0, 321.0
164, 502.0, 321.0
165, 507.0, 321.0
166, 512.0, 321.0
167, 490.0, 322.0
168, 136.0, 325.0
169, 107.0, 329.0
170, 135.0, 330.0
171, 54.0, 332.0
172, 476.0, 333.0
173, 482.0, 334.0
174, 506.0, 335.0
175, 135.0, 336.0
176, 452.0, 336.0
177, 461.0, 336.0
178, 432.0, 342.0
179, 522.0, 342.0
180, 136.0, 344.0
181, 474.0, 344.0
182, 527.0, 344.0
183, 409.0, 346.0
184, 593.0, 346.0
185, 305.0, 347.0
186, 483.0, 347.0
187, 488.0, 348.0
188, 137.0, 351.0
189, 459.0, 351.0
190, 306.0, 352.0
191, 547.0, 353.0
192, 575.0, 353.0
193, 474.0, 355.0
194, 499.0, 355.0
195, 410.0, 356.0
196, 523.0, 356.0
197, 396.0, 357.0
198, 401.0, 358.0
199, 320.0, 359.0
200, 530.0, 359.0
201, 311.0, 361.0
202, 469.0, 361.0
203, 475.0, 361.0
204, 482.0, 361.0
205, 290.0, 362.0
206, 450.0, 363.0
207, 496.0, 366.0
208, 527.0, 367.0
209, 320.0, 370.0
210, 404.0, 370.0
211, 459.0, 370.0
212, 474.0, 370.0
213, 309.0, 371.0
214, 483.0, 371.0
215, 741.0, 371.0
216, 448.0, 372.0
217, 514.0, 373.0
218, 299.0, 374.0
219, 289.0, 375.0
220, 459.0, 375.0
221, 429.0, 376.0
222, 538.0, 376.0
223, 526.0, 378.0
224, 492.0, 379.0
225, 560.0, 379.0
226, 576.0, 379.0
227, 718.0, 379.0
228, 319.0, 380.0
229, 332.0, 381.0
230, 480.0, 381.0
231, 308.0, 382.0
232, 535.0, 383.0
233, 545.0, 383.0
234, 391.0, 385.0
235, 510.0, 385.0
236, 327.0, 386.0
237, 577.0, 388.0
238, 734.0, 389.0
239, 468.0, 390.0
240, 526.0, 392.0
241, 583.0, 392.0
242, 458.0, 393.0
243, 570.0, 393.0
244, 319.0, 394.0
245, 346.0, 394.0
246, 517.0, 394.0
247, 329.0, 395.0
248, 499.0, 397.0
249, 597.0, 397.0
250, 442.0, 398.0
251, 484.0, 400.0
252, 478.0, 401.0
253, 466.0, 402.0
254, 655.0, 402.0
255, 332.0, 403.0
256, 354.0, 403.0
257, 615.0, 403.0
258, 593.0, 404.0
259, 448.0, 405.0
260, 583.0, 405.0
261, 435.0, 406.0
262, 341.0, 407.0
263, 508.0, 407.0
264, 349.0, 410.0
265, 449.0, 410.0
266, 628.0, 410.0
267, 336.0, 411.0
268, 594.0, 411.0
269, 483.0, 412.0
270, 618.0, 413.0
271, 437.0, 416.0
272, 451.0, 416.0
273, 471.0, 416.0
274, 640.0, 416.0
275, 357.0, 417.0
276, 581.0, 417.0
277, 372.0, 418.0
278, 621.0, 418.0
279, 651.0, 420.0
280, 459.0, 421.0
281, 348.0, 422.0
282, 593.0, 422.0
283, 376.0, 423.0
284, 442.0, 423.0
285, 661.0, 424.0
286, 666.0, 424.0
287, 633.0, 425.0
288, 644.0, 425.0
289, 656.0, 425.0
290, 357.0, 427.0
291, 365.0, 427.0
292, 479.0, 428.0
293, 551.0, 428.0
294, 680.0, 428.0
295, 451.0, 429.0
296, 649.0, 430.0
297, 685.0, 430.0
298, 501.0, 431.0
299, 672.0, 431.0
300, 460.0, 432.0
301, 470.0, 432.0
302, 564.0, 433.0
303, 663.0, 434.0
304, 13.0, 436.0
305, 378.0, 436.0
306, 668.0, 439.0
307, 386.0, 440.0
308, 417.0, 440.0
309, 370.0, 441.0
310, 394.0, 443.0
311, 710.0, 443.0
312, 511.0, 444.0
313, 424.0, 446.0
314, 728.0, 447.0
315, 378.0, 448.0
316, 407.0, 448.0
317, 717.0, 448.0
318, 693.0, 450.0
319, 741.0, 452.0
320, 415.0, 455.0
321, 732.0, 458.0
322, 718.0, 462.0
323, 472.0, 463.0
324, 389.0, 465.0
325, 740.0, 466.0
326, 428.0, 467.0
327, 407.0, 468.0
328, 504.0, 468.0
329, 418.0, 470.0
330, 553.0, 471.0
