0, 545.0, 8.0
1, 544.0, 13.0
2, 543.0, 20.0
3, 652.0, 43.0
4, 661.0, 46.0
5, 539.0, 55.0
6, 432.0, 58.0
7, 47.0, 60.0
8, 538.0, 60.0
9, 324.0, 61.0
10, 48.0, 65.0
11, 537.0, 66.0
12, 324.0, 67.0
13, 557.0, 67.0
14, 51.0, 78.0
15, 430.0, 78.0
16, 52.0, 83.0
17, 430.0, 83.0
18, 66.0, 85.0
19, 430.0, 88.0
20, 23.0, 93.0
21, 56.0, 95.0
22, 429.0, 96.0
23, 73.0, 97.0
24, 429.0, 101.0
25, 143.0, 102.0
26, 216.0, 104.0
27, 221.0, 104.0
28, 226.0, 105.0
29, 231.0, 106.0
30, 236.0, 107.0
31, 263.0, 107.0
32, 320.0, 107.0
33, 22.0, 110.0
34, 427.0, 112.0
35, 529.0, 113.0
36, 428.0, 117.0
37, 323.0, 122.0
38, 527.0, 124.0
39, 379.0, 126.0
40, 427.0, 130.0
41, 22.0, 131.0
42, 22.0, 136.0
43, 427.0, 136.0
44, 526.0, 138.0
45, 22.0, 141.0
46, 426.0, 151.0
47, 629.0, 151.0
48, 324.0, 152.0
49, 634.0, 153.0
50, 22.0, 154.0
51, 624.0, 154.0
52, 640.0, 154.0
53, 322.0, 162.0
54, 630.0, 167.0
55, 743.0, 170.0
56, 305.0, 173.0
57, 323.0, 173.0
58, 104.0, 178.0
59, 88.0, 180.0
60, 22.0, 181.0
61, 327.0, 184.0
62, 305.0, 185.0
63, 316.0, 185.0
64, 392.0, 185.0
65, 101.0, 203.0
66, 304.0, 206.0
67, 291.0, 207.0
68, 169.0, 211.0
69, 263.0, 213.0
70, 604.0, 213.0
71, 140.0, 215.0
72, 244.0, 219.0
73, 169.0, 222.0
74, 416.0, 222.0
75, 156.0, 224.0
76, 271.0, 224.0
77, 234.0, 227.0
78, 268.0, 229.0
79, 261.0, 233.0
80, 244.0, 235.0
81, 207.0, 236.0
82, 231.0, 238.0
83, 69.0, 240.0
84, 212.0, 240.0
85, 346.0, 251.0
86, 539.0, 252.0
87, 181.0, 253.0
88, 152.0, 262.0
89, 337.0, 273.0
90, 151.0, 274.0
91, 318.0, 280.0
92, 526.0, 280.0
93, 131.0, 282.0
94, 625.0, 318.0
95, 526.0, 335.0
96, 240.0, 337.0
97, 298.0, 337.0
98, 379.0, 364.0
99, 263.0, 372.0
100, 575.0, 373.0
101, 273.0, 385.0
102, 254.0, 392.0
103, 400.0, 409.0
104, 37.0, 429.0
105, 281.0, 444.0
106, 644.0, 445.0
