0, 718.0, 18.0
1, 742.0, 18.0
2, 231.0, 19.0
3, 717.0, 23.0
4, 512.0, 27.0
5, 445.0, 28.0
6, 439.0, 31.0
7, 518.0, 31.0
8, 439.0, 36.0
9, 517.0, 36.0
10, 495.0, 37.0
11, 592.0, 40.0
12, 440.0, 41.0
13, 516.0, 44.0
14, 497.0, 45.0
15, 511.0, 45.0
16, 27.0, 59.0
17, 236.0, 83.0
18, 441.0, 87.0
19, 478.0, 88.0
20, 512.0, 88.0
21, 39.0, 90.0
22, 739.0, 90.0
23, 599.0, 91.0
24, 610.0, 92.0
25, 517.0, 93.0
26, 436.0, 95.0
27, 476.0, 96.0
28, 519.0, 98.0
29, 437.0, 100.0
30, 595.0, 102.0
31, 237.0, 103.0
32, 247.0, 103.0
33, 442.0, 103.0
34, 474.0, 103.0
35, 583.0, 103.0
36, 481.0, 104.0
37, 516.0, 104.0
38, 611.0, 104.0
39, 511.0, 105.0
40, 643.0, 105.0
41, 616.0, 106.0
42, 630.0, 107.0
43, 709.0, 108.0
44, 738.0, 108.0
45, 32.0, 111.0
46, 249.0, 111.0
47, 239.0, 112.0
48, 479.0, 113.0
49, 8.0, 114.0
50, 468.0, 114.0
51, 13.0, 115.0
52, 45.0, 116.0
53, 628.0, 118.0
54, 240.0, 123.0
55, 586.0, 123.0
56, 606.0, 123.0
57, 638.0, 123.0
58, 215.0, 124.0
59, 250.0, 124.0
60, 18.0, 125.0
61, 133.0, 126.0
62, 467.0, 127.0
63, 625.0, 128.0
64, 164.0, 130.0
65, 215.0, 130.0
66, 479.0, 130.0
67, 196.0, 131.0
68, 228.0, 133.0
69, 239.0, 134.0
70, 251.0, 135.0
71, 216.0, 136.0
72, 636.0, 136.0
73, 622.0, 139.0
74, 26.0, 140.0
75, 231.0, 141.0
76, 684.0, 141.0
77, 679.0, 145.0
78, 232.0, 146.0
79, 51.0, 147.0
80, 242.0, 149.0
81, 738.0, 149.0
82, 439.0, 150.0
83, 677.0, 150.0
84, 462.0, 151.0
85, 217.0, 152.0
86, 269.0, 157.0
87, 515.0, 157.0
88, 613.0, 157.0
89, 428.0, 158.0
90, 433.0, 158.0
91, 467.0, 159.0
92, 472.0, 160.0
93, 252.0, 162.0
94, 514.0, 162.0
95, 47.0, 163.0
96, 165.0, 163.0
97, 175.0, 164.0
98, 261.0, 164.0
99, 460.0, 165.0
100, 56.0, 166.0
101, 475.0, 166.0
102, 195.0, 167.0
103, 513.0, 168.0
104, 55.0, 172.0
105, 255.0, 172.0
106, 23.0, 176.0
107, 676.0, 176.0
108, 56.0, 177.0
109, 459.0, 179.0
110, 467.0, 179.0
111, 505.0, 179.0
112, 253.0, 180.0
113, 684.0, 181.0
114, 263.0, 182.0
115, 467.0, 184.0
116, 673.0, 186.0
117, 682.0, 186.0
118, 475.0, 191.0
119, 608.0, 191.0
120, 250.0, 196.0
121, 712.0, 197.0
122, 42.0, 198.0
123, 22.0, 201.0
124, 215.0, 204.0
125, 437.0, 204.0
126, 456.0, 204.0
127, 100.0, 206.0
128, 129.0, 209.0
129, 136.0, 209.0
130, 144.0, 209.0
131, 59.0, 210.0
132, 149.0, 210.0
133, 708.0, 211.0
134, 175.0, 212.0
135, 181.0, 212.0
136, 186.0, 212.0
137, 191.0, 213.0
138, 459.0, 213.0
139, 204.0, 215.0
140, 211.0, 215.0
141, 464.0, 215.0
142, 470.0, 215.0
143, 219.0, 216.0
144, 249.0, 217.0
145, 434.0, 217.0
146, 44.0, 218.0
147, 254.0, 218.0
148, 261.0, 219.0
149, 275.0, 220.0
150, 464.0, 220.0
151, 297.0, 223.0
152, 503.0, 223.0
153, 703.0, 223.0
154, 513.0, 224.0
155, 586.0, 224.0
156, 599.0, 224.0
157, 14.0, 225.0
158, 430.0, 225.0
159, 581.0, 226.0
160, 594.0, 226.0
161, 509.0, 230.0
162, 512.0, 236.0
163, 33.0, 238.0
164, 314.0, 238.0
165, 54.0, 244.0
166, 532.0, 245.0
167, 502.0, 246.0
168, 515.0, 246.0
169, 559.0, 246.0
170, 520.0, 247.0
171, 586.0, 248.0
172, 424.0, 249.0
173, 591.0, 249.0
174, 596.0, 249.0
175, 603.0, 250.0
176, 608.0, 251.0
177, 613.0, 251.0
178, 37.0, 253.0
179, 52.0, 254.0
180, 653.0, 254.0
181, 70.0, 256.0
182, 670.0, 256.0
183, 675.0, 256.0
184, 680.0, 256.0
185, 688.0, 257.0
186, 91.0, 259.0
187, 291.0, 259.0
188, 712.0, 260.0
189, 720.0, 260.0
190, 728.0, 260.0
191, 733.0, 260.0
192, 738.0, 261.0
193, 423.0, 265.0
194, 74.0, 273.0
195, 90.0, 275.0
196, 421.0, 278.0
197, 296.0, 285.0
198, 323.0, 287.0
199, 318.0, 288.0
200, 328.0, 289.0
201, 418.0, 291.0
202, 430.0, 291.0
203, 424.0, 295.0
204, 296.0, 296.0
205, 419.0, 296.0
206, 302.0, 297.0
207, 492.0, 297.0
208, 410.0, 298.0
209, 502.0, 299.0
210, 428.0, 300.0
211, 320.0, 301.0
212, 507.0, 303.0
213, 523.0, 303.0
214, 50.0, 304.0
215, 296.0, 306.0
216, 502.0, 307.0
217, 494.0, 308.0
218, 507.0, 308.0
219, 512.0, 308.0
220, 93.0, 309.0
221, 324.0, 310.0
222, 90.0, 314.0
223, 529.0, 316.0
224, 295.0, 319.0
225, 95.0, 320.0
226, 485.0, 320.0
227, 405.0, 321.0
228, 414.0, 322.0
229, 493.0, 322.0
230, 426.0, 324.0
231, 109.0, 331.0
232, 314.0, 332.0
233, 330.0, 333.0
234, 341.0, 333.0
235, 490.0, 333.0
236, 94.0, 334.0
237, 402.0, 334.0
238, 418.0, 336.0
239, 295.0, 337.0
240, 423.0, 337.0
241, 428.0, 338.0
242, 435.0, 338.0
243, 10.0, 340.0
244, 385.0, 340.0
245, 312.0, 342.0
246, 394.0, 342.0
247, 401.0, 344.0
248, 407.0, 344.0
249, 254.0, 345.0
250, 339.0, 345.0
251, 412.0, 346.0
252, 489.0, 348.0
253, 357.0, 349.0
254, 288.0, 350.0
255, 352.0, 350.0
256, 365.0, 350.0
257, 381.0, 350.0
258, 445.0, 350.0
259, 11.0, 351.0
260, 391.0, 352.0
261, 397.0, 352.0
262, 417.0, 354.0
263, 422.0, 354.0
264, 323.0, 355.0
265, 488.0, 357.0
266, 338.0, 358.0
267, 289.0, 359.0
268, 426.0, 359.0
269, 443.0, 359.0
270, 333.0, 360.0
271, 294.0, 362.0
272, 311.0, 362.0
273, 457.0, 362.0
274, 415.0, 367.0
275, 393.0, 370.0
276, 398.0, 370.0
277, 421.0, 373.0
278, 486.0, 378.0
279, 499.0, 380.0
280, 530.0, 384.0
281, 503.0, 387.0
282, 505.0, 392.0
283, 541.0, 399.0
284, 417.0, 403.0
285, 418.0, 408.0
286, 332.0, 419.0
287, 392.0, 443.0
288, 373.0, 446.0
289, 415.0, 447.0
290, 415.0, 452.0
291, 415.0, 458.0
292, 503.0, 467.0
293, 553.0, 471.0
