0, 500.0, 8.0
1, 500.0, 13.0
2, 499.0, 18.0
3, 498.0, 23.0
4, 618.0, 34.0
5, 617.0, 39.0
6, 495.0, 40.0
7, 616.0, 44.0
8, 68.0, 49.0
9, 614.0, 50.0
10, 613.0, 57.0
11, 96.0, 60.0
12, 71.0, 74.0
13, 489.0, 74.0
14, 487.0, 83.0
15, 486.0, 89.0
16, 606.0, 90.0
17, 370.0, 91.0
18, 605.0, 95.0
19, 369.0, 98.0
20, 603.0, 104.0
21, 602.0, 109.0
22, 483.0, 112.0
23, 49.0, 113.0
24, 89.0, 115.0
25, 98.0, 117.0
26, 108.0, 117.0
27, 482.0, 118.0
28, 160.0, 124.0
29, 365.0, 125.0
30, 480.0, 125.0
31, 46.0, 126.0
32, 480.0, 130.0
33, 253.0, 132.0
34, 90.0, 133.0
35, 261.0, 133.0
36, 479.0, 136.0
37, 300.0, 138.0
38, 336.0, 141.0
39, 359.0, 141.0
40, 478.0, 141.0
41, 285.0, 148.0
42, 45.0, 150.0
43, 476.0, 152.0
44, 364.0, 155.0
45, 476.0, 157.0
46, 89.0, 158.0
47, 588.0, 159.0
48, 475.0, 162.0
49, 423.0, 163.0
50, 587.0, 166.0
51, 474.0, 170.0
52, 43.0, 171.0
53, 586.0, 171.0
54, 362.0, 175.0
55, 473.0, 179.0
56, 361.0, 183.0
57, 361.0, 188.0
58, 42.0, 190.0
59, 580.0, 193.0
60, 42.0, 195.0
61, 471.0, 197.0
62, 325.0, 201.0
63, 43.0, 203.0
64, 361.0, 204.0
65, 426.0, 209.0
66, 435.0, 210.0
67, 442.0, 210.0
68, 447.0, 211.0
69, 454.0, 211.0
70, 462.0, 212.0
71, 470.0, 212.0
72, 481.0, 213.0
73, 41.0, 214.0
74, 425.0, 220.0
75, 575.0, 220.0
76, 433.0, 221.0
77, 438.0, 221.0
78, 446.0, 221.0
79, 454.0, 221.0
80, 360.0, 222.0
81, 459.0, 222.0
82, 464.0, 222.0
83, 41.0, 223.0
84, 472.0, 223.0
85, 480.0, 223.0
86, 574.0, 225.0
87, 480.0, 228.0
88, 425.0, 230.0
89, 434.0, 230.0
90, 441.0, 230.0
91, 446.0, 230.0
92, 573.0, 230.0
93, 359.0, 231.0
94, 451.0, 231.0
95, 460.0, 231.0
96, 468.0, 232.0
97, 479.0, 233.0
98, 39.0, 235.0
99, 359.0, 236.0
100, 424.0, 239.0
101, 433.0, 239.0
102, 440.0, 240.0
103, 445.0, 240.0
104, 452.0, 240.0
105, 359.0, 241.0
106, 460.0, 241.0
107, 467.0, 241.0
108, 479.0, 242.0
109, 358.0, 248.0
110, 423.0, 248.0
111, 432.0, 248.0
112, 437.0, 248.0
113, 570.0, 248.0
114, 444.0, 249.0
115, 452.0, 249.0
116, 459.0, 250.0
117, 465.0, 250.0
118, 470.0, 250.0
119, 478.0, 251.0
120, 358.0, 257.0
121, 423.0, 257.0
122, 387.0, 258.0
123, 432.0, 258.0
124, 439.0, 258.0
125, 444.0, 258.0
126, 16.0, 259.0
127, 38.0, 259.0
128, 451.0, 259.0
129, 458.0, 259.0
130, 463.0, 259.0
131, 469.0, 259.0
132, 478.0, 260.0
133, 357.0, 262.0
134, 423.0, 266.0
135, 432.0, 267.0
136, 443.0, 267.0
137, 449.0, 268.0
138, 454.0, 268.0
139, 462.0, 268.0
140, 469.0, 268.0
141, 477.0, 268.0
142, 499.0, 268.0
143, 36.0, 271.0
144, 423.0, 271.0
145, 423.0, 276.0
146, 431.0, 276.0
147, 436.0, 276.0
148, 441.0, 277.0
149, 446.0, 277.0
150, 454.0, 277.0
151, 462.0, 277.0
152, 36.0, 278.0
153, 468.0, 278.0
154, 477.0, 278.0
155, 564.0, 278.0
156, 41.0, 280.0
157, 357.0, 280.0
158, 375.0, 280.0
159, 47.0, 281.0
160, 409.0, 282.0
161, 552.0, 282.0
162, 36.0, 283.0
163, 95.0, 283.0
164, 422.0, 286.0
165, 436.0, 286.0
166, 431.0, 287.0
167, 441.0, 287.0
168, 449.0, 287.0
169, 464.0, 287.0
170, 456.0, 288.0
171, 475.0, 288.0
172, 220.0, 292.0
173, 404.0, 294.0
174, 378.0, 295.0
175, 387.0, 295.0
176, 409.0, 295.0
177, 354.0, 297.0
178, 329.0, 299.0
179, 435.0, 299.0
180, 200.0, 301.0
181, 378.0, 301.0
182, 233.0, 302.0
183, 223.0, 303.0
184, 399.0, 303.0
185, 312.0, 306.0
186, 407.0, 306.0
187, 452.0, 306.0
188, 328.0, 307.0
189, 382.0, 308.0
190, 415.0, 308.0
191, 293.0, 309.0
192, 217.0, 311.0
193, 228.0, 311.0
194, 205.0, 312.0
195, 107.0, 313.0
196, 195.0, 314.0
197, 394.0, 314.0
198, 519.0, 314.0
199, 511.0, 315.0
200, 316.0, 317.0
201, 401.0, 317.0
202, 445.0, 317.0
203, 471.0, 317.0
204, 363.0, 319.0
205, 499.0, 319.0
206, 212.0, 320.0
207, 452.0, 320.0
208, 223.0, 321.0
209, 237.0, 321.0
210, 331.0, 322.0
211, 346.0, 323.0
212, 232.0, 324.0
213, 390.0, 324.0
214, 414.0, 324.0
215, 361.0, 325.0
216, 400.0, 325.0
217, 373.0, 326.0
218, 391.0, 329.0
219, 298.0, 330.0
220, 218.0, 331.0
221, 227.0, 332.0
222, 247.0, 333.0
223, 455.0, 333.0
224, 392.0, 334.0
225, 406.0, 334.0
226, 421.0, 334.0
227, 334.0, 335.0
228, 230.0, 339.0
229, 236.0, 339.0
230, 477.0, 339.0
231, 492.0, 339.0
232, 449.0, 340.0
233, 460.0, 340.0
234, 423.0, 341.0
235, 253.0, 342.0
236, 377.0, 342.0
237, 388.0, 342.0
238, 677.0, 342.0
239, 367.0, 344.0
240, 351.0, 345.0
241, 503.0, 345.0
242, 687.0, 345.0
243, 244.0, 347.0
244, 437.0, 347.0
245, 230.0, 348.0
246, 426.0, 348.0
247, 491.0, 348.0
248, 340.0, 349.0
249, 406.0, 349.0
250, 666.0, 349.0
251, 352.0, 350.0
252, 382.0, 350.0
253, 391.0, 350.0
254, 321.0, 351.0
255, 370.0, 351.0
256, 471.0, 351.0
257, 251.0, 353.0
258, 483.0, 353.0
259, 639.0, 353.0
260, 336.0, 356.0
261, 509.0, 356.0
262, 682.0, 356.0
263, 102.0, 357.0
264, 239.0, 357.0
265, 267.0, 357.0
266, 413.0, 358.0
267, 350.0, 361.0
268, 438.0, 361.0
269, 247.0, 362.0
270, 266.0, 362.0
271, 338.0, 362.0
272, 384.0, 362.0
273, 490.0, 362.0
274, 524.0, 362.0
275, 653.0, 362.0
276, 256.0, 363.0
277, 371.0, 363.0
278, 680.0, 363.0
279, 474.0, 364.0
280, 564.0, 365.0
281, 323.0, 366.0
282, 359.0, 366.0
283, 438.0, 366.0
284, 637.0, 366.0
285, 266.0, 367.0
286, 500.0, 367.0
287, 58.0, 368.0
288, 534.0, 368.0
289, 558.0, 368.0
290, 266.0, 372.0
291, 377.0, 372.0
292, 407.0, 372.0
293, 486.0, 372.0
294, 347.0, 373.0
295, 429.0, 374.0
296, 738.0, 374.0
297, 256.0, 375.0
298, 544.0, 375.0
299, 549.0, 375.0
300, 273.0, 376.0
301, 365.0, 376.0
302, 496.0, 377.0
303, 590.0, 377.0
304, 697.0, 377.0
305, 279.0, 378.0
306, 399.0, 378.0
307, 525.0, 378.0
308, 556.0, 379.0
309, 416.0, 380.0
310, 207.0, 381.0
311, 259.0, 382.0
312, 535.0, 383.0
313, 462.0, 384.0
314, 560.0, 384.0
315, 571.0, 384.0
316, 643.0, 384.0
317, 293.0, 385.0
318, 547.0, 385.0
319, 582.0, 387.0
320, 565.0, 388.0
321, 404.0, 389.0
322, 587.0, 390.0
323, 488.0, 391.0
324, 575.0, 391.0
325, 21.0, 392.0
326, 479.0, 392.0
327, 630.0, 392.0
328, 156.0, 393.0
329, 564.0, 393.0
330, 471.0, 394.0
331, 292.0, 395.0
332, 424.0, 395.0
333, 12.0, 396.0
334, 390.0, 396.0
335, 492.0, 396.0
336, 46.0, 397.0
337, 644.0, 397.0
338, 372.0, 398.0
339, 137.0, 399.0
340, 328.0, 399.0
341, 439.0, 399.0
342, 150.0, 400.0
343, 267.0, 400.0
344, 286.0, 401.0
345, 599.0, 401.0
346, 307.0, 402.0
347, 356.0, 402.0
348, 645.0, 402.0
349, 470.0, 403.0
350, 578.0, 403.0
351, 295.0, 404.0
352, 610.0, 404.0
353, 654.0, 404.0
354, 38.0, 405.0
355, 272.0, 405.0
356, 405.0, 405.0
357, 462.0, 407.0
358, 590.0, 408.0
359, 386.0, 409.0
360, 393.0, 409.0
361, 54.0, 410.0
362, 251.0, 410.0
363, 618.0, 410.0
364, 630.0, 410.0
365, 476.0, 411.0
366, 295.0, 412.0
367, 607.0, 412.0
368, 283.0, 413.0
369, 301.0, 413.0
370, 26.0, 414.0
371, 523.0, 414.0
372, 597.0, 414.0
373, 682.0, 415.0
374, 408.0, 416.0
375, 418.0, 416.0
376, 439.0, 416.0
377, 465.0, 416.0
378, 538.0, 416.0
379, 617.0, 416.0
380, 132.0, 417.0
381, 644.0, 417.0
382, 402.0, 418.0
383, 41.0, 419.0
384, 114.0, 419.0
385, 626.0, 419.0
386, 315.0, 420.0
387, 357.0, 420.0
388, 382.0, 420.0
389, 633.0, 421.0
390, 300.0, 422.0
391, 369.0, 422.0
392, 615.0, 422.0
393, 11.0, 423.0
394, 116.0, 424.0
395, 581.0, 424.0
396, 639.0, 426.0
397, 332.0, 427.0
398, 651.0, 428.0
399, 425.0, 429.0
400, 404.0, 430.0
401, 662.0, 430.0
402, 706.0, 430.0
403, 311.0, 431.0
404, 613.0, 432.0
405, 368.0, 433.0
406, 474.0, 433.0
407, 655.0, 433.0
408, 351.0, 434.0
409, 356.0, 434.0
410, 303.0, 435.0
411, 681.0, 437.0
412, 449.0, 439.0
413, 698.0, 440.0
414, 315.0, 441.0
415, 478.0, 442.0
416, 285.0, 443.0
417, 336.0, 443.0
418, 388.0, 443.0
419, 495.0, 446.0
420, 305.0, 447.0
421, 538.0, 449.0
422, 373.0, 451.0
423, 484.0, 453.0
424, 287.0, 454.0
425, 325.0, 454.0
426, 567.0, 454.0
427, 689.0, 454.0
428, 455.0, 455.0
429, 341.0, 458.0
430, 360.0, 458.0
431, 435.0, 458.0
432, 533.0, 458.0
433, 488.0, 459.0
434, 555.0, 459.0
435, 392.0, 461.0
436, 414.0, 461.0
437, 505.0, 462.0
438, 524.0, 462.0
439, 345.0, 463.0
440, 379.0, 464.0
441, 490.0, 464.0
442, 598.0, 467.0
443, 369.0, 468.0
444, 545.0, 469.0
445, 326.0, 471.0
446, 358.0, 471.0
