0, 360.0, 23.0
1, 346.0, 25.0
2, 372.0, 25.0
3, 268.0, 31.0
4, 372.0, 33.0
5, 276.0, 35.0
6, 261.0, 36.0
7, 579.0, 36.0
8, 199.0, 39.0
9, 659.0, 42.0
10, 319.0, 43.0
11, 199.0, 47.0
12, 346.0, 48.0
13, 371.0, 50.0
14, 276.0, 52.0
15, 200.0, 53.0
16, 277.0, 57.0
17, 358.0, 57.0
18, 491.0, 58.0
19, 277.0, 62.0
20, 262.0, 64.0
21, 277.0, 67.0
22, 305.0, 68.0
23, 515.0, 68.0
24, 262.0, 72.0
25, 320.0, 73.0
26, 277.0, 74.0
27, 514.0, 74.0
28, 599.0, 75.0
29, 662.0, 76.0
30, 320.0, 78.0
31, 640.0, 78.0
32, 277.0, 79.0
33, 577.0, 80.0
34, 320.0, 83.0
35, 658.0, 83.0
36, 278.0, 84.0
37, 263.0, 85.0
38, 461.0, 86.0
39, 513.0, 87.0
40, 306.0, 88.0
41, 278.0, 89.0
42, 320.0, 90.0
43, 636.0, 99.0
44, 591.0, 100.0
45, 264.0, 102.0
46, 206.0, 104.0
47, 207.0, 109.0
48, 507.0, 109.0
49, 360.0, 112.0
50, 273.0, 113.0
51, 320.0, 113.0
52, 400.0, 113.0
53, 405.0, 115.0
54, 516.0, 115.0
55, 454.0, 118.0
56, 438.0, 121.0
57, 266.0, 122.0
58, 490.0, 125.0
59, 530.0, 126.0
60, 652.0, 128.0
61, 548.0, 131.0
62, 707.0, 136.0
63, 679.0, 138.0
64, 457.0, 139.0
65, 211.0, 140.0
66, 642.0, 144.0
67, 456.0, 148.0
68, 550.0, 151.0
69, 456.0, 153.0
70, 625.0, 153.0
71, 655.0, 154.0
72, 267.0, 159.0
73, 563.0, 160.0
74, 486.0, 163.0
75, 586.0, 165.0
76, 610.0, 165.0
77, 523.0, 169.0
78, 638.0, 170.0
79, 659.0, 171.0
80, 700.0, 171.0
81, 271.0, 172.0
82, 649.0, 173.0
83, 263.0, 176.0
84, 268.0, 177.0
85, 560.0, 183.0
86, 217.0, 184.0
87, 717.0, 187.0
88, 723.0, 197.0
89, 358.0, 221.0
90, 383.0, 226.0
91, 400.0, 234.0
92, 623.0, 234.0
93, 495.0, 236.0
94, 277.0, 239.0
95, 413.0, 239.0
96, 282.0, 243.0
97, 446.0, 244.0
98, 223.0, 247.0
99, 430.0, 247.0
100, 454.0, 247.0
101, 223.0, 252.0
102, 495.0, 253.0
103, 472.0, 254.0
104, 607.0, 262.0
105, 362.0, 264.0
106, 579.0, 265.0
107, 275.0, 266.0
108, 400.0, 266.0
109, 433.0, 267.0
110, 541.0, 267.0
111, 379.0, 271.0
112, 622.0, 272.0
113, 367.0, 274.0
114, 435.0, 275.0
115, 422.0, 278.0
116, 293.0, 279.0
117, 344.0, 279.0
118, 369.0, 281.0
119, 331.0, 283.0
120, 361.0, 283.0
121, 321.0, 284.0
122, 392.0, 284.0
123, 293.0, 285.0
124, 286.0, 288.0
125, 381.0, 288.0
126, 311.0, 289.0
127, 294.0, 290.0
128, 299.0, 290.0
129, 362.0, 291.0
130, 371.0, 291.0
131, 419.0, 291.0
132, 353.0, 293.0
133, 434.0, 294.0
134, 450.0, 294.0
135, 303.0, 295.0
136, 295.0, 296.0
137, 229.0, 297.0
138, 343.0, 297.0
139, 375.0, 297.0
140, 17.0, 299.0
141, 253.0, 299.0
142, 446.0, 299.0
143, 313.0, 300.0
144, 230.0, 302.0
145, 329.0, 303.0
146, 16.0, 304.0
147, 253.0, 304.0
148, 351.0, 304.0
149, 363.0, 304.0
150, 448.0, 304.0
151, 295.0, 306.0
152, 202.0, 307.0
153, 417.0, 307.0
154, 430.0, 307.0
155, 464.0, 307.0
156, 232.0, 310.0
157, 12.0, 311.0
158, 202.0, 312.0
159, 363.0, 313.0
160, 476.0, 313.0
161, 695.0, 315.0
162, 269.0, 317.0
163, 655.0, 317.0
164, 313.0, 318.0
165, 516.0, 318.0
166, 419.0, 319.0
167, 496.0, 320.0
168, 409.0, 321.0
169, 657.0, 322.0
170, 151.0, 324.0
171, 414.0, 324.0
172, 249.0, 326.0
173, 441.0, 327.0
174, 519.0, 327.0
175, 498.0, 328.0
176, 154.0, 329.0
177, 429.0, 336.0
178, 298.0, 340.0
179, 441.0, 340.0
180, 71.0, 344.0
181, 425.0, 344.0
182, 251.0, 349.0
183, 68.0, 350.0
184, 276.0, 350.0
185, 480.0, 351.0
186, 288.0, 352.0
187, 267.0, 353.0
188, 249.0, 354.0
189, 68.0, 355.0
190, 178.0, 355.0
191, 274.0, 355.0
192, 297.0, 356.0
193, 474.0, 358.0
194, 248.0, 359.0
195, 66.0, 362.0
196, 271.0, 362.0
197, 473.0, 363.0
198, 431.0, 364.0
199, 449.0, 364.0
200, 183.0, 365.0
201, 468.0, 365.0
202, 365.0, 366.0
203, 378.0, 366.0
204, 267.0, 367.0
205, 334.0, 367.0
206, 386.0, 367.0
207, 63.0, 368.0
208, 23.0, 370.0
209, 250.0, 371.0
210, 346.0, 372.0
211, 377.0, 372.0
212, 291.0, 374.0
213, 352.0, 374.0
214, 512.0, 375.0
215, 14.0, 376.0
216, 191.0, 376.0
217, 359.0, 376.0
218, 391.0, 376.0
219, 454.0, 376.0
220, 366.0, 377.0
221, 326.0, 378.0
222, 302.0, 379.0
223, 314.0, 380.0
224, 335.0, 381.0
225, 426.0, 381.0
226, 456.0, 381.0
227, 517.0, 381.0
228, 236.0, 383.0
229, 377.0, 383.0
230, 503.0, 383.0
231, 344.0, 384.0
232, 479.0, 384.0
233, 10.0, 385.0
234, 425.0, 386.0
235, 356.0, 387.0
236, 323.0, 390.0
237, 400.0, 391.0
238, 441.0, 391.0
239, 425.0, 392.0
240, 507.0, 392.0
241, 342.0, 393.0
242, 400.0, 396.0
243, 235.0, 397.0
244, 333.0, 397.0
245, 359.0, 397.0
246, 401.0, 401.0
247, 515.0, 401.0
248, 343.0, 402.0
249, 370.0, 402.0
250, 492.0, 402.0
251, 538.0, 404.0
252, 214.0, 405.0
253, 429.0, 407.0
254, 383.0, 408.0
255, 335.0, 409.0
256, 397.0, 410.0
257, 413.0, 412.0
258, 370.0, 413.0
259, 430.0, 414.0
260, 230.0, 415.0
261, 485.0, 417.0
262, 523.0, 417.0
263, 206.0, 420.0
264, 400.0, 420.0
265, 504.0, 420.0
266, 542.0, 421.0
267, 219.0, 422.0
268, 371.0, 424.0
269, 235.0, 425.0
270, 487.0, 427.0
271, 185.0, 430.0
272, 320.0, 430.0
273, 329.0, 430.0
274, 226.0, 431.0
275, 488.0, 432.0
276, 397.0, 434.0
277, 175.0, 435.0
278, 206.0, 435.0
279, 324.0, 436.0
280, 318.0, 440.0
281, 359.0, 440.0
282, 346.0, 441.0
283, 113.0, 442.0
284, 221.0, 442.0
285, 330.0, 442.0
286, 317.0, 445.0
287, 220.0, 447.0
288, 247.0, 447.0
289, 297.0, 447.0
290, 405.0, 447.0
291, 261.0, 448.0
292, 270.0, 448.0
293, 482.0, 449.0
294, 494.0, 449.0
295, 187.0, 450.0
296, 281.0, 451.0
297, 175.0, 452.0
298, 330.0, 452.0
299, 551.0, 452.0
300, 23.0, 453.0
301, 317.0, 454.0
302, 488.0, 455.0
303, 157.0, 456.0
304, 280.0, 456.0
305, 241.0, 457.0
306, 120.0, 459.0
307, 195.0, 459.0
308, 362.0, 460.0
309, 490.0, 460.0
310, 551.0, 460.0
311, 556.0, 460.0
312, 211.0, 461.0
313, 101.0, 462.0
314, 164.0, 463.0
315, 174.0, 463.0
316, 84.0, 464.0
317, 350.0, 464.0
318, 498.0, 464.0
319, 138.0, 465.0
320, 363.0, 465.0
321, 487.0, 465.0
322, 492.0, 465.0
323, 227.0, 466.0
324, 539.0, 467.0
325, 28.0, 468.0
326, 62.0, 468.0
327, 253.0, 469.0
328, 330.0, 469.0
329, 124.0, 470.0
330, 242.0, 470.0
331, 318.0, 470.0
332, 96.0, 471.0
333, 111.0, 471.0
334, 278.0, 471.0
335, 290.0, 471.0
336, 415.0, 471.0
337, 564.0, 471.0
