0, 497.0, 10.0
1, 437.0, 13.0
2, 369.0, 14.0
3, 529.0, 16.0
4, 395.0, 23.0
5, 400.0, 23.0
6, 416.0, 25.0
7, 430.0, 25.0
8, 546.0, 29.0
9, 448.0, 31.0
10, 559.0, 39.0
11, 407.0, 40.0
12, 450.0, 43.0
13, 405.0, 49.0
14, 439.0, 49.0
15, 454.0, 57.0
16, 726.0, 64.0
17, 413.0, 65.0
18, 443.0, 65.0
19, 462.0, 70.0
20, 411.0, 71.0
21, 403.0, 75.0
22, 450.0, 75.0
23, 616.0, 75.0
24, 455.0, 76.0
25, 390.0, 78.0
26, 559.0, 80.0
27, 578.0, 80.0
28, 599.0, 80.0
29, 438.0, 81.0
30, 417.0, 83.0
31, 467.0, 83.0
32, 450.0, 85.0
33, 467.0, 91.0
34, 396.0, 97.0
35, 429.0, 117.0
36, 409.0, 124.0
37, 467.0, 127.0
38, 453.0, 131.0
39, 483.0, 132.0
40, 434.0, 133.0
41, 477.0, 134.0
42, 472.0, 140.0
43, 409.0, 144.0
44, 416.0, 144.0
45, 439.0, 145.0
46, 456.0, 145.0
47, 740.0, 146.0
48, 552.0, 148.0
49, 456.0, 154.0
50, 585.0, 154.0
51, 444.0, 159.0
52, 456.0, 160.0
53, 451.0, 163.0
54, 456.0, 165.0
55, 162.0, 168.0
56, 583.0, 168.0
57, 427.0, 173.0
58, 9.0, 175.0
59, 451.0, 175.0
60, 420.0, 177.0
61, 452.0, 182.0
62, 491.0, 191.0
63, 586.0, 191.0
64, 505.0, 194.0
65, 498.0, 195.0
66, 493.0, 196.0
67, 699.0, 196.0
68, 594.0, 198.0
69, 460.0, 203.0
70, 594.0, 203.0
71, 17.0, 205.0
72, 681.0, 206.0
73, 713.0, 206.0
74, 451.0, 207.0
75, 704.0, 207.0
76, 719.0, 207.0
77, 594.0, 208.0
78, 463.0, 209.0
79, 724.0, 209.0
80, 543.0, 210.0
81, 549.0, 210.0
82, 538.0, 211.0
83, 673.0, 211.0
84, 442.0, 213.0
85, 594.0, 213.0
86, 517.0, 221.0
87, 512.0, 223.0
88, 467.0, 224.0
89, 503.0, 225.0
90, 671.0, 225.0
91, 670.0, 230.0
92, 449.0, 231.0
93, 487.0, 231.0
94, 397.0, 233.0
95, 473.0, 237.0
96, 549.0, 237.0
97, 667.0, 238.0
98, 460.0, 241.0
99, 25.0, 242.0
100, 455.0, 242.0
101, 447.0, 247.0
102, 665.0, 247.0
103, 663.0, 252.0
104, 530.0, 255.0
105, 452.0, 257.0
106, 663.0, 257.0
107, 314.0, 258.0
108, 420.0, 258.0
109, 510.0, 259.0
110, 398.0, 266.0
111, 406.0, 267.0
112, 58.0, 269.0
113, 489.0, 270.0
114, 38.0, 274.0
115, 596.0, 274.0
116, 489.0, 275.0
117, 480.0, 279.0
118, 18.0, 282.0
119, 410.0, 283.0
120, 39.0, 284.0
121, 466.0, 284.0
122, 471.0, 284.0
123, 54.0, 286.0
124, 20.0, 287.0
125, 413.0, 293.0
126, 649.0, 295.0
127, 43.0, 296.0
128, 649.0, 300.0
129, 551.0, 303.0
130, 400.0, 305.0
131, 27.0, 306.0
132, 551.0, 308.0
133, 29.0, 311.0
134, 551.0, 317.0
135, 64.0, 318.0
136, 51.0, 321.0
137, 409.0, 321.0
138, 489.0, 321.0
139, 541.0, 322.0
140, 550.0, 322.0
141, 213.0, 323.0
142, 476.0, 324.0
143, 398.0, 338.0
144, 513.0, 340.0
145, 390.0, 344.0
146, 408.0, 345.0
147, 514.0, 345.0
148, 36.0, 347.0
149, 415.0, 349.0
150, 151.0, 354.0
151, 415.0, 354.0
152, 164.0, 355.0
153, 499.0, 355.0
154, 517.0, 356.0
155, 169.0, 357.0
156, 45.0, 364.0
157, 679.0, 364.0
158, 484.0, 365.0
159, 684.0, 365.0
160, 689.0, 366.0
161, 128.0, 367.0
162, 694.0, 372.0
163, 672.0, 373.0
164, 97.0, 374.0
165, 701.0, 374.0
166, 706.0, 375.0
167, 572.0, 380.0
168, 91.0, 381.0
169, 458.0, 382.0
170, 640.0, 382.0
171, 47.0, 383.0
172, 425.0, 383.0
173, 645.0, 383.0
174, 650.0, 383.0
175, 80.0, 384.0
176, 567.0, 384.0
177, 720.0, 384.0
178, 574.0, 385.0
179, 70.0, 386.0
180, 216.0, 386.0
181, 579.0, 386.0
182, 75.0, 387.0
183, 563.0, 389.0
184, 70.0, 391.0
185, 122.0, 391.0
186, 61.0, 393.0
187, 362.0, 393.0
188, 582.0, 393.0
189, 630.0, 393.0
190, 602.0, 394.0
191, 670.0, 397.0
192, 50.0, 398.0
193, 349.0, 399.0
194, 616.0, 399.0
195, 654.0, 400.0
196, 368.0, 401.0
197, 675.0, 401.0
198, 428.0, 404.0
199, 603.0, 404.0
200, 647.0, 404.0
201, 338.0, 405.0
202, 364.0, 410.0
203, 351.0, 412.0
204, 332.0, 413.0
205, 538.0, 414.0
206, 362.0, 415.0
207, 620.0, 415.0
208, 177.0, 419.0
209, 543.0, 420.0
210, 643.0, 421.0
211, 315.0, 422.0
212, 320.0, 423.0
213, 326.0, 423.0
214, 558.0, 426.0
215, 526.0, 427.0
216, 301.0, 428.0
217, 551.0, 428.0
218, 183.0, 429.0
219, 184.0, 434.0
220, 602.0, 437.0
221, 612.0, 438.0
222, 517.0, 439.0
223, 538.0, 439.0
224, 212.0, 440.0
225, 303.0, 442.0
226, 312.0, 443.0
227, 287.0, 444.0
228, 202.0, 445.0
229, 510.0, 445.0
230, 336.0, 446.0
231, 221.0, 448.0
232, 193.0, 452.0
233, 520.0, 452.0
234, 597.0, 454.0
235, 295.0, 456.0
236, 288.0, 457.0
237, 591.0, 458.0
238, 276.0, 459.0
239, 606.0, 460.0
240, 195.0, 462.0
241, 265.0, 462.0
242, 607.0, 466.0
243, 232.0, 467.0
244, 281.0, 470.0
245, 243.0, 471.0
