0, 222.0, 10.0
1, 228.0, 23.0
2, 233.0, 24.0
3, 242.0, 24.0
4, 697.0, 32.0
5, 702.0, 33.0
6, 291.0, 36.0
7, 296.0, 37.0
8, 472.0, 37.0
9, 570.0, 38.0
10, 509.0, 39.0
11, 543.0, 39.0
12, 548.0, 39.0
13, 599.0, 39.0
14, 312.0, 40.0
15, 461.0, 40.0
16, 466.0, 40.0
17, 317.0, 41.0
18, 432.0, 41.0
19, 417.0, 42.0
20, 447.0, 42.0
21, 365.0, 43.0
22, 474.0, 43.0
23, 603.0, 44.0
24, 627.0, 44.0
25, 329.0, 45.0
26, 615.0, 48.0
27, 583.0, 52.0
28, 597.0, 55.0
29, 718.0, 60.0
30, 313.0, 63.0
31, 341.0, 65.0
32, 620.0, 68.0
33, 596.0, 69.0
34, 314.0, 74.0
35, 463.0, 75.0
36, 340.0, 76.0
37, 416.0, 77.0
38, 655.0, 78.0
39, 314.0, 79.0
40, 42.0, 82.0
41, 491.0, 83.0
42, 679.0, 83.0
43, 314.0, 84.0
44, 445.0, 84.0
45, 338.0, 87.0
46, 590.0, 89.0
47, 708.0, 90.0
48, 168.0, 91.0
49, 590.0, 94.0
50, 314.0, 97.0
51, 540.0, 97.0
52, 552.0, 98.0
53, 337.0, 100.0
54, 614.0, 100.0
55, 626.0, 101.0
56, 631.0, 103.0
57, 231.0, 104.0
58, 237.0, 105.0
59, 313.0, 106.0
60, 245.0, 108.0
61, 339.0, 108.0
62, 169.0, 109.0
63, 237.0, 110.0
64, 289.0, 110.0
65, 492.0, 110.0
66, 465.0, 111.0
67, 326.0, 113.0
68, 653.0, 116.0
69, 692.0, 119.0
70, 246.0, 123.0
71, 410.0, 130.0
72, 228.0, 131.0
73, 688.0, 132.0
74, 228.0, 136.0
75, 247.0, 136.0
76, 288.0, 138.0
77, 325.0, 138.0
78, 533.0, 142.0
79, 288.0, 143.0
80, 709.0, 143.0
81, 247.0, 145.0
82, 574.0, 145.0
83, 229.0, 147.0
84, 173.0, 152.0
85, 473.0, 152.0
86, 287.0, 155.0
87, 428.0, 155.0
88, 478.0, 157.0
89, 248.0, 158.0
90, 618.0, 160.0
91, 230.0, 163.0
92, 573.0, 164.0
93, 308.0, 166.0
94, 247.0, 167.0
95, 176.0, 169.0
96, 326.0, 169.0
97, 289.0, 170.0
98, 510.0, 173.0
99, 528.0, 173.0
100, 533.0, 176.0
101, 241.0, 177.0
102, 248.0, 177.0
103, 231.0, 179.0
104, 236.0, 179.0
105, 683.0, 181.0
106, 604.0, 184.0
107, 688.0, 184.0
108, 695.0, 185.0
109, 405.0, 186.0
110, 742.0, 187.0
111, 686.0, 189.0
112, 589.0, 193.0
113, 629.0, 194.0
114, 347.0, 195.0
115, 361.0, 197.0
116, 366.0, 199.0
117, 391.0, 200.0
118, 567.0, 200.0
119, 399.0, 202.0
120, 599.0, 202.0
121, 608.0, 203.0
122, 237.0, 205.0
123, 180.0, 208.0
124, 376.0, 209.0
125, 381.0, 210.0
126, 353.0, 211.0
127, 358.0, 211.0
128, 403.0, 216.0
129, 370.0, 219.0
130, 423.0, 222.0
131, 181.0, 223.0
132, 386.0, 224.0
133, 437.0, 225.0
134, 392.0, 227.0
135, 544.0, 227.0
136, 361.0, 230.0
137, 224.0, 231.0
138, 241.0, 233.0
139, 680.0, 233.0
140, 215.0, 234.0
141, 372.0, 234.0
142, 232.0, 236.0
143, 506.0, 236.0
144, 350.0, 241.0
145, 388.0, 241.0
146, 460.0, 241.0
147, 355.0, 242.0
148, 382.0, 242.0
149, 393.0, 242.0
150, 470.0, 246.0
151, 520.0, 246.0
152, 188.0, 249.0
153, 368.0, 251.0
154, 648.0, 252.0
155, 400.0, 256.0
156, 510.0, 258.0
157, 381.0, 260.0
158, 600.0, 260.0
159, 400.0, 261.0
160, 521.0, 261.0
161, 386.0, 262.0
162, 400.0, 267.0
163, 324.0, 269.0
164, 248.0, 271.0
165, 572.0, 275.0
166, 584.0, 280.0
167, 544.0, 283.0
168, 397.0, 284.0
169, 413.0, 286.0
170, 239.0, 293.0
171, 409.0, 294.0
172, 645.0, 295.0
173, 501.0, 296.0
174, 245.0, 297.0
175, 380.0, 297.0
176, 240.0, 298.0
177, 391.0, 299.0
178, 456.0, 299.0
179, 250.0, 301.0
180, 396.0, 301.0
181, 663.0, 302.0
182, 474.0, 305.0
183, 195.0, 311.0
184, 454.0, 313.0
185, 486.0, 313.0
186, 528.0, 315.0
187, 387.0, 318.0
188, 479.0, 318.0
189, 255.0, 326.0
190, 576.0, 326.0
191, 244.0, 328.0
192, 350.0, 328.0
193, 368.0, 334.0
194, 398.0, 334.0
195, 331.0, 335.0
196, 656.0, 336.0
197, 404.0, 337.0
198, 532.0, 337.0
199, 630.0, 342.0
200, 198.0, 344.0
201, 351.0, 344.0
202, 381.0, 346.0
203, 568.0, 347.0
204, 283.0, 348.0
205, 359.0, 348.0
206, 392.0, 348.0
207, 334.0, 352.0
208, 364.0, 353.0
209, 314.0, 358.0
210, 267.0, 360.0
211, 346.0, 360.0
212, 380.0, 360.0
213, 305.0, 362.0
214, 292.0, 364.0
215, 345.0, 365.0
216, 327.0, 366.0
217, 357.0, 368.0
218, 393.0, 368.0
219, 400.0, 370.0
220, 259.0, 371.0
221, 320.0, 371.0
222, 275.0, 372.0
223, 285.0, 372.0
224, 315.0, 372.0
225, 419.0, 372.0
226, 408.0, 373.0
227, 386.0, 375.0
228, 326.0, 376.0
229, 331.0, 376.0
230, 205.0, 377.0
231, 413.0, 377.0
232, 397.0, 378.0
233, 304.0, 379.0
234, 286.0, 380.0
235, 255.0, 385.0
236, 314.0, 385.0
237, 432.0, 386.0
238, 417.0, 387.0
239, 595.0, 387.0
240, 228.0, 388.0
241, 382.0, 388.0
242, 204.0, 389.0
243, 271.0, 391.0
244, 340.0, 391.0
245, 303.0, 392.0
246, 206.0, 394.0
247, 291.0, 394.0
248, 376.0, 394.0
249, 252.0, 396.0
250, 286.0, 396.0
251, 389.0, 396.0
252, 269.0, 397.0
253, 380.0, 399.0
254, 457.0, 399.0
255, 480.0, 399.0
256, 462.0, 401.0
257, 427.0, 402.0
258, 174.0, 403.0
259, 359.0, 404.0
260, 380.0, 404.0
261, 393.0, 405.0
262, 432.0, 406.0
263, 596.0, 406.0
264, 349.0, 407.0
265, 672.0, 407.0
266, 266.0, 410.0
267, 381.0, 410.0
268, 371.0, 411.0
269, 296.0, 412.0
270, 244.0, 414.0
271, 303.0, 414.0
272, 333.0, 415.0
273, 308.0, 416.0
274, 454.0, 416.0
275, 401.0, 418.0
276, 410.0, 419.0
277, 416.0, 419.0
278, 233.0, 422.0
279, 263.0, 423.0
280, 452.0, 425.0
281, 244.0, 426.0
282, 360.0, 427.0
283, 395.0, 429.0
284, 276.0, 430.0
285, 224.0, 432.0
286, 285.0, 433.0
287, 121.0, 434.0
288, 346.0, 434.0
289, 331.0, 435.0
290, 126.0, 436.0
291, 446.0, 436.0
292, 258.0, 440.0
293, 585.0, 440.0
294, 271.0, 442.0
295, 236.0, 443.0
296, 323.0, 444.0
297, 280.0, 445.0
298, 447.0, 448.0
299, 111.0, 449.0
300, 299.0, 452.0
301, 257.0, 453.0
302, 123.0, 456.0
303, 438.0, 456.0
304, 237.0, 457.0
305, 286.0, 457.0
306, 415.0, 457.0
307, 404.0, 459.0
308, 355.0, 460.0
309, 457.0, 460.0
310, 545.0, 461.0
311, 227.0, 463.0
312, 281.0, 463.0
313, 344.0, 463.0
314, 369.0, 463.0
315, 334.0, 464.0
316, 114.0, 465.0
317, 444.0, 466.0
318, 39.0, 468.0
319, 93.0, 469.0
320, 239.0, 469.0
321, 34.0, 470.0
322, 156.0, 471.0
323, 229.0, 471.0
324, 251.0, 471.0
325, 464.0, 471.0
326, 477.0, 471.0
