0, 545.0, 8.0
1, 438.0, 11.0
2, 544.0, 17.0
3, 543.0, 24.0
4, 46.0, 41.0
5, 653.0, 44.0
6, 434.0, 48.0
7, 433.0, 57.0
8, 539.0, 59.0
9, 383.0, 62.0
10, 51.0, 64.0
11, 538.0, 64.0
12, 512.0, 65.0
13, 326.0, 66.0
14, 52.0, 69.0
15, 538.0, 69.0
16, 432.0, 74.0
17, 325.0, 76.0
18, 431.0, 79.0
19, 431.0, 84.0
20, 55.0, 88.0
21, 431.0, 89.0
22, 324.0, 90.0
23, 324.0, 96.0
24, 533.0, 96.0
25, 430.0, 97.0
26, 27.0, 100.0
27, 58.0, 100.0
28, 63.0, 100.0
29, 68.0, 101.0
30, 76.0, 102.0
31, 430.0, 103.0
32, 93.0, 104.0
33, 134.0, 105.0
34, 218.0, 108.0
35, 223.0, 108.0
36, 228.0, 109.0
37, 265.0, 111.0
38, 320.0, 111.0
39, 278.0, 112.0
40, 24.0, 113.0
41, 429.0, 121.0
42, 58.0, 122.0
43, 324.0, 125.0
44, 528.0, 126.0
45, 428.0, 136.0
46, 24.0, 137.0
47, 68.0, 138.0
48, 428.0, 141.0
49, 527.0, 141.0
50, 324.0, 143.0
51, 496.0, 144.0
52, 83.0, 150.0
53, 611.0, 151.0
54, 427.0, 153.0
55, 631.0, 154.0
56, 636.0, 154.0
57, 641.0, 155.0
58, 24.0, 158.0
59, 324.0, 165.0
60, 637.0, 167.0
61, 402.0, 170.0
62, 25.0, 172.0
63, 311.0, 176.0
64, 100.0, 182.0
65, 24.0, 184.0
66, 311.0, 186.0
67, 109.0, 193.0
68, 294.0, 199.0
69, 145.0, 206.0
70, 112.0, 207.0
71, 297.0, 207.0
72, 158.0, 209.0
73, 268.0, 211.0
74, 178.0, 212.0
75, 187.0, 212.0
76, 260.0, 212.0
77, 279.0, 213.0
78, 165.0, 217.0
79, 252.0, 218.0
80, 152.0, 219.0
81, 243.0, 223.0
82, 169.0, 224.0
83, 248.0, 229.0
84, 680.0, 234.0
85, 164.0, 260.0
86, 113.0, 271.0
87, 102.0, 273.0
88, 295.0, 304.0
89, 27.0, 313.0
90, 198.0, 400.0
91, 566.0, 411.0
92, 139.0, 426.0
93, 523.0, 458.0
94, 260.0, 466.0
