0, 65.0, 8.0
1, 612.0, 27.0
2, 611.0, 32.0
3, 53.0, 35.0
4, 610.0, 37.0
5, 54.0, 40.0
6, 609.0, 42.0
7, 608.0, 48.0
8, 480.0, 50.0
9, 356.0, 51.0
10, 479.0, 60.0
11, 478.0, 66.0
12, 354.0, 67.0
13, 21.0, 71.0
14, 62.0, 73.0
15, 72.0, 74.0
16, 83.0, 74.0
17, 477.0, 74.0
18, 353.0, 76.0
19, 476.0, 80.0
20, 232.0, 85.0
21, 237.0, 86.0
22, 242.0, 86.0
23, 18.0, 88.0
24, 475.0, 88.0
25, 256.0, 89.0
26, 286.0, 89.0
27, 300.0, 91.0
28, 348.0, 91.0
29, 473.0, 102.0
30, 593.0, 106.0
31, 473.0, 107.0
32, 353.0, 108.0
33, 592.0, 111.0
34, 472.0, 112.0
35, 18.0, 114.0
36, 591.0, 116.0
37, 472.0, 120.0
38, 352.0, 126.0
39, 471.0, 130.0
40, 351.0, 138.0
41, 18.0, 139.0
42, 585.0, 140.0
43, 352.0, 143.0
44, 468.0, 149.0
45, 18.0, 154.0
46, 352.0, 160.0
47, 421.0, 163.0
48, 431.0, 164.0
49, 439.0, 164.0
50, 444.0, 164.0
51, 450.0, 164.0
52, 455.0, 164.0
53, 460.0, 165.0
54, 469.0, 165.0
55, 479.0, 165.0
56, 18.0, 167.0
57, 421.0, 174.0
58, 579.0, 174.0
59, 426.0, 175.0
60, 431.0, 175.0
61, 439.0, 175.0
62, 444.0, 175.0
63, 450.0, 175.0
64, 458.0, 175.0
65, 465.0, 175.0
66, 470.0, 176.0
67, 479.0, 176.0
68, 352.0, 177.0
69, 17.0, 179.0
70, 578.0, 179.0
71, 421.0, 185.0
72, 430.0, 185.0
73, 438.0, 185.0
74, 446.0, 185.0
75, 454.0, 185.0
76, 462.0, 185.0
77, 351.0, 186.0
78, 470.0, 186.0
79, 479.0, 186.0
80, 17.0, 188.0
81, 493.0, 189.0
82, 351.0, 191.0
83, 421.0, 194.0
84, 430.0, 194.0
85, 438.0, 194.0
86, 446.0, 195.0
87, 453.0, 195.0
88, 458.0, 195.0
89, 463.0, 195.0
90, 469.0, 195.0
91, 478.0, 196.0
92, 351.0, 197.0
93, 574.0, 200.0
94, 351.0, 202.0
95, 17.0, 203.0
96, 420.0, 204.0
97, 430.0, 204.0
98, 438.0, 204.0
99, 454.0, 204.0
100, 459.0, 204.0
101, 446.0, 205.0
102, 465.0, 205.0
103, 470.0, 205.0
104, 478.0, 205.0
105, 202.0, 207.0
106, 17.0, 208.0
107, 573.0, 208.0
108, 420.0, 214.0
109, 425.0, 214.0
110, 430.0, 214.0
111, 438.0, 214.0
112, 443.0, 214.0
113, 449.0, 214.0
114, 457.0, 215.0
115, 464.0, 215.0
116, 469.0, 215.0
117, 477.0, 215.0
118, 17.0, 216.0
119, 351.0, 216.0
120, 420.0, 219.0
121, 350.0, 221.0
122, 425.0, 223.0
123, 420.0, 224.0
124, 430.0, 224.0
125, 437.0, 224.0
126, 445.0, 224.0
127, 453.0, 224.0
128, 461.0, 224.0
129, 468.0, 224.0
130, 477.0, 224.0
131, 568.0, 228.0
132, 17.0, 229.0
133, 419.0, 233.0
134, 424.0, 233.0
135, 429.0, 233.0
136, 444.0, 233.0
137, 567.0, 233.0
138, 437.0, 234.0
139, 453.0, 234.0
140, 460.0, 234.0
141, 468.0, 234.0
142, 476.0, 234.0
143, 581.0, 234.0
144, 15.0, 237.0
145, 495.0, 238.0
146, 721.0, 238.0
147, 351.0, 240.0
148, 373.0, 240.0
149, 403.0, 240.0
150, 16.0, 242.0
151, 419.0, 244.0
152, 428.0, 244.0
153, 437.0, 244.0
154, 444.0, 244.0
155, 452.0, 244.0
156, 459.0, 244.0
157, 464.0, 244.0
158, 469.0, 244.0
159, 706.0, 244.0
160, 476.0, 245.0
161, 25.0, 247.0
162, 15.0, 248.0
163, 20.0, 248.0
164, 349.0, 248.0
165, 697.0, 248.0
166, 31.0, 250.0
167, 78.0, 250.0
168, 374.0, 252.0
169, 400.0, 252.0
170, 382.0, 253.0
171, 407.0, 253.0
172, 184.0, 254.0
173, 206.0, 255.0
174, 348.0, 256.0
175, 433.0, 256.0
176, 327.0, 257.0
177, 371.0, 257.0
178, 322.0, 258.0
179, 395.0, 260.0
180, 718.0, 261.0
181, 403.0, 262.0
182, 452.0, 262.0
183, 186.0, 263.0
184, 221.0, 265.0
185, 304.0, 265.0
186, 376.0, 265.0
187, 411.0, 265.0
188, 211.0, 266.0
189, 320.0, 266.0
190, 521.0, 268.0
191, 511.0, 269.0
192, 389.0, 270.0
193, 471.0, 271.0
194, 215.0, 272.0
195, 501.0, 272.0
196, 204.0, 273.0
197, 396.0, 273.0
198, 191.0, 274.0
199, 384.0, 274.0
200, 181.0, 275.0
201, 308.0, 275.0
202, 451.0, 275.0
203, 90.0, 277.0
204, 323.0, 279.0
205, 355.0, 279.0
206, 412.0, 279.0
207, 639.0, 279.0
208, 339.0, 280.0
209, 385.0, 280.0
210, 197.0, 281.0
211, 211.0, 281.0
212, 344.0, 281.0
213, 394.0, 281.0
214, 222.0, 283.0
215, 366.0, 283.0
216, 332.0, 284.0
217, 216.0, 286.0
218, 454.0, 287.0
219, 287.0, 288.0
220, 355.0, 288.0
221, 402.0, 289.0
222, 387.0, 290.0
223, 438.0, 290.0
224, 476.0, 290.0
225, 204.0, 291.0
226, 214.0, 291.0
227, 492.0, 291.0
228, 234.0, 292.0
229, 420.0, 294.0
230, 447.0, 294.0
231, 458.0, 294.0
232, 385.0, 295.0
233, 371.0, 297.0
234, 503.0, 297.0
235, 216.0, 298.0
236, 360.0, 299.0
237, 491.0, 299.0
238, 240.0, 300.0
239, 343.0, 300.0
240, 434.0, 300.0
241, 424.0, 301.0
242, 429.0, 301.0
243, 469.0, 302.0
244, 333.0, 303.0
245, 401.0, 303.0
246, 362.0, 304.0
247, 375.0, 304.0
248, 385.0, 304.0
249, 483.0, 304.0
250, 229.0, 305.0
251, 343.0, 305.0
252, 218.0, 306.0
253, 328.0, 307.0
254, 510.0, 307.0
255, 312.0, 308.0
256, 238.0, 311.0
257, 408.0, 311.0
258, 526.0, 311.0
259, 435.0, 312.0
260, 464.0, 312.0
261, 490.0, 312.0
262, 711.0, 312.0
263, 225.0, 314.0
264, 254.0, 314.0
265, 313.0, 314.0
266, 328.0, 314.0
267, 342.0, 315.0
268, 378.0, 315.0
269, 472.0, 315.0
270, 364.0, 316.0
271, 477.0, 316.0
272, 501.0, 317.0
273, 233.0, 319.0
274, 254.0, 319.0
275, 281.0, 319.0
276, 353.0, 319.0
277, 425.0, 319.0
278, 243.0, 320.0
279, 313.0, 321.0
280, 545.0, 321.0
281, 486.0, 322.0
282, 372.0, 324.0
283, 401.0, 324.0
284, 439.0, 324.0
285, 528.0, 325.0
286, 425.0, 326.0
287, 496.0, 326.0
288, 367.0, 327.0
289, 550.0, 327.0
290, 252.0, 328.0
291, 342.0, 328.0
292, 357.0, 329.0
293, 449.0, 329.0
294, 242.0, 330.0
295, 393.0, 331.0
296, 474.0, 331.0
297, 259.0, 332.0
298, 267.0, 332.0
299, 412.0, 333.0
300, 537.0, 333.0
301, 297.0, 334.0
302, 431.0, 335.0
303, 495.0, 336.0
304, 248.0, 337.0
305, 280.0, 338.0
306, 300.0, 339.0
307, 487.0, 339.0
308, 396.0, 340.0
309, 476.0, 340.0
310, 523.0, 342.0
311, 286.0, 344.0
312, 493.0, 344.0
313, 337.0, 345.0
314, 420.0, 345.0
315, 479.0, 346.0
316, 384.0, 347.0
317, 435.0, 348.0
318, 513.0, 348.0
319, 354.0, 350.0
320, 364.0, 350.0
321, 317.0, 352.0
322, 468.0, 352.0
323, 252.0, 353.0
324, 501.0, 354.0
325, 273.0, 355.0
326, 295.0, 355.0
327, 346.0, 355.0
328, 399.0, 355.0
329, 83.0, 356.0
330, 116.0, 356.0
331, 456.0, 356.0
332, 461.0, 356.0
333, 20.0, 357.0
334, 129.0, 357.0
335, 282.0, 357.0
336, 257.0, 358.0
337, 378.0, 359.0
338, 386.0, 359.0
339, 473.0, 359.0
340, 236.0, 363.0
341, 12.0, 364.0
342, 281.0, 364.0
343, 435.0, 364.0
344, 463.0, 364.0
345, 288.0, 365.0
346, 412.0, 365.0
347, 269.0, 366.0
348, 402.0, 366.0
349, 396.0, 367.0
350, 476.0, 367.0
351, 27.0, 368.0
352, 391.0, 368.0
353, 347.0, 370.0
354, 374.0, 370.0
355, 298.0, 371.0
356, 303.0, 372.0
357, 359.0, 372.0
358, 108.0, 374.0
359, 286.0, 374.0
360, 90.0, 375.0
361, 14.0, 377.0
362, 419.0, 377.0
363, 320.0, 378.0
364, 398.0, 380.0
365, 298.0, 381.0
366, 359.0, 383.0
367, 444.0, 383.0
368, 341.0, 384.0
369, 508.0, 384.0
370, 290.0, 386.0
371, 303.0, 392.0
372, 325.0, 392.0
373, 379.0, 392.0
374, 296.0, 394.0
375, 425.0, 394.0
376, 364.0, 400.0
377, 278.0, 401.0
378, 407.0, 403.0
379, 311.0, 405.0
380, 328.0, 406.0
381, 349.0, 406.0
382, 383.0, 406.0
383, 334.0, 411.0
384, 385.0, 411.0
385, 369.0, 412.0
386, 359.0, 415.0
387, 323.0, 416.0
388, 347.0, 419.0
389, 313.0, 420.0
390, 366.0, 423.0
391, 335.0, 424.0
392, 300.0, 427.0
393, 322.0, 428.0
394, 351.0, 429.0
395, 343.0, 430.0
396, 316.0, 433.0
397, 271.0, 437.0
398, 304.0, 438.0
399, 332.0, 440.0
400, 327.0, 443.0
401, 238.0, 449.0
402, 306.0, 453.0
403, 140.0, 464.0
