0, 743.0, 12.0
1, 199.0, 14.0
2, 156.0, 15.0
3, 8.0, 16.0
4, 329.0, 16.0
5, 176.0, 21.0
6, 576.0, 21.0
7, 267.0, 26.0
8, 382.0, 30.0
9, 620.0, 34.0
10, 434.0, 37.0
11, 480.0, 38.0
12, 329.0, 42.0
13, 267.0, 43.0
14, 461.0, 43.0
15, 336.0, 49.0
16, 268.0, 51.0
17, 175.0, 52.0
18, 190.0, 55.0
19, 203.0, 55.0
20, 97.0, 57.0
21, 256.0, 57.0
22, 367.0, 58.0
23, 217.0, 61.0
24, 149.0, 62.0
25, 222.0, 62.0
26, 256.0, 62.0
27, 262.0, 63.0
28, 286.0, 65.0
29, 274.0, 66.0
30, 292.0, 66.0
31, 148.0, 67.0
32, 299.0, 67.0
33, 312.0, 68.0
34, 328.0, 68.0
35, 380.0, 73.0
36, 347.0, 79.0
37, 367.0, 79.0
38, 252.0, 83.0
39, 299.0, 83.0
40, 8.0, 85.0
41, 242.0, 85.0
42, 238.0, 95.0
43, 325.0, 95.0
44, 226.0, 96.0
45, 359.0, 97.0
46, 365.0, 98.0
47, 275.0, 99.0
48, 311.0, 101.0
49, 324.0, 102.0
50, 454.0, 103.0
51, 379.0, 112.0
52, 311.0, 114.0
53, 366.0, 115.0
54, 12.0, 119.0
55, 452.0, 121.0
56, 311.0, 124.0
57, 352.0, 130.0
58, 603.0, 131.0
59, 329.0, 132.0
60, 379.0, 134.0
61, 309.0, 138.0
62, 451.0, 138.0
63, 472.0, 138.0
64, 309.0, 145.0
65, 379.0, 145.0
66, 451.0, 145.0
67, 274.0, 148.0
68, 363.0, 151.0
69, 450.0, 152.0
70, 221.0, 157.0
71, 309.0, 157.0
72, 377.0, 159.0
73, 451.0, 160.0
74, 377.0, 164.0
75, 505.0, 165.0
76, 548.0, 168.0
77, 181.0, 169.0
78, 451.0, 170.0
79, 377.0, 172.0
80, 552.0, 173.0
81, 275.0, 175.0
82, 347.0, 180.0
83, 355.0, 180.0
84, 362.0, 180.0
85, 467.0, 180.0
86, 333.0, 181.0
87, 450.0, 182.0
88, 299.0, 183.0
89, 377.0, 183.0
90, 294.0, 185.0
91, 263.0, 186.0
92, 268.0, 186.0
93, 273.0, 186.0
94, 258.0, 187.0
95, 253.0, 188.0
96, 544.0, 188.0
97, 190.0, 191.0
98, 218.0, 191.0
99, 195.0, 192.0
100, 183.0, 193.0
101, 377.0, 193.0
102, 167.0, 194.0
103, 525.0, 195.0
104, 609.0, 196.0
105, 137.0, 198.0
106, 539.0, 199.0
107, 551.0, 200.0
108, 587.0, 200.0
109, 110.0, 201.0
110, 121.0, 201.0
111, 464.0, 201.0
112, 608.0, 201.0
113, 104.0, 202.0
114, 518.0, 203.0
115, 98.0, 204.0
116, 570.0, 204.0
117, 619.0, 206.0
118, 378.0, 209.0
119, 587.0, 209.0
120, 604.0, 214.0
121, 514.0, 217.0
122, 617.0, 217.0
123, 99.0, 223.0
124, 513.0, 224.0
125, 456.0, 231.0
126, 509.0, 232.0
127, 681.0, 233.0
128, 100.0, 235.0
129, 379.0, 235.0
130, 369.0, 237.0
131, 707.0, 240.0
132, 26.0, 243.0
133, 12.0, 244.0
134, 728.0, 246.0
135, 504.0, 247.0
136, 42.0, 252.0
137, 8.0, 253.0
138, 28.0, 253.0
139, 13.0, 254.0
140, 501.0, 257.0
141, 104.0, 260.0
142, 23.0, 264.0
143, 46.0, 265.0
144, 455.0, 272.0
145, 375.0, 274.0
146, 105.0, 279.0
147, 375.0, 286.0
148, 52.0, 287.0
149, 385.0, 288.0
150, 377.0, 291.0
151, 16.0, 293.0
152, 373.0, 298.0
153, 484.0, 299.0
154, 483.0, 304.0
155, 109.0, 305.0
156, 488.0, 309.0
157, 64.0, 313.0
158, 58.0, 314.0
159, 16.0, 322.0
160, 110.0, 323.0
161, 511.0, 323.0
162, 11.0, 324.0
163, 111.0, 328.0
164, 71.0, 330.0
165, 64.0, 332.0
166, 112.0, 333.0
167, 18.0, 334.0
168, 38.0, 338.0
169, 75.0, 341.0
170, 12.0, 342.0
171, 32.0, 347.0
172, 116.0, 350.0
173, 66.0, 351.0
174, 15.0, 357.0
175, 116.0, 361.0
176, 15.0, 362.0
177, 39.0, 362.0
178, 439.0, 370.0
179, 444.0, 372.0
180, 438.0, 376.0
181, 449.0, 376.0
182, 429.0, 380.0
183, 421.0, 381.0
184, 405.0, 382.0
185, 373.0, 385.0
186, 394.0, 385.0
187, 583.0, 386.0
188, 383.0, 388.0
189, 457.0, 388.0
190, 437.0, 389.0
191, 427.0, 390.0
192, 432.0, 391.0
193, 446.0, 391.0
194, 607.0, 392.0
195, 344.0, 393.0
196, 336.0, 394.0
197, 573.0, 394.0
198, 321.0, 395.0
199, 414.0, 395.0
200, 316.0, 396.0
201, 394.0, 396.0
202, 408.0, 396.0
203, 354.0, 397.0
204, 304.0, 398.0
205, 453.0, 399.0
206, 458.0, 399.0
207, 376.0, 400.0
208, 584.0, 400.0
209, 381.0, 401.0
210, 386.0, 401.0
211, 607.0, 402.0
212, 365.0, 403.0
213, 346.0, 405.0
214, 92.0, 406.0
215, 595.0, 406.0
216, 383.0, 409.0
217, 388.0, 409.0
218, 619.0, 409.0
219, 324.0, 410.0
220, 93.0, 411.0
221, 319.0, 411.0
222, 587.0, 411.0
223, 306.0, 413.0
224, 608.0, 414.0
225, 94.0, 416.0
226, 596.0, 418.0
227, 603.0, 420.0
228, 299.0, 424.0
229, 587.0, 425.0
230, 52.0, 426.0
231, 600.0, 427.0
232, 22.0, 429.0
233, 606.0, 429.0
234, 611.0, 430.0
235, 482.0, 431.0
236, 596.0, 433.0
237, 21.0, 434.0
238, 492.0, 440.0
239, 592.0, 440.0
240, 591.0, 449.0
241, 616.0, 449.0
242, 603.0, 460.0
243, 608.0, 460.0
244, 27.0, 462.0
245, 619.0, 462.0
246, 247.0, 464.0
247, 594.0, 464.0
248, 25.0, 467.0
249, 609.0, 471.0
