0, 535.0, 9.0
1, 168.0, 10.0
2, 525.0, 12.0
3, 569.0, 12.0
4, 296.0, 14.0
5, 509.0, 14.0
6, 543.0, 15.0
7, 584.0, 15.0
8, 191.0, 16.0
9, 556.0, 16.0
10, 251.0, 18.0
11, 509.0, 19.0
12, 160.0, 21.0
13, 496.0, 22.0
14, 149.0, 25.0
15, 253.0, 26.0
16, 530.0, 27.0
17, 555.0, 28.0
18, 670.0, 28.0
19, 492.0, 29.0
20, 297.0, 30.0
21, 515.0, 30.0
22, 543.0, 30.0
23, 680.0, 31.0
24, 253.0, 34.0
25, 489.0, 34.0
26, 581.0, 34.0
27, 515.0, 35.0
28, 573.0, 36.0
29, 153.0, 37.0
30, 207.0, 37.0
31, 506.0, 37.0
32, 182.0, 39.0
33, 254.0, 39.0
34, 542.0, 42.0
35, 159.0, 43.0
36, 656.0, 44.0
37, 209.0, 45.0
38, 216.0, 48.0
39, 163.0, 49.0
40, 200.0, 53.0
41, 218.0, 53.0
42, 554.0, 54.0
43, 299.0, 55.0
44, 289.0, 56.0
45, 150.0, 57.0
46, 294.0, 57.0
47, 219.0, 58.0
48, 193.0, 61.0
49, 589.0, 63.0
50, 599.0, 63.0
51, 553.0, 64.0
52, 594.0, 64.0
53, 178.0, 65.0
54, 667.0, 66.0
55, 204.0, 69.0
56, 463.0, 69.0
57, 476.0, 69.0
58, 607.0, 69.0
59, 701.0, 69.0
60, 483.0, 70.0
61, 421.0, 71.0
62, 538.0, 71.0
63, 416.0, 72.0
64, 180.0, 73.0
65, 188.0, 73.0
66, 290.0, 74.0
67, 455.0, 74.0
68, 278.0, 75.0
69, 409.0, 75.0
70, 444.0, 75.0
71, 623.0, 75.0
72, 301.0, 76.0
73, 431.0, 76.0
74, 642.0, 78.0
75, 491.0, 79.0
76, 664.0, 79.0
77, 273.0, 80.0
78, 253.0, 81.0
79, 300.0, 82.0
80, 496.0, 83.0
81, 450.0, 84.0
82, 668.0, 84.0
83, 482.0, 85.0
84, 252.0, 86.0
85, 284.0, 86.0
86, 297.0, 88.0
87, 461.0, 89.0
88, 451.0, 90.0
89, 255.0, 91.0
90, 694.0, 92.0
91, 304.0, 93.0
92, 449.0, 96.0
93, 713.0, 96.0
94, 227.0, 97.0
95, 95.0, 98.0
96, 284.0, 98.0
97, 558.0, 99.0
98, 423.0, 101.0
99, 466.0, 101.0
100, 95.0, 103.0
101, 311.0, 103.0
102, 557.0, 104.0
103, 573.0, 105.0
104, 743.0, 105.0
105, 263.0, 106.0
106, 173.0, 107.0
107, 467.0, 107.0
108, 479.0, 107.0
109, 192.0, 108.0
110, 557.0, 109.0
111, 136.0, 111.0
112, 228.0, 111.0
113, 284.0, 111.0
114, 96.0, 112.0
115, 153.0, 113.0
116, 570.0, 114.0
117, 266.0, 115.0
118, 449.0, 115.0
119, 196.0, 116.0
120, 493.0, 118.0
121, 481.0, 119.0
122, 554.0, 119.0
123, 563.0, 119.0
124, 409.0, 120.0
125, 422.0, 120.0
126, 230.0, 121.0
127, 434.0, 121.0
128, 516.0, 122.0
129, 153.0, 123.0
130, 443.0, 125.0
131, 142.0, 126.0
132, 201.0, 126.0
133, 373.0, 127.0
134, 496.0, 127.0
135, 528.0, 127.0
136, 563.0, 128.0
137, 451.0, 130.0
138, 488.0, 130.0
139, 97.0, 131.0
140, 148.0, 131.0
141, 388.0, 131.0
142, 421.0, 131.0
143, 473.0, 131.0
144, 537.0, 131.0
145, 532.0, 132.0
146, 393.0, 133.0
147, 443.0, 133.0
148, 156.0, 134.0
149, 145.0, 136.0
150, 423.0, 136.0
151, 472.0, 136.0
152, 560.0, 136.0
153, 45.0, 137.0
154, 410.0, 139.0
155, 99.0, 141.0
156, 470.0, 141.0
157, 269.0, 142.0
158, 557.0, 142.0
159, 483.0, 143.0
160, 422.0, 145.0
161, 555.0, 147.0
162, 354.0, 150.0
163, 556.0, 152.0
164, 423.0, 153.0
165, 442.0, 153.0
166, 514.0, 154.0
167, 476.0, 155.0
168, 559.0, 157.0
169, 488.0, 159.0
170, 405.0, 162.0
171, 465.0, 162.0
172, 442.0, 163.0
173, 478.0, 165.0
174, 273.0, 167.0
175, 395.0, 167.0
176, 274.0, 172.0
177, 381.0, 174.0
178, 444.0, 175.0
179, 299.0, 176.0
180, 410.0, 177.0
181, 362.0, 184.0
182, 401.0, 185.0
183, 13.0, 188.0
184, 354.0, 188.0
185, 419.0, 188.0
186, 253.0, 190.0
187, 314.0, 190.0
188, 387.0, 191.0
189, 345.0, 192.0
190, 387.0, 196.0
191, 403.0, 197.0
192, 378.0, 200.0
193, 327.0, 201.0
194, 346.0, 202.0
195, 366.0, 202.0
196, 388.0, 202.0
197, 393.0, 203.0
198, 378.0, 205.0
199, 171.0, 209.0
200, 408.0, 209.0
201, 421.0, 209.0
202, 355.0, 210.0
203, 31.0, 211.0
204, 318.0, 216.0
205, 399.0, 216.0
206, 281.0, 217.0
207, 290.0, 217.0
208, 303.0, 218.0
209, 365.0, 219.0
210, 338.0, 220.0
211, 263.0, 221.0
212, 327.0, 222.0
213, 357.0, 224.0
214, 401.0, 224.0
215, 337.0, 226.0
216, 234.0, 229.0
217, 79.0, 231.0
218, 225.0, 231.0
219, 251.0, 233.0
220, 338.0, 233.0
221, 348.0, 234.0
222, 42.0, 236.0
223, 203.0, 236.0
224, 236.0, 236.0
225, 379.0, 236.0
226, 362.0, 237.0
227, 731.0, 237.0
228, 328.0, 238.0
229, 14.0, 242.0
230, 218.0, 242.0
231, 266.0, 242.0
232, 31.0, 243.0
233, 174.0, 243.0
234, 254.0, 243.0
235, 354.0, 243.0
236, 314.0, 246.0
237, 240.0, 247.0
238, 508.0, 248.0
239, 189.0, 249.0
240, 557.0, 249.0
241, 275.0, 251.0
242, 356.0, 251.0
243, 254.0, 252.0
244, 20.0, 253.0
245, 130.0, 255.0
246, 308.0, 255.0
247, 122.0, 257.0
248, 164.0, 257.0
249, 582.0, 257.0
250, 226.0, 259.0
251, 31.0, 260.0
252, 179.0, 260.0
253, 192.0, 260.0
254, 301.0, 260.0
255, 473.0, 260.0
256, 103.0, 261.0
257, 145.0, 261.0
258, 53.0, 262.0
259, 258.0, 262.0
260, 283.0, 262.0
261, 134.0, 263.0
262, 209.0, 264.0
263, 290.0, 265.0
264, 330.0, 265.0
265, 597.0, 265.0
266, 65.0, 267.0
267, 125.0, 267.0
268, 243.0, 267.0
269, 167.0, 268.0
270, 198.0, 268.0
271, 312.0, 268.0
272, 149.0, 271.0
273, 305.0, 272.0
274, 168.0, 273.0
275, 230.0, 273.0
276, 253.0, 273.0
277, 270.0, 273.0
278, 184.0, 274.0
279, 211.0, 275.0
280, 89.0, 276.0
281, 128.0, 278.0
282, 200.0, 278.0
283, 185.0, 279.0
284, 626.0, 280.0
285, 288.0, 281.0
286, 293.0, 281.0
287, 536.0, 281.0
288, 24.0, 282.0
289, 144.0, 283.0
290, 103.0, 284.0
291, 136.0, 284.0
292, 187.0, 284.0
293, 257.0, 285.0
294, 93.0, 286.0
295, 174.0, 286.0
296, 210.0, 286.0
297, 272.0, 287.0
298, 121.0, 288.0
299, 115.0, 289.0
300, 156.0, 292.0
301, 234.0, 292.0
302, 102.0, 293.0
303, 147.0, 295.0
304, 235.0, 297.0
305, 140.0, 298.0
306, 125.0, 300.0
307, 157.0, 302.0
308, 525.0, 302.0
309, 118.0, 303.0
310, 237.0, 303.0
311, 104.0, 306.0
312, 523.0, 307.0
313, 89.0, 309.0
314, 131.0, 310.0
315, 160.0, 311.0
316, 197.0, 315.0
317, 150.0, 318.0
318, 134.0, 320.0
319, 97.0, 322.0
320, 83.0, 328.0
321, 363.0, 328.0
322, 154.0, 330.0
323, 194.0, 335.0
324, 57.0, 336.0
325, 366.0, 336.0
326, 187.0, 338.0
327, 87.0, 340.0
328, 92.0, 341.0
329, 76.0, 342.0
330, 102.0, 342.0
331, 107.0, 343.0
332, 191.0, 343.0
333, 196.0, 345.0
334, 278.0, 346.0
335, 357.0, 347.0
336, 189.0, 348.0
337, 235.0, 353.0
338, 358.0, 353.0
339, 197.0, 359.0
340, 360.0, 359.0
341, 72.0, 360.0
342, 487.0, 360.0
343, 67.0, 362.0
344, 187.0, 362.0
345, 192.0, 366.0
346, 200.0, 370.0
347, 189.0, 374.0
348, 343.0, 377.0
349, 344.0, 382.0
350, 472.0, 383.0
351, 202.0, 385.0
352, 190.0, 388.0
353, 348.0, 388.0
354, 469.0, 390.0
355, 197.0, 392.0
356, 423.0, 392.0
357, 468.0, 395.0
358, 204.0, 397.0
359, 468.0, 400.0
360, 192.0, 401.0
361, 329.0, 407.0
362, 464.0, 407.0
363, 429.0, 410.0
364, 331.0, 412.0
365, 204.0, 413.0
366, 194.0, 415.0
367, 336.0, 420.0
368, 200.0, 421.0
369, 436.0, 424.0
370, 207.0, 425.0
371, 474.0, 427.0
372, 197.0, 429.0
373, 455.0, 436.0
374, 441.0, 437.0
375, 455.0, 441.0
376, 210.0, 445.0
377, 452.0, 446.0
378, 316.0, 447.0
379, 471.0, 451.0
380, 198.0, 452.0
381, 204.0, 454.0
382, 320.0, 456.0
383, 212.0, 457.0
384, 200.0, 459.0
385, 499.0, 460.0
386, 234.0, 464.0
387, 199.0, 465.0
388, 444.0, 465.0
389, 449.0, 471.0
