0, 371.0, 8.0
1, 397.0, 8.0
2, 595.0, 9.0
3, 356.0, 12.0
4, 465.0, 12.0
5, 711.0, 13.0
6, 288.0, 14.0
7, 623.0, 18.0
8, 303.0, 19.0
9, 416.0, 19.0
10, 522.0, 20.0
11, 319.0, 23.0
12, 22.0, 25.0
13, 35.0, 26.0
14, 427.0, 26.0
15, 363.0, 28.0
16, 44.0, 30.0
17, 438.0, 31.0
18, 591.0, 33.0
19, 500.0, 34.0
20, 564.0, 35.0
21, 319.0, 36.0
22, 305.0, 37.0
23, 330.0, 37.0
24, 132.0, 40.0
25, 221.0, 40.0
26, 231.0, 42.0
27, 518.0, 43.0
28, 706.0, 45.0
29, 680.0, 49.0
30, 306.0, 55.0
31, 315.0, 55.0
32, 320.0, 55.0
33, 330.0, 55.0
34, 305.0, 60.0
35, 330.0, 64.0
36, 233.0, 65.0
37, 306.0, 66.0
38, 330.0, 69.0
39, 330.0, 74.0
40, 223.0, 76.0
41, 676.0, 76.0
42, 232.0, 78.0
43, 329.0, 81.0
44, 278.0, 82.0
45, 306.0, 83.0
46, 329.0, 86.0
47, 711.0, 86.0
48, 508.0, 90.0
49, 588.0, 90.0
50, 682.0, 91.0
51, 319.0, 92.0
52, 670.0, 92.0
53, 562.0, 93.0
54, 234.0, 94.0
55, 140.0, 98.0
56, 737.0, 98.0
57, 719.0, 99.0
58, 433.0, 101.0
59, 141.0, 103.0
60, 719.0, 104.0
61, 542.0, 106.0
62, 279.0, 109.0
63, 454.0, 109.0
64, 235.0, 110.0
65, 667.0, 112.0
66, 279.0, 114.0
67, 256.0, 115.0
68, 503.0, 115.0
69, 409.0, 117.0
70, 677.0, 117.0
71, 280.0, 119.0
72, 409.0, 122.0
73, 576.0, 124.0
74, 235.0, 125.0
75, 280.0, 125.0
76, 453.0, 125.0
77, 508.0, 125.0
78, 236.0, 130.0
79, 257.0, 130.0
80, 269.0, 130.0
81, 508.0, 130.0
82, 572.0, 133.0
83, 225.0, 135.0
84, 599.0, 135.0
85, 648.0, 135.0
86, 662.0, 135.0
87, 710.0, 139.0
88, 321.0, 143.0
89, 519.0, 143.0
90, 281.0, 145.0
91, 448.0, 146.0
92, 233.0, 147.0
93, 364.0, 147.0
94, 148.0, 149.0
95, 503.0, 149.0
96, 392.0, 154.0
97, 229.0, 156.0
98, 149.0, 158.0
99, 435.0, 160.0
100, 696.0, 160.0
101, 469.0, 162.0
102, 644.0, 162.0
103, 658.0, 168.0
104, 483.0, 170.0
105, 641.0, 170.0
106, 569.0, 171.0
107, 407.0, 172.0
108, 591.0, 180.0
109, 616.0, 180.0
110, 407.0, 188.0
111, 539.0, 188.0
112, 487.0, 190.0
113, 635.0, 195.0
114, 432.0, 196.0
115, 232.0, 199.0
116, 498.0, 201.0
117, 711.0, 201.0
118, 685.0, 202.0
119, 517.0, 203.0
120, 231.0, 204.0
121, 226.0, 208.0
122, 233.0, 209.0
123, 611.0, 209.0
124, 577.0, 210.0
125, 560.0, 211.0
126, 159.0, 213.0
127, 190.0, 214.0
128, 161.0, 218.0
129, 495.0, 218.0
130, 676.0, 223.0
131, 638.0, 225.0
132, 743.0, 226.0
133, 743.0, 231.0
134, 628.0, 233.0
135, 526.0, 237.0
136, 322.0, 246.0
137, 633.0, 248.0
138, 704.0, 248.0
139, 644.0, 251.0
140, 666.0, 265.0
141, 237.0, 267.0
142, 551.0, 267.0
143, 242.0, 269.0
144, 371.0, 269.0
145, 334.0, 270.0
146, 382.0, 271.0
147, 387.0, 272.0
148, 405.0, 275.0
149, 443.0, 279.0
150, 171.0, 282.0
151, 502.0, 283.0
152, 442.0, 284.0
153, 172.0, 288.0
154, 243.0, 292.0
155, 472.0, 293.0
156, 233.0, 294.0
157, 314.0, 294.0
158, 452.0, 294.0
159, 481.0, 295.0
160, 503.0, 295.0
161, 613.0, 295.0
162, 352.0, 296.0
163, 556.0, 296.0
164, 539.0, 297.0
165, 383.0, 298.0
166, 493.0, 298.0
167, 515.0, 298.0
168, 330.0, 302.0
169, 385.0, 304.0
170, 336.0, 309.0
171, 294.0, 310.0
172, 245.0, 311.0
173, 499.0, 311.0
174, 341.0, 312.0
175, 371.0, 312.0
176, 280.0, 315.0
177, 512.0, 318.0
178, 237.0, 320.0
179, 261.0, 320.0
180, 248.0, 321.0
181, 319.0, 321.0
182, 552.0, 321.0
183, 243.0, 322.0
184, 302.0, 322.0
185, 615.0, 322.0
186, 367.0, 323.0
187, 359.0, 324.0
188, 392.0, 324.0
189, 519.0, 325.0
190, 248.0, 326.0
191, 287.0, 328.0
192, 384.0, 329.0
193, 179.0, 330.0
194, 259.0, 330.0
195, 203.0, 333.0
196, 275.0, 334.0
197, 316.0, 334.0
198, 370.0, 334.0
199, 180.0, 336.0
200, 336.0, 336.0
201, 358.0, 336.0
202, 387.0, 336.0
203, 353.0, 337.0
204, 305.0, 338.0
205, 403.0, 339.0
206, 152.0, 340.0
207, 240.0, 340.0
208, 305.0, 343.0
209, 182.0, 344.0
210, 273.0, 344.0
211, 613.0, 345.0
212, 262.0, 348.0
213, 578.0, 348.0
214, 304.0, 349.0
215, 357.0, 351.0
216, 450.0, 352.0
217, 346.0, 353.0
218, 197.0, 355.0
219, 269.0, 356.0
220, 430.0, 357.0
221, 452.0, 357.0
222, 377.0, 359.0
223, 660.0, 359.0
224, 100.0, 362.0
225, 191.0, 364.0
226, 662.0, 364.0
227, 574.0, 365.0
228, 362.0, 368.0
229, 459.0, 370.0
230, 372.0, 371.0
231, 565.0, 372.0
232, 191.0, 376.0
233, 239.0, 376.0
234, 233.0, 379.0
235, 16.0, 383.0
236, 190.0, 383.0
237, 356.0, 383.0
238, 214.0, 384.0
239, 405.0, 386.0
240, 14.0, 390.0
241, 234.0, 391.0
242, 183.0, 392.0
243, 356.0, 392.0
244, 397.0, 393.0
245, 15.0, 395.0
246, 119.0, 396.0
247, 294.0, 397.0
248, 356.0, 397.0
249, 392.0, 397.0
250, 186.0, 398.0
251, 306.0, 399.0
252, 315.0, 399.0
253, 14.0, 400.0
254, 287.0, 400.0
255, 204.0, 401.0
256, 263.0, 401.0
257, 315.0, 404.0
258, 655.0, 404.0
259, 184.0, 407.0
260, 271.0, 407.0
261, 328.0, 409.0
262, 375.0, 409.0
263, 286.0, 410.0
264, 316.0, 410.0
265, 125.0, 411.0
266, 253.0, 414.0
267, 376.0, 414.0
268, 235.0, 415.0
269, 434.0, 415.0
270, 125.0, 416.0
271, 345.0, 418.0
272, 303.0, 422.0
273, 249.0, 425.0
274, 320.0, 425.0
275, 421.0, 425.0
276, 265.0, 428.0
277, 320.0, 430.0
278, 256.0, 434.0
279, 320.0, 435.0
280, 425.0, 435.0
281, 291.0, 437.0
282, 407.0, 437.0
283, 446.0, 438.0
284, 264.0, 439.0
285, 145.0, 441.0
286, 313.0, 444.0
287, 344.0, 446.0
288, 431.0, 449.0
289, 153.0, 453.0
290, 448.0, 454.0
291, 413.0, 455.0
292, 312.0, 456.0
293, 286.0, 458.0
294, 129.0, 459.0
295, 142.0, 460.0
296, 156.0, 463.0
297, 182.0, 467.0
298, 236.0, 467.0
299, 108.0, 469.0
300, 394.0, 469.0
301, 307.0, 471.0
