0, 52.0, 385.0
1, 299.0, 57.0
2, 463.0, 213.0
3, 664.0, 115.0
4, 220.0, 46.0
5, 281.0, 401.0
6, 529.0, 112.0
7, 723.0, 81.0
8, 106.0, 235.0
9, 206.0, 430.0
10, 133.0, 194.0
11, 417.0, 65.0
12, 697.0, 102.0
13, 488.0, 299.0
14, 59.0, 419.0
15, 56.0, 403.0
16, 490.0, 214.0
17, 327.0, 193.0
18, 535.0, 288.0
19, 581.0, 288.0
20, 477.0, 202.0
21, 60.0, 429.0
22, 112.0, 185.0
23, 675.0, 81.0
24, 188.0, 337.0
25, 703.0, 344.0
26, 513.0, 190.0
27, 447.0, 401.0
28, 683.0, 330.0
29, 731.0, 92.0
30, 701.0, 309.0
31, 481.0, 251.0
32, 149.0, 207.0
33, 495.0, 229.0
34, 516.0, 102.0
35, 29.0, 394.0
36, 454.0, 200.0
37, 74.0, 370.0
38, 535.0, 159.0
39, 493.0, 243.0
40, 202.0, 467.0
41, 276.0, 381.0
42, 638.0, 289.0
43, 364.0, 133.0
44, 156.0, 314.0
45, 255.0, 31.0
46, 720.0, 355.0
47, 459.0, 228.0
48, 66.0, 381.0
49, 150.0, 244.0
50, 216.0, 414.0
51, 452.0, 219.0
52, 389.0, 40.0
53, 633.0, 302.0
54, 591.0, 207.0
55, 462.0, 399.0
56, 196.0, 398.0
57, 488.0, 175.0
58, 496.0, 155.0
59, 143.0, 226.0
60, 529.0, 145.0
61, 142.0, 368.0
62, 740.0, 370.0
63, 500.0, 299.0
64, 183.0, 316.0
65, 151.0, 182.0
66, 433.0, 402.0
67, 529.0, 101.0
68, 220.0, 464.0
69, 619.0, 300.0
70, 288.0, 362.0
71, 331.0, 35.0
72, 532.0, 405.0
73, 400.0, 212.0
74, 446.0, 272.0
75, 541.0, 114.0
76, 234.0, 269.0
77, 689.0, 287.0
78, 459.0, 421.0
79, 205.0, 417.0
80, 206.0, 406.0
81, 132.0, 220.0
82, 408.0, 399.0
83, 504.0, 268.0
84, 285.0, 33.0
85, 567.0, 432.0
86, 186.0, 196.0
87, 436.0, 45.0
88, 197.0, 419.0
89, 385.0, 130.0
90, 220.0, 28.0
91, 258.0, 328.0
92, 114.0, 220.0
93, 366.0, 55.0
94, 183.0, 403.0
95, 130.0, 239.0
96, 554.0, 447.0
97, 563.0, 453.0
98, 536.0, 270.0
99, 518.0, 145.0
100, 490.0, 268.0
101, 216.0, 452.0
102, 264.0, 191.0
103, 318.0, 80.0
104, 156.0, 223.0
105, 32.0, 410.0
106, 705.0, 296.0
107, 553.0, 176.0
108, 582.0, 174.0
109, 510.0, 134.0
110, 15.0, 468.0
111, 443.0, 436.0
112, 154.0, 349.0
113, 488.0, 192.0
114, 307.0, 370.0
115, 197.0, 408.0
116, 228.0, 396.0
117, 181.0, 413.0
118, 604.0, 172.0
119, 502.0, 283.0
120, 426.0, 194.0
121, 478.0, 272.0
122, 361.0, 38.0
123, 743.0, 451.0
124, 358.0, 273.0
125, 33.0, 431.0
126, 223.0, 127.0
127, 619.0, 189.0
128, 138.0, 329.0
129, 431.0, 66.0
130, 35.0, 380.0
131, 424.0, 275.0
132, 140.0, 346.0
133, 712.0, 80.0
134, 471.0, 400.0
135, 621.0, 177.0
136, 408.0, 41.0
137, 551.0, 302.0
138, 170.0, 43.0
139, 388.0, 69.0
140, 342.0, 283.0
141, 225.0, 434.0
142, 541.0, 149.0
143, 679.0, 218.0
144, 484.0, 314.0
145, 243.0, 30.0
146, 21.0, 14.0
147, 587.0, 224.0
148, 242.0, 412.0
149, 543.0, 423.0
150, 539.0, 123.0
151, 662.0, 218.0
152, 515.0, 322.0
153, 458.0, 242.0
154, 607.0, 193.0
155, 248.0, 452.0
156, 323.0, 452.0
157, 483.0, 396.0
158, 499.0, 199.0
159, 726.0, 322.0
160, 728.0, 109.0
161, 460.0, 273.0
162, 46.0, 66.0
163, 536.0, 471.0
164, 223.0, 158.0
165, 196.0, 57.0
166, 103.0, 201.0
167, 542.0, 141.0
168, 196.0, 349.0
169, 599.0, 238.0
170, 465.0, 412.0
171, 546.0, 316.0
172, 505.0, 188.0
173, 216.0, 424.0
174, 743.0, 83.0
175, 495.0, 322.0
176, 345.0, 175.0
177, 43.0, 51.0
178, 248.0, 381.0
179, 592.0, 315.0
180, 511.0, 163.0
181, 505.0, 154.0
182, 245.0, 393.0
183, 362.0, 470.0
184, 421.0, 400.0
185, 688.0, 80.0
186, 576.0, 206.0
187, 344.0, 36.0
188, 271.0, 77.0
189, 649.0, 114.0
190, 520.0, 283.0
191, 271.0, 320.0
192, 382.0, 274.0
193, 300.0, 36.0
194, 288.0, 414.0
195, 418.0, 46.0
196, 516.0, 207.0
197, 408.0, 144.0
198, 313.0, 58.0
199, 198.0, 431.0
200, 358.0, 210.0
201, 451.0, 464.0
202, 267.0, 113.0
203, 10.0, 61.0
204, 50.0, 363.0
205, 742.0, 94.0
206, 233.0, 403.0
207, 271.0, 32.0
208, 522.0, 162.0
209, 304.0, 432.0
210, 577.0, 221.0
211, 523.0, 119.0
212, 113.0, 329.0
213, 364.0, 73.0
214, 83.0, 270.0
215, 558.0, 427.0
216, 516.0, 176.0
217, 176.0, 24.0
218, 471.0, 372.0
219, 52.0, 88.0
220, 704.0, 117.0
221, 177.0, 135.0
222, 363.0, 145.0
223, 43.0, 38.0
224, 66.0, 469.0
225, 155.0, 329.0
226, 498.0, 182.0
227, 160.0, 166.0
228, 280.0, 369.0
229, 723.0, 272.0
230, 657.0, 82.0
231, 244.0, 172.0
232, 15.0, 378.0
233, 318.0, 141.0
234, 176.0, 381.0
235, 47.0, 421.0
236, 142.0, 21.0
237, 412.0, 58.0
238, 437.0, 241.0
239, 267.0, 353.0
240, 322.0, 273.0
241, 593.0, 174.0
242, 682.0, 117.0
243, 296.0, 282.0
244, 183.0, 181.0
245, 706.0, 459.0
246, 475.0, 226.0
247, 407.0, 194.0
248, 271.0, 138.0
249, 492.0, 282.0
250, 10.0, 446.0
251, 596.0, 298.0
252, 271.0, 272.0
253, 232.0, 206.0
254, 201.0, 120.0
255, 186.0, 304.0
256, 233.0, 256.0
257, 720.0, 94.0
258, 183.0, 368.0
259, 35.0, 452.0
260, 223.0, 65.0
261, 234.0, 445.0
262, 737.0, 319.0
263, 523.0, 135.0
264, 200.0, 446.0
265, 215.0, 369.0
266, 403.0, 368.0
267, 606.0, 280.0
268, 445.0, 201.0
269, 626.0, 320.0
270, 95.0, 423.0
271, 608.0, 316.0
272, 489.0, 370.0
273, 578.0, 302.0
274, 508.0, 410.0
275, 224.0, 139.0
276, 644.0, 304.0
277, 22.0, 455.0
278, 147.0, 385.0
279, 103.0, 385.0
280, 322.0, 117.0
281, 91.0, 186.0
282, 122.0, 206.0
283, 334.0, 297.0
284, 614.0, 127.0
285, 377.0, 176.0
286, 621.0, 113.0
287, 342.0, 407.0
288, 624.0, 280.0
289, 193.0, 26.0
290, 13.0, 86.0
291, 313.0, 40.0
292, 33.0, 96.0
293, 113.0, 400.0
294, 552.0, 471.0
295, 567.0, 412.0
296, 48.0, 160.0
297, 66.0, 454.0
298, 232.0, 327.0
299, 237.0, 339.0
300, 172.0, 279.0
301, 717.0, 117.0
302, 471.0, 242.0
303, 701.0, 85.0
304, 732.0, 354.0
305, 225.0, 380.0
306, 370.0, 273.0
307, 111.0, 361.0
308, 62.0, 443.0
309, 285.0, 386.0
310, 71.0, 275.0
311, 680.0, 306.0
312, 195.0, 330.0
313, 735.0, 337.0
314, 474.0, 386.0
315, 350.0, 69.0
316, 253.0, 353.0
317, 254.0, 361.0
318, 222.0, 90.0
319, 340.0, 413.0
320, 159.0, 374.0
321, 51.0, 432.0
322, 270.0, 63.0
323, 694.0, 132.0
324, 400.0, 51.0
325, 222.0, 353.0
326, 215.0, 323.0
327, 389.0, 181.0
328, 94.0, 434.0
329, 317.0, 209.0
330, 355.0, 243.0
331, 163.0, 441.0
332, 318.0, 67.0
333, 87.0, 377.0
334, 275.0, 208.0
335, 319.0, 401.0
336, 112.0, 278.0
337, 20.0, 446.0
338, 358.0, 260.0
339, 711.0, 325.0
340, 561.0, 410.0
341, 739.0, 471.0
342, 716.0, 433.0
343, 431.0, 124.0
344, 251.0, 368.0
345, 506.0, 173.0
346, 686.0, 301.0
347, 708.0, 97.0
348, 713.0, 107.0
349, 482.0, 326.0
350, 155.0, 281.0
351, 736.0, 118.0
352, 191.0, 304.0
353, 208.0, 37.0
354, 444.0, 210.0
355, 624.0, 216.0
356, 718.0, 460.0
357, 712.0, 90.0
358, 616.0, 115.0
359, 129.0, 358.0
360, 315.0, 35.0
361, 655.0, 413.0
362, 179.0, 425.0
363, 707.0, 334.0
364, 171.0, 365.0
365, 722.0, 345.0
366, 493.0, 471.0
367, 525.0, 127.0
368, 173.0, 409.0
369, 187.0, 355.0
370, 320.0, 394.0
371, 533.0, 137.0
372, 21.0, 36.0
373, 328.0, 283.0
374, 701.0, 80.0
375, 96.0, 187.0
376, 370.0, 407.0
377, 8.0, 49.0
378, 673.0, 101.0
379, 396.0, 336.0
380, 402.0, 363.0
381, 90.0, 362.0
382, 584.0, 236.0
383, 495.0, 311.0
384, 81.0, 435.0
385, 615.0, 289.0
386, 364.0, 163.0
387, 361.0, 95.0
388, 737.0, 292.0
389, 204.0, 355.0
390, 534.0, 302.0
391, 265.0, 321.0
392, 533.0, 132.0
393, 148.0, 398.0
394, 511.0, 147.0
395, 484.0, 391.0
396, 478.0, 344.0
397, 344.0, 294.0
398, 601.0, 278.0
399, 517.0, 119.0
400, 317.0, 198.0
401, 191.0, 279.0
402, 569.0, 175.0
403, 719.0, 283.0
404, 743.0, 313.0
405, 95.0, 359.0
406, 72.0, 384.0
407, 287.0, 78.0
408, 317.0, 406.0
409, 227.0, 338.0
410, 730.0, 335.0
411, 333.0, 174.0
412, 427.0, 176.0
413, 652.0, 97.0
414, 165.0, 413.0
415, 163.0, 456.0
416, 188.0, 25.0
417, 670.0, 89.0
418, 631.0, 181.0
419, 737.0, 83.0
420, 681.0, 135.0
421, 104.0, 379.0
422, 428.0, 51.0
423, 711.0, 320.0
424, 24.0, 465.0
425, 124.0, 418.0
426, 698.0, 330.0
427, 523.0, 198.0
428, 61.0, 162.0
429, 86.0, 426.0
430, 214.0, 328.0
431, 626.0, 291.0
432, 393.0, 322.0
433, 215.0, 419.0
434, 237.0, 61.0
435, 99.0, 403.0
436, 423.0, 55.0
437, 534.0, 127.0
438, 421.0, 100.0
439, 522.0, 270.0
440, 686.0, 102.0
441, 272.0, 143.0
442, 334.0, 143.0
443, 246.0, 281.0
444, 657.0, 253.0
445, 301.0, 377.0
446, 603.0, 314.0
447, 92.0, 377.0
448, 118.0, 399.0
449, 319.0, 16.0
450, 671.0, 334.0
451, 521.0, 176.0
452, 321.0, 257.0
453, 512.0, 269.0
454, 500.0, 167.0
455, 132.0, 451.0
456, 190.0, 239.0
457, 480.0, 407.0
458, 353.0, 151.0
459, 614.0, 122.0
460, 512.0, 154.0
461, 229.0, 423.0
462, 211.0, 89.0
463, 567.0, 270.0
464, 44.0, 79.0
465, 264.0, 281.0
466, 23.0, 159.0
467, 141.0, 449.0
468, 180.0, 170.0
469, 363.0, 244.0
470, 287.0, 61.0
471, 728.0, 470.0
472, 183.0, 50.0
473, 182.0, 355.0
474, 670.0, 106.0
475, 180.0, 435.0
476, 261.0, 260.0
477, 300.0, 41.0
478, 88.0, 279.0
479, 497.0, 172.0
480, 277.0, 129.0
481, 209.0, 327.0
482, 132.0, 413.0
483, 99.0, 376.0
484, 363.0, 121.0
485, 256.0, 140.0
486, 663.0, 100.0
487, 405.0, 381.0
488, 401.0, 358.0
489, 206.0, 444.0
490, 271.0, 169.0
491, 507.0, 416.0
492, 342.0, 312.0
493, 357.0, 128.0
494, 200.0, 373.0
495, 15.0, 449.0
496, 188.0, 433.0
497, 206.0, 27.0
498, 275.0, 394.0
499, 181.0, 303.0
