0, 347.0, 12.0
1, 302.0, 24.0
2, 504.0, 27.0
3, 484.0, 40.0
4, 439.0, 44.0
5, 281.0, 46.0
6, 458.0, 49.0
7, 496.0, 53.0
8, 381.0, 57.0
9, 282.0, 62.0
10, 355.0, 64.0
11, 365.0, 64.0
12, 355.0, 69.0
13, 310.0, 73.0
14, 356.0, 74.0
15, 213.0, 79.0
16, 284.0, 79.0
17, 483.0, 97.0
18, 65.0, 107.0
19, 613.0, 112.0
20, 316.0, 113.0
21, 32.0, 119.0
22, 450.0, 119.0
23, 441.0, 137.0
24, 495.0, 143.0
25, 508.0, 143.0
26, 471.0, 146.0
27, 509.0, 148.0
28, 461.0, 149.0
29, 285.0, 151.0
30, 440.0, 152.0
31, 379.0, 159.0
32, 610.0, 160.0
33, 370.0, 166.0
34, 236.0, 168.0
35, 453.0, 168.0
36, 721.0, 171.0
37, 325.0, 174.0
38, 492.0, 177.0
39, 326.0, 182.0
40, 609.0, 184.0
41, 294.0, 190.0
42, 608.0, 195.0
43, 508.0, 197.0
44, 478.0, 199.0
45, 609.0, 200.0
46, 446.0, 203.0
47, 609.0, 205.0
48, 609.0, 210.0
49, 609.0, 216.0
50, 322.0, 219.0
51, 500.0, 220.0
52, 495.0, 221.0
53, 333.0, 222.0
54, 490.0, 222.0
55, 609.0, 223.0
56, 477.0, 224.0
57, 324.0, 226.0
58, 334.0, 227.0
59, 459.0, 228.0
60, 609.0, 228.0
61, 111.0, 229.0
62, 452.0, 229.0
63, 324.0, 231.0
64, 447.0, 231.0
65, 610.0, 233.0
66, 335.0, 236.0
67, 417.0, 237.0
68, 412.0, 238.0
69, 404.0, 240.0
70, 252.0, 241.0
71, 336.0, 241.0
72, 386.0, 244.0
73, 624.0, 244.0
74, 326.0, 245.0
75, 615.0, 247.0
76, 609.0, 248.0
77, 603.0, 250.0
78, 518.0, 251.0
79, 595.0, 252.0
80, 587.0, 254.0
81, 626.0, 254.0
82, 338.0, 255.0
83, 581.0, 255.0
84, 82.0, 256.0
85, 618.0, 256.0
86, 572.0, 257.0
87, 326.0, 258.0
88, 611.0, 258.0
89, 264.0, 260.0
90, 604.0, 260.0
91, 310.0, 261.0
92, 596.0, 262.0
93, 255.0, 263.0
94, 303.0, 263.0
95, 589.0, 263.0
96, 627.0, 263.0
97, 582.0, 265.0
98, 619.0, 265.0
99, 287.0, 267.0
100, 573.0, 267.0
101, 612.0, 267.0
102, 605.0, 268.0
103, 598.0, 270.0
104, 591.0, 272.0
105, 628.0, 272.0
106, 267.0, 273.0
107, 583.0, 274.0
108, 620.0, 274.0
109, 614.0, 275.0
110, 575.0, 276.0
111, 606.0, 277.0
112, 521.0, 278.0
113, 599.0, 279.0
114, 712.0, 279.0
115, 93.0, 280.0
116, 240.0, 281.0
117, 592.0, 281.0
118, 630.0, 281.0
119, 621.0, 282.0
120, 584.0, 283.0
121, 613.0, 284.0
122, 95.0, 285.0
123, 576.0, 285.0
124, 607.0, 286.0
125, 621.0, 287.0
126, 600.0, 288.0
127, 593.0, 290.0
128, 631.0, 290.0
129, 239.0, 291.0
130, 586.0, 292.0
131, 620.0, 292.0
132, 577.0, 293.0
133, 101.0, 294.0
134, 615.0, 294.0
135, 608.0, 295.0
136, 601.0, 297.0
137, 578.0, 298.0
138, 632.0, 298.0
139, 594.0, 299.0
140, 624.0, 300.0
141, 588.0, 301.0
142, 619.0, 301.0
143, 579.0, 303.0
144, 138.0, 304.0
145, 609.0, 304.0
146, 614.0, 304.0
147, 603.0, 305.0
148, 241.0, 307.0
149, 596.0, 307.0
150, 634.0, 307.0
151, 588.0, 309.0
152, 625.0, 309.0
153, 580.0, 311.0
154, 618.0, 311.0
155, 242.0, 312.0
156, 612.0, 312.0
157, 604.0, 314.0
158, 597.0, 316.0
159, 634.0, 316.0
160, 590.0, 318.0
161, 604.0, 319.0
162, 626.0, 319.0
163, 581.0, 320.0
164, 621.0, 320.0
165, 244.0, 321.0
166, 613.0, 322.0
167, 144.0, 324.0
168, 605.0, 324.0
169, 244.0, 326.0
170, 600.0, 326.0
171, 593.0, 327.0
172, 569.0, 328.0
173, 583.0, 329.0
174, 245.0, 331.0
175, 148.0, 336.0
176, 532.0, 337.0
177, 156.0, 340.0
178, 247.0, 340.0
179, 605.0, 341.0
180, 247.0, 345.0
181, 574.0, 345.0
182, 580.0, 345.0
183, 625.0, 346.0
184, 248.0, 350.0
185, 561.0, 352.0
186, 550.0, 353.0
187, 656.0, 355.0
188, 566.0, 357.0
189, 575.0, 357.0
190, 153.0, 359.0
191, 250.0, 359.0
192, 587.0, 359.0
193, 592.0, 360.0
194, 250.0, 364.0
195, 533.0, 364.0
196, 564.0, 368.0
197, 251.0, 369.0
198, 513.0, 371.0
199, 251.0, 374.0
200, 594.0, 375.0
201, 575.0, 376.0
202, 584.0, 379.0
203, 679.0, 381.0
204, 159.0, 383.0
205, 518.0, 383.0
206, 559.0, 385.0
207, 588.0, 387.0
208, 509.0, 388.0
209, 654.0, 391.0
210, 254.0, 392.0
211, 573.0, 392.0
212, 709.0, 392.0
213, 598.0, 393.0
214, 416.0, 394.0
215, 561.0, 394.0
216, 700.0, 397.0
217, 29.0, 399.0
218, 417.0, 399.0
219, 518.0, 400.0
220, 545.0, 401.0
221, 256.0, 402.0
222, 434.0, 404.0
223, 425.0, 406.0
224, 714.0, 406.0
225, 727.0, 410.0
226, 589.0, 411.0
227, 406.0, 413.0
228, 625.0, 413.0
229, 436.0, 415.0
230, 579.0, 415.0
231, 597.0, 418.0
232, 612.0, 418.0
233, 426.0, 419.0
234, 512.0, 419.0
235, 717.0, 419.0
236, 181.0, 420.0
237, 413.0, 420.0
238, 567.0, 422.0
239, 606.0, 422.0
240, 729.0, 422.0
241, 260.0, 426.0
242, 440.0, 426.0
243, 564.0, 428.0
244, 430.0, 429.0
245, 577.0, 429.0
246, 450.0, 430.0
247, 461.0, 430.0
248, 577.0, 434.0
249, 472.0, 436.0
250, 445.0, 440.0
251, 454.0, 440.0
252, 603.0, 440.0
253, 569.0, 444.0
254, 482.0, 445.0
255, 617.0, 445.0
256, 460.0, 448.0
257, 471.0, 451.0
258, 577.0, 451.0
259, 481.0, 454.0
260, 470.0, 456.0
261, 589.0, 456.0
262, 609.0, 456.0
263, 505.0, 457.0
264, 491.0, 459.0
265, 600.0, 459.0
266, 656.0, 462.0
267, 32.0, 463.0
268, 512.0, 465.0
269, 484.0, 466.0
270, 21.0, 469.0
271, 496.0, 470.0
272, 504.0, 470.0
