0, 161.0, 8.0
1, 167.0, 8.0
2, 184.0, 9.0
3, 307.0, 10.0
4, 186.0, 14.0
5, 180.0, 15.0
6, 19.0, 28.0
7, 730.0, 28.0
8, 470.0, 31.0
9, 211.0, 32.0
10, 465.0, 33.0
11, 202.0, 36.0
12, 684.0, 36.0
13, 212.0, 37.0
14, 461.0, 38.0
15, 664.0, 41.0
16, 126.0, 42.0
17, 641.0, 46.0
18, 354.0, 49.0
19, 616.0, 51.0
20, 126.0, 53.0
21, 13.0, 55.0
22, 603.0, 56.0
23, 215.0, 58.0
24, 577.0, 60.0
25, 717.0, 60.0
26, 563.0, 61.0
27, 602.0, 61.0
28, 558.0, 64.0
29, 578.0, 65.0
30, 458.0, 67.0
31, 589.0, 67.0
32, 537.0, 68.0
33, 310.0, 70.0
34, 579.0, 70.0
35, 519.0, 71.0
36, 211.0, 72.0
37, 708.0, 73.0
38, 471.0, 79.0
39, 14.0, 80.0
40, 482.0, 80.0
41, 498.0, 80.0
42, 578.0, 80.0
43, 587.0, 80.0
44, 599.0, 80.0
45, 457.0, 83.0
46, 215.0, 84.0
47, 600.0, 85.0
48, 470.0, 86.0
49, 443.0, 88.0
50, 678.0, 88.0
51, 218.0, 90.0
52, 600.0, 90.0
53, 224.0, 91.0
54, 590.0, 92.0
55, 423.0, 93.0
56, 576.0, 94.0
57, 706.0, 95.0
58, 397.0, 99.0
59, 608.0, 100.0
60, 430.0, 102.0
61, 467.0, 104.0
62, 288.0, 107.0
63, 352.0, 107.0
64, 14.0, 108.0
65, 640.0, 109.0
66, 305.0, 111.0
67, 529.0, 112.0
68, 25.0, 113.0
69, 418.0, 113.0
70, 578.0, 113.0
71, 319.0, 114.0
72, 631.0, 115.0
73, 441.0, 121.0
74, 606.0, 122.0
75, 115.0, 125.0
76, 468.0, 125.0
77, 530.0, 125.0
78, 506.0, 126.0
79, 577.0, 126.0
80, 552.0, 127.0
81, 304.0, 128.0
82, 318.0, 128.0
83, 329.0, 129.0
84, 526.0, 131.0
85, 700.0, 132.0
86, 740.0, 135.0
87, 710.0, 137.0
88, 305.0, 143.0
89, 329.0, 144.0
90, 304.0, 149.0
91, 329.0, 153.0
92, 304.0, 154.0
93, 221.0, 166.0
94, 226.0, 166.0
95, 215.0, 168.0
96, 275.0, 171.0
97, 304.0, 171.0
98, 329.0, 172.0
99, 432.0, 175.0
100, 215.0, 179.0
101, 317.0, 179.0
102, 420.0, 179.0
103, 518.0, 180.0
104, 579.0, 180.0
105, 608.0, 180.0
106, 704.0, 181.0
107, 227.0, 182.0
108, 249.0, 184.0
109, 590.0, 185.0
110, 119.0, 188.0
111, 438.0, 191.0
112, 558.0, 195.0
113, 119.0, 196.0
114, 227.0, 198.0
115, 461.0, 198.0
116, 317.0, 199.0
117, 250.0, 200.0
118, 275.0, 200.0
119, 262.0, 202.0
120, 703.0, 202.0
121, 411.0, 206.0
122, 317.0, 211.0
123, 412.0, 211.0
124, 460.0, 214.0
125, 520.0, 214.0
126, 604.0, 215.0
127, 226.0, 217.0
128, 276.0, 217.0
129, 597.0, 217.0
130, 263.0, 218.0
131, 668.0, 221.0
132, 595.0, 222.0
133, 418.0, 223.0
134, 472.0, 224.0
135, 627.0, 224.0
136, 742.0, 224.0
137, 685.0, 226.0
138, 216.0, 227.0
139, 299.0, 227.0
140, 702.0, 228.0
141, 318.0, 233.0
142, 275.0, 234.0
143, 535.0, 234.0
144, 408.0, 235.0
145, 223.0, 236.0
146, 378.0, 239.0
147, 456.0, 239.0
148, 517.0, 240.0
149, 392.0, 244.0
150, 597.0, 247.0
151, 441.0, 251.0
152, 479.0, 255.0
153, 604.0, 255.0
154, 496.0, 259.0
155, 699.0, 261.0
156, 411.0, 262.0
157, 683.0, 262.0
158, 671.0, 265.0
159, 596.0, 267.0
160, 653.0, 276.0
161, 514.0, 279.0
162, 411.0, 281.0
163, 735.0, 282.0
164, 501.0, 285.0
165, 697.0, 285.0
166, 602.0, 288.0
167, 678.0, 293.0
168, 219.0, 295.0
169, 515.0, 297.0
170, 208.0, 298.0
171, 213.0, 298.0
172, 537.0, 301.0
173, 132.0, 302.0
174, 155.0, 302.0
175, 456.0, 303.0
176, 741.0, 304.0
177, 343.0, 305.0
178, 127.0, 306.0
179, 156.0, 307.0
180, 171.0, 307.0
181, 176.0, 307.0
182, 609.0, 308.0
183, 651.0, 308.0
184, 589.0, 310.0
185, 129.0, 311.0
186, 359.0, 314.0
187, 513.0, 315.0
188, 128.0, 316.0
189, 588.0, 332.0
190, 226.0, 341.0
191, 317.0, 342.0
192, 597.0, 343.0
193, 587.0, 348.0
194, 679.0, 349.0
195, 700.0, 355.0
196, 213.0, 363.0
197, 222.0, 367.0
198, 452.0, 368.0
199, 372.0, 369.0
200, 698.0, 369.0
201, 227.0, 370.0
202, 330.0, 371.0
203, 389.0, 374.0
204, 178.0, 375.0
205, 405.0, 375.0
206, 503.0, 379.0
207, 585.0, 382.0
208, 574.0, 384.0
209, 517.0, 385.0
210, 453.0, 387.0
211, 133.0, 389.0
212, 224.0, 397.0
213, 507.0, 397.0
214, 212.0, 398.0
215, 456.0, 402.0
216, 308.0, 405.0
217, 501.0, 406.0
218, 351.0, 407.0
219, 385.0, 408.0
220, 591.0, 410.0
221, 572.0, 412.0
222, 666.0, 413.0
223, 653.0, 414.0
224, 325.0, 415.0
225, 339.0, 415.0
226, 332.0, 422.0
227, 301.0, 424.0
228, 350.0, 424.0
229, 372.0, 425.0
230, 224.0, 426.0
231, 289.0, 426.0
232, 337.0, 426.0
233, 282.0, 428.0
234, 253.0, 433.0
235, 266.0, 433.0
236, 301.0, 434.0
237, 311.0, 435.0
238, 590.0, 436.0
239, 356.0, 438.0
240, 540.0, 439.0
241, 213.0, 440.0
242, 241.0, 440.0
243, 290.0, 442.0
244, 227.0, 443.0
245, 369.0, 445.0
246, 261.0, 446.0
247, 380.0, 446.0
248, 398.0, 446.0
249, 271.0, 448.0
250, 358.0, 449.0
251, 239.0, 450.0
252, 169.0, 453.0
253, 138.0, 455.0
254, 390.0, 455.0
255, 219.0, 457.0
256, 258.0, 457.0
257, 359.0, 459.0
258, 372.0, 459.0
259, 138.0, 460.0
260, 391.0, 460.0
261, 166.0, 465.0
262, 294.0, 466.0
263, 412.0, 466.0
264, 256.0, 468.0
265, 214.0, 469.0
266, 102.0, 471.0
267, 140.0, 471.0
