0, 546.0, 8.0
1, 438.0, 9.0
2, 438.0, 14.0
3, 545.0, 14.0
4, 544.0, 19.0
5, 544.0, 24.0
6, 662.0, 45.0
7, 653.0, 47.0
8, 434.0, 48.0
9, 661.0, 50.0
10, 540.0, 56.0
11, 51.0, 63.0
12, 539.0, 64.0
13, 622.0, 65.0
14, 538.0, 69.0
15, 52.0, 72.0
16, 410.0, 72.0
17, 432.0, 74.0
18, 432.0, 80.0
19, 54.0, 83.0
20, 431.0, 85.0
21, 324.0, 90.0
22, 431.0, 90.0
23, 26.0, 97.0
24, 59.0, 97.0
25, 430.0, 97.0
26, 64.0, 98.0
27, 75.0, 99.0
28, 430.0, 102.0
29, 222.0, 106.0
30, 227.0, 107.0
31, 24.0, 109.0
32, 238.0, 109.0
33, 264.0, 109.0
34, 320.0, 109.0
35, 429.0, 115.0
36, 70.0, 116.0
37, 428.0, 120.0
38, 376.0, 122.0
39, 460.0, 124.0
40, 324.0, 125.0
41, 528.0, 128.0
42, 23.0, 134.0
43, 66.0, 137.0
44, 428.0, 137.0
45, 323.0, 139.0
46, 428.0, 142.0
47, 527.0, 142.0
48, 494.0, 145.0
49, 80.0, 149.0
50, 581.0, 149.0
51, 610.0, 152.0
52, 324.0, 154.0
53, 427.0, 154.0
54, 631.0, 154.0
55, 23.0, 155.0
56, 636.0, 157.0
57, 324.0, 165.0
58, 637.0, 169.0
59, 24.0, 170.0
60, 98.0, 181.0
61, 23.0, 183.0
62, 304.0, 184.0
63, 452.0, 184.0
64, 110.0, 193.0
65, 306.0, 196.0
66, 293.0, 199.0
67, 167.0, 200.0
68, 117.0, 201.0
69, 144.0, 205.0
70, 132.0, 206.0
71, 158.0, 209.0
72, 259.0, 212.0
73, 266.0, 212.0
74, 179.0, 213.0
75, 189.0, 213.0
76, 271.0, 213.0
77, 280.0, 214.0
78, 165.0, 216.0
79, 149.0, 217.0
80, 124.0, 218.0
81, 251.0, 218.0
82, 230.0, 221.0
83, 242.0, 221.0
84, 167.0, 225.0
85, 207.0, 225.0
86, 161.0, 227.0
87, 153.0, 230.0
88, 277.0, 233.0
89, 164.0, 260.0
90, 141.0, 264.0
91, 128.0, 268.0
92, 112.0, 271.0
93, 294.0, 305.0
94, 37.0, 331.0
95, 511.0, 344.0
96, 440.0, 352.0
97, 225.0, 384.0
98, 563.0, 416.0
99, 138.0, 429.0
100, 596.0, 443.0
101, 257.0, 466.0
