0, 310.0, 381.0
1, 317.0, 351.0
2, 472.0, 283.0
3, 536.0, 210.0
4, 323.0, 290.0
5, 460.0, 251.0
6, 458.0, 303.0
7, 261.0, 230.0
8, 410.0, 125.0
9, 404.0, 153.0
10, 456.0, 289.0
11, 450.0, 313.0
12, 501.0, 260.0
13, 450.0, 259.0
14, 332.0, 420.0
15, 323.0, 380.0
16, 469.0, 444.0
17, 227.0, 50.0
18, 332.0, 289.0
19, 325.0, 279.0
20, 460.0, 200.0
21, 247.0, 179.0
22, 449.0, 299.0
23, 299.0, 375.0
24, 339.0, 362.0
25, 199.0, 22.0
26, 300.0, 383.0
27, 346.0, 408.0
28, 252.0, 284.0
29, 432.0, 444.0
30, 22.0, 383.0
31, 29.0, 397.0
32, 656.0, 251.0
33, 442.0, 247.0
34, 276.0, 203.0
35, 525.0, 208.0
36, 271.0, 137.0
37, 373.0, 169.0
38, 314.0, 365.0
39, 441.0, 310.0
40, 306.0, 282.0
41, 363.0, 178.0
42, 392.0, 149.0
43, 291.0, 277.0
44, 432.0, 217.0
45, 156.0, 406.0
46, 431.0, 206.0
47, 356.0, 51.0
48, 337.0, 187.0
49, 431.0, 322.0
50, 410.0, 181.0
51, 389.0, 408.0
52, 199.0, 12.0
53, 298.0, 366.0
54, 599.0, 241.0
55, 304.0, 396.0
56, 567.0, 262.0
57, 240.0, 57.0
58, 425.0, 119.0
59, 227.0, 448.0
60, 268.0, 45.0
61, 503.0, 229.0
62, 313.0, 216.0
63, 248.0, 211.0
64, 544.0, 63.0
65, 225.0, 30.0
66, 579.0, 120.0
67, 285.0, 24.0
68, 524.0, 246.0
69, 588.0, 303.0
70, 309.0, 371.0
71, 279.0, 383.0
72, 709.0, 229.0
73, 337.0, 302.0
74, 466.0, 293.0
75, 200.0, 57.0
76, 443.0, 199.0
77, 664.0, 218.0
78, 559.0, 226.0
79, 247.0, 194.0
80, 545.0, 270.0
81, 363.0, 207.0
82, 441.0, 325.0
83, 239.0, 313.0
84, 673.0, 241.0
85, 226.0, 38.0
86, 648.0, 358.0
87, 279.0, 157.0
88, 500.0, 216.0
89, 480.0, 214.0
90, 672.0, 255.0
91, 449.0, 267.0
92, 429.0, 341.0
93, 608.0, 59.0
94, 315.0, 189.0
95, 396.0, 131.0
96, 332.0, 339.0
97, 693.0, 231.0
98, 477.0, 225.0
99, 685.0, 464.0
100, 338.0, 316.0
101, 514.0, 209.0
102, 247.0, 443.0
103, 14.0, 403.0
104, 659.0, 442.0
105, 430.0, 226.0
106, 288.0, 204.0
107, 323.0, 308.0
108, 521.0, 276.0
109, 274.0, 357.0
110, 52.0, 136.0
111, 402.0, 380.0
112, 571.0, 238.0
113, 422.0, 133.0
114, 622.0, 122.0
115, 615.0, 300.0
116, 498.0, 238.0
117, 728.0, 377.0
118, 516.0, 46.0
119, 236.0, 292.0
120, 589.0, 261.0
121, 236.0, 273.0
122, 247.0, 227.0
123, 315.0, 20.0
124, 221.0, 124.0
125, 331.0, 350.0
126, 222.0, 297.0
127, 265.0, 188.0
128, 249.0, 271.0
129, 599.0, 106.0
130, 217.0, 59.0
131, 723.0, 276.0
132, 322.0, 371.0
133, 709.0, 417.0
134, 238.0, 225.0
135, 667.0, 266.0
136, 452.0, 232.0
137, 477.0, 235.0
138, 348.0, 435.0
139, 239.0, 209.0
140, 684.0, 293.0
141, 555.0, 249.0
142, 456.0, 387.0
143, 421.0, 237.0
144, 345.0, 315.0
145, 315.0, 201.0
146, 378.0, 180.0
147, 392.0, 179.0
148, 740.0, 386.0
149, 489.0, 120.0
150, 563.0, 279.0
151, 316.0, 37.0
152, 691.0, 373.0
153, 362.0, 350.0
154, 703.0, 273.0
155, 129.0, 343.0
156, 207.0, 304.0
157, 539.0, 102.0
158, 630.0, 367.0
159, 465.0, 281.0
160, 412.0, 242.0
161, 548.0, 82.0
162, 344.0, 33.0
163, 418.0, 111.0
164, 726.0, 263.0
165, 283.0, 411.0
166, 292.0, 220.0
167, 559.0, 292.0
168, 475.0, 463.0
169, 663.0, 428.0
170, 657.0, 363.0
171, 492.0, 382.0
172, 196.0, 36.0
173, 287.0, 350.0
174, 229.0, 331.0
175, 265.0, 92.0
176, 412.0, 355.0
177, 483.0, 446.0
178, 292.0, 188.0
179, 207.0, 30.0
180, 330.0, 406.0
181, 310.0, 49.0
182, 76.0, 364.0
183, 337.0, 203.0
184, 372.0, 131.0
185, 580.0, 62.0
186, 673.0, 372.0
187, 347.0, 189.0
188, 603.0, 282.0
189, 730.0, 210.0
190, 492.0, 198.0
191, 482.0, 275.0
192, 144.0, 165.0
193, 238.0, 13.0
194, 707.0, 334.0
195, 650.0, 77.0
196, 243.0, 304.0
197, 256.0, 93.0
198, 644.0, 98.0
199, 415.0, 393.0
200, 595.0, 269.0
201, 289.0, 42.0
202, 401.0, 183.0
203, 256.0, 341.0
204, 382.0, 394.0
205, 235.0, 282.0
206, 667.0, 409.0
207, 235.0, 39.0
208, 729.0, 223.0
209, 649.0, 440.0
210, 189.0, 122.0
211, 420.0, 337.0
212, 391.0, 376.0
213, 206.0, 125.0
214, 390.0, 165.0
215, 211.0, 43.0
216, 339.0, 383.0
217, 240.0, 129.0
218, 403.0, 166.0
219, 232.0, 92.0
220, 346.0, 331.0
221, 237.0, 328.0
222, 422.0, 157.0
223, 349.0, 204.0
224, 577.0, 294.0
225, 341.0, 351.0
226, 315.0, 133.0
227, 248.0, 8.0
228, 623.0, 265.0
229, 608.0, 195.0
230, 576.0, 202.0
231, 323.0, 464.0
232, 22.0, 432.0
233, 618.0, 286.0
234, 277.0, 285.0
235, 519.0, 264.0
236, 388.0, 439.0
237, 642.0, 309.0
238, 714.0, 438.0
239, 376.0, 402.0
240, 321.0, 48.0
241, 242.0, 92.0
242, 707.0, 393.0
243, 709.0, 455.0
244, 85.0, 113.0
245, 276.0, 111.0
246, 396.0, 256.0
247, 258.0, 219.0
248, 603.0, 298.0
249, 360.0, 249.0
250, 147.0, 298.0
251, 176.0, 315.0
252, 726.0, 353.0
253, 233.0, 417.0
254, 149.0, 120.0
255, 719.0, 285.0
256, 234.0, 125.0
257, 527.0, 378.0
258, 411.0, 133.0
259, 265.0, 57.0
260, 182.0, 423.0
261, 419.0, 416.0
262, 440.0, 183.0
263, 688.0, 431.0
264, 595.0, 369.0
265, 291.0, 100.0
266, 204.0, 42.0
267, 312.0, 270.0
268, 487.0, 244.0
269, 700.0, 293.0
270, 325.0, 27.0
271, 318.0, 270.0
272, 735.0, 366.0
273, 193.0, 309.0
274, 588.0, 251.0
275, 295.0, 324.0
276, 218.0, 40.0
277, 561.0, 373.0
278, 583.0, 277.0
279, 39.0, 241.0
280, 633.0, 232.0
281, 355.0, 77.0
282, 344.0, 59.0
283, 623.0, 244.0
284, 421.0, 176.0
285, 639.0, 204.0
286, 742.0, 469.0
287, 360.0, 374.0
288, 640.0, 470.0
289, 522.0, 231.0
290, 681.0, 122.0
291, 520.0, 460.0
292, 352.0, 331.0
293, 608.0, 255.0
294, 318.0, 280.0
295, 424.0, 187.0
296, 520.0, 284.0
297, 703.0, 427.0
298, 50.0, 374.0
299, 700.0, 121.0
300, 56.0, 396.0
301, 467.0, 433.0
302, 451.0, 198.0
303, 463.0, 234.0
304, 726.0, 231.0
305, 48.0, 112.0
306, 384.0, 139.0
307, 300.0, 37.0
308, 652.0, 268.0
309, 329.0, 302.0
310, 690.0, 317.0
311, 259.0, 116.0
312, 129.0, 427.0
313, 292.0, 131.0
314, 72.0, 432.0
315, 617.0, 145.0
316, 171.0, 326.0
317, 418.0, 259.0
318, 370.0, 374.0
319, 346.0, 43.0
320, 380.0, 163.0
321, 577.0, 257.0
322, 544.0, 106.0
323, 561.0, 120.0
324, 681.0, 447.0
325, 362.0, 225.0
326, 38.0, 41.0
327, 81.0, 427.0
328, 409.0, 171.0
329, 356.0, 41.0
330, 237.0, 246.0
331, 592.0, 82.0
332, 547.0, 90.0
333, 538.0, 248.0
334, 356.0, 428.0
335, 264.0, 158.0
336, 466.0, 211.0
337, 734.0, 199.0
338, 323.0, 132.0
339, 312.0, 62.0
340, 305.0, 22.0
341, 245.0, 294.0
342, 277.0, 292.0
343, 334.0, 385.0
344, 333.0, 46.0
345, 240.0, 186.0
346, 520.0, 455.0
347, 365.0, 374.0
348, 551.0, 237.0
349, 599.0, 97.0
350, 248.0, 244.0
351, 196.0, 44.0
352, 631.0, 243.0
353, 542.0, 223.0
354, 675.0, 432.0
355, 361.0, 432.0
356, 16.0, 393.0
357, 569.0, 250.0
358, 68.0, 437.0
359, 353.0, 349.0
360, 559.0, 74.0
361, 578.0, 267.0
362, 738.0, 433.0
363, 209.0, 19.0
364, 372.0, 157.0
365, 526.0, 457.0
366, 81.0, 386.0
367, 329.0, 467.0
368, 268.0, 124.0
369, 724.0, 424.0
370, 517.0, 450.0
371, 736.0, 247.0
372, 727.0, 244.0
373, 179.0, 283.0
374, 538.0, 317.0
375, 516.0, 466.0
376, 595.0, 92.0
377, 340.0, 72.0
378, 600.0, 372.0
379, 296.0, 22.0
380, 59.0, 447.0
381, 664.0, 403.0
382, 566.0, 377.0
383, 306.0, 199.0
384, 295.0, 207.0
385, 527.0, 221.0
386, 472.0, 433.0
387, 258.0, 177.0
388, 455.0, 221.0
389, 452.0, 210.0
390, 396.0, 377.0
391, 239.0, 174.0
392, 178.0, 339.0
393, 488.0, 235.0
394, 590.0, 367.0
395, 444.0, 154.0
396, 516.0, 201.0
397, 237.0, 93.0
398, 225.0, 365.0
399, 305.0, 216.0
400, 686.0, 119.0
401, 214.0, 11.0
402, 461.0, 439.0
403, 217.0, 29.0
404, 414.0, 418.0
405, 402.0, 139.0
406, 27.0, 136.0
407, 429.0, 108.0
408, 421.0, 471.0
409, 671.0, 468.0
410, 705.0, 468.0
411, 696.0, 221.0
412, 8.0, 442.0
413, 569.0, 70.0
414, 239.0, 181.0
415, 223.0, 247.0
416, 261.0, 214.0
417, 693.0, 120.0
418, 280.0, 353.0
419, 613.0, 254.0
420, 417.0, 197.0
421, 352.0, 191.0
422, 588.0, 286.0
423, 643.0, 448.0
424, 610.0, 180.0
425, 231.0, 9.0
426, 141.0, 398.0
427, 421.0, 182.0
428, 727.0, 464.0
429, 613.0, 168.0
430, 594.0, 100.0
431, 695.0, 326.0
432, 399.0, 223.0
433, 645.0, 88.0
434, 390.0, 459.0
435, 88.0, 148.0
436, 628.0, 294.0
437, 43.0, 112.0
438, 526.0, 469.0
439, 124.0, 433.0
440, 609.0, 186.0
441, 292.0, 57.0
442, 719.0, 424.0
443, 521.0, 465.0
444, 421.0, 409.0
445, 492.0, 193.0
446, 218.0, 96.0
447, 718.0, 430.0
448, 643.0, 259.0
449, 182.0, 391.0
450, 300.0, 216.0
451, 720.0, 295.0
452, 644.0, 253.0
453, 399.0, 228.0
454, 620.0, 135.0
455, 225.0, 224.0
456, 605.0, 208.0
457, 39.0, 46.0
458, 218.0, 79.0
459, 219.0, 104.0
460, 651.0, 273.0
461, 616.0, 150.0
462, 19.0, 97.0
463, 17.0, 434.0
464, 413.0, 257.0
465, 137.0, 359.0
466, 250.0, 295.0
467, 8.0, 389.0
468, 336.0, 409.0
469, 76.0, 387.0
470, 204.0, 52.0
471, 291.0, 95.0
472, 413.0, 141.0
473, 443.0, 191.0
474, 405.0, 255.0
475, 469.0, 204.0
476, 556.0, 120.0
477, 73.0, 102.0
478, 227.0, 422.0
479, 146.0, 315.0
480, 580.0, 114.0
481, 399.0, 236.0
482, 361.0, 427.0
483, 82.0, 373.0
484, 607.0, 307.0
485, 158.0, 471.0
486, 603.0, 221.0
487, 183.0, 242.0
488, 280.0, 95.0
489, 177.0, 428.0
490, 738.0, 400.0
491, 346.0, 199.0
492, 588.0, 73.0
493, 287.0, 189.0
494, 342.0, 216.0
495, 439.0, 400.0
496, 739.0, 196.0
497, 695.0, 471.0
498, 186.0, 184.0
499, 628.0, 255.0
