0, 580.0, 14.0
1, 671.0, 21.0
2, 614.0, 22.0
3, 625.0, 22.0
4, 644.0, 22.0
5, 600.0, 23.0
6, 701.0, 23.0
7, 656.0, 24.0
8, 720.0, 24.0
9, 593.0, 25.0
10, 738.0, 26.0
11, 685.0, 27.0
12, 655.0, 29.0
13, 171.0, 31.0
14, 192.0, 31.0
15, 244.0, 31.0
16, 157.0, 32.0
17, 230.0, 32.0
18, 257.0, 32.0
19, 209.0, 33.0
20, 80.0, 34.0
21, 103.0, 34.0
22, 116.0, 34.0
23, 144.0, 34.0
24, 182.0, 34.0
25, 64.0, 35.0
26, 59.0, 36.0
27, 36.0, 38.0
28, 19.0, 39.0
29, 577.0, 39.0
30, 635.0, 43.0
31, 19.0, 44.0
32, 622.0, 45.0
33, 681.0, 46.0
34, 658.0, 49.0
35, 719.0, 50.0
36, 621.0, 53.0
37, 58.0, 58.0
38, 620.0, 58.0
39, 706.0, 60.0
40, 58.0, 65.0
41, 705.0, 65.0
42, 671.0, 79.0
43, 588.0, 83.0
44, 669.0, 84.0
45, 46.0, 86.0
46, 588.0, 88.0
47, 47.0, 91.0
48, 582.0, 93.0
49, 589.0, 93.0
50, 48.0, 96.0
51, 735.0, 98.0
52, 743.0, 98.0
53, 730.0, 99.0
54, 667.0, 102.0
55, 677.0, 102.0
56, 497.0, 104.0
57, 644.0, 105.0
58, 639.0, 107.0
59, 496.0, 109.0
60, 612.0, 109.0
61, 633.0, 109.0
62, 386.0, 110.0
63, 581.0, 111.0
64, 602.0, 111.0
65, 617.0, 111.0
66, 557.0, 112.0
67, 562.0, 112.0
68, 568.0, 112.0
69, 573.0, 112.0
70, 295.0, 116.0
71, 497.0, 116.0
72, 266.0, 118.0
73, 618.0, 118.0
74, 53.0, 120.0
75, 600.0, 127.0
76, 136.0, 132.0
77, 244.0, 132.0
78, 207.0, 133.0
79, 496.0, 133.0
80, 163.0, 135.0
81, 601.0, 135.0
82, 615.0, 135.0
83, 266.0, 138.0
84, 60.0, 139.0
85, 66.0, 140.0
86, 36.0, 141.0
87, 72.0, 141.0
88, 256.0, 143.0
89, 596.0, 146.0
90, 61.0, 151.0
91, 210.0, 155.0
92, 211.0, 160.0
93, 386.0, 160.0
94, 495.0, 164.0
95, 64.0, 165.0
96, 269.0, 166.0
97, 496.0, 169.0
98, 495.0, 178.0
99, 610.0, 180.0
100, 214.0, 185.0
101, 215.0, 192.0
102, 71.0, 193.0
103, 591.0, 194.0
104, 75.0, 209.0
105, 494.0, 209.0
106, 251.0, 210.0
107, 494.0, 214.0
108, 386.0, 216.0
109, 79.0, 217.0
110, 219.0, 222.0
111, 250.0, 225.0
112, 386.0, 226.0
113, 96.0, 229.0
114, 219.0, 229.0
115, 61.0, 233.0
116, 78.0, 234.0
117, 219.0, 234.0
118, 587.0, 239.0
119, 602.0, 239.0
120, 387.0, 248.0
121, 100.0, 250.0
122, 256.0, 251.0
123, 87.0, 259.0
124, 387.0, 259.0
125, 229.0, 261.0
126, 277.0, 264.0
127, 103.0, 265.0
128, 218.0, 268.0
129, 90.0, 269.0
130, 230.0, 269.0
131, 277.0, 269.0
132, 491.0, 269.0
133, 104.0, 270.0
134, 387.0, 272.0
135, 387.0, 277.0
136, 189.0, 278.0
137, 280.0, 279.0
138, 388.0, 282.0
139, 95.0, 285.0
140, 34.0, 288.0
141, 109.0, 288.0
142, 388.0, 288.0
143, 490.0, 288.0
144, 269.0, 289.0
145, 225.0, 293.0
146, 179.0, 296.0
147, 193.0, 296.0
148, 163.0, 297.0
149, 281.0, 301.0
150, 389.0, 301.0
151, 107.0, 303.0
152, 113.0, 303.0
153, 101.0, 304.0
154, 83.0, 305.0
155, 389.0, 306.0
156, 63.0, 307.0
157, 41.0, 311.0
158, 390.0, 312.0
159, 490.0, 312.0
160, 285.0, 313.0
161, 13.0, 314.0
162, 8.0, 315.0
163, 489.0, 317.0
164, 282.0, 323.0
165, 398.0, 324.0
166, 384.0, 326.0
167, 389.0, 326.0
168, 376.0, 327.0
169, 282.0, 328.0
170, 371.0, 328.0
171, 363.0, 329.0
172, 356.0, 330.0
173, 347.0, 331.0
174, 391.0, 334.0
175, 399.0, 334.0
176, 383.0, 335.0
177, 284.0, 336.0
178, 490.0, 336.0
179, 376.0, 337.0
180, 365.0, 338.0
181, 371.0, 338.0
182, 356.0, 339.0
183, 348.0, 340.0
184, 399.0, 341.0
185, 391.0, 343.0
186, 348.0, 345.0
187, 375.0, 345.0
188, 381.0, 345.0
189, 370.0, 346.0
190, 357.0, 347.0
191, 363.0, 347.0
192, 741.0, 347.0
193, 348.0, 350.0
194, 399.0, 350.0
195, 389.0, 352.0
196, 739.0, 352.0
197, 378.0, 353.0
198, 383.0, 353.0
199, 371.0, 354.0
200, 365.0, 355.0
201, 357.0, 356.0
202, 349.0, 357.0
203, 400.0, 358.0
204, 371.0, 359.0
205, 392.0, 359.0
206, 387.0, 360.0
207, 379.0, 361.0
208, 364.0, 363.0
209, 358.0, 364.0
210, 488.0, 364.0
211, 349.0, 365.0
212, 378.0, 366.0
213, 400.0, 366.0
214, 372.0, 367.0
215, 365.0, 368.0
216, 390.0, 368.0
217, 383.0, 369.0
218, 350.0, 370.0
219, 358.0, 373.0
220, 378.0, 373.0
221, 401.0, 374.0
222, 366.0, 375.0
223, 371.0, 375.0
224, 393.0, 375.0
225, 388.0, 376.0
226, 350.0, 378.0
227, 380.0, 378.0
228, 732.0, 379.0
229, 365.0, 380.0
230, 359.0, 381.0
231, 374.0, 382.0
232, 402.0, 382.0
233, 394.0, 384.0
234, 731.0, 384.0
235, 387.0, 385.0
236, 380.0, 386.0
237, 351.0, 387.0
238, 373.0, 387.0
239, 366.0, 388.0
240, 359.0, 389.0
241, 351.0, 392.0
242, 402.0, 392.0
243, 393.0, 393.0
244, 387.0, 394.0
245, 381.0, 395.0
246, 373.0, 396.0
247, 361.0, 397.0
248, 366.0, 397.0
249, 352.0, 399.0
250, 287.0, 400.0
251, 289.0, 406.0
252, 288.0, 411.0
253, 336.0, 414.0
254, 361.0, 414.0
255, 286.0, 416.0
256, 308.0, 420.0
257, 316.0, 420.0
258, 367.0, 422.0
259, 372.0, 422.0
260, 377.0, 425.0
261, 327.0, 426.0
262, 315.0, 427.0
263, 285.0, 428.0
264, 303.0, 428.0
265, 334.0, 431.0
266, 266.0, 432.0
267, 390.0, 432.0
268, 719.0, 433.0
269, 261.0, 434.0
270, 572.0, 436.0
271, 308.0, 437.0
272, 317.0, 437.0
273, 681.0, 437.0
274, 260.0, 439.0
275, 577.0, 439.0
276, 343.0, 441.0
277, 572.0, 441.0
278, 352.0, 445.0
279, 258.0, 446.0
280, 323.0, 447.0
281, 163.0, 448.0
282, 311.0, 448.0
283, 295.0, 450.0
284, 574.0, 450.0
285, 362.0, 451.0
286, 536.0, 451.0
287, 642.0, 451.0
288, 333.0, 452.0
289, 173.0, 456.0
290, 539.0, 456.0
291, 369.0, 457.0
292, 316.0, 458.0
293, 311.0, 459.0
294, 401.0, 460.0
295, 16.0, 461.0
296, 344.0, 461.0
297, 566.0, 461.0
298, 571.0, 461.0
299, 245.0, 462.0
300, 143.0, 463.0
301, 286.0, 463.0
302, 545.0, 463.0
303, 623.0, 465.0
304, 388.0, 467.0
305, 398.0, 468.0
306, 358.0, 469.0
307, 393.0, 469.0
308, 168.0, 471.0
309, 370.0, 471.0
