0, 135.0, 8.0
1, 662.0, 8.0
2, 657.0, 19.0
3, 250.0, 21.0
4, 266.0, 25.0
5, 681.0, 28.0
6, 281.0, 30.0
7, 652.0, 30.0
8, 672.0, 30.0
9, 214.0, 32.0
10, 294.0, 32.0
11, 696.0, 32.0
12, 297.0, 37.0
13, 178.0, 40.0
14, 712.0, 42.0
15, 321.0, 44.0
16, 320.0, 49.0
17, 341.0, 51.0
18, 336.0, 53.0
19, 693.0, 53.0
20, 325.0, 56.0
21, 357.0, 56.0
22, 214.0, 57.0
23, 370.0, 60.0
24, 389.0, 63.0
25, 280.0, 70.0
26, 318.0, 71.0
27, 300.0, 72.0
28, 418.0, 73.0
29, 334.0, 75.0
30, 436.0, 79.0
31, 392.0, 85.0
32, 446.0, 85.0
33, 338.0, 86.0
34, 427.0, 88.0
35, 690.0, 88.0
36, 215.0, 89.0
37, 280.0, 89.0
38, 464.0, 89.0
39, 681.0, 91.0
40, 447.0, 96.0
41, 680.0, 96.0
42, 336.0, 102.0
43, 386.0, 103.0
44, 391.0, 105.0
45, 415.0, 106.0
46, 443.0, 107.0
47, 457.0, 111.0
48, 424.0, 118.0
49, 172.0, 123.0
50, 380.0, 124.0
51, 267.0, 126.0
52, 268.0, 131.0
53, 128.0, 132.0
54, 387.0, 135.0
55, 269.0, 136.0
56, 454.0, 138.0
57, 130.0, 139.0
58, 206.0, 140.0
59, 134.0, 144.0
60, 206.0, 145.0
61, 336.0, 146.0
62, 385.0, 151.0
63, 206.0, 159.0
64, 350.0, 161.0
65, 622.0, 162.0
66, 722.0, 163.0
67, 270.0, 165.0
68, 667.0, 167.0
69, 672.0, 168.0
70, 222.0, 171.0
71, 448.0, 171.0
72, 380.0, 174.0
73, 630.0, 175.0
74, 326.0, 176.0
75, 675.0, 176.0
76, 711.0, 179.0
77, 731.0, 179.0
78, 93.0, 180.0
79, 663.0, 180.0
80, 201.0, 181.0
81, 693.0, 182.0
82, 213.0, 183.0
83, 29.0, 184.0
84, 625.0, 184.0
85, 597.0, 185.0
86, 592.0, 186.0
87, 641.0, 187.0
88, 615.0, 188.0
89, 701.0, 188.0
90, 379.0, 189.0
91, 423.0, 191.0
92, 592.0, 191.0
93, 678.0, 191.0
94, 708.0, 193.0
95, 636.0, 195.0
96, 690.0, 195.0
97, 726.0, 195.0
98, 652.0, 197.0
99, 182.0, 199.0
100, 228.0, 202.0
101, 630.0, 202.0
102, 680.0, 202.0
103, 268.0, 204.0
104, 77.0, 205.0
105, 614.0, 207.0
106, 722.0, 208.0
107, 700.0, 209.0
108, 671.0, 210.0
109, 640.0, 211.0
110, 320.0, 213.0
111, 655.0, 214.0
112, 38.0, 216.0
113, 682.0, 220.0
114, 43.0, 222.0
115, 319.0, 222.0
116, 671.0, 222.0
117, 585.0, 223.0
118, 634.0, 223.0
119, 619.0, 224.0
120, 592.0, 226.0
121, 649.0, 227.0
122, 654.0, 228.0
123, 132.0, 229.0
124, 250.0, 229.0
125, 607.0, 229.0
126, 223.0, 232.0
127, 668.0, 232.0
128, 600.0, 235.0
129, 627.0, 235.0
130, 264.0, 238.0
131, 554.0, 238.0
132, 578.0, 238.0
133, 605.0, 238.0
134, 593.0, 241.0
135, 330.0, 242.0
136, 646.0, 242.0
137, 412.0, 243.0
138, 71.0, 244.0
139, 317.0, 244.0
140, 429.0, 246.0
141, 434.0, 247.0
142, 588.0, 249.0
143, 204.0, 250.0
144, 665.0, 251.0
145, 263.0, 255.0
146, 314.0, 255.0
147, 477.0, 256.0
148, 578.0, 256.0
149, 646.0, 256.0
150, 516.0, 257.0
151, 399.0, 258.0
152, 34.0, 259.0
153, 613.0, 260.0
154, 363.0, 261.0
155, 662.0, 261.0
156, 49.0, 264.0
157, 634.0, 264.0
158, 571.0, 265.0
159, 291.0, 266.0
160, 371.0, 266.0
161, 414.0, 267.0
162, 585.0, 267.0
163, 79.0, 268.0
164, 642.0, 268.0
165, 612.0, 269.0
166, 54.0, 270.0
167, 291.0, 271.0
168, 653.0, 272.0
169, 490.0, 273.0
170, 593.0, 274.0
171, 634.0, 274.0
172, 598.0, 277.0
173, 311.0, 280.0
174, 605.0, 280.0
175, 621.0, 281.0
176, 577.0, 287.0
177, 642.0, 287.0
178, 25.0, 289.0
179, 134.0, 292.0
180, 504.0, 292.0
181, 635.0, 292.0
182, 59.0, 293.0
183, 62.0, 300.0
184, 317.0, 300.0
185, 701.0, 303.0
186, 576.0, 310.0
187, 534.0, 311.0
188, 196.0, 315.0
189, 288.0, 315.0
190, 517.0, 319.0
191, 312.0, 323.0
192, 260.0, 332.0
193, 196.0, 334.0
194, 248.0, 334.0
195, 572.0, 335.0
196, 354.0, 336.0
197, 380.0, 336.0
198, 581.0, 339.0
199, 586.0, 340.0
200, 610.0, 344.0
201, 636.0, 344.0
202, 337.0, 345.0
203, 198.0, 346.0
204, 126.0, 347.0
205, 316.0, 348.0
206, 94.0, 349.0
207, 63.0, 351.0
208, 503.0, 352.0
209, 606.0, 354.0
210, 655.0, 356.0
211, 503.0, 357.0
212, 632.0, 357.0
213, 347.0, 362.0
214, 503.0, 362.0
215, 632.0, 362.0
216, 650.0, 367.0
217, 605.0, 368.0
218, 583.0, 370.0
219, 616.0, 370.0
220, 588.0, 371.0
221, 593.0, 373.0
222, 660.0, 379.0
223, 665.0, 383.0
224, 117.0, 387.0
225, 131.0, 390.0
226, 136.0, 391.0
227, 735.0, 397.0
228, 423.0, 400.0
229, 599.0, 402.0
230, 721.0, 406.0
231, 266.0, 407.0
232, 76.0, 411.0
233, 263.0, 412.0
234, 84.0, 414.0
235, 90.0, 415.0
236, 593.0, 415.0
237, 131.0, 417.0
238, 184.0, 418.0
239, 722.0, 418.0
240, 616.0, 420.0
241, 255.0, 422.0
242, 186.0, 423.0
243, 602.0, 423.0
244, 230.0, 424.0
245, 214.0, 425.0
246, 85.0, 426.0
247, 169.0, 431.0
248, 156.0, 436.0
249, 245.0, 437.0
250, 447.0, 437.0
251, 163.0, 442.0
252, 90.0, 444.0
253, 56.0, 446.0
254, 213.0, 446.0
255, 710.0, 447.0
256, 51.0, 448.0
257, 146.0, 448.0
258, 13.0, 452.0
259, 232.0, 452.0
260, 8.0, 453.0
261, 178.0, 453.0
262, 205.0, 454.0
263, 151.0, 455.0
264, 196.0, 460.0
265, 249.0, 462.0
266, 284.0, 462.0
267, 207.0, 466.0
268, 171.0, 470.0
269, 266.0, 470.0
270, 287.0, 470.0
271, 218.0, 471.0
272, 242.0, 471.0
