0, 670.0, 8.0
1, 732.0, 8.0
2, 658.0, 10.0
3, 541.0, 14.0
4, 623.0, 15.0
5, 645.0, 17.0
6, 711.0, 17.0
7, 675.0, 25.0
8, 537.0, 27.0
9, 664.0, 29.0
10, 536.0, 34.0
11, 663.0, 34.0
12, 631.0, 36.0
13, 536.0, 39.0
14, 535.0, 50.0
15, 14.0, 63.0
16, 533.0, 66.0
17, 49.0, 70.0
18, 50.0, 75.0
19, 532.0, 80.0
20, 17.0, 85.0
21, 528.0, 91.0
22, 101.0, 98.0
23, 179.0, 102.0
24, 491.0, 103.0
25, 546.0, 103.0
26, 565.0, 103.0
27, 145.0, 104.0
28, 526.0, 104.0
29, 506.0, 106.0
30, 140.0, 107.0
31, 646.0, 109.0
32, 104.0, 111.0
33, 553.0, 113.0
34, 531.0, 114.0
35, 540.0, 114.0
36, 159.0, 116.0
37, 645.0, 117.0
38, 520.0, 118.0
39, 143.0, 120.0
40, 505.0, 120.0
41, 541.0, 120.0
42, 113.0, 121.0
43, 270.0, 121.0
44, 667.0, 122.0
45, 224.0, 123.0
46, 489.0, 127.0
47, 561.0, 127.0
48, 531.0, 128.0
49, 271.0, 129.0
50, 224.0, 131.0
51, 115.0, 132.0
52, 489.0, 132.0
53, 271.0, 134.0
54, 502.0, 135.0
55, 511.0, 135.0
56, 175.0, 136.0
57, 223.0, 136.0
58, 527.0, 138.0
59, 544.0, 139.0
60, 502.0, 140.0
61, 559.0, 140.0
62, 180.0, 141.0
63, 224.0, 143.0
64, 487.0, 143.0
65, 176.0, 147.0
66, 520.0, 147.0
67, 474.0, 148.0
68, 487.0, 148.0
69, 129.0, 150.0
70, 558.0, 150.0
71, 110.0, 152.0
72, 184.0, 152.0
73, 471.0, 153.0
74, 142.0, 155.0
75, 557.0, 155.0
76, 648.0, 155.0
77, 494.0, 157.0
78, 155.0, 158.0
79, 521.0, 158.0
80, 186.0, 159.0
81, 658.0, 159.0
82, 33.0, 161.0
83, 261.0, 161.0
84, 485.0, 161.0
85, 558.0, 161.0
86, 272.0, 162.0
87, 494.0, 162.0
88, 550.0, 163.0
89, 166.0, 166.0
90, 635.0, 167.0
91, 140.0, 169.0
92, 149.0, 170.0
93, 534.0, 176.0
94, 247.0, 178.0
95, 260.0, 178.0
96, 380.0, 182.0
97, 442.0, 183.0
98, 272.0, 184.0
99, 455.0, 184.0
100, 39.0, 186.0
101, 434.0, 186.0
102, 651.0, 186.0
103, 400.0, 187.0
104, 466.0, 187.0
105, 689.0, 187.0
106, 534.0, 188.0
107, 567.0, 188.0
108, 572.0, 188.0
109, 474.0, 189.0
110, 220.0, 190.0
111, 251.0, 190.0
112, 577.0, 190.0
113, 39.0, 191.0
114, 422.0, 191.0
115, 650.0, 191.0
116, 271.0, 192.0
117, 409.0, 192.0
118, 519.0, 192.0
119, 687.0, 192.0
120, 189.0, 193.0
121, 207.0, 193.0
122, 586.0, 193.0
123, 468.0, 195.0
124, 428.0, 197.0
125, 81.0, 199.0
126, 248.0, 199.0
127, 263.0, 199.0
128, 433.0, 200.0
129, 462.0, 200.0
130, 474.0, 200.0
131, 605.0, 200.0
132, 34.0, 201.0
133, 438.0, 202.0
134, 225.0, 203.0
135, 625.0, 203.0
136, 685.0, 203.0
137, 186.0, 206.0
138, 207.0, 206.0
139, 147.0, 207.0
140, 654.0, 208.0
141, 86.0, 212.0
142, 427.0, 212.0
143, 434.0, 213.0
144, 381.0, 214.0
145, 402.0, 214.0
146, 32.0, 215.0
147, 411.0, 215.0
148, 447.0, 215.0
149, 683.0, 216.0
150, 705.0, 218.0
151, 402.0, 223.0
152, 460.0, 223.0
153, 542.0, 223.0
154, 445.0, 224.0
155, 556.0, 227.0
156, 542.0, 228.0
157, 427.0, 229.0
158, 435.0, 230.0
159, 542.0, 233.0
160, 476.0, 234.0
161, 392.0, 235.0
162, 403.0, 235.0
163, 435.0, 235.0
164, 464.0, 236.0
165, 414.0, 237.0
166, 422.0, 239.0
167, 500.0, 240.0
168, 363.0, 241.0
169, 550.0, 241.0
170, 434.0, 244.0
171, 380.0, 245.0
172, 456.0, 246.0
173, 465.0, 247.0
174, 400.0, 248.0
175, 472.0, 249.0
176, 514.0, 249.0
177, 212.0, 250.0
178, 421.0, 250.0
179, 390.0, 251.0
180, 502.0, 251.0
181, 550.0, 251.0
182, 455.0, 253.0
183, 524.0, 254.0
184, 316.0, 256.0
185, 455.0, 258.0
186, 421.0, 260.0
187, 475.0, 261.0
188, 213.0, 263.0
189, 393.0, 263.0
190, 546.0, 263.0
191, 447.0, 266.0
192, 401.0, 268.0
193, 544.0, 268.0
194, 214.0, 271.0
195, 421.0, 271.0
196, 458.0, 273.0
197, 544.0, 273.0
198, 361.0, 274.0
199, 468.0, 274.0
200, 500.0, 275.0
201, 245.0, 277.0
202, 399.0, 277.0
203, 447.0, 279.0
204, 421.0, 280.0
205, 488.0, 280.0
206, 341.0, 281.0
207, 548.0, 282.0
208, 360.0, 284.0
209, 460.0, 284.0
210, 350.0, 287.0
211, 248.0, 288.0
212, 186.0, 289.0
213, 386.0, 289.0
214, 380.0, 290.0
215, 312.0, 292.0
216, 332.0, 293.0
217, 422.0, 293.0
218, 307.0, 294.0
219, 369.0, 294.0
220, 390.0, 294.0
221, 295.0, 298.0
222, 351.0, 303.0
223, 391.0, 303.0
224, 74.0, 307.0
225, 270.0, 307.0
226, 393.0, 308.0
227, 295.0, 309.0
228, 371.0, 311.0
229, 331.0, 312.0
230, 283.0, 313.0
231, 246.0, 315.0
232, 340.0, 315.0
233, 351.0, 316.0
234, 340.0, 320.0
235, 310.0, 321.0
236, 361.0, 321.0
237, 185.0, 324.0
238, 331.0, 324.0
239, 219.0, 325.0
240, 209.0, 326.0
241, 394.0, 326.0
242, 263.0, 328.0
243, 295.0, 328.0
244, 219.0, 330.0
245, 227.0, 330.0
246, 149.0, 331.0
247, 285.0, 331.0
248, 319.0, 332.0
249, 134.0, 333.0
250, 367.0, 333.0
251, 195.0, 334.0
252, 249.0, 334.0
253, 123.0, 335.0
254, 219.0, 335.0
255, 100.0, 338.0
256, 263.0, 338.0
257, 309.0, 338.0
258, 170.0, 340.0
259, 316.0, 341.0
260, 217.0, 342.0
261, 296.0, 342.0
262, 367.0, 342.0
263, 145.0, 343.0
264, 150.0, 343.0
265, 133.0, 344.0
266, 57.0, 345.0
267, 230.0, 346.0
268, 284.0, 346.0
269, 123.0, 348.0
270, 247.0, 349.0
271, 170.0, 352.0
272, 191.0, 352.0
273, 273.0, 352.0
274, 206.0, 353.0
275, 317.0, 355.0
276, 81.0, 356.0
277, 149.0, 356.0
278, 340.0, 356.0
279, 720.0, 356.0
280, 234.0, 359.0
281, 309.0, 360.0
282, 123.0, 361.0
283, 41.0, 365.0
284, 94.0, 365.0
285, 108.0, 365.0
286, 153.0, 365.0
287, 165.0, 365.0
288, 174.0, 367.0
289, 17.0, 368.0
290, 141.0, 368.0
291, 80.0, 370.0
292, 273.0, 371.0
293, 122.0, 372.0
294, 131.0, 372.0
295, 172.0, 373.0
296, 260.0, 373.0
297, 289.0, 373.0
298, 543.0, 373.0
299, 308.0, 374.0
300, 107.0, 375.0
301, 115.0, 375.0
302, 246.0, 376.0
303, 489.0, 377.0
304, 173.0, 378.0
305, 238.0, 378.0
306, 43.0, 379.0
307, 90.0, 379.0
308, 162.0, 379.0
309, 228.0, 380.0
310, 13.0, 383.0
311, 211.0, 383.0
312, 221.0, 384.0
313, 151.0, 385.0
314, 140.0, 387.0
315, 273.0, 387.0
316, 581.0, 388.0
317, 244.0, 389.0
318, 560.0, 389.0
319, 110.0, 390.0
320, 130.0, 390.0
321, 250.0, 391.0
322, 275.0, 392.0
323, 102.0, 393.0
324, 170.0, 393.0
325, 454.0, 393.0
326, 240.0, 394.0
327, 50.0, 395.0
328, 86.0, 395.0
329, 603.0, 398.0
330, 239.0, 399.0
331, 211.0, 401.0
332, 47.0, 402.0
333, 136.0, 402.0
334, 70.0, 403.0
335, 221.0, 406.0
336, 104.0, 408.0
337, 154.0, 410.0
338, 193.0, 411.0
339, 208.0, 412.0
340, 140.0, 414.0
341, 8.0, 416.0
342, 192.0, 416.0
343, 243.0, 418.0
344, 140.0, 419.0
345, 102.0, 421.0
346, 614.0, 421.0
347, 25.0, 428.0
348, 138.0, 430.0
349, 8.0, 433.0
350, 137.0, 435.0
351, 21.0, 441.0
352, 79.0, 445.0
353, 12.0, 446.0
354, 77.0, 450.0
355, 11.0, 455.0
356, 8.0, 469.0
357, 295.0, 471.0
