0, 488.0, 10.0
1, 603.0, 10.0
2, 373.0, 11.0
3, 400.0, 11.0
4, 697.0, 18.0
5, 683.0, 19.0
6, 712.0, 20.0
7, 663.0, 21.0
8, 733.0, 22.0
9, 600.0, 23.0
10, 743.0, 23.0
11, 356.0, 24.0
12, 357.0, 41.0
13, 485.0, 44.0
14, 725.0, 45.0
15, 720.0, 54.0
16, 369.0, 63.0
17, 158.0, 66.0
18, 481.0, 66.0
19, 590.0, 71.0
20, 589.0, 77.0
21, 479.0, 84.0
22, 587.0, 85.0
23, 728.0, 90.0
24, 164.0, 94.0
25, 369.0, 116.0
26, 352.0, 117.0
27, 581.0, 119.0
28, 579.0, 128.0
29, 472.0, 132.0
30, 423.0, 134.0
31, 179.0, 137.0
32, 472.0, 137.0
33, 17.0, 139.0
34, 470.0, 150.0
35, 691.0, 150.0
36, 313.0, 151.0
37, 142.0, 154.0
38, 470.0, 155.0
39, 313.0, 156.0
40, 143.0, 159.0
41, 469.0, 160.0
42, 145.0, 165.0
43, 184.0, 165.0
44, 469.0, 169.0
45, 146.0, 170.0
46, 368.0, 171.0
47, 205.0, 174.0
48, 468.0, 174.0
49, 567.0, 176.0
50, 467.0, 179.0
51, 262.0, 184.0
52, 277.0, 184.0
53, 283.0, 184.0
54, 288.0, 184.0
55, 358.0, 184.0
56, 467.0, 184.0
57, 176.0, 185.0
58, 207.0, 185.0
59, 217.0, 185.0
60, 316.0, 185.0
61, 565.0, 185.0
62, 151.0, 187.0
63, 162.0, 187.0
64, 126.0, 189.0
65, 466.0, 189.0
66, 36.0, 191.0
67, 466.0, 194.0
68, 39.0, 199.0
69, 125.0, 200.0
70, 465.0, 201.0
71, 562.0, 202.0
72, 370.0, 207.0
73, 126.0, 209.0
74, 464.0, 209.0
75, 41.0, 210.0
76, 370.0, 212.0
77, 126.0, 214.0
78, 464.0, 214.0
79, 370.0, 217.0
80, 43.0, 218.0
81, 127.0, 223.0
82, 45.0, 224.0
83, 369.0, 224.0
84, 558.0, 224.0
85, 127.0, 228.0
86, 464.0, 229.0
87, 472.0, 229.0
88, 425.0, 230.0
89, 434.0, 230.0
90, 439.0, 230.0
91, 445.0, 230.0
92, 452.0, 230.0
93, 459.0, 230.0
94, 370.0, 231.0
95, 556.0, 232.0
96, 127.0, 233.0
97, 452.0, 238.0
98, 459.0, 238.0
99, 464.0, 238.0
100, 471.0, 238.0
101, 426.0, 239.0
102, 434.0, 239.0
103, 439.0, 239.0
104, 445.0, 239.0
105, 464.0, 245.0
106, 471.0, 245.0
107, 128.0, 246.0
108, 445.0, 246.0
109, 452.0, 246.0
110, 459.0, 246.0
111, 425.0, 247.0
112, 439.0, 247.0
113, 369.0, 248.0
114, 554.0, 248.0
115, 433.0, 250.0
116, 128.0, 251.0
117, 464.0, 252.0
118, 439.0, 253.0
119, 452.0, 253.0
120, 459.0, 253.0
121, 471.0, 253.0
122, 445.0, 254.0
123, 426.0, 255.0
124, 464.0, 257.0
125, 432.0, 258.0
126, 439.0, 258.0
127, 129.0, 259.0
128, 444.0, 260.0
129, 471.0, 260.0
130, 451.0, 261.0
131, 424.0, 262.0
132, 462.0, 264.0
133, 432.0, 265.0
134, 439.0, 265.0
135, 445.0, 265.0
136, 369.0, 267.0
137, 129.0, 268.0
138, 471.0, 268.0
139, 451.0, 269.0
140, 426.0, 270.0
141, 463.0, 271.0
142, 370.0, 272.0
143, 445.0, 272.0
144, 433.0, 273.0
145, 438.0, 273.0
146, 548.0, 274.0
147, 471.0, 275.0
148, 451.0, 276.0
149, 458.0, 276.0
150, 463.0, 276.0
151, 424.0, 277.0
152, 445.0, 277.0
153, 438.0, 278.0
154, 130.0, 281.0
155, 471.0, 282.0
156, 445.0, 283.0
157, 451.0, 283.0
158, 458.0, 283.0
159, 463.0, 283.0
160, 425.0, 284.0
161, 433.0, 284.0
162, 438.0, 284.0
163, 560.0, 287.0
164, 413.0, 289.0
165, 460.0, 291.0
166, 470.0, 291.0
167, 371.0, 292.0
168, 433.0, 292.0
169, 438.0, 292.0
170, 444.0, 292.0
171, 451.0, 292.0
172, 425.0, 293.0
173, 131.0, 295.0
174, 71.0, 298.0
175, 412.0, 302.0
176, 388.0, 305.0
177, 435.0, 305.0
178, 395.0, 306.0
179, 369.0, 310.0
180, 445.0, 311.0
181, 404.0, 312.0
182, 256.0, 313.0
183, 345.0, 313.0
184, 350.0, 313.0
185, 132.0, 314.0
186, 264.0, 315.0
187, 411.0, 315.0
188, 503.0, 315.0
189, 416.0, 316.0
190, 390.0, 318.0
191, 463.0, 321.0
192, 348.0, 322.0
193, 275.0, 323.0
194, 337.0, 323.0
195, 251.0, 325.0
196, 406.0, 327.0
197, 396.0, 329.0
198, 273.0, 331.0
199, 260.0, 332.0
200, 339.0, 332.0
201, 442.0, 333.0
202, 397.0, 334.0
203, 253.0, 335.0
204, 248.0, 336.0
205, 374.0, 336.0
206, 404.0, 336.0
207, 469.0, 336.0
208, 629.0, 336.0
209, 359.0, 337.0
210, 383.0, 338.0
211, 634.0, 338.0
212, 639.0, 338.0
213, 261.0, 341.0
214, 280.0, 341.0
215, 623.0, 341.0
216, 409.0, 342.0
217, 398.0, 344.0
218, 731.0, 344.0
219, 326.0, 345.0
220, 478.0, 345.0
221, 442.0, 346.0
222, 467.0, 346.0
223, 597.0, 346.0
224, 276.0, 348.0
225, 635.0, 348.0
226, 268.0, 351.0
227, 289.0, 351.0
228, 386.0, 351.0
229, 430.0, 351.0
230, 424.0, 353.0
231, 696.0, 353.0
232, 378.0, 354.0
233, 458.0, 354.0
234, 476.0, 354.0
235, 607.0, 354.0
236, 632.0, 354.0
237, 626.0, 355.0
238, 409.0, 356.0
239, 366.0, 357.0
240, 293.0, 358.0
241, 397.0, 358.0
242, 488.0, 358.0
243, 276.0, 359.0
244, 361.0, 359.0
245, 390.0, 359.0
246, 592.0, 360.0
247, 366.0, 362.0
248, 500.0, 362.0
249, 679.0, 362.0
250, 532.0, 363.0
251, 355.0, 364.0
252, 473.0, 364.0
253, 279.0, 366.0
254, 412.0, 366.0
255, 640.0, 366.0
256, 701.0, 366.0
257, 459.0, 367.0
258, 392.0, 368.0
259, 293.0, 369.0
260, 480.0, 369.0
261, 508.0, 369.0
262, 346.0, 370.0
263, 366.0, 371.0
264, 380.0, 371.0
265, 285.0, 373.0
266, 306.0, 373.0
267, 515.0, 373.0
268, 468.0, 374.0
269, 498.0, 375.0
270, 695.0, 375.0
271, 346.0, 376.0
272, 592.0, 376.0
273, 296.0, 377.0
274, 475.0, 377.0
275, 291.0, 378.0
276, 384.0, 378.0
277, 524.0, 380.0
278, 365.0, 381.0
279, 506.0, 381.0
280, 376.0, 382.0
281, 515.0, 382.0
282, 544.0, 384.0
283, 536.0, 386.0
284, 310.0, 387.0
285, 315.0, 387.0
286, 298.0, 388.0
287, 336.0, 389.0
288, 527.0, 390.0
289, 559.0, 393.0
290, 301.0, 394.0
291, 326.0, 394.0
292, 537.0, 398.0
293, 543.0, 400.0
294, 575.0, 400.0
295, 370.0, 403.0
296, 549.0, 405.0
297, 584.0, 405.0
298, 308.0, 406.0
299, 336.0, 407.0
300, 323.0, 408.0
301, 574.0, 409.0
302, 148.0, 410.0
303, 328.0, 410.0
304, 311.0, 411.0
305, 393.0, 411.0
306, 448.0, 411.0
307, 561.0, 411.0
308, 140.0, 412.0
309, 298.0, 412.0
310, 135.0, 413.0
311, 164.0, 413.0
312, 428.0, 413.0
313, 587.0, 414.0
314, 331.0, 415.0
315, 404.0, 415.0
316, 299.0, 417.0
317, 319.0, 417.0
318, 578.0, 417.0
319, 610.0, 418.0
320, 130.0, 419.0
321, 370.0, 419.0
322, 388.0, 419.0
323, 556.0, 419.0
324, 341.0, 420.0
325, 139.0, 421.0
326, 172.0, 422.0
327, 379.0, 422.0
328, 331.0, 423.0
329, 592.0, 423.0
330, 222.0, 424.0
331, 418.0, 424.0
332, 353.0, 425.0
333, 630.0, 425.0
334, 156.0, 426.0
335, 403.0, 426.0
336, 212.0, 427.0
337, 167.0, 428.0
338, 337.0, 428.0
339, 619.0, 428.0
340, 378.0, 429.0
341, 612.0, 429.0
342, 145.0, 432.0
343, 132.0, 433.0
344, 642.0, 433.0
345, 670.0, 433.0
346, 332.0, 434.0
347, 391.0, 434.0
348, 467.0, 434.0
349, 628.0, 434.0
350, 342.0, 436.0
351, 356.0, 438.0
352, 647.0, 439.0
353, 659.0, 439.0
354, 519.0, 440.0
355, 622.0, 440.0
356, 636.0, 440.0
357, 126.0, 441.0
358, 437.0, 442.0
359, 381.0, 443.0
360, 121.0, 444.0
361, 135.0, 445.0
362, 140.0, 445.0
363, 424.0, 445.0
364, 471.0, 445.0
365, 486.0, 445.0
366, 372.0, 447.0
367, 539.0, 447.0
368, 677.0, 447.0
369, 347.0, 448.0
370, 380.0, 448.0
371, 408.0, 448.0
372, 499.0, 448.0
373, 659.0, 448.0
374, 361.0, 449.0
375, 395.0, 449.0
376, 650.0, 449.0
377, 128.0, 452.0
378, 547.0, 452.0
379, 668.0, 452.0
380, 380.0, 455.0
381, 690.0, 455.0
382, 116.0, 456.0
383, 350.0, 458.0
384, 371.0, 458.0
385, 491.0, 459.0
386, 479.0, 460.0
387, 107.0, 462.0
388, 531.0, 462.0
389, 667.0, 462.0
390, 127.0, 463.0
391, 356.0, 465.0
392, 413.0, 465.0
393, 519.0, 466.0
394, 368.0, 468.0
395, 405.0, 468.0
396, 425.0, 468.0
397, 678.0, 468.0
398, 120.0, 470.0
399, 345.0, 470.0
400, 691.0, 470.0
401, 108.0, 471.0
402, 360.0, 471.0
403, 389.0, 471.0
404, 489.0, 471.0
405, 700.0, 471.0
406, 722.0, 471.0
