0, 642.0, 8.0
1, 82.0, 25.0
2, 596.0, 31.0
3, 166.0, 34.0
4, 83.0, 36.0
5, 504.0, 37.0
6, 550.0, 38.0
7, 595.0, 38.0
8, 524.0, 39.0
9, 610.0, 39.0
10, 486.0, 40.0
11, 536.0, 40.0
12, 83.0, 41.0
13, 581.0, 41.0
14, 619.0, 42.0
15, 641.0, 43.0
16, 666.0, 43.0
17, 176.0, 44.0
18, 495.0, 44.0
19, 523.0, 46.0
20, 563.0, 46.0
21, 581.0, 46.0
22, 68.0, 47.0
23, 501.0, 47.0
24, 73.0, 48.0
25, 594.0, 48.0
26, 613.0, 48.0
27, 625.0, 49.0
28, 14.0, 50.0
29, 63.0, 50.0
30, 174.0, 51.0
31, 36.0, 52.0
32, 645.0, 52.0
33, 84.0, 53.0
34, 581.0, 53.0
35, 633.0, 53.0
36, 78.0, 54.0
37, 92.0, 54.0
38, 139.0, 54.0
39, 61.0, 56.0
40, 109.0, 56.0
41, 175.0, 56.0
42, 49.0, 58.0
43, 164.0, 58.0
44, 485.0, 59.0
45, 129.0, 60.0
46, 99.0, 63.0
47, 149.0, 64.0
48, 154.0, 64.0
49, 580.0, 65.0
50, 126.0, 68.0
51, 55.0, 69.0
52, 664.0, 72.0
53, 56.0, 74.0
54, 486.0, 74.0
55, 500.0, 74.0
56, 492.0, 75.0
57, 521.0, 75.0
58, 571.0, 76.0
59, 579.0, 76.0
60, 632.0, 77.0
61, 643.0, 77.0
62, 591.0, 78.0
63, 99.0, 79.0
64, 35.0, 80.0
65, 559.0, 80.0
66, 60.0, 81.0
67, 94.0, 81.0
68, 603.0, 81.0
69, 617.0, 81.0
70, 13.0, 83.0
71, 533.0, 83.0
72, 113.0, 84.0
73, 152.0, 84.0
74, 549.0, 84.0
75, 128.0, 85.0
76, 85.0, 87.0
77, 159.0, 87.0
78, 73.0, 88.0
79, 138.0, 89.0
80, 65.0, 91.0
81, 85.0, 92.0
82, 164.0, 92.0
83, 542.0, 92.0
84, 176.0, 96.0
85, 533.0, 100.0
86, 548.0, 100.0
87, 556.0, 101.0
88, 561.0, 101.0
89, 566.0, 101.0
90, 519.0, 102.0
91, 602.0, 102.0
92, 617.0, 103.0
93, 685.0, 104.0
94, 636.0, 106.0
95, 743.0, 106.0
96, 495.0, 107.0
97, 589.0, 107.0
98, 576.0, 109.0
99, 87.0, 113.0
100, 644.0, 115.0
101, 660.0, 115.0
102, 186.0, 116.0
103, 191.0, 116.0
104, 70.0, 118.0
105, 88.0, 126.0
106, 178.0, 127.0
107, 681.0, 142.0
108, 68.0, 147.0
109, 681.0, 147.0
110, 479.0, 148.0
111, 68.0, 153.0
112, 640.0, 158.0
113, 466.0, 160.0
114, 479.0, 160.0
115, 489.0, 160.0
116, 494.0, 160.0
117, 461.0, 161.0
118, 499.0, 161.0
119, 68.0, 162.0
120, 183.0, 162.0
121, 456.0, 162.0
122, 194.0, 163.0
123, 213.0, 164.0
124, 297.0, 166.0
125, 403.0, 167.0
126, 404.0, 172.0
127, 404.0, 178.0
128, 70.0, 181.0
129, 638.0, 181.0
130, 463.0, 183.0
131, 450.0, 193.0
132, 678.0, 194.0
133, 181.0, 197.0
134, 743.0, 197.0
135, 655.0, 198.0
136, 660.0, 199.0
137, 642.0, 200.0
138, 183.0, 204.0
139, 71.0, 208.0
140, 678.0, 208.0
141, 725.0, 208.0
142, 668.0, 209.0
143, 185.0, 210.0
144, 296.0, 210.0
145, 403.0, 215.0
146, 742.0, 216.0
147, 403.0, 220.0
148, 72.0, 222.0
149, 296.0, 225.0
150, 403.0, 225.0
151, 183.0, 227.0
152, 457.0, 227.0
153, 296.0, 230.0
154, 403.0, 232.0
155, 677.0, 232.0
156, 740.0, 234.0
157, 456.0, 235.0
158, 666.0, 235.0
159, 403.0, 237.0
160, 73.0, 239.0
161, 457.0, 240.0
162, 296.0, 249.0
163, 76.0, 251.0
164, 92.0, 251.0
165, 81.0, 254.0
166, 675.0, 255.0
167, 93.0, 256.0
168, 723.0, 259.0
169, 664.0, 260.0
170, 92.0, 261.0
171, 403.0, 266.0
172, 655.0, 270.0
173, 403.0, 272.0
174, 92.0, 273.0
175, 296.0, 273.0
176, 186.0, 274.0
177, 673.0, 277.0
178, 738.0, 278.0
179, 403.0, 280.0
180, 186.0, 282.0
181, 646.0, 282.0
182, 455.0, 284.0
183, 296.0, 285.0
184, 186.0, 287.0
185, 455.0, 290.0
186, 296.0, 291.0
187, 185.0, 292.0
188, 646.0, 295.0
189, 296.0, 297.0
190, 455.0, 299.0
191, 295.0, 303.0
192, 169.0, 304.0
193, 296.0, 308.0
194, 669.0, 314.0
195, 633.0, 317.0
196, 74.0, 321.0
197, 87.0, 321.0
198, 93.0, 321.0
199, 402.0, 321.0
200, 99.0, 322.0
201, 172.0, 322.0
202, 179.0, 322.0
203, 632.0, 322.0
204, 131.0, 323.0
205, 184.0, 323.0
206, 296.0, 325.0
207, 402.0, 326.0
208, 632.0, 327.0
209, 296.0, 330.0
210, 296.0, 335.0
211, 633.0, 336.0
212, 296.0, 342.0
213, 667.0, 344.0
214, 402.0, 345.0
215, 628.0, 345.0
216, 641.0, 348.0
217, 185.0, 351.0
218, 295.0, 351.0
219, 295.0, 356.0
220, 284.0, 357.0
221, 185.0, 359.0
222, 296.0, 361.0
223, 180.0, 362.0
224, 302.0, 373.0
225, 186.0, 374.0
226, 249.0, 374.0
227, 261.0, 374.0
228, 268.0, 374.0
229, 276.0, 374.0
230, 284.0, 374.0
231, 289.0, 374.0
232, 294.0, 374.0
233, 401.0, 374.0
234, 401.0, 379.0
235, 663.0, 380.0
236, 286.0, 383.0
237, 293.0, 383.0
238, 178.0, 384.0
239, 261.0, 384.0
240, 268.0, 384.0
241, 276.0, 384.0
242, 281.0, 384.0
243, 302.0, 384.0
244, 248.0, 385.0
245, 256.0, 385.0
246, 301.0, 392.0
247, 248.0, 393.0
248, 253.0, 393.0
249, 260.0, 393.0
250, 267.0, 393.0
251, 276.0, 393.0
252, 281.0, 393.0
253, 286.0, 393.0
254, 293.0, 393.0
255, 30.0, 399.0
256, 286.0, 401.0
257, 293.0, 401.0
258, 301.0, 401.0
259, 248.0, 402.0
260, 256.0, 402.0
261, 264.0, 402.0
262, 269.0, 402.0
263, 275.0, 402.0
264, 281.0, 402.0
265, 247.0, 407.0
266, 648.0, 407.0
267, 663.0, 407.0
268, 643.0, 409.0
269, 278.0, 410.0
270, 286.0, 410.0
271, 292.0, 410.0
272, 301.0, 410.0
273, 255.0, 411.0
274, 260.0, 411.0
275, 267.0, 411.0
276, 273.0, 411.0
277, 247.0, 412.0
278, 278.0, 415.0
279, 285.0, 419.0
280, 292.0, 419.0
281, 301.0, 419.0
282, 256.0, 420.0
283, 264.0, 420.0
284, 269.0, 420.0
285, 278.0, 420.0
286, 247.0, 421.0
287, 643.0, 421.0
288, 638.0, 422.0
289, 623.0, 423.0
290, 285.0, 424.0
291, 661.0, 427.0
292, 292.0, 428.0
293, 301.0, 428.0
294, 255.0, 429.0
295, 263.0, 429.0
296, 270.0, 429.0
297, 278.0, 429.0
298, 285.0, 429.0
299, 246.0, 430.0
300, 402.0, 430.0
301, 388.0, 434.0
302, 292.0, 437.0
303, 301.0, 437.0
304, 311.0, 437.0
305, 263.0, 438.0
306, 270.0, 438.0
307, 278.0, 438.0
308, 283.0, 438.0
309, 246.0, 439.0
310, 255.0, 439.0
311, 660.0, 441.0
312, 173.0, 445.0
313, 233.0, 445.0
314, 278.0, 448.0
315, 283.0, 448.0
316, 288.0, 448.0
317, 293.0, 448.0
318, 300.0, 448.0
319, 246.0, 449.0
320, 253.0, 449.0
321, 258.0, 449.0
322, 263.0, 449.0
323, 270.0, 449.0
324, 182.0, 451.0
325, 174.0, 456.0
326, 222.0, 462.0
327, 197.0, 464.0
328, 249.0, 464.0
329, 249.0, 469.0
330, 163.0, 470.0
331, 181.0, 471.0
332, 658.0, 471.0
