0, 549.0, 10.0
1, 117.0, 15.0
2, 519.0, 15.0
3, 397.0, 25.0
4, 213.0, 28.0
5, 429.0, 28.0
6, 56.0, 30.0
7, 437.0, 32.0
8, 80.0, 33.0
9, 120.0, 38.0
10, 146.0, 38.0
11, 277.0, 39.0
12, 322.0, 41.0
13, 288.0, 42.0
14, 304.0, 45.0
15, 150.0, 49.0
16, 68.0, 59.0
17, 77.0, 60.0
18, 92.0, 62.0
19, 109.0, 65.0
20, 123.0, 66.0
21, 152.0, 68.0
22, 216.0, 71.0
23, 196.0, 77.0
24, 136.0, 78.0
25, 168.0, 79.0
26, 185.0, 79.0
27, 152.0, 85.0
28, 691.0, 87.0
29, 42.0, 88.0
30, 130.0, 94.0
31, 192.0, 94.0
32, 643.0, 95.0
33, 44.0, 96.0
34, 154.0, 96.0
35, 217.0, 97.0
36, 193.0, 99.0
37, 220.0, 116.0
38, 174.0, 119.0
39, 144.0, 121.0
40, 430.0, 123.0
41, 619.0, 124.0
42, 613.0, 125.0
43, 203.0, 126.0
44, 305.0, 131.0
45, 141.0, 132.0
46, 48.0, 135.0
47, 182.0, 135.0
48, 306.0, 136.0
49, 202.0, 139.0
50, 223.0, 141.0
51, 161.0, 142.0
52, 305.0, 142.0
53, 679.0, 146.0
54, 305.0, 147.0
55, 307.0, 152.0
56, 639.0, 153.0
57, 204.0, 156.0
58, 224.0, 158.0
59, 307.0, 160.0
60, 308.0, 166.0
61, 396.0, 167.0
62, 207.0, 169.0
63, 225.0, 170.0
64, 308.0, 171.0
65, 148.0, 173.0
66, 226.0, 175.0
67, 308.0, 177.0
68, 395.0, 177.0
69, 441.0, 179.0
70, 449.0, 179.0
71, 136.0, 180.0
72, 226.0, 180.0
73, 327.0, 181.0
74, 567.0, 181.0
75, 310.0, 182.0
76, 394.0, 182.0
77, 449.0, 184.0
78, 226.0, 185.0
79, 567.0, 186.0
80, 310.0, 187.0
81, 448.0, 189.0
82, 208.0, 190.0
83, 227.0, 190.0
84, 376.0, 191.0
85, 185.0, 192.0
86, 326.0, 192.0
87, 567.0, 192.0
88, 398.0, 193.0
89, 168.0, 194.0
90, 408.0, 194.0
91, 413.0, 195.0
92, 143.0, 196.0
93, 148.0, 196.0
94, 425.0, 197.0
95, 128.0, 199.0
96, 115.0, 200.0
97, 120.0, 200.0
98, 370.0, 200.0
99, 439.0, 201.0
100, 448.0, 202.0
101, 88.0, 203.0
102, 228.0, 203.0
103, 662.0, 203.0
104, 326.0, 205.0
105, 56.0, 206.0
106, 61.0, 206.0
107, 371.0, 207.0
108, 47.0, 208.0
109, 660.0, 208.0
110, 495.0, 211.0
111, 587.0, 212.0
112, 602.0, 212.0
113, 8.0, 213.0
114, 511.0, 214.0
115, 367.0, 216.0
116, 520.0, 216.0
117, 525.0, 217.0
118, 367.0, 221.0
119, 565.0, 225.0
120, 323.0, 226.0
121, 365.0, 228.0
122, 583.0, 228.0
123, 588.0, 229.0
124, 394.0, 235.0
125, 622.0, 235.0
126, 631.0, 237.0
127, 363.0, 239.0
128, 640.0, 239.0
129, 647.0, 241.0
130, 361.0, 247.0
131, 235.0, 248.0
132, 223.0, 251.0
133, 360.0, 253.0
134, 322.0, 261.0
135, 238.0, 267.0
136, 227.0, 272.0
137, 323.0, 275.0
138, 239.0, 281.0
139, 228.0, 285.0
140, 240.0, 291.0
141, 349.0, 295.0
142, 232.0, 301.0
143, 347.0, 302.0
144, 246.0, 303.0
145, 238.0, 306.0
146, 352.0, 307.0
147, 232.0, 314.0
148, 373.0, 317.0
149, 637.0, 318.0
150, 452.0, 363.0
151, 433.0, 364.0
152, 424.0, 373.0
153, 452.0, 374.0
154, 432.0, 376.0
155, 460.0, 377.0
156, 298.0, 378.0
157, 441.0, 379.0
158, 305.0, 381.0
159, 451.0, 383.0
160, 293.0, 385.0
161, 433.0, 386.0
162, 293.0, 390.0
163, 283.0, 391.0
164, 442.0, 391.0
165, 312.0, 392.0
166, 276.0, 393.0
167, 292.0, 396.0
168, 453.0, 398.0
169, 258.0, 399.0
170, 301.0, 399.0
171, 445.0, 399.0
172, 433.0, 400.0
173, 287.0, 402.0
174, 245.0, 404.0
175, 280.0, 404.0
176, 312.0, 404.0
177, 223.0, 406.0
178, 305.0, 407.0
179, 232.0, 410.0
180, 264.0, 411.0
181, 435.0, 413.0
182, 614.0, 413.0
183, 256.0, 414.0
184, 215.0, 416.0
185, 455.0, 416.0
186, 613.0, 418.0
187, 240.0, 419.0
188, 209.0, 421.0
189, 564.0, 421.0
190, 434.0, 422.0
191, 221.0, 425.0
192, 541.0, 425.0
193, 231.0, 426.0
194, 184.0, 427.0
195, 449.0, 427.0
196, 454.0, 427.0
197, 335.0, 428.0
198, 444.0, 428.0
199, 573.0, 429.0
200, 212.0, 430.0
201, 141.0, 432.0
202, 173.0, 432.0
203, 192.0, 432.0
204, 333.0, 433.0
205, 536.0, 433.0
206, 558.0, 433.0
207, 204.0, 435.0
208, 435.0, 436.0
209, 601.0, 437.0
210, 159.0, 438.0
211, 224.0, 438.0
212, 447.0, 438.0
213, 535.0, 438.0
214, 183.0, 440.0
215, 506.0, 440.0
216, 150.0, 442.0
217, 141.0, 443.0
218, 435.0, 445.0
219, 440.0, 445.0
220, 171.0, 447.0
221, 127.0, 449.0
222, 157.0, 449.0
223, 445.0, 450.0
224, 458.0, 450.0
225, 645.0, 453.0
226, 454.0, 456.0
227, 150.0, 457.0
228, 637.0, 459.0
229, 136.0, 460.0
230, 743.0, 461.0
231, 439.0, 463.0
232, 569.0, 465.0
233, 449.0, 466.0
234, 127.0, 467.0
235, 656.0, 468.0
236, 638.0, 471.0
