0, 139.0, 8.0
1, 726.0, 10.0
2, 316.0, 11.0
3, 159.0, 14.0
4, 183.0, 15.0
5, 561.0, 20.0
6, 370.0, 27.0
7, 277.0, 29.0
8, 604.0, 29.0
9, 422.0, 34.0
10, 253.0, 35.0
11, 467.0, 36.0
12, 432.0, 38.0
13, 448.0, 41.0
14, 323.0, 44.0
15, 157.0, 45.0
16, 172.0, 48.0
17, 200.0, 48.0
18, 254.0, 48.0
19, 77.0, 49.0
20, 130.0, 54.0
21, 353.0, 54.0
22, 207.0, 56.0
23, 241.0, 57.0
24, 248.0, 57.0
25, 129.0, 59.0
26, 271.0, 60.0
27, 260.0, 61.0
28, 276.0, 61.0
29, 281.0, 62.0
30, 298.0, 64.0
31, 314.0, 65.0
32, 367.0, 70.0
33, 284.0, 71.0
34, 237.0, 75.0
35, 334.0, 75.0
36, 354.0, 75.0
37, 227.0, 80.0
38, 237.0, 80.0
39, 286.0, 83.0
40, 463.0, 87.0
41, 222.0, 88.0
42, 212.0, 91.0
43, 261.0, 92.0
44, 346.0, 92.0
45, 238.0, 95.0
46, 312.0, 95.0
47, 351.0, 96.0
48, 311.0, 100.0
49, 298.0, 103.0
50, 207.0, 105.0
51, 311.0, 105.0
52, 367.0, 109.0
53, 340.0, 119.0
54, 297.0, 122.0
55, 240.0, 123.0
56, 353.0, 125.0
57, 339.0, 126.0
58, 440.0, 128.0
59, 259.0, 129.0
60, 367.0, 130.0
61, 587.0, 130.0
62, 459.0, 138.0
63, 439.0, 141.0
64, 296.0, 143.0
65, 261.0, 144.0
66, 439.0, 146.0
67, 351.0, 148.0
68, 296.0, 151.0
69, 439.0, 151.0
70, 207.0, 154.0
71, 317.0, 157.0
72, 365.0, 158.0
73, 457.0, 162.0
74, 365.0, 163.0
75, 456.0, 168.0
76, 438.0, 169.0
77, 439.0, 175.0
78, 342.0, 176.0
79, 456.0, 176.0
80, 335.0, 177.0
81, 349.0, 177.0
82, 210.0, 178.0
83, 320.0, 178.0
84, 356.0, 179.0
85, 364.0, 179.0
86, 440.0, 180.0
87, 279.0, 181.0
88, 284.0, 181.0
89, 259.0, 182.0
90, 234.0, 184.0
91, 239.0, 184.0
92, 244.0, 184.0
93, 439.0, 185.0
94, 531.0, 185.0
95, 174.0, 187.0
96, 186.0, 187.0
97, 202.0, 187.0
98, 167.0, 188.0
99, 179.0, 188.0
100, 149.0, 189.0
101, 365.0, 190.0
102, 118.0, 193.0
103, 512.0, 193.0
104, 524.0, 195.0
105, 592.0, 195.0
106, 90.0, 196.0
107, 103.0, 196.0
108, 452.0, 197.0
109, 537.0, 198.0
110, 76.0, 200.0
111, 505.0, 201.0
112, 555.0, 201.0
113, 451.0, 202.0
114, 602.0, 203.0
115, 571.0, 206.0
116, 588.0, 211.0
117, 600.0, 214.0
118, 78.0, 216.0
119, 501.0, 217.0
120, 445.0, 225.0
121, 497.0, 226.0
122, 79.0, 229.0
123, 663.0, 230.0
124, 366.0, 233.0
125, 80.0, 234.0
126, 356.0, 234.0
127, 495.0, 234.0
128, 687.0, 236.0
129, 493.0, 240.0
130, 530.0, 240.0
131, 707.0, 242.0
132, 491.0, 245.0
133, 13.0, 246.0
134, 367.0, 254.0
135, 488.0, 254.0
136, 486.0, 259.0
137, 19.0, 261.0
138, 443.0, 269.0
139, 364.0, 272.0
140, 84.0, 276.0
141, 25.0, 286.0
142, 364.0, 288.0
143, 369.0, 288.0
144, 472.0, 295.0
145, 360.0, 296.0
146, 471.0, 300.0
147, 88.0, 303.0
148, 473.0, 305.0
149, 36.0, 312.0
150, 31.0, 313.0
151, 496.0, 319.0
152, 90.0, 322.0
153, 90.0, 327.0
154, 31.0, 330.0
155, 36.0, 330.0
156, 44.0, 330.0
157, 92.0, 332.0
158, 48.0, 341.0
159, 62.0, 348.0
160, 42.0, 352.0
161, 97.0, 360.0
162, 16.0, 361.0
163, 426.0, 367.0
164, 423.0, 373.0
165, 435.0, 373.0
166, 408.0, 377.0
167, 415.0, 377.0
168, 392.0, 379.0
169, 358.0, 380.0
170, 567.0, 381.0
171, 368.0, 384.0
172, 443.0, 384.0
173, 424.0, 386.0
174, 590.0, 386.0
175, 431.0, 387.0
176, 557.0, 388.0
177, 329.0, 390.0
178, 321.0, 391.0
179, 400.0, 391.0
180, 306.0, 393.0
181, 380.0, 393.0
182, 393.0, 393.0
183, 339.0, 394.0
184, 567.0, 394.0
185, 289.0, 395.0
186, 362.0, 396.0
187, 443.0, 396.0
188, 371.0, 398.0
189, 591.0, 398.0
190, 350.0, 400.0
191, 579.0, 401.0
192, 331.0, 402.0
193, 292.0, 403.0
194, 601.0, 404.0
195, 64.0, 405.0
196, 569.0, 405.0
197, 370.0, 406.0
198, 375.0, 406.0
199, 309.0, 408.0
200, 590.0, 408.0
201, 303.0, 409.0
202, 66.0, 410.0
203, 291.0, 411.0
204, 580.0, 412.0
205, 585.0, 413.0
206, 569.0, 419.0
207, 583.0, 421.0
208, 282.0, 422.0
209, 30.0, 424.0
210, 592.0, 424.0
211, 467.0, 426.0
212, 579.0, 428.0
213, 468.0, 431.0
214, 475.0, 435.0
215, 575.0, 435.0
216, 75.0, 440.0
217, 585.0, 440.0
218, 574.0, 443.0
219, 598.0, 443.0
220, 582.0, 450.0
221, 587.0, 453.0
222, 592.0, 454.0
223, 599.0, 455.0
224, 575.0, 457.0
225, 214.0, 458.0
226, 591.0, 464.0
227, 579.0, 468.0
