0, 532.0, 8.0
1, 615.0, 10.0
2, 620.0, 11.0
3, 59.0, 12.0
4, 39.0, 17.0
5, 572.0, 17.0
6, 576.0, 26.0
7, 607.0, 28.0
8, 64.0, 31.0
9, 570.0, 32.0
10, 283.0, 34.0
11, 451.0, 34.0
12, 576.0, 37.0
13, 638.0, 39.0
14, 583.0, 40.0
15, 573.0, 44.0
16, 639.0, 44.0
17, 641.0, 49.0
18, 449.0, 50.0
19, 595.0, 57.0
20, 90.0, 66.0
21, 627.0, 70.0
22, 612.0, 72.0
23, 645.0, 74.0
24, 118.0, 79.0
25, 653.0, 79.0
26, 631.0, 82.0
27, 603.0, 83.0
28, 458.0, 86.0
29, 350.0, 88.0
30, 52.0, 93.0
31, 580.0, 93.0
32, 455.0, 96.0
33, 742.0, 96.0
34, 56.0, 102.0
35, 543.0, 106.0
36, 52.0, 114.0
37, 67.0, 114.0
38, 72.0, 114.0
39, 77.0, 115.0
40, 45.0, 116.0
41, 99.0, 117.0
42, 717.0, 117.0
43, 743.0, 117.0
44, 573.0, 118.0
45, 192.0, 119.0
46, 441.0, 119.0
47, 522.0, 119.0
48, 540.0, 119.0
49, 580.0, 119.0
50, 585.0, 119.0
51, 671.0, 119.0
52, 455.0, 120.0
53, 488.0, 120.0
54, 446.0, 121.0
55, 436.0, 122.0
56, 473.0, 122.0
57, 240.0, 125.0
58, 435.0, 128.0
59, 714.0, 129.0
60, 412.0, 131.0
61, 447.0, 137.0
62, 433.0, 141.0
63, 709.0, 143.0
64, 683.0, 147.0
65, 449.0, 151.0
66, 684.0, 152.0
67, 661.0, 154.0
68, 686.0, 157.0
69, 202.0, 160.0
70, 676.0, 160.0
71, 705.0, 160.0
72, 646.0, 161.0
73, 660.0, 162.0
74, 404.0, 164.0
75, 665.0, 167.0
76, 431.0, 168.0
77, 635.0, 168.0
78, 636.0, 173.0
79, 435.0, 178.0
80, 698.0, 179.0
81, 430.0, 181.0
82, 443.0, 181.0
83, 453.0, 183.0
84, 699.0, 184.0
85, 675.0, 197.0
86, 206.0, 198.0
87, 445.0, 201.0
88, 678.0, 202.0
89, 437.0, 205.0
90, 424.0, 207.0
91, 426.0, 215.0
92, 342.0, 216.0
93, 620.0, 219.0
94, 247.0, 220.0
95, 425.0, 220.0
96, 458.0, 221.0
97, 645.0, 221.0
98, 662.0, 221.0
99, 590.0, 222.0
100, 449.0, 225.0
101, 438.0, 228.0
102, 715.0, 228.0
103, 424.0, 232.0
104, 257.0, 234.0
105, 698.0, 234.0
106, 292.0, 236.0
107, 451.0, 236.0
108, 688.0, 236.0
109, 462.0, 241.0
110, 445.0, 243.0
111, 239.0, 244.0
112, 693.0, 244.0
113, 213.0, 247.0
114, 443.0, 248.0
115, 534.0, 249.0
116, 703.0, 250.0
117, 464.0, 252.0
118, 527.0, 252.0
119, 447.0, 253.0
120, 703.0, 255.0
121, 728.0, 256.0
122, 679.0, 257.0
123, 384.0, 259.0
124, 691.0, 261.0
125, 467.0, 263.0
126, 456.0, 264.0
127, 496.0, 264.0
128, 659.0, 264.0
129, 233.0, 265.0
130, 216.0, 267.0
131, 397.0, 268.0
132, 734.0, 268.0
133, 380.0, 270.0
134, 375.0, 272.0
135, 385.0, 272.0
136, 639.0, 272.0
137, 417.0, 273.0
138, 735.0, 273.0
139, 367.0, 274.0
140, 710.0, 274.0
141, 683.0, 275.0
142, 663.0, 276.0
143, 466.0, 277.0
144, 401.0, 279.0
145, 358.0, 280.0
146, 710.0, 280.0
147, 242.0, 281.0
148, 383.0, 281.0
149, 664.0, 281.0
150, 394.0, 283.0
151, 644.0, 283.0
152, 346.0, 285.0
153, 220.0, 286.0
154, 664.0, 286.0
155, 336.0, 287.0
156, 341.0, 287.0
157, 354.0, 288.0
158, 365.0, 289.0
159, 689.0, 289.0
160, 328.0, 290.0
161, 378.0, 291.0
162, 340.0, 292.0
163, 311.0, 298.0
164, 648.0, 298.0
165, 254.0, 301.0
166, 338.0, 302.0
167, 371.0, 302.0
168, 279.0, 304.0
169, 285.0, 306.0
170, 672.0, 307.0
171, 727.0, 307.0
172, 224.0, 309.0
173, 322.0, 309.0
174, 269.0, 310.0
175, 300.0, 310.0
176, 653.0, 312.0
177, 675.0, 312.0
178, 311.0, 313.0
179, 247.0, 316.0
180, 655.0, 317.0
181, 234.0, 318.0
182, 564.0, 319.0
183, 246.0, 321.0
184, 659.0, 322.0
185, 672.0, 322.0
186, 247.0, 326.0
187, 313.0, 326.0
188, 264.0, 331.0
189, 731.0, 332.0
190, 661.0, 335.0
191, 305.0, 336.0
192, 705.0, 338.0
193, 228.0, 339.0
194, 283.0, 339.0
195, 248.0, 341.0
196, 228.0, 344.0
197, 680.0, 347.0
198, 229.0, 350.0
199, 739.0, 350.0
200, 282.0, 351.0
201, 713.0, 354.0
202, 669.0, 360.0
203, 691.0, 360.0
204, 736.0, 365.0
205, 208.0, 370.0
206, 221.0, 370.0
207, 226.0, 372.0
208, 248.0, 372.0
209, 710.0, 377.0
210, 402.0, 380.0
211, 407.0, 382.0
212, 716.0, 382.0
213, 677.0, 383.0
214, 412.0, 384.0
215, 700.0, 387.0
216, 678.0, 388.0
217, 592.0, 389.0
218, 151.0, 392.0
219, 156.0, 392.0
220, 128.0, 402.0
221, 702.0, 419.0
222, 86.0, 421.0
223, 81.0, 423.0
224, 720.0, 446.0
225, 231.0, 451.0
226, 366.0, 466.0
