0, 533.0, 212.0
1, 621.0, 264.0
2, 589.0, 202.0
3, 231.0, 26.0
4, 585.0, 109.0
5, 544.0, 222.0
6, 342.0, 114.0
7, 49.0, 352.0
8, 627.0, 221.0
9, 234.0, 126.0
10, 605.0, 192.0
11, 520.0, 216.0
12, 39.0, 375.0
13, 175.0, 111.0
14, 603.0, 355.0
15, 165.0, 117.0
16, 496.0, 32.0
17, 282.0, 314.0
18, 102.0, 328.0
19, 53.0, 391.0
20, 672.0, 347.0
21, 391.0, 178.0
22, 649.0, 422.0
23, 202.0, 44.0
24, 328.0, 144.0
25, 340.0, 151.0
26, 430.0, 175.0
27, 520.0, 200.0
28, 198.0, 28.0
29, 415.0, 86.0
30, 375.0, 110.0
31, 342.0, 326.0
32, 279.0, 218.0
33, 291.0, 288.0
34, 270.0, 322.0
35, 577.0, 198.0
36, 558.0, 198.0
37, 382.0, 147.0
38, 296.0, 397.0
39, 358.0, 158.0
40, 293.0, 309.0
41, 51.0, 370.0
42, 328.0, 100.0
43, 546.0, 207.0
44, 339.0, 133.0
45, 601.0, 77.0
46, 248.0, 20.0
47, 227.0, 322.0
48, 265.0, 118.0
49, 90.0, 299.0
50, 230.0, 14.0
51, 241.0, 52.0
52, 639.0, 406.0
53, 37.0, 357.0
54, 277.0, 288.0
55, 218.0, 32.0
56, 103.0, 116.0
57, 390.0, 161.0
58, 667.0, 193.0
59, 506.0, 196.0
60, 528.0, 192.0
61, 613.0, 219.0
62, 645.0, 131.0
63, 98.0, 212.0
64, 334.0, 166.0
65, 121.0, 136.0
66, 483.0, 36.0
67, 280.0, 303.0
68, 360.0, 127.0
69, 237.0, 21.0
70, 492.0, 186.0
71, 202.0, 130.0
72, 54.0, 414.0
73, 190.0, 83.0
74, 75.0, 411.0
75, 234.0, 112.0
76, 653.0, 326.0
77, 486.0, 202.0
78, 242.0, 345.0
79, 703.0, 446.0
80, 624.0, 143.0
81, 614.0, 371.0
82, 271.0, 263.0
83, 248.0, 203.0
84, 575.0, 180.0
85, 611.0, 312.0
86, 631.0, 314.0
87, 164.0, 219.0
88, 487.0, 77.0
89, 41.0, 396.0
90, 679.0, 417.0
91, 580.0, 80.0
92, 318.0, 103.0
93, 163.0, 202.0
94, 652.0, 383.0
95, 660.0, 119.0
96, 638.0, 319.0
97, 381.0, 129.0
98, 648.0, 179.0
99, 510.0, 50.0
100, 513.0, 30.0
101, 648.0, 463.0
102, 335.0, 186.0
103, 103.0, 354.0
104, 635.0, 256.0
105, 592.0, 125.0
106, 15.0, 278.0
107, 358.0, 98.0
108, 57.0, 442.0
109, 663.0, 438.0
110, 44.0, 448.0
111, 622.0, 379.0
112, 536.0, 201.0
113, 224.0, 147.0
114, 617.0, 419.0
115, 248.0, 105.0
116, 42.0, 420.0
117, 469.0, 38.0
118, 563.0, 189.0
119, 110.0, 259.0
120, 278.0, 210.0
121, 540.0, 181.0
122, 584.0, 361.0
123, 349.0, 320.0
124, 513.0, 121.0
125, 60.0, 295.0
126, 693.0, 77.0
127, 257.0, 51.0
128, 414.0, 176.0
129, 582.0, 383.0
130, 240.0, 34.0
131, 266.0, 200.0
132, 78.0, 307.0
133, 609.0, 337.0
134, 263.0, 96.0
135, 305.0, 215.0
136, 107.0, 305.0
137, 84.0, 342.0
138, 170.0, 132.0
139, 251.0, 125.0
140, 320.0, 121.0
141, 290.0, 217.0
142, 656.0, 190.0
143, 20.0, 134.0
144, 278.0, 198.0
145, 35.0, 252.0
146, 224.0, 50.0
147, 559.0, 240.0
148, 558.0, 367.0
149, 331.0, 126.0
150, 434.0, 193.0
151, 646.0, 261.0
152, 186.0, 463.0
153, 631.0, 439.0
154, 651.0, 158.0
155, 378.0, 137.0
156, 627.0, 458.0
157, 546.0, 173.0
158, 259.0, 186.0
159, 147.0, 468.0
160, 511.0, 313.0
161, 676.0, 192.0
162, 292.0, 236.0
163, 321.0, 324.0
164, 579.0, 399.0
165, 264.0, 218.0
166, 431.0, 45.0
167, 613.0, 200.0
168, 275.0, 97.0
169, 584.0, 132.0
170, 218.0, 461.0
171, 274.0, 184.0
172, 606.0, 267.0
173, 498.0, 216.0
174, 660.0, 260.0
175, 36.0, 273.0
176, 556.0, 208.0
177, 616.0, 112.0
178, 230.0, 41.0
179, 602.0, 170.0
180, 169.0, 256.0
181, 439.0, 223.0
182, 47.0, 339.0
183, 627.0, 229.0
184, 506.0, 69.0
185, 342.0, 340.0
186, 345.0, 370.0
187, 316.0, 396.0
188, 244.0, 302.0
189, 44.0, 308.0
190, 179.0, 325.0
191, 517.0, 43.0
192, 667.0, 180.0
193, 235.0, 208.0
194, 484.0, 99.0
195, 603.0, 129.0
196, 385.0, 324.0
197, 685.0, 428.0
198, 36.0, 43.0
199, 566.0, 110.0
200, 611.0, 122.0
201, 469.0, 81.0
202, 207.0, 364.0
203, 179.0, 431.0
204, 294.0, 122.0
205, 708.0, 82.0
206, 321.0, 289.0
207, 284.0, 428.0
208, 654.0, 127.0
209, 226.0, 34.0
210, 73.0, 139.0
211, 458.0, 199.0
212, 684.0, 176.0
213, 367.0, 346.0
214, 351.0, 164.0
215, 540.0, 365.0
216, 565.0, 143.0
217, 653.0, 209.0
218, 661.0, 155.0
219, 175.0, 19.0
220, 521.0, 168.0
221, 513.0, 173.0
222, 297.0, 191.0
223, 638.0, 299.0
224, 573.0, 128.0
225, 360.0, 112.0
226, 428.0, 210.0
227, 289.0, 95.0
228, 261.0, 209.0
229, 282.0, 242.0
230, 624.0, 328.0
231, 228.0, 82.0
232, 679.0, 452.0
233, 37.0, 231.0
234, 672.0, 221.0
235, 247.0, 36.0
236, 87.0, 316.0
237, 530.0, 66.0
238, 699.0, 457.0
239, 555.0, 221.0
240, 575.0, 228.0
241, 248.0, 463.0
242, 86.0, 269.0
243, 714.0, 424.0
244, 373.0, 157.0
245, 391.0, 199.0
246, 683.0, 390.0
247, 30.0, 296.0
248, 287.0, 55.0
249, 327.0, 131.0
250, 212.0, 129.0
251, 162.0, 434.0
252, 94.0, 50.0
253, 155.0, 152.0
254, 203.0, 150.0
255, 640.0, 227.0
256, 61.0, 320.0
257, 590.0, 77.0
258, 563.0, 158.0
259, 564.0, 379.0
260, 641.0, 123.0
261, 697.0, 376.0
262, 646.0, 209.0
263, 654.0, 408.0
264, 456.0, 40.0
265, 336.0, 208.0
266, 216.0, 16.0
267, 704.0, 260.0
268, 191.0, 396.0
269, 104.0, 88.0
270, 148.0, 45.0
271, 154.0, 69.0
272, 351.0, 149.0
273, 92.0, 198.0
274, 597.0, 94.0
275, 603.0, 210.0
276, 624.0, 471.0
277, 478.0, 79.0
278, 309.0, 333.0
279, 295.0, 105.0
280, 210.0, 82.0
281, 545.0, 138.0
282, 289.0, 212.0
283, 541.0, 191.0
284, 566.0, 227.0
285, 47.0, 82.0
286, 132.0, 118.0
287, 42.0, 58.0
288, 501.0, 127.0
289, 364.0, 138.0
290, 559.0, 457.0
291, 350.0, 339.0
292, 215.0, 230.0
293, 608.0, 233.0
294, 422.0, 193.0
295, 472.0, 197.0
296, 14.0, 118.0
297, 392.0, 192.0
298, 350.0, 129.0
299, 201.0, 326.0
300, 542.0, 198.0
301, 558.0, 372.0
302, 116.0, 121.0
303, 78.0, 16.0
304, 660.0, 164.0
305, 564.0, 152.0
306, 176.0, 146.0
307, 343.0, 141.0
308, 496.0, 236.0
309, 59.0, 270.0
310, 544.0, 341.0
311, 506.0, 82.0
312, 523.0, 180.0
313, 194.0, 13.0
314, 114.0, 471.0
315, 542.0, 153.0
316, 494.0, 201.0
317, 168.0, 144.0
318, 262.0, 289.0
319, 382.0, 195.0
320, 177.0, 153.0
321, 652.0, 357.0
322, 86.0, 131.0
323, 504.0, 122.0
324, 218.0, 124.0
325, 57.0, 66.0
326, 362.0, 148.0
327, 624.0, 237.0
328, 56.0, 280.0
329, 261.0, 80.0
330, 305.0, 305.0
331, 241.0, 276.0
332, 278.0, 68.0
333, 170.0, 432.0
334, 176.0, 87.0
335, 239.0, 400.0
336, 143.0, 12.0
337, 100.0, 71.0
338, 467.0, 74.0
339, 505.0, 58.0
340, 601.0, 222.0
341, 147.0, 115.0
342, 246.0, 334.0
343, 695.0, 471.0
344, 598.0, 137.0
345, 30.0, 321.0
346, 597.0, 195.0
347, 429.0, 76.0
348, 267.0, 289.0
349, 567.0, 209.0
350, 551.0, 423.0
351, 645.0, 356.0
352, 204.0, 90.0
353, 543.0, 143.0
354, 672.0, 163.0
355, 653.0, 230.0
356, 81.0, 22.0
357, 401.0, 228.0
358, 73.0, 270.0
359, 638.0, 371.0
360, 586.0, 155.0
361, 622.0, 463.0
362, 272.0, 41.0
363, 586.0, 223.0
364, 244.0, 228.0
365, 582.0, 372.0
366, 654.0, 339.0
367, 630.0, 391.0
368, 150.0, 135.0
369, 291.0, 100.0
370, 136.0, 209.0
371, 264.0, 300.0
372, 605.0, 137.0
373, 654.0, 237.0
374, 638.0, 448.0
375, 347.0, 286.0
376, 303.0, 437.0
377, 295.0, 244.0
378, 288.0, 272.0
379, 28.0, 211.0
380, 673.0, 173.0
381, 300.0, 214.0
382, 111.0, 65.0
383, 67.0, 324.0
384, 191.0, 54.0
385, 543.0, 379.0
386, 217.0, 97.0
387, 444.0, 204.0
388, 560.0, 219.0
389, 513.0, 293.0
390, 312.0, 328.0
391, 582.0, 184.0
392, 275.0, 189.0
393, 150.0, 153.0
394, 166.0, 48.0
395, 212.0, 11.0
396, 90.0, 178.0
397, 687.0, 356.0
398, 211.0, 208.0
399, 129.0, 103.0
400, 548.0, 322.0
401, 735.0, 386.0
402, 403.0, 127.0
403, 202.0, 365.0
404, 548.0, 133.0
405, 362.0, 343.0
406, 481.0, 166.0
407, 261.0, 192.0
408, 645.0, 219.0
409, 330.0, 115.0
410, 483.0, 118.0
411, 248.0, 471.0
412, 210.0, 203.0
413, 596.0, 107.0
414, 665.0, 162.0
415, 490.0, 316.0
416, 623.0, 365.0
417, 134.0, 47.0
418, 451.0, 42.0
419, 271.0, 31.0
420, 237.0, 246.0
421, 554.0, 125.0
422, 569.0, 381.0
423, 602.0, 310.0
424, 264.0, 399.0
425, 28.0, 102.0
426, 482.0, 158.0
427, 566.0, 127.0
428, 658.0, 179.0
429, 244.0, 323.0
430, 330.0, 213.0
431, 181.0, 183.0
432, 542.0, 158.0
433, 177.0, 158.0
434, 610.0, 342.0
435, 75.0, 95.0
436, 81.0, 270.0
437, 209.0, 68.0
438, 649.0, 122.0
439, 246.0, 84.0
440, 486.0, 194.0
441, 286.0, 72.0
442, 603.0, 231.0
443, 427.0, 192.0
444, 143.0, 151.0
445, 611.0, 111.0
446, 518.0, 239.0
447, 217.0, 248.0
448, 206.0, 325.0
449, 474.0, 36.0
450, 186.0, 216.0
451, 596.0, 102.0
452, 116.0, 29.0
453, 137.0, 138.0
454, 444.0, 43.0
455, 474.0, 69.0
456, 608.0, 127.0
457, 96.0, 55.0
458, 658.0, 229.0
459, 222.0, 358.0
460, 244.0, 339.0
461, 587.0, 183.0
462, 142.0, 103.0
463, 135.0, 196.0
464, 126.0, 16.0
465, 242.0, 287.0
466, 270.0, 96.0
467, 648.0, 117.0
468, 436.0, 209.0
469, 289.0, 432.0
470, 271.0, 164.0
471, 390.0, 133.0
472, 242.0, 20.0
473, 296.0, 324.0
474, 261.0, 75.0
475, 639.0, 386.0
476, 12.0, 338.0
477, 446.0, 192.0
478, 515.0, 272.0
479, 624.0, 323.0
480, 134.0, 18.0
481, 136.0, 126.0
482, 563.0, 283.0
483, 223.0, 292.0
484, 547.0, 328.0
485, 373.0, 162.0
486, 340.0, 368.0
487, 468.0, 96.0
488, 591.0, 224.0
489, 365.0, 158.0
490, 94.0, 340.0
491, 444.0, 143.0
492, 128.0, 264.0
493, 598.0, 27.0
494, 50.0, 445.0
495, 658.0, 218.0
496, 483.0, 137.0
497, 158.0, 59.0
498, 616.0, 249.0
499, 145.0, 17.0
