0, 9.0, 46.0
1, 39.0, 46.0
2, 65.0, 46.0
3, 103.0, 46.0
4, 149.0, 47.0
5, 192.0, 50.0
6, 156.0, 51.0
7, 127.0, 52.0
8, 151.0, 52.0
9, 122.0, 53.0
10, 208.0, 56.0
11, 107.0, 57.0
12, 221.0, 57.0
13, 237.0, 57.0
14, 242.0, 57.0
15, 121.0, 58.0
16, 193.0, 58.0
17, 263.0, 58.0
18, 17.0, 64.0
19, 245.0, 64.0
20, 115.0, 66.0
21, 184.0, 72.0
22, 251.0, 73.0
23, 109.0, 76.0
24, 238.0, 76.0
25, 121.0, 80.0
26, 643.0, 80.0
27, 76.0, 81.0
28, 19.0, 82.0
29, 131.0, 85.0
30, 258.0, 85.0
31, 212.0, 87.0
32, 245.0, 87.0
33, 186.0, 93.0
34, 79.0, 99.0
35, 563.0, 99.0
36, 522.0, 100.0
37, 533.0, 100.0
38, 576.0, 100.0
39, 541.0, 101.0
40, 550.0, 101.0
41, 590.0, 101.0
42, 133.0, 102.0
43, 609.0, 103.0
44, 618.0, 103.0
45, 629.0, 104.0
46, 643.0, 104.0
47, 565.0, 108.0
48, 549.0, 112.0
49, 589.0, 116.0
50, 562.0, 117.0
51, 573.0, 117.0
52, 639.0, 119.0
53, 547.0, 122.0
54, 565.0, 128.0
55, 27.0, 130.0
56, 503.0, 130.0
57, 546.0, 131.0
58, 585.0, 132.0
59, 483.0, 134.0
60, 574.0, 135.0
61, 606.0, 135.0
62, 501.0, 136.0
63, 515.0, 136.0
64, 82.0, 137.0
65, 585.0, 137.0
66, 237.0, 139.0
67, 619.0, 140.0
68, 501.0, 141.0
69, 515.0, 141.0
70, 527.0, 141.0
71, 225.0, 142.0
72, 538.0, 142.0
73, 143.0, 143.0
74, 573.0, 143.0
75, 599.0, 144.0
76, 558.0, 145.0
77, 563.0, 145.0
78, 237.0, 146.0
79, 612.0, 149.0
80, 554.0, 150.0
81, 32.0, 152.0
82, 115.0, 153.0
83, 553.0, 156.0
84, 224.0, 157.0
85, 194.0, 158.0
86, 256.0, 158.0
87, 206.0, 161.0
88, 243.0, 162.0
89, 538.0, 163.0
90, 552.0, 163.0
91, 90.0, 165.0
92, 35.0, 167.0
93, 142.0, 168.0
94, 538.0, 168.0
95, 194.0, 172.0
96, 214.0, 175.0
97, 227.0, 180.0
98, 133.0, 181.0
99, 238.0, 182.0
100, 222.0, 184.0
101, 538.0, 184.0
102, 239.0, 187.0
103, 213.0, 191.0
104, 238.0, 192.0
105, 249.0, 192.0
106, 95.0, 199.0
107, 458.0, 199.0
108, 448.0, 200.0
109, 437.0, 201.0
110, 442.0, 201.0
111, 178.0, 202.0
112, 402.0, 202.0
113, 473.0, 202.0
114, 251.0, 204.0
115, 214.0, 205.0
116, 424.0, 205.0
117, 543.0, 208.0
118, 239.0, 210.0
119, 230.0, 212.0
120, 213.0, 217.0
121, 203.0, 218.0
122, 469.0, 218.0
123, 100.0, 219.0
124, 161.0, 221.0
125, 259.0, 221.0
126, 273.0, 222.0
127, 469.0, 223.0
128, 387.0, 224.0
129, 88.0, 225.0
130, 244.0, 225.0
131, 221.0, 226.0
132, 230.0, 226.0
133, 239.0, 226.0
134, 274.0, 227.0
135, 308.0, 227.0
136, 335.0, 227.0
137, 101.0, 229.0
138, 258.0, 231.0
139, 362.0, 231.0
140, 213.0, 232.0
141, 237.0, 232.0
142, 275.0, 232.0
143, 298.0, 235.0
144, 449.0, 237.0
145, 320.0, 238.0
146, 325.0, 238.0
147, 349.0, 238.0
148, 335.0, 239.0
149, 431.0, 239.0
150, 274.0, 242.0
151, 56.0, 243.0
152, 319.0, 243.0
153, 104.0, 245.0
154, 208.0, 247.0
155, 219.0, 247.0
156, 274.0, 247.0
157, 529.0, 247.0
158, 298.0, 248.0
159, 349.0, 248.0
160, 543.0, 248.0
161, 308.0, 249.0
162, 155.0, 250.0
163, 534.0, 250.0
164, 529.0, 252.0
165, 334.0, 253.0
166, 455.0, 253.0
167, 245.0, 255.0
168, 315.0, 255.0
169, 354.0, 256.0
170, 305.0, 257.0
171, 451.0, 258.0
172, 529.0, 258.0
173, 219.0, 260.0
174, 244.0, 260.0
175, 353.0, 261.0
176, 304.0, 262.0
177, 541.0, 265.0
178, 316.0, 266.0
179, 334.0, 266.0
180, 324.0, 267.0
181, 352.0, 268.0
182, 230.0, 269.0
183, 207.0, 271.0
184, 304.0, 271.0
185, 470.0, 272.0
186, 461.0, 275.0
187, 344.0, 278.0
188, 315.0, 279.0
189, 246.0, 280.0
190, 324.0, 280.0
191, 333.0, 280.0
192, 353.0, 280.0
193, 245.0, 285.0
194, 307.0, 286.0
195, 336.0, 287.0
196, 331.0, 288.0
197, 344.0, 289.0
198, 208.0, 291.0
199, 195.0, 293.0
200, 231.0, 293.0
201, 219.0, 295.0
202, 360.0, 296.0
203, 232.0, 298.0
204, 701.0, 301.0
205, 217.0, 304.0
206, 680.0, 304.0
207, 197.0, 305.0
208, 396.0, 307.0
209, 66.0, 308.0
210, 742.0, 310.0
211, 360.0, 311.0
212, 472.0, 312.0
213, 477.0, 312.0
214, 155.0, 313.0
215, 351.0, 314.0
216, 388.0, 317.0
217, 469.0, 317.0
218, 170.0, 319.0
219, 307.0, 319.0
220, 165.0, 320.0
221, 451.0, 321.0
222, 498.0, 321.0
223, 397.0, 322.0
224, 469.0, 322.0
225, 356.0, 324.0
226, 163.0, 325.0
227, 568.0, 327.0
228, 304.0, 328.0
229, 178.0, 329.0
230, 272.0, 330.0
231, 576.0, 330.0
232, 451.0, 331.0
233, 304.0, 333.0
234, 398.0, 333.0
235, 276.0, 335.0
236, 567.0, 335.0
237, 692.0, 336.0
238, 731.0, 337.0
239, 504.0, 338.0
240, 430.0, 340.0
241, 462.0, 340.0
242, 519.0, 340.0
243, 418.0, 341.0
244, 147.0, 342.0
245, 405.0, 342.0
246, 733.0, 343.0
247, 567.0, 344.0
248, 557.0, 345.0
249, 145.0, 347.0
250, 174.0, 347.0
251, 187.0, 347.0
252, 205.0, 348.0
253, 249.0, 349.0
254, 234.0, 350.0
255, 573.0, 350.0
256, 162.0, 351.0
257, 560.0, 355.0
258, 249.0, 356.0
259, 492.0, 358.0
260, 262.0, 359.0
261, 272.0, 359.0
262, 471.0, 359.0
263, 515.0, 360.0
264, 236.0, 361.0
265, 248.0, 361.0
266, 454.0, 361.0
267, 267.0, 362.0
268, 399.0, 362.0
269, 580.0, 363.0
270, 483.0, 367.0
271, 74.0, 368.0
272, 270.0, 368.0
273, 9.0, 369.0
274, 567.0, 369.0
275, 553.0, 370.0
276, 517.0, 371.0
277, 604.0, 373.0
278, 250.0, 375.0
279, 526.0, 375.0
280, 23.0, 377.0
281, 539.0, 377.0
282, 559.0, 377.0
283, 54.0, 378.0
284, 484.0, 381.0
285, 236.0, 382.0
286, 550.0, 384.0
287, 485.0, 386.0
288, 212.0, 387.0
289, 528.0, 387.0
290, 566.0, 387.0
291, 560.0, 388.0
292, 571.0, 388.0
293, 514.0, 389.0
294, 250.0, 390.0
295, 599.0, 390.0
296, 262.0, 391.0
297, 211.0, 392.0
298, 500.0, 393.0
299, 260.0, 396.0
300, 13.0, 399.0
301, 239.0, 399.0
302, 252.0, 399.0
303, 465.0, 399.0
304, 480.0, 399.0
305, 259.0, 401.0
306, 587.0, 401.0
307, 238.0, 404.0
308, 253.0, 404.0
309, 480.0, 404.0
310, 509.0, 404.0
311, 567.0, 408.0
312, 523.0, 410.0
313, 555.0, 410.0
314, 500.0, 411.0
315, 589.0, 413.0
316, 512.0, 415.0
317, 20.0, 416.0
318, 524.0, 416.0
319, 500.0, 417.0
320, 579.0, 417.0
321, 560.0, 419.0
322, 486.0, 420.0
323, 570.0, 421.0
324, 53.0, 423.0
325, 472.0, 423.0
326, 525.0, 424.0
327, 590.0, 424.0
328, 543.0, 425.0
329, 473.0, 428.0
330, 503.0, 431.0
331, 562.0, 431.0
332, 234.0, 432.0
333, 568.0, 432.0
334, 573.0, 432.0
335, 588.0, 432.0
336, 242.0, 433.0
337, 255.0, 434.0
338, 491.0, 437.0
339, 283.0, 438.0
340, 526.0, 438.0
341, 255.0, 440.0
342, 479.0, 440.0
343, 209.0, 444.0
344, 11.0, 445.0
345, 481.0, 445.0
346, 496.0, 445.0
347, 535.0, 446.0
348, 694.0, 446.0
349, 511.0, 448.0
350, 493.0, 452.0
351, 555.0, 453.0
352, 18.0, 456.0
353, 496.0, 458.0
354, 524.0, 458.0
355, 514.0, 460.0
356, 579.0, 465.0
357, 23.0, 466.0
358, 555.0, 466.0
359, 62.0, 468.0
360, 579.0, 470.0
361, 709.0, 470.0
362, 243.0, 471.0
363, 490.0, 471.0
364, 516.0, 471.0
365, 529.0, 471.0
366, 556.0, 471.0
