0, 8.0, 8.0
1, 237.0, 9.0
2, 41.0, 15.0
3, 438.0, 16.0
4, 87.0, 18.0
5, 420.0, 21.0
6, 339.0, 22.0
7, 53.0, 26.0
8, 44.0, 27.0
9, 339.0, 27.0
10, 420.0, 28.0
11, 249.0, 31.0
12, 420.0, 33.0
13, 420.0, 42.0
14, 526.0, 44.0
15, 61.0, 45.0
16, 307.0, 47.0
17, 495.0, 47.0
18, 94.0, 50.0
19, 181.0, 50.0
20, 354.0, 52.0
21, 419.0, 53.0
22, 54.0, 54.0
23, 354.0, 60.0
24, 690.0, 60.0
25, 21.0, 61.0
26, 420.0, 65.0
27, 492.0, 65.0
28, 69.0, 66.0
29, 229.0, 66.0
30, 308.0, 67.0
31, 346.0, 67.0
32, 340.0, 69.0
33, 687.0, 69.0
34, 335.0, 70.0
35, 324.0, 72.0
36, 60.0, 73.0
37, 310.0, 75.0
38, 432.0, 76.0
39, 290.0, 79.0
40, 285.0, 80.0
41, 432.0, 81.0
42, 471.0, 81.0
43, 269.0, 82.0
44, 692.0, 82.0
45, 260.0, 83.0
46, 489.0, 83.0
47, 447.0, 84.0
48, 525.0, 84.0
49, 255.0, 85.0
50, 469.0, 86.0
51, 355.0, 88.0
52, 227.0, 90.0
53, 505.0, 90.0
54, 210.0, 93.0
55, 200.0, 94.0
56, 205.0, 94.0
57, 531.0, 94.0
58, 191.0, 96.0
59, 465.0, 96.0
60, 76.0, 99.0
61, 176.0, 99.0
62, 523.0, 100.0
63, 463.0, 101.0
64, 626.0, 101.0
65, 347.0, 102.0
66, 426.0, 103.0
67, 531.0, 103.0
68, 77.0, 104.0
69, 111.0, 104.0
70, 157.0, 104.0
71, 462.0, 106.0
72, 625.0, 106.0
73, 442.0, 108.0
74, 145.0, 110.0
75, 624.0, 111.0
76, 356.0, 115.0
77, 39.0, 116.0
78, 349.0, 116.0
79, 458.0, 116.0
80, 565.0, 118.0
81, 456.0, 121.0
82, 148.0, 122.0
83, 577.0, 124.0
84, 455.0, 126.0
85, 701.0, 127.0
86, 588.0, 129.0
87, 151.0, 134.0
88, 422.0, 142.0
89, 616.0, 142.0
90, 358.0, 146.0
91, 133.0, 148.0
92, 141.0, 154.0
93, 129.0, 156.0
94, 124.0, 157.0
95, 441.0, 160.0
96, 356.0, 161.0
97, 660.0, 161.0
98, 159.0, 162.0
99, 439.0, 165.0
100, 55.0, 166.0
101, 134.0, 166.0
102, 145.0, 166.0
103, 438.0, 170.0
104, 676.0, 170.0
105, 56.0, 171.0
106, 127.0, 171.0
107, 64.0, 173.0
108, 440.0, 175.0
109, 55.0, 176.0
110, 164.0, 179.0
111, 151.0, 182.0
112, 68.0, 184.0
113, 455.0, 184.0
114, 51.0, 186.0
115, 134.0, 186.0
116, 167.0, 191.0
117, 158.0, 195.0
118, 664.0, 195.0
119, 139.0, 199.0
120, 127.0, 200.0
121, 72.0, 202.0
122, 140.0, 205.0
123, 657.0, 206.0
124, 53.0, 207.0
125, 123.0, 210.0
126, 141.0, 210.0
127, 650.0, 211.0
128, 75.0, 215.0
129, 646.0, 218.0
130, 77.0, 220.0
131, 399.0, 220.0
132, 495.0, 220.0
133, 125.0, 221.0
134, 55.0, 222.0
135, 175.0, 222.0
136, 97.0, 224.0
137, 380.0, 224.0
138, 78.0, 225.0
139, 368.0, 225.0
140, 398.0, 225.0
141, 497.0, 225.0
142, 347.0, 226.0
143, 489.0, 226.0
144, 358.0, 227.0
145, 504.0, 228.0
146, 80.0, 230.0
147, 56.0, 231.0
148, 309.0, 231.0
149, 329.0, 232.0
150, 386.0, 233.0
151, 35.0, 235.0
152, 316.0, 235.0
153, 370.0, 236.0
154, 56.0, 237.0
155, 302.0, 237.0
156, 360.0, 237.0
157, 400.0, 237.0
158, 309.0, 238.0
159, 500.0, 239.0
160, 505.0, 239.0
161, 184.0, 241.0
162, 339.0, 241.0
163, 55.0, 242.0
164, 302.0, 242.0
165, 351.0, 242.0
166, 326.0, 243.0
167, 314.0, 245.0
168, 266.0, 247.0
169, 303.0, 247.0
170, 166.0, 248.0
171, 481.0, 250.0
172, 414.0, 251.0
173, 490.0, 251.0
174, 155.0, 252.0
175, 191.0, 253.0
176, 413.0, 256.0
177, 28.0, 259.0
178, 16.0, 260.0
179, 492.0, 264.0
180, 731.0, 270.0
181, 95.0, 271.0
182, 606.0, 276.0
183, 488.0, 278.0
184, 743.0, 278.0
185, 163.0, 279.0
186, 561.0, 279.0
187, 472.0, 280.0
188, 554.0, 280.0
189, 522.0, 281.0
190, 605.0, 281.0
191, 723.0, 281.0
192, 63.0, 282.0
193, 319.0, 282.0
194, 568.0, 282.0
195, 544.0, 283.0
196, 573.0, 284.0
197, 211.0, 285.0
198, 735.0, 287.0
199, 63.0, 288.0
200, 326.0, 288.0
201, 610.0, 289.0
202, 717.0, 289.0
203, 480.0, 291.0
204, 591.0, 294.0
205, 728.0, 296.0
206, 171.0, 297.0
207, 465.0, 297.0
208, 711.0, 298.0
209, 556.0, 302.0
210, 104.0, 303.0
211, 483.0, 303.0
212, 739.0, 303.0
213, 722.0, 305.0
214, 704.0, 306.0
215, 492.0, 307.0
216, 606.0, 308.0
217, 514.0, 309.0
218, 618.0, 309.0
219, 733.0, 312.0
220, 715.0, 313.0
221, 171.0, 314.0
222, 622.0, 314.0
223, 573.0, 315.0
224, 698.0, 315.0
225, 478.0, 316.0
226, 109.0, 317.0
227, 603.0, 318.0
228, 743.0, 319.0
229, 114.0, 320.0
230, 726.0, 320.0
231, 460.0, 321.0
232, 709.0, 321.0
233, 526.0, 322.0
234, 551.0, 322.0
235, 692.0, 322.0
236, 515.0, 324.0
237, 105.0, 325.0
238, 117.0, 326.0
239, 597.0, 327.0
240, 719.0, 328.0
241, 737.0, 328.0
242, 627.0, 330.0
243, 686.0, 330.0
244, 703.0, 330.0
245, 649.0, 331.0
246, 476.0, 333.0
247, 608.0, 333.0
248, 70.0, 334.0
249, 629.0, 335.0
250, 557.0, 336.0
251, 730.0, 336.0
252, 696.0, 337.0
253, 713.0, 337.0
254, 533.0, 338.0
255, 679.0, 338.0
256, 467.0, 339.0
257, 631.0, 340.0
258, 621.0, 341.0
259, 416.0, 343.0
260, 740.0, 343.0
261, 464.0, 344.0
262, 724.0, 344.0
263, 707.0, 345.0
264, 124.0, 346.0
265, 451.0, 346.0
266, 591.0, 346.0
267, 691.0, 346.0
268, 463.0, 350.0
269, 451.0, 351.0
270, 734.0, 351.0
271, 717.0, 352.0
272, 700.0, 353.0
273, 461.0, 355.0
274, 470.0, 355.0
275, 674.0, 355.0
276, 510.0, 358.0
277, 743.0, 358.0
278, 441.0, 359.0
279, 682.0, 359.0
280, 727.0, 359.0
281, 462.0, 360.0
282, 470.0, 360.0
283, 710.0, 360.0
284, 478.0, 361.0
285, 431.0, 362.0
286, 592.0, 365.0
287, 453.0, 366.0
288, 737.0, 367.0
289, 720.0, 368.0
290, 460.0, 369.0
291, 677.0, 369.0
292, 439.0, 372.0
293, 603.0, 373.0
294, 639.0, 375.0
295, 731.0, 376.0
296, 683.0, 377.0
297, 443.0, 378.0
298, 452.0, 378.0
299, 657.0, 379.0
300, 76.0, 381.0
301, 682.0, 382.0
302, 465.0, 383.0
303, 740.0, 384.0
304, 410.0, 385.0
305, 443.0, 385.0
306, 472.0, 385.0
307, 624.0, 385.0
308, 459.0, 386.0
309, 638.0, 386.0
310, 533.0, 389.0
311, 656.0, 392.0
312, 687.0, 392.0
313, 429.0, 395.0
314, 450.0, 395.0
315, 413.0, 396.0
316, 650.0, 399.0
317, 691.0, 399.0
318, 428.0, 400.0
319, 461.0, 401.0
320, 486.0, 402.0
321, 440.0, 403.0
322, 453.0, 406.0
323, 549.0, 409.0
324, 376.0, 410.0
325, 659.0, 410.0
326, 654.0, 411.0
327, 639.0, 413.0
328, 417.0, 416.0
329, 455.0, 418.0
330, 641.0, 418.0
331, 442.0, 421.0
332, 616.0, 422.0
333, 634.0, 423.0
334, 652.0, 423.0
335, 665.0, 423.0
336, 675.0, 424.0
337, 448.0, 426.0
338, 415.0, 427.0
339, 653.0, 428.0
340, 619.0, 431.0
341, 452.0, 433.0
342, 437.0, 435.0
343, 540.0, 435.0
344, 545.0, 435.0
345, 638.0, 435.0
346, 534.0, 437.0
347, 429.0, 438.0
348, 428.0, 443.0
349, 665.0, 444.0
350, 447.0, 447.0
351, 427.0, 448.0
352, 648.0, 448.0
353, 658.0, 452.0
354, 373.0, 456.0
355, 440.0, 456.0
356, 450.0, 456.0
357, 653.0, 461.0
358, 665.0, 461.0
359, 430.0, 463.0
360, 466.0, 464.0
361, 429.0, 471.0
362, 439.0, 471.0
