0, 491.0, 8.0
1, 75.0, 12.0
2, 616.0, 19.0
3, 486.0, 43.0
4, 609.0, 60.0
5, 608.0, 66.0
6, 483.0, 72.0
7, 607.0, 73.0
8, 364.0, 74.0
9, 77.0, 93.0
10, 481.0, 94.0
11, 481.0, 99.0
12, 362.0, 102.0
13, 98.0, 103.0
14, 480.0, 105.0
15, 361.0, 107.0
16, 71.0, 111.0
17, 479.0, 112.0
18, 360.0, 113.0
19, 479.0, 117.0
20, 42.0, 119.0
21, 85.0, 123.0
22, 45.0, 124.0
23, 94.0, 124.0
24, 104.0, 124.0
25, 247.0, 128.0
26, 252.0, 128.0
27, 355.0, 128.0
28, 295.0, 129.0
29, 268.0, 130.0
30, 310.0, 130.0
31, 477.0, 131.0
32, 594.0, 135.0
33, 477.0, 136.0
34, 43.0, 138.0
35, 594.0, 140.0
36, 361.0, 142.0
37, 557.0, 143.0
38, 476.0, 151.0
39, 62.0, 156.0
40, 476.0, 160.0
41, 590.0, 162.0
42, 360.0, 163.0
43, 43.0, 164.0
44, 589.0, 167.0
45, 360.0, 172.0
46, 465.0, 174.0
47, 361.0, 177.0
48, 474.0, 178.0
49, 475.0, 184.0
50, 43.0, 186.0
51, 429.0, 193.0
52, 438.0, 193.0
53, 446.0, 193.0
54, 454.0, 193.0
55, 462.0, 193.0
56, 470.0, 193.0
57, 475.0, 193.0
58, 485.0, 193.0
59, 361.0, 194.0
60, 583.0, 197.0
61, 584.0, 202.0
62, 42.0, 203.0
63, 469.0, 203.0
64, 429.0, 204.0
65, 438.0, 204.0
66, 446.0, 204.0
67, 454.0, 204.0
68, 462.0, 204.0
69, 477.0, 204.0
70, 486.0, 204.0
71, 360.0, 207.0
72, 42.0, 208.0
73, 90.0, 210.0
74, 438.0, 213.0
75, 446.0, 213.0
76, 454.0, 213.0
77, 462.0, 213.0
78, 470.0, 213.0
79, 477.0, 213.0
80, 485.0, 213.0
81, 43.0, 214.0
82, 429.0, 214.0
83, 361.0, 216.0
84, 499.0, 216.0
85, 428.0, 219.0
86, 485.0, 222.0
87, 438.0, 223.0
88, 446.0, 223.0
89, 451.0, 223.0
90, 457.0, 223.0
91, 465.0, 223.0
92, 472.0, 223.0
93, 477.0, 223.0
94, 582.0, 223.0
95, 42.0, 224.0
96, 361.0, 224.0
97, 429.0, 224.0
98, 462.0, 232.0
99, 470.0, 232.0
100, 477.0, 232.0
101, 485.0, 232.0
102, 42.0, 233.0
103, 429.0, 233.0
104, 438.0, 233.0
105, 446.0, 233.0
106, 454.0, 233.0
107, 360.0, 235.0
108, 485.0, 241.0
109, 438.0, 242.0
110, 446.0, 242.0
111, 454.0, 242.0
112, 462.0, 242.0
113, 470.0, 242.0
114, 477.0, 242.0
115, 429.0, 243.0
116, 41.0, 247.0
117, 361.0, 250.0
118, 446.0, 251.0
119, 454.0, 251.0
120, 462.0, 251.0
121, 469.0, 251.0
122, 477.0, 251.0
123, 485.0, 251.0
124, 429.0, 252.0
125, 438.0, 252.0
126, 577.0, 254.0
127, 41.0, 260.0
128, 477.0, 260.0
129, 486.0, 260.0
130, 446.0, 261.0
131, 454.0, 261.0
132, 462.0, 261.0
133, 470.0, 261.0
134, 429.0, 262.0
135, 438.0, 262.0
136, 503.0, 263.0
137, 382.0, 269.0
138, 414.0, 269.0
139, 362.0, 271.0
140, 459.0, 271.0
141, 465.0, 271.0
142, 472.0, 271.0
143, 477.0, 271.0
144, 485.0, 271.0
145, 41.0, 272.0
146, 429.0, 272.0
147, 438.0, 272.0
148, 446.0, 272.0
149, 454.0, 272.0
150, 94.0, 275.0
151, 40.0, 280.0
152, 410.0, 281.0
153, 417.0, 282.0
154, 384.0, 283.0
155, 393.0, 283.0
156, 443.0, 284.0
157, 40.0, 285.0
158, 359.0, 287.0
159, 455.0, 289.0
160, 41.0, 290.0
161, 334.0, 290.0
162, 406.0, 290.0
163, 462.0, 290.0
164, 48.0, 291.0
165, 96.0, 291.0
166, 53.0, 292.0
167, 221.0, 292.0
168, 414.0, 293.0
169, 532.0, 293.0
170, 421.0, 294.0
171, 523.0, 295.0
172, 388.0, 296.0
173, 316.0, 298.0
174, 512.0, 298.0
175, 333.0, 299.0
176, 481.0, 299.0
177, 236.0, 300.0
178, 454.0, 300.0
179, 202.0, 301.0
180, 401.0, 301.0
181, 226.0, 302.0
182, 462.0, 303.0
183, 408.0, 304.0
184, 231.0, 307.0
185, 321.0, 308.0
186, 421.0, 309.0
187, 702.0, 309.0
188, 219.0, 310.0
189, 456.0, 310.0
190, 207.0, 311.0
191, 397.0, 311.0
192, 336.0, 312.0
193, 406.0, 312.0
194, 713.0, 312.0
195, 197.0, 313.0
196, 351.0, 313.0
197, 366.0, 314.0
198, 379.0, 315.0
199, 465.0, 316.0
200, 547.0, 317.0
201, 691.0, 318.0
202, 110.0, 319.0
203, 215.0, 319.0
204, 239.0, 319.0
205, 487.0, 319.0
206, 696.0, 319.0
207, 414.0, 320.0
208, 450.0, 320.0
209, 505.0, 321.0
210, 399.0, 322.0
211, 470.0, 322.0
212, 232.0, 323.0
213, 302.0, 323.0
214, 458.0, 323.0
215, 661.0, 323.0
216, 515.0, 324.0
217, 708.0, 324.0
218, 431.0, 325.0
219, 504.0, 326.0
220, 467.0, 327.0
221, 221.0, 328.0
222, 230.0, 328.0
223, 395.0, 328.0
224, 250.0, 329.0
225, 384.0, 329.0
226, 706.0, 329.0
227, 372.0, 331.0
228, 447.0, 331.0
229, 481.0, 331.0
230, 677.0, 331.0
231, 726.0, 331.0
232, 435.0, 332.0
233, 358.0, 333.0
234, 415.0, 333.0
235, 495.0, 333.0
236, 733.0, 333.0
237, 522.0, 334.0
238, 233.0, 335.0
239, 399.0, 336.0
240, 376.0, 337.0
241, 389.0, 337.0
242, 660.0, 337.0
243, 249.0, 338.0
244, 254.0, 338.0
245, 344.0, 339.0
246, 357.0, 339.0
247, 538.0, 339.0
248, 582.0, 339.0
249, 476.0, 341.0
250, 529.0, 341.0
251, 421.0, 342.0
252, 503.0, 342.0
253, 247.0, 343.0
254, 326.0, 343.0
255, 447.0, 343.0
256, 574.0, 343.0
257, 234.0, 344.0
258, 342.0, 344.0
259, 355.0, 344.0
260, 487.0, 344.0
261, 677.0, 344.0
262, 514.0, 346.0
263, 551.0, 346.0
264, 254.0, 348.0
265, 328.0, 348.0
266, 391.0, 348.0
267, 356.0, 349.0
268, 378.0, 349.0
269, 611.0, 349.0
270, 678.0, 349.0
271, 343.0, 350.0
272, 270.0, 351.0
273, 560.0, 351.0
274, 565.0, 351.0
275, 241.0, 352.0
276, 498.0, 352.0
277, 522.0, 352.0
278, 365.0, 353.0
279, 572.0, 353.0
280, 668.0, 353.0
281, 540.0, 354.0
282, 451.0, 355.0
283, 328.0, 356.0
284, 509.0, 356.0
285, 250.0, 357.0
286, 258.0, 357.0
287, 386.0, 357.0
288, 652.0, 357.0
289, 381.0, 358.0
290, 590.0, 358.0
291, 552.0, 359.0
292, 579.0, 359.0
293, 269.0, 360.0
294, 351.0, 360.0
295, 564.0, 360.0
296, 462.0, 361.0
297, 358.0, 362.0
298, 407.0, 362.0
299, 416.0, 362.0
300, 569.0, 362.0
301, 606.0, 362.0
302, 654.0, 362.0
303, 370.0, 363.0
304, 644.0, 363.0
305, 593.0, 364.0
306, 269.0, 365.0
307, 425.0, 365.0
308, 474.0, 365.0
309, 508.0, 365.0
310, 669.0, 366.0
311, 259.0, 367.0
312, 583.0, 367.0
313, 276.0, 368.0
314, 283.0, 370.0
315, 269.0, 373.0
316, 412.0, 373.0
317, 445.0, 374.0
318, 608.0, 374.0
319, 264.0, 375.0
320, 297.0, 375.0
321, 506.0, 375.0
322, 633.0, 375.0
323, 676.0, 375.0
324, 435.0, 377.0
325, 493.0, 377.0
326, 354.0, 379.0
327, 642.0, 380.0
328, 654.0, 380.0
329, 398.0, 381.0
330, 450.0, 381.0
331, 613.0, 382.0
332, 483.0, 383.0
333, 631.0, 384.0
334, 668.0, 385.0
335, 458.0, 386.0
336, 619.0, 386.0
337, 333.0, 388.0
338, 475.0, 388.0
339, 641.0, 388.0
340, 414.0, 389.0
341, 704.0, 389.0
342, 362.0, 390.0
343, 156.0, 391.0
344, 540.0, 391.0
345, 555.0, 391.0
346, 270.0, 392.0
347, 289.0, 392.0
348, 312.0, 392.0
349, 652.0, 392.0
350, 401.0, 393.0
351, 639.0, 393.0
352, 299.0, 394.0
353, 393.0, 394.0
354, 477.0, 396.0
355, 449.0, 397.0
356, 150.0, 398.0
357, 21.0, 399.0
358, 427.0, 399.0
359, 137.0, 400.0
360, 46.0, 402.0
361, 299.0, 402.0
362, 306.0, 402.0
363, 410.0, 402.0
364, 11.0, 403.0
365, 255.0, 403.0
366, 287.0, 403.0
367, 640.0, 404.0
368, 364.0, 405.0
369, 390.0, 405.0
370, 645.0, 405.0
371, 542.0, 406.0
372, 319.0, 409.0
373, 376.0, 409.0
374, 40.0, 410.0
375, 645.0, 410.0
376, 304.0, 411.0
377, 436.0, 411.0
378, 54.0, 414.0
379, 337.0, 414.0
380, 414.0, 415.0
381, 131.0, 416.0
382, 549.0, 416.0
383, 26.0, 419.0
384, 316.0, 419.0
385, 376.0, 419.0
386, 706.0, 419.0
387, 114.0, 420.0
388, 358.0, 420.0
389, 492.0, 420.0
390, 41.0, 423.0
391, 510.0, 424.0
392, 307.0, 425.0
393, 557.0, 425.0
394, 396.0, 427.0
395, 8.0, 429.0
396, 320.0, 430.0
397, 342.0, 431.0
398, 358.0, 432.0
399, 499.0, 432.0
400, 564.0, 434.0
401, 552.0, 435.0
402, 576.0, 435.0
403, 468.0, 436.0
404, 381.0, 437.0
405, 519.0, 438.0
406, 297.0, 439.0
407, 543.0, 439.0
408, 599.0, 439.0
409, 448.0, 440.0
410, 657.0, 440.0
411, 524.0, 441.0
412, 331.0, 443.0
413, 506.0, 443.0
414, 367.0, 444.0
415, 424.0, 444.0
416, 565.0, 444.0
417, 604.0, 444.0
418, 348.0, 445.0
419, 401.0, 445.0
420, 388.0, 449.0
421, 352.0, 450.0
422, 524.0, 452.0
423, 515.0, 453.0
424, 378.0, 454.0
425, 341.0, 455.0
426, 503.0, 455.0
427, 424.0, 457.0
428, 555.0, 457.0
429, 637.0, 457.0
430, 690.0, 457.0
431, 364.0, 458.0
432, 332.0, 459.0
433, 480.0, 459.0
434, 538.0, 460.0
435, 571.0, 462.0
436, 369.0, 463.0
437, 462.0, 463.0
438, 320.0, 467.0
439, 450.0, 467.0
440, 342.0, 468.0
441, 436.0, 468.0
442, 395.0, 471.0
443, 421.0, 471.0
444, 455.0, 471.0
