0, 618.0, 11.0
1, 420.0, 15.0
2, 607.0, 17.0
3, 434.0, 29.0
4, 287.0, 31.0
5, 422.0, 31.0
6, 307.0, 33.0
7, 179.0, 39.0
8, 171.0, 41.0
9, 398.0, 44.0
10, 82.0, 45.0
11, 307.0, 46.0
12, 55.0, 48.0
13, 295.0, 48.0
14, 288.0, 49.0
15, 306.0, 51.0
16, 399.0, 58.0
17, 307.0, 60.0
18, 288.0, 74.0
19, 288.0, 80.0
20, 595.0, 101.0
21, 405.0, 107.0
22, 394.0, 112.0
23, 308.0, 124.0
24, 308.0, 131.0
25, 290.0, 136.0
26, 308.0, 136.0
27, 592.0, 136.0
28, 307.0, 147.0
29, 307.0, 152.0
30, 72.0, 157.0
31, 378.0, 157.0
32, 104.0, 163.0
33, 402.0, 163.0
34, 377.0, 188.0
35, 183.0, 191.0
36, 584.0, 199.0
37, 392.0, 204.0
38, 185.0, 205.0
39, 108.0, 209.0
40, 187.0, 211.0
41, 113.0, 219.0
42, 164.0, 221.0
43, 200.0, 223.0
44, 191.0, 224.0
45, 205.0, 224.0
46, 158.0, 231.0
47, 288.0, 237.0
48, 413.0, 237.0
49, 299.0, 238.0
50, 306.0, 240.0
51, 311.0, 241.0
52, 575.0, 243.0
53, 345.0, 246.0
54, 159.0, 248.0
55, 413.0, 248.0
56, 364.0, 249.0
57, 401.0, 252.0
58, 396.0, 253.0
59, 405.0, 257.0
60, 574.0, 257.0
61, 156.0, 262.0
62, 564.0, 266.0
63, 127.0, 267.0
64, 412.0, 268.0
65, 107.0, 269.0
66, 154.0, 276.0
67, 410.0, 281.0
68, 566.0, 281.0
69, 152.0, 282.0
70, 106.0, 283.0
71, 410.0, 291.0
72, 151.0, 292.0
73, 409.0, 304.0
74, 562.0, 304.0
75, 401.0, 305.0
76, 403.0, 321.0
77, 113.0, 322.0
78, 142.0, 333.0
79, 564.0, 335.0
80, 141.0, 338.0
81, 487.0, 339.0
82, 141.0, 343.0
83, 502.0, 343.0
84, 507.0, 343.0
85, 512.0, 344.0
86, 517.0, 345.0
87, 524.0, 347.0
88, 529.0, 348.0
89, 534.0, 349.0
90, 539.0, 350.0
91, 544.0, 351.0
92, 551.0, 352.0
93, 139.0, 353.0
94, 487.0, 353.0
95, 557.0, 353.0
96, 144.0, 356.0
97, 500.0, 356.0
98, 574.0, 357.0
99, 511.0, 358.0
100, 522.0, 360.0
101, 533.0, 363.0
102, 484.0, 364.0
103, 492.0, 365.0
104, 545.0, 365.0
105, 499.0, 368.0
106, 557.0, 368.0
107, 510.0, 370.0
108, 572.0, 371.0
109, 520.0, 372.0
110, 532.0, 375.0
111, 484.0, 377.0
112, 492.0, 378.0
113, 544.0, 378.0
114, 498.0, 380.0
115, 556.0, 380.0
116, 508.0, 382.0
117, 514.0, 384.0
118, 571.0, 384.0
119, 519.0, 385.0
120, 482.0, 388.0
121, 532.0, 388.0
122, 538.0, 389.0
123, 543.0, 390.0
124, 496.0, 391.0
125, 549.0, 392.0
126, 555.0, 393.0
127, 258.0, 395.0
128, 508.0, 395.0
129, 253.0, 396.0
130, 518.0, 397.0
131, 570.0, 397.0
132, 530.0, 400.0
133, 535.0, 400.0
134, 251.0, 401.0
135, 482.0, 401.0
136, 541.0, 402.0
137, 230.0, 403.0
138, 389.0, 404.0
139, 495.0, 404.0
140, 554.0, 406.0
141, 506.0, 407.0
142, 511.0, 408.0
143, 561.0, 408.0
144, 390.0, 409.0
145, 517.0, 409.0
146, 568.0, 409.0
147, 261.0, 411.0
148, 480.0, 412.0
149, 528.0, 412.0
150, 228.0, 413.0
151, 251.0, 413.0
152, 540.0, 415.0
153, 220.0, 416.0
154, 398.0, 416.0
155, 494.0, 416.0
156, 388.0, 418.0
157, 552.0, 418.0
158, 505.0, 419.0
159, 237.0, 420.0
160, 516.0, 422.0
161, 249.0, 423.0
162, 567.0, 423.0
163, 480.0, 425.0
164, 528.0, 425.0
165, 227.0, 428.0
166, 493.0, 428.0
167, 539.0, 428.0
168, 355.0, 430.0
169, 360.0, 431.0
170, 504.0, 431.0
171, 551.0, 431.0
172, 242.0, 432.0
173, 557.0, 432.0
174, 235.0, 433.0
175, 516.0, 435.0
176, 566.0, 435.0
177, 381.0, 436.0
178, 413.0, 437.0
179, 526.0, 437.0
180, 479.0, 438.0
181, 329.0, 439.0
182, 245.0, 440.0
183, 538.0, 440.0
184, 240.0, 441.0
185, 491.0, 441.0
186, 235.0, 442.0
187, 344.0, 443.0
188, 503.0, 444.0
189, 550.0, 444.0
190, 223.0, 446.0
191, 404.0, 446.0
192, 508.0, 446.0
193, 513.0, 447.0
194, 566.0, 447.0
195, 452.0, 448.0
196, 519.0, 449.0
197, 419.0, 450.0
198, 234.0, 451.0
199, 526.0, 451.0
200, 537.0, 454.0
201, 323.0, 456.0
202, 547.0, 457.0
203, 433.0, 458.0
204, 248.0, 459.0
205, 236.0, 460.0
206, 407.0, 460.0
207, 226.0, 461.0
208, 563.0, 462.0
209, 582.0, 463.0
210, 488.0, 465.0
211, 296.0, 469.0
212, 442.0, 469.0
213, 230.0, 470.0
214, 43.0, 471.0
215, 57.0, 471.0
216, 221.0, 471.0
217, 245.0, 471.0
