0, 566.0, 8.0
1, 627.0, 8.0
2, 683.0, 8.0
3, 46.0, 14.0
4, 549.0, 14.0
5, 584.0, 14.0
6, 621.0, 15.0
7, 462.0, 17.0
8, 59.0, 21.0
9, 586.0, 26.0
10, 679.0, 28.0
11, 602.0, 29.0
12, 599.0, 36.0
13, 606.0, 38.0
14, 594.0, 39.0
15, 677.0, 39.0
16, 657.0, 41.0
17, 677.0, 44.0
18, 702.0, 50.0
19, 623.0, 52.0
20, 611.0, 57.0
21, 650.0, 68.0
22, 562.0, 72.0
23, 608.0, 75.0
24, 563.0, 77.0
25, 596.0, 77.0
26, 619.0, 77.0
27, 632.0, 77.0
28, 613.0, 78.0
29, 642.0, 79.0
30, 608.0, 80.0
31, 647.0, 80.0
32, 652.0, 83.0
33, 642.0, 84.0
34, 597.0, 85.0
35, 576.0, 87.0
36, 732.0, 87.0
37, 581.0, 88.0
38, 646.0, 89.0
39, 587.0, 90.0
40, 731.0, 92.0
41, 570.0, 94.0
42, 660.0, 96.0
43, 612.0, 99.0
44, 617.0, 100.0
45, 627.0, 100.0
46, 573.0, 109.0
47, 8.0, 113.0
48, 575.0, 114.0
49, 617.0, 116.0
50, 633.0, 116.0
51, 576.0, 119.0
52, 599.0, 126.0
53, 627.0, 132.0
54, 639.0, 135.0
55, 573.0, 136.0
56, 723.0, 139.0
57, 326.0, 148.0
58, 564.0, 149.0
59, 569.0, 150.0
60, 16.0, 154.0
61, 661.0, 158.0
62, 680.0, 160.0
63, 649.0, 161.0
64, 636.0, 163.0
65, 685.0, 164.0
66, 625.0, 165.0
67, 671.0, 165.0
68, 612.0, 170.0
69, 604.0, 172.0
70, 627.0, 172.0
71, 339.0, 174.0
72, 595.0, 174.0
73, 655.0, 175.0
74, 615.0, 176.0
75, 641.0, 176.0
76, 17.0, 177.0
77, 22.0, 177.0
78, 596.0, 179.0
79, 103.0, 180.0
80, 607.0, 181.0
81, 141.0, 182.0
82, 106.0, 186.0
83, 658.0, 186.0
84, 96.0, 187.0
85, 566.0, 191.0
86, 648.0, 200.0
87, 566.0, 201.0
88, 703.0, 206.0
89, 22.0, 209.0
90, 606.0, 209.0
91, 560.0, 211.0
92, 704.0, 211.0
93, 100.0, 216.0
94, 704.0, 216.0
95, 737.0, 222.0
96, 567.0, 223.0
97, 671.0, 226.0
98, 100.0, 230.0
99, 110.0, 230.0
100, 24.0, 236.0
101, 616.0, 240.0
102, 662.0, 241.0
103, 104.0, 243.0
104, 295.0, 246.0
105, 680.0, 247.0
106, 715.0, 247.0
107, 411.0, 248.0
108, 567.0, 249.0
109, 699.0, 249.0
110, 269.0, 253.0
111, 295.0, 253.0
112, 667.0, 253.0
113, 106.0, 257.0
114, 655.0, 258.0
115, 634.0, 263.0
116, 55.0, 264.0
117, 26.0, 265.0
118, 660.0, 265.0
119, 644.0, 266.0
120, 687.0, 268.0
121, 629.0, 271.0
122, 59.0, 273.0
123, 77.0, 273.0
124, 674.0, 274.0
125, 629.0, 279.0
126, 676.0, 279.0
127, 67.0, 280.0
128, 82.0, 280.0
129, 19.0, 284.0
130, 691.0, 287.0
131, 96.0, 288.0
132, 70.0, 290.0
133, 85.0, 291.0
134, 96.0, 294.0
135, 61.0, 296.0
136, 107.0, 297.0
137, 636.0, 297.0
138, 116.0, 298.0
139, 85.0, 300.0
140, 637.0, 303.0
141, 97.0, 308.0
142, 120.0, 308.0
143, 639.0, 308.0
144, 548.0, 311.0
145, 21.0, 312.0
146, 624.0, 312.0
147, 92.0, 316.0
148, 614.0, 318.0
149, 82.0, 323.0
150, 14.0, 325.0
151, 592.0, 326.0
152, 8.0, 327.0
153, 74.0, 329.0
154, 582.0, 330.0
155, 114.0, 331.0
156, 135.0, 331.0
157, 721.0, 331.0
158, 743.0, 331.0
159, 576.0, 333.0
160, 709.0, 334.0
161, 743.0, 336.0
162, 70.0, 339.0
163, 558.0, 339.0
164, 732.0, 340.0
165, 434.0, 341.0
166, 699.0, 343.0
167, 67.0, 344.0
168, 543.0, 345.0
169, 87.0, 348.0
170, 64.0, 349.0
171, 560.0, 349.0
172, 653.0, 350.0
173, 528.0, 351.0
174, 25.0, 352.0
175, 30.0, 353.0
176, 517.0, 357.0
177, 187.0, 358.0
178, 175.0, 361.0
179, 691.0, 361.0
180, 704.0, 361.0
181, 533.0, 362.0
182, 668.0, 363.0
183, 679.0, 367.0
184, 662.0, 368.0
185, 695.0, 368.0
186, 21.0, 369.0
187, 167.0, 369.0
188, 80.0, 370.0
189, 11.0, 375.0
190, 177.0, 379.0
191, 168.0, 380.0
192, 512.0, 380.0
193, 535.0, 380.0
194, 192.0, 382.0
195, 213.0, 383.0
196, 173.0, 384.0
197, 17.0, 387.0
198, 640.0, 387.0
199, 178.0, 391.0
200, 523.0, 391.0
201, 170.0, 392.0
202, 639.0, 392.0
203, 510.0, 394.0
204, 657.0, 395.0
205, 717.0, 398.0
206, 641.0, 400.0
207, 69.0, 401.0
208, 180.0, 401.0
209, 654.0, 402.0
210, 89.0, 403.0
211, 525.0, 404.0
212, 8.0, 408.0
213, 525.0, 409.0
214, 511.0, 410.0
215, 324.0, 413.0
216, 524.0, 414.0
217, 195.0, 418.0
218, 111.0, 420.0
219, 183.0, 420.0
220, 515.0, 420.0
221, 174.0, 422.0
222, 679.0, 425.0
223, 114.0, 427.0
224, 136.0, 428.0
225, 726.0, 428.0
226, 123.0, 429.0
227, 59.0, 430.0
228, 115.0, 432.0
229, 503.0, 432.0
230, 502.0, 438.0
231, 155.0, 439.0
232, 514.0, 439.0
233, 527.0, 440.0
234, 141.0, 441.0
235, 731.0, 442.0
236, 17.0, 443.0
237, 72.0, 444.0
238, 281.0, 447.0
239, 499.0, 447.0
240, 731.0, 447.0
241, 12.0, 448.0
242, 17.0, 448.0
243, 56.0, 449.0
244, 121.0, 452.0
245, 270.0, 454.0
246, 522.0, 455.0
247, 178.0, 456.0
248, 542.0, 468.0
249, 283.0, 469.0
250, 738.0, 469.0
251, 75.0, 470.0
252, 237.0, 470.0
253, 723.0, 470.0
254, 56.0, 471.0
255, 122.0, 471.0
