0, 520.0, 8.0
1, 569.0, 12.0
2, 590.0, 14.0
3, 446.0, 15.0
4, 570.0, 17.0
5, 521.0, 19.0
6, 637.0, 21.0
7, 472.0, 23.0
8, 485.0, 23.0
9, 503.0, 24.0
10, 637.0, 26.0
11, 636.0, 32.0
12, 525.0, 33.0
13, 602.0, 40.0
14, 532.0, 41.0
15, 627.0, 43.0
16, 601.0, 46.0
17, 482.0, 51.0
18, 601.0, 51.0
19, 702.0, 63.0
20, 455.0, 64.0
21, 539.0, 64.0
22, 656.0, 69.0
23, 679.0, 69.0
24, 517.0, 70.0
25, 634.0, 70.0
26, 489.0, 71.0
27, 475.0, 73.0
28, 539.0, 73.0
29, 471.0, 79.0
30, 489.0, 79.0
31, 463.0, 83.0
32, 474.0, 85.0
33, 524.0, 85.0
34, 518.0, 86.0
35, 251.0, 87.0
36, 495.0, 87.0
37, 525.0, 90.0
38, 470.0, 106.0
39, 529.0, 106.0
40, 483.0, 108.0
41, 45.0, 109.0
42, 591.0, 122.0
43, 525.0, 127.0
44, 51.0, 130.0
45, 541.0, 137.0
46, 532.0, 138.0
47, 524.0, 139.0
48, 554.0, 141.0
49, 562.0, 141.0
50, 543.0, 143.0
51, 513.0, 144.0
52, 56.0, 145.0
53, 619.0, 145.0
54, 588.0, 147.0
55, 497.0, 148.0
56, 545.0, 149.0
57, 609.0, 149.0
58, 660.0, 151.0
59, 531.0, 153.0
60, 516.0, 154.0
61, 488.0, 157.0
62, 487.0, 162.0
63, 521.0, 168.0
64, 574.0, 170.0
65, 575.0, 175.0
66, 529.0, 176.0
67, 108.0, 180.0
68, 527.0, 181.0
69, 527.0, 187.0
70, 657.0, 189.0
71, 673.0, 196.0
72, 604.0, 200.0
73, 584.0, 205.0
74, 503.0, 206.0
75, 577.0, 208.0
76, 565.0, 209.0
77, 667.0, 209.0
78, 549.0, 211.0
79, 517.0, 212.0
80, 602.0, 213.0
81, 613.0, 213.0
82, 666.0, 215.0
83, 538.0, 217.0
84, 509.0, 219.0
85, 590.0, 219.0
86, 549.0, 222.0
87, 511.0, 224.0
88, 520.0, 224.0
89, 572.0, 226.0
90, 534.0, 227.0
91, 561.0, 229.0
92, 613.0, 229.0
93, 523.0, 232.0
94, 56.0, 235.0
95, 545.0, 235.0
96, 614.0, 235.0
97, 92.0, 239.0
98, 454.0, 239.0
99, 54.0, 240.0
100, 516.0, 245.0
101, 489.0, 246.0
102, 54.0, 249.0
103, 504.0, 249.0
104, 490.0, 255.0
105, 370.0, 258.0
106, 476.0, 260.0
107, 743.0, 260.0
108, 142.0, 267.0
109, 512.0, 267.0
110, 452.0, 270.0
111, 524.0, 270.0
112, 462.0, 271.0
113, 607.0, 271.0
114, 124.0, 273.0
115, 427.0, 274.0
116, 584.0, 275.0
117, 607.0, 276.0
118, 598.0, 280.0
119, 662.0, 282.0
120, 667.0, 282.0
121, 125.0, 283.0
122, 135.0, 284.0
123, 452.0, 286.0
124, 562.0, 287.0
125, 87.0, 291.0
126, 128.0, 292.0
127, 463.0, 295.0
128, 562.0, 297.0
129, 544.0, 299.0
130, 94.0, 300.0
131, 568.0, 302.0
132, 730.0, 303.0
133, 537.0, 305.0
134, 103.0, 307.0
135, 621.0, 307.0
136, 453.0, 308.0
137, 464.0, 308.0
138, 548.0, 308.0
139, 727.0, 309.0
140, 142.0, 314.0
141, 723.0, 314.0
142, 728.0, 314.0
143, 105.0, 316.0
144, 134.0, 316.0
145, 280.0, 318.0
146, 272.0, 319.0
147, 462.0, 322.0
148, 457.0, 324.0
149, 605.0, 327.0
150, 119.0, 329.0
151, 42.0, 331.0
152, 630.0, 333.0
153, 111.0, 335.0
154, 43.0, 342.0
155, 579.0, 342.0
156, 443.0, 343.0
157, 618.0, 344.0
158, 549.0, 345.0
159, 455.0, 347.0
160, 222.0, 348.0
161, 610.0, 348.0
162, 629.0, 348.0
163, 234.0, 350.0
164, 563.0, 350.0
165, 635.0, 352.0
166, 630.0, 353.0
167, 47.0, 355.0
168, 234.0, 355.0
169, 442.0, 355.0
170, 465.0, 355.0
171, 53.0, 356.0
172, 202.0, 359.0
173, 465.0, 360.0
174, 552.0, 360.0
175, 625.0, 361.0
176, 191.0, 362.0
177, 551.0, 365.0
178, 586.0, 365.0
179, 44.0, 368.0
180, 128.0, 370.0
181, 167.0, 371.0
182, 45.0, 374.0
183, 58.0, 374.0
184, 160.0, 374.0
185, 50.0, 376.0
186, 151.0, 376.0
187, 590.0, 376.0
188, 238.0, 377.0
189, 41.0, 381.0
190, 579.0, 381.0
191, 650.0, 382.0
192, 58.0, 385.0
193, 593.0, 386.0
194, 130.0, 387.0
195, 400.0, 387.0
196, 587.0, 387.0
197, 476.0, 389.0
198, 507.0, 391.0
199, 410.0, 392.0
200, 400.0, 395.0
201, 38.0, 396.0
202, 394.0, 399.0
203, 433.0, 399.0
204, 469.0, 401.0
205, 57.0, 402.0
206, 417.0, 402.0
207, 387.0, 403.0
208, 739.0, 403.0
209, 404.0, 404.0
210, 717.0, 406.0
211, 729.0, 407.0
212, 390.0, 408.0
213, 480.0, 409.0
214, 412.0, 410.0
215, 379.0, 411.0
216, 398.0, 411.0
217, 655.0, 411.0
218, 57.0, 414.0
219, 271.0, 416.0
220, 410.0, 416.0
221, 643.0, 416.0
222, 669.0, 416.0
223, 365.0, 417.0
224, 703.0, 417.0
225, 52.0, 418.0
226, 391.0, 418.0
227, 658.0, 420.0
228, 697.0, 420.0
229, 374.0, 421.0
230, 640.0, 421.0
231, 247.0, 422.0
232, 352.0, 423.0
233, 384.0, 423.0
234, 684.0, 423.0
235, 689.0, 424.0
236, 362.0, 427.0
237, 395.0, 427.0
238, 731.0, 428.0
239, 660.0, 429.0
240, 675.0, 429.0
241, 269.0, 431.0
242, 13.0, 433.0
243, 371.0, 433.0
244, 261.0, 434.0
245, 721.0, 434.0
246, 355.0, 436.0
247, 276.0, 438.0
248, 336.0, 439.0
249, 360.0, 440.0
250, 708.0, 440.0
251, 696.0, 443.0
252, 266.0, 444.0
253, 387.0, 445.0
254, 614.0, 445.0
255, 252.0, 449.0
256, 717.0, 451.0
257, 343.0, 452.0
258, 317.0, 453.0
259, 326.0, 453.0
260, 703.0, 456.0
261, 286.0, 457.0
262, 255.0, 461.0
263, 299.0, 461.0
264, 601.0, 461.0
265, 312.0, 462.0
266, 333.0, 463.0
267, 624.0, 463.0
268, 632.0, 465.0
269, 284.0, 469.0
270, 319.0, 469.0
271, 335.0, 469.0
272, 306.0, 470.0
273, 257.0, 471.0
274, 589.0, 471.0
