0, 399.0, 10.0
1, 398.0, 18.0
2, 535.0, 20.0
3, 521.0, 25.0
4, 497.0, 30.0
5, 509.0, 30.0
6, 448.0, 37.0
7, 465.0, 37.0
8, 481.0, 37.0
9, 432.0, 42.0
10, 410.0, 45.0
11, 394.0, 47.0
12, 384.0, 48.0
13, 405.0, 48.0
14, 372.0, 49.0
15, 377.0, 49.0
16, 367.0, 50.0
17, 42.0, 55.0
18, 75.0, 58.0
19, 101.0, 64.0
20, 121.0, 66.0
21, 140.0, 68.0
22, 158.0, 70.0
23, 52.0, 71.0
24, 83.0, 71.0
25, 174.0, 72.0
26, 521.0, 73.0
27, 91.0, 74.0
28, 496.0, 74.0
29, 511.0, 74.0
30, 532.0, 74.0
31, 475.0, 75.0
32, 486.0, 75.0
33, 491.0, 75.0
34, 454.0, 78.0
35, 462.0, 78.0
36, 427.0, 79.0
37, 435.0, 79.0
38, 445.0, 80.0
39, 60.0, 84.0
40, 400.0, 85.0
41, 83.0, 86.0
42, 143.0, 86.0
43, 490.0, 87.0
44, 60.0, 89.0
45, 94.0, 89.0
46, 372.0, 89.0
47, 378.0, 91.0
48, 103.0, 92.0
49, 367.0, 92.0
50, 196.0, 93.0
51, 164.0, 95.0
52, 368.0, 97.0
53, 196.0, 98.0
54, 135.0, 99.0
55, 175.0, 100.0
56, 151.0, 101.0
57, 536.0, 101.0
58, 122.0, 103.0
59, 196.0, 103.0
60, 135.0, 104.0
61, 89.0, 105.0
62, 136.0, 109.0
63, 12.0, 110.0
64, 509.0, 111.0
65, 45.0, 113.0
66, 137.0, 114.0
67, 440.0, 126.0
68, 27.0, 131.0
69, 140.0, 131.0
70, 11.0, 132.0
71, 184.0, 137.0
72, 221.0, 137.0
73, 141.0, 138.0
74, 304.0, 138.0
75, 311.0, 138.0
76, 279.0, 139.0
77, 362.0, 140.0
78, 297.0, 141.0
79, 357.0, 141.0
80, 141.0, 143.0
81, 66.0, 151.0
82, 437.0, 154.0
83, 143.0, 156.0
84, 501.0, 161.0
85, 521.0, 161.0
86, 144.0, 164.0
87, 541.0, 165.0
88, 145.0, 169.0
89, 54.0, 173.0
90, 68.0, 176.0
91, 119.0, 176.0
92, 556.0, 178.0
93, 103.0, 180.0
94, 194.0, 180.0
95, 497.0, 180.0
96, 733.0, 180.0
97, 728.0, 181.0
98, 723.0, 182.0
99, 203.0, 184.0
100, 510.0, 184.0
101, 497.0, 185.0
102, 705.0, 186.0
103, 710.0, 186.0
104, 58.0, 187.0
105, 69.0, 188.0
106, 495.0, 190.0
107, 148.0, 191.0
108, 108.0, 194.0
109, 188.0, 194.0
110, 137.0, 196.0
111, 91.0, 199.0
112, 109.0, 199.0
113, 227.0, 199.0
114, 124.0, 201.0
115, 178.0, 201.0
116, 73.0, 202.0
117, 110.0, 204.0
118, 102.0, 205.0
119, 139.0, 206.0
120, 199.0, 207.0
121, 297.0, 207.0
122, 492.0, 207.0
123, 315.0, 212.0
124, 211.0, 216.0
125, 216.0, 216.0
126, 297.0, 216.0
127, 63.0, 217.0
128, 97.0, 217.0
129, 199.0, 217.0
130, 144.0, 220.0
131, 109.0, 221.0
132, 520.0, 221.0
133, 297.0, 227.0
134, 211.0, 228.0
135, 100.0, 235.0
136, 297.0, 235.0
137, 332.0, 237.0
138, 232.0, 239.0
139, 313.0, 241.0
140, 351.0, 241.0
141, 322.0, 248.0
142, 220.0, 253.0
143, 215.0, 254.0
144, 232.0, 255.0
145, 197.0, 256.0
146, 301.0, 260.0
147, 340.0, 262.0
148, 152.0, 263.0
149, 157.0, 263.0
150, 147.0, 264.0
151, 324.0, 265.0
152, 131.0, 266.0
153, 471.0, 266.0
154, 353.0, 268.0
155, 116.0, 269.0
156, 234.0, 269.0
157, 103.0, 271.0
158, 365.0, 273.0
159, 77.0, 275.0
160, 335.0, 275.0
161, 496.0, 275.0
162, 72.0, 276.0
163, 59.0, 278.0
164, 50.0, 279.0
165, 236.0, 281.0
166, 31.0, 282.0
167, 26.0, 283.0
168, 332.0, 283.0
169, 331.0, 288.0
170, 234.0, 295.0
171, 221.0, 296.0
172, 509.0, 298.0
173, 329.0, 299.0
174, 412.0, 299.0
175, 480.0, 301.0
176, 327.0, 304.0
177, 423.0, 304.0
178, 508.0, 307.0
179, 233.0, 310.0
180, 428.0, 310.0
181, 328.0, 311.0
182, 224.0, 312.0
183, 507.0, 314.0
184, 306.0, 317.0
185, 235.0, 321.0
186, 449.0, 323.0
187, 494.0, 325.0
188, 226.0, 326.0
189, 481.0, 330.0
190, 503.0, 333.0
191, 232.0, 335.0
192, 318.0, 336.0
193, 240.0, 337.0
194, 231.0, 340.0
195, 502.0, 341.0
196, 316.0, 342.0
197, 484.0, 344.0
198, 226.0, 347.0
199, 315.0, 347.0
200, 490.0, 347.0
201, 316.0, 352.0
202, 491.0, 357.0
203, 499.0, 359.0
204, 491.0, 370.0
205, 496.0, 371.0
206, 488.0, 380.0
207, 29.0, 399.0
208, 364.0, 406.0
209, 354.0, 408.0
210, 369.0, 409.0
211, 257.0, 410.0
212, 236.0, 415.0
213, 256.0, 415.0
214, 346.0, 415.0
215, 263.0, 419.0
216, 369.0, 420.0
217, 250.0, 421.0
218, 198.0, 424.0
219, 348.0, 425.0
220, 362.0, 426.0
221, 257.0, 427.0
222, 146.0, 429.0
223, 641.0, 429.0
224, 170.0, 431.0
225, 198.0, 434.0
226, 341.0, 435.0
227, 183.0, 438.0
228, 357.0, 439.0
229, 133.0, 440.0
230, 170.0, 441.0
231, 132.0, 445.0
232, 148.0, 446.0
233, 338.0, 447.0
234, 553.0, 448.0
235, 637.0, 448.0
236, 132.0, 450.0
237, 353.0, 451.0
238, 264.0, 453.0
239, 566.0, 456.0
240, 331.0, 457.0
241, 348.0, 460.0
242, 550.0, 460.0
243, 330.0, 462.0
244, 576.0, 463.0
245, 631.0, 463.0
246, 338.0, 466.0
247, 409.0, 466.0
248, 581.0, 466.0
249, 561.0, 467.0
250, 429.0, 468.0
251, 327.0, 469.0
252, 548.0, 470.0
253, 566.0, 470.0
254, 586.0, 470.0
255, 461.0, 471.0
