0, 23.0, 8.0
1, 614.0, 8.0
2, 639.0, 8.0
3, 36.0, 13.0
4, 99.0, 16.0
5, 607.0, 46.0
6, 469.0, 53.0
7, 127.0, 61.0
8, 561.0, 71.0
9, 467.0, 81.0
10, 489.0, 81.0
11, 450.0, 83.0
12, 476.0, 83.0
13, 501.0, 83.0
14, 519.0, 83.0
15, 488.0, 86.0
16, 28.0, 87.0
17, 630.0, 87.0
18, 33.0, 88.0
19, 545.0, 88.0
20, 577.0, 88.0
21, 529.0, 89.0
22, 558.0, 89.0
23, 587.0, 89.0
24, 44.0, 90.0
25, 604.0, 90.0
26, 609.0, 92.0
27, 629.0, 92.0
28, 597.0, 96.0
29, 39.0, 97.0
30, 100.0, 97.0
31, 126.0, 97.0
32, 142.0, 98.0
33, 53.0, 101.0
34, 69.0, 102.0
35, 18.0, 103.0
36, 90.0, 103.0
37, 16.0, 108.0
38, 61.0, 108.0
39, 111.0, 110.0
40, 16.0, 113.0
41, 731.0, 113.0
42, 544.0, 114.0
43, 465.0, 115.0
44, 448.0, 117.0
45, 609.0, 121.0
46, 625.0, 121.0
47, 22.0, 123.0
48, 485.0, 123.0
49, 63.0, 124.0
50, 115.0, 127.0
51, 554.0, 127.0
52, 74.0, 128.0
53, 534.0, 128.0
54, 593.0, 128.0
55, 44.0, 129.0
56, 497.0, 129.0
57, 91.0, 130.0
58, 522.0, 131.0
59, 601.0, 131.0
60, 513.0, 132.0
61, 566.0, 132.0
62, 580.0, 132.0
63, 127.0, 136.0
64, 101.0, 137.0
65, 580.0, 139.0
66, 512.0, 141.0
67, 142.0, 142.0
68, 497.0, 143.0
69, 520.0, 143.0
70, 482.0, 145.0
71, 565.0, 145.0
72, 580.0, 146.0
73, 49.0, 147.0
74, 143.0, 147.0
75, 531.0, 147.0
76, 127.0, 148.0
77, 459.0, 149.0
78, 599.0, 150.0
79, 551.0, 151.0
80, 126.0, 153.0
81, 538.0, 157.0
82, 50.0, 158.0
83, 151.0, 158.0
84, 605.0, 158.0
85, 642.0, 158.0
86, 708.0, 159.0
87, 739.0, 160.0
88, 621.0, 162.0
89, 32.0, 163.0
90, 51.0, 165.0
91, 620.0, 167.0
92, 33.0, 168.0
93, 51.0, 170.0
94, 144.0, 173.0
95, 447.0, 185.0
96, 637.0, 199.0
97, 159.0, 200.0
98, 148.0, 205.0
99, 160.0, 205.0
100, 179.0, 206.0
101, 442.0, 206.0
102, 34.0, 207.0
103, 261.0, 208.0
104, 365.0, 210.0
105, 743.0, 216.0
106, 368.0, 222.0
107, 374.0, 224.0
108, 379.0, 226.0
109, 453.0, 227.0
110, 384.0, 229.0
111, 507.0, 230.0
112, 515.0, 231.0
113, 36.0, 234.0
114, 261.0, 237.0
115, 401.0, 238.0
116, 429.0, 239.0
117, 441.0, 239.0
118, 451.0, 239.0
119, 407.0, 240.0
120, 461.0, 241.0
121, 502.0, 241.0
122, 494.0, 242.0
123, 611.0, 243.0
124, 738.0, 243.0
125, 574.0, 245.0
126, 619.0, 245.0
127, 631.0, 245.0
128, 261.0, 248.0
129, 151.0, 249.0
130, 697.0, 249.0
131, 39.0, 254.0
132, 407.0, 259.0
133, 681.0, 262.0
134, 365.0, 263.0
135, 631.0, 264.0
136, 695.0, 267.0
137, 365.0, 268.0
138, 394.0, 269.0
139, 261.0, 270.0
140, 630.0, 273.0
141, 669.0, 275.0
142, 43.0, 287.0
143, 628.0, 288.0
144, 663.0, 289.0
145, 692.0, 290.0
146, 45.0, 292.0
147, 51.0, 295.0
148, 402.0, 300.0
149, 62.0, 304.0
150, 402.0, 305.0
151, 567.0, 305.0
152, 674.0, 305.0
153, 62.0, 309.0
154, 604.0, 310.0
155, 154.0, 311.0
156, 643.0, 311.0
157, 261.0, 312.0
158, 609.0, 313.0
159, 154.0, 316.0
160, 402.0, 320.0
161, 602.0, 320.0
162, 154.0, 321.0
163, 622.0, 325.0
164, 687.0, 325.0
165, 154.0, 328.0
166, 262.0, 329.0
167, 262.0, 334.0
168, 601.0, 334.0
169, 60.0, 339.0
170, 262.0, 339.0
171, 49.0, 346.0
172, 262.0, 347.0
173, 400.0, 351.0
174, 364.0, 354.0
175, 262.0, 357.0
176, 59.0, 358.0
177, 401.0, 358.0
178, 619.0, 358.0
179, 45.0, 359.0
180, 364.0, 359.0
181, 67.0, 360.0
182, 72.0, 360.0
183, 102.0, 361.0
184, 143.0, 361.0
185, 148.0, 362.0
186, 262.0, 362.0
187, 400.0, 363.0
188, 577.0, 365.0
189, 262.0, 367.0
190, 586.0, 367.0
191, 400.0, 368.0
192, 564.0, 375.0
193, 583.0, 376.0
194, 263.0, 378.0
195, 364.0, 379.0
196, 562.0, 381.0
197, 155.0, 382.0
198, 262.0, 383.0
199, 592.0, 385.0
200, 563.0, 386.0
201, 155.0, 387.0
202, 262.0, 388.0
203, 155.0, 393.0
204, 267.0, 406.0
205, 217.0, 407.0
206, 228.0, 407.0
207, 233.0, 407.0
208, 239.0, 407.0
209, 246.0, 407.0
210, 253.0, 407.0
211, 258.0, 407.0
212, 363.0, 407.0
213, 217.0, 412.0
214, 227.0, 412.0
215, 232.0, 412.0
216, 259.0, 416.0
217, 267.0, 416.0
218, 216.0, 417.0
219, 223.0, 417.0
220, 228.0, 417.0
221, 233.0, 417.0
222, 238.0, 417.0
223, 246.0, 417.0
224, 252.0, 417.0
225, 611.0, 418.0
226, 236.0, 425.0
227, 245.0, 425.0
228, 251.0, 425.0
229, 259.0, 425.0
230, 267.0, 425.0
231, 156.0, 426.0
232, 216.0, 426.0
233, 224.0, 426.0
234, 231.0, 426.0
235, 259.0, 433.0
236, 267.0, 433.0
237, 216.0, 434.0
238, 224.0, 434.0
239, 231.0, 434.0
240, 238.0, 434.0
241, 244.0, 434.0
242, 251.0, 434.0
243, 215.0, 439.0
244, 224.0, 439.0
245, 235.0, 439.0
246, 266.0, 440.0
247, 244.0, 442.0
248, 252.0, 442.0
249, 258.0, 442.0
250, 230.0, 443.0
251, 215.0, 444.0
252, 266.0, 445.0
253, 238.0, 446.0
254, 223.0, 447.0
255, 244.0, 447.0
256, 258.0, 450.0
257, 266.0, 450.0
258, 231.0, 451.0
259, 237.0, 451.0
260, 251.0, 451.0
261, 215.0, 452.0
262, 223.0, 452.0
263, 244.0, 452.0
264, 556.0, 454.0
265, 266.0, 455.0
266, 586.0, 455.0
267, 363.0, 458.0
268, 244.0, 459.0
269, 253.0, 459.0
270, 258.0, 459.0
271, 214.0, 460.0
272, 223.0, 460.0
273, 230.0, 460.0
274, 236.0, 460.0
275, 266.0, 462.0
276, 725.0, 466.0
277, 266.0, 467.0
278, 244.0, 468.0
279, 250.0, 468.0
280, 257.0, 468.0
281, 740.0, 468.0
282, 214.0, 469.0
283, 222.0, 469.0
284, 230.0, 469.0
285, 236.0, 469.0
286, 142.0, 471.0
287, 605.0, 471.0
