0, 497.0, 179.0
1, 607.0, 241.0
2, 254.0, 367.0
3, 369.0, 446.0
4, 591.0, 80.0
5, 514.0, 347.0
6, 177.0, 347.0
7, 533.0, 322.0
8, 544.0, 162.0
9, 253.0, 294.0
10, 253.0, 345.0
11, 488.0, 168.0
12, 530.0, 333.0
13, 573.0, 160.0
14, 718.0, 239.0
15, 321.0, 417.0
16, 529.0, 445.0
17, 577.0, 118.0
18, 548.0, 441.0
19, 508.0, 192.0
20, 164.0, 362.0
21, 510.0, 169.0
22, 583.0, 346.0
23, 264.0, 312.0
24, 482.0, 466.0
25, 270.0, 35.0
26, 190.0, 227.0
27, 656.0, 250.0
28, 609.0, 362.0
29, 623.0, 194.0
30, 571.0, 439.0
31, 552.0, 460.0
32, 183.0, 388.0
33, 175.0, 375.0
34, 363.0, 62.0
35, 618.0, 382.0
36, 596.0, 359.0
37, 172.0, 177.0
38, 715.0, 271.0
39, 206.0, 338.0
40, 345.0, 41.0
41, 314.0, 172.0
42, 573.0, 276.0
43, 568.0, 108.0
44, 742.0, 67.0
45, 372.0, 170.0
46, 321.0, 359.0
47, 442.0, 182.0
48, 611.0, 135.0
49, 174.0, 210.0
50, 524.0, 363.0
51, 402.0, 242.0
52, 586.0, 463.0
53, 521.0, 178.0
54, 355.0, 468.0
55, 226.0, 324.0
56, 333.0, 345.0
57, 396.0, 384.0
58, 337.0, 371.0
59, 162.0, 431.0
60, 734.0, 281.0
61, 552.0, 128.0
62, 330.0, 391.0
63, 150.0, 415.0
64, 418.0, 398.0
65, 258.0, 18.0
66, 310.0, 311.0
67, 618.0, 265.0
68, 355.0, 403.0
69, 358.0, 344.0
70, 618.0, 365.0
71, 524.0, 192.0
72, 224.0, 17.0
73, 608.0, 377.0
74, 362.0, 327.0
75, 334.0, 355.0
76, 704.0, 233.0
77, 564.0, 468.0
78, 543.0, 470.0
79, 455.0, 409.0
80, 306.0, 390.0
81, 645.0, 146.0
82, 542.0, 340.0
83, 473.0, 21.0
84, 165.0, 420.0
85, 227.0, 294.0
86, 553.0, 257.0
87, 440.0, 413.0
88, 682.0, 171.0
89, 591.0, 437.0
90, 545.0, 233.0
91, 708.0, 42.0
92, 316.0, 375.0
93, 332.0, 17.0
94, 102.0, 51.0
95, 338.0, 462.0
96, 220.0, 335.0
97, 497.0, 209.0
98, 545.0, 148.0
99, 301.0, 380.0
100, 715.0, 252.0
101, 304.0, 369.0
102, 514.0, 377.0
103, 10.0, 120.0
104, 165.0, 399.0
105, 620.0, 247.0
106, 333.0, 291.0
107, 361.0, 458.0
108, 502.0, 349.0
109, 244.0, 356.0
110, 365.0, 120.0
111, 130.0, 359.0
112, 526.0, 346.0
113, 147.0, 359.0
114, 638.0, 87.0
115, 284.0, 298.0
116, 717.0, 61.0
117, 333.0, 425.0
118, 174.0, 357.0
119, 301.0, 300.0
120, 275.0, 143.0
121, 218.0, 308.0
122, 103.0, 344.0
123, 367.0, 97.0
124, 596.0, 105.0
125, 156.0, 383.0
126, 148.0, 371.0
127, 105.0, 66.0
128, 408.0, 35.0
129, 319.0, 63.0
130, 358.0, 41.0
131, 315.0, 436.0
132, 167.0, 225.0
133, 698.0, 170.0
134, 326.0, 452.0
135, 630.0, 232.0
136, 360.0, 19.0
137, 78.0, 89.0
138, 144.0, 248.0
139, 457.0, 22.0
140, 325.0, 299.0
141, 316.0, 98.0
142, 575.0, 80.0
143, 594.0, 130.0
144, 273.0, 54.0
145, 455.0, 42.0
146, 320.0, 121.0
147, 471.0, 41.0
148, 695.0, 41.0
149, 275.0, 114.0
150, 192.0, 209.0
151, 381.0, 332.0
152, 222.0, 35.0
153, 226.0, 369.0
154, 92.0, 96.0
155, 368.0, 360.0
156, 201.0, 213.0
157, 208.0, 230.0
158, 546.0, 451.0
159, 651.0, 231.0
160, 578.0, 175.0
161, 464.0, 430.0
162, 64.0, 37.0
163, 304.0, 19.0
164, 318.0, 18.0
165, 467.0, 321.0
166, 605.0, 165.0
167, 646.0, 135.0
168, 377.0, 371.0
169, 517.0, 235.0
170, 598.0, 398.0
171, 222.0, 454.0
172, 14.0, 133.0
173, 196.0, 310.0
174, 236.0, 340.0
175, 189.0, 338.0
176, 294.0, 364.0
177, 389.0, 253.0
178, 447.0, 17.0
179, 345.0, 24.0
180, 605.0, 92.0
181, 430.0, 47.0
182, 739.0, 43.0
183, 346.0, 470.0
184, 575.0, 95.0
185, 287.0, 248.0
186, 613.0, 180.0
187, 523.0, 469.0
188, 564.0, 244.0
189, 492.0, 448.0
190, 556.0, 167.0
191, 585.0, 89.0
192, 602.0, 116.0
193, 232.0, 307.0
194, 247.0, 47.0
195, 219.0, 397.0
196, 545.0, 321.0
197, 52.0, 96.0
198, 633.0, 264.0
199, 632.0, 152.0
200, 530.0, 236.0
201, 285.0, 411.0
202, 164.0, 193.0
203, 608.0, 396.0
204, 480.0, 349.0
205, 553.0, 276.0
206, 72.0, 62.0
207, 562.0, 449.0
208, 527.0, 398.0
209, 486.0, 240.0
210, 406.0, 53.0
211, 344.0, 255.0
212, 75.0, 446.0
213, 645.0, 74.0
214, 240.0, 183.0
215, 626.0, 132.0
216, 429.0, 19.0
217, 407.0, 110.0
218, 136.0, 265.0
219, 99.0, 404.0
220, 685.0, 73.0
221, 317.0, 448.0
222, 723.0, 75.0
223, 663.0, 239.0
224, 277.0, 322.0
225, 448.0, 165.0
226, 146.0, 258.0
227, 340.0, 398.0
228, 208.0, 172.0
229, 603.0, 254.0
230, 74.0, 15.0
231, 564.0, 351.0
232, 207.0, 196.0
233, 292.0, 19.0
234, 99.0, 38.0
235, 214.0, 154.0
236, 312.0, 402.0
237, 286.0, 377.0
238, 124.0, 399.0
239, 447.0, 119.0
240, 672.0, 73.0
241, 614.0, 466.0
242, 386.0, 18.0
243, 192.0, 184.0
244, 231.0, 123.0
245, 617.0, 399.0
246, 186.0, 366.0
247, 615.0, 350.0
248, 206.0, 353.0
249, 181.0, 360.0
250, 250.0, 282.0
251, 109.0, 158.0
252, 195.0, 18.0
253, 327.0, 405.0
254, 321.0, 442.0
255, 720.0, 43.0
256, 703.0, 76.0
257, 644.0, 248.0
258, 576.0, 138.0
259, 213.0, 210.0
260, 246.0, 260.0
261, 423.0, 241.0
262, 590.0, 118.0
263, 160.0, 413.0
264, 259.0, 339.0
265, 735.0, 377.0
266, 558.0, 235.0
267, 649.0, 266.0
268, 94.0, 308.0
269, 111.0, 88.0
270, 229.0, 262.0
271, 678.0, 43.0
272, 540.0, 421.0
273, 383.0, 468.0
274, 18.0, 147.0
275, 302.0, 463.0
276, 611.0, 438.0
277, 312.0, 389.0
278, 617.0, 419.0
279, 73.0, 167.0
280, 607.0, 416.0
281, 192.0, 353.0
282, 212.0, 435.0
283, 379.0, 121.0
284, 401.0, 360.0
285, 738.0, 262.0
286, 564.0, 400.0
287, 39.0, 8.0
288, 73.0, 327.0
289, 174.0, 15.0
290, 582.0, 255.0
291, 579.0, 269.0
292, 76.0, 78.0
293, 603.0, 199.0
294, 493.0, 471.0
295, 237.0, 321.0
296, 728.0, 41.0
297, 272.0, 328.0
298, 27.0, 187.0
299, 254.0, 108.0
300, 332.0, 329.0
301, 372.0, 254.0
302, 307.0, 433.0
303, 171.0, 427.0
304, 238.0, 169.0
305, 423.0, 365.0
306, 299.0, 429.0
307, 402.0, 183.0
308, 312.0, 346.0
309, 237.0, 384.0
310, 407.0, 139.0
311, 315.0, 424.0
312, 245.0, 17.0
313, 586.0, 136.0
314, 279.0, 467.0
315, 571.0, 128.0
316, 392.0, 460.0
317, 534.0, 421.0
318, 82.0, 358.0
319, 400.0, 355.0
320, 367.0, 347.0
321, 262.0, 463.0
322, 529.0, 356.0
323, 125.0, 158.0
324, 276.0, 125.0
325, 580.0, 103.0
326, 487.0, 180.0
327, 324.0, 187.0
328, 730.0, 66.0
329, 203.0, 415.0
330, 399.0, 215.0
331, 560.0, 153.0
332, 398.0, 467.0
333, 300.0, 339.0
334, 695.0, 251.0
335, 285.0, 325.0
336, 555.0, 152.0
337, 209.0, 427.0
338, 696.0, 326.0
339, 382.0, 458.0
340, 586.0, 108.0
341, 612.0, 417.0
342, 318.0, 49.0
343, 235.0, 41.0
344, 574.0, 145.0
345, 91.0, 61.0
346, 687.0, 343.0
347, 215.0, 265.0
348, 491.0, 349.0
349, 609.0, 347.0
350, 243.0, 238.0
351, 580.0, 147.0
352, 408.0, 19.0
353, 430.0, 153.0
354, 673.0, 58.0
355, 222.0, 464.0
356, 705.0, 112.0
357, 256.0, 467.0
358, 239.0, 393.0
359, 287.0, 131.0
360, 367.0, 335.0
361, 735.0, 53.0
362, 295.0, 452.0
363, 311.0, 454.0
364, 293.0, 329.0
365, 284.0, 189.0
366, 96.0, 77.0
367, 509.0, 178.0
368, 463.0, 163.0
369, 368.0, 216.0
370, 616.0, 442.0
371, 276.0, 375.0
372, 584.0, 446.0
373, 270.0, 305.0
374, 109.0, 418.0
375, 319.0, 383.0
376, 190.0, 442.0
377, 315.0, 256.0
378, 594.0, 92.0
379, 362.0, 185.0
380, 369.0, 245.0
381, 100.0, 126.0
382, 185.0, 433.0
383, 105.0, 376.0
384, 545.0, 222.0
385, 389.0, 151.0
386, 541.0, 351.0
387, 178.0, 419.0
388, 722.0, 262.0
389, 655.0, 140.0
390, 101.0, 413.0
391, 280.0, 399.0
392, 617.0, 165.0
393, 719.0, 48.0
394, 308.0, 446.0
395, 283.0, 368.0
396, 205.0, 298.0
397, 302.0, 439.0
398, 346.0, 19.0
399, 205.0, 454.0
400, 154.0, 180.0
401, 394.0, 453.0
402, 216.0, 389.0
403, 566.0, 128.0
404, 605.0, 461.0
405, 185.0, 444.0
406, 27.0, 172.0
407, 298.0, 258.0
408, 393.0, 50.0
409, 430.0, 177.0
410, 581.0, 136.0
411, 406.0, 121.0
412, 426.0, 359.0
413, 296.0, 155.0
414, 205.0, 420.0
415, 20.0, 159.0
416, 263.0, 394.0
417, 207.0, 100.0
418, 514.0, 208.0
419, 364.0, 48.0
420, 265.0, 407.0
421, 691.0, 64.0
422, 208.0, 444.0
423, 227.0, 305.0
424, 328.0, 320.0
425, 221.0, 409.0
426, 440.0, 31.0
427, 584.0, 208.0
428, 310.0, 300.0
429, 256.0, 282.0
430, 273.0, 391.0
431, 188.0, 396.0
432, 565.0, 227.0
433, 280.0, 387.0
434, 89.0, 351.0
435, 51.0, 137.0
436, 398.0, 350.0
437, 694.0, 74.0
438, 245.0, 222.0
439, 216.0, 370.0
440, 180.0, 196.0
441, 595.0, 226.0
442, 243.0, 376.0
443, 637.0, 146.0
444, 252.0, 159.0
445, 565.0, 167.0
446, 447.0, 284.0
447, 560.0, 145.0
448, 289.0, 276.0
449, 426.0, 106.0
450, 557.0, 452.0
451, 63.0, 135.0
452, 321.0, 151.0
453, 155.0, 164.0
454, 267.0, 259.0
455, 549.0, 270.0
456, 251.0, 17.0
457, 307.0, 378.0
458, 164.0, 328.0
459, 704.0, 300.0
460, 200.0, 459.0
461, 463.0, 38.0
462, 215.0, 77.0
463, 298.0, 236.0
464, 581.0, 95.0
465, 44.0, 243.0
466, 174.0, 391.0
467, 287.0, 50.0
468, 560.0, 258.0
469, 702.0, 89.0
470, 565.0, 162.0
471, 34.0, 130.0
472, 375.0, 18.0
473, 564.0, 273.0
474, 232.0, 294.0
475, 97.0, 353.0
476, 647.0, 173.0
477, 331.0, 246.0
478, 639.0, 240.0
479, 726.0, 167.0
480, 273.0, 78.0
481, 733.0, 76.0
482, 207.0, 395.0
483, 592.0, 216.0
484, 454.0, 296.0
485, 700.0, 245.0
486, 276.0, 333.0
487, 286.0, 236.0
488, 103.0, 418.0
489, 255.0, 410.0
490, 206.0, 367.0
491, 546.0, 422.0
492, 537.0, 216.0
493, 259.0, 29.0
494, 268.0, 321.0
495, 378.0, 151.0
496, 225.0, 419.0
497, 336.0, 413.0
498, 337.0, 175.0
499, 552.0, 139.0
