0, 282.0, 8.0
1, 309.0, 8.0
2, 408.0, 8.0
3, 349.0, 9.0
4, 462.0, 9.0
5, 638.0, 9.0
6, 653.0, 11.0
7, 59.0, 17.0
8, 282.0, 19.0
9, 332.0, 21.0
10, 493.0, 21.0
11, 349.0, 23.0
12, 310.0, 25.0
13, 365.0, 25.0
14, 571.0, 25.0
15, 587.0, 26.0
16, 521.0, 27.0
17, 461.0, 28.0
18, 550.0, 28.0
19, 468.0, 29.0
20, 230.0, 32.0
21, 320.0, 32.0
22, 472.0, 34.0
23, 314.0, 38.0
24, 339.0, 39.0
25, 347.0, 40.0
26, 546.0, 40.0
27, 567.0, 40.0
28, 327.0, 41.0
29, 582.0, 42.0
30, 598.0, 44.0
31, 108.0, 45.0
32, 368.0, 45.0
33, 573.0, 49.0
34, 544.0, 50.0
35, 315.0, 52.0
36, 331.0, 52.0
37, 352.0, 55.0
38, 364.0, 55.0
39, 488.0, 57.0
40, 517.0, 57.0
41, 579.0, 57.0
42, 509.0, 58.0
43, 193.0, 59.0
44, 225.0, 60.0
45, 326.0, 61.0
46, 338.0, 61.0
47, 243.0, 62.0
48, 486.0, 62.0
49, 578.0, 62.0
50, 72.0, 64.0
51, 173.0, 64.0
52, 368.0, 65.0
53, 390.0, 65.0
54, 384.0, 67.0
55, 229.0, 69.0
56, 245.0, 70.0
57, 198.0, 71.0
58, 266.0, 72.0
59, 344.0, 73.0
60, 279.0, 74.0
61, 349.0, 74.0
62, 274.0, 75.0
63, 318.0, 75.0
64, 506.0, 75.0
65, 200.0, 76.0
66, 335.0, 76.0
67, 358.0, 76.0
68, 76.0, 79.0
69, 224.0, 79.0
70, 257.0, 79.0
71, 375.0, 79.0
72, 493.0, 80.0
73, 579.0, 80.0
74, 232.0, 81.0
75, 127.0, 82.0
76, 244.0, 82.0
77, 537.0, 84.0
78, 175.0, 85.0
79, 600.0, 85.0
80, 16.0, 87.0
81, 227.0, 88.0
82, 591.0, 88.0
83, 610.0, 88.0
84, 176.0, 90.0
85, 246.0, 90.0
86, 609.0, 94.0
87, 207.0, 95.0
88, 151.0, 96.0
89, 318.0, 96.0
90, 128.0, 98.0
91, 349.0, 98.0
92, 373.0, 98.0
93, 522.0, 99.0
94, 574.0, 99.0
95, 391.0, 100.0
96, 396.0, 100.0
97, 410.0, 101.0
98, 585.0, 101.0
99, 604.0, 102.0
100, 536.0, 105.0
101, 12.0, 106.0
102, 355.0, 107.0
103, 585.0, 109.0
104, 246.0, 110.0
105, 197.0, 111.0
106, 489.0, 112.0
107, 600.0, 112.0
108, 363.0, 113.0
109, 373.0, 113.0
110, 459.0, 113.0
111, 543.0, 113.0
112, 479.0, 114.0
113, 473.0, 115.0
114, 496.0, 115.0
115, 504.0, 117.0
116, 132.0, 118.0
117, 515.0, 118.0
118, 526.0, 118.0
119, 317.0, 119.0
120, 154.0, 120.0
121, 270.0, 120.0
122, 284.0, 120.0
123, 398.0, 120.0
124, 403.0, 120.0
125, 265.0, 121.0
126, 369.0, 121.0
127, 10.0, 123.0
128, 84.0, 123.0
129, 231.0, 123.0
130, 476.0, 125.0
131, 566.0, 125.0
132, 47.0, 126.0
133, 524.0, 126.0
134, 59.0, 127.0
135, 54.0, 128.0
136, 200.0, 128.0
137, 449.0, 130.0
138, 530.0, 130.0
139, 28.0, 131.0
140, 507.0, 131.0
141, 482.0, 132.0
142, 495.0, 132.0
143, 542.0, 132.0
144, 512.0, 133.0
145, 133.0, 135.0
146, 266.0, 135.0
147, 403.0, 136.0
148, 413.0, 136.0
149, 576.0, 136.0
150, 248.0, 139.0
151, 200.0, 141.0
152, 465.0, 142.0
153, 29.0, 143.0
154, 372.0, 145.0
155, 561.0, 145.0
156, 530.0, 146.0
157, 465.0, 147.0
158, 489.0, 147.0
159, 410.0, 148.0
160, 520.0, 148.0
161, 587.0, 151.0
162, 14.0, 152.0
163, 59.0, 152.0
164, 182.0, 152.0
165, 250.0, 152.0
166, 465.0, 152.0
167, 550.0, 152.0
168, 559.0, 152.0
169, 200.0, 154.0
170, 234.0, 154.0
171, 574.0, 155.0
172, 46.0, 156.0
173, 74.0, 159.0
174, 28.0, 164.0
175, 54.0, 164.0
176, 520.0, 165.0
177, 537.0, 166.0
178, 552.0, 167.0
179, 33.0, 168.0
180, 569.0, 168.0
181, 202.0, 169.0
182, 437.0, 169.0
183, 518.0, 170.0
184, 580.0, 170.0
185, 236.0, 171.0
186, 217.0, 173.0
187, 252.0, 173.0
188, 604.0, 174.0
189, 518.0, 175.0
190, 13.0, 176.0
191, 184.0, 176.0
192, 226.0, 176.0
193, 609.0, 176.0
194, 56.0, 179.0
195, 282.0, 179.0
196, 88.0, 182.0
197, 139.0, 182.0
198, 48.0, 183.0
199, 160.0, 185.0
200, 13.0, 186.0
201, 185.0, 187.0
202, 251.0, 189.0
203, 239.0, 190.0
204, 264.0, 191.0
205, 457.0, 191.0
206, 198.0, 192.0
207, 532.0, 195.0
208, 65.0, 196.0
209, 213.0, 196.0
210, 227.0, 196.0
211, 13.0, 200.0
212, 198.0, 200.0
213, 240.0, 201.0
214, 205.0, 203.0
215, 199.0, 205.0
216, 511.0, 205.0
217, 516.0, 206.0
218, 274.0, 207.0
219, 302.0, 207.0
220, 540.0, 208.0
221, 197.0, 210.0
222, 293.0, 210.0
223, 261.0, 211.0
224, 527.0, 212.0
225, 509.0, 213.0
226, 13.0, 216.0
227, 333.0, 216.0
228, 157.0, 219.0
229, 165.0, 219.0
230, 548.0, 220.0
231, 290.0, 222.0
232, 297.0, 222.0
233, 430.0, 224.0
234, 517.0, 224.0
235, 452.0, 226.0
236, 312.0, 229.0
237, 541.0, 231.0
238, 556.0, 231.0
239, 471.0, 232.0
240, 11.0, 233.0
241, 32.0, 233.0
242, 511.0, 233.0
243, 469.0, 237.0
244, 138.0, 239.0
245, 143.0, 239.0
246, 285.0, 242.0
247, 528.0, 244.0
248, 565.0, 244.0
249, 185.0, 248.0
250, 499.0, 249.0
251, 504.0, 251.0
252, 12.0, 252.0
253, 559.0, 252.0
254, 236.0, 254.0
255, 254.0, 257.0
256, 437.0, 257.0
257, 546.0, 258.0
258, 109.0, 261.0
259, 554.0, 261.0
260, 126.0, 262.0
261, 493.0, 264.0
262, 461.0, 265.0
263, 710.0, 265.0
264, 541.0, 266.0
265, 705.0, 266.0
266, 239.0, 267.0
267, 510.0, 267.0
268, 583.0, 269.0
269, 478.0, 270.0
270, 304.0, 273.0
271, 532.0, 273.0
272, 10.0, 274.0
273, 220.0, 274.0
274, 522.0, 276.0
275, 474.0, 277.0
276, 489.0, 278.0
277, 60.0, 279.0
278, 558.0, 279.0
279, 91.0, 281.0
280, 126.0, 284.0
281, 539.0, 284.0
282, 555.0, 284.0
283, 156.0, 286.0
284, 486.0, 287.0
285, 74.0, 289.0
286, 517.0, 289.0
287, 554.0, 289.0
288, 98.0, 290.0
289, 542.0, 291.0
290, 83.0, 292.0
291, 175.0, 292.0
292, 485.0, 292.0
293, 131.0, 293.0
294, 140.0, 293.0
295, 182.0, 293.0
296, 60.0, 296.0
297, 464.0, 296.0
298, 113.0, 298.0
299, 16.0, 299.0
300, 505.0, 299.0
301, 521.0, 299.0
302, 123.0, 301.0
303, 133.0, 302.0
304, 82.0, 303.0
305, 548.0, 304.0
306, 33.0, 305.0
307, 502.0, 306.0
308, 104.0, 308.0
309, 452.0, 308.0
310, 64.0, 309.0
311, 525.0, 309.0
312, 138.0, 310.0
313, 126.0, 313.0
314, 136.0, 315.0
315, 617.0, 318.0
316, 65.0, 320.0
317, 132.0, 322.0
318, 583.0, 322.0
319, 52.0, 324.0
320, 624.0, 328.0
321, 19.0, 329.0
322, 607.0, 329.0
323, 516.0, 330.0
324, 539.0, 330.0
325, 79.0, 332.0
326, 505.0, 332.0
327, 606.0, 334.0
328, 514.0, 335.0
329, 579.0, 339.0
330, 75.0, 340.0
331, 500.0, 341.0
332, 82.0, 343.0
333, 596.0, 343.0
334, 71.0, 346.0
335, 501.0, 346.0
336, 585.0, 346.0
337, 611.0, 347.0
338, 638.0, 349.0
339, 589.0, 354.0
340, 606.0, 359.0
341, 272.0, 360.0
342, 579.0, 361.0
343, 627.0, 363.0
344, 545.0, 364.0
345, 73.0, 366.0
346, 11.0, 368.0
347, 29.0, 369.0
348, 126.0, 369.0
349, 136.0, 369.0
350, 544.0, 369.0
351, 131.0, 370.0
352, 184.0, 371.0
353, 189.0, 371.0
354, 244.0, 371.0
355, 178.0, 372.0
356, 239.0, 372.0
357, 66.0, 373.0
358, 126.0, 374.0
359, 232.0, 374.0
360, 296.0, 375.0
361, 61.0, 376.0
362, 561.0, 376.0
363, 346.0, 377.0
364, 285.0, 378.0
365, 131.0, 379.0
366, 235.0, 379.0
367, 400.0, 379.0
368, 66.0, 380.0
369, 119.0, 380.0
370, 175.0, 380.0
371, 335.0, 380.0
372, 56.0, 381.0
373, 341.0, 381.0
374, 289.0, 383.0
375, 394.0, 383.0
376, 389.0, 384.0
377, 593.0, 384.0
378, 620.0, 384.0
379, 663.0, 384.0
380, 182.0, 385.0
381, 232.0, 385.0
382, 241.0, 385.0
383, 171.0, 386.0
384, 453.0, 386.0
385, 339.0, 387.0
386, 287.0, 388.0
387, 394.0, 388.0
388, 294.0, 389.0
389, 448.0, 390.0
390, 230.0, 391.0
391, 337.0, 392.0
392, 282.0, 393.0
393, 344.0, 394.0
394, 392.0, 394.0
395, 448.0, 395.0
396, 628.0, 395.0
397, 400.0, 396.0
398, 334.0, 398.0
399, 569.0, 399.0
400, 610.0, 399.0
401, 32.0, 400.0
402, 490.0, 400.0
403, 648.0, 400.0
404, 389.0, 401.0
405, 23.0, 405.0
406, 524.0, 407.0
407, 679.0, 408.0
408, 606.0, 409.0
409, 15.0, 410.0
410, 618.0, 410.0
411, 574.0, 411.0
412, 525.0, 413.0
413, 528.0, 418.0
414, 555.0, 423.0
415, 625.0, 424.0
416, 645.0, 426.0
417, 548.0, 432.0
418, 581.0, 433.0
419, 634.0, 438.0
420, 654.0, 439.0
421, 43.0, 454.0
422, 566.0, 455.0
423, 662.0, 455.0
424, 33.0, 456.0
425, 38.0, 456.0
426, 644.0, 456.0
427, 590.0, 457.0
428, 29.0, 461.0
429, 24.0, 462.0
430, 610.0, 462.0
431, 559.0, 464.0
432, 649.0, 467.0
433, 670.0, 467.0
434, 572.0, 470.0
