0, 612.0, 27.0
1, 611.0, 32.0
2, 390.0, 35.0
3, 609.0, 40.0
4, 55.0, 41.0
5, 481.0, 42.0
6, 608.0, 45.0
7, 481.0, 47.0
8, 356.0, 50.0
9, 607.0, 50.0
10, 479.0, 61.0
11, 355.0, 66.0
12, 478.0, 66.0
13, 21.0, 72.0
14, 62.0, 73.0
15, 83.0, 74.0
16, 72.0, 75.0
17, 477.0, 75.0
18, 353.0, 76.0
19, 476.0, 80.0
20, 599.0, 80.0
21, 19.0, 81.0
22, 233.0, 85.0
23, 238.0, 86.0
24, 243.0, 86.0
25, 475.0, 87.0
26, 18.0, 89.0
27, 286.0, 89.0
28, 300.0, 91.0
29, 348.0, 91.0
30, 666.0, 91.0
31, 474.0, 102.0
32, 473.0, 107.0
33, 66.0, 108.0
34, 353.0, 108.0
35, 592.0, 111.0
36, 18.0, 114.0
37, 415.0, 115.0
38, 591.0, 116.0
39, 472.0, 120.0
40, 352.0, 127.0
41, 471.0, 130.0
42, 18.0, 138.0
43, 351.0, 138.0
44, 585.0, 140.0
45, 352.0, 143.0
46, 469.0, 143.0
47, 468.0, 149.0
48, 18.0, 155.0
49, 352.0, 160.0
50, 17.0, 162.0
51, 421.0, 163.0
52, 431.0, 164.0
53, 439.0, 164.0
54, 444.0, 164.0
55, 452.0, 164.0
56, 460.0, 165.0
57, 469.0, 165.0
58, 479.0, 165.0
59, 18.0, 167.0
60, 421.0, 174.0
61, 351.0, 175.0
62, 426.0, 175.0
63, 431.0, 175.0
64, 439.0, 175.0
65, 444.0, 175.0
66, 450.0, 175.0
67, 458.0, 175.0
68, 465.0, 175.0
69, 578.0, 175.0
70, 470.0, 176.0
71, 479.0, 176.0
72, 17.0, 179.0
73, 352.0, 180.0
74, 577.0, 180.0
75, 421.0, 185.0
76, 430.0, 185.0
77, 438.0, 185.0
78, 446.0, 185.0
79, 454.0, 185.0
80, 462.0, 185.0
81, 470.0, 186.0
82, 479.0, 186.0
83, 351.0, 187.0
84, 489.0, 189.0
85, 351.0, 192.0
86, 421.0, 194.0
87, 430.0, 194.0
88, 438.0, 194.0
89, 446.0, 195.0
90, 453.0, 195.0
91, 458.0, 195.0
92, 463.0, 195.0
93, 469.0, 195.0
94, 478.0, 196.0
95, 351.0, 199.0
96, 574.0, 200.0
97, 17.0, 202.0
98, 420.0, 204.0
99, 430.0, 204.0
100, 438.0, 204.0
101, 454.0, 204.0
102, 351.0, 205.0
103, 446.0, 205.0
104, 462.0, 205.0
105, 469.0, 205.0
106, 478.0, 205.0
107, 607.0, 210.0
108, 572.0, 213.0
109, 420.0, 214.0
110, 425.0, 214.0
111, 430.0, 214.0
112, 438.0, 214.0
113, 446.0, 214.0
114, 454.0, 214.0
115, 464.0, 214.0
116, 459.0, 215.0
117, 469.0, 215.0
118, 477.0, 215.0
119, 17.0, 216.0
120, 351.0, 220.0
121, 420.0, 223.0
122, 425.0, 223.0
123, 430.0, 224.0
124, 438.0, 224.0
125, 446.0, 224.0
126, 453.0, 224.0
127, 461.0, 224.0
128, 468.0, 224.0
129, 477.0, 224.0
130, 497.0, 224.0
131, 568.0, 228.0
132, 17.0, 229.0
133, 419.0, 233.0
134, 424.0, 233.0
135, 429.0, 233.0
136, 445.0, 233.0
137, 567.0, 233.0
138, 17.0, 234.0
139, 437.0, 234.0
140, 453.0, 234.0
141, 460.0, 234.0
142, 468.0, 234.0
143, 476.0, 234.0
144, 508.0, 238.0
145, 556.0, 238.0
146, 721.0, 238.0
147, 15.0, 239.0
148, 351.0, 240.0
149, 370.0, 240.0
150, 404.0, 240.0
151, 419.0, 244.0
152, 428.0, 244.0
153, 437.0, 244.0
154, 444.0, 244.0
155, 452.0, 244.0
156, 459.0, 244.0
157, 464.0, 244.0
158, 469.0, 244.0
159, 706.0, 244.0
160, 476.0, 245.0
161, 19.0, 248.0
162, 349.0, 248.0
163, 14.0, 249.0
164, 30.0, 249.0
165, 697.0, 249.0
166, 373.0, 252.0
167, 401.0, 252.0
168, 382.0, 253.0
169, 406.0, 253.0
170, 184.0, 254.0
171, 207.0, 255.0
172, 433.0, 255.0
173, 348.0, 256.0
174, 371.0, 257.0
175, 322.0, 258.0
176, 395.0, 260.0
177, 447.0, 261.0
178, 403.0, 262.0
179, 452.0, 262.0
180, 186.0, 263.0
181, 221.0, 265.0
182, 304.0, 265.0
183, 376.0, 265.0
184, 411.0, 265.0
185, 211.0, 266.0
186, 320.0, 266.0
187, 521.0, 268.0
188, 283.0, 269.0
189, 390.0, 269.0
190, 510.0, 269.0
191, 721.0, 269.0
192, 215.0, 271.0
193, 471.0, 271.0
194, 501.0, 272.0
195, 204.0, 273.0
196, 397.0, 273.0
197, 191.0, 274.0
198, 387.0, 274.0
199, 181.0, 275.0
200, 308.0, 275.0
201, 451.0, 275.0
202, 355.0, 277.0
203, 379.0, 277.0
204, 90.0, 278.0
205, 324.0, 279.0
206, 412.0, 279.0
207, 639.0, 279.0
208, 335.0, 280.0
209, 341.0, 280.0
210, 385.0, 280.0
211, 394.0, 281.0
212, 223.0, 282.0
213, 354.0, 282.0
214, 367.0, 283.0
215, 385.0, 285.0
216, 216.0, 286.0
217, 288.0, 287.0
218, 454.0, 287.0
219, 355.0, 288.0
220, 402.0, 289.0
221, 387.0, 290.0
222, 438.0, 290.0
223, 476.0, 290.0
224, 204.0, 291.0
225, 214.0, 291.0
226, 492.0, 291.0
227, 234.0, 292.0
228, 458.0, 293.0
229, 447.0, 294.0
230, 420.0, 295.0
231, 371.0, 297.0
232, 504.0, 297.0
233, 216.0, 298.0
234, 491.0, 299.0
235, 240.0, 300.0
236, 360.0, 300.0
237, 343.0, 301.0
238, 423.0, 301.0
239, 435.0, 301.0
240, 332.0, 303.0
241, 401.0, 303.0
242, 470.0, 303.0
243, 375.0, 304.0
244, 385.0, 304.0
245, 483.0, 304.0
246, 229.0, 305.0
247, 362.0, 305.0
248, 218.0, 306.0
249, 343.0, 306.0
250, 509.0, 306.0
251, 312.0, 308.0
252, 328.0, 308.0
253, 238.0, 311.0
254, 408.0, 311.0
255, 525.0, 311.0
256, 710.0, 311.0
257, 464.0, 312.0
258, 490.0, 312.0
259, 435.0, 313.0
260, 225.0, 314.0
261, 254.0, 314.0
262, 341.0, 315.0
263, 378.0, 315.0
264, 474.0, 315.0
265, 364.0, 316.0
266, 501.0, 316.0
267, 328.0, 317.0
268, 537.0, 317.0
269, 233.0, 319.0
270, 352.0, 319.0
271, 425.0, 319.0
272, 242.0, 320.0
273, 253.0, 320.0
274, 544.0, 321.0
275, 313.0, 322.0
276, 486.0, 322.0
277, 426.0, 324.0
278, 528.0, 325.0
279, 496.0, 326.0
280, 367.0, 327.0
281, 252.0, 328.0
282, 342.0, 328.0
283, 441.0, 328.0
284, 550.0, 328.0
285, 357.0, 329.0
286, 242.0, 330.0
287, 393.0, 330.0
288, 451.0, 330.0
289, 259.0, 332.0
290, 267.0, 332.0
291, 412.0, 333.0
292, 537.0, 333.0
293, 460.0, 334.0
294, 431.0, 335.0
295, 248.0, 337.0
296, 189.0, 338.0
297, 280.0, 338.0
298, 297.0, 338.0
299, 398.0, 340.0
300, 467.0, 340.0
301, 523.0, 342.0
302, 420.0, 345.0
303, 410.0, 346.0
304, 479.0, 346.0
305, 384.0, 347.0
306, 513.0, 348.0
307, 134.0, 349.0
308, 279.0, 349.0
309, 436.0, 349.0
310, 354.0, 350.0
311, 469.0, 351.0
312, 317.0, 352.0
313, 252.0, 353.0
314, 443.0, 353.0
315, 273.0, 355.0
316, 295.0, 355.0
317, 346.0, 355.0
318, 399.0, 355.0
319, 461.0, 355.0
320, 500.0, 355.0
321, 267.0, 356.0
322, 282.0, 356.0
323, 20.0, 357.0
324, 129.0, 357.0
325, 476.0, 357.0
326, 257.0, 358.0
327, 386.0, 358.0
328, 378.0, 359.0
329, 725.0, 359.0
330, 236.0, 363.0
331, 12.0, 364.0
332, 276.0, 364.0
333, 281.0, 364.0
334, 288.0, 365.0
335, 412.0, 365.0
336, 435.0, 365.0
337, 463.0, 365.0
338, 269.0, 366.0
339, 403.0, 366.0
340, 476.0, 367.0
341, 27.0, 368.0
342, 391.0, 368.0
343, 347.0, 370.0
344, 374.0, 370.0
345, 299.0, 371.0
346, 304.0, 372.0
347, 108.0, 373.0
348, 360.0, 373.0
349, 286.0, 374.0
350, 89.0, 376.0
351, 13.0, 377.0
352, 320.0, 377.0
353, 336.0, 377.0
354, 419.0, 377.0
355, 398.0, 380.0
356, 298.0, 381.0
357, 359.0, 383.0
358, 444.0, 383.0
359, 340.0, 384.0
360, 290.0, 386.0
361, 204.0, 388.0
362, 303.0, 392.0
363, 325.0, 392.0
364, 379.0, 392.0
365, 296.0, 394.0
366, 424.0, 394.0
367, 340.0, 396.0
368, 287.0, 399.0
369, 364.0, 400.0
370, 272.0, 402.0
371, 77.0, 403.0
372, 406.0, 403.0
373, 311.0, 405.0
374, 383.0, 405.0
375, 328.0, 406.0
376, 349.0, 406.0
377, 306.0, 407.0
378, 334.0, 411.0
379, 385.0, 411.0
380, 369.0, 412.0
381, 359.0, 415.0
382, 323.0, 416.0
383, 313.0, 419.0
384, 346.0, 419.0
385, 366.0, 423.0
386, 333.0, 424.0
387, 300.0, 427.0
388, 322.0, 428.0
389, 351.0, 428.0
390, 344.0, 429.0
391, 316.0, 433.0
392, 271.0, 437.0
393, 304.0, 438.0
394, 332.0, 440.0
395, 327.0, 443.0
396, 275.0, 447.0
397, 238.0, 449.0
