0, 410.0, 9.0
1, 486.0, 9.0
2, 534.0, 10.0
3, 554.0, 12.0
4, 535.0, 15.0
5, 566.0, 15.0
6, 436.0, 17.0
7, 453.0, 18.0
8, 468.0, 19.0
9, 600.0, 21.0
10, 487.0, 23.0
11, 599.0, 26.0
12, 567.0, 29.0
13, 586.0, 29.0
14, 599.0, 32.0
15, 567.0, 34.0
16, 475.0, 37.0
17, 452.0, 40.0
18, 567.0, 40.0
19, 493.0, 42.0
20, 504.0, 43.0
21, 599.0, 46.0
22, 503.0, 49.0
23, 662.0, 61.0
24, 453.0, 62.0
25, 482.0, 62.0
26, 442.0, 65.0
27, 621.0, 67.0
28, 642.0, 67.0
29, 505.0, 68.0
30, 598.0, 68.0
31, 454.0, 71.0
32, 429.0, 76.0
33, 505.0, 76.0
34, 444.0, 77.0
35, 477.0, 77.0
36, 459.0, 79.0
37, 492.0, 83.0
38, 466.0, 97.0
39, 498.0, 106.0
40, 467.0, 107.0
41, 441.0, 110.0
42, 504.0, 125.0
43, 496.0, 127.0
44, 478.0, 131.0
45, 488.0, 131.0
46, 526.0, 131.0
47, 466.0, 134.0
48, 13.0, 137.0
49, 510.0, 139.0
50, 549.0, 140.0
51, 586.0, 141.0
52, 497.0, 142.0
53, 481.0, 143.0
54, 456.0, 144.0
55, 492.0, 144.0
56, 625.0, 146.0
57, 498.0, 154.0
58, 548.0, 157.0
59, 486.0, 159.0
60, 458.0, 165.0
61, 498.0, 165.0
62, 539.0, 165.0
63, 71.0, 176.0
64, 495.0, 177.0
65, 543.0, 178.0
66, 640.0, 190.0
67, 574.0, 193.0
68, 549.0, 195.0
69, 531.0, 196.0
70, 80.0, 199.0
71, 633.0, 201.0
72, 730.0, 201.0
73, 474.0, 206.0
74, 502.0, 206.0
75, 572.0, 206.0
76, 584.0, 206.0
77, 632.0, 206.0
78, 521.0, 207.0
79, 722.0, 209.0
80, 557.0, 214.0
81, 481.0, 216.0
82, 482.0, 221.0
83, 536.0, 221.0
84, 718.0, 223.0
85, 522.0, 225.0
86, 483.0, 226.0
87, 10.0, 230.0
88, 584.0, 230.0
89, 513.0, 231.0
90, 428.0, 232.0
91, 8.0, 235.0
92, 52.0, 235.0
93, 487.0, 236.0
94, 713.0, 236.0
95, 54.0, 240.0
96, 484.0, 241.0
97, 463.0, 242.0
98, 479.0, 243.0
99, 464.0, 247.0
100, 428.0, 248.0
101, 710.0, 248.0
102, 347.0, 252.0
103, 452.0, 254.0
104, 707.0, 256.0
105, 491.0, 258.0
106, 572.0, 260.0
107, 550.0, 261.0
108, 25.0, 263.0
109, 428.0, 263.0
110, 438.0, 265.0
111, 109.0, 266.0
112, 633.0, 271.0
113, 528.0, 275.0
114, 529.0, 280.0
115, 89.0, 282.0
116, 102.0, 283.0
117, 505.0, 289.0
118, 695.0, 289.0
119, 92.0, 290.0
120, 110.0, 299.0
121, 589.0, 299.0
122, 692.0, 301.0
123, 429.0, 302.0
124, 76.0, 303.0
125, 697.0, 304.0
126, 57.0, 305.0
127, 433.0, 311.0
128, 123.0, 312.0
129, 65.0, 313.0
130, 110.0, 314.0
131, 100.0, 316.0
132, 249.0, 318.0
133, 440.0, 318.0
134, 578.0, 318.0
135, 526.0, 327.0
136, 583.0, 328.0
137, 594.0, 328.0
138, 517.0, 329.0
139, 592.0, 333.0
140, 533.0, 334.0
141, 76.0, 336.0
142, 549.0, 336.0
143, 421.0, 339.0
144, 438.0, 340.0
145, 588.0, 340.0
146, 550.0, 341.0
147, 444.0, 346.0
148, 552.0, 346.0
149, 195.0, 347.0
150, 190.0, 348.0
151, 207.0, 348.0
152, 202.0, 351.0
153, 443.0, 351.0
154, 81.0, 352.0
155, 207.0, 353.0
156, 173.0, 359.0
157, 521.0, 359.0
158, 557.0, 360.0
159, 168.0, 361.0
160, 546.0, 361.0
161, 540.0, 362.0
162, 557.0, 365.0
163, 207.0, 367.0
164, 94.0, 368.0
165, 719.0, 368.0
166, 84.0, 369.0
167, 724.0, 369.0
168, 79.0, 370.0
169, 729.0, 371.0
170, 735.0, 372.0
171, 136.0, 373.0
172, 130.0, 375.0
173, 125.0, 376.0
174, 119.0, 378.0
175, 716.0, 379.0
176, 454.0, 380.0
177, 79.0, 381.0
178, 486.0, 381.0
179, 384.0, 382.0
180, 14.0, 385.0
181, 701.0, 385.0
182, 97.0, 388.0
183, 390.0, 388.0
184, 684.0, 388.0
185, 613.0, 389.0
186, 695.0, 389.0
187, 16.0, 392.0
188, 607.0, 392.0
189, 375.0, 394.0
190, 414.0, 394.0
191, 614.0, 394.0
192, 620.0, 395.0
193, 726.0, 396.0
194, 397.0, 397.0
195, 605.0, 397.0
196, 367.0, 399.0
197, 670.0, 399.0
198, 640.0, 400.0
199, 458.0, 401.0
200, 689.0, 403.0
201, 624.0, 405.0
202, 656.0, 405.0
203, 710.0, 405.0
204, 379.0, 407.0
205, 360.0, 408.0
206, 698.0, 408.0
207, 720.0, 409.0
208, 390.0, 410.0
209, 643.0, 411.0
210, 689.0, 413.0
211, 372.0, 414.0
212, 345.0, 415.0
213, 354.0, 417.0
214, 221.0, 419.0
215, 332.0, 421.0
216, 10.0, 422.0
217, 15.0, 422.0
218, 580.0, 423.0
219, 663.0, 423.0
220, 223.0, 424.0
221, 341.0, 424.0
222, 685.0, 430.0
223, 246.0, 431.0
224, 335.0, 434.0
225, 238.0, 435.0
226, 671.0, 435.0
227, 342.0, 436.0
228, 254.0, 438.0
229, 316.0, 438.0
230, 568.0, 438.0
231, 590.0, 440.0
232, 243.0, 445.0
233, 644.0, 447.0
234, 558.0, 448.0
235, 229.0, 450.0
236, 323.0, 450.0
237, 579.0, 450.0
238, 306.0, 451.0
239, 657.0, 451.0
240, 301.0, 452.0
241, 296.0, 453.0
242, 266.0, 457.0
243, 311.0, 460.0
244, 277.0, 461.0
245, 291.0, 462.0
246, 560.0, 462.0
247, 233.0, 464.0
248, 633.0, 464.0
249, 314.0, 465.0
250, 297.0, 467.0
251, 285.0, 469.0
252, 633.0, 469.0
253, 264.0, 470.0
254, 648.0, 471.0
