0, 477.0, 10.0
1, 599.0, 12.0
2, 350.0, 13.0
3, 410.0, 13.0
4, 240.0, 14.0
5, 455.0, 14.0
6, 594.0, 14.0
7, 589.0, 15.0
8, 434.0, 16.0
9, 706.0, 22.0
10, 465.0, 32.0
11, 704.0, 34.0
12, 448.0, 74.0
13, 195.0, 77.0
14, 582.0, 77.0
15, 233.0, 82.0
16, 412.0, 86.0
17, 694.0, 86.0
18, 690.0, 101.0
19, 234.0, 104.0
20, 411.0, 106.0
21, 336.0, 115.0
22, 236.0, 119.0
23, 410.0, 120.0
24, 399.0, 123.0
25, 431.0, 124.0
26, 466.0, 128.0
27, 409.0, 134.0
28, 238.0, 137.0
29, 336.0, 140.0
30, 681.0, 147.0
31, 398.0, 154.0
32, 464.0, 155.0
33, 446.0, 158.0
34, 398.0, 159.0
35, 566.0, 160.0
36, 398.0, 164.0
37, 398.0, 169.0
38, 450.0, 170.0
39, 398.0, 174.0
40, 563.0, 174.0
41, 268.0, 176.0
42, 429.0, 178.0
43, 409.0, 179.0
44, 460.0, 183.0
45, 279.0, 185.0
46, 561.0, 185.0
47, 48.0, 186.0
48, 200.0, 186.0
49, 452.0, 189.0
50, 268.0, 190.0
51, 279.0, 190.0
52, 560.0, 190.0
53, 190.0, 195.0
54, 559.0, 202.0
55, 349.0, 204.0
56, 358.0, 204.0
57, 428.0, 204.0
58, 440.0, 204.0
59, 445.0, 204.0
60, 225.0, 205.0
61, 243.0, 205.0
62, 248.0, 205.0
63, 279.0, 205.0
64, 332.0, 205.0
65, 363.0, 205.0
66, 396.0, 205.0
67, 408.0, 205.0
68, 453.0, 205.0
69, 267.0, 206.0
70, 202.0, 207.0
71, 558.0, 207.0
72, 212.0, 208.0
73, 663.0, 208.0
74, 171.0, 209.0
75, 54.0, 211.0
76, 557.0, 212.0
77, 169.0, 218.0
78, 56.0, 220.0
79, 22.0, 221.0
80, 555.0, 225.0
81, 57.0, 235.0
82, 457.0, 235.0
83, 554.0, 235.0
84, 168.0, 240.0
85, 553.0, 240.0
86, 554.0, 245.0
87, 459.0, 246.0
88, 169.0, 247.0
89, 62.0, 252.0
90, 551.0, 258.0
91, 556.0, 258.0
92, 564.0, 258.0
93, 168.0, 259.0
94, 514.0, 259.0
95, 533.0, 259.0
96, 542.0, 259.0
97, 521.0, 260.0
98, 526.0, 260.0
99, 459.0, 262.0
100, 651.0, 262.0
101, 550.0, 268.0
102, 556.0, 268.0
103, 564.0, 268.0
104, 530.0, 269.0
105, 536.0, 269.0
106, 543.0, 269.0
107, 514.0, 270.0
108, 522.0, 270.0
109, 169.0, 271.0
110, 169.0, 276.0
111, 564.0, 276.0
112, 550.0, 277.0
113, 556.0, 277.0
114, 513.0, 278.0
115, 522.0, 278.0
116, 531.0, 278.0
117, 536.0, 278.0
118, 543.0, 278.0
119, 169.0, 281.0
120, 459.0, 282.0
121, 556.0, 285.0
122, 564.0, 285.0
123, 543.0, 286.0
124, 550.0, 286.0
125, 514.0, 287.0
126, 522.0, 287.0
127, 527.0, 287.0
128, 535.0, 287.0
129, 169.0, 292.0
130, 556.0, 294.0
131, 564.0, 294.0
132, 535.0, 295.0
133, 543.0, 295.0
134, 550.0, 295.0
135, 513.0, 296.0
136, 522.0, 296.0
137, 527.0, 296.0
138, 513.0, 301.0
139, 550.0, 303.0
140, 556.0, 303.0
141, 563.0, 303.0
142, 536.0, 304.0
143, 542.0, 304.0
144, 522.0, 305.0
145, 531.0, 305.0
146, 168.0, 306.0
147, 513.0, 306.0
148, 641.0, 310.0
149, 564.0, 311.0
150, 550.0, 312.0
151, 555.0, 312.0
152, 531.0, 313.0
153, 536.0, 313.0
154, 543.0, 313.0
155, 513.0, 314.0
156, 522.0, 314.0
157, 574.0, 319.0
158, 556.0, 320.0
159, 564.0, 320.0
160, 537.0, 321.0
161, 542.0, 321.0
162, 549.0, 321.0
163, 522.0, 322.0
164, 527.0, 322.0
165, 532.0, 322.0
166, 168.0, 323.0
167, 514.0, 323.0
168, 168.0, 328.0
169, 495.0, 329.0
170, 563.0, 329.0
171, 549.0, 330.0
172, 555.0, 330.0
173, 461.0, 331.0
174, 537.0, 331.0
175, 543.0, 331.0
176, 513.0, 332.0
177, 523.0, 332.0
178, 532.0, 332.0
179, 168.0, 341.0
180, 135.0, 342.0
181, 501.0, 344.0
182, 506.0, 345.0
183, 86.0, 346.0
184, 168.0, 346.0
185, 531.0, 347.0
186, 478.0, 348.0
187, 487.0, 349.0
188, 543.0, 353.0
189, 458.0, 354.0
190, 548.0, 354.0
191, 500.0, 355.0
192, 169.0, 359.0
193, 510.0, 359.0
194, 615.0, 359.0
195, 436.0, 360.0
196, 486.0, 363.0
197, 170.0, 365.0
198, 337.0, 365.0
199, 573.0, 365.0
200, 425.0, 370.0
201, 439.0, 370.0
202, 495.0, 371.0
203, 557.0, 372.0
204, 351.0, 373.0
205, 511.0, 373.0
206, 343.0, 374.0
207, 502.0, 375.0
208, 322.0, 376.0
209, 351.0, 379.0
210, 525.0, 379.0
211, 476.0, 381.0
212, 556.0, 381.0
213, 503.0, 383.0
214, 352.0, 384.0
215, 435.0, 384.0
216, 488.0, 384.0
217, 512.0, 384.0
218, 327.0, 385.0
219, 342.0, 386.0
220, 463.0, 386.0
221, 477.0, 386.0
222, 567.0, 386.0
223, 544.0, 387.0
224, 262.0, 389.0
225, 321.0, 389.0
226, 332.0, 389.0
227, 555.0, 391.0
228, 603.0, 391.0
229, 741.0, 391.0
230, 510.0, 394.0
231, 353.0, 395.0
232, 364.0, 395.0
233, 341.0, 396.0
234, 564.0, 397.0
235, 618.0, 397.0
236, 424.0, 399.0
237, 361.0, 400.0
238, 512.0, 404.0
239, 361.0, 405.0
240, 587.0, 406.0
241, 612.0, 406.0
242, 623.0, 406.0
243, 490.0, 407.0
244, 502.0, 407.0
245, 549.0, 407.0
246, 495.0, 408.0
247, 601.0, 408.0
248, 354.0, 409.0
249, 381.0, 409.0
250, 364.0, 410.0
251, 478.0, 410.0
252, 532.0, 411.0
253, 626.0, 411.0
254, 684.0, 415.0
255, 470.0, 416.0
256, 499.0, 416.0
257, 511.0, 416.0
258, 645.0, 416.0
259, 367.0, 418.0
260, 390.0, 418.0
261, 377.0, 419.0
262, 614.0, 419.0
263, 482.0, 420.0
264, 540.0, 421.0
265, 470.0, 423.0
266, 650.0, 423.0
267, 660.0, 424.0
268, 626.0, 425.0
269, 636.0, 425.0
270, 386.0, 426.0
271, 374.0, 427.0
272, 516.0, 428.0
273, 671.0, 430.0
274, 473.0, 431.0
275, 614.0, 431.0
276, 394.0, 432.0
277, 505.0, 432.0
278, 408.0, 433.0
279, 488.0, 433.0
280, 652.0, 433.0
281, 626.0, 436.0
282, 385.0, 438.0
283, 478.0, 438.0
284, 665.0, 439.0
285, 413.0, 440.0
286, 676.0, 440.0
287, 708.0, 440.0
288, 713.0, 442.0
289, 395.0, 443.0
290, 515.0, 443.0
291, 403.0, 444.0
292, 408.0, 444.0
293, 488.0, 445.0
294, 706.0, 446.0
295, 506.0, 447.0
296, 496.0, 448.0
297, 417.0, 453.0
298, 455.0, 455.0
299, 57.0, 456.0
300, 426.0, 456.0
301, 410.0, 458.0
302, 434.0, 459.0
303, 548.0, 460.0
304, 463.0, 462.0
305, 418.0, 465.0
306, 446.0, 465.0
307, 731.0, 469.0
308, 455.0, 471.0
