0, 111.0, 8.0
1, 189.0, 8.0
2, 571.0, 8.0
3, 172.0, 9.0
4, 123.0, 13.0
5, 130.0, 13.0
6, 144.0, 15.0
7, 17.0, 16.0
8, 28.0, 17.0
9, 42.0, 17.0
10, 534.0, 18.0
11, 652.0, 18.0
12, 629.0, 19.0
13, 140.0, 25.0
14, 126.0, 26.0
15, 164.0, 26.0
16, 148.0, 35.0
17, 139.0, 36.0
18, 224.0, 36.0
19, 177.0, 41.0
20, 24.0, 43.0
21, 135.0, 47.0
22, 158.0, 48.0
23, 204.0, 48.0
24, 69.0, 51.0
25, 226.0, 51.0
26, 91.0, 53.0
27, 205.0, 53.0
28, 71.0, 56.0
29, 144.0, 57.0
30, 8.0, 58.0
31, 205.0, 58.0
32, 49.0, 59.0
33, 60.0, 59.0
34, 121.0, 59.0
35, 130.0, 59.0
36, 39.0, 60.0
37, 135.0, 60.0
38, 112.0, 61.0
39, 161.0, 61.0
40, 75.0, 63.0
41, 217.0, 63.0
42, 197.0, 73.0
43, 8.0, 74.0
44, 138.0, 77.0
45, 116.0, 78.0
46, 125.0, 80.0
47, 44.0, 83.0
48, 247.0, 83.0
49, 52.0, 84.0
50, 65.0, 85.0
51, 144.0, 85.0
52, 14.0, 94.0
53, 500.0, 94.0
54, 520.0, 95.0
55, 485.0, 96.0
56, 468.0, 97.0
57, 234.0, 98.0
58, 420.0, 98.0
59, 433.0, 98.0
60, 440.0, 98.0
61, 452.0, 98.0
62, 121.0, 99.0
63, 147.0, 103.0
64, 103.0, 104.0
65, 168.0, 105.0
66, 529.0, 105.0
67, 133.0, 109.0
68, 139.0, 109.0
69, 187.0, 111.0
70, 42.0, 114.0
71, 525.0, 116.0
72, 77.0, 119.0
73, 82.0, 119.0
74, 88.0, 120.0
75, 154.0, 120.0
76, 517.0, 120.0
77, 72.0, 121.0
78, 250.0, 122.0
79, 8.0, 125.0
80, 26.0, 126.0
81, 401.0, 127.0
82, 511.0, 127.0
83, 101.0, 130.0
84, 468.0, 131.0
85, 246.0, 132.0
86, 510.0, 132.0
87, 45.0, 133.0
88, 205.0, 133.0
89, 225.0, 133.0
90, 460.0, 133.0
91, 238.0, 135.0
92, 26.0, 136.0
93, 193.0, 136.0
94, 251.0, 136.0
95, 541.0, 136.0
96, 246.0, 137.0
97, 511.0, 137.0
98, 400.0, 138.0
99, 460.0, 138.0
100, 252.0, 141.0
101, 293.0, 141.0
102, 415.0, 141.0
103, 282.0, 142.0
104, 240.0, 143.0
105, 330.0, 143.0
106, 460.0, 143.0
107, 132.0, 146.0
108, 175.0, 146.0
109, 365.0, 146.0
110, 473.0, 149.0
111, 484.0, 150.0
112, 282.0, 151.0
113, 330.0, 151.0
114, 26.0, 152.0
115, 31.0, 152.0
116, 465.0, 152.0
117, 79.0, 153.0
118, 163.0, 153.0
119, 507.0, 153.0
120, 95.0, 155.0
121, 294.0, 156.0
122, 144.0, 159.0
123, 495.0, 159.0
124, 309.0, 160.0
125, 331.0, 161.0
126, 350.0, 161.0
127, 207.0, 162.0
128, 249.0, 163.0
129, 143.0, 164.0
130, 455.0, 165.0
131, 269.0, 166.0
132, 611.0, 166.0
133, 282.0, 167.0
134, 598.0, 167.0
135, 623.0, 168.0
136, 131.0, 169.0
137, 463.0, 171.0
138, 294.0, 173.0
139, 122.0, 174.0
140, 472.0, 174.0
141, 364.0, 176.0
142, 481.0, 177.0
143, 492.0, 177.0
144, 288.0, 178.0
145, 318.0, 178.0
146, 330.0, 179.0
147, 110.0, 180.0
148, 442.0, 180.0
149, 304.0, 182.0
150, 616.0, 182.0
151, 102.0, 183.0
152, 355.0, 183.0
153, 308.0, 192.0
154, 333.0, 192.0
155, 740.0, 192.0
156, 289.0, 193.0
157, 294.0, 193.0
158, 350.0, 193.0
159, 478.0, 196.0
160, 96.0, 197.0
161, 129.0, 197.0
162, 505.0, 198.0
163, 148.0, 199.0
164, 513.0, 199.0
165, 64.0, 202.0
166, 76.0, 202.0
167, 304.0, 203.0
168, 318.0, 203.0
169, 332.0, 203.0
170, 505.0, 203.0
171, 114.0, 204.0
172, 498.0, 204.0
173, 355.0, 205.0
174, 40.0, 213.0
175, 34.0, 214.0
176, 324.0, 215.0
177, 475.0, 215.0
178, 96.0, 216.0
179, 333.0, 216.0
180, 342.0, 216.0
181, 27.0, 217.0
182, 363.0, 217.0
183, 427.0, 217.0
184, 295.0, 219.0
185, 458.0, 219.0
186, 316.0, 220.0
187, 171.0, 221.0
188, 363.0, 222.0
189, 80.0, 223.0
190, 103.0, 230.0
191, 426.0, 230.0
192, 247.0, 236.0
193, 472.0, 239.0
194, 362.0, 240.0
195, 383.0, 241.0
196, 390.0, 242.0
197, 154.0, 243.0
198, 296.0, 243.0
199, 408.0, 243.0
200, 247.0, 248.0
201, 470.0, 248.0
202, 462.0, 249.0
203, 287.0, 251.0
204, 362.0, 257.0
205, 254.0, 258.0
206, 351.0, 259.0
207, 517.0, 259.0
208, 506.0, 260.0
209, 531.0, 260.0
210, 402.0, 262.0
211, 397.0, 263.0
212, 360.0, 264.0
213, 543.0, 264.0
214, 11.0, 265.0
215, 507.0, 265.0
216, 247.0, 266.0
217, 287.0, 266.0
218, 297.0, 266.0
219, 292.0, 267.0
220, 43.0, 268.0
221, 361.0, 269.0
222, 549.0, 269.0
223, 249.0, 271.0
224, 288.0, 272.0
225, 597.0, 272.0
226, 481.0, 273.0
227, 409.0, 274.0
228, 552.0, 274.0
229, 51.0, 275.0
230, 254.0, 275.0
231, 285.0, 277.0
232, 645.0, 278.0
233, 524.0, 281.0
234, 419.0, 282.0
235, 439.0, 282.0
236, 472.0, 282.0
237, 679.0, 284.0
238, 545.0, 285.0
239, 591.0, 286.0
240, 647.0, 286.0
241, 496.0, 287.0
242, 659.0, 287.0
243, 232.0, 289.0
244, 401.0, 289.0
245, 482.0, 289.0
246, 140.0, 291.0
247, 495.0, 292.0
248, 413.0, 293.0
249, 420.0, 293.0
250, 523.0, 293.0
251, 660.0, 293.0
252, 166.0, 294.0
253, 475.0, 294.0
254, 573.0, 294.0
255, 589.0, 295.0
256, 506.0, 296.0
257, 639.0, 296.0
258, 143.0, 297.0
259, 542.0, 297.0
260, 128.0, 299.0
261, 168.0, 299.0
262, 488.0, 299.0
263, 570.0, 299.0
264, 498.0, 301.0
265, 597.0, 301.0
266, 675.0, 301.0
267, 203.0, 304.0
268, 217.0, 304.0
269, 521.0, 304.0
270, 653.0, 306.0
271, 178.0, 307.0
272, 121.0, 308.0
273, 532.0, 308.0
274, 129.0, 310.0
275, 504.0, 310.0
276, 226.0, 311.0
277, 205.0, 312.0
278, 655.0, 312.0
279, 492.0, 314.0
280, 169.0, 315.0
281, 410.0, 315.0
282, 483.0, 315.0
283, 507.0, 315.0
284, 557.0, 315.0
285, 611.0, 315.0
286, 225.0, 316.0
287, 363.0, 316.0
288, 122.0, 317.0
289, 627.0, 318.0
290, 512.0, 319.0
291, 217.0, 321.0
292, 536.0, 321.0
293, 555.0, 321.0
294, 228.0, 322.0
295, 531.0, 322.0
296, 523.0, 323.0
297, 666.0, 324.0
298, 553.0, 326.0
299, 399.0, 327.0
300, 624.0, 328.0
301, 687.0, 330.0
302, 136.0, 332.0
303, 640.0, 332.0
304, 723.0, 333.0
305, 33.0, 335.0
306, 86.0, 335.0
307, 28.0, 336.0
308, 710.0, 336.0
309, 670.0, 337.0
310, 100.0, 338.0
311, 552.0, 338.0
312, 743.0, 338.0
313, 121.0, 339.0
314, 175.0, 340.0
315, 85.0, 342.0
316, 139.0, 343.0
317, 552.0, 343.0
318, 729.0, 343.0
319, 80.0, 344.0
320, 582.0, 344.0
321, 640.0, 345.0
322, 705.0, 345.0
323, 253.0, 346.0
324, 666.0, 346.0
325, 657.0, 347.0
326, 553.0, 348.0
327, 127.0, 349.0
328, 476.0, 349.0
329, 581.0, 349.0
330, 720.0, 349.0
331, 140.0, 353.0
332, 554.0, 353.0
333, 667.0, 355.0
334, 673.0, 355.0
335, 135.0, 356.0
336, 711.0, 356.0
337, 165.0, 358.0
338, 170.0, 358.0
339, 735.0, 358.0
340, 184.0, 359.0
341, 578.0, 360.0
342, 132.0, 361.0
343, 173.0, 363.0
344, 438.0, 363.0
345, 588.0, 366.0
346, 665.0, 366.0
347, 178.0, 367.0
348, 560.0, 368.0
349, 580.0, 369.0
350, 594.0, 375.0
351, 42.0, 379.0
352, 568.0, 380.0
353, 183.0, 381.0
354, 514.0, 381.0
355, 548.0, 382.0
356, 599.0, 383.0
357, 682.0, 383.0
358, 590.0, 384.0
359, 182.0, 387.0
360, 576.0, 387.0
361, 549.0, 393.0
362, 596.0, 394.0
363, 636.0, 397.0
364, 592.0, 402.0
365, 553.0, 403.0
366, 603.0, 403.0
367, 614.0, 403.0
368, 48.0, 406.0
369, 154.0, 407.0
370, 591.0, 407.0
371, 707.0, 407.0
372, 168.0, 409.0
373, 189.0, 410.0
374, 538.0, 411.0
375, 151.0, 412.0
376, 711.0, 412.0
377, 555.0, 413.0
378, 204.0, 414.0
379, 274.0, 414.0
380, 647.0, 415.0
381, 661.0, 415.0
382, 612.0, 416.0
383, 90.0, 417.0
384, 632.0, 417.0
385, 146.0, 418.0
386, 655.0, 418.0
387, 151.0, 419.0
388, 235.0, 419.0
389, 530.0, 419.0
390, 547.0, 419.0
391, 202.0, 423.0
392, 588.0, 423.0
393, 656.0, 423.0
394, 532.0, 424.0
395, 598.0, 425.0
396, 154.0, 426.0
397, 192.0, 426.0
398, 533.0, 429.0
399, 236.0, 430.0
400, 91.0, 433.0
401, 150.0, 433.0
402, 655.0, 434.0
403, 670.0, 434.0
404, 580.0, 436.0
405, 568.0, 440.0
406, 556.0, 441.0
407, 596.0, 441.0
408, 606.0, 441.0
409, 95.0, 445.0
410, 61.0, 447.0
411, 654.0, 450.0
412, 589.0, 452.0
413, 546.0, 458.0
414, 576.0, 459.0
415, 646.0, 459.0
416, 180.0, 461.0
417, 204.0, 461.0
418, 566.0, 461.0
419, 630.0, 461.0
420, 185.0, 464.0
421, 743.0, 468.0
422, 161.0, 471.0
423, 584.0, 471.0
424, 649.0, 471.0
425, 667.0, 471.0
