0, 30.0, 8.0
1, 589.0, 8.0
2, 65.0, 9.0
3, 69.0, 29.0
4, 448.0, 31.0
5, 501.0, 31.0
6, 465.0, 32.0
7, 454.0, 33.0
8, 459.0, 33.0
9, 489.0, 33.0
10, 69.0, 34.0
11, 478.0, 35.0
12, 548.0, 35.0
13, 537.0, 36.0
14, 515.0, 38.0
15, 564.0, 38.0
16, 627.0, 38.0
17, 529.0, 39.0
18, 671.0, 39.0
19, 69.0, 40.0
20, 699.0, 40.0
21, 586.0, 41.0
22, 596.0, 43.0
23, 529.0, 44.0
24, 540.0, 44.0
25, 604.0, 44.0
26, 726.0, 45.0
27, 743.0, 68.0
28, 705.0, 69.0
29, 618.0, 77.0
30, 618.0, 82.0
31, 742.0, 82.0
32, 436.0, 91.0
33, 701.0, 95.0
34, 738.0, 98.0
35, 101.0, 99.0
36, 361.0, 103.0
37, 447.0, 103.0
38, 105.0, 104.0
39, 121.0, 104.0
40, 245.0, 104.0
41, 79.0, 106.0
42, 362.0, 108.0
43, 582.0, 112.0
44, 587.0, 112.0
45, 363.0, 114.0
46, 496.0, 115.0
47, 442.0, 117.0
48, 457.0, 117.0
49, 491.0, 117.0
50, 429.0, 118.0
51, 693.0, 120.0
52, 735.0, 122.0
53, 610.0, 127.0
54, 661.0, 127.0
55, 594.0, 128.0
56, 605.0, 128.0
57, 83.0, 132.0
58, 421.0, 137.0
59, 601.0, 140.0
60, 606.0, 141.0
61, 86.0, 148.0
62, 419.0, 152.0
63, 428.0, 154.0
64, 605.0, 157.0
65, 363.0, 159.0
66, 250.0, 160.0
67, 88.0, 161.0
68, 589.0, 161.0
69, 654.0, 161.0
70, 604.0, 163.0
71, 599.0, 164.0
72, 652.0, 167.0
73, 363.0, 168.0
74, 364.0, 176.0
75, 103.0, 181.0
76, 428.0, 183.0
77, 586.0, 183.0
78, 597.0, 187.0
79, 428.0, 189.0
80, 427.0, 194.0
81, 582.0, 194.0
82, 589.0, 197.0
83, 692.0, 198.0
84, 646.0, 199.0
85, 427.0, 200.0
86, 589.0, 202.0
87, 596.0, 202.0
88, 710.0, 202.0
89, 364.0, 208.0
90, 591.0, 208.0
91, 364.0, 216.0
92, 109.0, 219.0
93, 569.0, 231.0
94, 588.0, 233.0
95, 594.0, 234.0
96, 256.0, 238.0
97, 426.0, 240.0
98, 256.0, 243.0
99, 568.0, 246.0
100, 256.0, 248.0
101, 426.0, 248.0
102, 135.0, 249.0
103, 106.0, 252.0
104, 258.0, 256.0
105, 363.0, 256.0
106, 426.0, 256.0
107, 257.0, 261.0
108, 364.0, 265.0
109, 127.0, 267.0
110, 257.0, 269.0
111, 258.0, 274.0
112, 140.0, 279.0
113, 259.0, 280.0
114, 740.0, 280.0
115, 364.0, 282.0
116, 122.0, 287.0
117, 131.0, 287.0
118, 136.0, 287.0
119, 259.0, 288.0
120, 71.0, 291.0
121, 724.0, 294.0
122, 24.0, 295.0
123, 29.0, 295.0
124, 12.0, 296.0
125, 261.0, 302.0
126, 681.0, 303.0
127, 364.0, 306.0
128, 262.0, 307.0
129, 142.0, 311.0
130, 364.0, 311.0
131, 662.0, 317.0
132, 679.0, 319.0
133, 269.0, 320.0
134, 147.0, 321.0
135, 260.0, 321.0
136, 560.0, 321.0
137, 255.0, 322.0
138, 250.0, 323.0
139, 236.0, 324.0
140, 245.0, 324.0
141, 139.0, 326.0
142, 228.0, 326.0
143, 214.0, 327.0
144, 222.0, 327.0
145, 261.0, 330.0
146, 270.0, 331.0
147, 563.0, 331.0
148, 244.0, 333.0
149, 365.0, 333.0
150, 568.0, 333.0
151, 230.0, 334.0
152, 239.0, 334.0
153, 573.0, 335.0
154, 148.0, 336.0
155, 223.0, 336.0
156, 249.0, 336.0
157, 215.0, 337.0
158, 272.0, 337.0
159, 259.0, 339.0
160, 249.0, 341.0
161, 237.0, 342.0
162, 272.0, 342.0
163, 220.0, 344.0
164, 225.0, 344.0
165, 230.0, 344.0
166, 215.0, 345.0
167, 236.0, 347.0
168, 272.0, 347.0
169, 255.0, 348.0
170, 260.0, 348.0
171, 245.0, 349.0
172, 226.0, 352.0
173, 231.0, 352.0
174, 237.0, 352.0
175, 215.0, 353.0
176, 221.0, 353.0
177, 272.0, 354.0
178, 148.0, 355.0
179, 367.0, 355.0
180, 238.0, 357.0
181, 254.0, 357.0
182, 243.0, 358.0
183, 263.0, 359.0
184, 273.0, 359.0
185, 226.0, 360.0
186, 231.0, 360.0
187, 216.0, 361.0
188, 570.0, 361.0
189, 236.0, 363.0
190, 575.0, 363.0
191, 263.0, 364.0
192, 274.0, 364.0
193, 584.0, 364.0
194, 246.0, 366.0
195, 236.0, 368.0
196, 223.0, 369.0
197, 228.0, 369.0
198, 273.0, 369.0
199, 218.0, 370.0
200, 258.0, 373.0
201, 245.0, 374.0
202, 290.0, 375.0
203, 236.0, 376.0
204, 231.0, 377.0
205, 219.0, 378.0
206, 275.0, 378.0
207, 264.0, 379.0
208, 252.0, 381.0
209, 219.0, 383.0
210, 244.0, 383.0
211, 236.0, 384.0
212, 229.0, 385.0
213, 275.0, 387.0
214, 219.0, 388.0
215, 262.0, 389.0
216, 256.0, 390.0
217, 251.0, 391.0
218, 245.0, 392.0
219, 240.0, 393.0
220, 232.0, 395.0
221, 221.0, 396.0
222, 29.0, 399.0
223, 143.0, 402.0
224, 145.0, 407.0
225, 607.0, 407.0
226, 548.0, 409.0
227, 155.0, 410.0
228, 253.0, 410.0
229, 226.0, 411.0
230, 699.0, 411.0
231, 199.0, 413.0
232, 616.0, 413.0
233, 546.0, 414.0
234, 515.0, 416.0
235, 704.0, 416.0
236, 231.0, 417.0
237, 236.0, 419.0
238, 603.0, 419.0
239, 425.0, 424.0
240, 549.0, 424.0
241, 478.0, 425.0
242, 571.0, 425.0
243, 172.0, 426.0
244, 420.0, 426.0
245, 625.0, 428.0
246, 647.0, 428.0
247, 158.0, 429.0
248, 250.0, 429.0
249, 479.0, 430.0
250, 138.0, 431.0
251, 191.0, 431.0
252, 638.0, 433.0
253, 421.0, 434.0
254, 733.0, 434.0
255, 672.0, 435.0
256, 602.0, 437.0
257, 162.0, 439.0
258, 227.0, 439.0
259, 385.0, 439.0
260, 406.0, 440.0
261, 655.0, 440.0
262, 602.0, 442.0
263, 388.0, 444.0
264, 413.0, 446.0
265, 743.0, 446.0
266, 176.0, 447.0
267, 391.0, 449.0
268, 626.0, 451.0
269, 692.0, 451.0
270, 219.0, 452.0
271, 102.0, 453.0
272, 671.0, 454.0
273, 625.0, 457.0
274, 676.0, 457.0
275, 580.0, 458.0
276, 599.0, 460.0
277, 163.0, 461.0
278, 237.0, 464.0
279, 616.0, 464.0
280, 708.0, 464.0
281, 687.0, 468.0
282, 112.0, 469.0
283, 8.0, 470.0
284, 625.0, 470.0
285, 601.0, 471.0
