0, 202.0, 11.0
1, 498.0, 12.0
2, 518.0, 13.0
3, 16.0, 14.0
4, 484.0, 15.0
5, 474.0, 16.0
6, 139.0, 17.0
7, 65.0, 18.0
8, 467.0, 18.0
9, 452.0, 19.0
10, 33.0, 22.0
11, 435.0, 22.0
12, 190.0, 24.0
13, 422.0, 24.0
14, 451.0, 24.0
15, 175.0, 25.0
16, 440.0, 25.0
17, 84.0, 26.0
18, 524.0, 29.0
19, 163.0, 31.0
20, 239.0, 34.0
21, 613.0, 35.0
22, 187.0, 39.0
23, 224.0, 39.0
24, 194.0, 40.0
25, 173.0, 44.0
26, 509.0, 44.0
27, 140.0, 47.0
28, 145.0, 47.0
29, 159.0, 47.0
30, 28.0, 48.0
31, 135.0, 49.0
32, 104.0, 56.0
33, 192.0, 56.0
34, 99.0, 57.0
35, 118.0, 57.0
36, 11.0, 58.0
37, 402.0, 58.0
38, 177.0, 63.0
39, 459.0, 64.0
40, 169.0, 66.0
41, 187.0, 66.0
42, 135.0, 67.0
43, 490.0, 68.0
44, 254.0, 69.0
45, 335.0, 69.0
46, 460.0, 69.0
47, 224.0, 70.0
48, 121.0, 71.0
49, 177.0, 72.0
50, 259.0, 72.0
51, 300.0, 72.0
52, 472.0, 72.0
53, 182.0, 73.0
54, 216.0, 73.0
55, 490.0, 73.0
56, 211.0, 74.0
57, 249.0, 74.0
58, 290.0, 74.0
59, 369.0, 74.0
60, 601.0, 74.0
61, 237.0, 75.0
62, 612.0, 76.0
63, 199.0, 77.0
64, 589.0, 77.0
65, 182.0, 78.0
66, 336.0, 78.0
67, 105.0, 79.0
68, 223.0, 79.0
69, 174.0, 80.0
70, 32.0, 82.0
71, 207.0, 82.0
72, 66.0, 83.0
73, 337.0, 83.0
74, 354.0, 83.0
75, 326.0, 84.0
76, 317.0, 87.0
77, 48.0, 88.0
78, 127.0, 88.0
79, 302.0, 88.0
80, 205.0, 89.0
81, 355.0, 91.0
82, 317.0, 92.0
83, 326.0, 92.0
84, 339.0, 92.0
85, 587.0, 93.0
86, 292.0, 94.0
87, 604.0, 96.0
88, 262.0, 97.0
89, 475.0, 97.0
90, 138.0, 98.0
91, 370.0, 98.0
92, 292.0, 99.0
93, 303.0, 102.0
94, 56.0, 104.0
95, 118.0, 104.0
96, 326.0, 104.0
97, 337.0, 104.0
98, 21.0, 105.0
99, 350.0, 105.0
100, 361.0, 105.0
101, 151.0, 106.0
102, 193.0, 107.0
103, 300.0, 107.0
104, 314.0, 107.0
105, 141.0, 108.0
106, 509.0, 108.0
107, 501.0, 111.0
108, 300.0, 112.0
109, 508.0, 113.0
110, 373.0, 116.0
111, 503.0, 116.0
112, 494.0, 119.0
113, 181.0, 121.0
114, 356.0, 122.0
115, 300.0, 123.0
116, 341.0, 123.0
117, 361.0, 123.0
118, 327.0, 124.0
119, 154.0, 125.0
120, 315.0, 125.0
121, 583.0, 125.0
122, 14.0, 126.0
123, 363.0, 131.0
124, 315.0, 133.0
125, 327.0, 133.0
126, 342.0, 133.0
127, 351.0, 133.0
128, 335.0, 134.0
129, 371.0, 135.0
130, 169.0, 138.0
131, 73.0, 139.0
132, 203.0, 140.0
133, 343.0, 142.0
134, 351.0, 142.0
135, 335.0, 143.0
136, 308.0, 144.0
137, 326.0, 144.0
138, 203.0, 145.0
139, 428.0, 148.0
140, 159.0, 152.0
141, 394.0, 154.0
142, 210.0, 155.0
143, 370.0, 155.0
144, 132.0, 160.0
145, 190.0, 162.0
146, 207.0, 164.0
147, 413.0, 164.0
148, 511.0, 167.0
149, 500.0, 168.0
150, 206.0, 169.0
151, 528.0, 169.0
152, 36.0, 170.0
153, 626.0, 170.0
154, 179.0, 171.0
155, 161.0, 172.0
156, 200.0, 173.0
157, 371.0, 173.0
158, 146.0, 174.0
159, 467.0, 174.0
160, 361.0, 175.0
161, 398.0, 175.0
162, 403.0, 175.0
163, 408.0, 175.0
164, 502.0, 176.0
165, 539.0, 176.0
166, 66.0, 177.0
167, 479.0, 179.0
168, 636.0, 181.0
169, 154.0, 182.0
170, 43.0, 183.0
171, 368.0, 183.0
172, 274.0, 184.0
173, 503.0, 184.0
174, 360.0, 185.0
175, 479.0, 186.0
176, 313.0, 187.0
177, 370.0, 188.0
178, 540.0, 188.0
179, 305.0, 190.0
180, 619.0, 190.0
181, 129.0, 192.0
182, 415.0, 192.0
183, 512.0, 192.0
184, 517.0, 194.0
185, 442.0, 195.0
186, 471.0, 195.0
187, 123.0, 197.0
188, 432.0, 197.0
189, 491.0, 197.0
190, 560.0, 197.0
191, 186.0, 198.0
192, 269.0, 198.0
193, 533.0, 198.0
194, 264.0, 199.0
195, 607.0, 199.0
196, 276.0, 200.0
197, 305.0, 200.0
198, 629.0, 200.0
199, 408.0, 201.0
200, 210.0, 203.0
201, 560.0, 205.0
202, 424.0, 206.0
203, 263.0, 207.0
204, 607.0, 207.0
205, 514.0, 208.0
206, 627.0, 208.0
207, 484.0, 209.0
208, 560.0, 210.0
209, 615.0, 211.0
210, 634.0, 219.0
211, 481.0, 221.0
212, 502.0, 221.0
213, 520.0, 223.0
214, 525.0, 224.0
215, 417.0, 227.0
216, 511.0, 227.0
217, 554.0, 230.0
218, 260.0, 239.0
219, 621.0, 240.0
220, 230.0, 242.0
221, 118.0, 243.0
222, 135.0, 244.0
223, 159.0, 244.0
224, 204.0, 244.0
225, 259.0, 244.0
226, 81.0, 247.0
227, 575.0, 247.0
228, 258.0, 249.0
229, 104.0, 251.0
230, 526.0, 251.0
231, 246.0, 253.0
232, 597.0, 253.0
233, 662.0, 253.0
234, 61.0, 254.0
235, 631.0, 254.0
236, 524.0, 256.0
237, 653.0, 256.0
238, 234.0, 259.0
239, 579.0, 259.0
240, 547.0, 262.0
241, 611.0, 263.0
242, 525.0, 264.0
243, 443.0, 265.0
244, 720.0, 265.0
245, 590.0, 266.0
246, 621.0, 266.0
247, 658.0, 266.0
248, 8.0, 268.0
249, 36.0, 268.0
250, 580.0, 271.0
251, 633.0, 271.0
252, 647.0, 271.0
253, 545.0, 272.0
254, 239.0, 274.0
255, 220.0, 276.0
256, 546.0, 277.0
257, 593.0, 278.0
258, 238.0, 279.0
259, 530.0, 279.0
260, 567.0, 280.0
261, 582.0, 281.0
262, 193.0, 282.0
263, 216.0, 284.0
264, 521.0, 286.0
265, 185.0, 287.0
266, 498.0, 287.0
267, 533.0, 287.0
268, 554.0, 288.0
269, 216.0, 289.0
270, 235.0, 289.0
271, 224.0, 291.0
272, 699.0, 292.0
273, 100.0, 293.0
274, 652.0, 293.0
275, 244.0, 294.0
276, 538.0, 294.0
277, 232.0, 297.0
278, 574.0, 297.0
279, 220.0, 299.0
280, 520.0, 299.0
281, 559.0, 303.0
282, 644.0, 303.0
283, 609.0, 305.0
284, 183.0, 306.0
285, 8.0, 307.0
286, 663.0, 307.0
287, 26.0, 309.0
288, 228.0, 310.0
289, 512.0, 311.0
290, 523.0, 311.0
291, 681.0, 311.0
292, 663.0, 312.0
293, 637.0, 314.0
294, 647.0, 314.0
295, 561.0, 316.0
296, 584.0, 316.0
297, 507.0, 317.0
298, 666.0, 317.0
299, 43.0, 318.0
300, 315.0, 319.0
301, 641.0, 319.0
302, 18.0, 320.0
303, 682.0, 320.0
304, 228.0, 322.0
305, 253.0, 322.0
306, 642.0, 324.0
307, 287.0, 325.0
308, 581.0, 325.0
309, 591.0, 325.0
310, 59.0, 327.0
311, 551.0, 328.0
312, 680.0, 328.0
313, 556.0, 329.0
314, 654.0, 330.0
315, 666.0, 330.0
316, 29.0, 331.0
317, 585.0, 331.0
318, 263.0, 332.0
319, 256.0, 333.0
320, 344.0, 333.0
321, 274.0, 334.0
322, 586.0, 336.0
323, 534.0, 338.0
324, 516.0, 340.0
325, 527.0, 340.0
326, 613.0, 341.0
327, 577.0, 342.0
328, 197.0, 344.0
329, 42.0, 345.0
330, 542.0, 347.0
331, 532.0, 349.0
332, 591.0, 349.0
333, 11.0, 350.0
334, 655.0, 350.0
335, 559.0, 352.0
336, 565.0, 353.0
337, 573.0, 353.0
338, 255.0, 354.0
339, 17.0, 359.0
340, 655.0, 361.0
341, 252.0, 362.0
342, 564.0, 365.0
343, 584.0, 365.0
344, 56.0, 366.0
345, 244.0, 366.0
346, 199.0, 367.0
347, 619.0, 367.0
348, 632.0, 369.0
349, 234.0, 370.0
350, 314.0, 373.0
351, 648.0, 373.0
352, 478.0, 374.0
353, 284.0, 375.0
354, 232.0, 376.0
355, 579.0, 376.0
356, 614.0, 377.0
357, 564.0, 378.0
358, 606.0, 378.0
359, 622.0, 378.0
360, 528.0, 379.0
361, 306.0, 381.0
362, 583.0, 381.0
363, 159.0, 382.0
364, 246.0, 382.0
365, 350.0, 382.0
366, 185.0, 383.0
367, 284.0, 385.0
368, 159.0, 387.0
369, 352.0, 387.0
370, 629.0, 387.0
371, 601.0, 388.0
372, 37.0, 390.0
373, 136.0, 390.0
374, 586.0, 392.0
375, 205.0, 393.0
376, 271.0, 393.0
377, 39.0, 397.0
378, 203.0, 398.0
379, 604.0, 403.0
380, 45.0, 404.0
381, 308.0, 404.0
382, 327.0, 405.0
383, 202.0, 408.0
384, 330.0, 413.0
385, 591.0, 414.0
386, 324.0, 418.0
387, 333.0, 422.0
388, 8.0, 424.0
389, 172.0, 425.0
390, 615.0, 429.0
391, 665.0, 430.0
392, 165.0, 431.0
393, 570.0, 431.0
394, 620.0, 431.0
395, 160.0, 437.0
396, 303.0, 437.0
397, 304.0, 446.0
398, 497.0, 454.0
399, 10.0, 455.0
400, 514.0, 455.0
401, 543.0, 456.0
402, 307.0, 457.0
403, 514.0, 461.0
404, 514.0, 466.0
405, 152.0, 470.0
406, 548.0, 470.0
407, 515.0, 471.0
