0, 144.0, 33.0
1, 171.0, 35.0
2, 182.0, 36.0
3, 206.0, 38.0
4, 211.0, 38.0
5, 242.0, 41.0
6, 247.0, 41.0
7, 253.0, 41.0
8, 279.0, 44.0
9, 298.0, 45.0
10, 352.0, 48.0
11, 439.0, 52.0
12, 29.0, 53.0
13, 322.0, 53.0
14, 339.0, 53.0
15, 419.0, 53.0
16, 472.0, 55.0
17, 298.0, 59.0
18, 450.0, 61.0
19, 417.0, 62.0
20, 428.0, 64.0
21, 29.0, 66.0
22, 206.0, 71.0
23, 321.0, 71.0
24, 337.0, 71.0
25, 295.0, 74.0
26, 439.0, 78.0
27, 450.0, 78.0
28, 467.0, 78.0
29, 419.0, 82.0
30, 30.0, 83.0
31, 322.0, 86.0
32, 150.0, 88.0
33, 743.0, 90.0
34, 725.0, 91.0
35, 294.0, 93.0
36, 694.0, 93.0
37, 285.0, 94.0
38, 343.0, 95.0
39, 338.0, 96.0
40, 348.0, 96.0
41, 151.0, 98.0
42, 28.0, 99.0
43, 244.0, 102.0
44, 36.0, 104.0
45, 632.0, 105.0
46, 39.0, 109.0
47, 602.0, 109.0
48, 386.0, 110.0
49, 638.0, 115.0
50, 737.0, 115.0
51, 656.0, 117.0
52, 628.0, 118.0
53, 616.0, 119.0
54, 596.0, 120.0
55, 644.0, 123.0
56, 685.0, 124.0
57, 632.0, 125.0
58, 693.0, 125.0
59, 608.0, 126.0
60, 659.0, 126.0
61, 699.0, 126.0
62, 602.0, 127.0
63, 729.0, 128.0
64, 154.0, 131.0
65, 638.0, 137.0
66, 610.0, 138.0
67, 464.0, 141.0
68, 319.0, 144.0
69, 594.0, 144.0
70, 625.0, 145.0
71, 650.0, 146.0
72, 418.0, 150.0
73, 239.0, 152.0
74, 397.0, 152.0
75, 388.0, 153.0
76, 593.0, 154.0
77, 636.0, 154.0
78, 187.0, 155.0
79, 612.0, 156.0
80, 625.0, 156.0
81, 650.0, 159.0
82, 290.0, 160.0
83, 345.0, 160.0
84, 599.0, 161.0
85, 271.0, 162.0
86, 438.0, 162.0
87, 361.0, 164.0
88, 630.0, 165.0
89, 605.0, 169.0
90, 571.0, 170.0
91, 591.0, 170.0
92, 640.0, 173.0
93, 617.0, 175.0
94, 622.0, 175.0
95, 590.0, 176.0
96, 627.0, 176.0
97, 612.0, 177.0
98, 569.0, 178.0
99, 580.0, 180.0
100, 581.0, 185.0
101, 209.0, 186.0
102, 395.0, 186.0
103, 644.0, 188.0
104, 639.0, 189.0
105, 573.0, 190.0
106, 611.0, 190.0
107, 667.0, 190.0
108, 616.0, 191.0
109, 626.0, 191.0
110, 27.0, 192.0
111, 590.0, 192.0
112, 595.0, 192.0
113, 161.0, 194.0
114, 344.0, 194.0
115, 563.0, 194.0
116, 680.0, 195.0
117, 261.0, 198.0
118, 571.0, 199.0
119, 605.0, 200.0
120, 679.0, 200.0
121, 561.0, 201.0
122, 585.0, 201.0
123, 590.0, 201.0
124, 668.0, 203.0
125, 659.0, 205.0
126, 573.0, 208.0
127, 628.0, 208.0
128, 650.0, 210.0
129, 594.0, 211.0
130, 157.0, 212.0
131, 562.0, 212.0
132, 146.0, 215.0
133, 433.0, 216.0
134, 453.0, 216.0
135, 458.0, 217.0
136, 582.0, 217.0
137, 622.0, 217.0
138, 101.0, 218.0
139, 111.0, 218.0
140, 89.0, 219.0
141, 280.0, 219.0
142, 353.0, 219.0
143, 442.0, 219.0
144, 588.0, 220.0
145, 78.0, 221.0
146, 536.0, 223.0
147, 490.0, 224.0
148, 593.0, 224.0
149, 511.0, 225.0
150, 644.0, 225.0
151, 136.0, 226.0
152, 165.0, 226.0
153, 211.0, 226.0
154, 639.0, 226.0
155, 629.0, 227.0
156, 127.0, 228.0
157, 605.0, 229.0
158, 610.0, 230.0
159, 618.0, 230.0
160, 672.0, 235.0
161, 707.0, 235.0
162, 730.0, 235.0
163, 101.0, 236.0
164, 527.0, 236.0
165, 247.0, 237.0
166, 392.0, 237.0
167, 490.0, 237.0
168, 495.0, 237.0
169, 92.0, 238.0
170, 237.0, 238.0
171, 337.0, 238.0
172, 347.0, 238.0
173, 382.0, 238.0
174, 287.0, 239.0
175, 298.0, 239.0
176, 619.0, 239.0
177, 154.0, 241.0
178, 165.0, 241.0
179, 626.0, 241.0
180, 631.0, 242.0
181, 111.0, 243.0
182, 145.0, 243.0
183, 636.0, 243.0
184, 512.0, 252.0
185, 320.0, 253.0
186, 529.0, 253.0
187, 134.0, 256.0
188, 111.0, 257.0
189, 166.0, 257.0
190, 100.0, 258.0
191, 383.0, 258.0
192, 648.0, 258.0
193, 126.0, 259.0
194, 615.0, 259.0
195, 642.0, 259.0
196, 152.0, 261.0
197, 396.0, 261.0
198, 627.0, 263.0
199, 138.0, 264.0
200, 322.0, 270.0
201, 381.0, 270.0
202, 504.0, 271.0
203, 527.0, 271.0
204, 532.0, 271.0
205, 171.0, 273.0
206, 105.0, 274.0
207, 93.0, 277.0
208, 286.0, 277.0
209, 549.0, 277.0
210, 171.0, 278.0
211, 130.0, 279.0
212, 121.0, 280.0
213, 152.0, 283.0
214, 321.0, 283.0
215, 146.0, 285.0
216, 381.0, 286.0
217, 573.0, 293.0
218, 335.0, 296.0
219, 346.0, 296.0
220, 653.0, 303.0
221, 174.0, 304.0
222, 683.0, 306.0
223, 386.0, 307.0
224, 411.0, 307.0
225, 574.0, 307.0
226, 688.0, 307.0
227, 734.0, 307.0
228, 244.0, 309.0
229, 535.0, 309.0
230, 594.0, 309.0
231, 490.0, 310.0
232, 553.0, 310.0
233, 625.0, 312.0
234, 673.0, 314.0
235, 696.0, 315.0
236, 69.0, 316.0
237, 640.0, 318.0
238, 313.0, 319.0
239, 370.0, 319.0
240, 351.0, 320.0
241, 613.0, 321.0
242, 645.0, 322.0
243, 735.0, 322.0
244, 175.0, 323.0
245, 51.0, 324.0
246, 170.0, 324.0
247, 673.0, 324.0
248, 156.0, 327.0
249, 726.0, 327.0
250, 622.0, 328.0
251, 656.0, 328.0
252, 691.0, 328.0
253, 627.0, 329.0
254, 375.0, 330.0
255, 598.0, 330.0
256, 632.0, 330.0
257, 728.0, 332.0
258, 355.0, 335.0
259, 582.0, 342.0
260, 603.0, 342.0
261, 660.0, 342.0
262, 644.0, 343.0
263, 665.0, 344.0
264, 672.0, 346.0
265, 678.0, 346.0
266, 684.0, 347.0
267, 594.0, 348.0
268, 195.0, 351.0
269, 190.0, 352.0
270, 201.0, 352.0
271, 376.0, 354.0
272, 578.0, 357.0
273, 439.0, 364.0
274, 612.0, 365.0
275, 170.0, 366.0
276, 585.0, 366.0
277, 194.0, 367.0
278, 296.0, 368.0
279, 157.0, 369.0
280, 380.0, 369.0
281, 182.0, 370.0
282, 232.0, 375.0
283, 227.0, 378.0
284, 282.0, 379.0
285, 255.0, 380.0
286, 447.0, 380.0
287, 232.0, 383.0
288, 212.0, 384.0
289, 158.0, 386.0
290, 163.0, 386.0
291, 141.0, 388.0
292, 109.0, 390.0
293, 114.0, 390.0
294, 103.0, 392.0
295, 282.0, 392.0
296, 263.0, 394.0
297, 199.0, 395.0
298, 218.0, 397.0
299, 29.0, 398.0
300, 283.0, 399.0
301, 262.0, 409.0
302, 201.0, 410.0
303, 148.0, 411.0
304, 284.0, 411.0
305, 298.0, 411.0
306, 215.0, 412.0
307, 250.0, 413.0
308, 239.0, 414.0
309, 224.0, 416.0
310, 258.0, 417.0
311, 205.0, 419.0
312, 297.0, 419.0
313, 561.0, 419.0
314, 567.0, 419.0
315, 280.0, 420.0
316, 287.0, 421.0
317, 327.0, 421.0
318, 467.0, 423.0
319, 270.0, 424.0
320, 307.0, 424.0
321, 571.0, 424.0
322, 224.0, 425.0
323, 353.0, 430.0
324, 129.0, 431.0
325, 575.0, 431.0
326, 286.0, 432.0
327, 336.0, 432.0
328, 88.0, 434.0
329, 199.0, 434.0
330, 111.0, 435.0
331, 352.0, 435.0
332, 154.0, 437.0
333, 568.0, 438.0
334, 149.0, 440.0
335, 277.0, 442.0
336, 554.0, 443.0
337, 265.0, 446.0
338, 567.0, 447.0
339, 317.0, 448.0
340, 572.0, 448.0
341, 172.0, 449.0
342, 60.0, 450.0
343, 284.0, 450.0
344, 114.0, 451.0
345, 256.0, 451.0
346, 328.0, 454.0
347, 91.0, 456.0
348, 194.0, 456.0
349, 550.0, 458.0
350, 503.0, 460.0
351, 375.0, 461.0
352, 560.0, 461.0
353, 402.0, 462.0
354, 625.0, 462.0
355, 159.0, 463.0
356, 532.0, 463.0
357, 599.0, 463.0
358, 486.0, 464.0
359, 656.0, 464.0
360, 11.0, 465.0
361, 53.0, 465.0
362, 501.0, 465.0
363, 517.0, 465.0
364, 154.0, 466.0
365, 283.0, 467.0
366, 600.0, 468.0
367, 555.0, 469.0
368, 608.0, 469.0
369, 672.0, 470.0
370, 38.0, 471.0
371, 61.0, 471.0
372, 262.0, 471.0
