0, 557.0, 256.0
1, 573.0, 89.0
2, 598.0, 378.0
3, 478.0, 179.0
4, 247.0, 324.0
5, 705.0, 284.0
6, 532.0, 461.0
7, 131.0, 448.0
8, 301.0, 373.0
9, 130.0, 356.0
10, 557.0, 169.0
11, 279.0, 395.0
12, 606.0, 381.0
13, 597.0, 394.0
14, 690.0, 182.0
15, 712.0, 253.0
16, 607.0, 399.0
17, 707.0, 73.0
18, 599.0, 253.0
19, 283.0, 405.0
20, 255.0, 28.0
21, 736.0, 62.0
22, 445.0, 33.0
23, 437.0, 426.0
24, 550.0, 240.0
25, 304.0, 421.0
26, 135.0, 436.0
27, 391.0, 254.0
28, 297.0, 433.0
29, 87.0, 60.0
30, 340.0, 357.0
31, 551.0, 118.0
32, 345.0, 34.0
33, 140.0, 375.0
34, 315.0, 369.0
35, 575.0, 457.0
36, 733.0, 78.0
37, 487.0, 190.0
38, 559.0, 288.0
39, 153.0, 234.0
40, 636.0, 146.0
41, 282.0, 450.0
42, 207.0, 336.0
43, 636.0, 157.0
44, 237.0, 305.0
45, 157.0, 402.0
46, 431.0, 193.0
47, 315.0, 358.0
48, 578.0, 140.0
49, 199.0, 348.0
50, 584.0, 375.0
51, 332.0, 51.0
52, 556.0, 459.0
53, 122.0, 384.0
54, 290.0, 403.0
55, 344.0, 465.0
56, 176.0, 237.0
57, 604.0, 417.0
58, 601.0, 146.0
59, 128.0, 258.0
60, 513.0, 217.0
61, 257.0, 46.0
62, 542.0, 246.0
63, 613.0, 260.0
64, 698.0, 246.0
65, 350.0, 374.0
66, 516.0, 346.0
67, 309.0, 405.0
68, 377.0, 399.0
69, 275.0, 259.0
70, 684.0, 53.0
71, 200.0, 320.0
72, 224.0, 179.0
73, 487.0, 364.0
74, 154.0, 360.0
75, 129.0, 397.0
76, 740.0, 303.0
77, 345.0, 340.0
78, 712.0, 86.0
79, 301.0, 182.0
80, 615.0, 206.0
81, 514.0, 204.0
82, 512.0, 189.0
83, 157.0, 186.0
84, 310.0, 311.0
85, 293.0, 323.0
86, 673.0, 183.0
87, 724.0, 295.0
88, 529.0, 172.0
89, 572.0, 361.0
90, 138.0, 414.0
91, 360.0, 180.0
92, 120.0, 430.0
93, 529.0, 158.0
94, 306.0, 72.0
95, 317.0, 386.0
96, 417.0, 58.0
97, 559.0, 146.0
98, 719.0, 52.0
99, 529.0, 471.0
100, 729.0, 53.0
101, 150.0, 389.0
102, 420.0, 431.0
103, 359.0, 385.0
104, 395.0, 121.0
105, 309.0, 442.0
106, 709.0, 266.0
107, 462.0, 32.0
108, 500.0, 180.0
109, 233.0, 358.0
110, 208.0, 45.0
111, 560.0, 128.0
112, 519.0, 335.0
113, 557.0, 155.0
114, 513.0, 247.0
115, 187.0, 223.0
116, 272.0, 377.0
117, 573.0, 128.0
118, 444.0, 52.0
119, 499.0, 362.0
120, 195.0, 241.0
121, 569.0, 118.0
122, 605.0, 366.0
123, 536.0, 138.0
124, 532.0, 335.0
125, 260.0, 427.0
126, 350.0, 73.0
127, 333.0, 419.0
128, 611.0, 278.0
129, 649.0, 264.0
130, 210.0, 305.0
131, 91.0, 75.0
132, 570.0, 282.0
133, 319.0, 29.0
134, 295.0, 390.0
135, 150.0, 370.0
136, 558.0, 89.0
137, 290.0, 454.0
138, 458.0, 52.0
139, 178.0, 193.0
140, 234.0, 58.0
141, 396.0, 46.0
142, 151.0, 202.0
143, 345.0, 51.0
144, 545.0, 469.0
145, 268.0, 310.0
146, 417.0, 31.0
147, 231.0, 380.0
148, 434.0, 30.0
149, 365.0, 345.0
150, 575.0, 99.0
151, 586.0, 416.0
152, 186.0, 350.0
153, 529.0, 354.0
154, 511.0, 465.0
155, 471.0, 252.0
156, 500.0, 247.0
157, 319.0, 303.0
158, 545.0, 162.0
159, 552.0, 365.0
160, 445.0, 449.0
161, 655.0, 252.0
162, 290.0, 441.0
163, 498.0, 204.0
164, 465.0, 363.0
165, 572.0, 268.0
166, 263.0, 382.0
167, 499.0, 393.0
168, 215.0, 354.0
169, 512.0, 360.0
170, 295.0, 460.0
171, 482.0, 220.0
172, 131.0, 269.0
173, 79.0, 356.0
174, 399.0, 414.0
175, 56.0, 72.0
176, 298.0, 398.0
177, 219.0, 335.0
178, 121.0, 372.0
179, 573.0, 149.0
180, 273.0, 246.0
181, 97.0, 97.0
182, 635.0, 86.0
183, 332.0, 35.0
184, 64.0, 365.0
185, 140.0, 443.0
186, 226.0, 193.0
187, 472.0, 469.0
188, 622.0, 244.0
189, 358.0, 30.0
190, 510.0, 379.0
191, 49.0, 46.0
192, 263.0, 392.0
193, 259.0, 335.0
194, 698.0, 53.0
195, 545.0, 267.0
196, 531.0, 235.0
197, 221.0, 27.0
198, 250.0, 364.0
199, 195.0, 181.0
200, 394.0, 63.0
201, 217.0, 272.0
202, 159.0, 219.0
203, 59.0, 24.0
204, 177.0, 321.0
205, 166.0, 352.0
206, 675.0, 86.0
207, 413.0, 253.0
208, 540.0, 289.0
209, 378.0, 264.0
210, 597.0, 363.0
211, 562.0, 185.0
212, 262.0, 123.0
213, 605.0, 193.0
214, 558.0, 105.0
215, 729.0, 275.0
216, 260.0, 64.0
217, 355.0, 107.0
218, 290.0, 467.0
219, 453.0, 175.0
220, 286.0, 312.0
221, 191.0, 471.0
222, 62.0, 98.0
223, 318.0, 414.0
224, 625.0, 277.0
225, 414.0, 116.0
226, 600.0, 461.0
227, 477.0, 192.0
228, 34.0, 104.0
229, 541.0, 179.0
230, 140.0, 189.0
231, 512.0, 415.0
232, 556.0, 268.0
233, 193.0, 413.0
234, 596.0, 177.0
235, 587.0, 101.0
236, 240.0, 27.0
237, 453.0, 336.0
238, 286.0, 392.0
239, 661.0, 86.0
240, 623.0, 164.0
241, 692.0, 88.0
242, 579.0, 113.0
243, 529.0, 245.0
244, 217.0, 133.0
245, 595.0, 266.0
246, 333.0, 29.0
247, 303.0, 108.0
248, 594.0, 434.0
249, 291.0, 29.0
250, 711.0, 54.0
251, 269.0, 450.0
252, 86.0, 48.0
253, 325.0, 332.0
254, 570.0, 108.0
255, 618.0, 144.0
256, 294.0, 360.0
257, 262.0, 153.0
258, 178.0, 218.0
259, 179.0, 444.0
260, 95.0, 414.0
261, 94.0, 166.0
262, 500.0, 190.0
263, 276.0, 457.0
264, 740.0, 231.0
265, 668.0, 54.0
266, 584.0, 126.0
267, 130.0, 429.0
268, 352.0, 131.0
269, 283.0, 384.0
270, 436.0, 129.0
271, 307.0, 132.0
272, 314.0, 342.0
273, 224.0, 368.0
274, 378.0, 161.0
275, 726.0, 64.0
276, 271.0, 199.0
277, 285.0, 336.0
278, 39.0, 462.0
279, 251.0, 350.0
280, 436.0, 175.0
281, 181.0, 26.0
282, 121.0, 274.0
283, 299.0, 471.0
284, 55.0, 177.0
285, 67.0, 419.0
286, 306.0, 29.0
287, 637.0, 262.0
288, 200.0, 275.0
289, 256.0, 402.0
290, 201.0, 164.0
291, 309.0, 258.0
292, 259.0, 248.0
293, 515.0, 371.0
294, 200.0, 220.0
295, 350.0, 361.0
296, 628.0, 98.0
297, 390.0, 194.0
298, 202.0, 383.0
299, 154.0, 462.0
300, 289.0, 417.0
301, 240.0, 350.0
302, 274.0, 445.0
303, 239.0, 423.0
304, 604.0, 438.0
305, 216.0, 319.0
306, 567.0, 98.0
307, 193.0, 205.0
308, 236.0, 293.0
309, 230.0, 425.0
310, 728.0, 394.0
311, 27.0, 17.0
312, 268.0, 338.0
313, 642.0, 279.0
314, 293.0, 133.0
315, 141.0, 173.0
316, 277.0, 385.0
317, 174.0, 432.0
318, 395.0, 150.0
319, 561.0, 119.0
320, 394.0, 29.0
321, 361.0, 265.0
322, 607.0, 178.0
323, 645.0, 244.0
324, 407.0, 380.0
325, 690.0, 268.0
326, 303.0, 466.0
327, 77.0, 104.0
328, 44.0, 341.0
329, 333.0, 266.0
330, 523.0, 439.0
331, 595.0, 413.0
332, 105.0, 372.0
333, 408.0, 373.0
334, 419.0, 164.0
335, 680.0, 360.0
336, 211.0, 27.0
337, 533.0, 281.0
338, 238.0, 409.0
339, 383.0, 370.0
340, 276.0, 29.0
341, 586.0, 109.0
342, 81.0, 85.0
343, 585.0, 261.0
344, 158.0, 373.0
345, 387.0, 225.0
346, 147.0, 405.0
347, 256.0, 415.0
348, 334.0, 250.0
349, 530.0, 440.0
350, 565.0, 158.0
351, 146.0, 432.0
352, 254.0, 316.0
353, 155.0, 449.0
354, 358.0, 295.0
355, 231.0, 28.0
356, 420.0, 187.0
357, 311.0, 198.0
358, 548.0, 253.0
359, 427.0, 41.0
360, 283.0, 352.0
361, 191.0, 403.0
362, 366.0, 161.0
363, 351.0, 60.0
364, 233.0, 271.0
365, 476.0, 364.0
366, 518.0, 440.0
367, 211.0, 317.0
368, 239.0, 376.0
369, 310.0, 430.0
370, 537.0, 268.0
371, 697.0, 309.0
372, 384.0, 290.0
373, 627.0, 158.0
374, 241.0, 117.0
375, 197.0, 384.0
376, 22.0, 137.0
377, 53.0, 60.0
378, 500.0, 219.0
379, 263.0, 135.0
380, 254.0, 389.0
381, 177.0, 462.0
382, 695.0, 259.0
383, 384.0, 376.0
384, 368.0, 292.0
385, 75.0, 166.0
386, 109.0, 167.0
387, 271.0, 409.0
388, 374.0, 30.0
389, 683.0, 71.0
390, 154.0, 414.0
391, 69.0, 427.0
392, 77.0, 69.0
393, 420.0, 104.0
394, 277.0, 287.0
395, 387.0, 303.0
396, 355.0, 226.0
397, 349.0, 9.0
398, 266.0, 471.0
399, 282.0, 166.0
400, 256.0, 270.0
401, 640.0, 182.0
402, 540.0, 162.0
403, 239.0, 170.0
404, 599.0, 436.0
405, 553.0, 138.0
406, 310.0, 245.0
407, 274.0, 61.0
408, 288.0, 268.0
409, 676.0, 66.0
410, 395.0, 132.0
411, 716.0, 70.0
412, 333.0, 42.0
413, 593.0, 456.0
414, 187.0, 363.0
415, 721.0, 78.0
416, 689.0, 263.0
417, 197.0, 435.0
418, 586.0, 239.0
419, 569.0, 466.0
420, 723.0, 87.0
421, 249.0, 338.0
422, 29.0, 144.0
423, 228.0, 307.0
424, 692.0, 101.0
425, 220.0, 382.0
426, 302.0, 356.0
427, 549.0, 418.0
428, 445.0, 470.0
429, 286.0, 371.0
430, 294.0, 415.0
431, 135.0, 277.0
432, 646.0, 152.0
433, 520.0, 361.0
434, 166.0, 206.0
435, 663.0, 69.0
436, 118.0, 259.0
437, 295.0, 312.0
438, 719.0, 61.0
439, 383.0, 365.0
440, 170.0, 365.0
441, 530.0, 240.0
442, 353.0, 160.0
443, 395.0, 88.0
444, 342.0, 369.0
445, 307.0, 379.0
446, 149.0, 437.0
447, 222.0, 51.0
448, 77.0, 433.0
449, 358.0, 256.0
450, 548.0, 138.0
451, 245.0, 365.0
452, 525.0, 365.0
453, 45.0, 143.0
454, 549.0, 178.0
455, 170.0, 405.0
456, 567.0, 144.0
457, 312.0, 333.0
458, 70.0, 432.0
459, 193.0, 425.0
460, 434.0, 296.0
461, 241.0, 293.0
462, 352.0, 148.0
463, 180.0, 363.0
464, 271.0, 29.0
465, 303.0, 267.0
466, 211.0, 232.0
467, 544.0, 143.0
468, 407.0, 161.0
469, 320.0, 56.0
470, 261.0, 88.0
471, 50.0, 376.0
472, 695.0, 73.0
473, 498.0, 421.0
474, 231.0, 293.0
475, 445.0, 24.0
476, 445.0, 12.0
477, 156.0, 329.0
478, 633.0, 252.0
479, 301.0, 259.0
480, 173.0, 274.0
481, 168.0, 449.0
482, 282.0, 463.0
483, 348.0, 238.0
484, 182.0, 407.0
485, 444.0, 176.0
486, 369.0, 471.0
487, 314.0, 305.0
488, 48.0, 371.0
489, 61.0, 37.0
490, 298.0, 267.0
491, 373.0, 279.0
492, 186.0, 389.0
493, 685.0, 291.0
494, 688.0, 66.0
495, 230.0, 248.0
496, 333.0, 118.0
497, 220.0, 392.0
498, 327.0, 266.0
499, 740.0, 87.0
