0, 415.0, 8.0
1, 433.0, 8.0
2, 468.0, 8.0
3, 447.0, 9.0
4, 39.0, 10.0
5, 457.0, 11.0
6, 417.0, 13.0
7, 422.0, 13.0
8, 40.0, 15.0
9, 585.0, 16.0
10, 12.0, 17.0
11, 17.0, 17.0
12, 442.0, 18.0
13, 431.0, 20.0
14, 527.0, 20.0
15, 596.0, 20.0
16, 463.0, 22.0
17, 605.0, 22.0
18, 576.0, 23.0
19, 414.0, 25.0
20, 635.0, 25.0
21, 438.0, 28.0
22, 525.0, 29.0
23, 400.0, 30.0
24, 412.0, 34.0
25, 10.0, 35.0
26, 44.0, 36.0
27, 422.0, 38.0
28, 103.0, 42.0
29, 420.0, 43.0
30, 452.0, 43.0
31, 434.0, 44.0
32, 467.0, 44.0
33, 414.0, 45.0
34, 401.0, 46.0
35, 31.0, 47.0
36, 631.0, 48.0
37, 653.0, 49.0
38, 400.0, 54.0
39, 642.0, 55.0
40, 465.0, 56.0
41, 389.0, 57.0
42, 167.0, 62.0
43, 385.0, 62.0
44, 636.0, 62.0
45, 542.0, 63.0
46, 147.0, 65.0
47, 397.0, 66.0
48, 406.0, 66.0
49, 460.0, 66.0
50, 55.0, 68.0
51, 429.0, 68.0
52, 384.0, 69.0
53, 110.0, 72.0
54, 633.0, 74.0
55, 447.0, 82.0
56, 173.0, 84.0
57, 39.0, 87.0
58, 159.0, 88.0
59, 476.0, 90.0
60, 343.0, 91.0
61, 495.0, 92.0
62, 146.0, 93.0
63, 355.0, 94.0
64, 360.0, 94.0
65, 505.0, 94.0
66, 294.0, 95.0
67, 66.0, 96.0
68, 307.0, 96.0
69, 522.0, 96.0
70, 446.0, 99.0
71, 545.0, 99.0
72, 178.0, 100.0
73, 434.0, 100.0
74, 67.0, 101.0
75, 316.0, 101.0
76, 384.0, 102.0
77, 160.0, 103.0
78, 338.0, 103.0
79, 567.0, 103.0
80, 575.0, 104.0
81, 584.0, 104.0
82, 19.0, 105.0
83, 35.0, 105.0
84, 43.0, 105.0
85, 348.0, 107.0
86, 177.0, 108.0
87, 617.0, 108.0
88, 159.0, 109.0
89, 625.0, 110.0
90, 471.0, 112.0
91, 636.0, 112.0
92, 668.0, 116.0
93, 179.0, 120.0
94, 354.0, 125.0
95, 151.0, 128.0
96, 346.0, 128.0
97, 368.0, 129.0
98, 102.0, 130.0
99, 469.0, 130.0
100, 82.0, 132.0
101, 456.0, 133.0
102, 322.0, 134.0
103, 380.0, 135.0
104, 120.0, 136.0
105, 466.0, 139.0
106, 661.0, 141.0
107, 99.0, 142.0
108, 346.0, 142.0
109, 357.0, 143.0
110, 75.0, 144.0
111, 399.0, 145.0
112, 454.0, 146.0
113, 387.0, 148.0
114, 419.0, 148.0
115, 356.0, 154.0
116, 385.0, 154.0
117, 344.0, 155.0
118, 316.0, 156.0
119, 325.0, 156.0
120, 440.0, 156.0
121, 431.0, 157.0
122, 462.0, 160.0
123, 357.0, 162.0
124, 377.0, 162.0
125, 321.0, 164.0
126, 391.0, 164.0
127, 420.0, 164.0
128, 286.0, 167.0
129, 345.0, 167.0
130, 302.0, 168.0
131, 376.0, 170.0
132, 458.0, 170.0
133, 328.0, 172.0
134, 314.0, 174.0
135, 375.0, 175.0
136, 648.0, 178.0
137, 420.0, 180.0
138, 380.0, 183.0
139, 345.0, 184.0
140, 662.0, 184.0
141, 407.0, 187.0
142, 232.0, 188.0
143, 370.0, 188.0
144, 284.0, 191.0
145, 257.0, 193.0
146, 323.0, 193.0
147, 383.0, 193.0
148, 246.0, 196.0
149, 667.0, 196.0
150, 312.0, 198.0
151, 640.0, 199.0
152, 120.0, 201.0
153, 263.0, 201.0
154, 282.0, 204.0
155, 347.0, 206.0
156, 638.0, 208.0
157, 669.0, 208.0
158, 295.0, 210.0
159, 636.0, 213.0
160, 238.0, 214.0
161, 312.0, 215.0
162, 163.0, 217.0
163, 274.0, 219.0
164, 591.0, 220.0
165, 258.0, 221.0
166, 668.0, 222.0
167, 219.0, 224.0
168, 296.0, 224.0
169, 302.0, 224.0
170, 322.0, 224.0
171, 182.0, 225.0
172, 630.0, 225.0
173, 295.0, 229.0
174, 258.0, 232.0
175, 323.0, 232.0
176, 622.0, 235.0
177, 192.0, 236.0
178, 277.0, 236.0
179, 303.0, 236.0
180, 687.0, 236.0
181, 322.0, 237.0
182, 217.0, 238.0
183, 97.0, 239.0
184, 267.0, 239.0
185, 692.0, 239.0
186, 321.0, 242.0
187, 660.0, 243.0
188, 258.0, 244.0
189, 269.0, 244.0
190, 713.0, 245.0
191, 442.0, 248.0
192, 290.0, 249.0
193, 299.0, 249.0
194, 670.0, 250.0
195, 437.0, 251.0
196, 691.0, 251.0
197, 709.0, 252.0
198, 734.0, 252.0
199, 172.0, 254.0
200, 207.0, 255.0
201, 244.0, 256.0
202, 467.0, 259.0
203, 730.0, 259.0
204, 297.0, 261.0
205, 480.0, 261.0
206, 237.0, 263.0
207, 152.0, 265.0
208, 495.0, 266.0
209, 97.0, 267.0
210, 140.0, 267.0
211, 250.0, 268.0
212, 148.0, 270.0
213, 509.0, 270.0
214, 133.0, 272.0
215, 160.0, 272.0
216, 212.0, 275.0
217, 145.0, 276.0
218, 247.0, 276.0
219, 272.0, 276.0
220, 526.0, 276.0
221, 538.0, 278.0
222, 204.0, 281.0
223, 243.0, 281.0
224, 543.0, 281.0
225, 672.0, 285.0
226, 141.0, 286.0
227, 243.0, 286.0
228, 567.0, 286.0
229, 160.0, 287.0
230, 230.0, 288.0
231, 89.0, 291.0
232, 203.0, 292.0
233, 381.0, 293.0
234, 114.0, 294.0
235, 157.0, 295.0
236, 133.0, 296.0
237, 596.0, 296.0
238, 241.0, 298.0
239, 164.0, 302.0
240, 85.0, 304.0
241, 152.0, 305.0
242, 179.0, 307.0
243, 177.0, 312.0
244, 149.0, 313.0
245, 670.0, 315.0
246, 210.0, 318.0
247, 97.0, 319.0
248, 162.0, 322.0
249, 177.0, 325.0
250, 184.0, 325.0
251, 707.0, 325.0
252, 176.0, 330.0
253, 143.0, 336.0
254, 159.0, 336.0
255, 156.0, 342.0
256, 99.0, 345.0
257, 150.0, 347.0
258, 48.0, 348.0
259, 128.0, 350.0
260, 128.0, 355.0
261, 126.0, 360.0
262, 243.0, 390.0
263, 243.0, 399.0
264, 234.0, 417.0
265, 232.0, 425.0
266, 231.0, 432.0
267, 207.0, 458.0
268, 216.0, 459.0
269, 209.0, 463.0
270, 296.0, 463.0
271, 208.0, 468.0
272, 295.0, 468.0
