0, 155.0, 8.0
1, 302.0, 8.0
2, 142.0, 9.0
3, 651.0, 9.0
4, 488.0, 10.0
5, 126.0, 11.0
6, 301.0, 13.0
7, 23.0, 15.0
8, 450.0, 21.0
9, 462.0, 21.0
10, 474.0, 21.0
11, 501.0, 22.0
12, 540.0, 23.0
13, 447.0, 26.0
14, 462.0, 31.0
15, 474.0, 31.0
16, 497.0, 32.0
17, 511.0, 34.0
18, 539.0, 34.0
19, 41.0, 36.0
20, 639.0, 36.0
21, 23.0, 37.0
22, 58.0, 38.0
23, 86.0, 39.0
24, 38.0, 41.0
25, 71.0, 41.0
26, 80.0, 41.0
27, 615.0, 41.0
28, 23.0, 42.0
29, 628.0, 42.0
30, 101.0, 44.0
31, 93.0, 45.0
32, 55.0, 47.0
33, 33.0, 48.0
34, 108.0, 53.0
35, 42.0, 54.0
36, 23.0, 56.0
37, 33.0, 56.0
38, 106.0, 63.0
39, 553.0, 74.0
40, 539.0, 89.0
41, 133.0, 98.0
42, 564.0, 104.0
43, 48.0, 106.0
44, 507.0, 106.0
45, 564.0, 109.0
46, 48.0, 111.0
47, 455.0, 117.0
48, 471.0, 117.0
49, 131.0, 118.0
50, 492.0, 118.0
51, 480.0, 120.0
52, 516.0, 120.0
53, 527.0, 120.0
54, 634.0, 120.0
55, 505.0, 121.0
56, 538.0, 121.0
57, 32.0, 122.0
58, 550.0, 123.0
59, 562.0, 123.0
60, 105.0, 124.0
61, 575.0, 124.0
62, 592.0, 125.0
63, 633.0, 125.0
64, 32.0, 127.0
65, 131.0, 127.0
66, 613.0, 127.0
67, 27.0, 129.0
68, 492.0, 129.0
69, 43.0, 130.0
70, 105.0, 130.0
71, 463.0, 130.0
72, 57.0, 131.0
73, 144.0, 131.0
74, 542.0, 131.0
75, 582.0, 131.0
76, 74.0, 132.0
77, 130.0, 133.0
78, 24.0, 134.0
79, 139.0, 134.0
80, 492.0, 134.0
81, 94.0, 135.0
82, 105.0, 135.0
83, 561.0, 135.0
84, 533.0, 136.0
85, 64.0, 137.0
86, 595.0, 138.0
87, 110.0, 139.0
88, 115.0, 140.0
89, 561.0, 143.0
90, 603.0, 143.0
91, 735.0, 146.0
92, 559.0, 148.0
93, 453.0, 149.0
94, 463.0, 149.0
95, 490.0, 150.0
96, 530.0, 152.0
97, 601.0, 153.0
98, 541.0, 154.0
99, 559.0, 154.0
100, 478.0, 155.0
101, 503.0, 155.0
102, 548.0, 155.0
103, 612.0, 155.0
104, 631.0, 157.0
105, 519.0, 158.0
106, 560.0, 159.0
107, 572.0, 159.0
108, 585.0, 160.0
109, 24.0, 161.0
110, 494.0, 162.0
111, 511.0, 162.0
112, 66.0, 164.0
113, 93.0, 165.0
114, 48.0, 166.0
115, 127.0, 166.0
116, 523.0, 166.0
117, 77.0, 168.0
118, 115.0, 168.0
119, 94.0, 170.0
120, 104.0, 170.0
121, 129.0, 171.0
122, 145.0, 175.0
123, 104.0, 177.0
124, 477.0, 180.0
125, 469.0, 181.0
126, 501.0, 181.0
127, 517.0, 181.0
128, 464.0, 182.0
129, 487.0, 182.0
130, 557.0, 182.0
131, 570.0, 184.0
132, 103.0, 185.0
133, 585.0, 185.0
134, 533.0, 188.0
135, 608.0, 189.0
136, 651.0, 191.0
137, 543.0, 192.0
138, 715.0, 192.0
139, 556.0, 193.0
140, 728.0, 193.0
141, 743.0, 193.0
142, 128.0, 196.0
143, 649.0, 196.0
144, 544.0, 198.0
145, 627.0, 199.0
146, 612.0, 202.0
147, 128.0, 208.0
148, 128.0, 226.0
149, 646.0, 227.0
150, 646.0, 232.0
151, 127.0, 236.0
152, 147.0, 238.0
153, 161.0, 239.0
154, 182.0, 240.0
155, 448.0, 240.0
156, 126.0, 243.0
157, 264.0, 243.0
158, 370.0, 244.0
159, 152.0, 245.0
160, 373.0, 256.0
161, 125.0, 257.0
162, 507.0, 262.0
163, 460.0, 263.0
164, 388.0, 264.0
165, 536.0, 268.0
166, 541.0, 269.0
167, 409.0, 274.0
168, 618.0, 276.0
169, 623.0, 276.0
170, 416.0, 277.0
171, 434.0, 277.0
172, 447.0, 277.0
173, 457.0, 277.0
174, 468.0, 279.0
175, 642.0, 279.0
176, 503.0, 280.0
177, 631.0, 280.0
178, 710.0, 282.0
179, 588.0, 283.0
180, 630.0, 285.0
181, 149.0, 286.0
182, 263.0, 287.0
183, 634.0, 292.0
184, 371.0, 295.0
185, 642.0, 306.0
186, 263.0, 308.0
187, 402.0, 308.0
188, 628.0, 314.0
189, 633.0, 316.0
190, 641.0, 323.0
191, 706.0, 325.0
192, 410.0, 336.0
193, 630.0, 342.0
194, 623.0, 348.0
195, 152.0, 354.0
196, 129.0, 362.0
197, 637.0, 362.0
198, 703.0, 362.0
199, 263.0, 364.0
200, 263.0, 369.0
201, 263.0, 375.0
202, 52.0, 379.0
203, 369.0, 395.0
204, 263.0, 396.0
205, 50.0, 398.0
206, 36.0, 400.0
207, 410.0, 400.0
208, 61.0, 401.0
209, 95.0, 401.0
210, 263.0, 401.0
211, 135.0, 402.0
212, 583.0, 402.0
213, 601.0, 402.0
214, 143.0, 403.0
215, 151.0, 404.0
216, 262.0, 406.0
217, 410.0, 416.0
218, 598.0, 416.0
219, 369.0, 417.0
220, 151.0, 423.0
221, 582.0, 425.0
222, 263.0, 426.0
223, 607.0, 426.0
224, 150.0, 428.0
225, 262.0, 431.0
226, 149.0, 437.0
227, 215.0, 448.0
228, 229.0, 449.0
229, 238.0, 449.0
230, 243.0, 449.0
231, 252.0, 449.0
232, 267.0, 449.0
233, 223.0, 450.0
234, 259.0, 459.0
235, 231.0, 460.0
236, 236.0, 460.0
237, 244.0, 460.0
238, 252.0, 460.0
239, 267.0, 460.0
240, 214.0, 461.0
241, 222.0, 461.0
242, 213.0, 466.0
243, 267.0, 468.0
244, 258.0, 469.0
245, 229.0, 470.0
246, 236.0, 470.0
247, 243.0, 470.0
248, 251.0, 470.0
