0, 110.0, 9.0
1, 150.0, 10.0
2, 164.0, 11.0
3, 175.0, 11.0
4, 90.0, 14.0
5, 175.0, 16.0
6, 676.0, 17.0
7, 89.0, 19.0
8, 678.0, 22.0
9, 159.0, 23.0
10, 370.0, 24.0
11, 224.0, 31.0
12, 223.0, 36.0
13, 724.0, 37.0
14, 181.0, 38.0
15, 222.0, 41.0
16, 93.0, 46.0
17, 179.0, 46.0
18, 222.0, 48.0
19, 709.0, 48.0
20, 692.0, 50.0
21, 580.0, 51.0
22, 735.0, 52.0
23, 222.0, 53.0
24, 594.0, 55.0
25, 606.0, 55.0
26, 693.0, 55.0
27, 179.0, 57.0
28, 696.0, 61.0
29, 97.0, 62.0
30, 675.0, 66.0
31, 167.0, 69.0
32, 179.0, 72.0
33, 161.0, 73.0
34, 228.0, 73.0
35, 743.0, 73.0
36, 650.0, 78.0
37, 175.0, 83.0
38, 687.0, 83.0
39, 644.0, 88.0
40, 708.0, 88.0
41, 708.0, 93.0
42, 183.0, 95.0
43, 175.0, 105.0
44, 279.0, 107.0
45, 576.0, 109.0
46, 164.0, 110.0
47, 183.0, 110.0
48, 188.0, 111.0
49, 280.0, 112.0
50, 673.0, 119.0
51, 107.0, 120.0
52, 638.0, 121.0
53, 689.0, 121.0
54, 165.0, 122.0
55, 176.0, 122.0
56, 188.0, 122.0
57, 743.0, 123.0
58, 667.0, 126.0
59, 686.0, 127.0
60, 677.0, 130.0
61, 727.0, 131.0
62, 167.0, 140.0
63, 177.0, 147.0
64, 478.0, 161.0
65, 78.0, 166.0
66, 169.0, 166.0
67, 686.0, 169.0
68, 695.0, 170.0
69, 596.0, 171.0
70, 743.0, 171.0
71, 657.0, 173.0
72, 652.0, 174.0
73, 639.0, 175.0
74, 644.0, 175.0
75, 633.0, 176.0
76, 628.0, 177.0
77, 623.0, 178.0
78, 607.0, 179.0
79, 613.0, 179.0
80, 97.0, 181.0
81, 599.0, 181.0
82, 584.0, 183.0
83, 570.0, 184.0
84, 552.0, 190.0
85, 245.0, 192.0
86, 103.0, 195.0
87, 551.0, 197.0
88, 266.0, 199.0
89, 387.0, 202.0
90, 551.0, 202.0
91, 190.0, 203.0
92, 550.0, 207.0
93, 175.0, 208.0
94, 565.0, 209.0
95, 245.0, 210.0
96, 363.0, 211.0
97, 117.0, 214.0
98, 187.0, 214.0
99, 288.0, 215.0
100, 271.0, 216.0
101, 108.0, 217.0
102, 280.0, 217.0
103, 263.0, 218.0
104, 130.0, 221.0
105, 567.0, 223.0
106, 103.0, 225.0
107, 126.0, 226.0
108, 189.0, 227.0
109, 184.0, 228.0
110, 178.0, 229.0
111, 89.0, 231.0
112, 156.0, 231.0
113, 146.0, 232.0
114, 151.0, 232.0
115, 140.0, 234.0
116, 119.0, 236.0
117, 93.0, 237.0
118, 107.0, 237.0
119, 114.0, 237.0
120, 88.0, 239.0
121, 556.0, 242.0
122, 59.0, 244.0
123, 569.0, 244.0
124, 540.0, 245.0
125, 8.0, 249.0
126, 367.0, 255.0
127, 558.0, 258.0
128, 571.0, 260.0
129, 546.0, 262.0
130, 536.0, 273.0
131, 706.0, 276.0
132, 368.0, 277.0
133, 534.0, 280.0
134, 560.0, 280.0
135, 574.0, 280.0
136, 545.0, 285.0
137, 560.0, 285.0
138, 574.0, 288.0
139, 532.0, 289.0
140, 563.0, 292.0
141, 556.0, 293.0
142, 551.0, 297.0
143, 372.0, 308.0
144, 551.0, 308.0
145, 540.0, 312.0
146, 579.0, 316.0
147, 493.0, 317.0
148, 567.0, 322.0
149, 507.0, 324.0
150, 420.0, 326.0
151, 581.0, 327.0
152, 608.0, 327.0
153, 374.0, 328.0
154, 486.0, 328.0
155, 478.0, 330.0
156, 527.0, 330.0
157, 497.0, 331.0
158, 510.0, 332.0
159, 473.0, 337.0
160, 494.0, 339.0
161, 575.0, 339.0
162, 375.0, 340.0
163, 460.0, 341.0
164, 507.0, 341.0
165, 580.0, 341.0
166, 455.0, 342.0
167, 446.0, 345.0
168, 468.0, 345.0
169, 479.0, 347.0
170, 375.0, 348.0
171, 492.0, 350.0
172, 433.0, 355.0
173, 453.0, 356.0
174, 376.0, 357.0
175, 401.0, 360.0
176, 489.0, 362.0
177, 388.0, 363.0
178, 415.0, 365.0
179, 424.0, 365.0
180, 401.0, 368.0
181, 441.0, 368.0
182, 428.0, 371.0
183, 413.0, 372.0
184, 384.0, 377.0
185, 378.0, 378.0
186, 426.0, 393.0
187, 388.0, 394.0
188, 414.0, 394.0
189, 402.0, 398.0
190, 419.0, 398.0
191, 439.0, 398.0
192, 380.0, 400.0
193, 702.0, 406.0
194, 380.0, 407.0
195, 388.0, 407.0
196, 379.0, 413.0
197, 422.0, 414.0
198, 370.0, 426.0
199, 375.0, 426.0
200, 411.0, 428.0
201, 380.0, 430.0
202, 403.0, 432.0
203, 398.0, 433.0
204, 328.0, 445.0
205, 316.0, 448.0
206, 310.0, 453.0
207, 546.0, 459.0
208, 559.0, 467.0
209, 274.0, 471.0
