0, 438.0, 9.0
1, 437.0, 14.0
2, 544.0, 19.0
3, 543.0, 24.0
4, 477.0, 32.0
5, 669.0, 42.0
6, 653.0, 45.0
7, 661.0, 46.0
8, 540.0, 55.0
9, 326.0, 57.0
10, 326.0, 62.0
11, 50.0, 64.0
12, 538.0, 64.0
13, 538.0, 69.0
14, 53.0, 70.0
15, 432.0, 79.0
16, 324.0, 83.0
17, 431.0, 84.0
18, 431.0, 89.0
19, 324.0, 90.0
20, 430.0, 98.0
21, 27.0, 100.0
22, 58.0, 100.0
23, 63.0, 100.0
24, 68.0, 101.0
25, 76.0, 102.0
26, 430.0, 103.0
27, 218.0, 108.0
28, 223.0, 108.0
29, 228.0, 109.0
30, 264.0, 111.0
31, 320.0, 111.0
32, 279.0, 112.0
33, 24.0, 114.0
34, 429.0, 115.0
35, 429.0, 120.0
36, 529.0, 121.0
37, 324.0, 125.0
38, 528.0, 126.0
39, 428.0, 136.0
40, 24.0, 137.0
41, 69.0, 138.0
42, 428.0, 141.0
43, 527.0, 141.0
44, 324.0, 142.0
45, 572.0, 147.0
46, 577.0, 148.0
47, 84.0, 149.0
48, 428.0, 153.0
49, 631.0, 154.0
50, 636.0, 154.0
51, 641.0, 155.0
52, 24.0, 159.0
53, 324.0, 165.0
54, 637.0, 168.0
55, 26.0, 172.0
56, 98.0, 182.0
57, 24.0, 184.0
58, 311.0, 186.0
59, 109.0, 193.0
60, 289.0, 200.0
61, 145.0, 206.0
62, 158.0, 209.0
63, 268.0, 211.0
64, 179.0, 212.0
65, 260.0, 212.0
66, 279.0, 213.0
67, 252.0, 218.0
68, 154.0, 219.0
69, 243.0, 223.0
70, 168.0, 224.0
71, 182.0, 225.0
72, 154.0, 230.0
73, 249.0, 230.0
74, 677.0, 233.0
75, 148.0, 240.0
76, 693.0, 244.0
77, 164.0, 259.0
78, 129.0, 268.0
79, 113.0, 271.0
80, 101.0, 273.0
81, 295.0, 304.0
82, 123.0, 312.0
83, 394.0, 335.0
84, 442.0, 349.0
85, 658.0, 358.0
86, 177.0, 400.0
87, 199.0, 400.0
88, 565.0, 410.0
89, 139.0, 426.0
90, 261.0, 465.0
