0, 66.0, 15.0
1, 611.0, 30.0
2, 54.0, 39.0
3, 357.0, 40.0
4, 481.0, 42.0
5, 608.0, 43.0
6, 608.0, 48.0
7, 356.0, 51.0
8, 478.0, 62.0
9, 478.0, 67.0
10, 477.0, 72.0
11, 21.0, 74.0
12, 63.0, 75.0
13, 72.0, 76.0
14, 83.0, 76.0
15, 353.0, 76.0
16, 476.0, 79.0
17, 599.0, 80.0
18, 152.0, 82.0
19, 236.0, 88.0
20, 241.0, 88.0
21, 246.0, 88.0
22, 19.0, 89.0
23, 475.0, 89.0
24, 257.0, 91.0
25, 286.0, 91.0
26, 301.0, 92.0
27, 322.0, 93.0
28, 348.0, 93.0
29, 473.0, 103.0
30, 473.0, 108.0
31, 354.0, 109.0
32, 591.0, 111.0
33, 591.0, 116.0
34, 18.0, 117.0
35, 472.0, 120.0
36, 351.0, 127.0
37, 471.0, 131.0
38, 352.0, 132.0
39, 18.0, 140.0
40, 351.0, 140.0
41, 585.0, 141.0
42, 352.0, 145.0
43, 468.0, 150.0
44, 18.0, 151.0
45, 18.0, 156.0
46, 18.0, 161.0
47, 352.0, 161.0
48, 422.0, 164.0
49, 431.0, 165.0
50, 436.0, 165.0
51, 443.0, 165.0
52, 449.0, 166.0
53, 454.0, 166.0
54, 459.0, 166.0
55, 464.0, 166.0
56, 469.0, 166.0
57, 479.0, 166.0
58, 71.0, 167.0
59, 19.0, 169.0
60, 578.0, 174.0
61, 351.0, 176.0
62, 421.0, 176.0
63, 426.0, 176.0
64, 431.0, 176.0
65, 438.0, 176.0
66, 443.0, 176.0
67, 449.0, 176.0
68, 17.0, 177.0
69, 454.0, 177.0
70, 462.0, 177.0
71, 470.0, 177.0
72, 479.0, 177.0
73, 578.0, 179.0
74, 352.0, 181.0
75, 17.0, 182.0
76, 351.0, 186.0
77, 421.0, 186.0
78, 430.0, 186.0
79, 438.0, 186.0
80, 446.0, 186.0
81, 454.0, 186.0
82, 462.0, 186.0
83, 390.0, 187.0
84, 470.0, 187.0
85, 479.0, 187.0
86, 17.0, 188.0
87, 410.0, 190.0
88, 351.0, 191.0
89, 491.0, 191.0
90, 421.0, 195.0
91, 430.0, 195.0
92, 438.0, 196.0
93, 446.0, 196.0
94, 454.0, 196.0
95, 462.0, 196.0
96, 469.0, 196.0
97, 478.0, 197.0
98, 352.0, 200.0
99, 574.0, 202.0
100, 17.0, 203.0
101, 351.0, 205.0
102, 420.0, 205.0
103, 430.0, 205.0
104, 438.0, 205.0
105, 446.0, 205.0
106, 451.0, 206.0
107, 457.0, 206.0
108, 462.0, 206.0
109, 469.0, 206.0
110, 478.0, 206.0
111, 573.0, 207.0
112, 420.0, 215.0
113, 425.0, 215.0
114, 430.0, 215.0
115, 438.0, 215.0
116, 443.0, 215.0
117, 449.0, 215.0
118, 459.0, 215.0
119, 18.0, 216.0
120, 454.0, 216.0
121, 464.0, 216.0
122, 469.0, 216.0
123, 477.0, 216.0
124, 350.0, 219.0
125, 350.0, 224.0
126, 420.0, 225.0
127, 429.0, 225.0
128, 438.0, 225.0
129, 446.0, 225.0
130, 453.0, 225.0
131, 460.0, 225.0
132, 468.0, 225.0
133, 477.0, 225.0
134, 17.0, 229.0
135, 568.0, 233.0
136, 429.0, 234.0
137, 437.0, 234.0
138, 420.0, 235.0
139, 445.0, 235.0
140, 453.0, 235.0
141, 460.0, 235.0
142, 467.0, 235.0
143, 476.0, 235.0
144, 583.0, 236.0
145, 557.0, 238.0
146, 15.0, 239.0
147, 720.0, 240.0
148, 403.0, 241.0
149, 351.0, 242.0
150, 408.0, 242.0
151, 15.0, 244.0
152, 419.0, 245.0
153, 429.0, 245.0
154, 438.0, 245.0
155, 444.0, 245.0
156, 452.0, 245.0
157, 460.0, 245.0
158, 467.0, 245.0
159, 476.0, 246.0
160, 706.0, 247.0
161, 17.0, 249.0
162, 24.0, 250.0
163, 31.0, 251.0
164, 374.0, 252.0
165, 696.0, 252.0
166, 401.0, 253.0
167, 382.0, 254.0
168, 407.0, 254.0
169, 207.0, 257.0
170, 348.0, 257.0
171, 371.0, 257.0
172, 433.0, 257.0
173, 322.0, 259.0
174, 395.0, 261.0
175, 449.0, 263.0
176, 403.0, 264.0
177, 454.0, 264.0
178, 186.0, 265.0
179, 221.0, 266.0
180, 304.0, 266.0
181, 411.0, 266.0
182, 211.0, 267.0
183, 377.0, 267.0
184, 321.0, 268.0
185, 522.0, 269.0
186, 511.0, 270.0
187, 471.0, 272.0
188, 216.0, 273.0
189, 424.0, 273.0
190, 443.0, 273.0
191, 500.0, 273.0
192, 204.0, 274.0
193, 396.0, 274.0
194, 191.0, 275.0
195, 385.0, 276.0
196, 451.0, 276.0
197, 181.0, 277.0
198, 308.0, 277.0
199, 379.0, 279.0
200, 88.0, 280.0
201, 411.0, 280.0
202, 322.0, 281.0
203, 385.0, 281.0
204, 642.0, 281.0
205, 199.0, 282.0
206, 335.0, 282.0
207, 340.0, 282.0
208, 390.0, 282.0
209, 445.0, 282.0
210, 354.0, 283.0
211, 395.0, 283.0
212, 222.0, 284.0
213, 367.0, 284.0
214, 385.0, 286.0
215, 216.0, 287.0
216, 429.0, 287.0
217, 355.0, 288.0
218, 288.0, 289.0
219, 454.0, 289.0
220, 402.0, 290.0
221, 386.0, 291.0
222, 420.0, 291.0
223, 439.0, 291.0
224, 476.0, 291.0
225, 527.0, 291.0
226, 204.0, 292.0
227, 492.0, 292.0
228, 214.0, 293.0
229, 235.0, 294.0
230, 447.0, 295.0
231, 458.0, 295.0
232, 385.0, 296.0
233, 420.0, 296.0
234, 371.0, 298.0
235, 504.0, 298.0
236, 226.0, 299.0
237, 216.0, 300.0
238, 458.0, 300.0
239, 491.0, 300.0
240, 240.0, 301.0
241, 434.0, 302.0
242, 235.0, 303.0
243, 361.0, 303.0
244, 423.0, 303.0
245, 469.0, 303.0
246, 343.0, 304.0
247, 402.0, 304.0
248, 483.0, 305.0
249, 376.0, 306.0
250, 385.0, 306.0
251, 230.0, 307.0
252, 510.0, 308.0
253, 680.0, 308.0
254, 218.0, 309.0
255, 312.0, 309.0
256, 329.0, 309.0
257, 409.0, 311.0
258, 441.0, 311.0
259, 238.0, 312.0
260, 526.0, 312.0
261, 464.0, 313.0
262, 328.0, 314.0
263, 435.0, 314.0
264, 490.0, 314.0
265, 571.0, 314.0
266, 582.0, 314.0
267, 710.0, 314.0
268, 254.0, 315.0
269, 224.0, 316.0
270, 246.0, 316.0
271, 342.0, 316.0
272, 473.0, 316.0
273, 378.0, 317.0
274, 518.0, 317.0
275, 562.0, 317.0
276, 364.0, 318.0
277, 501.0, 318.0
278, 329.0, 319.0
279, 538.0, 319.0
280, 426.0, 320.0
281, 233.0, 321.0
282, 242.0, 321.0
283, 353.0, 321.0
284, 313.0, 322.0
285, 544.0, 322.0
286, 486.0, 323.0
287, 253.0, 324.0
288, 619.0, 324.0
289, 402.0, 325.0
290, 438.0, 325.0
291, 371.0, 326.0
292, 477.0, 326.0
293, 527.0, 326.0
294, 496.0, 327.0
295, 555.0, 327.0
296, 342.0, 328.0
297, 366.0, 328.0
298, 647.0, 328.0
299, 252.0, 329.0
300, 356.0, 330.0
301, 393.0, 331.0
302, 443.0, 331.0
303, 450.0, 331.0
304, 242.0, 332.0
305, 260.0, 333.0
306, 267.0, 334.0
307, 412.0, 335.0
308, 431.0, 335.0
309, 460.0, 335.0
310, 541.0, 335.0
311, 494.0, 336.0
312, 248.0, 338.0
313, 253.0, 338.0
314, 281.0, 340.0
315, 397.0, 341.0
316, 478.0, 341.0
317, 469.0, 345.0
318, 524.0, 345.0
319, 420.0, 346.0
320, 494.0, 346.0
321, 410.0, 347.0
322, 384.0, 348.0
323, 480.0, 348.0
324, 279.0, 350.0
325, 435.0, 350.0
326, 317.0, 353.0
327, 468.0, 353.0
328, 443.0, 354.0
329, 252.0, 355.0
330, 273.0, 356.0
331, 295.0, 356.0
332, 346.0, 356.0
333, 461.0, 356.0
334, 399.0, 357.0
335, 20.0, 358.0
336, 128.0, 358.0
337, 282.0, 358.0
338, 386.0, 359.0
339, 257.0, 360.0
340, 378.0, 360.0
341, 387.0, 364.0
342, 237.0, 365.0
343, 12.0, 366.0
344, 281.0, 366.0
345, 412.0, 366.0
346, 435.0, 366.0
347, 463.0, 366.0
348, 269.0, 367.0
349, 288.0, 367.0
350, 403.0, 367.0
351, 395.0, 369.0
352, 27.0, 370.0
353, 347.0, 371.0
354, 298.0, 372.0
355, 374.0, 372.0
356, 303.0, 373.0
357, 317.0, 374.0
358, 359.0, 374.0
359, 108.0, 375.0
360, 287.0, 375.0
361, 420.0, 378.0
362, 13.0, 379.0
363, 89.0, 379.0
364, 320.0, 379.0
365, 398.0, 381.0
366, 298.0, 383.0
367, 359.0, 384.0
368, 340.0, 385.0
369, 445.0, 386.0
370, 290.0, 387.0
371, 508.0, 387.0
372, 379.0, 393.0
373, 302.0, 394.0
374, 324.0, 395.0
375, 428.0, 395.0
376, 291.0, 398.0
377, 29.0, 399.0
378, 364.0, 401.0
379, 273.0, 404.0
380, 312.0, 406.0
381, 407.0, 406.0
382, 329.0, 408.0
383, 349.0, 408.0
384, 307.0, 409.0
385, 384.0, 409.0
386, 334.0, 413.0
387, 370.0, 413.0
388, 387.0, 414.0
389, 322.0, 417.0
390, 360.0, 417.0
391, 313.0, 421.0
392, 346.0, 421.0
393, 351.0, 426.0
394, 368.0, 426.0
395, 300.0, 428.0
396, 323.0, 430.0
397, 343.0, 430.0
398, 316.0, 435.0
399, 336.0, 435.0
400, 327.0, 436.0
401, 272.0, 438.0
402, 347.0, 438.0
403, 304.0, 440.0
404, 257.0, 443.0
405, 334.0, 444.0
406, 327.0, 447.0
407, 276.0, 449.0
408, 426.0, 450.0
409, 299.0, 451.0
410, 237.0, 452.0
411, 307.0, 457.0
412, 344.0, 458.0
413, 140.0, 467.0
