0, 83.0, 8.0
1, 343.0, 8.0
2, 523.0, 8.0
3, 88.0, 9.0
4, 242.0, 10.0
5, 676.0, 10.0
6, 513.0, 11.0
7, 69.0, 16.0
8, 650.0, 16.0
9, 400.0, 17.0
10, 261.0, 21.0
11, 626.0, 21.0
12, 252.0, 23.0
13, 674.0, 25.0
14, 261.0, 26.0
15, 399.0, 28.0
16, 604.0, 28.0
17, 663.0, 28.0
18, 597.0, 29.0
19, 398.0, 33.0
20, 585.0, 33.0
21, 661.0, 34.0
22, 397.0, 38.0
23, 675.0, 41.0
24, 558.0, 42.0
25, 89.0, 44.0
26, 663.0, 44.0
27, 539.0, 48.0
28, 648.0, 48.0
29, 686.0, 49.0
30, 508.0, 54.0
31, 500.0, 60.0
32, 569.0, 60.0
33, 349.0, 61.0
34, 495.0, 61.0
35, 68.0, 66.0
36, 476.0, 67.0
37, 595.0, 70.0
38, 525.0, 72.0
39, 269.0, 73.0
40, 684.0, 73.0
41, 447.0, 76.0
42, 333.0, 77.0
43, 61.0, 78.0
44, 270.0, 78.0
45, 275.0, 78.0
46, 650.0, 80.0
47, 429.0, 83.0
48, 77.0, 84.0
49, 92.0, 84.0
50, 470.0, 88.0
51, 100.0, 89.0
52, 329.0, 91.0
53, 592.0, 91.0
54, 685.0, 92.0
55, 495.0, 93.0
56, 329.0, 96.0
57, 347.0, 99.0
58, 361.0, 101.0
59, 198.0, 104.0
60, 361.0, 109.0
61, 741.0, 110.0
62, 673.0, 113.0
63, 361.0, 116.0
64, 373.0, 116.0
65, 349.0, 117.0
66, 523.0, 126.0
67, 349.0, 131.0
68, 361.0, 131.0
69, 688.0, 131.0
70, 373.0, 132.0
71, 657.0, 136.0
72, 373.0, 137.0
73, 584.0, 141.0
74, 611.0, 141.0
75, 361.0, 142.0
76, 349.0, 143.0
77, 373.0, 144.0
78, 275.0, 153.0
79, 280.0, 153.0
80, 266.0, 158.0
81, 323.0, 159.0
82, 349.0, 160.0
83, 374.0, 161.0
84, 446.0, 161.0
85, 620.0, 161.0
86, 494.0, 162.0
87, 362.0, 164.0
88, 609.0, 165.0
89, 201.0, 166.0
90, 521.0, 168.0
91, 581.0, 168.0
92, 361.0, 169.0
93, 679.0, 169.0
94, 654.0, 170.0
95, 202.0, 171.0
96, 295.0, 171.0
97, 280.0, 172.0
98, 202.0, 176.0
99, 588.0, 176.0
100, 281.0, 179.0
101, 590.0, 181.0
102, 281.0, 184.0
103, 324.0, 184.0
104, 520.0, 185.0
105, 267.0, 187.0
106, 466.0, 188.0
107, 324.0, 189.0
108, 583.0, 190.0
109, 281.0, 191.0
110, 297.0, 192.0
111, 655.0, 192.0
112, 268.0, 195.0
113, 606.0, 195.0
114, 281.0, 196.0
115, 268.0, 200.0
116, 324.0, 200.0
117, 281.0, 203.0
118, 298.0, 207.0
119, 281.0, 208.0
120, 310.0, 209.0
121, 269.0, 215.0
122, 205.0, 217.0
123, 364.0, 221.0
124, 205.0, 222.0
125, 324.0, 222.0
126, 679.0, 222.0
127, 544.0, 223.0
128, 445.0, 224.0
129, 501.0, 224.0
130, 743.0, 224.0
131, 276.0, 225.0
132, 563.0, 227.0
133, 486.0, 228.0
134, 205.0, 230.0
135, 495.0, 231.0
136, 270.0, 235.0
137, 207.0, 237.0
138, 468.0, 240.0
139, 618.0, 242.0
140, 638.0, 243.0
141, 688.0, 247.0
142, 653.0, 248.0
143, 571.0, 252.0
144, 468.0, 254.0
145, 469.0, 259.0
146, 587.0, 260.0
147, 613.0, 262.0
148, 696.0, 262.0
149, 674.0, 266.0
150, 585.0, 281.0
151, 275.0, 286.0
152, 641.0, 288.0
153, 267.0, 289.0
154, 249.0, 294.0
155, 230.0, 297.0
156, 683.0, 299.0
157, 213.0, 300.0
158, 446.0, 304.0
159, 673.0, 307.0
160, 604.0, 330.0
161, 366.0, 331.0
162, 623.0, 336.0
163, 393.0, 338.0
164, 549.0, 349.0
165, 271.0, 351.0
166, 428.0, 351.0
167, 464.0, 355.0
168, 447.0, 356.0
169, 277.0, 357.0
170, 282.0, 358.0
171, 473.0, 358.0
172, 520.0, 360.0
173, 603.0, 360.0
174, 216.0, 366.0
175, 502.0, 366.0
176, 217.0, 371.0
177, 658.0, 373.0
178, 576.0, 375.0
179, 217.0, 376.0
180, 622.0, 376.0
181, 534.0, 377.0
182, 561.0, 383.0
183, 417.0, 384.0
184, 373.0, 385.0
185, 453.0, 385.0
186, 623.0, 385.0
187, 277.0, 387.0
188, 576.0, 387.0
189, 394.0, 393.0
190, 408.0, 393.0
191, 456.0, 393.0
192, 442.0, 399.0
193, 374.0, 401.0
194, 408.0, 404.0
195, 356.0, 405.0
196, 296.0, 407.0
197, 620.0, 407.0
198, 340.0, 410.0
199, 364.0, 410.0
200, 394.0, 411.0
201, 297.0, 412.0
202, 327.0, 412.0
203, 375.0, 414.0
204, 443.0, 417.0
205, 318.0, 418.0
206, 365.0, 418.0
207, 458.0, 418.0
208, 438.0, 419.0
209, 478.0, 419.0
210, 288.0, 420.0
211, 304.0, 420.0
212, 356.0, 420.0
213, 397.0, 423.0
214, 473.0, 423.0
215, 348.0, 427.0
216, 338.0, 428.0
217, 474.0, 428.0
218, 223.0, 429.0
219, 318.0, 430.0
220, 338.0, 433.0
221, 223.0, 434.0
222, 250.0, 434.0
223, 440.0, 434.0
224, 455.0, 434.0
225, 497.0, 434.0
226, 299.0, 435.0
227, 730.0, 435.0
228, 378.0, 437.0
229, 223.0, 440.0
230, 393.0, 440.0
231, 509.0, 440.0
232, 731.0, 440.0
233, 378.0, 442.0
234, 249.0, 443.0
235, 297.0, 444.0
236, 326.0, 448.0
237, 190.0, 449.0
238, 294.0, 449.0
239, 430.0, 449.0
240, 225.0, 450.0
241, 563.0, 450.0
242, 442.0, 452.0
243, 188.0, 454.0
244, 542.0, 454.0
245, 566.0, 455.0
246, 734.0, 456.0
247, 418.0, 459.0
248, 567.0, 460.0
249, 391.0, 461.0
250, 498.0, 462.0
251, 247.0, 463.0
252, 336.0, 464.0
253, 373.0, 465.0
254, 401.0, 469.0
255, 312.0, 470.0
256, 337.0, 471.0
257, 457.0, 471.0
