0, 485.0, 16.0
1, 577.0, 20.0
2, 285.0, 29.0
3, 500.0, 30.0
4, 469.0, 33.0
5, 500.0, 35.0
6, 455.0, 36.0
7, 621.0, 36.0
8, 664.0, 38.0
9, 730.0, 38.0
10, 644.0, 39.0
11, 456.0, 41.0
12, 500.0, 41.0
13, 437.0, 45.0
14, 484.0, 46.0
15, 500.0, 46.0
16, 663.0, 47.0
17, 455.0, 48.0
18, 312.0, 49.0
19, 313.0, 54.0
20, 646.0, 55.0
21, 636.0, 58.0
22, 23.0, 60.0
23, 215.0, 61.0
24, 636.0, 63.0
25, 70.0, 64.0
26, 593.0, 64.0
27, 619.0, 64.0
28, 658.0, 65.0
29, 635.0, 68.0
30, 592.0, 69.0
31, 410.0, 73.0
32, 499.0, 74.0
33, 156.0, 77.0
34, 635.0, 79.0
35, 622.0, 84.0
36, 463.0, 85.0
37, 379.0, 87.0
38, 78.0, 89.0
39, 622.0, 89.0
40, 464.0, 90.0
41, 289.0, 93.0
42, 602.0, 93.0
43, 634.0, 94.0
44, 379.0, 95.0
45, 256.0, 97.0
46, 449.0, 97.0
47, 640.0, 97.0
48, 336.0, 98.0
49, 438.0, 98.0
50, 409.0, 99.0
51, 471.0, 99.0
52, 482.0, 99.0
53, 380.0, 101.0
54, 653.0, 101.0
55, 603.0, 102.0
56, 639.0, 102.0
57, 499.0, 103.0
58, 318.0, 104.0
59, 428.0, 104.0
60, 438.0, 104.0
61, 477.0, 104.0
62, 482.0, 104.0
63, 242.0, 105.0
64, 433.0, 105.0
65, 327.0, 107.0
66, 589.0, 108.0
67, 484.0, 109.0
68, 637.0, 109.0
69, 368.0, 110.0
70, 618.0, 110.0
71, 631.0, 110.0
72, 675.0, 110.0
73, 427.0, 111.0
74, 581.0, 111.0
75, 443.0, 112.0
76, 476.0, 112.0
77, 503.0, 113.0
78, 651.0, 114.0
79, 667.0, 114.0
80, 582.0, 116.0
81, 601.0, 117.0
82, 667.0, 119.0
83, 672.0, 119.0
84, 662.0, 120.0
85, 101.0, 121.0
86, 475.0, 121.0
87, 582.0, 124.0
88, 615.0, 124.0
89, 600.0, 125.0
90, 630.0, 125.0
91, 645.0, 125.0
92, 241.0, 126.0
93, 326.0, 126.0
94, 663.0, 128.0
95, 539.0, 134.0
96, 645.0, 136.0
97, 532.0, 139.0
98, 537.0, 139.0
99, 522.0, 141.0
100, 502.0, 142.0
101, 680.0, 143.0
102, 510.0, 144.0
103, 655.0, 144.0
104, 578.0, 145.0
105, 423.0, 146.0
106, 670.0, 146.0
107, 163.0, 148.0
108, 178.0, 152.0
109, 300.0, 152.0
110, 163.0, 153.0
111, 500.0, 154.0
112, 237.0, 156.0
113, 97.0, 158.0
114, 511.0, 158.0
115, 668.0, 160.0
116, 702.0, 162.0
117, 499.0, 164.0
118, 733.0, 165.0
119, 182.0, 168.0
120, 666.0, 169.0
121, 651.0, 173.0
122, 21.0, 174.0
123, 637.0, 176.0
124, 733.0, 176.0
125, 743.0, 178.0
126, 573.0, 189.0
127, 285.0, 190.0
128, 620.0, 194.0
129, 638.0, 195.0
130, 633.0, 197.0
131, 645.0, 198.0
132, 318.0, 202.0
133, 96.0, 208.0
134, 539.0, 208.0
135, 737.0, 212.0
136, 295.0, 213.0
137, 551.0, 217.0
138, 521.0, 218.0
139, 230.0, 220.0
140, 220.0, 222.0
141, 495.0, 222.0
142, 286.0, 223.0
143, 538.0, 223.0
144, 230.0, 225.0
145, 494.0, 227.0
146, 565.0, 228.0
147, 269.0, 229.0
148, 523.0, 229.0
149, 207.0, 230.0
150, 551.0, 230.0
151, 195.0, 231.0
152, 287.0, 232.0
153, 493.0, 232.0
154, 518.0, 232.0
155, 277.0, 233.0
156, 282.0, 233.0
157, 538.0, 233.0
158, 260.0, 235.0
159, 271.0, 236.0
160, 299.0, 236.0
161, 492.0, 237.0
162, 702.0, 237.0
163, 575.0, 240.0
164, 245.0, 241.0
165, 515.0, 241.0
166, 559.0, 241.0
167, 232.0, 248.0
168, 498.0, 250.0
169, 573.0, 253.0
170, 590.0, 253.0
171, 144.0, 255.0
172, 470.0, 255.0
173, 189.0, 258.0
174, 79.0, 261.0
175, 201.0, 261.0
176, 461.0, 261.0
177, 689.0, 261.0
178, 469.0, 262.0
179, 708.0, 264.0
180, 498.0, 265.0
181, 588.0, 267.0
182, 605.0, 267.0
183, 18.0, 270.0
184, 149.0, 275.0
185, 524.0, 275.0
186, 685.0, 276.0
187, 705.0, 278.0
188, 500.0, 279.0
189, 593.0, 280.0
190, 603.0, 281.0
191, 226.0, 285.0
192, 627.0, 286.0
193, 553.0, 287.0
194, 618.0, 287.0
195, 526.0, 289.0
196, 587.0, 289.0
197, 63.0, 290.0
198, 686.0, 290.0
199, 248.0, 291.0
200, 624.0, 291.0
201, 677.0, 291.0
202, 553.0, 292.0
203, 698.0, 294.0
204, 246.0, 296.0
205, 553.0, 297.0
206, 343.0, 300.0
207, 575.0, 300.0
208, 610.0, 300.0
209, 621.0, 300.0
210, 631.0, 300.0
211, 553.0, 302.0
212, 244.0, 304.0
213, 422.0, 304.0
214, 380.0, 305.0
215, 679.0, 305.0
216, 427.0, 306.0
217, 635.0, 307.0
218, 646.0, 307.0
219, 316.0, 308.0
220, 285.0, 309.0
221, 331.0, 309.0
222, 421.0, 309.0
223, 668.0, 309.0
224, 689.0, 309.0
225, 568.0, 312.0
226, 392.0, 313.0
227, 600.0, 313.0
228, 618.0, 313.0
229, 225.0, 314.0
230, 314.0, 317.0
231, 377.0, 317.0
232, 569.0, 317.0
233, 583.0, 317.0
234, 682.0, 317.0
235, 216.0, 319.0
236, 302.0, 320.0
237, 270.0, 321.0
238, 339.0, 321.0
239, 638.0, 322.0
240, 288.0, 323.0
241, 326.0, 323.0
242, 569.0, 323.0
243, 649.0, 323.0
244, 604.0, 324.0
245, 741.0, 324.0
246, 390.0, 325.0
247, 671.0, 325.0
248, 240.0, 327.0
249, 699.0, 327.0
250, 621.0, 328.0
251, 684.0, 329.0
252, 183.0, 330.0
253, 581.0, 331.0
254, 204.0, 332.0
255, 313.0, 332.0
256, 340.0, 332.0
257, 196.0, 333.0
258, 284.0, 333.0
259, 52.0, 334.0
260, 507.0, 334.0
261, 543.0, 334.0
262, 249.0, 335.0
263, 352.0, 335.0
264, 374.0, 335.0
265, 406.0, 335.0
266, 439.0, 335.0
267, 472.0, 335.0
268, 595.0, 335.0
269, 47.0, 336.0
270, 121.0, 336.0
271, 327.0, 336.0
272, 236.0, 337.0
273, 472.0, 340.0
274, 118.0, 341.0
275, 680.0, 341.0
276, 703.0, 341.0
277, 296.0, 342.0
278, 508.0, 342.0
279, 103.0, 343.0
280, 202.0, 343.0
281, 405.0, 343.0
282, 439.0, 343.0
283, 544.0, 343.0
284, 269.0, 344.0
285, 283.0, 344.0
286, 472.0, 345.0
287, 212.0, 346.0
288, 262.0, 346.0
289, 373.0, 346.0
290, 649.0, 346.0
291, 714.0, 346.0
292, 250.0, 347.0
293, 624.0, 347.0
294, 669.0, 347.0
295, 26.0, 348.0
296, 584.0, 349.0
297, 21.0, 350.0
298, 201.0, 350.0
299, 238.0, 350.0
300, 440.0, 350.0
301, 473.0, 350.0
302, 509.0, 350.0
303, 373.0, 351.0
304, 405.0, 351.0
305, 545.0, 351.0
306, 565.0, 351.0
307, 127.0, 352.0
308, 166.0, 352.0
309, 225.0, 352.0
310, 681.0, 352.0
311, 161.0, 354.0
312, 552.0, 354.0
313, 651.0, 356.0
314, 716.0, 358.0
315, 312.0, 360.0
316, 682.0, 360.0
317, 687.0, 361.0
318, 651.0, 363.0
319, 718.0, 363.0
320, 197.0, 364.0
321, 311.0, 365.0
322, 110.0, 366.0
323, 662.0, 367.0
324, 688.0, 367.0
325, 92.0, 368.0
326, 288.0, 368.0
327, 567.0, 368.0
328, 180.0, 369.0
329, 554.0, 370.0
330, 162.0, 371.0
331, 217.0, 372.0
332, 634.0, 372.0
333, 691.0, 372.0
334, 78.0, 373.0
335, 735.0, 373.0
336, 195.0, 377.0
337, 693.0, 377.0
338, 295.0, 378.0
339, 698.0, 379.0
340, 74.0, 383.0
341, 621.0, 385.0
342, 378.0, 388.0
343, 101.0, 389.0
344, 351.0, 389.0
345, 605.0, 389.0
346, 305.0, 390.0
347, 328.0, 391.0
348, 341.0, 391.0
349, 356.0, 391.0
350, 734.0, 391.0
351, 643.0, 392.0
352, 311.0, 393.0
353, 597.0, 393.0
354, 602.0, 394.0
355, 283.0, 395.0
356, 735.0, 396.0
357, 316.0, 397.0
358, 711.0, 397.0
359, 718.0, 398.0
360, 603.0, 399.0
361, 259.0, 400.0
362, 377.0, 401.0
363, 621.0, 401.0
364, 736.0, 403.0
365, 604.0, 404.0
366, 631.0, 404.0
367, 356.0, 406.0
368, 720.0, 407.0
369, 70.0, 409.0
370, 290.0, 409.0
371, 467.0, 409.0
372, 477.0, 410.0
373, 278.0, 411.0
374, 316.0, 411.0
375, 339.0, 411.0
376, 603.0, 411.0
377, 613.0, 411.0
378, 108.0, 414.0
379, 327.0, 414.0
380, 466.0, 414.0
381, 348.0, 416.0
382, 718.0, 416.0
383, 723.0, 416.0
384, 306.0, 417.0
385, 623.0, 417.0
386, 486.0, 418.0
387, 437.0, 419.0
388, 463.0, 419.0
389, 478.0, 420.0
390, 635.0, 422.0
391, 142.0, 425.0
392, 375.0, 425.0
393, 299.0, 428.0
394, 31.0, 429.0
395, 278.0, 430.0
396, 325.0, 430.0
397, 376.0, 430.0
398, 176.0, 431.0
399, 289.0, 431.0
400, 23.0, 432.0
401, 105.0, 434.0
402, 606.0, 434.0
403, 354.0, 435.0
404, 487.0, 435.0
405, 633.0, 435.0
406, 175.0, 436.0
407, 263.0, 436.0
408, 639.0, 436.0
409, 245.0, 437.0
410, 464.0, 437.0
411, 647.0, 437.0
412, 103.0, 440.0
413, 743.0, 440.0
414, 17.0, 441.0
415, 172.0, 441.0
416, 639.0, 441.0
417, 243.0, 443.0
418, 442.0, 444.0
419, 472.0, 444.0
420, 482.0, 444.0
421, 644.0, 445.0
422, 365.0, 446.0
423, 649.0, 446.0
424, 613.0, 457.0
425, 353.0, 458.0
426, 650.0, 458.0
427, 446.0, 460.0
428, 184.0, 462.0
429, 380.0, 464.0
430, 247.0, 466.0
431, 367.0, 466.0
432, 423.0, 466.0
433, 436.0, 466.0
434, 337.0, 468.0
435, 466.0, 469.0
436, 58.0, 471.0
437, 99.0, 471.0
438, 367.0, 471.0
439, 424.0, 471.0
