0, 454.0, 33.0
1, 440.0, 36.0
2, 21.0, 38.0
3, 421.0, 39.0
4, 44.0, 40.0
5, 367.0, 42.0
6, 376.0, 42.0
7, 430.0, 42.0
8, 392.0, 43.0
9, 362.0, 44.0
10, 410.0, 44.0
11, 303.0, 45.0
12, 308.0, 45.0
13, 315.0, 46.0
14, 328.0, 46.0
15, 85.0, 47.0
16, 341.0, 47.0
17, 405.0, 47.0
18, 357.0, 48.0
19, 336.0, 49.0
20, 405.0, 57.0
21, 48.0, 60.0
22, 42.0, 68.0
23, 70.0, 71.0
24, 21.0, 73.0
25, 35.0, 75.0
26, 56.0, 75.0
27, 403.0, 76.0
28, 113.0, 77.0
29, 357.0, 77.0
30, 88.0, 78.0
31, 427.0, 78.0
32, 365.0, 79.0
33, 390.0, 79.0
34, 438.0, 79.0
35, 329.0, 80.0
36, 334.0, 80.0
37, 374.0, 80.0
38, 433.0, 80.0
39, 416.0, 81.0
40, 445.0, 81.0
41, 450.0, 83.0
42, 303.0, 84.0
43, 311.0, 84.0
44, 298.0, 85.0
45, 435.0, 92.0
46, 97.0, 105.0
47, 371.0, 106.0
48, 432.0, 106.0
49, 456.0, 106.0
50, 371.0, 111.0
51, 371.0, 116.0
52, 141.0, 123.0
53, 146.0, 124.0
54, 429.0, 125.0
55, 207.0, 127.0
56, 238.0, 128.0
57, 243.0, 128.0
58, 228.0, 130.0
59, 263.0, 130.0
60, 295.0, 132.0
61, 287.0, 134.0
62, 427.0, 140.0
63, 48.0, 144.0
64, 49.0, 149.0
65, 424.0, 158.0
66, 442.0, 159.0
67, 455.0, 159.0
68, 228.0, 160.0
69, 119.0, 164.0
70, 459.0, 164.0
71, 478.0, 169.0
72, 228.0, 172.0
73, 121.0, 175.0
74, 247.0, 175.0
75, 55.0, 177.0
76, 211.0, 182.0
77, 600.0, 183.0
78, 605.0, 183.0
79, 421.0, 184.0
80, 107.0, 187.0
81, 585.0, 188.0
82, 151.0, 189.0
83, 22.0, 190.0
84, 229.0, 193.0
85, 353.0, 194.0
86, 122.0, 195.0
87, 230.0, 199.0
88, 55.0, 200.0
89, 248.0, 204.0
90, 119.0, 205.0
91, 133.0, 206.0
92, 50.0, 210.0
93, 55.0, 210.0
94, 8.0, 212.0
95, 229.0, 212.0
96, 440.0, 214.0
97, 230.0, 217.0
98, 133.0, 220.0
99, 120.0, 221.0
100, 580.0, 224.0
101, 352.0, 226.0
102, 362.0, 228.0
103, 231.0, 229.0
104, 362.0, 233.0
105, 156.0, 235.0
106, 248.0, 237.0
107, 156.0, 240.0
108, 233.0, 242.0
109, 147.0, 245.0
110, 138.0, 247.0
111, 286.0, 248.0
112, 117.0, 249.0
113, 157.0, 250.0
114, 275.0, 255.0
115, 60.0, 258.0
116, 33.0, 262.0
117, 158.0, 262.0
118, 14.0, 264.0
119, 298.0, 264.0
120, 269.0, 268.0
121, 568.0, 274.0
122, 266.0, 277.0
123, 349.0, 280.0
124, 240.0, 284.0
125, 430.0, 284.0
126, 160.0, 289.0
127, 264.0, 289.0
128, 345.0, 290.0
129, 146.0, 292.0
130, 262.0, 294.0
131, 352.0, 295.0
132, 430.0, 298.0
133, 261.0, 299.0
134, 359.0, 299.0
135, 261.0, 304.0
136, 409.0, 304.0
137, 161.0, 307.0
138, 149.0, 309.0
139, 241.0, 311.0
140, 282.0, 311.0
141, 379.0, 311.0
142, 409.0, 314.0
143, 162.0, 317.0
144, 426.0, 318.0
145, 164.0, 322.0
146, 426.0, 323.0
147, 150.0, 324.0
148, 252.0, 328.0
149, 413.0, 330.0
150, 418.0, 331.0
151, 168.0, 335.0
152, 250.0, 335.0
153, 163.0, 336.0
154, 158.0, 337.0
155, 424.0, 340.0
156, 248.0, 341.0
157, 154.0, 344.0
158, 252.0, 346.0
159, 418.0, 353.0
160, 548.0, 354.0
161, 547.0, 360.0
162, 415.0, 363.0
163, 414.0, 368.0
164, 416.0, 373.0
165, 543.0, 376.0
166, 301.0, 392.0
167, 538.0, 393.0
168, 289.0, 397.0
169, 297.0, 397.0
170, 304.0, 397.0
171, 538.0, 398.0
172, 30.0, 400.0
173, 282.0, 405.0
174, 541.0, 405.0
175, 187.0, 408.0
176, 532.0, 409.0
177, 284.0, 410.0
178, 305.0, 410.0
179, 164.0, 414.0
180, 283.0, 415.0
181, 192.0, 416.0
182, 295.0, 416.0
183, 469.0, 417.0
184, 178.0, 420.0
185, 138.0, 421.0
186, 530.0, 421.0
187, 480.0, 423.0
188, 126.0, 425.0
189, 276.0, 425.0
190, 187.0, 426.0
191, 291.0, 427.0
192, 467.0, 428.0
193, 488.0, 428.0
194, 113.0, 429.0
195, 147.0, 429.0
196, 118.0, 433.0
197, 476.0, 433.0
198, 496.0, 433.0
199, 272.0, 436.0
200, 464.0, 436.0
201, 501.0, 436.0
202, 123.0, 437.0
203, 484.0, 438.0
204, 287.0, 439.0
205, 506.0, 440.0
206, 473.0, 442.0
207, 102.0, 443.0
208, 493.0, 444.0
209, 512.0, 444.0
210, 462.0, 446.0
211, 195.0, 448.0
212, 283.0, 448.0
213, 395.0, 448.0
214, 482.0, 448.0
215, 86.0, 449.0
216, 363.0, 449.0
217, 520.0, 449.0
218, 43.0, 450.0
219, 344.0, 450.0
220, 502.0, 450.0
221, 264.0, 451.0
222, 472.0, 452.0
223, 349.0, 453.0
224, 273.0, 454.0
225, 491.0, 454.0
226, 459.0, 455.0
227, 42.0, 456.0
228, 60.0, 456.0
229, 334.0, 456.0
230, 510.0, 456.0
231, 480.0, 457.0
232, 535.0, 458.0
233, 312.0, 459.0
234, 376.0, 459.0
235, 498.0, 459.0
236, 40.0, 461.0
237, 469.0, 461.0
238, 519.0, 461.0
239, 480.0, 462.0
240, 278.0, 463.0
241, 488.0, 463.0
242, 457.0, 464.0
243, 507.0, 465.0
244, 477.0, 467.0
245, 496.0, 469.0
246, 531.0, 469.0
247, 467.0, 470.0
248, 255.0, 471.0
249, 401.0, 471.0
250, 456.0, 471.0
251, 485.0, 471.0
252, 517.0, 471.0
