0, 639.0, 190.0
1, 659.0, 214.0
2, 616.0, 199.0
3, 640.0, 258.0
4, 459.0, 422.0
5, 645.0, 224.0
6, 605.0, 199.0
7, 211.0, 319.0
8, 648.0, 202.0
9, 628.0, 189.0
10, 637.0, 201.0
11, 602.0, 221.0
12, 634.0, 223.0
13, 617.0, 188.0
14, 650.0, 190.0
15, 592.0, 219.0
16, 598.0, 253.0
17, 589.0, 241.0
18, 221.0, 325.0
19, 638.0, 270.0
20, 596.0, 265.0
21, 524.0, 320.0
22, 125.0, 374.0
23, 647.0, 213.0
24, 133.0, 381.0
25, 642.0, 247.0
26, 665.0, 377.0
27, 447.0, 269.0
28, 619.0, 255.0
29, 554.0, 308.0
30, 586.0, 173.0
31, 511.0, 330.0
32, 340.0, 253.0
33, 631.0, 246.0
34, 284.0, 337.0
35, 611.0, 232.0
36, 613.0, 222.0
37, 608.0, 255.0
38, 640.0, 178.0
39, 385.0, 303.0
40, 530.0, 267.0
41, 494.0, 448.0
42, 580.0, 218.0
43, 224.0, 310.0
44, 658.0, 392.0
45, 629.0, 257.0
46, 545.0, 276.0
47, 652.0, 259.0
48, 595.0, 198.0
49, 390.0, 312.0
50, 500.0, 438.0
51, 415.0, 360.0
52, 607.0, 188.0
53, 483.0, 386.0
54, 596.0, 187.0
55, 654.0, 365.0
56, 536.0, 297.0
57, 508.0, 430.0
58, 454.0, 438.0
59, 651.0, 178.0
60, 624.0, 223.0
61, 539.0, 376.0
62, 558.0, 466.0
63, 628.0, 269.0
64, 188.0, 306.0
65, 587.0, 264.0
66, 513.0, 296.0
67, 607.0, 347.0
68, 229.0, 320.0
69, 123.0, 361.0
70, 654.0, 248.0
71, 604.0, 210.0
72, 689.0, 362.0
73, 440.0, 333.0
74, 140.0, 353.0
75, 83.0, 383.0
76, 396.0, 329.0
77, 444.0, 381.0
78, 666.0, 365.0
79, 601.0, 231.0
80, 551.0, 269.0
81, 619.0, 176.0
82, 625.0, 212.0
83, 657.0, 226.0
84, 682.0, 373.0
85, 626.0, 200.0
86, 662.0, 191.0
87, 445.0, 339.0
88, 366.0, 288.0
89, 94.0, 378.0
90, 514.0, 416.0
91, 635.0, 212.0
92, 405.0, 351.0
93, 539.0, 286.0
94, 632.0, 235.0
95, 665.0, 178.0
96, 588.0, 252.0
97, 234.0, 87.0
98, 390.0, 321.0
99, 511.0, 276.0
100, 613.0, 358.0
101, 620.0, 245.0
102, 607.0, 267.0
103, 583.0, 197.0
104, 32.0, 411.0
105, 656.0, 236.0
106, 160.0, 109.0
107, 559.0, 270.0
108, 586.0, 382.0
109, 593.0, 208.0
110, 92.0, 389.0
111, 543.0, 388.0
112, 508.0, 387.0
113, 528.0, 292.0
114, 520.0, 430.0
115, 622.0, 233.0
116, 89.0, 365.0
117, 120.0, 285.0
118, 617.0, 268.0
119, 580.0, 326.0
120, 520.0, 312.0
121, 674.0, 355.0
122, 564.0, 380.0
123, 608.0, 175.0
124, 150.0, 352.0
125, 630.0, 177.0
126, 355.0, 279.0
127, 182.0, 331.0
128, 574.0, 310.0
129, 476.0, 295.0
130, 413.0, 329.0
131, 725.0, 422.0
132, 609.0, 244.0
133, 399.0, 343.0
134, 735.0, 436.0
135, 427.0, 353.0
136, 591.0, 277.0
137, 433.0, 371.0
138, 585.0, 186.0
139, 686.0, 309.0
140, 121.0, 390.0
141, 562.0, 451.0
142, 582.0, 207.0
143, 643.0, 236.0
144, 555.0, 439.0
145, 357.0, 248.0
146, 614.0, 210.0
147, 381.0, 285.0
148, 520.0, 266.0
149, 599.0, 242.0
150, 623.0, 448.0
151, 528.0, 413.0
152, 645.0, 335.0
153, 424.0, 335.0
154, 475.0, 311.0
155, 499.0, 292.0
156, 483.0, 442.0
157, 399.0, 321.0
158, 440.0, 354.0
159, 477.0, 466.0
160, 374.0, 304.0
161, 661.0, 203.0
162, 591.0, 231.0
163, 648.0, 407.0
164, 574.0, 263.0
165, 598.0, 175.0
166, 161.0, 121.0
167, 578.0, 364.0
168, 577.0, 240.0
169, 149.0, 337.0
170, 462.0, 358.0
171, 101.0, 359.0
172, 49.0, 417.0
173, 59.0, 402.0
174, 47.0, 406.0
175, 100.0, 373.0
176, 504.0, 310.0
177, 544.0, 351.0
178, 231.0, 99.0
179, 620.0, 403.0
180, 498.0, 419.0
181, 401.0, 308.0
182, 526.0, 332.0
183, 449.0, 392.0
184, 646.0, 374.0
185, 523.0, 278.0
186, 451.0, 280.0
187, 577.0, 251.0
188, 589.0, 354.0
189, 370.0, 258.0
190, 677.0, 449.0
191, 469.0, 434.0
192, 546.0, 295.0
193, 554.0, 280.0
194, 207.0, 303.0
195, 521.0, 461.0
196, 570.0, 391.0
197, 497.0, 250.0
198, 525.0, 375.0
199, 503.0, 458.0
200, 679.0, 395.0
201, 726.0, 374.0
202, 195.0, 310.0
203, 554.0, 322.0
204, 159.0, 348.0
205, 457.0, 325.0
206, 66.0, 389.0
207, 475.0, 412.0
208, 682.0, 345.0
209, 431.0, 342.0
210, 529.0, 286.0
211, 479.0, 281.0
212, 492.0, 266.0
213, 603.0, 371.0
214, 434.0, 363.0
215, 530.0, 464.0
216, 696.0, 469.0
217, 481.0, 419.0
218, 472.0, 399.0
219, 503.0, 372.0
220, 651.0, 162.0
221, 657.0, 401.0
222, 579.0, 230.0
223, 154.0, 61.0
224, 536.0, 433.0
225, 608.0, 298.0
226, 697.0, 346.0
227, 251.0, 31.0
228, 74.0, 396.0
229, 394.0, 91.0
230, 589.0, 319.0
231, 644.0, 301.0
232, 229.0, 120.0
233, 583.0, 341.0
234, 465.0, 382.0
235, 32.0, 211.0
236, 575.0, 318.0
237, 487.0, 324.0
238, 168.0, 344.0
239, 493.0, 431.0
240, 657.0, 465.0
241, 488.0, 315.0
242, 712.0, 362.0
243, 265.0, 87.0
244, 720.0, 309.0
245, 523.0, 446.0
246, 651.0, 272.0
247, 223.0, 188.0
248, 595.0, 328.0
249, 146.0, 347.0
250, 121.0, 45.0
251, 580.0, 468.0
252, 537.0, 329.0
253, 521.0, 53.0
254, 197.0, 319.0
255, 667.0, 96.0
256, 108.0, 379.0
257, 465.0, 292.0
258, 466.0, 263.0
259, 657.0, 133.0
260, 508.0, 69.0
261, 159.0, 337.0
262, 196.0, 302.0
263, 630.0, 385.0
264, 568.0, 360.0
265, 714.0, 391.0
266, 447.0, 450.0
267, 124.0, 255.0
268, 164.0, 178.0
269, 144.0, 115.0
270, 119.0, 239.0
271, 432.0, 289.0
272, 478.0, 356.0
273, 510.0, 123.0
274, 487.0, 349.0
275, 455.0, 311.0
276, 335.0, 263.0
277, 491.0, 439.0
278, 42.0, 208.0
279, 157.0, 88.0
280, 526.0, 35.0
281, 68.0, 398.0
282, 419.0, 350.0
283, 709.0, 369.0
284, 499.0, 210.0
285, 556.0, 256.0
286, 517.0, 407.0
287, 503.0, 194.0
288, 473.0, 322.0
289, 82.0, 401.0
290, 599.0, 395.0
291, 469.0, 280.0
292, 221.0, 210.0
293, 424.0, 317.0
294, 111.0, 363.0
295, 487.0, 286.0
296, 528.0, 386.0
297, 670.0, 83.0
298, 742.0, 340.0
299, 618.0, 289.0
300, 127.0, 66.0
301, 486.0, 402.0
302, 52.0, 266.0
303, 621.0, 329.0
304, 622.0, 318.0
305, 379.0, 310.0
306, 405.0, 325.0
307, 314.0, 89.0
308, 136.0, 93.0
309, 132.0, 362.0
310, 39.0, 419.0
311, 611.0, 321.0
312, 673.0, 341.0
313, 471.0, 458.0
314, 394.0, 69.0
315, 427.0, 361.0
316, 271.0, 336.0
317, 485.0, 449.0
318, 507.0, 341.0
319, 535.0, 307.0
320, 228.0, 139.0
321, 8.0, 438.0
322, 299.0, 327.0
323, 19.0, 181.0
324, 360.0, 258.0
325, 342.0, 262.0
326, 611.0, 384.0
327, 541.0, 305.0
328, 521.0, 387.0
329, 504.0, 183.0
330, 444.0, 371.0
331, 185.0, 217.0
332, 161.0, 164.0
333, 423.0, 396.0
334, 519.0, 356.0
335, 253.0, 53.0
336, 173.0, 206.0
337, 653.0, 148.0
338, 728.0, 362.0
339, 733.0, 380.0
340, 67.0, 250.0
341, 626.0, 308.0
342, 219.0, 225.0
343, 449.0, 373.0
344, 30.0, 178.0
345, 460.0, 408.0
346, 155.0, 214.0
347, 131.0, 81.0
348, 506.0, 164.0
349, 18.0, 427.0
350, 442.0, 96.0
351, 679.0, 208.0
352, 626.0, 324.0
353, 617.0, 303.0
354, 155.0, 75.0
355, 462.0, 283.0
356, 8.0, 469.0
357, 283.0, 19.0
358, 279.0, 86.0
359, 551.0, 423.0
360, 612.0, 471.0
361, 115.0, 18.0
362, 415.0, 96.0
363, 662.0, 112.0
364, 601.0, 446.0
365, 49.0, 250.0
366, 115.0, 357.0
367, 176.0, 324.0
368, 427.0, 269.0
369, 387.0, 293.0
370, 564.0, 332.0
371, 734.0, 468.0
372, 512.0, 110.0
373, 26.0, 165.0
374, 222.0, 200.0
375, 509.0, 136.0
376, 479.0, 367.0
377, 519.0, 339.0
378, 563.0, 283.0
379, 501.0, 94.0
380, 367.0, 276.0
381, 688.0, 16.0
382, 527.0, 303.0
383, 517.0, 397.0
384, 664.0, 345.0
385, 349.0, 270.0
386, 133.0, 347.0
387, 490.0, 96.0
388, 676.0, 60.0
389, 184.0, 320.0
390, 248.0, 10.0
391, 463.0, 272.0
392, 500.0, 222.0
393, 687.0, 450.0
394, 289.0, 158.0
395, 128.0, 226.0
396, 518.0, 252.0
397, 597.0, 295.0
398, 565.0, 299.0
399, 227.0, 153.0
400, 30.0, 432.0
401, 535.0, 324.0
402, 373.0, 273.0
403, 129.0, 355.0
404, 48.0, 222.0
405, 655.0, 330.0
406, 609.0, 310.0
407, 602.0, 320.0
408, 354.0, 263.0
409, 149.0, 33.0
410, 507.0, 315.0
411, 200.0, 324.0
412, 533.0, 312.0
413, 518.0, 66.0
414, 174.0, 336.0
415, 733.0, 370.0
416, 407.0, 93.0
417, 86.0, 258.0
418, 510.0, 286.0
419, 162.0, 141.0
420, 648.0, 385.0
421, 140.0, 363.0
422, 157.0, 83.0
423, 216.0, 57.0
424, 491.0, 355.0
425, 497.0, 232.0
426, 531.0, 358.0
427, 435.0, 384.0
428, 146.0, 299.0
429, 700.0, 366.0
430, 456.0, 317.0
431, 500.0, 331.0
432, 55.0, 253.0
433, 534.0, 317.0
434, 626.0, 376.0
435, 253.0, 76.0
436, 19.0, 123.0
437, 148.0, 28.0
438, 12.0, 25.0
439, 25.0, 415.0
440, 41.0, 231.0
441, 720.0, 471.0
442, 81.0, 392.0
443, 554.0, 367.0
444, 225.0, 164.0
445, 480.0, 376.0
446, 254.0, 64.0
447, 673.0, 71.0
448, 533.0, 341.0
449, 258.0, 124.0
450, 168.0, 326.0
451, 113.0, 383.0
452, 377.0, 91.0
453, 156.0, 150.0
454, 117.0, 30.0
455, 508.0, 265.0
456, 159.0, 96.0
457, 16.0, 75.0
458, 54.0, 258.0
459, 509.0, 144.0
460, 172.0, 217.0
461, 494.0, 330.0
462, 146.0, 19.0
463, 701.0, 354.0
464, 421.0, 438.0
465, 676.0, 469.0
466, 509.0, 151.0
467, 124.0, 57.0
468, 568.0, 466.0
469, 365.0, 258.0
470, 490.0, 276.0
471, 438.0, 379.0
472, 496.0, 339.0
473, 637.0, 320.0
474, 43.0, 317.0
475, 224.0, 170.0
476, 527.0, 123.0
477, 564.0, 347.0
478, 37.0, 193.0
479, 226.0, 158.0
480, 88.0, 397.0
481, 134.0, 88.0
482, 215.0, 47.0
483, 718.0, 367.0
484, 460.0, 468.0
485, 225.0, 175.0
486, 20.0, 415.0
487, 152.0, 326.0
488, 487.0, 309.0
489, 599.0, 437.0
490, 92.0, 241.0
491, 488.0, 408.0
492, 742.0, 389.0
493, 190.0, 183.0
494, 462.0, 377.0
495, 732.0, 450.0
496, 162.0, 133.0
497, 486.0, 294.0
498, 487.0, 339.0
499, 542.0, 338.0
