0, 123.0, 438.0
1, 173.0, 366.0
2, 133.0, 360.0
3, 256.0, 413.0
4, 178.0, 355.0
5, 182.0, 373.0
6, 83.0, 443.0
7, 340.0, 406.0
8, 244.0, 415.0
9, 312.0, 392.0
10, 298.0, 375.0
11, 504.0, 460.0
12, 253.0, 81.0
13, 367.0, 403.0
14, 377.0, 373.0
15, 519.0, 172.0
16, 95.0, 460.0
17, 108.0, 233.0
18, 351.0, 398.0
19, 80.0, 401.0
20, 173.0, 381.0
21, 379.0, 406.0
22, 96.0, 385.0
23, 575.0, 271.0
24, 123.0, 420.0
25, 597.0, 323.0
26, 552.0, 296.0
27, 279.0, 422.0
28, 335.0, 380.0
29, 65.0, 230.0
30, 634.0, 245.0
31, 107.0, 406.0
32, 73.0, 470.0
33, 265.0, 406.0
34, 299.0, 312.0
35, 50.0, 433.0
36, 24.0, 303.0
37, 568.0, 90.0
38, 579.0, 347.0
39, 517.0, 182.0
40, 27.0, 324.0
41, 616.0, 257.0
42, 343.0, 390.0
43, 563.0, 282.0
44, 146.0, 447.0
45, 565.0, 253.0
46, 566.0, 321.0
47, 577.0, 298.0
48, 578.0, 236.0
49, 550.0, 40.0
50, 168.0, 397.0
51, 583.0, 314.0
52, 90.0, 365.0
53, 161.0, 403.0
54, 86.0, 467.0
55, 563.0, 52.0
56, 180.0, 467.0
57, 322.0, 162.0
58, 25.0, 460.0
59, 125.0, 396.0
60, 558.0, 74.0
61, 110.0, 55.0
62, 575.0, 208.0
63, 432.0, 309.0
64, 41.0, 463.0
65, 410.0, 447.0
66, 403.0, 428.0
67, 422.0, 107.0
68, 424.0, 97.0
69, 354.0, 414.0
70, 550.0, 193.0
71, 564.0, 228.0
72, 13.0, 457.0
73, 154.0, 349.0
74, 592.0, 263.0
75, 113.0, 429.0
76, 495.0, 450.0
77, 176.0, 409.0
78, 63.0, 440.0
79, 555.0, 88.0
80, 68.0, 423.0
81, 108.0, 455.0
82, 136.0, 438.0
83, 599.0, 295.0
84, 186.0, 362.0
85, 39.0, 312.0
86, 232.0, 57.0
87, 152.0, 252.0
88, 485.0, 446.0
89, 354.0, 369.0
90, 662.0, 286.0
91, 640.0, 231.0
92, 100.0, 434.0
93, 506.0, 382.0
94, 42.0, 293.0
95, 81.0, 388.0
96, 201.0, 368.0
97, 453.0, 451.0
98, 294.0, 445.0
99, 412.0, 420.0
100, 696.0, 193.0
101, 613.0, 209.0
102, 150.0, 376.0
103, 142.0, 407.0
104, 554.0, 21.0
105, 109.0, 288.0
106, 271.0, 399.0
107, 14.0, 471.0
108, 659.0, 172.0
109, 309.0, 409.0
110, 378.0, 425.0
111, 96.0, 446.0
112, 35.0, 366.0
113, 400.0, 421.0
114, 503.0, 470.0
115, 163.0, 383.0
116, 333.0, 200.0
117, 397.0, 213.0
118, 104.0, 213.0
119, 147.0, 229.0
120, 300.0, 354.0
121, 147.0, 361.0
122, 294.0, 420.0
123, 441.0, 460.0
124, 145.0, 433.0
125, 483.0, 157.0
126, 201.0, 465.0
127, 379.0, 440.0
128, 67.0, 286.0
129, 718.0, 65.0
130, 193.0, 370.0
131, 323.0, 143.0
132, 20.0, 283.0
133, 115.0, 394.0
134, 66.0, 266.0
135, 447.0, 178.0
136, 581.0, 92.0
137, 85.0, 350.0
138, 540.0, 90.0
139, 289.0, 65.0
140, 215.0, 444.0
141, 100.0, 193.0
142, 420.0, 133.0
143, 170.0, 341.0
144, 489.0, 110.0
145, 90.0, 141.0
146, 106.0, 223.0
147, 448.0, 430.0
148, 158.0, 284.0
149, 59.0, 348.0
150, 401.0, 468.0
151, 39.0, 380.0
152, 133.0, 455.0
153, 59.0, 448.0
154, 169.0, 443.0
155, 492.0, 92.0
156, 88.0, 382.0
157, 87.0, 452.0
158, 77.0, 413.0
159, 112.0, 352.0
160, 243.0, 454.0
161, 212.0, 465.0
162, 518.0, 459.0
163, 143.0, 464.0
164, 490.0, 466.0
165, 303.0, 367.0
166, 637.0, 410.0
167, 556.0, 139.0
168, 56.0, 423.0
169, 136.0, 173.0
170, 281.0, 407.0
171, 120.0, 53.0
172, 150.0, 385.0
173, 472.0, 406.0
174, 42.0, 414.0
175, 367.0, 463.0
176, 609.0, 413.0
177, 313.0, 208.0
178, 72.0, 458.0
179, 246.0, 440.0
180, 252.0, 430.0
181, 15.0, 268.0
182, 81.0, 287.0
183, 492.0, 403.0
184, 75.0, 363.0
185, 58.0, 305.0
186, 256.0, 57.0
187, 204.0, 358.0
188, 28.0, 341.0
189, 16.0, 226.0
190, 383.0, 334.0
191, 619.0, 453.0
192, 14.0, 383.0
193, 658.0, 334.0
194, 550.0, 180.0
195, 115.0, 376.0
196, 137.0, 428.0
197, 115.0, 73.0
198, 13.0, 443.0
199, 441.0, 402.0
200, 546.0, 59.0
201, 117.0, 407.0
202, 294.0, 158.0
203, 96.0, 168.0
204, 564.0, 40.0
205, 486.0, 129.0
206, 264.0, 462.0
207, 240.0, 428.0
208, 583.0, 77.0
209, 117.0, 452.0
210, 392.0, 427.0
211, 83.0, 107.0
212, 9.0, 197.0
213, 355.0, 354.0
214, 23.0, 411.0
215, 424.0, 429.0
216, 99.0, 181.0
217, 484.0, 436.0
218, 596.0, 18.0
219, 356.0, 435.0
220, 371.0, 420.0
221, 306.0, 289.0
222, 280.0, 447.0
223, 411.0, 167.0
224, 370.0, 214.0
225, 132.0, 151.0
226, 588.0, 54.0
227, 416.0, 210.0
228, 508.0, 337.0
229, 428.0, 437.0
230, 455.0, 434.0
231, 585.0, 423.0
232, 65.0, 252.0
233, 49.0, 402.0
234, 77.0, 231.0
235, 505.0, 366.0
236, 713.0, 78.0
237, 39.0, 334.0
238, 68.0, 43.0
239, 94.0, 232.0
240, 131.0, 403.0
241, 40.0, 396.0
242, 481.0, 172.0
243, 655.0, 313.0
244, 173.0, 49.0
245, 230.0, 444.0
246, 311.0, 464.0
247, 13.0, 206.0
248, 144.0, 211.0
249, 567.0, 31.0
250, 141.0, 201.0
251, 417.0, 87.0
252, 218.0, 352.0
253, 18.0, 243.0
254, 303.0, 221.0
255, 468.0, 456.0
256, 332.0, 393.0
257, 470.0, 441.0
258, 65.0, 454.0
259, 280.0, 361.0
260, 526.0, 177.0
261, 79.0, 266.0
262, 279.0, 457.0
263, 478.0, 136.0
264, 404.0, 308.0
265, 108.0, 242.0
266, 350.0, 431.0
267, 264.0, 430.0
268, 53.0, 416.0
269, 430.0, 35.0
270, 535.0, 468.0
271, 480.0, 110.0
272, 479.0, 125.0
273, 15.0, 215.0
274, 144.0, 342.0
275, 65.0, 239.0
276, 592.0, 37.0
277, 321.0, 405.0
278, 61.0, 466.0
279, 188.0, 407.0
280, 535.0, 463.0
281, 289.0, 112.0
282, 493.0, 314.0
283, 52.0, 389.0
284, 583.0, 18.0
285, 520.0, 318.0
286, 444.0, 471.0
287, 138.0, 344.0
288, 124.0, 382.0
289, 139.0, 186.0
290, 8.0, 344.0
291, 490.0, 437.0
292, 71.0, 371.0
293, 568.0, 21.0
294, 713.0, 443.0
295, 180.0, 56.0
296, 304.0, 397.0
297, 423.0, 423.0
298, 220.0, 456.0
299, 383.0, 418.0
300, 722.0, 396.0
301, 641.0, 323.0
302, 113.0, 422.0
303, 399.0, 374.0
304, 417.0, 438.0
305, 47.0, 368.0
306, 418.0, 147.0
307, 120.0, 98.0
308, 109.0, 275.0
309, 88.0, 231.0
310, 316.0, 406.0
311, 405.0, 225.0
312, 525.0, 253.0
313, 258.0, 439.0
314, 681.0, 331.0
315, 134.0, 349.0
316, 79.0, 91.0
317, 462.0, 311.0
318, 96.0, 288.0
319, 42.0, 437.0
320, 63.0, 375.0
321, 436.0, 446.0
322, 243.0, 57.0
323, 150.0, 460.0
324, 345.0, 422.0
325, 286.0, 434.0
326, 365.0, 438.0
327, 58.0, 430.0
328, 441.0, 441.0
329, 480.0, 332.0
330, 31.0, 352.0
331, 278.0, 435.0
332, 421.0, 122.0
333, 9.0, 296.0
334, 159.0, 363.0
335, 93.0, 152.0
336, 78.0, 426.0
337, 539.0, 180.0
338, 400.0, 416.0
339, 189.0, 461.0
340, 102.0, 280.0
341, 127.0, 130.0
342, 303.0, 203.0
343, 87.0, 418.0
344, 32.0, 439.0
345, 416.0, 125.0
346, 119.0, 93.0
347, 21.0, 293.0
348, 325.0, 431.0
349, 435.0, 428.0
350, 82.0, 418.0
351, 559.0, 34.0
352, 332.0, 413.0
353, 226.0, 460.0
354, 200.0, 454.0
355, 30.0, 433.0
356, 34.0, 123.0
357, 91.0, 287.0
358, 370.0, 332.0
359, 734.0, 43.0
360, 101.0, 310.0
361, 12.0, 281.0
362, 309.0, 431.0
363, 458.0, 441.0
364, 364.0, 426.0
365, 203.0, 380.0
366, 562.0, 200.0
367, 391.0, 412.0
368, 123.0, 283.0
369, 701.0, 23.0
370, 163.0, 373.0
371, 20.0, 401.0
372, 124.0, 118.0
373, 66.0, 258.0
374, 66.0, 272.0
375, 11.0, 286.0
376, 262.0, 452.0
377, 252.0, 444.0
378, 108.0, 375.0
379, 484.0, 461.0
380, 385.0, 443.0
381, 415.0, 464.0
382, 551.0, 79.0
383, 77.0, 239.0
384, 90.0, 267.0
385, 129.0, 138.0
386, 626.0, 337.0
387, 108.0, 260.0
388, 151.0, 433.0
389, 566.0, 403.0
390, 101.0, 267.0
391, 293.0, 458.0
392, 389.0, 357.0
393, 32.0, 445.0
394, 296.0, 411.0
395, 603.0, 450.0
396, 565.0, 101.0
397, 67.0, 388.0
398, 644.0, 349.0
399, 108.0, 255.0
400, 404.0, 405.0
401, 78.0, 253.0
402, 65.0, 244.0
403, 604.0, 227.0
404, 309.0, 447.0
405, 595.0, 221.0
406, 622.0, 240.0
407, 109.0, 267.0
408, 52.0, 461.0
409, 78.0, 279.0
410, 123.0, 110.0
411, 178.0, 425.0
412, 156.0, 392.0
413, 718.0, 467.0
414, 300.0, 198.0
415, 697.0, 185.0
416, 487.0, 424.0
417, 101.0, 240.0
418, 409.0, 207.0
419, 378.0, 471.0
420, 288.0, 78.0
421, 231.0, 466.0
422, 83.0, 231.0
423, 61.0, 296.0
424, 311.0, 456.0
425, 485.0, 375.0
426, 289.0, 117.0
427, 259.0, 421.0
428, 424.0, 381.0
429, 101.0, 261.0
430, 29.0, 390.0
431, 350.0, 212.0
432, 631.0, 391.0
433, 168.0, 469.0
434, 490.0, 101.0
435, 566.0, 182.0
436, 375.0, 331.0
437, 405.0, 220.0
438, 57.0, 126.0
439, 416.0, 433.0
440, 16.0, 221.0
441, 732.0, 297.0
442, 399.0, 303.0
443, 49.0, 410.0
444, 72.0, 239.0
445, 64.0, 407.0
446, 109.0, 441.0
447, 407.0, 215.0
448, 619.0, 423.0
449, 415.0, 428.0
450, 243.0, 52.0
451, 482.0, 99.0
452, 23.0, 416.0
453, 409.0, 466.0
454, 309.0, 203.0
455, 294.0, 328.0
456, 434.0, 471.0
457, 319.0, 420.0
458, 738.0, 414.0
459, 29.0, 377.0
460, 334.0, 351.0
461, 102.0, 275.0
462, 634.0, 375.0
463, 382.0, 460.0
464, 661.0, 229.0
465, 88.0, 130.0
466, 17.0, 237.0
467, 565.0, 188.0
468, 110.0, 47.0
469, 302.0, 216.0
470, 30.0, 402.0
471, 657.0, 318.0
472, 394.0, 296.0
473, 466.0, 447.0
474, 269.0, 457.0
475, 417.0, 159.0
476, 85.0, 239.0
477, 193.0, 400.0
478, 320.0, 204.0
479, 54.0, 451.0
480, 370.0, 445.0
481, 672.0, 175.0
482, 544.0, 431.0
483, 259.0, 462.0
484, 271.0, 426.0
485, 177.0, 414.0
486, 560.0, 125.0
487, 95.0, 246.0
488, 37.0, 452.0
489, 56.0, 471.0
490, 321.0, 399.0
491, 143.0, 206.0
492, 252.0, 425.0
493, 699.0, 180.0
494, 75.0, 71.0
495, 447.0, 261.0
496, 18.0, 172.0
497, 415.0, 405.0
498, 247.0, 435.0
499, 110.0, 248.0
