0, 564.0, 9.0
1, 563.0, 14.0
2, 571.0, 14.0
3, 309.0, 18.0
4, 314.0, 18.0
5, 361.0, 19.0
6, 297.0, 20.0
7, 127.0, 21.0
8, 736.0, 21.0
9, 280.0, 22.0
10, 350.0, 22.0
11, 244.0, 24.0
12, 113.0, 25.0
13, 365.0, 26.0
14, 415.0, 28.0
15, 33.0, 37.0
16, 58.0, 38.0
17, 114.0, 38.0
18, 742.0, 43.0
19, 732.0, 44.0
20, 731.0, 49.0
21, 63.0, 52.0
22, 118.0, 55.0
23, 349.0, 59.0
24, 425.0, 60.0
25, 58.0, 62.0
26, 554.0, 63.0
27, 67.0, 73.0
28, 735.0, 73.0
29, 412.0, 74.0
30, 121.0, 75.0
31, 123.0, 80.0
32, 67.0, 81.0
33, 534.0, 88.0
34, 550.0, 88.0
35, 720.0, 90.0
36, 654.0, 92.0
37, 68.0, 97.0
38, 408.0, 97.0
39, 70.0, 102.0
40, 533.0, 102.0
41, 127.0, 104.0
42, 553.0, 105.0
43, 548.0, 106.0
44, 596.0, 106.0
45, 128.0, 109.0
46, 634.0, 110.0
47, 73.0, 111.0
48, 547.0, 112.0
49, 129.0, 114.0
50, 547.0, 117.0
51, 552.0, 117.0
52, 593.0, 119.0
53, 630.0, 119.0
54, 75.0, 122.0
55, 130.0, 122.0
56, 646.0, 124.0
57, 75.0, 127.0
58, 131.0, 127.0
59, 350.0, 128.0
60, 132.0, 132.0
61, 78.0, 137.0
62, 542.0, 141.0
63, 590.0, 142.0
64, 134.0, 143.0
65, 613.0, 143.0
66, 585.0, 144.0
67, 625.0, 144.0
68, 12.0, 145.0
69, 641.0, 145.0
70, 79.0, 148.0
71, 639.0, 150.0
72, 541.0, 152.0
73, 350.0, 153.0
74, 574.0, 153.0
75, 587.0, 154.0
76, 607.0, 154.0
77, 136.0, 156.0
78, 627.0, 156.0
79, 638.0, 156.0
80, 738.0, 158.0
81, 137.0, 161.0
82, 636.0, 165.0
83, 83.0, 167.0
84, 422.0, 168.0
85, 605.0, 174.0
86, 570.0, 175.0
87, 536.0, 176.0
88, 583.0, 176.0
89, 140.0, 177.0
90, 617.0, 181.0
91, 86.0, 182.0
92, 140.0, 182.0
93, 421.0, 183.0
94, 397.0, 186.0
95, 622.0, 187.0
96, 630.0, 188.0
97, 540.0, 192.0
98, 88.0, 196.0
99, 546.0, 199.0
100, 88.0, 201.0
101, 531.0, 201.0
102, 520.0, 203.0
103, 407.0, 204.0
104, 680.0, 205.0
105, 90.0, 206.0
106, 144.0, 206.0
107, 626.0, 207.0
108, 145.0, 211.0
109, 506.0, 213.0
110, 578.0, 215.0
111, 92.0, 216.0
112, 723.0, 216.0
113, 506.0, 218.0
114, 708.0, 218.0
115, 676.0, 219.0
116, 518.0, 221.0
117, 93.0, 224.0
118, 148.0, 225.0
119, 391.0, 226.0
120, 148.0, 230.0
121, 391.0, 231.0
122, 527.0, 232.0
123, 404.0, 234.0
124, 94.0, 236.0
125, 739.0, 236.0
126, 402.0, 240.0
127, 411.0, 240.0
128, 97.0, 244.0
129, 151.0, 245.0
130, 366.0, 245.0
131, 373.0, 245.0
132, 386.0, 248.0
133, 525.0, 248.0
134, 85.0, 250.0
135, 95.0, 252.0
136, 151.0, 252.0
137, 416.0, 252.0
138, 376.0, 253.0
139, 491.0, 254.0
140, 450.0, 256.0
141, 455.0, 256.0
142, 462.0, 256.0
143, 429.0, 257.0
144, 497.0, 258.0
145, 530.0, 259.0
146, 153.0, 260.0
147, 443.0, 261.0
148, 97.0, 262.0
149, 476.0, 263.0
150, 497.0, 264.0
151, 371.0, 266.0
152, 383.0, 267.0
153, 704.0, 267.0
154, 98.0, 268.0
155, 400.0, 268.0
156, 497.0, 269.0
157, 155.0, 272.0
158, 364.0, 273.0
159, 488.0, 273.0
160, 99.0, 275.0
161, 373.0, 280.0
162, 383.0, 280.0
163, 397.0, 280.0
164, 416.0, 281.0
165, 421.0, 281.0
166, 428.0, 283.0
167, 498.0, 283.0
168, 157.0, 284.0
169, 440.0, 284.0
170, 446.0, 284.0
171, 506.0, 285.0
172, 43.0, 286.0
173, 484.0, 286.0
174, 52.0, 287.0
175, 60.0, 287.0
176, 68.0, 288.0
177, 75.0, 288.0
178, 80.0, 288.0
179, 85.0, 288.0
180, 91.0, 289.0
181, 100.0, 289.0
182, 43.0, 297.0
183, 52.0, 297.0
184, 60.0, 297.0
185, 68.0, 298.0
186, 75.0, 298.0
187, 83.0, 298.0
188, 91.0, 299.0
189, 100.0, 299.0
190, 42.0, 306.0
191, 52.0, 306.0
192, 59.0, 307.0
193, 64.0, 307.0
194, 75.0, 307.0
195, 83.0, 308.0
196, 91.0, 308.0
197, 100.0, 308.0
198, 42.0, 315.0
199, 52.0, 315.0
200, 162.0, 315.0
201, 60.0, 316.0
202, 67.0, 316.0
203, 76.0, 317.0
204, 83.0, 317.0
205, 91.0, 317.0
206, 100.0, 317.0
207, 680.0, 317.0
208, 42.0, 320.0
209, 51.0, 324.0
210, 42.0, 325.0
211, 59.0, 325.0
212, 67.0, 325.0
213, 537.0, 325.0
214, 75.0, 326.0
215, 83.0, 326.0
216, 91.0, 326.0
217, 100.0, 326.0
218, 100.0, 331.0
219, 510.0, 332.0
220, 42.0, 334.0
221, 51.0, 334.0
222, 59.0, 334.0
223, 67.0, 334.0
224, 75.0, 335.0
225, 83.0, 335.0
226, 91.0, 336.0
227, 100.0, 336.0
228, 42.0, 342.0
229, 51.0, 343.0
230, 59.0, 343.0
231, 67.0, 344.0
232, 75.0, 344.0
233, 83.0, 344.0
234, 91.0, 345.0
235, 100.0, 345.0
236, 42.0, 352.0
237, 51.0, 353.0
238, 59.0, 353.0
239, 66.0, 353.0
240, 71.0, 353.0
241, 508.0, 353.0
242, 79.0, 354.0
243, 86.0, 354.0
244, 91.0, 354.0
245, 100.0, 354.0
246, 111.0, 354.0
247, 496.0, 354.0
248, 514.0, 354.0
249, 120.0, 355.0
250, 169.0, 356.0
251, 42.0, 357.0
252, 373.0, 361.0
253, 379.0, 361.0
254, 43.0, 362.0
255, 50.0, 362.0
256, 55.0, 362.0
257, 384.0, 362.0
258, 391.0, 362.0
259, 60.0, 363.0
260, 65.0, 363.0
261, 70.0, 363.0
262, 362.0, 363.0
263, 396.0, 363.0
264, 403.0, 363.0
265, 674.0, 363.0
266, 78.0, 364.0
267, 86.0, 364.0
268, 91.0, 364.0
269, 414.0, 364.0
270, 420.0, 364.0
271, 100.0, 365.0
272, 134.0, 365.0
273, 427.0, 365.0
274, 432.0, 365.0
275, 437.0, 365.0
276, 445.0, 366.0
277, 450.0, 366.0
278, 456.0, 366.0
279, 461.0, 366.0
280, 468.0, 366.0
281, 473.0, 367.0
282, 486.0, 369.0
283, 8.0, 374.0
284, 503.0, 375.0
285, 684.0, 375.0
286, 350.0, 376.0
287, 35.0, 377.0
288, 28.0, 379.0
289, 694.0, 381.0
290, 36.0, 387.0
291, 30.0, 388.0
292, 502.0, 391.0
293, 25.0, 392.0
294, 513.0, 392.0
295, 542.0, 393.0
296, 175.0, 394.0
297, 678.0, 394.0
298, 585.0, 395.0
299, 628.0, 398.0
300, 91.0, 400.0
301, 668.0, 400.0
302, 673.0, 400.0
303, 687.0, 402.0
304, 56.0, 407.0
305, 684.0, 413.0
306, 680.0, 419.0
307, 468.0, 428.0
308, 481.0, 433.0
309, 487.0, 434.0
310, 471.0, 439.0
311, 706.0, 446.0
312, 185.0, 455.0
313, 672.0, 457.0
314, 146.0, 459.0
315, 138.0, 460.0
316, 186.0, 460.0
317, 428.0, 468.0
318, 20.0, 471.0
319, 131.0, 471.0
320, 139.0, 471.0
321, 161.0, 471.0
322, 730.0, 471.0
