0, 587.0, 14.0
1, 488.0, 15.0
2, 503.0, 15.0
3, 563.0, 16.0
4, 576.0, 16.0
5, 581.0, 16.0
6, 673.0, 17.0
7, 369.0, 18.0
8, 458.0, 21.0
9, 743.0, 22.0
10, 731.0, 23.0
11, 721.0, 25.0
12, 671.0, 29.0
13, 652.0, 30.0
14, 245.0, 34.0
15, 34.0, 35.0
16, 580.0, 38.0
17, 35.0, 40.0
18, 486.0, 52.0
19, 571.0, 55.0
20, 263.0, 64.0
21, 574.0, 67.0
22, 664.0, 69.0
23, 43.0, 72.0
24, 431.0, 72.0
25, 485.0, 72.0
26, 573.0, 72.0
27, 45.0, 77.0
28, 662.0, 78.0
29, 573.0, 80.0
30, 571.0, 89.0
31, 660.0, 89.0
32, 484.0, 92.0
33, 431.0, 93.0
34, 51.0, 99.0
35, 214.0, 100.0
36, 453.0, 103.0
37, 431.0, 111.0
38, 516.0, 114.0
39, 543.0, 115.0
40, 172.0, 119.0
41, 452.0, 121.0
42, 481.0, 121.0
43, 299.0, 122.0
44, 656.0, 123.0
45, 217.0, 124.0
46, 233.0, 124.0
47, 246.0, 124.0
48, 564.0, 128.0
49, 59.0, 129.0
50, 16.0, 131.0
51, 17.0, 136.0
52, 465.0, 136.0
53, 62.0, 139.0
54, 20.0, 144.0
55, 562.0, 144.0
56, 298.0, 146.0
57, 479.0, 146.0
58, 65.0, 151.0
59, 299.0, 151.0
60, 649.0, 152.0
61, 561.0, 153.0
62, 220.0, 156.0
63, 416.0, 157.0
64, 560.0, 158.0
65, 477.0, 159.0
66, 26.0, 162.0
67, 416.0, 162.0
68, 559.0, 163.0
69, 299.0, 167.0
70, 416.0, 167.0
71, 647.0, 167.0
72, 559.0, 168.0
73, 69.0, 169.0
74, 299.0, 174.0
75, 527.0, 174.0
76, 557.0, 176.0
77, 644.0, 176.0
78, 31.0, 178.0
79, 472.0, 178.0
80, 299.0, 179.0
81, 223.0, 180.0
82, 644.0, 183.0
83, 556.0, 186.0
84, 223.0, 188.0
85, 308.0, 188.0
86, 36.0, 191.0
87, 556.0, 191.0
88, 75.0, 194.0
89, 298.0, 194.0
90, 308.0, 195.0
91, 469.0, 195.0
92, 448.0, 196.0
93, 453.0, 196.0
94, 428.0, 198.0
95, 77.0, 199.0
96, 225.0, 200.0
97, 417.0, 200.0
98, 640.0, 200.0
99, 381.0, 201.0
100, 386.0, 201.0
101, 555.0, 201.0
102, 374.0, 202.0
103, 357.0, 203.0
104, 42.0, 204.0
105, 477.0, 204.0
106, 639.0, 205.0
107, 555.0, 206.0
108, 308.0, 207.0
109, 297.0, 208.0
110, 278.0, 209.0
111, 476.0, 209.0
112, 257.0, 211.0
113, 46.0, 214.0
114, 80.0, 214.0
115, 229.0, 215.0
116, 554.0, 216.0
117, 206.0, 218.0
118, 47.0, 219.0
119, 474.0, 222.0
120, 554.0, 225.0
121, 636.0, 226.0
122, 84.0, 228.0
123, 203.0, 228.0
124, 52.0, 230.0
125, 478.0, 231.0
126, 635.0, 231.0
127, 56.0, 235.0
128, 565.0, 235.0
129, 548.0, 237.0
130, 553.0, 237.0
131, 543.0, 238.0
132, 86.0, 239.0
133, 534.0, 239.0
134, 478.0, 241.0
135, 521.0, 241.0
136, 60.0, 242.0
137, 565.0, 244.0
138, 557.0, 245.0
139, 546.0, 246.0
140, 551.0, 246.0
141, 541.0, 247.0
142, 204.0, 248.0
143, 529.0, 249.0
144, 534.0, 249.0
145, 479.0, 250.0
146, 521.0, 250.0
147, 566.0, 252.0
148, 90.0, 253.0
149, 558.0, 253.0
150, 632.0, 253.0
151, 547.0, 254.0
152, 480.0, 255.0
153, 541.0, 255.0
154, 529.0, 257.0
155, 534.0, 257.0
156, 566.0, 257.0
157, 522.0, 258.0
158, 548.0, 259.0
159, 554.0, 261.0
160, 559.0, 261.0
161, 479.0, 263.0
162, 522.0, 263.0
163, 72.0, 264.0
164, 541.0, 264.0
165, 566.0, 264.0
166, 530.0, 265.0
167, 548.0, 265.0
168, 92.0, 266.0
169, 206.0, 268.0
170, 536.0, 268.0
171, 75.0, 269.0
172, 558.0, 269.0
173, 523.0, 270.0
174, 548.0, 270.0
175, 93.0, 271.0
176, 541.0, 272.0
177, 567.0, 272.0
178, 531.0, 273.0
179, 536.0, 273.0
180, 556.0, 274.0
181, 549.0, 275.0
182, 95.0, 276.0
183, 629.0, 276.0
184, 523.0, 278.0
185, 481.0, 279.0
186, 207.0, 280.0
187, 542.0, 280.0
188, 567.0, 280.0
189, 531.0, 281.0
190, 555.0, 281.0
191, 283.0, 282.0
192, 549.0, 282.0
193, 537.0, 284.0
194, 561.0, 284.0
195, 567.0, 285.0
196, 523.0, 286.0
197, 555.0, 286.0
198, 543.0, 287.0
199, 548.0, 287.0
200, 96.0, 288.0
201, 207.0, 288.0
202, 480.0, 289.0
203, 532.0, 289.0
204, 537.0, 289.0
205, 587.0, 289.0
206, 524.0, 291.0
207, 568.0, 291.0
208, 555.0, 293.0
209, 561.0, 293.0
210, 543.0, 295.0
211, 548.0, 295.0
212, 537.0, 296.0
213, 532.0, 297.0
214, 95.0, 298.0
215, 524.0, 298.0
216, 567.0, 300.0
217, 209.0, 302.0
218, 555.0, 302.0
219, 550.0, 303.0
220, 511.0, 305.0
221, 516.0, 305.0
222, 541.0, 305.0
223, 533.0, 306.0
224, 209.0, 307.0
225, 525.0, 307.0
226, 261.0, 311.0
227, 484.0, 311.0
228, 210.0, 312.0
229, 101.0, 317.0
230, 543.0, 317.0
231, 743.0, 318.0
232, 210.0, 319.0
233, 519.0, 319.0
234, 616.0, 319.0
235, 506.0, 323.0
236, 560.0, 323.0
237, 210.0, 324.0
238, 498.0, 325.0
239, 210.0, 329.0
240, 518.0, 329.0
241, 583.0, 329.0
242, 528.0, 330.0
243, 108.0, 332.0
244, 482.0, 332.0
245, 565.0, 334.0
246, 463.0, 335.0
247, 507.0, 335.0
248, 544.0, 335.0
249, 726.0, 335.0
250, 111.0, 338.0
251, 523.0, 339.0
252, 740.0, 341.0
253, 211.0, 342.0
254, 487.0, 342.0
255, 517.0, 342.0
256, 532.0, 342.0
257, 586.0, 343.0
258, 468.0, 346.0
259, 211.0, 347.0
260, 505.0, 347.0
261, 591.0, 347.0
262, 455.0, 348.0
263, 375.0, 349.0
264, 521.0, 349.0
265, 732.0, 349.0
266, 610.0, 351.0
267, 528.0, 352.0
268, 441.0, 353.0
269, 462.0, 353.0
270, 478.0, 353.0
271, 483.0, 353.0
272, 709.0, 353.0
273, 119.0, 354.0
274, 376.0, 354.0
275, 556.0, 354.0
276, 629.0, 354.0
277, 504.0, 356.0
278, 516.0, 356.0
279, 581.0, 356.0
280, 546.0, 357.0
281, 159.0, 358.0
282, 487.0, 359.0
283, 493.0, 359.0
284, 591.0, 359.0
285, 684.0, 359.0
286, 536.0, 360.0
287, 603.0, 360.0
288, 136.0, 361.0
289, 382.0, 361.0
290, 388.0, 361.0
291, 468.0, 361.0
292, 563.0, 361.0
293, 626.0, 361.0
294, 128.0, 362.0
295, 639.0, 362.0
296, 743.0, 362.0
297, 123.0, 363.0
298, 654.0, 363.0
299, 720.0, 363.0
300, 264.0, 364.0
301, 495.0, 364.0
302, 363.0, 365.0
303, 580.0, 365.0
304, 110.0, 366.0
305, 709.0, 366.0
306, 486.0, 367.0
307, 539.0, 367.0
308, 573.0, 367.0
309, 660.0, 367.0
310, 394.0, 368.0
311, 627.0, 369.0
312, 528.0, 370.0
313, 533.0, 370.0
314, 371.0, 371.0
315, 384.0, 371.0
316, 636.0, 371.0
317, 213.0, 372.0
318, 520.0, 372.0
319, 557.0, 372.0
320, 376.0, 373.0
321, 461.0, 373.0
322, 676.0, 373.0
323, 616.0, 374.0
324, 408.0, 375.0
325, 366.0, 376.0
326, 548.0, 376.0
327, 588.0, 376.0
328, 735.0, 376.0
329, 397.0, 377.0
330, 540.0, 377.0
331, 660.0, 377.0
332, 509.0, 378.0
333, 692.0, 378.0
334, 529.0, 379.0
335, 534.0, 379.0
336, 138.0, 380.0
337, 387.0, 380.0
338, 406.0, 380.0
339, 630.0, 380.0
340, 673.0, 381.0
341, 681.0, 381.0
342, 507.0, 383.0
343, 552.0, 383.0
344, 519.0, 384.0
345, 426.0, 386.0
346, 698.0, 386.0
347, 506.0, 388.0
348, 599.0, 388.0
349, 401.0, 389.0
350, 411.0, 389.0
351, 661.0, 389.0
352, 637.0, 390.0
353, 496.0, 391.0
354, 521.0, 391.0
355, 299.0, 392.0
356, 540.0, 392.0
357, 613.0, 392.0
358, 436.0, 393.0
359, 511.0, 394.0
360, 526.0, 394.0
361, 416.0, 395.0
362, 645.0, 395.0
363, 650.0, 395.0
364, 552.0, 397.0
365, 730.0, 397.0
366, 517.0, 400.0
367, 570.0, 400.0
368, 648.0, 401.0
369, 653.0, 401.0
370, 424.0, 402.0
371, 590.0, 402.0
372, 457.0, 403.0
373, 507.0, 403.0
374, 444.0, 404.0
375, 643.0, 404.0
376, 527.0, 405.0
377, 546.0, 405.0
378, 535.0, 406.0
379, 541.0, 406.0
380, 96.0, 408.0
381, 278.0, 409.0
382, 463.0, 409.0
383, 573.0, 409.0
384, 582.0, 409.0
385, 437.0, 410.0
386, 602.0, 411.0
387, 612.0, 411.0
388, 683.0, 411.0
389, 695.0, 412.0
390, 454.0, 413.0
391, 447.0, 414.0
392, 503.0, 416.0
393, 464.0, 418.0
394, 469.0, 418.0
395, 552.0, 418.0
396, 578.0, 419.0
397, 649.0, 419.0
398, 477.0, 420.0
399, 485.0, 421.0
400, 511.0, 421.0
401, 593.0, 423.0
402, 643.0, 423.0
403, 463.0, 424.0
404, 497.0, 425.0
405, 544.0, 425.0
406, 586.0, 427.0
407, 624.0, 427.0
408, 581.0, 429.0
409, 506.0, 430.0
410, 81.0, 431.0
411, 471.0, 431.0
412, 557.0, 431.0
413, 567.0, 432.0
414, 610.0, 432.0
415, 605.0, 433.0
416, 332.0, 434.0
417, 535.0, 434.0
418, 600.0, 435.0
419, 562.0, 437.0
420, 732.0, 437.0
421, 522.0, 438.0
422, 488.0, 441.0
423, 504.0, 441.0
424, 587.0, 441.0
425, 622.0, 441.0
426, 513.0, 442.0
427, 643.0, 442.0
428, 99.0, 443.0
429, 667.0, 443.0
430, 682.0, 443.0
431, 727.0, 443.0
432, 569.0, 444.0
433, 609.0, 446.0
434, 497.0, 447.0
435, 579.0, 447.0
436, 714.0, 447.0
437, 523.0, 449.0
438, 709.0, 451.0
439, 724.0, 451.0
440, 308.0, 452.0
441, 481.0, 453.0
442, 509.0, 453.0
443, 539.0, 453.0
444, 554.0, 454.0
445, 587.0, 455.0
446, 698.0, 456.0
447, 530.0, 457.0
448, 490.0, 458.0
449, 622.0, 458.0
450, 661.0, 459.0
451, 575.0, 460.0
452, 689.0, 460.0
453, 60.0, 463.0
454, 681.0, 463.0
455, 402.0, 464.0
456, 541.0, 464.0
457, 648.0, 464.0
458, 727.0, 464.0
459, 131.0, 465.0
460, 13.0, 467.0
461, 700.0, 467.0
462, 601.0, 468.0
463, 716.0, 468.0
464, 571.0, 469.0
465, 585.0, 470.0
466, 635.0, 470.0
467, 553.0, 471.0
