0, 264.0, 8.0
1, 297.0, 8.0
2, 307.0, 8.0
3, 373.0, 9.0
4, 292.0, 10.0
5, 318.0, 11.0
6, 678.0, 16.0
7, 373.0, 17.0
8, 17.0, 19.0
9, 525.0, 20.0
10, 392.0, 21.0
11, 504.0, 23.0
12, 408.0, 25.0
13, 306.0, 26.0
14, 463.0, 28.0
15, 471.0, 28.0
16, 439.0, 29.0
17, 458.0, 31.0
18, 366.0, 32.0
19, 274.0, 38.0
20, 290.0, 38.0
21, 269.0, 39.0
22, 306.0, 40.0
23, 688.0, 42.0
24, 10.0, 44.0
25, 15.0, 44.0
26, 43.0, 44.0
27, 277.0, 44.0
28, 20.0, 45.0
29, 374.0, 45.0
30, 289.0, 47.0
31, 374.0, 50.0
32, 308.0, 51.0
33, 139.0, 53.0
34, 417.0, 53.0
35, 321.0, 54.0
36, 456.0, 55.0
37, 374.0, 56.0
38, 469.0, 61.0
39, 520.0, 61.0
40, 375.0, 65.0
41, 455.0, 66.0
42, 468.0, 66.0
43, 409.0, 67.0
44, 305.0, 70.0
45, 389.0, 70.0
46, 50.0, 71.0
47, 285.0, 71.0
48, 316.0, 72.0
49, 410.0, 72.0
50, 502.0, 74.0
51, 277.0, 76.0
52, 293.0, 77.0
53, 304.0, 77.0
54, 375.0, 77.0
55, 323.0, 78.0
56, 419.0, 78.0
57, 441.0, 79.0
58, 467.0, 79.0
59, 391.0, 82.0
60, 454.0, 84.0
61, 528.0, 87.0
62, 454.0, 89.0
63, 460.0, 89.0
64, 359.0, 91.0
65, 377.0, 91.0
66, 391.0, 92.0
67, 467.0, 92.0
68, 416.0, 93.0
69, 454.0, 94.0
70, 359.0, 96.0
71, 377.0, 96.0
72, 676.0, 98.0
73, 454.0, 100.0
74, 253.0, 101.0
75, 359.0, 101.0
76, 83.0, 102.0
77, 304.0, 102.0
78, 662.0, 102.0
79, 315.0, 103.0
80, 672.0, 103.0
81, 377.0, 104.0
82, 516.0, 104.0
83, 294.0, 105.0
84, 325.0, 105.0
85, 454.0, 105.0
86, 60.0, 108.0
87, 314.0, 108.0
88, 454.0, 110.0
89, 670.0, 110.0
90, 339.0, 114.0
91, 465.0, 116.0
92, 422.0, 118.0
93, 515.0, 118.0
94, 460.0, 119.0
95, 501.0, 119.0
96, 525.0, 119.0
97, 88.0, 120.0
98, 399.0, 120.0
99, 408.0, 120.0
100, 530.0, 120.0
101, 455.0, 122.0
102, 234.0, 123.0
103, 253.0, 124.0
104, 553.0, 124.0
105, 377.0, 125.0
106, 291.0, 126.0
107, 360.0, 126.0
108, 499.0, 126.0
109, 582.0, 126.0
110, 460.0, 127.0
111, 598.0, 127.0
112, 591.0, 128.0
113, 621.0, 130.0
114, 656.0, 130.0
115, 661.0, 130.0
116, 316.0, 131.0
117, 336.0, 132.0
118, 667.0, 132.0
119, 435.0, 133.0
120, 461.0, 134.0
121, 497.0, 136.0
122, 300.0, 139.0
123, 305.0, 139.0
124, 495.0, 142.0
125, 416.0, 144.0
126, 461.0, 144.0
127, 438.0, 146.0
128, 494.0, 147.0
129, 143.0, 152.0
130, 90.0, 156.0
131, 82.0, 157.0
132, 96.0, 157.0
133, 472.0, 157.0
134, 467.0, 158.0
135, 492.0, 159.0
136, 656.0, 159.0
137, 45.0, 160.0
138, 40.0, 161.0
139, 32.0, 162.0
140, 585.0, 164.0
141, 655.0, 164.0
142, 17.0, 165.0
143, 602.0, 165.0
144, 349.0, 166.0
145, 460.0, 167.0
146, 292.0, 169.0
147, 654.0, 169.0
148, 315.0, 174.0
149, 330.0, 174.0
150, 489.0, 178.0
151, 559.0, 178.0
152, 607.0, 178.0
153, 299.0, 180.0
154, 715.0, 181.0
155, 288.0, 183.0
156, 724.0, 183.0
157, 280.0, 184.0
158, 733.0, 184.0
159, 272.0, 185.0
160, 438.0, 185.0
161, 739.0, 185.0
162, 264.0, 186.0
163, 484.0, 187.0
164, 711.0, 187.0
165, 652.0, 188.0
166, 428.0, 191.0
167, 722.0, 191.0
168, 321.0, 192.0
169, 423.0, 192.0
170, 710.0, 192.0
171, 738.0, 193.0
172, 743.0, 194.0
173, 300.0, 195.0
174, 644.0, 195.0
175, 709.0, 197.0
176, 719.0, 197.0
177, 290.0, 198.0
178, 369.0, 199.0
179, 726.0, 199.0
180, 281.0, 200.0
181, 643.0, 200.0
182, 664.0, 200.0
183, 735.0, 200.0
184, 301.0, 201.0
185, 471.0, 201.0
186, 357.0, 202.0
187, 363.0, 202.0
188, 708.0, 202.0
189, 373.0, 204.0
190, 617.0, 204.0
191, 716.0, 205.0
192, 302.0, 206.0
193, 628.0, 206.0
194, 297.0, 207.0
195, 692.0, 208.0
196, 705.0, 208.0
197, 740.0, 208.0
198, 159.0, 209.0
199, 676.0, 209.0
200, 326.0, 211.0
201, 303.0, 212.0
202, 621.0, 212.0
203, 317.0, 213.0
204, 264.0, 214.0
205, 743.0, 215.0
206, 171.0, 216.0
207, 637.0, 216.0
208, 703.0, 216.0
209, 738.0, 216.0
210, 659.0, 217.0
211, 716.0, 217.0
212, 711.0, 218.0
213, 272.0, 219.0
214, 304.0, 219.0
215, 670.0, 219.0
216, 703.0, 221.0
217, 727.0, 221.0
218, 692.0, 222.0
219, 735.0, 223.0
220, 743.0, 224.0
221, 266.0, 226.0
222, 713.0, 226.0
223, 163.0, 227.0
224, 656.0, 227.0
225, 666.0, 229.0
226, 228.0, 230.0
227, 384.0, 230.0
228, 702.0, 232.0
229, 715.0, 232.0
230, 165.0, 234.0
231, 723.0, 234.0
232, 730.0, 234.0
233, 366.0, 236.0
234, 201.0, 237.0
235, 702.0, 237.0
236, 739.0, 238.0
237, 166.0, 240.0
238, 713.0, 240.0
239, 214.0, 241.0
240, 720.0, 242.0
241, 369.0, 243.0
242, 632.0, 243.0
243, 180.0, 244.0
244, 728.0, 244.0
245, 335.0, 245.0
246, 701.0, 245.0
247, 694.0, 246.0
248, 736.0, 246.0
249, 743.0, 247.0
250, 206.0, 250.0
251, 327.0, 250.0
252, 167.0, 251.0
253, 710.0, 251.0
254, 196.0, 252.0
255, 692.0, 254.0
256, 352.0, 255.0
257, 309.0, 256.0
258, 721.0, 256.0
259, 188.0, 259.0
260, 168.0, 263.0
261, 242.0, 264.0
262, 640.0, 264.0
263, 323.0, 265.0
264, 692.0, 265.0
265, 351.0, 267.0
266, 135.0, 268.0
267, 406.0, 268.0
268, 721.0, 269.0
269, 127.0, 271.0
270, 642.0, 271.0
271, 702.0, 271.0
272, 707.0, 274.0
273, 727.0, 275.0
274, 313.0, 280.0
275, 379.0, 282.0
276, 686.0, 282.0
277, 696.0, 284.0
278, 392.0, 285.0
279, 325.0, 286.0
280, 351.0, 286.0
281, 480.0, 288.0
282, 115.0, 292.0
283, 313.0, 294.0
284, 682.0, 294.0
285, 693.0, 294.0
286, 703.0, 297.0
287, 111.0, 301.0
288, 728.0, 301.0
289, 678.0, 307.0
290, 709.0, 307.0
291, 352.0, 309.0
292, 710.0, 312.0
293, 659.0, 313.0
294, 668.0, 315.0
295, 675.0, 318.0
296, 354.0, 321.0
297, 665.0, 324.0
298, 715.0, 326.0
299, 587.0, 329.0
300, 739.0, 331.0
301, 665.0, 336.0
302, 636.0, 342.0
303, 641.0, 343.0
304, 353.0, 347.0
305, 663.0, 352.0
306, 729.0, 352.0
307, 698.0, 355.0
308, 523.0, 357.0
309, 350.0, 358.0
310, 702.0, 360.0
311, 349.0, 363.0
312, 741.0, 364.0
313, 647.0, 367.0
314, 656.0, 367.0
315, 724.0, 367.0
316, 351.0, 368.0
317, 712.0, 371.0
318, 648.0, 372.0
319, 741.0, 372.0
320, 353.0, 373.0
321, 358.0, 375.0
322, 495.0, 377.0
323, 647.0, 381.0
324, 660.0, 383.0
325, 718.0, 384.0
326, 150.0, 385.0
327, 654.0, 388.0
328, 691.0, 391.0
329, 644.0, 395.0
330, 714.0, 398.0
331, 664.0, 399.0
332, 302.0, 401.0
333, 343.0, 401.0
334, 671.0, 401.0
335, 290.0, 402.0
336, 358.0, 403.0
337, 740.0, 405.0
338, 176.0, 407.0
339, 181.0, 407.0
340, 633.0, 407.0
341, 681.0, 409.0
342, 167.0, 412.0
343, 323.0, 412.0
344, 610.0, 412.0
345, 263.0, 415.0
346, 645.0, 419.0
347, 358.0, 420.0
348, 700.0, 420.0
349, 607.0, 424.0
350, 646.0, 424.0
351, 663.0, 428.0
352, 355.0, 432.0
353, 677.0, 432.0
354, 644.0, 435.0
355, 209.0, 439.0
356, 628.0, 445.0
357, 641.0, 445.0
358, 634.0, 446.0
359, 362.0, 457.0
360, 509.0, 461.0
361, 345.0, 465.0
362, 700.0, 470.0
363, 338.0, 471.0
364, 628.0, 471.0
