0, 145.0, 317.0
1, 358.0, 416.0
2, 311.0, 408.0
3, 280.0, 331.0
4, 463.0, 279.0
5, 337.0, 364.0
6, 479.0, 329.0
7, 104.0, 420.0
8, 343.0, 414.0
9, 429.0, 176.0
10, 388.0, 335.0
11, 434.0, 148.0
12, 452.0, 146.0
13, 459.0, 160.0
14, 400.0, 342.0
15, 25.0, 387.0
16, 320.0, 280.0
17, 332.0, 397.0
18, 442.0, 184.0
19, 173.0, 406.0
20, 563.0, 168.0
21, 57.0, 220.0
22, 153.0, 383.0
23, 241.0, 307.0
24, 404.0, 313.0
25, 453.0, 193.0
26, 402.0, 265.0
27, 490.0, 142.0
28, 441.0, 136.0
29, 220.0, 388.0
30, 340.0, 233.0
31, 148.0, 397.0
32, 241.0, 286.0
33, 295.0, 372.0
34, 381.0, 343.0
35, 296.0, 358.0
36, 48.0, 212.0
37, 464.0, 356.0
38, 288.0, 344.0
39, 90.0, 336.0
40, 348.0, 328.0
41, 94.0, 426.0
42, 392.0, 280.0
43, 511.0, 306.0
44, 182.0, 302.0
45, 610.0, 185.0
46, 13.0, 292.0
47, 171.0, 322.0
48, 453.0, 371.0
49, 513.0, 243.0
50, 321.0, 425.0
51, 12.0, 393.0
52, 130.0, 355.0
53, 425.0, 56.0
54, 207.0, 471.0
55, 461.0, 175.0
56, 26.0, 370.0
57, 338.0, 247.0
58, 403.0, 55.0
59, 396.0, 384.0
60, 31.0, 288.0
61, 115.0, 354.0
62, 390.0, 319.0
63, 232.0, 293.0
64, 127.0, 366.0
65, 382.0, 291.0
66, 430.0, 250.0
67, 465.0, 138.0
68, 446.0, 261.0
69, 256.0, 354.0
70, 430.0, 135.0
71, 312.0, 265.0
72, 537.0, 102.0
73, 181.0, 390.0
74, 189.0, 382.0
75, 176.0, 375.0
76, 458.0, 255.0
77, 488.0, 157.0
78, 481.0, 409.0
79, 132.0, 409.0
80, 355.0, 365.0
81, 124.0, 34.0
82, 56.0, 252.0
83, 213.0, 343.0
84, 478.0, 296.0
85, 495.0, 305.0
86, 410.0, 270.0
87, 96.0, 437.0
88, 48.0, 222.0
89, 631.0, 193.0
90, 477.0, 349.0
91, 266.0, 369.0
92, 16.0, 267.0
93, 374.0, 353.0
94, 571.0, 106.0
95, 432.0, 345.0
96, 261.0, 342.0
97, 94.0, 291.0
98, 43.0, 307.0
99, 198.0, 361.0
100, 372.0, 377.0
101, 112.0, 411.0
102, 331.0, 233.0
103, 364.0, 365.0
104, 739.0, 128.0
105, 263.0, 350.0
106, 93.0, 323.0
107, 341.0, 270.0
108, 341.0, 378.0
109, 162.0, 326.0
110, 54.0, 245.0
111, 540.0, 89.0
112, 84.0, 326.0
113, 182.0, 366.0
114, 435.0, 165.0
115, 476.0, 403.0
116, 398.0, 246.0
117, 54.0, 274.0
118, 345.0, 364.0
119, 233.0, 399.0
120, 77.0, 417.0
121, 143.0, 448.0
122, 31.0, 225.0
123, 29.0, 342.0
124, 556.0, 17.0
125, 501.0, 368.0
126, 362.0, 288.0
127, 89.0, 351.0
128, 446.0, 169.0
129, 28.0, 355.0
130, 254.0, 344.0
131, 428.0, 14.0
132, 340.0, 81.0
133, 406.0, 15.0
134, 631.0, 316.0
135, 30.0, 305.0
136, 399.0, 322.0
137, 139.0, 393.0
138, 443.0, 442.0
139, 532.0, 11.0
140, 378.0, 81.0
141, 215.0, 407.0
142, 426.0, 326.0
143, 701.0, 336.0
144, 615.0, 8.0
145, 192.0, 33.0
146, 46.0, 388.0
147, 358.0, 99.0
148, 369.0, 271.0
149, 337.0, 258.0
150, 359.0, 339.0
151, 187.0, 419.0
152, 610.0, 26.0
153, 416.0, 356.0
154, 355.0, 263.0
155, 357.0, 69.0
156, 122.0, 401.0
157, 197.0, 416.0
158, 578.0, 265.0
159, 253.0, 288.0
160, 288.0, 387.0
161, 240.0, 337.0
162, 144.0, 355.0
163, 20.0, 282.0
164, 29.0, 280.0
165, 14.0, 228.0
166, 16.0, 236.0
167, 99.0, 392.0
168, 346.0, 261.0
169, 378.0, 57.0
170, 419.0, 337.0
171, 401.0, 354.0
172, 171.0, 294.0
173, 371.0, 259.0
174, 395.0, 256.0
175, 58.0, 466.0
176, 412.0, 295.0
177, 280.0, 37.0
178, 23.0, 259.0
179, 341.0, 99.0
180, 302.0, 155.0
181, 14.0, 260.0
182, 262.0, 444.0
183, 426.0, 34.0
184, 674.0, 300.0
185, 8.0, 238.0
186, 305.0, 287.0
187, 23.0, 226.0
188, 70.0, 404.0
189, 318.0, 374.0
190, 176.0, 417.0
191, 442.0, 274.0
192, 63.0, 242.0
193, 167.0, 247.0
194, 39.0, 286.0
195, 72.0, 279.0
196, 549.0, 140.0
197, 643.0, 311.0
198, 569.0, 191.0
199, 67.0, 442.0
200, 38.0, 424.0
201, 141.0, 383.0
202, 100.0, 337.0
203, 486.0, 370.0
204, 648.0, 190.0
205, 649.0, 398.0
206, 50.0, 230.0
207, 228.0, 350.0
208, 358.0, 82.0
209, 59.0, 229.0
210, 496.0, 95.0
211, 490.0, 350.0
212, 336.0, 308.0
213, 272.0, 340.0
214, 185.0, 437.0
215, 196.0, 335.0
216, 446.0, 387.0
217, 302.0, 305.0
218, 23.0, 290.0
219, 188.0, 293.0
220, 244.0, 352.0
221, 442.0, 155.0
222, 56.0, 283.0
223, 131.0, 75.0
224, 685.0, 350.0
225, 209.0, 350.0
226, 121.0, 417.0
227, 22.0, 470.0
228, 682.0, 23.0
229, 445.0, 412.0
230, 665.0, 378.0
231, 412.0, 85.0
232, 340.0, 298.0
233, 25.0, 235.0
234, 260.0, 296.0
235, 214.0, 457.0
236, 46.0, 246.0
237, 296.0, 261.0
238, 383.0, 325.0
239, 377.0, 110.0
240, 245.0, 273.0
241, 489.0, 422.0
242, 353.0, 431.0
243, 119.0, 23.0
244, 362.0, 379.0
245, 21.0, 251.0
246, 618.0, 265.0
247, 150.0, 168.0
248, 183.0, 400.0
249, 400.0, 332.0
250, 87.0, 391.0
251, 495.0, 401.0
252, 525.0, 176.0
253, 40.0, 465.0
254, 645.0, 155.0
255, 592.0, 347.0
256, 731.0, 158.0
257, 433.0, 278.0
258, 417.0, 344.0
259, 154.0, 184.0
260, 393.0, 372.0
261, 188.0, 405.0
262, 50.0, 261.0
263, 393.0, 349.0
264, 490.0, 396.0
265, 377.0, 318.0
266, 444.0, 338.0
267, 440.0, 329.0
268, 119.0, 340.0
269, 185.0, 335.0
270, 335.0, 281.0
271, 52.0, 237.0
272, 410.0, 253.0
273, 212.0, 384.0
274, 25.0, 404.0
275, 407.0, 201.0
276, 302.0, 326.0
277, 250.0, 419.0
278, 292.0, 219.0
279, 38.0, 180.0
280, 45.0, 202.0
281, 40.0, 224.0
282, 328.0, 376.0
283, 27.0, 273.0
284, 144.0, 341.0
285, 304.0, 369.0
286, 225.0, 285.0
287, 574.0, 177.0
288, 244.0, 367.0
289, 181.0, 313.0
290, 69.0, 264.0
291, 150.0, 32.0
292, 37.0, 278.0
293, 357.0, 248.0
294, 33.0, 233.0
295, 11.0, 86.0
296, 452.0, 175.0
297, 576.0, 276.0
298, 583.0, 249.0
299, 657.0, 112.0
300, 477.0, 123.0
301, 422.0, 289.0
302, 575.0, 287.0
303, 306.0, 351.0
304, 224.0, 399.0
305, 60.0, 266.0
306, 81.0, 359.0
307, 207.0, 414.0
308, 412.0, 110.0
309, 48.0, 284.0
310, 666.0, 319.0
311, 128.0, 63.0
312, 12.0, 253.0
313, 461.0, 230.0
314, 33.0, 438.0
315, 267.0, 310.0
316, 723.0, 321.0
317, 681.0, 119.0
318, 29.0, 149.0
319, 626.0, 209.0
320, 456.0, 332.0
321, 13.0, 351.0
322, 10.0, 245.0
323, 14.0, 374.0
324, 549.0, 48.0
325, 442.0, 306.0
326, 16.0, 302.0
327, 335.0, 111.0
328, 381.0, 266.0
329, 197.0, 282.0
330, 199.0, 350.0
331, 261.0, 327.0
332, 327.0, 412.0
333, 154.0, 305.0
334, 135.0, 454.0
335, 162.0, 226.0
336, 547.0, 260.0
337, 149.0, 56.0
338, 449.0, 226.0
339, 338.0, 214.0
340, 158.0, 209.0
341, 323.0, 363.0
342, 387.0, 270.0
343, 410.0, 348.0
344, 720.0, 369.0
345, 420.0, 259.0
346, 288.0, 163.0
347, 488.0, 437.0
348, 590.0, 106.0
349, 137.0, 331.0
350, 421.0, 297.0
351, 338.0, 55.0
352, 592.0, 180.0
353, 212.0, 34.0
354, 332.0, 413.0
355, 428.0, 313.0
356, 574.0, 12.0
357, 48.0, 253.0
358, 277.0, 355.0
359, 40.0, 255.0
360, 672.0, 82.0
361, 36.0, 244.0
362, 34.0, 264.0
363, 44.0, 452.0
364, 155.0, 312.0
365, 520.0, 81.0
366, 634.0, 129.0
367, 656.0, 24.0
368, 464.0, 216.0
369, 50.0, 461.0
370, 95.0, 365.0
371, 418.0, 309.0
372, 714.0, 137.0
373, 34.0, 166.0
374, 61.0, 272.0
375, 561.0, 80.0
376, 343.0, 441.0
377, 637.0, 412.0
378, 67.0, 257.0
379, 699.0, 229.0
380, 11.0, 412.0
381, 44.0, 265.0
382, 468.0, 288.0
383, 405.0, 32.0
384, 433.0, 268.0
385, 423.0, 270.0
386, 738.0, 308.0
387, 364.0, 440.0
388, 65.0, 251.0
389, 46.0, 276.0
390, 21.0, 123.0
391, 448.0, 307.0
392, 84.0, 269.0
393, 184.0, 322.0
394, 237.0, 385.0
395, 194.0, 393.0
396, 328.0, 407.0
397, 693.0, 252.0
398, 29.0, 249.0
399, 67.0, 426.0
400, 344.0, 371.0
401, 351.0, 271.0
402, 251.0, 321.0
403, 21.0, 463.0
404, 152.0, 467.0
405, 593.0, 73.0
406, 575.0, 359.0
407, 198.0, 426.0
408, 161.0, 86.0
409, 18.0, 244.0
410, 198.0, 319.0
411, 170.0, 130.0
412, 9.0, 277.0
413, 703.0, 358.0
414, 134.0, 442.0
415, 285.0, 123.0
416, 110.0, 377.0
417, 224.0, 329.0
418, 627.0, 86.0
419, 282.0, 360.0
420, 320.0, 303.0
421, 220.0, 334.0
422, 513.0, 230.0
423, 404.0, 289.0
424, 139.0, 434.0
425, 555.0, 226.0
426, 63.0, 281.0
427, 133.0, 86.0
428, 623.0, 133.0
429, 334.0, 298.0
430, 394.0, 328.0
431, 52.0, 331.0
432, 160.0, 363.0
433, 24.0, 265.0
434, 42.0, 232.0
435, 637.0, 12.0
436, 468.0, 322.0
437, 41.0, 272.0
438, 135.0, 326.0
439, 303.0, 360.0
440, 196.0, 379.0
441, 30.0, 254.0
442, 351.0, 442.0
443, 164.0, 351.0
444, 22.0, 319.0
445, 111.0, 263.0
446, 531.0, 123.0
447, 91.0, 400.0
448, 363.0, 323.0
449, 101.0, 383.0
450, 61.0, 236.0
451, 284.0, 465.0
452, 517.0, 32.0
453, 332.0, 157.0
454, 282.0, 81.0
455, 28.0, 243.0
456, 383.0, 256.0
457, 431.0, 290.0
458, 175.0, 332.0
459, 288.0, 324.0
460, 210.0, 397.0
461, 484.0, 227.0
462, 340.0, 16.0
463, 297.0, 331.0
464, 173.0, 355.0
465, 235.0, 356.0
466, 216.0, 372.0
467, 10.0, 443.0
468, 263.0, 305.0
469, 224.0, 364.0
470, 414.0, 243.0
471, 317.0, 308.0
472, 371.0, 326.0
473, 126.0, 372.0
474, 207.0, 362.0
475, 114.0, 397.0
476, 42.0, 193.0
477, 287.0, 375.0
478, 157.0, 462.0
479, 245.0, 381.0
480, 121.0, 314.0
481, 208.0, 318.0
482, 58.0, 419.0
483, 466.0, 364.0
484, 70.0, 269.0
485, 335.0, 378.0
486, 254.0, 365.0
487, 267.0, 377.0
488, 367.0, 336.0
489, 105.0, 404.0
490, 172.0, 412.0
491, 553.0, 355.0
492, 709.0, 232.0
493, 342.0, 68.0
494, 38.0, 249.0
495, 338.0, 42.0
496, 148.0, 158.0
497, 609.0, 127.0
498, 648.0, 77.0
499, 216.0, 287.0
