0, 425.0, 8.0
1, 472.0, 9.0
2, 374.0, 11.0
3, 425.0, 13.0
4, 450.0, 13.0
5, 471.0, 14.0
6, 287.0, 20.0
7, 632.0, 21.0
8, 47.0, 22.0
9, 340.0, 26.0
10, 117.0, 29.0
11, 364.0, 29.0
12, 448.0, 29.0
13, 287.0, 32.0
14, 363.0, 38.0
15, 449.0, 40.0
16, 373.0, 42.0
17, 725.0, 42.0
18, 448.0, 45.0
19, 354.0, 46.0
20, 448.0, 50.0
21, 638.0, 50.0
22, 286.0, 58.0
23, 355.0, 63.0
24, 738.0, 63.0
25, 371.0, 65.0
26, 287.0, 70.0
27, 371.0, 70.0
28, 309.0, 71.0
29, 338.0, 72.0
30, 120.0, 73.0
31, 351.0, 73.0
32, 364.0, 74.0
33, 672.0, 74.0
34, 371.0, 75.0
35, 444.0, 76.0
36, 630.0, 78.0
37, 671.0, 79.0
38, 602.0, 80.0
39, 121.0, 81.0
40, 669.0, 90.0
41, 123.0, 94.0
42, 286.0, 98.0
43, 353.0, 101.0
44, 642.0, 101.0
45, 124.0, 103.0
46, 363.0, 103.0
47, 67.0, 104.0
48, 369.0, 104.0
49, 69.0, 109.0
50, 617.0, 111.0
51, 630.0, 112.0
52, 290.0, 115.0
53, 353.0, 115.0
54, 409.0, 119.0
55, 276.0, 120.0
56, 281.0, 121.0
57, 369.0, 122.0
58, 465.0, 124.0
59, 417.0, 125.0
60, 429.0, 126.0
61, 440.0, 127.0
62, 126.0, 128.0
63, 459.0, 131.0
64, 715.0, 131.0
65, 408.0, 132.0
66, 677.0, 132.0
67, 330.0, 133.0
68, 541.0, 139.0
69, 449.0, 140.0
70, 462.0, 143.0
71, 620.0, 143.0
72, 467.0, 144.0
73, 475.0, 146.0
74, 283.0, 147.0
75, 486.0, 148.0
76, 128.0, 149.0
77, 605.0, 149.0
78, 555.0, 150.0
79, 496.0, 151.0
80, 503.0, 153.0
81, 509.0, 154.0
82, 654.0, 154.0
83, 514.0, 156.0
84, 635.0, 157.0
85, 521.0, 158.0
86, 526.0, 159.0
87, 592.0, 159.0
88, 531.0, 160.0
89, 536.0, 161.0
90, 541.0, 162.0
91, 547.0, 164.0
92, 552.0, 166.0
93, 563.0, 169.0
94, 568.0, 170.0
95, 284.0, 171.0
96, 574.0, 171.0
97, 579.0, 172.0
98, 587.0, 173.0
99, 473.0, 176.0
100, 497.0, 180.0
101, 639.0, 180.0
102, 628.0, 181.0
103, 293.0, 182.0
104, 90.0, 184.0
105, 262.0, 188.0
106, 154.0, 189.0
107, 651.0, 191.0
108, 557.0, 192.0
109, 143.0, 193.0
110, 565.0, 193.0
111, 602.0, 193.0
112, 96.0, 194.0
113, 133.0, 194.0
114, 269.0, 194.0
115, 168.0, 195.0
116, 215.0, 195.0
117, 226.0, 195.0
118, 61.0, 197.0
119, 251.0, 198.0
120, 102.0, 199.0
121, 111.0, 199.0
122, 234.0, 199.0
123, 243.0, 199.0
124, 269.0, 200.0
125, 193.0, 202.0
126, 610.0, 202.0
127, 211.0, 203.0
128, 698.0, 203.0
129, 480.0, 204.0
130, 120.0, 206.0
131, 522.0, 206.0
132, 138.0, 208.0
133, 213.0, 208.0
134, 253.0, 208.0
135, 264.0, 208.0
136, 238.0, 209.0
137, 276.0, 210.0
138, 637.0, 210.0
139, 185.0, 214.0
140, 190.0, 214.0
141, 204.0, 214.0
142, 271.0, 215.0
143, 175.0, 216.0
144, 422.0, 216.0
145, 159.0, 217.0
146, 164.0, 217.0
147, 280.0, 217.0
148, 151.0, 218.0
149, 138.0, 219.0
150, 258.0, 219.0
151, 251.0, 220.0
152, 119.0, 221.0
153, 126.0, 221.0
154, 244.0, 221.0
155, 498.0, 221.0
156, 642.0, 221.0
157, 226.0, 223.0
158, 232.0, 223.0
159, 216.0, 224.0
160, 221.0, 224.0
161, 198.0, 225.0
162, 207.0, 225.0
163, 193.0, 227.0
164, 178.0, 228.0
165, 185.0, 228.0
166, 173.0, 229.0
167, 107.0, 230.0
168, 161.0, 230.0
169, 166.0, 230.0
170, 154.0, 231.0
171, 135.0, 232.0
172, 144.0, 232.0
173, 149.0, 232.0
174, 640.0, 233.0
175, 127.0, 234.0
176, 117.0, 236.0
177, 482.0, 238.0
178, 539.0, 240.0
179, 614.0, 243.0
180, 626.0, 243.0
181, 312.0, 248.0
182, 569.0, 248.0
183, 506.0, 252.0
184, 633.0, 252.0
185, 668.0, 256.0
186, 468.0, 257.0
187, 434.0, 265.0
188, 564.0, 266.0
189, 519.0, 268.0
190, 632.0, 268.0
191, 589.0, 272.0
192, 541.0, 273.0
193, 575.0, 273.0
194, 494.0, 280.0
195, 586.0, 280.0
196, 295.0, 282.0
197, 289.0, 283.0
198, 433.0, 283.0
199, 424.0, 287.0
200, 280.0, 288.0
201, 426.0, 292.0
202, 396.0, 295.0
203, 431.0, 300.0
204, 364.0, 303.0
205, 274.0, 304.0
206, 588.0, 304.0
207, 518.0, 305.0
208, 262.0, 306.0
209, 256.0, 308.0
210, 250.0, 309.0
211, 243.0, 311.0
212, 236.0, 312.0
213, 328.0, 312.0
214, 224.0, 314.0
215, 229.0, 314.0
216, 216.0, 316.0
217, 211.0, 317.0
218, 422.0, 318.0
219, 203.0, 319.0
220, 302.0, 319.0
221, 196.0, 320.0
222, 189.0, 321.0
223, 291.0, 321.0
224, 408.0, 322.0
225, 182.0, 323.0
226, 173.0, 325.0
227, 166.0, 326.0
228, 159.0, 328.0
229, 151.0, 329.0
230, 142.0, 331.0
231, 134.0, 333.0
232, 398.0, 333.0
233, 564.0, 335.0
234, 132.0, 338.0
235, 485.0, 339.0
236, 600.0, 339.0
237, 130.0, 348.0
238, 435.0, 354.0
239, 303.0, 357.0
240, 613.0, 362.0
241, 128.0, 363.0
242, 274.0, 363.0
243, 512.0, 363.0
244, 255.0, 365.0
245, 266.0, 366.0
246, 505.0, 367.0
247, 420.0, 372.0
248, 444.0, 372.0
249, 508.0, 372.0
250, 743.0, 372.0
251, 254.0, 374.0
252, 126.0, 377.0
253, 524.0, 377.0
254, 588.0, 379.0
255, 550.0, 385.0
256, 536.0, 389.0
257, 631.0, 390.0
258, 593.0, 391.0
259, 604.0, 392.0
260, 443.0, 408.0
261, 592.0, 412.0
262, 566.0, 413.0
263, 352.0, 415.0
264, 245.0, 416.0
265, 315.0, 416.0
266, 508.0, 419.0
267, 207.0, 422.0
268, 424.0, 424.0
269, 246.0, 426.0
270, 286.0, 430.0
271, 387.0, 431.0
272, 661.0, 432.0
273, 387.0, 437.0
274, 452.0, 442.0
275, 698.0, 451.0
276, 246.0, 454.0
277, 260.0, 454.0
278, 730.0, 454.0
279, 143.0, 456.0
280, 116.0, 457.0
281, 461.0, 457.0
282, 741.0, 459.0
283, 454.0, 460.0
284, 705.0, 463.0
285, 342.0, 466.0
286, 678.0, 466.0
287, 520.0, 470.0
288, 113.0, 471.0
289, 505.0, 471.0
