0, 15.0, 419.0
1, 51.0, 452.0
2, 28.0, 410.0
3, 22.0, 430.0
4, 493.0, 405.0
5, 57.0, 463.0
6, 34.0, 451.0
7, 403.0, 423.0
8, 519.0, 356.0
9, 669.0, 395.0
10, 348.0, 287.0
11, 509.0, 348.0
12, 29.0, 379.0
13, 545.0, 24.0
14, 8.0, 376.0
15, 268.0, 436.0
16, 9.0, 408.0
17, 39.0, 462.0
18, 353.0, 348.0
19, 542.0, 375.0
20, 522.0, 452.0
21, 501.0, 417.0
22, 532.0, 325.0
23, 345.0, 34.0
24, 28.0, 441.0
25, 41.0, 400.0
26, 400.0, 373.0
27, 684.0, 403.0
28, 9.0, 440.0
29, 555.0, 147.0
30, 291.0, 370.0
31, 272.0, 415.0
32, 379.0, 280.0
33, 496.0, 145.0
34, 498.0, 444.0
35, 540.0, 359.0
36, 354.0, 454.0
37, 594.0, 417.0
38, 35.0, 390.0
39, 461.0, 213.0
40, 22.0, 399.0
41, 718.0, 346.0
42, 452.0, 312.0
43, 369.0, 271.0
44, 382.0, 362.0
45, 45.0, 442.0
46, 274.0, 403.0
47, 456.0, 295.0
48, 353.0, 423.0
49, 709.0, 344.0
50, 559.0, 454.0
51, 494.0, 452.0
52, 453.0, 467.0
53, 546.0, 465.0
54, 413.0, 297.0
55, 471.0, 391.0
56, 58.0, 431.0
57, 509.0, 292.0
58, 319.0, 441.0
59, 729.0, 395.0
60, 670.0, 15.0
61, 596.0, 336.0
62, 507.0, 405.0
63, 23.0, 366.0
64, 295.0, 347.0
65, 16.0, 451.0
66, 346.0, 399.0
67, 486.0, 309.0
68, 633.0, 163.0
69, 417.0, 344.0
70, 367.0, 298.0
71, 63.0, 440.0
72, 316.0, 450.0
73, 327.0, 33.0
74, 578.0, 210.0
75, 740.0, 167.0
76, 52.0, 421.0
77, 312.0, 398.0
78, 488.0, 428.0
79, 560.0, 42.0
80, 493.0, 435.0
81, 553.0, 310.0
82, 453.0, 342.0
83, 331.0, 18.0
84, 475.0, 23.0
85, 576.0, 223.0
86, 533.0, 446.0
87, 614.0, 13.0
88, 431.0, 279.0
89, 326.0, 48.0
90, 334.0, 328.0
91, 319.0, 332.0
92, 450.0, 447.0
93, 46.0, 411.0
94, 494.0, 388.0
95, 685.0, 430.0
96, 482.0, 331.0
97, 481.0, 454.0
98, 311.0, 8.0
99, 445.0, 359.0
100, 466.0, 348.0
101, 637.0, 23.0
102, 433.0, 236.0
103, 686.0, 438.0
104, 233.0, 72.0
105, 16.0, 388.0
106, 276.0, 428.0
107, 520.0, 371.0
108, 34.0, 421.0
109, 569.0, 434.0
110, 514.0, 334.0
111, 381.0, 386.0
112, 392.0, 339.0
113, 321.0, 343.0
114, 498.0, 293.0
115, 307.0, 342.0
116, 475.0, 445.0
117, 334.0, 414.0
118, 597.0, 467.0
119, 601.0, 89.0
120, 455.0, 372.0
121, 673.0, 426.0
122, 581.0, 430.0
123, 572.0, 322.0
124, 397.0, 189.0
125, 327.0, 439.0
126, 376.0, 292.0
127, 40.0, 431.0
128, 725.0, 155.0
129, 365.0, 427.0
130, 686.0, 14.0
131, 288.0, 430.0
132, 524.0, 435.0
133, 462.0, 467.0
134, 583.0, 460.0
135, 484.0, 254.0
136, 284.0, 379.0
137, 528.0, 462.0
138, 443.0, 251.0
139, 172.0, 22.0
140, 555.0, 286.0
141, 736.0, 380.0
142, 460.0, 249.0
143, 422.0, 268.0
144, 343.0, 419.0
145, 178.0, 38.0
146, 438.0, 380.0
147, 338.0, 445.0
148, 346.0, 73.0
149, 409.0, 264.0
150, 513.0, 303.0
151, 438.0, 348.0
152, 70.0, 452.0
153, 384.0, 185.0
154, 279.0, 436.0
155, 488.0, 414.0
156, 130.0, 222.0
157, 335.0, 437.0
158, 471.0, 467.0
159, 503.0, 471.0
160, 429.0, 150.0
161, 354.0, 413.0
162, 272.0, 368.0
163, 487.0, 467.0
164, 417.0, 284.0
165, 430.0, 99.0
166, 344.0, 433.0
167, 689.0, 308.0
168, 742.0, 414.0
169, 449.0, 438.0
170, 738.0, 306.0
171, 509.0, 99.0
172, 303.0, 385.0
173, 298.0, 451.0
174, 505.0, 252.0
175, 472.0, 361.0
176, 542.0, 456.0
177, 372.0, 465.0
178, 21.0, 462.0
179, 506.0, 457.0
180, 327.0, 451.0
181, 337.0, 428.0
182, 359.0, 431.0
183, 377.0, 142.0
184, 486.0, 370.0
185, 363.0, 367.0
186, 422.0, 257.0
187, 367.0, 181.0
188, 441.0, 150.0
189, 518.0, 319.0
190, 334.0, 236.0
191, 142.0, 440.0
192, 400.0, 271.0
193, 414.0, 362.0
194, 519.0, 428.0
195, 414.0, 444.0
196, 504.0, 432.0
197, 621.0, 351.0
198, 458.0, 351.0
199, 576.0, 304.0
200, 508.0, 77.0
201, 256.0, 439.0
202, 272.0, 41.0
203, 312.0, 409.0
204, 387.0, 432.0
205, 516.0, 44.0
206, 694.0, 153.0
207, 495.0, 302.0
208, 337.0, 50.0
209, 81.0, 26.0
210, 700.0, 317.0
211, 388.0, 246.0
212, 649.0, 368.0
213, 324.0, 407.0
214, 303.0, 407.0
215, 468.0, 447.0
216, 599.0, 100.0
217, 725.0, 167.0
218, 727.0, 446.0
219, 395.0, 366.0
220, 646.0, 465.0
221, 453.0, 34.0
222, 326.0, 359.0
223, 193.0, 39.0
224, 500.0, 266.0
225, 532.0, 289.0
226, 469.0, 91.0
227, 416.0, 14.0
228, 416.0, 248.0
229, 10.0, 471.0
230, 475.0, 38.0
231, 542.0, 301.0
232, 85.0, 41.0
233, 644.0, 147.0
234, 292.0, 438.0
235, 322.0, 430.0
236, 346.0, 265.0
237, 537.0, 411.0
238, 374.0, 400.0
239, 718.0, 409.0
240, 597.0, 435.0
241, 716.0, 320.0
242, 511.0, 442.0
243, 446.0, 415.0
244, 337.0, 61.0
245, 370.0, 155.0
246, 736.0, 194.0
247, 311.0, 461.0
248, 387.0, 169.0
249, 504.0, 160.0
250, 301.0, 358.0
251, 359.0, 14.0
252, 468.0, 101.0
253, 420.0, 454.0
254, 468.0, 430.0
255, 459.0, 439.0
256, 484.0, 206.0
257, 560.0, 77.0
258, 646.0, 433.0
259, 440.0, 398.0
260, 436.0, 445.0
261, 54.0, 377.0
262, 430.0, 138.0
263, 482.0, 128.0
264, 409.0, 466.0
265, 391.0, 148.0
266, 411.0, 183.0
267, 425.0, 468.0
268, 407.0, 401.0
269, 553.0, 98.0
270, 375.0, 358.0
271, 724.0, 361.0
272, 308.0, 426.0
273, 344.0, 383.0
274, 627.0, 468.0
275, 214.0, 464.0
276, 134.0, 236.0
277, 610.0, 30.0
278, 576.0, 193.0
279, 328.0, 71.0
280, 302.0, 436.0
281, 463.0, 393.0
282, 708.0, 174.0
283, 300.0, 422.0
284, 413.0, 125.0
285, 399.0, 471.0
286, 397.0, 318.0
287, 597.0, 118.0
288, 543.0, 161.0
289, 266.0, 379.0
290, 422.0, 329.0
291, 354.0, 391.0
292, 456.0, 10.0
293, 329.0, 405.0
294, 424.0, 235.0
295, 290.0, 27.0
296, 336.0, 211.0
297, 367.0, 440.0
298, 602.0, 225.0
299, 387.0, 377.0
300, 422.0, 445.0
301, 332.0, 125.0
302, 693.0, 445.0
303, 405.0, 342.0
304, 466.0, 118.0
305, 382.0, 461.0
306, 559.0, 23.0
307, 139.0, 258.0
308, 395.0, 174.0
309, 429.0, 363.0
310, 291.0, 43.0
311, 559.0, 230.0
312, 497.0, 329.0
313, 560.0, 363.0
314, 681.0, 387.0
315, 421.0, 463.0
316, 387.0, 289.0
317, 687.0, 210.0
318, 335.0, 289.0
319, 494.0, 317.0
320, 649.0, 95.0
321, 571.0, 368.0
322, 377.0, 269.0
323, 532.0, 366.0
324, 260.0, 9.0
325, 732.0, 364.0
326, 468.0, 314.0
327, 488.0, 350.0
328, 426.0, 400.0
329, 240.0, 122.0
330, 292.0, 459.0
331, 573.0, 417.0
332, 420.0, 373.0
333, 496.0, 101.0
334, 398.0, 263.0
335, 367.0, 335.0
336, 105.0, 121.0
337, 289.0, 391.0
338, 424.0, 390.0
339, 434.0, 26.0
340, 437.0, 471.0
341, 679.0, 456.0
342, 439.0, 272.0
343, 259.0, 401.0
344, 310.0, 332.0
345, 335.0, 267.0
346, 163.0, 342.0
347, 461.0, 417.0
348, 346.0, 126.0
349, 474.0, 252.0
350, 356.0, 267.0
351, 395.0, 387.0
352, 400.0, 462.0
353, 518.0, 211.0
354, 347.0, 198.0
355, 305.0, 321.0
356, 406.0, 139.0
357, 729.0, 337.0
358, 704.0, 440.0
359, 622.0, 133.0
360, 348.0, 213.0
361, 255.0, 381.0
362, 384.0, 399.0
363, 448.0, 262.0
364, 377.0, 307.0
365, 732.0, 323.0
366, 149.0, 39.0
367, 239.0, 453.0
368, 448.0, 396.0
369, 346.0, 440.0
370, 283.0, 453.0
371, 409.0, 219.0
372, 543.0, 202.0
373, 386.0, 261.0
374, 404.0, 247.0
375, 161.0, 39.0
376, 320.0, 390.0
377, 603.0, 313.0
378, 380.0, 351.0
379, 424.0, 352.0
380, 265.0, 452.0
381, 276.0, 346.0
382, 149.0, 296.0
383, 243.0, 72.0
384, 517.0, 32.0
385, 288.0, 466.0
386, 507.0, 425.0
387, 452.0, 87.0
388, 364.0, 143.0
389, 274.0, 61.0
390, 101.0, 106.0
391, 388.0, 451.0
392, 383.0, 410.0
393, 392.0, 280.0
394, 264.0, 430.0
395, 380.0, 158.0
396, 232.0, 457.0
397, 668.0, 450.0
398, 429.0, 368.0
399, 656.0, 292.0
400, 535.0, 279.0
401, 548.0, 354.0
402, 534.0, 471.0
403, 429.0, 183.0
404, 454.0, 412.0
405, 440.0, 12.0
406, 331.0, 340.0
407, 363.0, 408.0
408, 270.0, 353.0
409, 363.0, 394.0
410, 467.0, 159.0
411, 497.0, 346.0
412, 542.0, 293.0
413, 418.0, 429.0
414, 54.0, 96.0
415, 279.0, 368.0
416, 346.0, 55.0
417, 238.0, 429.0
418, 488.0, 36.0
419, 461.0, 202.0
420, 237.0, 38.0
421, 423.0, 425.0
422, 401.0, 159.0
423, 464.0, 374.0
424, 663.0, 148.0
425, 250.0, 436.0
426, 493.0, 216.0
427, 109.0, 135.0
428, 364.0, 413.0
429, 673.0, 315.0
430, 508.0, 312.0
431, 123.0, 471.0
432, 272.0, 23.0
433, 373.0, 374.0
434, 484.0, 281.0
435, 434.0, 458.0
436, 338.0, 373.0
437, 584.0, 161.0
438, 478.0, 268.0
439, 624.0, 83.0
440, 562.0, 30.0
441, 279.0, 468.0
442, 170.0, 41.0
443, 360.0, 274.0
444, 356.0, 445.0
445, 567.0, 411.0
446, 368.0, 419.0
447, 391.0, 460.0
448, 405.0, 172.0
449, 360.0, 356.0
450, 260.0, 466.0
451, 497.0, 428.0
452, 392.0, 124.0
453, 454.0, 276.0
454, 392.0, 420.0
455, 368.0, 215.0
456, 407.0, 308.0
457, 148.0, 291.0
458, 452.0, 267.0
459, 463.0, 268.0
460, 448.0, 388.0
461, 47.0, 64.0
462, 454.0, 360.0
463, 473.0, 437.0
464, 276.0, 389.0
465, 396.0, 451.0
466, 330.0, 93.0
467, 463.0, 447.0
468, 125.0, 200.0
469, 578.0, 471.0
470, 329.0, 421.0
471, 373.0, 168.0
472, 368.0, 283.0
473, 429.0, 389.0
474, 734.0, 333.0
475, 391.0, 392.0
476, 28.0, 471.0
477, 473.0, 60.0
478, 327.0, 370.0
479, 376.0, 421.0
480, 498.0, 255.0
481, 316.0, 361.0
482, 420.0, 380.0
483, 97.0, 88.0
484, 316.0, 432.0
485, 398.0, 219.0
486, 396.0, 406.0
487, 92.0, 258.0
488, 310.0, 444.0
489, 242.0, 38.0
490, 330.0, 88.0
491, 406.0, 295.0
492, 99.0, 96.0
493, 352.0, 359.0
494, 408.0, 282.0
495, 463.0, 303.0
496, 304.0, 415.0
497, 466.0, 282.0
498, 392.0, 426.0
499, 609.0, 196.0
