0, 164.0, 419.0
1, 434.0, 152.0
2, 283.0, 446.0
3, 154.0, 448.0
4, 655.0, 363.0
5, 523.0, 384.0
6, 270.0, 301.0
7, 184.0, 341.0
8, 209.0, 361.0
9, 315.0, 145.0
10, 399.0, 405.0
11, 519.0, 239.0
12, 407.0, 387.0
13, 334.0, 278.0
14, 653.0, 181.0
15, 94.0, 391.0
16, 653.0, 464.0
17, 401.0, 223.0
18, 434.0, 265.0
19, 337.0, 195.0
20, 614.0, 471.0
21, 164.0, 454.0
22, 112.0, 466.0
23, 366.0, 245.0
24, 336.0, 290.0
25, 212.0, 406.0
26, 263.0, 441.0
27, 573.0, 175.0
28, 533.0, 438.0
29, 696.0, 132.0
30, 179.0, 352.0
31, 96.0, 444.0
32, 418.0, 381.0
33, 682.0, 200.0
34, 405.0, 93.0
35, 79.0, 452.0
36, 710.0, 267.0
37, 145.0, 453.0
38, 277.0, 279.0
39, 166.0, 350.0
40, 419.0, 347.0
41, 494.0, 155.0
42, 378.0, 399.0
43, 71.0, 433.0
44, 175.0, 399.0
45, 215.0, 97.0
46, 480.0, 23.0
47, 409.0, 21.0
48, 235.0, 366.0
49, 642.0, 167.0
50, 606.0, 444.0
51, 277.0, 419.0
52, 412.0, 322.0
53, 243.0, 259.0
54, 672.0, 460.0
55, 367.0, 143.0
56, 575.0, 23.0
57, 610.0, 15.0
58, 388.0, 34.0
59, 323.0, 190.0
60, 468.0, 305.0
61, 162.0, 435.0
62, 385.0, 381.0
63, 300.0, 379.0
64, 328.0, 386.0
65, 108.0, 435.0
66, 550.0, 12.0
67, 311.0, 253.0
68, 713.0, 136.0
69, 260.0, 469.0
70, 635.0, 451.0
71, 589.0, 344.0
72, 322.0, 361.0
73, 269.0, 15.0
74, 367.0, 261.0
75, 77.0, 394.0
76, 609.0, 380.0
77, 339.0, 328.0
78, 300.0, 366.0
79, 163.0, 394.0
80, 245.0, 294.0
81, 368.0, 156.0
82, 451.0, 46.0
83, 198.0, 455.0
84, 39.0, 45.0
85, 83.0, 419.0
86, 669.0, 358.0
87, 377.0, 350.0
88, 226.0, 373.0
89, 386.0, 260.0
90, 408.0, 267.0
91, 291.0, 442.0
92, 356.0, 310.0
93, 271.0, 378.0
94, 282.0, 33.0
95, 676.0, 170.0
96, 179.0, 410.0
97, 604.0, 348.0
98, 538.0, 106.0
99, 257.0, 307.0
100, 215.0, 454.0
101, 276.0, 454.0
102, 380.0, 156.0
103, 623.0, 427.0
104, 203.0, 445.0
105, 126.0, 417.0
106, 355.0, 333.0
107, 185.0, 438.0
108, 628.0, 13.0
109, 445.0, 320.0
110, 595.0, 332.0
111, 280.0, 360.0
112, 291.0, 285.0
113, 440.0, 307.0
114, 351.0, 10.0
115, 101.0, 468.0
116, 197.0, 434.0
117, 641.0, 433.0
118, 620.0, 187.0
119, 393.0, 356.0
120, 49.0, 458.0
121, 546.0, 448.0
122, 732.0, 120.0
123, 148.0, 356.0
124, 368.0, 279.0
125, 622.0, 352.0
126, 315.0, 294.0
127, 43.0, 466.0
128, 424.0, 268.0
129, 110.0, 405.0
130, 485.0, 363.0
131, 236.0, 469.0
132, 299.0, 435.0
133, 284.0, 72.0
134, 635.0, 208.0
135, 539.0, 94.0
136, 65.0, 450.0
137, 281.0, 288.0
138, 711.0, 88.0
139, 391.0, 319.0
140, 307.0, 186.0
141, 257.0, 353.0
142, 261.0, 319.0
143, 259.0, 456.0
144, 246.0, 101.0
145, 632.0, 468.0
146, 185.0, 391.0
147, 294.0, 453.0
148, 330.0, 266.0
149, 401.0, 310.0
150, 546.0, 32.0
151, 280.0, 382.0
152, 407.0, 340.0
153, 244.0, 72.0
154, 618.0, 383.0
155, 103.0, 398.0
156, 736.0, 437.0
157, 497.0, 30.0
158, 394.0, 469.0
159, 432.0, 459.0
160, 503.0, 382.0
161, 242.0, 392.0
162, 321.0, 371.0
163, 738.0, 100.0
164, 286.0, 278.0
165, 552.0, 429.0
166, 731.0, 60.0
167, 202.0, 337.0
168, 466.0, 346.0
169, 27.0, 43.0
170, 231.0, 378.0
171, 419.0, 133.0
172, 339.0, 164.0
173, 739.0, 457.0
174, 451.0, 331.0
175, 313.0, 173.0
176, 518.0, 206.0
177, 249.0, 456.0
178, 330.0, 152.0
179, 676.0, 210.0
180, 263.0, 71.0
181, 373.0, 10.0
182, 87.0, 398.0
183, 261.0, 31.0
184, 134.0, 427.0
185, 281.0, 371.0
186, 326.0, 174.0
187, 388.0, 290.0
188, 495.0, 44.0
189, 174.0, 387.0
190, 154.0, 458.0
191, 305.0, 309.0
192, 702.0, 468.0
193, 174.0, 371.0
194, 410.0, 39.0
195, 126.0, 383.0
196, 163.0, 469.0
197, 564.0, 88.0
198, 298.0, 291.0
199, 388.0, 89.0
200, 526.0, 404.0
201, 173.0, 340.0
202, 531.0, 29.0
203, 343.0, 177.0
204, 521.0, 224.0
205, 742.0, 43.0
206, 344.0, 273.0
207, 284.0, 299.0
208, 309.0, 158.0
209, 369.0, 24.0
210, 692.0, 274.0
211, 390.0, 9.0
212, 414.0, 310.0
213, 698.0, 112.0
214, 140.0, 435.0
215, 392.0, 392.0
216, 323.0, 274.0
217, 101.0, 412.0
218, 584.0, 323.0
219, 227.0, 296.0
220, 287.0, 399.0
221, 124.0, 464.0
222, 335.0, 382.0
223, 108.0, 379.0
224, 186.0, 416.0
225, 134.0, 468.0
226, 242.0, 349.0
227, 378.0, 325.0
228, 448.0, 312.0
229, 586.0, 41.0
230, 172.0, 446.0
231, 218.0, 414.0
232, 622.0, 460.0
233, 241.0, 384.0
234, 697.0, 212.0
235, 247.0, 419.0
236, 213.0, 465.0
237, 303.0, 394.0
238, 249.0, 126.0
239, 369.0, 449.0
240, 63.0, 457.0
241, 654.0, 209.0
242, 545.0, 242.0
243, 704.0, 171.0
244, 734.0, 74.0
245, 279.0, 427.0
246, 569.0, 320.0
247, 384.0, 348.0
248, 84.0, 388.0
249, 185.0, 461.0
250, 234.0, 262.0
251, 232.0, 354.0
252, 290.0, 408.0
253, 380.0, 336.0
254, 584.0, 158.0
255, 367.0, 102.0
256, 115.0, 391.0
257, 401.0, 212.0
258, 124.0, 404.0
259, 376.0, 319.0
260, 712.0, 118.0
261, 723.0, 119.0
262, 279.0, 405.0
263, 673.0, 340.0
264, 735.0, 139.0
265, 287.0, 464.0
266, 221.0, 425.0
267, 153.0, 471.0
268, 484.0, 214.0
269, 501.0, 246.0
270, 288.0, 12.0
271, 496.0, 81.0
272, 155.0, 427.0
273, 339.0, 396.0
274, 338.0, 227.0
275, 736.0, 383.0
276, 640.0, 356.0
277, 698.0, 184.0
278, 308.0, 281.0
279, 450.0, 296.0
280, 250.0, 8.0
281, 150.0, 324.0
282, 677.0, 272.0
283, 277.0, 330.0
284, 586.0, 460.0
285, 374.0, 307.0
286, 708.0, 97.0
287, 650.0, 191.0
288, 50.0, 10.0
289, 420.0, 293.0
290, 456.0, 241.0
291, 444.0, 81.0
292, 283.0, 217.0
293, 480.0, 326.0
294, 258.0, 402.0
295, 351.0, 227.0
296, 590.0, 102.0
297, 291.0, 424.0
298, 294.0, 389.0
299, 317.0, 384.0
300, 112.0, 426.0
301, 263.0, 382.0
302, 350.0, 128.0
303, 198.0, 52.0
304, 230.0, 424.0
305, 221.0, 342.0
306, 627.0, 406.0
307, 302.0, 146.0
308, 685.0, 345.0
309, 179.0, 331.0
310, 590.0, 17.0
311, 339.0, 257.0
312, 687.0, 471.0
313, 281.0, 436.0
314, 272.0, 92.0
315, 694.0, 201.0
316, 684.0, 252.0
317, 442.0, 168.0
318, 265.0, 275.0
319, 35.0, 458.0
320, 552.0, 212.0
321, 225.0, 246.0
322, 207.0, 383.0
323, 278.0, 127.0
324, 21.0, 9.0
325, 261.0, 49.0
326, 550.0, 139.0
327, 277.0, 388.0
328, 299.0, 419.0
329, 484.0, 171.0
330, 273.0, 314.0
331, 211.0, 129.0
332, 701.0, 252.0
333, 604.0, 133.0
334, 147.0, 369.0
335, 201.0, 371.0
336, 366.0, 307.0
337, 704.0, 380.0
338, 591.0, 87.0
339, 226.0, 364.0
340, 343.0, 143.0
341, 506.0, 105.0
342, 644.0, 344.0
343, 336.0, 440.0
344, 330.0, 369.0
345, 740.0, 26.0
346, 69.0, 414.0
347, 416.0, 303.0
348, 99.0, 419.0
349, 640.0, 175.0
350, 728.0, 87.0
351, 354.0, 373.0
352, 502.0, 337.0
353, 399.0, 332.0
354, 121.0, 355.0
355, 452.0, 32.0
356, 600.0, 225.0
357, 559.0, 288.0
358, 312.0, 272.0
359, 700.0, 267.0
360, 670.0, 289.0
361, 206.0, 66.0
362, 282.0, 54.0
363, 408.0, 458.0
364, 114.0, 455.0
365, 262.0, 421.0
366, 217.0, 118.0
367, 726.0, 276.0
368, 351.0, 189.0
369, 445.0, 102.0
370, 563.0, 143.0
371, 619.0, 402.0
372, 193.0, 31.0
373, 138.0, 459.0
374, 295.0, 345.0
375, 656.0, 349.0
376, 727.0, 98.0
377, 377.0, 365.0
378, 57.0, 84.0
379, 83.0, 442.0
380, 206.0, 27.0
381, 649.0, 335.0
382, 333.0, 179.0
383, 154.0, 439.0
384, 404.0, 104.0
385, 151.0, 409.0
386, 382.0, 312.0
387, 695.0, 120.0
388, 639.0, 373.0
389, 689.0, 266.0
390, 291.0, 320.0
391, 311.0, 399.0
392, 319.0, 162.0
393, 370.0, 367.0
394, 241.0, 404.0
395, 180.0, 364.0
396, 72.0, 149.0
397, 163.0, 359.0
398, 205.0, 420.0
399, 203.0, 19.0
400, 310.0, 380.0
401, 226.0, 394.0
402, 187.0, 382.0
403, 237.0, 416.0
404, 359.0, 351.0
405, 87.0, 461.0
406, 144.0, 405.0
407, 490.0, 104.0
408, 114.0, 361.0
409, 77.0, 166.0
410, 368.0, 354.0
411, 641.0, 461.0
412, 292.0, 302.0
413, 397.0, 299.0
414, 734.0, 262.0
415, 435.0, 399.0
416, 398.0, 264.0
417, 658.0, 337.0
418, 229.0, 346.0
419, 265.0, 281.0
420, 129.0, 444.0
421, 223.0, 265.0
422, 620.0, 10.0
423, 629.0, 456.0
424, 300.0, 400.0
425, 154.0, 367.0
426, 299.0, 271.0
427, 266.0, 408.0
428, 537.0, 126.0
429, 11.0, 471.0
430, 116.0, 378.0
431, 228.0, 408.0
432, 94.0, 403.0
433, 225.0, 399.0
434, 120.0, 366.0
435, 381.0, 135.0
436, 662.0, 366.0
437, 502.0, 277.0
438, 250.0, 364.0
439, 75.0, 462.0
440, 397.0, 349.0
441, 204.0, 435.0
442, 743.0, 72.0
443, 694.0, 260.0
444, 682.0, 258.0
445, 284.0, 415.0
446, 652.0, 275.0
447, 526.0, 173.0
448, 293.0, 416.0
449, 433.0, 227.0
450, 208.0, 427.0
451, 174.0, 424.0
452, 395.0, 339.0
453, 172.0, 459.0
454, 554.0, 23.0
455, 128.0, 455.0
456, 574.0, 344.0
457, 8.0, 344.0
458, 436.0, 200.0
459, 426.0, 402.0
460, 515.0, 137.0
461, 364.0, 369.0
462, 156.0, 400.0
463, 52.0, 443.0
464, 212.0, 369.0
465, 539.0, 54.0
466, 407.0, 61.0
467, 643.0, 365.0
468, 145.0, 381.0
469, 13.0, 343.0
470, 484.0, 160.0
471, 373.0, 359.0
472, 142.0, 425.0
473, 733.0, 256.0
474, 194.0, 465.0
475, 376.0, 261.0
476, 262.0, 395.0
477, 680.0, 264.0
478, 587.0, 74.0
479, 206.0, 459.0
480, 483.0, 180.0
481, 328.0, 256.0
482, 196.0, 421.0
483, 458.0, 225.0
484, 459.0, 309.0
485, 411.0, 8.0
486, 716.0, 101.0
487, 109.0, 456.0
488, 351.0, 84.0
489, 557.0, 280.0
490, 607.0, 158.0
491, 501.0, 344.0
492, 278.0, 61.0
493, 77.0, 469.0
494, 493.0, 23.0
495, 640.0, 306.0
496, 379.0, 371.0
497, 488.0, 133.0
498, 561.0, 166.0
499, 369.0, 191.0
