0, 648.0, 201.0
1, 623.0, 222.0
2, 637.0, 200.0
3, 632.0, 234.0
4, 596.0, 186.0
5, 628.0, 188.0
6, 605.0, 198.0
7, 602.0, 220.0
8, 643.0, 235.0
9, 640.0, 257.0
10, 662.0, 190.0
11, 614.0, 210.0
12, 513.0, 295.0
13, 586.0, 263.0
14, 600.0, 231.0
15, 639.0, 189.0
16, 554.0, 307.0
17, 641.0, 246.0
18, 587.0, 251.0
19, 49.0, 415.0
20, 617.0, 187.0
21, 657.0, 225.0
22, 655.0, 236.0
23, 440.0, 353.0
24, 664.0, 376.0
25, 82.0, 381.0
26, 399.0, 319.0
27, 223.0, 308.0
28, 599.0, 242.0
29, 608.0, 254.0
30, 494.0, 446.0
31, 607.0, 186.0
32, 646.0, 212.0
33, 120.0, 388.0
34, 592.0, 219.0
35, 539.0, 375.0
36, 666.0, 364.0
37, 530.0, 266.0
38, 629.0, 256.0
39, 606.0, 346.0
40, 389.0, 311.0
41, 651.0, 177.0
42, 586.0, 172.0
43, 596.0, 264.0
44, 659.0, 213.0
45, 555.0, 437.0
46, 101.0, 357.0
47, 621.0, 233.0
48, 630.0, 176.0
49, 539.0, 285.0
50, 635.0, 211.0
51, 427.0, 352.0
52, 508.0, 429.0
53, 609.0, 243.0
54, 221.0, 323.0
55, 626.0, 199.0
56, 93.0, 376.0
57, 562.0, 450.0
58, 517.0, 405.0
59, 634.0, 223.0
60, 577.0, 239.0
61, 618.0, 255.0
62, 585.0, 185.0
63, 523.0, 277.0
64, 590.0, 230.0
65, 543.0, 387.0
66, 583.0, 196.0
67, 444.0, 338.0
68, 591.0, 276.0
69, 339.0, 252.0
70, 385.0, 302.0
71, 528.0, 412.0
72, 660.0, 202.0
73, 554.0, 279.0
74, 481.0, 418.0
75, 585.0, 380.0
76, 503.0, 371.0
77, 650.0, 190.0
78, 493.0, 429.0
79, 620.0, 244.0
80, 603.0, 209.0
81, 439.0, 331.0
82, 511.0, 275.0
83, 92.0, 387.0
84, 497.0, 417.0
85, 645.0, 224.0
86, 182.0, 329.0
87, 500.0, 436.0
88, 447.0, 268.0
89, 589.0, 240.0
90, 133.0, 379.0
91, 593.0, 208.0
92, 551.0, 268.0
93, 650.0, 271.0
94, 482.0, 384.0
95, 46.0, 404.0
96, 637.0, 269.0
97, 616.0, 199.0
98, 514.0, 415.0
99, 519.0, 266.0
100, 607.0, 297.0
101, 148.0, 336.0
102, 580.0, 218.0
103, 598.0, 174.0
104, 89.0, 363.0
105, 608.0, 174.0
106, 469.0, 432.0
107, 665.0, 177.0
108, 606.0, 265.0
109, 31.0, 209.0
110, 619.0, 401.0
111, 474.0, 411.0
112, 630.0, 245.0
113, 685.0, 308.0
114, 658.0, 391.0
115, 507.0, 386.0
116, 578.0, 363.0
117, 624.0, 211.0
118, 640.0, 176.0
119, 459.0, 420.0
120, 627.0, 268.0
121, 355.0, 279.0
122, 652.0, 258.0
123, 588.0, 318.0
124, 524.0, 373.0
125, 618.0, 175.0
126, 511.0, 329.0
127, 526.0, 330.0
128, 611.0, 231.0
129, 557.0, 464.0
130, 724.0, 421.0
131, 120.0, 283.0
132, 229.0, 318.0
133, 443.0, 380.0
134, 644.0, 301.0
135, 564.0, 379.0
136, 153.0, 59.0
137, 681.0, 372.0
138, 234.0, 85.0
139, 559.0, 270.0
140, 653.0, 247.0
141, 576.0, 250.0
142, 612.0, 357.0
143, 124.0, 372.0
144, 595.0, 197.0
145, 546.0, 294.0
146, 122.0, 359.0
147, 471.0, 397.0
148, 448.0, 391.0
149, 382.0, 284.0
150, 432.0, 287.0
151, 573.0, 261.0
152, 545.0, 276.0
153, 41.0, 206.0
154, 616.0, 267.0
155, 59.0, 400.0
156, 612.0, 221.0
157, 504.0, 309.0
158, 498.0, 291.0
159, 597.0, 252.0
160, 389.0, 320.0
161, 139.0, 352.0
162, 553.0, 321.0
163, 406.0, 324.0
164, 211.0, 318.0
165, 284.0, 335.0
166, 673.0, 354.0
167, 522.0, 444.0
168, 432.0, 369.0
169, 132.0, 361.0
170, 483.0, 440.0
171, 461.0, 357.0
172, 524.0, 319.0
173, 158.0, 346.0
174, 734.0, 435.0
175, 159.0, 108.0
176, 424.0, 335.0
177, 455.0, 311.0
178, 657.0, 464.0
179, 573.0, 309.0
180, 465.0, 290.0
181, 412.0, 327.0
182, 732.0, 379.0
183, 457.0, 324.0
184, 644.0, 333.0
185, 594.0, 327.0
186, 479.0, 280.0
187, 99.0, 371.0
188, 491.0, 438.0
189, 590.0, 354.0
190, 230.0, 98.0
191, 520.0, 459.0
192, 508.0, 68.0
193, 207.0, 302.0
194, 195.0, 308.0
195, 679.0, 394.0
196, 647.0, 406.0
197, 696.0, 344.0
198, 536.0, 432.0
199, 653.0, 363.0
200, 569.0, 390.0
201, 519.0, 429.0
202, 713.0, 390.0
203, 529.0, 285.0
204, 489.0, 314.0
205, 399.0, 341.0
206, 222.0, 187.0
207, 474.0, 310.0
208, 476.0, 294.0
209, 520.0, 52.0
210, 519.0, 311.0
211, 65.0, 388.0
212, 579.0, 324.0
213, 536.0, 328.0
214, 184.0, 215.0
215, 579.0, 466.0
216, 581.0, 206.0
217, 497.0, 249.0
218, 582.0, 340.0
219, 651.0, 161.0
220, 486.0, 322.0
221, 415.0, 359.0
222, 477.0, 465.0
223, 143.0, 112.0
224, 732.0, 369.0
225, 611.0, 471.0
226, 720.0, 308.0
227, 196.0, 318.0
228, 646.0, 373.0
229, 394.0, 89.0
230, 471.0, 456.0
231, 357.0, 246.0
232, 86.0, 256.0
233, 598.0, 394.0
234, 574.0, 317.0
235, 123.0, 253.0
236, 250.0, 29.0
237, 465.0, 381.0
238, 405.0, 349.0
239, 532.0, 311.0
240, 578.0, 229.0
241, 609.0, 309.0
242, 370.0, 256.0
243, 73.0, 394.0
244, 657.0, 133.0
245, 676.0, 448.0
246, 667.0, 96.0
247, 696.0, 470.0
248, 544.0, 349.0
249, 335.0, 261.0
250, 489.0, 274.0
251, 602.0, 370.0
252, 400.0, 306.0
253, 228.0, 118.0
254, 622.0, 317.0
255, 622.0, 446.0
256, 555.0, 255.0
257, 419.0, 349.0
258, 626.0, 324.0
259, 611.0, 319.0
260, 453.0, 436.0
261, 121.0, 43.0
262, 617.0, 287.0
263, 491.0, 264.0
264, 567.0, 359.0
265, 266.0, 85.0
266, 709.0, 368.0
267, 219.0, 224.0
268, 283.0, 17.0
269, 504.0, 182.0
270, 163.0, 176.0
271, 688.0, 361.0
272, 393.0, 67.0
273, 161.0, 120.0
274, 712.0, 361.0
275, 450.0, 279.0
276, 503.0, 193.0
277, 155.0, 73.0
278, 499.0, 209.0
279, 168.0, 324.0
280, 135.0, 90.0
281, 714.0, 467.0
282, 487.0, 347.0
283, 536.0, 296.0
284, 145.0, 345.0
285, 561.0, 403.0
286, 128.0, 353.0
287, 445.0, 448.0
288, 427.0, 360.0
289, 31.0, 409.0
290, 678.0, 207.0
291, 366.0, 287.0
292, 374.0, 303.0
293, 730.0, 463.0
294, 166.0, 341.0
295, 108.0, 378.0
296, 681.0, 343.0
297, 534.0, 319.0
298, 612.0, 383.0
299, 18.0, 178.0
300, 527.0, 291.0
301, 110.0, 361.0
302, 195.0, 300.0
303, 196.0, 58.0
304, 314.0, 87.0
305, 129.0, 347.0
306, 726.0, 373.0
307, 597.0, 294.0
308, 528.0, 384.0
309, 158.0, 94.0
310, 656.0, 400.0
311, 459.0, 406.0
312, 597.0, 471.0
313, 564.0, 282.0
314, 433.0, 362.0
315, 227.0, 138.0
316, 526.0, 34.0
317, 172.0, 205.0
318, 253.0, 51.0
319, 115.0, 17.0
320, 512.0, 110.0
321, 386.0, 292.0
322, 51.0, 264.0
323, 508.0, 264.0
324, 740.0, 338.0
325, 434.0, 383.0
326, 541.0, 304.0
327, 271.0, 334.0
328, 670.0, 83.0
329, 187.0, 305.0
330, 17.0, 424.0
331, 127.0, 65.0
332, 222.0, 198.0
333, 511.0, 122.0
334, 517.0, 396.0
335, 502.0, 456.0
336, 281.0, 85.0
337, 449.0, 372.0
338, 508.0, 316.0
339, 465.0, 261.0
340, 115.0, 356.0
341, 565.0, 298.0
342, 521.0, 385.0
343, 442.0, 94.0
344, 653.0, 147.0
345, 700.0, 365.0
346, 220.0, 208.0
347, 473.0, 321.0
348, 621.0, 328.0
349, 463.0, 271.0
350, 414.0, 94.0
351, 444.0, 369.0
352, 298.0, 325.0
353, 160.0, 163.0
354, 564.0, 347.0
355, 81.0, 400.0
356, 174.0, 334.0
357, 67.0, 248.0
358, 157.0, 86.0
359, 344.0, 262.0
360, 506.0, 162.0
361, 8.0, 435.0
362, 529.0, 462.0
363, 478.0, 355.0
364, 475.0, 441.0
365, 462.0, 282.0
366, 67.0, 396.0
367, 80.0, 389.0
368, 629.0, 384.0
369, 141.0, 360.0
370, 253.0, 73.0
371, 354.0, 262.0
372, 23.0, 411.0
373, 183.0, 317.0
374, 154.0, 213.0
375, 743.0, 372.0
376, 431.0, 341.0
377, 485.0, 401.0
378, 509.0, 136.0
379, 469.0, 279.0
380, 379.0, 309.0
381, 507.0, 340.0
382, 662.0, 110.0
383, 518.0, 65.0
384, 364.0, 257.0
385, 368.0, 274.0
386, 501.0, 92.0
387, 226.0, 151.0
388, 520.0, 338.0
389, 29.0, 176.0
390, 130.0, 79.0
391, 618.0, 346.0
392, 150.0, 350.0
393, 588.0, 333.0
394, 497.0, 231.0
395, 16.0, 72.0
396, 128.0, 223.0
397, 564.0, 330.0
398, 124.0, 56.0
399, 487.0, 285.0
400, 509.0, 149.0
401, 161.0, 139.0
402, 418.0, 233.0
403, 655.0, 330.0
404, 94.0, 343.0
405, 376.0, 90.0
406, 148.0, 30.0
407, 456.0, 316.0
408, 188.0, 328.0
409, 726.0, 360.0
410, 171.0, 216.0
411, 535.0, 305.0
412, 12.0, 22.0
413, 311.0, 98.0
414, 616.0, 301.0
415, 30.0, 430.0
416, 287.0, 156.0
417, 527.0, 302.0
418, 190.0, 182.0
419, 596.0, 305.0
420, 687.0, 16.0
421, 485.0, 294.0
422, 676.0, 60.0
423, 448.0, 427.0
424, 25.0, 163.0
425, 225.0, 157.0
426, 52.0, 255.0
427, 551.0, 420.0
428, 673.0, 340.0
429, 636.0, 319.0
430, 495.0, 337.0
431, 161.0, 336.0
432, 647.0, 384.0
433, 673.0, 71.0
434, 643.0, 130.0
435, 484.0, 336.0
436, 534.0, 356.0
437, 686.0, 449.0
438, 461.0, 375.0
439, 709.0, 405.0
440, 500.0, 221.0
441, 48.0, 248.0
442, 254.0, 78.0
443, 508.0, 143.0
444, 258.0, 122.0
445, 373.0, 272.0
446, 661.0, 115.0
447, 35.0, 423.0
448, 128.0, 132.0
449, 527.0, 122.0
450, 510.0, 285.0
451, 225.0, 162.0
452, 741.0, 388.0
453, 675.0, 468.0
454, 228.0, 329.0
455, 459.0, 95.0
456, 532.0, 79.0
457, 155.0, 148.0
458, 209.0, 382.0
459, 420.0, 426.0
460, 479.0, 365.0
461, 625.0, 374.0
462, 490.0, 95.0
463, 437.0, 94.0
464, 39.0, 417.0
465, 425.0, 314.0
466, 224.0, 169.0
467, 516.0, 250.0
468, 454.0, 373.0
469, 406.0, 90.0
470, 506.0, 251.0
471, 520.0, 355.0
472, 36.0, 191.0
473, 395.0, 327.0
474, 86.0, 394.0
475, 497.0, 330.0
476, 480.0, 376.0
477, 702.0, 352.0
478, 253.0, 61.0
479, 507.0, 128.0
480, 216.0, 56.0
481, 732.0, 450.0
482, 146.0, 16.0
483, 8.0, 466.0
484, 599.0, 444.0
485, 231.0, 289.0
486, 676.0, 328.0
487, 542.0, 338.0
488, 377.0, 295.0
489, 743.0, 448.0
490, 500.0, 298.0
491, 151.0, 45.0
492, 532.0, 338.0
493, 491.0, 354.0
494, 195.0, 313.0
495, 602.0, 319.0
496, 450.0, 407.0
497, 176.0, 323.0
498, 119.0, 238.0
499, 689.0, 8.0
