0, 473.0, 239.0
1, 442.0, 383.0
2, 240.0, 455.0
3, 361.0, 381.0
4, 397.0, 366.0
5, 218.0, 417.0
6, 387.0, 412.0
7, 430.0, 294.0
8, 518.0, 441.0
9, 473.0, 249.0
10, 409.0, 380.0
11, 474.0, 268.0
12, 474.0, 278.0
13, 531.0, 460.0
14, 251.0, 459.0
15, 405.0, 361.0
16, 401.0, 408.0
17, 420.0, 276.0
18, 421.0, 296.0
19, 343.0, 403.0
20, 248.0, 436.0
21, 672.0, 379.0
22, 419.0, 418.0
23, 418.0, 234.0
24, 271.0, 471.0
25, 525.0, 450.0
26, 107.0, 170.0
27, 736.0, 359.0
28, 523.0, 390.0
29, 473.0, 228.0
30, 543.0, 455.0
31, 534.0, 423.0
32, 668.0, 395.0
33, 428.0, 255.0
34, 661.0, 437.0
35, 200.0, 385.0
36, 224.0, 441.0
37, 733.0, 464.0
38, 211.0, 441.0
39, 206.0, 395.0
40, 505.0, 379.0
41, 430.0, 305.0
42, 674.0, 356.0
43, 446.0, 393.0
44, 356.0, 365.0
45, 428.0, 245.0
46, 428.0, 265.0
47, 260.0, 467.0
48, 481.0, 390.0
49, 662.0, 409.0
50, 423.0, 427.0
51, 706.0, 450.0
52, 497.0, 389.0
53, 314.0, 375.0
54, 467.0, 298.0
55, 388.0, 356.0
56, 108.0, 181.0
57, 415.0, 349.0
58, 233.0, 463.0
59, 686.0, 439.0
60, 475.0, 296.0
61, 421.0, 306.0
62, 420.0, 286.0
63, 685.0, 361.0
64, 465.0, 250.0
65, 466.0, 279.0
66, 483.0, 346.0
67, 444.0, 273.0
68, 528.0, 438.0
69, 654.0, 442.0
70, 678.0, 418.0
71, 473.0, 259.0
72, 419.0, 256.0
73, 606.0, 427.0
74, 426.0, 388.0
75, 443.0, 253.0
76, 647.0, 353.0
77, 408.0, 419.0
78, 381.0, 341.0
79, 671.0, 333.0
80, 534.0, 446.0
81, 459.0, 280.0
82, 680.0, 448.0
83, 341.0, 380.0
84, 434.0, 411.0
85, 598.0, 417.0
86, 398.0, 376.0
87, 227.0, 423.0
88, 419.0, 266.0
89, 523.0, 405.0
90, 452.0, 291.0
91, 516.0, 427.0
92, 513.0, 395.0
93, 440.0, 457.0
94, 89.0, 182.0
95, 427.0, 234.0
96, 454.0, 311.0
97, 436.0, 244.0
98, 351.0, 463.0
99, 682.0, 349.0
100, 668.0, 425.0
101, 418.0, 246.0
102, 460.0, 457.0
103, 464.0, 240.0
104, 201.0, 410.0
105, 342.0, 392.0
106, 351.0, 377.0
107, 360.0, 449.0
108, 313.0, 394.0
109, 436.0, 253.0
110, 443.0, 243.0
111, 438.0, 293.0
112, 240.0, 445.0
113, 222.0, 430.0
114, 474.0, 287.0
115, 355.0, 404.0
116, 450.0, 231.0
117, 444.0, 263.0
118, 395.0, 423.0
119, 440.0, 331.0
120, 422.0, 317.0
121, 350.0, 196.0
122, 451.0, 271.0
123, 523.0, 421.0
124, 412.0, 404.0
125, 454.0, 403.0
126, 182.0, 411.0
127, 592.0, 424.0
128, 438.0, 283.0
129, 348.0, 128.0
130, 388.0, 387.0
131, 216.0, 407.0
132, 401.0, 466.0
133, 664.0, 446.0
134, 445.0, 292.0
135, 429.0, 285.0
136, 359.0, 438.0
137, 391.0, 468.0
138, 459.0, 299.0
139, 723.0, 452.0
140, 228.0, 451.0
141, 480.0, 435.0
142, 405.0, 314.0
143, 367.0, 458.0
144, 364.0, 398.0
145, 334.0, 388.0
146, 664.0, 362.0
147, 356.0, 351.0
148, 463.0, 400.0
149, 280.0, 465.0
150, 332.0, 371.0
151, 359.0, 323.0
152, 374.0, 388.0
153, 562.0, 414.0
154, 436.0, 264.0
155, 429.0, 275.0
156, 333.0, 118.0
157, 323.0, 394.0
158, 467.0, 356.0
159, 411.0, 393.0
160, 171.0, 419.0
161, 465.0, 260.0
162, 480.0, 420.0
163, 613.0, 421.0
164, 198.0, 425.0
165, 622.0, 398.0
166, 460.0, 290.0
167, 362.0, 428.0
168, 402.0, 441.0
169, 704.0, 371.0
170, 474.0, 307.0
171, 475.0, 375.0
172, 452.0, 252.0
173, 535.0, 393.0
174, 451.0, 353.0
175, 434.0, 429.0
176, 710.0, 461.0
177, 561.0, 463.0
178, 579.0, 469.0
179, 465.0, 150.0
180, 242.0, 467.0
181, 415.0, 372.0
182, 702.0, 457.0
183, 555.0, 396.0
184, 451.0, 262.0
185, 461.0, 215.0
186, 585.0, 419.0
187, 471.0, 418.0
188, 453.0, 300.0
189, 342.0, 440.0
190, 506.0, 445.0
191, 335.0, 396.0
192, 187.0, 178.0
193, 462.0, 230.0
194, 483.0, 466.0
195, 595.0, 470.0
196, 390.0, 339.0
197, 411.0, 460.0
198, 436.0, 233.0
199, 535.0, 410.0
200, 217.0, 389.0
201, 460.0, 354.0
202, 437.0, 274.0
203, 227.0, 177.0
204, 458.0, 241.0
205, 467.0, 289.0
206, 210.0, 177.0
207, 461.0, 191.0
208, 257.0, 448.0
209, 456.0, 390.0
210, 508.0, 413.0
211, 187.0, 417.0
212, 718.0, 414.0
213, 444.0, 282.0
214, 479.0, 456.0
215, 448.0, 365.0
216, 452.0, 281.0
217, 531.0, 383.0
218, 657.0, 402.0
219, 466.0, 269.0
220, 431.0, 315.0
221, 378.0, 397.0
222, 464.0, 161.0
223, 425.0, 353.0
224, 353.0, 396.0
225, 581.0, 409.0
226, 86.0, 163.0
227, 459.0, 270.0
228, 612.0, 395.0
229, 176.0, 402.0
230, 544.0, 409.0
231, 471.0, 440.0
232, 675.0, 387.0
233, 521.0, 461.0
234, 486.0, 372.0
235, 559.0, 434.0
236, 269.0, 176.0
237, 586.0, 54.0
238, 478.0, 23.0
239, 593.0, 388.0
240, 431.0, 371.0
241, 566.0, 169.0
242, 612.0, 433.0
243, 451.0, 242.0
244, 474.0, 361.0
245, 562.0, 189.0
246, 319.0, 383.0
247, 352.0, 77.0
248, 688.0, 374.0
249, 331.0, 355.0
250, 734.0, 425.0
251, 348.0, 185.0
252, 413.0, 333.0
253, 533.0, 402.0
254, 446.0, 302.0
255, 654.0, 374.0
256, 349.0, 111.0
257, 405.0, 346.0
258, 432.0, 357.0
259, 441.0, 302.0
260, 372.0, 418.0
261, 233.0, 433.0
262, 688.0, 338.0
263, 345.0, 155.0
264, 379.0, 373.0
265, 652.0, 431.0
266, 568.0, 404.0
267, 307.0, 413.0
268, 379.0, 467.0
269, 500.0, 410.0
270, 438.0, 362.0
271, 466.0, 132.0
272, 474.0, 427.0
273, 462.0, 424.0
274, 415.0, 386.0
275, 511.0, 370.0
276, 481.0, 447.0
277, 492.0, 381.0
278, 458.0, 261.0
279, 465.0, 368.0
280, 460.0, 466.0
281, 620.0, 432.0
282, 715.0, 355.0
283, 630.0, 403.0
284, 449.0, 471.0
285, 455.0, 338.0
286, 58.0, 182.0
287, 378.0, 429.0
288, 287.0, 175.0
289, 357.0, 389.0
290, 471.0, 461.0
291, 644.0, 446.0
292, 212.0, 399.0
293, 391.0, 450.0
294, 464.0, 309.0
295, 327.0, 173.0
296, 445.0, 313.0
297, 324.0, 72.0
298, 546.0, 400.0
299, 741.0, 345.0
300, 347.0, 143.0
301, 551.0, 277.0
302, 687.0, 452.0
303, 575.0, 419.0
304, 457.0, 251.0
305, 533.0, 173.0
306, 588.0, 41.0
307, 430.0, 421.0
308, 697.0, 451.0
309, 674.0, 410.0
310, 84.0, 154.0
311, 378.0, 444.0
312, 462.0, 173.0
313, 738.0, 459.0
314, 461.0, 202.0
315, 489.0, 432.0
316, 439.0, 314.0
317, 557.0, 224.0
318, 510.0, 342.0
319, 444.0, 444.0
320, 713.0, 424.0
321, 511.0, 470.0
322, 553.0, 454.0
323, 523.0, 471.0
324, 470.0, 97.0
325, 555.0, 246.0
326, 516.0, 416.0
327, 545.0, 445.0
328, 475.0, 49.0
329, 734.0, 413.0
330, 502.0, 292.0
331, 689.0, 420.0
332, 473.0, 382.0
333, 442.0, 232.0
334, 645.0, 400.0
335, 207.0, 418.0
336, 626.0, 439.0
337, 439.0, 436.0
338, 212.0, 423.0
339, 526.0, 332.0
340, 28.0, 184.0
341, 569.0, 153.0
342, 462.0, 411.0
343, 348.0, 209.0
344, 590.0, 31.0
345, 668.0, 456.0
346, 354.0, 294.0
347, 406.0, 332.0
348, 558.0, 409.0
349, 539.0, 438.0
350, 573.0, 133.0
351, 415.0, 451.0
352, 654.0, 412.0
353, 444.0, 418.0
354, 637.0, 394.0
355, 483.0, 383.0
356, 607.0, 413.0
357, 352.0, 240.0
358, 194.0, 410.0
359, 450.0, 461.0
360, 481.0, 365.0
361, 459.0, 310.0
362, 354.0, 264.0
363, 433.0, 381.0
364, 455.0, 231.0
365, 630.0, 433.0
366, 485.0, 248.0
367, 366.0, 389.0
368, 464.0, 378.0
369, 496.0, 442.0
370, 490.0, 452.0
371, 176.0, 425.0
372, 591.0, 410.0
373, 292.0, 382.0
374, 441.0, 371.0
375, 416.0, 435.0
376, 353.0, 223.0
377, 688.0, 465.0
378, 514.0, 450.0
379, 483.0, 410.0
380, 454.0, 443.0
381, 469.0, 102.0
382, 462.0, 178.0
383, 355.0, 281.0
384, 525.0, 380.0
385, 440.0, 352.0
386, 344.0, 165.0
387, 631.0, 421.0
388, 580.0, 97.0
389, 591.0, 19.0
390, 468.0, 385.0
391, 567.0, 164.0
392, 698.0, 442.0
393, 420.0, 358.0
394, 330.0, 148.0
395, 626.0, 419.0
396, 734.0, 373.0
397, 641.0, 430.0
398, 468.0, 451.0
399, 622.0, 380.0
400, 671.0, 344.0
401, 522.0, 399.0
402, 377.0, 358.0
403, 220.0, 394.0
404, 352.0, 218.0
405, 451.0, 378.0
406, 426.0, 364.0
407, 724.0, 428.0
408, 724.0, 369.0
409, 353.0, 245.0
410, 678.0, 338.0
411, 355.0, 269.0
412, 460.0, 338.0
413, 449.0, 454.0
414, 692.0, 451.0
415, 357.0, 309.0
416, 564.0, 455.0
417, 489.0, 409.0
418, 637.0, 441.0
419, 332.0, 173.0
420, 532.0, 431.0
421, 451.0, 373.0
422, 467.0, 127.0
423, 722.0, 395.0
424, 441.0, 104.0
425, 442.0, 347.0
426, 207.0, 155.0
427, 723.0, 469.0
428, 474.0, 64.0
429, 604.0, 385.0
430, 742.0, 471.0
431, 383.0, 318.0
432, 374.0, 465.0
433, 374.0, 375.0
434, 519.0, 455.0
435, 558.0, 219.0
436, 421.0, 380.0
437, 351.0, 231.0
438, 591.0, 24.0
439, 376.0, 437.0
440, 589.0, 36.0
441, 659.0, 417.0
442, 672.0, 433.0
443, 459.0, 378.0
444, 696.0, 470.0
445, 476.0, 44.0
446, 394.0, 346.0
447, 475.0, 471.0
448, 322.0, 372.0
449, 452.0, 51.0
450, 692.0, 457.0
451, 559.0, 404.0
452, 508.0, 393.0
453, 460.0, 207.0
454, 475.0, 413.0
455, 466.0, 137.0
456, 428.0, 449.0
457, 541.0, 393.0
458, 198.0, 377.0
459, 383.0, 448.0
460, 556.0, 459.0
461, 722.0, 380.0
462, 467.0, 122.0
463, 414.0, 367.0
464, 347.0, 390.0
465, 742.0, 352.0
466, 487.0, 442.0
467, 416.0, 446.0
468, 534.0, 471.0
469, 218.0, 177.0
470, 472.0, 82.0
471, 696.0, 433.0
472, 495.0, 409.0
473, 436.0, 372.0
474, 472.0, 75.0
475, 456.0, 369.0
476, 620.0, 427.0
477, 734.0, 448.0
478, 650.0, 421.0
479, 575.0, 120.0
480, 352.0, 9.0
481, 625.0, 290.0
482, 473.0, 396.0
483, 37.0, 143.0
484, 423.0, 375.0
485, 587.0, 47.0
486, 240.0, 428.0
487, 479.0, 18.0
488, 312.0, 416.0
489, 487.0, 295.0
490, 580.0, 419.0
491, 344.0, 173.0
492, 724.0, 435.0
493, 512.0, 461.0
494, 372.0, 383.0
495, 711.0, 439.0
496, 509.0, 33.0
497, 567.0, 159.0
498, 353.0, 259.0
499, 468.0, 112.0
