0, 714.0, 14.0
1, 544.0, 16.0
2, 427.0, 17.0
3, 438.0, 17.0
4, 456.0, 26.0
5, 427.0, 29.0
6, 456.0, 31.0
7, 541.0, 33.0
8, 436.0, 34.0
9, 540.0, 38.0
10, 435.0, 39.0
11, 455.0, 39.0
12, 426.0, 43.0
13, 392.0, 44.0
14, 58.0, 50.0
15, 266.0, 51.0
16, 283.0, 52.0
17, 328.0, 54.0
18, 314.0, 55.0
19, 560.0, 55.0
20, 639.0, 55.0
21, 148.0, 56.0
22, 272.0, 60.0
23, 202.0, 61.0
24, 183.0, 63.0
25, 415.0, 63.0
26, 395.0, 65.0
27, 20.0, 66.0
28, 451.0, 66.0
29, 480.0, 67.0
30, 12.0, 69.0
31, 558.0, 69.0
32, 283.0, 71.0
33, 700.0, 72.0
34, 557.0, 74.0
35, 42.0, 76.0
36, 699.0, 77.0
37, 202.0, 79.0
38, 513.0, 79.0
39, 37.0, 80.0
40, 740.0, 80.0
41, 327.0, 81.0
42, 451.0, 81.0
43, 52.0, 82.0
44, 315.0, 83.0
45, 450.0, 86.0
46, 51.0, 87.0
47, 283.0, 87.0
48, 563.0, 87.0
49, 617.0, 87.0
50, 696.0, 87.0
51, 449.0, 91.0
52, 202.0, 103.0
53, 552.0, 104.0
54, 598.0, 104.0
55, 411.0, 105.0
56, 531.0, 106.0
57, 735.0, 106.0
58, 358.0, 107.0
59, 223.0, 108.0
60, 690.0, 110.0
61, 233.0, 112.0
62, 474.0, 115.0
63, 529.0, 117.0
64, 203.0, 118.0
65, 327.0, 118.0
66, 560.0, 119.0
67, 444.0, 133.0
68, 684.0, 134.0
69, 570.0, 135.0
70, 419.0, 137.0
71, 729.0, 137.0
72, 444.0, 138.0
73, 367.0, 140.0
74, 359.0, 141.0
75, 255.0, 144.0
76, 525.0, 144.0
77, 727.0, 145.0
78, 547.0, 146.0
79, 682.0, 147.0
80, 506.0, 150.0
81, 723.0, 158.0
82, 544.0, 160.0
83, 678.0, 162.0
84, 203.0, 163.0
85, 384.0, 165.0
86, 440.0, 166.0
87, 24.0, 169.0
88, 12.0, 170.0
89, 440.0, 171.0
90, 96.0, 173.0
91, 21.0, 174.0
92, 36.0, 174.0
93, 542.0, 174.0
94, 675.0, 176.0
95, 565.0, 177.0
96, 719.0, 177.0
97, 21.0, 179.0
98, 201.0, 183.0
99, 543.0, 183.0
100, 281.0, 187.0
101, 673.0, 188.0
102, 295.0, 190.0
103, 260.0, 191.0
104, 245.0, 192.0
105, 315.0, 192.0
106, 356.0, 195.0
107, 540.0, 197.0
108, 384.0, 201.0
109, 671.0, 201.0
110, 670.0, 206.0
111, 517.0, 208.0
112, 539.0, 209.0
113, 710.0, 209.0
114, 670.0, 211.0
115, 532.0, 212.0
116, 196.0, 214.0
117, 708.0, 214.0
118, 201.0, 215.0
119, 232.0, 215.0
120, 262.0, 215.0
121, 280.0, 215.0
122, 294.0, 216.0
123, 243.0, 217.0
124, 317.0, 217.0
125, 355.0, 217.0
126, 191.0, 218.0
127, 366.0, 218.0
128, 372.0, 218.0
129, 378.0, 218.0
130, 409.0, 219.0
131, 424.0, 219.0
132, 470.0, 219.0
133, 415.0, 220.0
134, 479.0, 220.0
135, 550.0, 220.0
136, 489.0, 221.0
137, 668.0, 222.0
138, 341.0, 224.0
139, 515.0, 224.0
140, 705.0, 224.0
141, 534.0, 226.0
142, 12.0, 227.0
143, 188.0, 228.0
144, 667.0, 231.0
145, 26.0, 233.0
146, 701.0, 238.0
147, 666.0, 239.0
148, 189.0, 240.0
149, 532.0, 240.0
150, 347.0, 242.0
151, 698.0, 249.0
152, 187.0, 251.0
153, 692.0, 263.0
154, 665.0, 264.0
155, 690.0, 271.0
156, 8.0, 275.0
157, 687.0, 277.0
158, 189.0, 281.0
159, 515.0, 281.0
160, 30.0, 287.0
161, 683.0, 287.0
162, 17.0, 288.0
163, 12.0, 289.0
164, 33.0, 294.0
165, 187.0, 295.0
166, 24.0, 296.0
167, 516.0, 297.0
168, 522.0, 297.0
169, 527.0, 297.0
170, 664.0, 299.0
171, 669.0, 303.0
172, 674.0, 305.0
173, 30.0, 307.0
174, 515.0, 309.0
175, 535.0, 311.0
176, 664.0, 312.0
177, 9.0, 322.0
178, 31.0, 323.0
179, 187.0, 323.0
180, 525.0, 324.0
181, 662.0, 324.0
182, 514.0, 325.0
183, 150.0, 338.0
184, 9.0, 339.0
185, 31.0, 340.0
186, 139.0, 340.0
187, 186.0, 340.0
188, 513.0, 341.0
189, 522.0, 341.0
190, 659.0, 342.0
191, 135.0, 348.0
192, 83.0, 350.0
193, 91.0, 350.0
194, 118.0, 350.0
195, 111.0, 351.0
196, 101.0, 352.0
197, 186.0, 352.0
198, 31.0, 353.0
199, 58.0, 354.0
200, 127.0, 354.0
201, 157.0, 354.0
202, 52.0, 358.0
203, 133.0, 360.0
204, 512.0, 360.0
205, 71.0, 361.0
206, 118.0, 361.0
207, 45.0, 366.0
208, 187.0, 367.0
209, 132.0, 368.0
210, 106.0, 369.0
211, 520.0, 369.0
212, 32.0, 370.0
213, 527.0, 376.0
214, 516.0, 377.0
215, 591.0, 377.0
216, 10.0, 378.0
217, 628.0, 378.0
218, 655.0, 378.0
219, 660.0, 379.0
220, 187.0, 382.0
221, 667.0, 385.0
222, 137.0, 387.0
223, 508.0, 389.0
224, 244.0, 392.0
225, 186.0, 393.0
226, 238.0, 393.0
227, 310.0, 393.0
228, 317.0, 393.0
229, 573.0, 393.0
230, 10.0, 394.0
231, 147.0, 395.0
232, 648.0, 396.0
233, 536.0, 398.0
234, 15.0, 400.0
235, 12.0, 405.0
236, 321.0, 405.0
237, 668.0, 406.0
238, 242.0, 419.0
239, 568.0, 421.0
240, 743.0, 424.0
241, 732.0, 437.0
242, 476.0, 448.0
243, 726.0, 448.0
244, 239.0, 458.0
245, 714.0, 462.0
246, 287.0, 465.0
247, 547.0, 466.0
