0, 495.0, 289.0
1, 510.0, 260.0
2, 508.0, 271.0
3, 503.0, 247.0
4, 485.0, 243.0
5, 490.0, 266.0
6, 494.0, 245.0
7, 492.0, 255.0
8, 504.0, 292.0
9, 483.0, 253.0
10, 488.0, 276.0
11, 499.0, 268.0
12, 472.0, 219.0
13, 465.0, 259.0
14, 468.0, 239.0
15, 520.0, 263.0
16, 473.0, 261.0
17, 496.0, 235.0
18, 514.0, 239.0
19, 478.0, 284.0
20, 475.0, 251.0
21, 506.0, 281.0
22, 518.0, 216.0
23, 480.0, 220.0
24, 362.0, 279.0
25, 497.0, 224.0
26, 516.0, 228.0
27, 470.0, 229.0
28, 472.0, 271.0
29, 303.0, 360.0
30, 241.0, 360.0
31, 489.0, 222.0
32, 487.0, 233.0
33, 501.0, 258.0
34, 497.0, 279.0
35, 462.0, 278.0
36, 467.0, 249.0
37, 481.0, 263.0
38, 454.0, 266.0
39, 470.0, 281.0
40, 456.0, 256.0
41, 508.0, 214.0
42, 479.0, 273.0
43, 507.0, 226.0
44, 476.0, 241.0
45, 371.0, 310.0
46, 523.0, 252.0
47, 151.0, 199.0
48, 198.0, 385.0
49, 516.0, 284.0
50, 515.0, 295.0
51, 525.0, 241.0
52, 228.0, 374.0
53, 309.0, 280.0
54, 462.0, 217.0
55, 490.0, 211.0
56, 463.0, 268.0
57, 479.0, 231.0
58, 326.0, 433.0
59, 512.0, 250.0
60, 486.0, 286.0
61, 493.0, 300.0
62, 461.0, 227.0
63, 292.0, 352.0
64, 360.0, 361.0
65, 208.0, 381.0
66, 334.0, 302.0
67, 135.0, 184.0
68, 352.0, 332.0
69, 451.0, 286.0
70, 399.0, 92.0
71, 425.0, 346.0
72, 519.0, 273.0
73, 527.0, 230.0
74, 276.0, 395.0
75, 143.0, 448.0
76, 215.0, 342.0
77, 347.0, 370.0
78, 255.0, 136.0
79, 268.0, 432.0
80, 389.0, 369.0
81, 139.0, 201.0
82, 192.0, 400.0
83, 484.0, 297.0
84, 175.0, 368.0
85, 316.0, 330.0
86, 459.0, 236.0
87, 189.0, 460.0
88, 504.0, 237.0
89, 433.0, 446.0
90, 360.0, 397.0
91, 250.0, 334.0
92, 278.0, 420.0
93, 300.0, 345.0
94, 312.0, 351.0
95, 482.0, 209.0
96, 242.0, 349.0
97, 220.0, 145.0
98, 364.0, 339.0
99, 370.0, 297.0
100, 269.0, 103.0
101, 519.0, 471.0
102, 638.0, 385.0
103, 339.0, 270.0
104, 529.0, 217.0
105, 408.0, 158.0
106, 226.0, 361.0
107, 153.0, 211.0
108, 385.0, 323.0
109, 465.0, 205.0
110, 356.0, 346.0
111, 235.0, 66.0
112, 312.0, 367.0
113, 291.0, 431.0
114, 378.0, 329.0
115, 401.0, 280.0
116, 142.0, 214.0
117, 387.0, 269.0
118, 467.0, 292.0
119, 352.0, 406.0
120, 398.0, 334.0
121, 119.0, 67.0
122, 211.0, 102.0
123, 516.0, 453.0
124, 263.0, 318.0
125, 426.0, 288.0
126, 298.0, 423.0
127, 437.0, 463.0
128, 270.0, 120.0
129, 500.0, 213.0
130, 190.0, 283.0
131, 306.0, 309.0
132, 431.0, 418.0
133, 458.0, 246.0
134, 531.0, 467.0
135, 375.0, 274.0
136, 232.0, 161.0
137, 501.0, 303.0
138, 512.0, 308.0
139, 325.0, 374.0
140, 524.0, 347.0
141, 163.0, 464.0
142, 380.0, 293.0
143, 453.0, 276.0
144, 459.0, 432.0
145, 205.0, 394.0
146, 407.0, 295.0
147, 284.0, 247.0
148, 396.0, 109.0
149, 353.0, 318.0
150, 249.0, 179.0
151, 257.0, 405.0
152, 645.0, 466.0
153, 270.0, 351.0
154, 710.0, 246.0
155, 369.0, 366.0
156, 369.0, 411.0
157, 252.0, 64.0
158, 475.0, 294.0
159, 390.0, 163.0
160, 315.0, 299.0
161, 240.0, 371.0
162, 300.0, 296.0
163, 229.0, 110.0
164, 242.0, 303.0
165, 272.0, 331.0
166, 388.0, 280.0
167, 254.0, 149.0
168, 396.0, 266.0
169, 272.0, 305.0
170, 360.0, 305.0
171, 172.0, 451.0
172, 384.0, 257.0
173, 260.0, 304.0
174, 450.0, 465.0
175, 492.0, 371.0
176, 684.0, 347.0
177, 525.0, 202.0
178, 276.0, 440.0
179, 250.0, 388.0
180, 342.0, 339.0
181, 218.0, 376.0
182, 473.0, 208.0
183, 12.0, 319.0
184, 460.0, 289.0
185, 416.0, 320.0
186, 460.0, 326.0
187, 662.0, 265.0
188, 111.0, 383.0
189, 442.0, 409.0
190, 293.0, 314.0
191, 236.0, 389.0
192, 148.0, 469.0
193, 213.0, 114.0
194, 161.0, 403.0
195, 208.0, 156.0
196, 185.0, 385.0
197, 383.0, 314.0
198, 229.0, 178.0
199, 233.0, 348.0
200, 454.0, 421.0
201, 375.0, 319.0
202, 133.0, 460.0
203, 376.0, 359.0
204, 327.0, 54.0
205, 358.0, 376.0
206, 227.0, 89.0
207, 312.0, 421.0
208, 386.0, 246.0
209, 281.0, 456.0
210, 232.0, 415.0
211, 429.0, 316.0
212, 317.0, 316.0
213, 356.0, 296.0
214, 530.0, 173.0
215, 412.0, 100.0
216, 408.0, 167.0
217, 296.0, 468.0
218, 291.0, 405.0
219, 9.0, 294.0
220, 415.0, 373.0
221, 250.0, 169.0
222, 194.0, 413.0
223, 534.0, 138.0
224, 469.0, 401.0
225, 427.0, 404.0
226, 243.0, 208.0
227, 403.0, 215.0
228, 381.0, 230.0
229, 282.0, 344.0
230, 48.0, 414.0
231, 51.0, 303.0
232, 553.0, 320.0
233, 446.0, 456.0
234, 528.0, 458.0
235, 321.0, 465.0
236, 228.0, 304.0
237, 233.0, 205.0
238, 254.0, 314.0
239, 327.0, 307.0
240, 487.0, 339.0
241, 289.0, 340.0
242, 451.0, 300.0
243, 284.0, 360.0
244, 273.0, 383.0
245, 57.0, 436.0
246, 292.0, 302.0
247, 231.0, 125.0
248, 365.0, 135.0
249, 441.0, 360.0
250, 397.0, 439.0
251, 69.0, 35.0
252, 248.0, 107.0
253, 220.0, 389.0
254, 342.0, 440.0
255, 549.0, 249.0
256, 406.0, 194.0
257, 395.0, 318.0
258, 331.0, 288.0
259, 246.0, 325.0
260, 536.0, 126.0
261, 344.0, 356.0
262, 95.0, 129.0
263, 400.0, 346.0
264, 257.0, 126.0
265, 443.0, 396.0
266, 305.0, 397.0
267, 243.0, 221.0
268, 262.0, 338.0
269, 191.0, 351.0
270, 208.0, 347.0
271, 420.0, 357.0
272, 111.0, 33.0
273, 348.0, 292.0
274, 124.0, 89.0
275, 272.0, 263.0
276, 340.0, 70.0
277, 382.0, 302.0
278, 116.0, 54.0
279, 232.0, 142.0
280, 41.0, 393.0
281, 235.0, 325.0
282, 159.0, 223.0
283, 183.0, 263.0
284, 183.0, 375.0
285, 458.0, 456.0
286, 339.0, 312.0
287, 431.0, 366.0
288, 385.0, 288.0
289, 37.0, 299.0
290, 269.0, 340.0
291, 118.0, 128.0
292, 146.0, 183.0
293, 538.0, 105.0
294, 175.0, 428.0
295, 340.0, 132.0
296, 343.0, 415.0
297, 272.0, 286.0
298, 445.0, 299.0
299, 284.0, 412.0
300, 74.0, 60.0
301, 58.0, 468.0
302, 420.0, 332.0
303, 405.0, 364.0
304, 368.0, 325.0
305, 506.0, 343.0
306, 527.0, 187.0
307, 390.0, 385.0
308, 33.0, 383.0
309, 216.0, 129.0
310, 274.0, 176.0
311, 740.0, 168.0
312, 222.0, 56.0
313, 197.0, 8.0
314, 204.0, 58.0
315, 404.0, 134.0
316, 451.0, 312.0
317, 515.0, 170.0
318, 320.0, 339.0
319, 395.0, 360.0
320, 406.0, 179.0
321, 481.0, 404.0
322, 199.0, 213.0
323, 284.0, 126.0
324, 199.0, 375.0
325, 25.0, 308.0
326, 532.0, 152.0
327, 145.0, 230.0
328, 259.0, 373.0
329, 240.0, 336.0
330, 17.0, 43.0
331, 412.0, 328.0
332, 232.0, 150.0
333, 220.0, 368.0
334, 172.0, 419.0
335, 27.0, 352.0
336, 37.0, 136.0
337, 443.0, 348.0
338, 164.0, 392.0
339, 391.0, 307.0
340, 395.0, 243.0
341, 260.0, 280.0
342, 225.0, 328.0
343, 359.0, 269.0
344, 396.0, 327.0
345, 702.0, 352.0
346, 543.0, 64.0
347, 295.0, 242.0
348, 129.0, 114.0
349, 267.0, 89.0
350, 411.0, 86.0
351, 399.0, 175.0
352, 488.0, 425.0
353, 179.0, 405.0
354, 16.0, 331.0
355, 386.0, 135.0
356, 52.0, 444.0
357, 207.0, 280.0
358, 342.0, 306.0
359, 410.0, 304.0
360, 207.0, 79.0
361, 411.0, 113.0
362, 352.0, 309.0
363, 550.0, 8.0
364, 203.0, 41.0
365, 444.0, 423.0
366, 122.0, 143.0
367, 248.0, 367.0
368, 537.0, 115.0
369, 545.0, 47.0
370, 303.0, 438.0
371, 364.0, 290.0
372, 377.0, 136.0
373, 168.0, 440.0
374, 390.0, 176.0
375, 152.0, 442.0
376, 418.0, 468.0
377, 229.0, 354.0
378, 266.0, 272.0
379, 401.0, 238.0
380, 333.0, 319.0
381, 345.0, 283.0
382, 395.0, 146.0
383, 431.0, 433.0
384, 238.0, 213.0
385, 214.0, 366.0
386, 254.0, 445.0
387, 533.0, 303.0
388, 548.0, 23.0
389, 404.0, 358.0
390, 412.0, 348.0
391, 220.0, 208.0
392, 437.0, 428.0
393, 282.0, 272.0
394, 253.0, 289.0
395, 261.0, 45.0
396, 18.0, 344.0
397, 698.0, 347.0
398, 123.0, 125.0
399, 463.0, 147.0
400, 541.0, 82.0
401, 244.0, 395.0
402, 391.0, 343.0
403, 209.0, 87.0
404, 303.0, 319.0
405, 445.0, 308.0
406, 430.0, 379.0
407, 591.0, 471.0
408, 462.0, 463.0
409, 115.0, 442.0
410, 456.0, 311.0
411, 19.0, 73.0
412, 729.0, 211.0
413, 426.0, 121.0
414, 283.0, 319.0
415, 543.0, 59.0
416, 467.0, 449.0
417, 299.0, 254.0
418, 340.0, 82.0
419, 730.0, 206.0
420, 150.0, 226.0
421, 379.0, 350.0
422, 659.0, 254.0
423, 220.0, 353.0
424, 436.0, 348.0
425, 251.0, 159.0
426, 14.0, 27.0
427, 466.0, 45.0
428, 714.0, 269.0
429, 176.0, 70.0
430, 495.0, 212.0
431, 200.0, 347.0
432, 539.0, 94.0
433, 691.0, 317.0
434, 30.0, 362.0
435, 416.0, 393.0
436, 432.0, 325.0
437, 224.0, 71.0
438, 386.0, 205.0
439, 632.0, 254.0
440, 404.0, 22.0
441, 420.0, 382.0
442, 82.0, 87.0
443, 237.0, 384.0
444, 547.0, 35.0
445, 32.0, 367.0
446, 206.0, 362.0
447, 221.0, 51.0
448, 325.0, 358.0
449, 329.0, 349.0
450, 411.0, 118.0
451, 263.0, 442.0
452, 442.0, 435.0
453, 266.0, 77.0
454, 304.0, 333.0
455, 596.0, 467.0
456, 201.0, 92.0
457, 167.0, 418.0
458, 180.0, 429.0
459, 386.0, 361.0
460, 130.0, 119.0
461, 188.0, 410.0
462, 393.0, 256.0
463, 177.0, 164.0
464, 518.0, 435.0
465, 706.0, 299.0
466, 260.0, 35.0
467, 215.0, 124.0
468, 15.0, 37.0
469, 728.0, 216.0
470, 143.0, 99.0
471, 702.0, 263.0
472, 388.0, 190.0
473, 404.0, 207.0
474, 312.0, 471.0
475, 100.0, 176.0
476, 297.0, 379.0
477, 174.0, 405.0
478, 398.0, 180.0
479, 326.0, 278.0
480, 219.0, 46.0
481, 206.0, 73.0
482, 300.0, 243.0
483, 207.0, 92.0
484, 260.0, 40.0
485, 694.0, 335.0
486, 133.0, 132.0
487, 409.0, 148.0
488, 527.0, 301.0
489, 532.0, 448.0
490, 303.0, 129.0
491, 51.0, 288.0
492, 532.0, 162.0
493, 415.0, 269.0
494, 543.0, 464.0
495, 337.0, 291.0
496, 278.0, 277.0
497, 136.0, 120.0
498, 20.0, 78.0
499, 726.0, 154.0
