0, 55.0, 9.0
1, 250.0, 9.0
2, 47.0, 10.0
3, 594.0, 10.0
4, 713.0, 11.0
5, 736.0, 13.0
6, 699.0, 14.0
7, 46.0, 15.0
8, 661.0, 18.0
9, 116.0, 19.0
10, 528.0, 19.0
11, 57.0, 22.0
12, 593.0, 23.0
13, 144.0, 25.0
14, 639.0, 25.0
15, 149.0, 26.0
16, 565.0, 27.0
17, 581.0, 28.0
18, 453.0, 30.0
19, 601.0, 30.0
20, 174.0, 31.0
21, 405.0, 32.0
22, 59.0, 35.0
23, 455.0, 35.0
24, 174.0, 36.0
25, 166.0, 37.0
26, 542.0, 38.0
27, 685.0, 40.0
28, 590.0, 41.0
29, 122.0, 42.0
30, 176.0, 45.0
31, 252.0, 45.0
32, 704.0, 45.0
33, 701.0, 54.0
34, 607.0, 56.0
35, 54.0, 62.0
36, 515.0, 63.0
37, 697.0, 63.0
38, 60.0, 65.0
39, 735.0, 65.0
40, 66.0, 66.0
41, 712.0, 68.0
42, 125.0, 71.0
43, 151.0, 71.0
44, 172.0, 74.0
45, 179.0, 74.0
46, 557.0, 74.0
47, 567.0, 76.0
48, 574.0, 82.0
49, 44.0, 88.0
50, 54.0, 89.0
51, 418.0, 89.0
52, 87.0, 90.0
53, 226.0, 90.0
54, 286.0, 91.0
55, 364.0, 91.0
56, 728.0, 91.0
57, 64.0, 93.0
58, 553.0, 95.0
59, 614.0, 96.0
60, 184.0, 97.0
61, 579.0, 97.0
62, 592.0, 97.0
63, 688.0, 97.0
64, 379.0, 98.0
65, 258.0, 99.0
66, 358.0, 99.0
67, 567.0, 99.0
68, 410.0, 101.0
69, 280.0, 102.0
70, 601.0, 102.0
71, 75.0, 103.0
72, 227.0, 104.0
73, 48.0, 105.0
74, 516.0, 106.0
75, 65.0, 107.0
76, 136.0, 107.0
77, 550.0, 108.0
78, 56.0, 109.0
79, 448.0, 109.0
80, 272.0, 110.0
81, 287.0, 110.0
82, 292.0, 110.0
83, 301.0, 110.0
84, 313.0, 110.0
85, 318.0, 110.0
86, 323.0, 110.0
87, 328.0, 110.0
88, 333.0, 110.0
89, 344.0, 111.0
90, 352.0, 111.0
91, 357.0, 111.0
92, 365.0, 111.0
93, 370.0, 111.0
94, 376.0, 111.0
95, 381.0, 111.0
96, 390.0, 112.0
97, 408.0, 112.0
98, 397.0, 113.0
99, 480.0, 118.0
100, 566.0, 119.0
101, 579.0, 120.0
102, 43.0, 129.0
103, 689.0, 130.0
104, 391.0, 133.0
105, 396.0, 133.0
106, 450.0, 133.0
107, 58.0, 137.0
108, 332.0, 138.0
109, 590.0, 138.0
110, 306.0, 140.0
111, 713.0, 143.0
112, 629.0, 144.0
113, 674.0, 145.0
114, 262.0, 146.0
115, 73.0, 148.0
116, 85.0, 151.0
117, 360.0, 153.0
118, 659.0, 154.0
119, 560.0, 157.0
120, 645.0, 159.0
121, 568.0, 160.0
122, 476.0, 161.0
123, 63.0, 163.0
124, 78.0, 163.0
125, 319.0, 165.0
126, 452.0, 165.0
127, 646.0, 165.0
128, 688.0, 165.0
129, 585.0, 167.0
130, 636.0, 168.0
131, 703.0, 170.0
132, 95.0, 174.0
133, 557.0, 174.0
134, 339.0, 175.0
135, 674.0, 175.0
136, 724.0, 177.0
137, 567.0, 178.0
138, 595.0, 178.0
139, 582.0, 179.0
140, 381.0, 180.0
141, 436.0, 180.0
142, 532.0, 186.0
143, 595.0, 188.0
144, 719.0, 190.0
145, 546.0, 191.0
146, 257.0, 195.0
147, 615.0, 195.0
148, 327.0, 197.0
149, 405.0, 197.0
150, 652.0, 198.0
151, 415.0, 199.0
152, 578.0, 200.0
153, 353.0, 202.0
154, 424.0, 203.0
155, 38.0, 204.0
156, 527.0, 204.0
157, 679.0, 204.0
158, 670.0, 205.0
159, 51.0, 206.0
160, 662.0, 206.0
161, 565.0, 208.0
162, 389.0, 209.0
163, 576.0, 210.0
164, 367.0, 212.0
165, 591.0, 215.0
166, 711.0, 215.0
167, 688.0, 217.0
168, 315.0, 221.0
169, 499.0, 221.0
170, 44.0, 224.0
171, 694.0, 224.0
172, 33.0, 227.0
173, 535.0, 227.0
174, 62.0, 230.0
175, 67.0, 230.0
176, 74.0, 231.0
177, 347.0, 233.0
178, 671.0, 233.0
179, 684.0, 233.0
180, 52.0, 235.0
181, 41.0, 237.0
182, 570.0, 237.0
183, 703.0, 239.0
184, 29.0, 241.0
185, 544.0, 243.0
186, 17.0, 244.0
187, 107.0, 245.0
188, 273.0, 245.0
189, 586.0, 245.0
190, 691.0, 245.0
191, 100.0, 246.0
192, 282.0, 246.0
193, 374.0, 246.0
194, 443.0, 248.0
195, 657.0, 254.0
196, 139.0, 255.0
197, 416.0, 256.0
198, 697.0, 257.0
199, 455.0, 260.0
200, 558.0, 264.0
201, 283.0, 265.0
202, 730.0, 268.0
203, 570.0, 269.0
204, 271.0, 271.0
205, 276.0, 271.0
206, 415.0, 271.0
207, 635.0, 272.0
208, 555.0, 273.0
209, 470.0, 275.0
210, 277.0, 276.0
211, 430.0, 276.0
212, 284.0, 280.0
213, 108.0, 283.0
214, 318.0, 284.0
215, 440.0, 284.0
216, 632.0, 284.0
217, 414.0, 285.0
218, 245.0, 286.0
219, 450.0, 286.0
220, 679.0, 286.0
221, 108.0, 288.0
222, 333.0, 289.0
223, 657.0, 290.0
224, 347.0, 292.0
225, 204.0, 293.0
226, 267.0, 293.0
227, 694.0, 294.0
228, 495.0, 296.0
229, 284.0, 297.0
230, 518.0, 297.0
231, 551.0, 297.0
232, 583.0, 297.0
233, 674.0, 297.0
234, 353.0, 299.0
235, 371.0, 300.0
236, 525.0, 301.0
237, 213.0, 302.0
238, 266.0, 302.0
239, 124.0, 305.0
240, 289.0, 307.0
241, 389.0, 307.0
242, 448.0, 307.0
243, 623.0, 308.0
244, 371.0, 310.0
245, 115.0, 311.0
246, 376.0, 311.0
247, 388.0, 312.0
248, 650.0, 312.0
249, 401.0, 314.0
250, 430.0, 314.0
251, 634.0, 314.0
252, 444.0, 319.0
253, 430.0, 320.0
254, 101.0, 322.0
255, 703.0, 322.0
256, 311.0, 323.0
257, 595.0, 323.0
258, 440.0, 324.0
259, 459.0, 324.0
260, 521.0, 325.0
261, 174.0, 327.0
262, 542.0, 331.0
263, 492.0, 333.0
264, 324.0, 334.0
265, 530.0, 335.0
266, 511.0, 338.0
267, 121.0, 340.0
268, 598.0, 340.0
269, 611.0, 341.0
270, 524.0, 342.0
271, 302.0, 344.0
272, 391.0, 345.0
273, 538.0, 346.0
274, 92.0, 348.0
275, 139.0, 350.0
276, 547.0, 350.0
277, 400.0, 351.0
278, 83.0, 352.0
279, 90.0, 353.0
280, 561.0, 353.0
281, 566.0, 353.0
282, 544.0, 355.0
283, 73.0, 357.0
284, 693.0, 357.0
285, 126.0, 360.0
286, 587.0, 360.0
287, 703.0, 360.0
288, 652.0, 361.0
289, 63.0, 362.0
290, 338.0, 363.0
291, 53.0, 368.0
292, 612.0, 368.0
293, 662.0, 370.0
294, 687.0, 371.0
295, 101.0, 372.0
296, 628.0, 373.0
297, 42.0, 374.0
298, 417.0, 376.0
299, 644.0, 377.0
300, 30.0, 379.0
301, 376.0, 379.0
302, 424.0, 379.0
303, 657.0, 381.0
304, 328.0, 384.0
305, 408.0, 384.0
306, 19.0, 385.0
307, 359.0, 385.0
308, 162.0, 388.0
309, 437.0, 388.0
310, 682.0, 389.0
311, 8.0, 392.0
312, 371.0, 393.0
313, 420.0, 393.0
314, 680.0, 395.0
315, 708.0, 395.0
316, 367.0, 398.0
317, 404.0, 398.0
318, 388.0, 399.0
319, 393.0, 400.0
320, 412.0, 403.0
321, 398.0, 404.0
322, 380.0, 405.0
323, 296.0, 407.0
324, 412.0, 408.0
325, 298.0, 412.0
326, 382.0, 412.0
327, 290.0, 413.0
328, 124.0, 415.0
329, 370.0, 415.0
330, 375.0, 415.0
331, 364.0, 416.0
332, 404.0, 416.0
333, 425.0, 416.0
334, 302.0, 418.0
335, 394.0, 418.0
336, 385.0, 421.0
337, 422.0, 422.0
338, 371.0, 425.0
339, 96.0, 426.0
340, 340.0, 427.0
341, 345.0, 427.0
342, 350.0, 427.0
343, 361.0, 429.0
344, 93.0, 431.0
345, 382.0, 431.0
346, 290.0, 432.0
347, 340.0, 432.0
348, 310.0, 433.0
349, 371.0, 434.0
350, 174.0, 435.0
351, 104.0, 438.0
352, 354.0, 438.0
353, 94.0, 440.0
354, 329.0, 443.0
355, 345.0, 443.0
356, 370.0, 444.0
357, 357.0, 445.0
358, 376.0, 448.0
359, 330.0, 450.0
360, 361.0, 451.0
361, 348.0, 452.0
362, 389.0, 452.0
363, 314.0, 455.0
364, 339.0, 458.0
365, 353.0, 458.0
366, 400.0, 458.0
367, 322.0, 459.0
368, 313.0, 460.0
369, 364.0, 461.0
370, 649.0, 462.0
371, 267.0, 464.0
372, 320.0, 464.0
373, 412.0, 464.0
374, 333.0, 465.0
375, 340.0, 465.0
376, 375.0, 468.0
377, 300.0, 469.0
378, 370.0, 469.0
379, 380.0, 469.0
380, 522.0, 469.0
381, 305.0, 470.0
382, 386.0, 470.0
383, 179.0, 471.0
384, 430.0, 471.0
