0, 590.0, 288.0
1, 607.0, 313.0
2, 611.0, 291.0
3, 643.0, 296.0
4, 616.0, 258.0
5, 638.0, 261.0
6, 595.0, 255.0
7, 618.0, 247.0
8, 625.0, 271.0
9, 629.0, 248.0
10, 641.0, 307.0
11, 636.0, 272.0
12, 651.0, 251.0
13, 609.0, 302.0
14, 640.0, 250.0
15, 645.0, 285.0
16, 604.0, 267.0
17, 631.0, 236.0
18, 656.0, 298.0
19, 593.0, 266.0
20, 591.0, 277.0
21, 618.0, 315.0
22, 595.0, 323.0
23, 597.0, 311.0
24, 588.0, 299.0
25, 623.0, 282.0
26, 349.0, 316.0
27, 538.0, 349.0
28, 634.0, 283.0
29, 606.0, 325.0
30, 211.0, 376.0
31, 614.0, 269.0
32, 394.0, 393.0
33, 613.0, 280.0
34, 607.0, 245.0
35, 580.0, 275.0
36, 528.0, 349.0
37, 599.0, 300.0
38, 518.0, 323.0
39, 197.0, 387.0
40, 585.0, 242.0
41, 597.0, 244.0
42, 616.0, 327.0
43, 574.0, 382.0
44, 602.0, 278.0
45, 627.0, 259.0
46, 62.0, 450.0
47, 534.0, 396.0
48, 600.0, 289.0
49, 620.0, 304.0
50, 581.0, 456.0
51, 526.0, 357.0
52, 637.0, 330.0
53, 523.0, 394.0
54, 577.0, 297.0
55, 384.0, 381.0
56, 535.0, 364.0
57, 657.0, 287.0
58, 124.0, 426.0
59, 632.0, 294.0
60, 91.0, 440.0
61, 437.0, 439.0
62, 598.0, 232.0
63, 582.0, 264.0
64, 647.0, 274.0
65, 434.0, 471.0
66, 509.0, 407.0
67, 661.0, 264.0
68, 621.0, 293.0
69, 669.0, 457.0
70, 423.0, 438.0
71, 166.0, 404.0
72, 228.0, 122.0
73, 118.0, 434.0
74, 649.0, 262.0
75, 639.0, 318.0
76, 663.0, 253.0
77, 652.0, 321.0
78, 608.0, 431.0
79, 668.0, 430.0
80, 106.0, 437.0
81, 102.0, 340.0
82, 503.0, 380.0
83, 380.0, 368.0
84, 531.0, 384.0
85, 140.0, 413.0
86, 128.0, 414.0
87, 659.0, 275.0
88, 630.0, 305.0
89, 75.0, 442.0
90, 358.0, 341.0
91, 476.0, 341.0
92, 685.0, 466.0
93, 81.0, 470.0
94, 539.0, 471.0
95, 156.0, 411.0
96, 585.0, 321.0
97, 558.0, 329.0
98, 463.0, 356.0
99, 182.0, 387.0
100, 421.0, 427.0
101, 180.0, 376.0
102, 101.0, 463.0
103, 349.0, 337.0
104, 587.0, 310.0
105, 575.0, 307.0
106, 553.0, 342.0
107, 333.0, 303.0
108, 194.0, 367.0
109, 627.0, 328.0
110, 554.0, 378.0
111, 512.0, 362.0
112, 606.0, 462.0
113, 526.0, 468.0
114, 207.0, 395.0
115, 216.0, 389.0
116, 485.0, 347.0
117, 429.0, 461.0
118, 66.0, 468.0
119, 609.0, 233.0
120, 578.0, 286.0
121, 629.0, 316.0
122, 512.0, 175.0
123, 474.0, 360.0
124, 528.0, 325.0
125, 376.0, 345.0
126, 545.0, 362.0
127, 214.0, 224.0
128, 654.0, 309.0
129, 587.0, 229.0
130, 459.0, 444.0
131, 518.0, 383.0
132, 100.0, 444.0
133, 592.0, 442.0
134, 620.0, 234.0
135, 172.0, 370.0
136, 369.0, 370.0
137, 545.0, 436.0
138, 606.0, 256.0
139, 653.0, 239.0
140, 360.0, 349.0
141, 526.0, 409.0
142, 509.0, 336.0
143, 650.0, 333.0
144, 15.0, 271.0
145, 662.0, 407.0
146, 148.0, 421.0
147, 151.0, 397.0
148, 698.0, 430.0
149, 549.0, 327.0
150, 573.0, 319.0
151, 455.0, 400.0
152, 646.0, 416.0
153, 666.0, 240.0
154, 408.0, 404.0
155, 660.0, 425.0
156, 581.0, 403.0
157, 430.0, 450.0
158, 638.0, 396.0
159, 623.0, 394.0
160, 597.0, 361.0
161, 659.0, 193.0
162, 274.0, 413.0
163, 544.0, 336.0
164, 394.0, 422.0
165, 421.0, 414.0
166, 375.0, 378.0
167, 129.0, 435.0
168, 150.0, 138.0
169, 224.0, 133.0
170, 496.0, 301.0
171, 452.0, 382.0
172, 139.0, 426.0
173, 444.0, 326.0
174, 628.0, 402.0
175, 524.0, 106.0
176, 26.0, 265.0
177, 487.0, 388.0
178, 522.0, 338.0
179, 641.0, 237.0
180, 677.0, 443.0
181, 410.0, 446.0
182, 656.0, 416.0
183, 510.0, 124.0
184, 541.0, 373.0
185, 382.0, 355.0
186, 399.0, 432.0
187, 344.0, 324.0
188, 402.0, 399.0
189, 495.0, 440.0
190, 657.0, 457.0
191, 583.0, 254.0
192, 466.0, 339.0
193, 85.0, 449.0
194, 684.0, 430.0
195, 691.0, 453.0
196, 462.0, 329.0
197, 490.0, 322.0
198, 591.0, 338.0
199, 159.0, 396.0
200, 554.0, 398.0
201, 617.0, 372.0
202, 622.0, 407.0
203, 483.0, 361.0
204, 145.0, 89.0
205, 181.0, 365.0
206, 521.0, 120.0
207, 355.0, 308.0
208, 607.0, 366.0
209, 393.0, 137.0
210, 576.0, 392.0
211, 714.0, 452.0
212, 111.0, 73.0
213, 583.0, 423.0
214, 645.0, 372.0
215, 530.0, 89.0
216, 729.0, 453.0
217, 20.0, 247.0
218, 471.0, 396.0
219, 486.0, 333.0
220, 105.0, 47.0
221, 653.0, 470.0
222, 124.0, 121.0
223, 132.0, 143.0
224, 594.0, 405.0
225, 73.0, 461.0
226, 507.0, 390.0
227, 385.0, 394.0
228, 473.0, 381.0
229, 599.0, 386.0
230, 513.0, 163.0
231, 153.0, 208.0
232, 502.0, 464.0
233, 495.0, 408.0
234, 211.0, 245.0
235, 222.0, 154.0
236, 611.0, 383.0
237, 148.0, 115.0
238, 427.0, 422.0
239, 172.0, 399.0
240, 109.0, 447.0
241, 496.0, 354.0
242, 175.0, 250.0
243, 428.0, 351.0
244, 281.0, 58.0
245, 220.0, 171.0
246, 421.0, 388.0
247, 243.0, 8.0
248, 376.0, 135.0
249, 360.0, 317.0
250, 246.0, 65.0
251, 103.0, 34.0
252, 112.0, 262.0
253, 146.0, 103.0
254, 406.0, 139.0
255, 250.0, 123.0
256, 669.0, 158.0
257, 30.0, 313.0
258, 412.0, 434.0
259, 149.0, 193.0
260, 503.0, 246.0
261, 568.0, 449.0
262, 441.0, 460.0
263, 447.0, 341.0
264, 116.0, 95.0
265, 510.0, 186.0
266, 567.0, 434.0
267, 679.0, 269.0
268, 135.0, 26.0
269, 612.0, 396.0
270, 652.0, 221.0
271, 151.0, 151.0
272, 260.0, 27.0
273, 507.0, 322.0
274, 168.0, 389.0
275, 626.0, 379.0
276, 392.0, 403.0
277, 719.0, 381.0
278, 485.0, 399.0
279, 160.0, 251.0
280, 634.0, 387.0
281, 423.0, 448.0
282, 485.0, 433.0
283, 209.0, 263.0
284, 162.0, 237.0
285, 218.0, 189.0
286, 464.0, 318.0
287, 655.0, 207.0
288, 535.0, 376.0
289, 727.0, 468.0
290, 261.0, 124.0
291, 687.0, 381.0
292, 504.0, 237.0
293, 554.0, 310.0
294, 217.0, 200.0
295, 360.0, 333.0
296, 565.0, 367.0
297, 571.0, 356.0
298, 553.0, 471.0
299, 277.0, 125.0
300, 248.0, 87.0
301, 211.0, 23.0
302, 458.0, 470.0
303, 108.0, 428.0
304, 364.0, 309.0
305, 395.0, 376.0
306, 536.0, 406.0
307, 117.0, 447.0
308, 510.0, 202.0
309, 106.0, 301.0
310, 673.0, 146.0
311, 577.0, 371.0
312, 373.0, 360.0
313, 710.0, 461.0
314, 507.0, 217.0
315, 221.0, 349.0
316, 379.0, 435.0
317, 520.0, 420.0
318, 45.0, 293.0
319, 481.0, 416.0
320, 615.0, 446.0
321, 589.0, 415.0
322, 393.0, 106.0
323, 289.0, 398.0
324, 498.0, 268.0
325, 328.0, 314.0
326, 441.0, 144.0
327, 694.0, 79.0
328, 280.0, 197.0
329, 249.0, 111.0
330, 503.0, 147.0
331, 65.0, 304.0
332, 665.0, 172.0
333, 352.0, 295.0
334, 583.0, 446.0
335, 700.0, 440.0
336, 415.0, 143.0
337, 583.0, 469.0
338, 216.0, 209.0
339, 114.0, 85.0
340, 691.0, 423.0
341, 498.0, 364.0
342, 648.0, 439.0
343, 71.0, 392.0
344, 604.0, 443.0
345, 244.0, 33.0
346, 616.0, 353.0
347, 172.0, 238.0
348, 311.0, 129.0
349, 479.0, 453.0
350, 589.0, 393.0
351, 24.0, 292.0
352, 538.0, 57.0
353, 720.0, 459.0
354, 141.0, 60.0
355, 395.0, 381.0
356, 103.0, 280.0
357, 694.0, 447.0
358, 260.0, 410.0
359, 367.0, 354.0
360, 703.0, 457.0
361, 336.0, 313.0
362, 252.0, 161.0
363, 367.0, 328.0
364, 143.0, 247.0
365, 362.0, 358.0
366, 467.0, 401.0
367, 733.0, 463.0
368, 183.0, 410.0
369, 564.0, 410.0
370, 605.0, 389.0
371, 642.0, 406.0
372, 183.0, 396.0
373, 577.0, 363.0
374, 179.0, 214.0
375, 564.0, 377.0
376, 712.0, 18.0
377, 71.0, 423.0
378, 139.0, 432.0
379, 679.0, 128.0
380, 120.0, 109.0
381, 458.0, 341.0
382, 563.0, 346.0
383, 654.0, 443.0
384, 93.0, 452.0
385, 583.0, 359.0
386, 597.0, 377.0
387, 680.0, 122.0
388, 634.0, 407.0
389, 209.0, 89.0
390, 402.0, 119.0
391, 132.0, 395.0
392, 117.0, 165.0
393, 213.0, 237.0
394, 588.0, 370.0
395, 645.0, 189.0
396, 474.0, 411.0
397, 547.0, 452.0
398, 244.0, 45.0
399, 507.0, 349.0
400, 607.0, 351.0
401, 618.0, 390.0
402, 606.0, 48.0
403, 167.0, 20.0
404, 247.0, 143.0
405, 446.0, 334.0
406, 660.0, 448.0
407, 100.0, 22.0
408, 677.0, 425.0
409, 35.0, 300.0
410, 675.0, 407.0
411, 210.0, 71.0
412, 500.0, 257.0
413, 251.0, 272.0
414, 518.0, 456.0
415, 148.0, 177.0
416, 705.0, 442.0
417, 516.0, 134.0
418, 141.0, 65.0
419, 394.0, 111.0
420, 159.0, 92.0
421, 497.0, 287.0
422, 217.0, 195.0
423, 261.0, 415.0
424, 677.0, 133.0
425, 546.0, 355.0
426, 128.0, 360.0
427, 607.0, 378.0
428, 143.0, 176.0
429, 208.0, 79.0
430, 352.0, 300.0
431, 710.0, 24.0
432, 501.0, 424.0
433, 152.0, 171.0
434, 258.0, 303.0
435, 688.0, 99.0
436, 706.0, 450.0
437, 393.0, 101.0
438, 743.0, 468.0
439, 460.0, 147.0
440, 671.0, 413.0
441, 581.0, 392.0
442, 132.0, 423.0
443, 144.0, 408.0
444, 500.0, 134.0
445, 136.0, 34.0
446, 595.0, 470.0
447, 536.0, 134.0
448, 249.0, 92.0
449, 494.0, 417.0
450, 148.0, 183.0
451, 8.0, 215.0
452, 453.0, 391.0
453, 92.0, 53.0
454, 149.0, 124.0
455, 591.0, 456.0
456, 232.0, 308.0
457, 486.0, 418.0
458, 617.0, 455.0
459, 203.0, 382.0
460, 479.0, 352.0
461, 278.0, 395.0
462, 190.0, 90.0
463, 252.0, 344.0
464, 220.0, 178.0
465, 533.0, 447.0
466, 123.0, 116.0
467, 514.0, 304.0
468, 704.0, 45.0
469, 140.0, 55.0
470, 306.0, 139.0
471, 505.0, 304.0
472, 663.0, 178.0
473, 588.0, 382.0
474, 248.0, 97.0
475, 509.0, 197.0
476, 511.0, 425.0
477, 168.0, 384.0
478, 93.0, 318.0
479, 605.0, 396.0
480, 337.0, 390.0
481, 715.0, 8.0
482, 477.0, 442.0
483, 482.0, 378.0
484, 16.0, 381.0
485, 507.0, 225.0
486, 513.0, 152.0
487, 636.0, 432.0
488, 151.0, 157.0
489, 528.0, 447.0
490, 367.0, 340.0
491, 219.0, 183.0
492, 407.0, 434.0
493, 220.0, 11.0
494, 147.0, 110.0
495, 671.0, 151.0
496, 586.0, 354.0
497, 643.0, 210.0
498, 104.0, 39.0
499, 96.0, 457.0
