0, 432.0, 8.0
1, 642.0, 8.0
2, 462.0, 10.0
3, 488.0, 11.0
4, 723.0, 11.0
5, 95.0, 16.0
6, 203.0, 16.0
7, 581.0, 16.0
8, 511.0, 17.0
9, 576.0, 18.0
10, 667.0, 19.0
11, 226.0, 20.0
12, 524.0, 21.0
13, 742.0, 24.0
14, 356.0, 25.0
15, 485.0, 25.0
16, 691.0, 25.0
17, 704.0, 26.0
18, 543.0, 27.0
19, 383.0, 29.0
20, 388.0, 29.0
21, 399.0, 29.0
22, 227.0, 30.0
23, 239.0, 30.0
24, 404.0, 30.0
25, 377.0, 31.0
26, 647.0, 34.0
27, 361.0, 35.0
28, 318.0, 36.0
29, 471.0, 36.0
30, 76.0, 37.0
31, 540.0, 37.0
32, 635.0, 39.0
33, 486.0, 40.0
34, 318.0, 41.0
35, 554.0, 42.0
36, 532.0, 43.0
37, 687.0, 44.0
38, 319.0, 46.0
39, 240.0, 47.0
40, 228.0, 48.0
41, 724.0, 49.0
42, 634.0, 51.0
43, 386.0, 52.0
44, 394.0, 52.0
45, 92.0, 55.0
46, 101.0, 55.0
47, 228.0, 56.0
48, 530.0, 58.0
49, 227.0, 61.0
50, 551.0, 62.0
51, 228.0, 68.0
52, 528.0, 68.0
53, 542.0, 70.0
54, 319.0, 71.0
55, 708.0, 71.0
56, 104.0, 72.0
57, 228.0, 73.0
58, 483.0, 75.0
59, 137.0, 77.0
60, 392.0, 79.0
61, 526.0, 79.0
62, 510.0, 80.0
63, 549.0, 80.0
64, 628.0, 81.0
65, 229.0, 82.0
66, 391.0, 84.0
67, 320.0, 85.0
68, 647.0, 86.0
69, 229.0, 87.0
70, 391.0, 89.0
71, 321.0, 90.0
72, 484.0, 90.0
73, 508.0, 93.0
74, 704.0, 93.0
75, 321.0, 95.0
76, 531.0, 98.0
77, 704.0, 98.0
78, 531.0, 103.0
79, 648.0, 103.0
80, 171.0, 104.0
81, 481.0, 104.0
82, 702.0, 104.0
83, 230.0, 106.0
84, 743.0, 106.0
85, 507.0, 107.0
86, 531.0, 108.0
87, 112.0, 110.0
88, 230.0, 111.0
89, 321.0, 111.0
90, 322.0, 119.0
91, 391.0, 119.0
92, 496.0, 122.0
93, 231.0, 123.0
94, 322.0, 124.0
95, 391.0, 124.0
96, 322.0, 129.0
97, 391.0, 129.0
98, 478.0, 129.0
99, 203.0, 130.0
100, 215.0, 130.0
101, 505.0, 130.0
102, 232.0, 131.0
103, 115.0, 133.0
104, 532.0, 133.0
105, 617.0, 134.0
106, 232.0, 136.0
107, 391.0, 136.0
108, 661.0, 141.0
109, 720.0, 142.0
110, 232.0, 143.0
111, 100.0, 146.0
112, 116.0, 148.0
113, 322.0, 148.0
114, 233.0, 150.0
115, 603.0, 150.0
116, 608.0, 150.0
117, 571.0, 152.0
118, 554.0, 153.0
119, 233.0, 155.0
120, 113.0, 159.0
121, 118.0, 159.0
122, 590.0, 159.0
123, 234.0, 160.0
124, 585.0, 160.0
125, 322.0, 162.0
126, 560.0, 165.0
127, 635.0, 165.0
128, 738.0, 165.0
129, 234.0, 167.0
130, 105.0, 168.0
131, 322.0, 168.0
132, 571.0, 170.0
133, 596.0, 173.0
134, 601.0, 173.0
135, 611.0, 173.0
136, 322.0, 175.0
137, 234.0, 176.0
138, 679.0, 178.0
139, 691.0, 178.0
140, 113.0, 180.0
141, 108.0, 181.0
142, 234.0, 181.0
143, 563.0, 181.0
144, 103.0, 182.0
145, 120.0, 183.0
146, 576.0, 183.0
147, 609.0, 183.0
148, 45.0, 186.0
149, 742.0, 186.0
150, 593.0, 187.0
151, 598.0, 187.0
152, 603.0, 187.0
153, 585.0, 189.0
154, 322.0, 190.0
155, 124.0, 193.0
156, 553.0, 193.0
157, 236.0, 195.0
158, 678.0, 195.0
159, 571.0, 199.0
160, 606.0, 199.0
161, 126.0, 203.0
162, 237.0, 204.0
163, 587.0, 206.0
164, 521.0, 208.0
165, 529.0, 209.0
166, 119.0, 210.0
167, 127.0, 212.0
168, 239.0, 214.0
169, 604.0, 214.0
170, 323.0, 215.0
171, 498.0, 215.0
172, 484.0, 216.0
173, 248.0, 222.0
174, 521.0, 222.0
175, 128.0, 224.0
176, 228.0, 225.0
177, 233.0, 225.0
178, 730.0, 225.0
179, 219.0, 226.0
180, 209.0, 227.0
181, 214.0, 227.0
182, 241.0, 227.0
183, 602.0, 227.0
184, 198.0, 229.0
185, 522.0, 229.0
186, 129.0, 230.0
187, 249.0, 231.0
188, 208.0, 232.0
189, 236.0, 233.0
190, 471.0, 233.0
191, 222.0, 234.0
192, 228.0, 234.0
193, 324.0, 234.0
194, 614.0, 234.0
195, 675.0, 234.0
196, 217.0, 235.0
197, 130.0, 237.0
198, 208.0, 237.0
199, 199.0, 238.0
200, 251.0, 238.0
201, 263.0, 238.0
202, 575.0, 238.0
203, 242.0, 239.0
204, 230.0, 240.0
205, 236.0, 240.0
206, 583.0, 240.0
207, 221.0, 242.0
208, 598.0, 242.0
209, 216.0, 243.0
210, 209.0, 244.0
211, 230.0, 245.0
212, 252.0, 245.0
213, 726.0, 245.0
214, 200.0, 246.0
215, 482.0, 246.0
216, 243.0, 247.0
217, 470.0, 247.0
218, 670.0, 247.0
219, 238.0, 248.0
220, 205.0, 249.0
221, 210.0, 249.0
222, 218.0, 250.0
223, 223.0, 250.0
224, 132.0, 251.0
225, 229.0, 253.0
226, 238.0, 253.0
227, 252.0, 253.0
228, 201.0, 254.0
229, 206.0, 254.0
230, 244.0, 254.0
231, 218.0, 255.0
232, 549.0, 255.0
233, 722.0, 255.0
234, 211.0, 256.0
235, 326.0, 256.0
236, 224.0, 257.0
237, 237.0, 258.0
238, 135.0, 259.0
239, 232.0, 259.0
240, 253.0, 260.0
241, 501.0, 260.0
242, 202.0, 261.0
243, 211.0, 261.0
244, 245.0, 261.0
245, 617.0, 261.0
246, 219.0, 263.0
247, 239.0, 263.0
248, 582.0, 263.0
249, 229.0, 264.0
250, 224.0, 265.0
251, 253.0, 265.0
252, 513.0, 266.0
253, 467.0, 267.0
254, 523.0, 267.0
255, 213.0, 268.0
256, 518.0, 268.0
257, 570.0, 268.0
258, 241.0, 269.0
259, 204.0, 270.0
260, 220.0, 270.0
261, 246.0, 270.0
262, 283.0, 270.0
263, 483.0, 270.0
264, 551.0, 270.0
265, 233.0, 272.0
266, 255.0, 272.0
267, 583.0, 272.0
268, 228.0, 273.0
269, 517.0, 273.0
270, 615.0, 274.0
271, 134.0, 275.0
272, 222.0, 275.0
273, 267.0, 276.0
274, 544.0, 276.0
275, 214.0, 277.0
276, 625.0, 277.0
277, 533.0, 279.0
278, 574.0, 279.0
279, 642.0, 279.0
280, 137.0, 280.0
281, 505.0, 280.0
282, 205.0, 281.0
283, 428.0, 281.0
284, 494.0, 282.0
285, 387.0, 283.0
286, 521.0, 283.0
287, 612.0, 284.0
288, 649.0, 284.0
289, 553.0, 286.0
290, 587.0, 286.0
291, 593.0, 286.0
292, 408.0, 287.0
293, 441.0, 287.0
294, 662.0, 287.0
295, 559.0, 288.0
296, 577.0, 288.0
297, 456.0, 289.0
298, 497.0, 289.0
299, 616.0, 289.0
300, 188.0, 290.0
301, 315.0, 291.0
302, 508.0, 291.0
303, 677.0, 291.0
304, 138.0, 292.0
305, 423.0, 292.0
306, 534.0, 292.0
307, 629.0, 292.0
308, 366.0, 293.0
309, 541.0, 293.0
310, 428.0, 294.0
311, 324.0, 295.0
312, 483.0, 295.0
313, 525.0, 295.0
314, 610.0, 295.0
315, 373.0, 296.0
316, 396.0, 297.0
317, 698.0, 297.0
318, 703.0, 297.0
319, 497.0, 298.0
320, 655.0, 298.0
321, 718.0, 298.0
322, 444.0, 299.0
323, 166.0, 300.0
324, 385.0, 300.0
325, 527.0, 300.0
326, 470.0, 302.0
327, 352.0, 304.0
328, 409.0, 305.0
329, 419.0, 305.0
330, 432.0, 305.0
331, 691.0, 305.0
332, 393.0, 307.0
333, 510.0, 307.0
334, 594.0, 308.0
335, 141.0, 310.0
336, 464.0, 310.0
337, 482.0, 310.0
338, 610.0, 310.0
339, 501.0, 312.0
340, 622.0, 312.0
341, 690.0, 313.0
342, 663.0, 314.0
343, 197.0, 315.0
344, 449.0, 316.0
345, 515.0, 316.0
346, 529.0, 316.0
347, 577.0, 317.0
348, 397.0, 318.0
349, 691.0, 318.0
350, 349.0, 319.0
351, 432.0, 319.0
352, 632.0, 319.0
353, 679.0, 322.0
354, 658.0, 323.0
355, 449.0, 324.0
356, 457.0, 324.0
357, 474.0, 324.0
358, 595.0, 325.0
359, 107.0, 327.0
360, 426.0, 327.0
361, 625.0, 327.0
362, 675.0, 327.0
363, 680.0, 327.0
364, 100.0, 329.0
365, 516.0, 329.0
366, 645.0, 329.0
367, 95.0, 331.0
368, 506.0, 332.0
369, 533.0, 332.0
370, 453.0, 333.0
371, 625.0, 334.0
372, 722.0, 335.0
373, 727.0, 335.0
374, 630.0, 336.0
375, 673.0, 337.0
376, 654.0, 339.0
377, 533.0, 340.0
378, 552.0, 340.0
379, 599.0, 340.0
380, 507.0, 343.0
381, 566.0, 343.0
382, 731.0, 343.0
383, 577.0, 344.0
384, 609.0, 345.0
385, 492.0, 346.0
386, 621.0, 346.0
387, 634.0, 349.0
388, 425.0, 350.0
389, 535.0, 351.0
390, 664.0, 351.0
391, 475.0, 352.0
392, 518.0, 353.0
393, 562.0, 354.0
394, 570.0, 354.0
395, 591.0, 354.0
396, 604.0, 355.0
397, 485.0, 356.0
398, 541.0, 356.0
399, 613.0, 356.0
400, 643.0, 357.0
401, 652.0, 357.0
402, 112.0, 359.0
403, 531.0, 359.0
404, 683.0, 361.0
405, 729.0, 361.0
406, 549.0, 363.0
407, 626.0, 363.0
408, 740.0, 363.0
409, 628.0, 372.0
410, 532.0, 376.0
411, 617.0, 382.0
412, 634.0, 382.0
413, 644.0, 386.0
414, 659.0, 387.0
415, 673.0, 387.0
416, 678.0, 388.0
417, 650.0, 394.0
418, 614.0, 398.0
419, 686.0, 402.0
420, 98.0, 408.0
421, 708.0, 410.0
422, 445.0, 411.0
423, 669.0, 411.0
424, 469.0, 416.0
425, 345.0, 422.0
426, 521.0, 448.0
427, 684.0, 455.0
428, 103.0, 463.0
429, 620.0, 463.0
430, 452.0, 470.0
431, 497.0, 470.0
