0, 355.0, 8.0
1, 95.0, 12.0
2, 736.0, 16.0
3, 727.0, 17.0
4, 722.0, 18.0
5, 96.0, 19.0
6, 717.0, 19.0
7, 132.0, 25.0
8, 98.0, 27.0
9, 654.0, 28.0
10, 134.0, 30.0
11, 100.0, 32.0
12, 654.0, 34.0
13, 561.0, 35.0
14, 409.0, 37.0
15, 542.0, 37.0
16, 721.0, 40.0
17, 473.0, 41.0
18, 631.0, 41.0
19, 716.0, 41.0
20, 8.0, 43.0
21, 478.0, 43.0
22, 37.0, 45.0
23, 56.0, 45.0
24, 79.0, 47.0
25, 407.0, 48.0
26, 151.0, 50.0
27, 339.0, 51.0
28, 334.0, 52.0
29, 416.0, 52.0
30, 206.0, 53.0
31, 218.0, 53.0
32, 322.0, 54.0
33, 68.0, 55.0
34, 310.0, 55.0
35, 559.0, 55.0
36, 26.0, 56.0
37, 231.0, 56.0
38, 241.0, 57.0
39, 272.0, 58.0
40, 265.0, 59.0
41, 36.0, 60.0
42, 52.0, 60.0
43, 259.0, 60.0
44, 65.0, 62.0
45, 466.0, 63.0
46, 418.0, 64.0
47, 648.0, 65.0
48, 556.0, 67.0
49, 332.0, 68.0
50, 407.0, 69.0
51, 648.0, 70.0
52, 556.0, 72.0
53, 417.0, 75.0
54, 62.0, 76.0
55, 647.0, 77.0
56, 555.0, 79.0
57, 159.0, 82.0
58, 183.0, 82.0
59, 219.0, 84.0
60, 555.0, 84.0
61, 48.0, 86.0
62, 261.0, 87.0
63, 333.0, 88.0
64, 274.0, 90.0
65, 319.0, 92.0
66, 240.0, 93.0
67, 169.0, 94.0
68, 334.0, 97.0
69, 644.0, 97.0
70, 261.0, 99.0
71, 275.0, 99.0
72, 60.0, 101.0
73, 115.0, 101.0
74, 187.0, 101.0
75, 552.0, 101.0
76, 43.0, 102.0
77, 65.0, 102.0
78, 86.0, 102.0
79, 91.0, 102.0
80, 173.0, 102.0
81, 223.0, 103.0
82, 508.0, 103.0
83, 643.0, 103.0
84, 147.0, 105.0
85, 215.0, 106.0
86, 104.0, 107.0
87, 318.0, 107.0
88, 493.0, 107.0
89, 99.0, 108.0
90, 642.0, 108.0
91, 711.0, 108.0
92, 48.0, 109.0
93, 161.0, 109.0
94, 84.0, 110.0
95, 215.0, 112.0
96, 277.0, 112.0
97, 641.0, 113.0
98, 709.0, 113.0
99, 225.0, 114.0
100, 249.0, 114.0
101, 551.0, 114.0
102, 93.0, 115.0
103, 98.0, 115.0
104, 21.0, 116.0
105, 54.0, 116.0
106, 119.0, 116.0
107, 263.0, 119.0
108, 519.0, 119.0
109, 531.0, 119.0
110, 536.0, 119.0
111, 513.0, 120.0
112, 83.0, 124.0
113, 271.0, 124.0
114, 475.0, 124.0
115, 277.0, 127.0
116, 271.0, 129.0
117, 266.0, 130.0
118, 153.0, 131.0
119, 226.0, 131.0
120, 466.0, 132.0
121, 549.0, 133.0
122, 266.0, 135.0
123, 154.0, 136.0
124, 337.0, 136.0
125, 113.0, 139.0
126, 307.0, 140.0
127, 267.0, 141.0
128, 280.0, 142.0
129, 471.0, 142.0
130, 156.0, 143.0
131, 195.0, 143.0
132, 35.0, 144.0
133, 481.0, 144.0
134, 635.0, 144.0
135, 547.0, 145.0
136, 561.0, 147.0
137, 268.0, 148.0
138, 337.0, 148.0
139, 242.0, 150.0
140, 349.0, 151.0
141, 467.0, 151.0
142, 634.0, 151.0
143, 326.0, 152.0
144, 354.0, 152.0
145, 546.0, 152.0
146, 230.0, 153.0
147, 270.0, 153.0
148, 339.0, 153.0
149, 403.0, 153.0
150, 416.0, 153.0
151, 462.0, 153.0
152, 275.0, 154.0
153, 411.0, 154.0
154, 438.0, 154.0
155, 615.0, 155.0
156, 280.0, 156.0
157, 634.0, 156.0
158, 124.0, 157.0
159, 546.0, 157.0
160, 114.0, 158.0
161, 99.0, 160.0
162, 272.0, 160.0
163, 473.0, 160.0
164, 87.0, 161.0
165, 324.0, 161.0
166, 133.0, 162.0
167, 373.0, 162.0
168, 632.0, 164.0
169, 221.0, 166.0
170, 278.0, 167.0
171, 131.0, 168.0
172, 215.0, 168.0
173, 116.0, 169.0
174, 545.0, 169.0
175, 83.0, 170.0
176, 323.0, 171.0
177, 471.0, 171.0
178, 631.0, 171.0
179, 200.0, 172.0
180, 280.0, 172.0
181, 101.0, 173.0
182, 233.0, 175.0
183, 544.0, 175.0
184, 323.0, 176.0
185, 471.0, 176.0
186, 60.0, 177.0
187, 186.0, 177.0
188, 255.0, 177.0
189, 281.0, 177.0
190, 167.0, 181.0
191, 236.0, 181.0
192, 323.0, 181.0
193, 471.0, 181.0
194, 545.0, 183.0
195, 283.0, 185.0
196, 151.0, 186.0
197, 158.0, 187.0
198, 470.0, 187.0
199, 145.0, 188.0
200, 512.0, 188.0
201, 356.0, 189.0
202, 523.0, 189.0
203, 528.0, 189.0
204, 536.0, 189.0
205, 550.0, 190.0
206, 133.0, 191.0
207, 322.0, 191.0
208, 240.0, 192.0
209, 257.0, 192.0
210, 120.0, 195.0
211, 549.0, 195.0
212, 627.0, 195.0
213, 490.0, 196.0
214, 511.0, 196.0
215, 283.0, 198.0
216, 322.0, 199.0
217, 470.0, 199.0
218, 103.0, 200.0
219, 465.0, 200.0
220, 519.0, 200.0
221, 438.0, 202.0
222, 443.0, 202.0
223, 448.0, 202.0
224, 456.0, 202.0
225, 549.0, 202.0
226, 526.0, 203.0
227, 351.0, 205.0
228, 532.0, 206.0
229, 82.0, 207.0
230, 380.0, 208.0
231, 169.0, 209.0
232, 625.0, 210.0
233, 541.0, 211.0
234, 548.0, 214.0
235, 46.0, 219.0
236, 288.0, 221.0
237, 61.0, 223.0
238, 390.0, 224.0
239, 600.0, 224.0
240, 404.0, 225.0
241, 624.0, 225.0
242, 118.0, 226.0
243, 320.0, 227.0
244, 623.0, 230.0
245, 379.0, 232.0
246, 61.0, 233.0
247, 596.0, 234.0
248, 648.0, 238.0
249, 66.0, 243.0
250, 130.0, 243.0
251, 632.0, 243.0
252, 648.0, 243.0
253, 255.0, 244.0
254, 378.0, 246.0
255, 651.0, 248.0
256, 630.0, 249.0
257, 111.0, 250.0
258, 200.0, 253.0
259, 555.0, 253.0
260, 195.0, 256.0
261, 648.0, 257.0
262, 337.0, 259.0
263, 366.0, 265.0
264, 678.0, 266.0
265, 72.0, 267.0
266, 387.0, 267.0
267, 67.0, 268.0
268, 56.0, 270.0
269, 224.0, 270.0
270, 327.0, 270.0
271, 739.0, 273.0
272, 304.0, 275.0
273, 448.0, 276.0
274, 595.0, 276.0
275, 318.0, 278.0
276, 739.0, 278.0
277, 80.0, 281.0
278, 152.0, 283.0
279, 207.0, 283.0
280, 73.0, 284.0
281, 389.0, 287.0
282, 62.0, 288.0
283, 727.0, 288.0
284, 238.0, 290.0
285, 88.0, 292.0
286, 282.0, 293.0
287, 214.0, 294.0
288, 277.0, 294.0
289, 189.0, 295.0
290, 296.0, 296.0
291, 72.0, 299.0
292, 126.0, 299.0
293, 285.0, 299.0
294, 224.0, 302.0
295, 90.0, 303.0
296, 62.0, 304.0
297, 85.0, 305.0
298, 168.0, 309.0
299, 389.0, 312.0
300, 69.0, 314.0
301, 96.0, 314.0
302, 162.0, 314.0
303, 93.0, 319.0
304, 98.0, 320.0
305, 127.0, 323.0
306, 79.0, 327.0
307, 266.0, 327.0
308, 106.0, 328.0
309, 138.0, 329.0
310, 91.0, 330.0
311, 185.0, 335.0
312, 383.0, 335.0
313, 112.0, 336.0
314, 132.0, 336.0
315, 263.0, 336.0
316, 240.0, 339.0
317, 453.0, 341.0
318, 173.0, 346.0
319, 112.0, 347.0
320, 249.0, 347.0
321, 386.0, 352.0
322, 279.0, 354.0
323, 260.0, 355.0
324, 518.0, 355.0
325, 386.0, 357.0
326, 291.0, 358.0
327, 144.0, 363.0
328, 152.0, 363.0
329, 11.0, 364.0
330, 183.0, 365.0
331, 31.0, 367.0
332, 81.0, 370.0
333, 644.0, 370.0
334, 203.0, 380.0
335, 151.0, 383.0
336, 217.0, 383.0
337, 25.0, 385.0
338, 8.0, 388.0
339, 215.0, 388.0
340, 629.0, 388.0
341, 275.0, 390.0
342, 156.0, 392.0
343, 210.0, 392.0
344, 449.0, 395.0
345, 207.0, 399.0
346, 162.0, 405.0
347, 497.0, 412.0
348, 531.0, 412.0
349, 165.0, 414.0
350, 380.0, 414.0
351, 522.0, 418.0
352, 167.0, 419.0
353, 369.0, 419.0
354, 180.0, 426.0
355, 212.0, 430.0
356, 245.0, 438.0
357, 440.0, 446.0
358, 557.0, 448.0
359, 218.0, 462.0
360, 529.0, 462.0
361, 518.0, 463.0
362, 209.0, 466.0
363, 531.0, 467.0
364, 511.0, 469.0
