0, 208.0, 396.0
1, 619.0, 241.0
2, 640.0, 254.0
3, 650.0, 266.0
4, 594.0, 284.0
5, 389.0, 371.0
6, 581.0, 304.0
7, 639.0, 265.0
8, 626.0, 287.0
9, 596.0, 262.0
10, 603.0, 307.0
11, 648.0, 289.0
12, 628.0, 264.0
13, 685.0, 456.0
14, 77.0, 459.0
15, 646.0, 311.0
16, 543.0, 359.0
17, 606.0, 274.0
18, 625.0, 298.0
19, 624.0, 309.0
20, 563.0, 372.0
21, 666.0, 231.0
22, 652.0, 243.0
23, 593.0, 295.0
24, 618.0, 252.0
25, 651.0, 255.0
26, 630.0, 242.0
27, 616.0, 275.0
28, 540.0, 458.0
29, 615.0, 286.0
30, 597.0, 251.0
31, 636.0, 299.0
32, 629.0, 253.0
33, 673.0, 463.0
34, 607.0, 263.0
35, 608.0, 240.0
36, 604.0, 295.0
37, 608.0, 251.0
38, 357.0, 343.0
39, 546.0, 345.0
40, 627.0, 275.0
41, 592.0, 318.0
42, 120.0, 445.0
43, 617.0, 359.0
44, 620.0, 229.0
45, 610.0, 228.0
46, 617.0, 263.0
47, 638.0, 277.0
48, 635.0, 310.0
49, 614.0, 297.0
50, 701.0, 448.0
51, 285.0, 416.0
52, 435.0, 433.0
53, 598.0, 240.0
54, 595.0, 273.0
55, 520.0, 359.0
56, 647.0, 300.0
57, 602.0, 319.0
58, 692.0, 467.0
59, 533.0, 388.0
60, 405.0, 420.0
61, 580.0, 462.0
62, 665.0, 244.0
63, 582.0, 294.0
64, 614.0, 308.0
65, 649.0, 277.0
66, 583.0, 272.0
67, 368.0, 353.0
68, 192.0, 386.0
69, 663.0, 256.0
70, 233.0, 144.0
71, 132.0, 443.0
72, 527.0, 377.0
73, 450.0, 328.0
74, 605.0, 285.0
75, 587.0, 226.0
76, 659.0, 313.0
77, 645.0, 324.0
78, 534.0, 353.0
79, 684.0, 441.0
80, 227.0, 397.0
81, 545.0, 390.0
82, 631.0, 230.0
83, 90.0, 451.0
84, 567.0, 460.0
85, 393.0, 382.0
86, 661.0, 290.0
87, 637.0, 288.0
88, 340.0, 312.0
89, 634.0, 323.0
90, 520.0, 400.0
91, 564.0, 326.0
92, 453.0, 453.0
93, 598.0, 334.0
94, 592.0, 306.0
95, 641.0, 243.0
96, 529.0, 336.0
97, 219.0, 403.0
98, 114.0, 356.0
99, 642.0, 230.0
100, 410.0, 429.0
101, 404.0, 392.0
102, 114.0, 452.0
103, 419.0, 402.0
104, 138.0, 435.0
105, 663.0, 267.0
106, 613.0, 320.0
107, 204.0, 377.0
108, 557.0, 426.0
109, 564.0, 391.0
110, 512.0, 376.0
111, 442.0, 445.0
112, 713.0, 414.0
113, 554.0, 459.0
114, 653.0, 231.0
115, 229.0, 155.0
116, 594.0, 444.0
117, 142.0, 423.0
118, 515.0, 454.0
119, 385.0, 350.0
120, 193.0, 395.0
121, 556.0, 325.0
122, 105.0, 449.0
123, 585.0, 250.0
124, 438.0, 418.0
125, 460.0, 458.0
126, 586.0, 383.0
127, 586.0, 239.0
128, 623.0, 322.0
129, 116.0, 470.0
130, 448.0, 433.0
131, 464.0, 396.0
132, 662.0, 279.0
133, 151.0, 434.0
134, 699.0, 460.0
135, 34.0, 272.0
136, 22.0, 277.0
137, 729.0, 433.0
138, 516.0, 335.0
139, 621.0, 448.0
140, 584.0, 374.0
141, 659.0, 301.0
142, 411.0, 398.0
143, 554.0, 357.0
144, 366.0, 346.0
145, 222.0, 384.0
146, 593.0, 394.0
147, 508.0, 432.0
148, 537.0, 403.0
149, 621.0, 419.0
150, 142.0, 442.0
151, 471.0, 437.0
152, 178.0, 412.0
153, 535.0, 323.0
154, 362.0, 317.0
155, 672.0, 441.0
156, 385.0, 379.0
157, 158.0, 165.0
158, 482.0, 359.0
159, 624.0, 470.0
160, 646.0, 395.0
161, 168.0, 419.0
162, 560.0, 338.0
163, 496.0, 323.0
164, 184.0, 381.0
165, 634.0, 396.0
166, 645.0, 377.0
167, 121.0, 105.0
168, 423.0, 440.0
169, 221.0, 244.0
170, 582.0, 282.0
171, 99.0, 457.0
172, 510.0, 177.0
173, 230.0, 360.0
174, 496.0, 384.0
175, 599.0, 384.0
176, 658.0, 326.0
177, 470.0, 355.0
178, 660.0, 404.0
179, 113.0, 68.0
180, 442.0, 455.0
181, 245.0, 36.0
182, 171.0, 405.0
183, 153.0, 119.0
184, 579.0, 316.0
185, 536.0, 346.0
186, 163.0, 407.0
187, 524.0, 323.0
188, 598.0, 455.0
189, 606.0, 354.0
190, 355.0, 324.0
191, 606.0, 430.0
192, 493.0, 333.0
193, 31.0, 296.0
194, 483.0, 341.0
195, 692.0, 428.0
196, 117.0, 321.0
197, 635.0, 384.0
198, 431.0, 410.0
199, 599.0, 228.0
200, 630.0, 433.0
201, 115.0, 81.0
202, 698.0, 415.0
203, 358.0, 304.0
204, 139.0, 36.0
205, 551.0, 334.0
206, 114.0, 302.0
207, 492.0, 443.0
208, 618.0, 431.0
209, 606.0, 442.0
210, 143.0, 60.0
211, 651.0, 215.0
212, 395.0, 394.0
213, 159.0, 178.0
214, 726.0, 442.0
215, 461.0, 379.0
216, 663.0, 151.0
217, 743.0, 446.0
218, 526.0, 177.0
219, 160.0, 428.0
220, 501.0, 303.0
221, 584.0, 261.0
222, 541.0, 379.0
223, 161.0, 232.0
224, 504.0, 126.0
225, 606.0, 396.0
226, 377.0, 372.0
227, 107.0, 35.0
228, 227.0, 175.0
229, 662.0, 425.0
230, 550.0, 367.0
231, 689.0, 409.0
232, 477.0, 469.0
233, 493.0, 346.0
234, 707.0, 436.0
235, 595.0, 412.0
236, 400.0, 402.0
237, 134.0, 150.0
238, 447.0, 464.0
239, 169.0, 273.0
240, 473.0, 340.0
241, 454.0, 467.0
242, 655.0, 362.0
243, 436.0, 352.0
244, 731.0, 367.0
245, 496.0, 471.0
246, 156.0, 144.0
247, 41.0, 290.0
248, 621.0, 373.0
249, 518.0, 386.0
250, 604.0, 464.0
251, 582.0, 436.0
252, 10.0, 247.0
253, 135.0, 14.0
254, 655.0, 186.0
255, 454.0, 342.0
256, 126.0, 126.0
257, 390.0, 359.0
258, 142.0, 172.0
259, 24.0, 243.0
260, 482.0, 378.0
261, 404.0, 382.0
262, 88.0, 470.0
263, 610.0, 377.0
264, 517.0, 110.0
265, 132.0, 456.0
266, 123.0, 454.0
267, 521.0, 93.0
268, 682.0, 260.0
269, 560.0, 309.0
270, 152.0, 421.0
271, 59.0, 316.0
272, 665.0, 139.0
273, 43.0, 336.0
274, 496.0, 426.0
275, 158.0, 219.0
276, 554.0, 351.0
277, 192.0, 375.0
278, 282.0, 80.0
279, 637.0, 370.0
280, 436.0, 442.0
281, 391.0, 109.0
282, 494.0, 374.0
283, 469.0, 331.0
284, 504.0, 353.0
285, 618.0, 465.0
286, 509.0, 471.0
287, 644.0, 416.0
288, 579.0, 424.0
289, 261.0, 53.0
290, 335.0, 323.0
291, 492.0, 359.0
292, 502.0, 400.0
293, 218.0, 264.0
294, 657.0, 456.0
295, 169.0, 261.0
296, 639.0, 444.0
297, 217.0, 282.0
298, 532.0, 412.0
299, 624.0, 386.0
300, 366.0, 325.0
301, 667.0, 453.0
302, 426.0, 429.0
303, 733.0, 469.0
304, 510.0, 165.0
305, 246.0, 59.0
306, 179.0, 398.0
307, 505.0, 238.0
308, 252.0, 112.0
309, 390.0, 432.0
310, 280.0, 144.0
311, 225.0, 194.0
312, 497.0, 135.0
313, 650.0, 385.0
314, 154.0, 132.0
315, 680.0, 74.0
316, 371.0, 317.0
317, 369.0, 339.0
318, 252.0, 135.0
319, 495.0, 393.0
320, 505.0, 248.0
321, 39.0, 316.0
322, 681.0, 415.0
323, 225.0, 208.0
324, 501.0, 267.0
325, 576.0, 364.0
326, 653.0, 200.0
327, 191.0, 404.0
328, 123.0, 285.0
329, 670.0, 402.0
330, 509.0, 189.0
331, 488.0, 435.0
332, 299.0, 402.0
333, 486.0, 405.0
334, 544.0, 371.0
335, 507.0, 218.0
336, 626.0, 347.0
337, 575.0, 400.0
338, 130.0, 139.0
339, 659.0, 166.0
340, 370.0, 362.0
341, 547.0, 399.0
342, 524.0, 416.0
343, 79.0, 325.0
344, 627.0, 364.0
345, 648.0, 471.0
346, 501.0, 288.0
347, 652.0, 452.0
348, 470.0, 320.0
349, 249.0, 90.0
350, 490.0, 152.0
351, 243.0, 15.0
352, 714.0, 424.0
353, 382.0, 364.0
354, 215.0, 53.0
355, 668.0, 428.0
356, 272.0, 415.0
357, 718.0, 439.0
358, 215.0, 115.0
359, 247.0, 71.0
360, 344.0, 322.0
361, 441.0, 152.0
362, 698.0, 369.0
363, 194.0, 118.0
364, 103.0, 8.0
365, 580.0, 452.0
366, 632.0, 441.0
367, 20.0, 232.0
368, 640.0, 391.0
369, 687.0, 393.0
370, 527.0, 62.0
371, 706.0, 470.0
372, 689.0, 34.0
373, 515.0, 344.0
374, 693.0, 16.0
375, 17.0, 263.0
376, 507.0, 364.0
377, 654.0, 394.0
378, 404.0, 375.0
379, 587.0, 453.0
380, 596.0, 370.0
381, 148.0, 90.0
382, 568.0, 450.0
383, 503.0, 275.0
384, 585.0, 358.0
385, 181.0, 272.0
386, 580.0, 351.0
387, 221.0, 20.0
388, 392.0, 148.0
389, 650.0, 418.0
390, 376.0, 147.0
391, 670.0, 117.0
392, 405.0, 149.0
393, 502.0, 415.0
394, 179.0, 262.0
395, 509.0, 199.0
396, 534.0, 445.0
397, 641.0, 184.0
398, 351.0, 332.0
399, 124.0, 434.0
400, 743.0, 432.0
401, 668.0, 127.0
402, 602.0, 404.0
403, 515.0, 124.0
404, 501.0, 449.0
405, 599.0, 362.0
406, 420.0, 429.0
407, 397.0, 148.0
408, 471.0, 461.0
409, 722.0, 432.0
410, 709.0, 431.0
411, 223.0, 220.0
412, 646.0, 448.0
413, 271.0, 359.0
414, 607.0, 369.0
415, 160.0, 194.0
416, 9.0, 95.0
417, 124.0, 117.0
418, 155.0, 139.0
419, 561.0, 362.0
420, 375.0, 335.0
421, 509.0, 442.0
422, 184.0, 408.0
423, 608.0, 451.0
424, 145.0, 407.0
425, 220.0, 256.0
426, 156.0, 204.0
427, 742.0, 401.0
428, 481.0, 393.0
429, 429.0, 328.0
430, 185.0, 98.0
431, 632.0, 413.0
432, 477.0, 398.0
433, 263.0, 144.0
434, 110.0, 464.0
435, 509.0, 204.0
436, 613.0, 461.0
437, 663.0, 464.0
438, 283.0, 213.0
439, 252.0, 120.0
440, 581.0, 441.0
441, 31.0, 397.0
442, 673.0, 103.0
443, 117.0, 92.0
444, 737.0, 440.0
445, 570.0, 341.0
446, 637.0, 414.0
447, 149.0, 95.0
448, 289.0, 400.0
449, 655.0, 421.0
450, 511.0, 137.0
451, 543.0, 471.0
452, 692.0, 21.0
453, 495.0, 150.0
454, 590.0, 365.0
455, 107.0, 459.0
456, 514.0, 417.0
457, 188.0, 218.0
458, 152.0, 440.0
459, 257.0, 288.0
460, 252.0, 130.0
461, 495.0, 411.0
462, 573.0, 451.0
463, 432.0, 423.0
464, 312.0, 146.0
465, 665.0, 471.0
466, 616.0, 379.0
467, 111.0, 57.0
468, 44.0, 327.0
469, 674.0, 432.0
470, 187.0, 237.0
471, 505.0, 461.0
472, 630.0, 379.0
473, 621.0, 456.0
474, 405.0, 402.0
475, 593.0, 454.0
476, 371.0, 344.0
477, 621.0, 345.0
478, 157.0, 152.0
479, 566.0, 362.0
480, 436.0, 152.0
481, 597.0, 434.0
482, 120.0, 439.0
483, 705.0, 408.0
484, 8.0, 203.0
485, 655.0, 402.0
486, 104.0, 87.0
487, 363.0, 333.0
488, 153.0, 270.0
489, 688.0, 41.0
490, 254.0, 144.0
491, 223.0, 213.0
492, 573.0, 358.0
493, 507.0, 344.0
494, 609.0, 414.0
495, 512.0, 321.0
496, 611.0, 420.0
497, 159.0, 199.0
498, 535.0, 366.0
499, 616.0, 344.0
