0, 45.0, 336.0
1, 231.0, 410.0
2, 59.0, 287.0
3, 38.0, 280.0
4, 131.0, 429.0
5, 67.0, 266.0
6, 35.0, 337.0
7, 55.0, 334.0
8, 248.0, 445.0
9, 75.0, 331.0
10, 64.0, 333.0
11, 424.0, 373.0
12, 48.0, 279.0
13, 49.0, 288.0
14, 248.0, 414.0
15, 458.0, 356.0
16, 71.0, 295.0
17, 87.0, 454.0
18, 255.0, 396.0
19, 44.0, 326.0
20, 57.0, 278.0
21, 62.0, 315.0
22, 481.0, 151.0
23, 33.0, 318.0
24, 26.0, 338.0
25, 382.0, 379.0
26, 201.0, 438.0
27, 73.0, 313.0
28, 60.0, 296.0
29, 56.0, 267.0
30, 367.0, 432.0
31, 258.0, 420.0
32, 152.0, 431.0
33, 440.0, 381.0
34, 246.0, 456.0
35, 42.0, 308.0
36, 355.0, 438.0
37, 140.0, 422.0
38, 222.0, 467.0
39, 17.0, 350.0
40, 123.0, 461.0
41, 29.0, 290.0
42, 27.0, 348.0
43, 24.0, 329.0
44, 43.0, 317.0
45, 452.0, 387.0
46, 68.0, 277.0
47, 410.0, 392.0
48, 190.0, 397.0
49, 54.0, 325.0
50, 370.0, 444.0
51, 110.0, 439.0
52, 562.0, 447.0
53, 559.0, 363.0
54, 619.0, 217.0
55, 23.0, 320.0
56, 74.0, 445.0
57, 603.0, 444.0
58, 608.0, 461.0
59, 517.0, 279.0
60, 379.0, 462.0
61, 466.0, 401.0
62, 16.0, 339.0
63, 65.0, 343.0
64, 229.0, 396.0
65, 50.0, 297.0
66, 107.0, 470.0
67, 15.0, 330.0
68, 22.0, 310.0
69, 192.0, 462.0
70, 268.0, 402.0
71, 244.0, 401.0
72, 46.0, 462.0
73, 61.0, 306.0
74, 56.0, 344.0
75, 247.0, 434.0
76, 280.0, 412.0
77, 63.0, 324.0
78, 579.0, 449.0
79, 588.0, 248.0
80, 72.0, 304.0
81, 373.0, 421.0
82, 576.0, 407.0
83, 259.0, 407.0
84, 456.0, 401.0
85, 172.0, 416.0
86, 31.0, 299.0
87, 39.0, 289.0
88, 539.0, 139.0
89, 56.0, 470.0
90, 27.0, 270.0
91, 596.0, 183.0
92, 32.0, 309.0
93, 18.0, 282.0
94, 46.0, 268.0
95, 464.0, 381.0
96, 626.0, 241.0
97, 619.0, 186.0
98, 34.0, 328.0
99, 573.0, 155.0
100, 453.0, 125.0
101, 614.0, 265.0
102, 37.0, 347.0
103, 77.0, 454.0
104, 216.0, 438.0
105, 46.0, 346.0
106, 76.0, 464.0
107, 637.0, 284.0
108, 137.0, 461.0
109, 609.0, 396.0
110, 643.0, 204.0
111, 52.0, 307.0
112, 14.0, 321.0
113, 11.0, 302.0
114, 544.0, 297.0
115, 539.0, 414.0
116, 580.0, 458.0
117, 388.0, 465.0
118, 620.0, 402.0
119, 661.0, 152.0
120, 171.0, 403.0
121, 627.0, 454.0
122, 70.0, 286.0
123, 392.0, 201.0
124, 169.0, 463.0
125, 602.0, 205.0
126, 8.0, 283.0
127, 589.0, 385.0
128, 498.0, 404.0
129, 657.0, 413.0
130, 700.0, 178.0
131, 603.0, 231.0
132, 157.0, 461.0
133, 52.0, 316.0
134, 205.0, 469.0
135, 626.0, 409.0
136, 482.0, 72.0
137, 161.0, 405.0
138, 399.0, 432.0
139, 660.0, 257.0
140, 57.0, 446.0
141, 740.0, 206.0
142, 479.0, 125.0
143, 48.0, 193.0
144, 631.0, 422.0
145, 151.0, 445.0
146, 243.0, 426.0
147, 74.0, 322.0
148, 638.0, 254.0
149, 678.0, 193.0
150, 546.0, 464.0
151, 68.0, 450.0
152, 41.0, 299.0
153, 441.0, 261.0
154, 35.0, 143.0
155, 235.0, 441.0
156, 23.0, 462.0
157, 178.0, 462.0
158, 609.0, 161.0
159, 18.0, 383.0
160, 392.0, 415.0
161, 629.0, 397.0
162, 61.0, 254.0
163, 519.0, 61.0
164, 644.0, 469.0
165, 508.0, 73.0
166, 516.0, 83.0
167, 84.0, 369.0
168, 436.0, 320.0
169, 660.0, 231.0
170, 9.0, 292.0
171, 420.0, 410.0
172, 275.0, 447.0
173, 103.0, 429.0
174, 415.0, 424.0
175, 371.0, 410.0
176, 20.0, 291.0
177, 86.0, 444.0
178, 481.0, 82.0
179, 517.0, 445.0
180, 264.0, 389.0
181, 733.0, 231.0
182, 484.0, 386.0
183, 704.0, 167.0
184, 561.0, 322.0
185, 598.0, 58.0
186, 232.0, 432.0
187, 161.0, 418.0
188, 553.0, 259.0
189, 76.0, 341.0
190, 141.0, 431.0
191, 142.0, 15.0
192, 534.0, 390.0
193, 62.0, 460.0
194, 446.0, 405.0
195, 667.0, 172.0
196, 155.0, 65.0
197, 481.0, 100.0
198, 485.0, 410.0
199, 569.0, 104.0
200, 28.0, 281.0
201, 194.0, 449.0
202, 604.0, 433.0
203, 152.0, 470.0
204, 208.0, 429.0
205, 12.0, 312.0
206, 378.0, 450.0
207, 183.0, 224.0
208, 509.0, 389.0
209, 358.0, 189.0
210, 21.0, 301.0
211, 537.0, 148.0
212, 37.0, 270.0
213, 210.0, 411.0
214, 615.0, 411.0
215, 584.0, 432.0
216, 193.0, 414.0
217, 131.0, 441.0
218, 17.0, 75.0
219, 513.0, 101.0
220, 17.0, 271.0
221, 420.0, 197.0
222, 557.0, 58.0
223, 456.0, 58.0
224, 509.0, 417.0
225, 186.0, 415.0
226, 531.0, 365.0
227, 433.0, 449.0
228, 167.0, 429.0
229, 427.0, 403.0
230, 537.0, 404.0
231, 43.0, 176.0
232, 509.0, 142.0
233, 591.0, 158.0
234, 622.0, 464.0
235, 566.0, 10.0
236, 438.0, 162.0
237, 95.0, 463.0
238, 430.0, 211.0
239, 45.0, 432.0
240, 523.0, 389.0
241, 527.0, 295.0
242, 440.0, 292.0
243, 651.0, 351.0
244, 497.0, 99.0
245, 454.0, 99.0
246, 58.0, 241.0
247, 377.0, 437.0
248, 527.0, 471.0
249, 577.0, 56.0
250, 51.0, 214.0
251, 404.0, 468.0
252, 208.0, 381.0
253, 8.0, 272.0
254, 550.0, 286.0
255, 423.0, 320.0
256, 476.0, 401.0
257, 514.0, 395.0
258, 558.0, 388.0
259, 504.0, 128.0
260, 183.0, 423.0
261, 527.0, 456.0
262, 607.0, 408.0
263, 564.0, 145.0
264, 507.0, 80.0
265, 640.0, 167.0
266, 463.0, 460.0
267, 348.0, 34.0
268, 592.0, 407.0
269, 272.0, 457.0
270, 424.0, 467.0
271, 436.0, 364.0
272, 540.0, 395.0
273, 391.0, 445.0
274, 563.0, 26.0
275, 568.0, 463.0
276, 168.0, 394.0
277, 543.0, 276.0
278, 358.0, 370.0
279, 373.0, 200.0
280, 365.0, 421.0
281, 684.0, 176.0
282, 557.0, 428.0
283, 588.0, 142.0
284, 8.0, 467.0
285, 12.0, 46.0
286, 355.0, 289.0
287, 95.0, 330.0
288, 261.0, 453.0
289, 257.0, 431.0
290, 382.0, 370.0
291, 563.0, 458.0
292, 279.0, 384.0
293, 90.0, 423.0
294, 596.0, 396.0
295, 159.0, 85.0
296, 363.0, 454.0
297, 624.0, 165.0
298, 495.0, 395.0
299, 134.0, 414.0
300, 464.0, 392.0
301, 497.0, 388.0
302, 424.0, 280.0
303, 509.0, 128.0
304, 268.0, 471.0
305, 625.0, 338.0
306, 356.0, 213.0
307, 188.0, 258.0
308, 50.0, 202.0
309, 603.0, 22.0
310, 24.0, 98.0
311, 459.0, 71.0
312, 55.0, 230.0
313, 84.0, 467.0
314, 178.0, 200.0
315, 475.0, 417.0
316, 512.0, 403.0
317, 197.0, 311.0
318, 387.0, 454.0
319, 190.0, 295.0
320, 118.0, 471.0
321, 56.0, 222.0
322, 516.0, 418.0
323, 448.0, 143.0
324, 415.0, 443.0
325, 448.0, 397.0
326, 283.0, 452.0
327, 429.0, 352.0
328, 355.0, 467.0
329, 175.0, 176.0
330, 164.0, 471.0
331, 519.0, 400.0
332, 453.0, 425.0
333, 79.0, 439.0
334, 547.0, 305.0
335, 383.0, 431.0
336, 486.0, 402.0
337, 576.0, 301.0
338, 191.0, 280.0
339, 560.0, 45.0
340, 722.0, 267.0
341, 288.0, 433.0
342, 279.0, 378.0
343, 266.0, 436.0
344, 638.0, 396.0
345, 273.0, 463.0
346, 552.0, 430.0
347, 101.0, 446.0
348, 546.0, 391.0
349, 8.0, 351.0
350, 89.0, 432.0
351, 172.0, 158.0
352, 655.0, 170.0
353, 166.0, 454.0
354, 546.0, 401.0
355, 602.0, 317.0
356, 527.0, 399.0
357, 180.0, 446.0
358, 407.0, 400.0
359, 159.0, 442.0
360, 140.0, 451.0
361, 142.0, 40.0
362, 226.0, 424.0
363, 561.0, 402.0
364, 394.0, 438.0
365, 575.0, 73.0
366, 722.0, 322.0
367, 261.0, 444.0
368, 392.0, 426.0
369, 197.0, 424.0
370, 439.0, 417.0
371, 569.0, 418.0
372, 483.0, 60.0
373, 161.0, 97.0
374, 434.0, 359.0
375, 612.0, 471.0
376, 39.0, 159.0
377, 160.0, 90.0
378, 29.0, 123.0
379, 168.0, 139.0
380, 557.0, 397.0
381, 408.0, 446.0
382, 368.0, 194.0
383, 417.0, 400.0
384, 150.0, 40.0
385, 228.0, 445.0
386, 401.0, 346.0
387, 519.0, 463.0
388, 685.0, 234.0
389, 574.0, 431.0
390, 128.0, 324.0
391, 530.0, 447.0
392, 166.0, 350.0
393, 647.0, 401.0
394, 505.0, 106.0
395, 33.0, 471.0
396, 362.0, 426.0
397, 551.0, 274.0
398, 471.0, 387.0
399, 172.0, 443.0
400, 149.0, 269.0
401, 267.0, 412.0
402, 559.0, 415.0
403, 561.0, 468.0
404, 599.0, 45.0
405, 230.0, 458.0
406, 353.0, 151.0
407, 581.0, 471.0
408, 407.0, 416.0
409, 711.0, 306.0
410, 443.0, 144.0
411, 710.0, 186.0
412, 479.0, 107.0
413, 484.0, 419.0
414, 630.0, 165.0
415, 173.0, 392.0
416, 507.0, 398.0
417, 679.0, 175.0
418, 587.0, 445.0
419, 45.0, 183.0
420, 180.0, 433.0
421, 284.0, 439.0
422, 280.0, 424.0
423, 477.0, 351.0
424, 25.0, 103.0
425, 673.0, 280.0
426, 717.0, 199.0
427, 41.0, 230.0
428, 468.0, 424.0
429, 360.0, 376.0
430, 14.0, 372.0
431, 543.0, 216.0
432, 551.0, 404.0
433, 429.0, 320.0
434, 180.0, 208.0
435, 573.0, 83.0
436, 352.0, 8.0
437, 526.0, 435.0
438, 130.0, 469.0
439, 266.0, 445.0
440, 149.0, 421.0
441, 139.0, 48.0
442, 716.0, 244.0
443, 648.0, 169.0
444, 455.0, 447.0
445, 460.0, 455.0
446, 631.0, 471.0
447, 419.0, 457.0
448, 514.0, 428.0
449, 426.0, 197.0
450, 619.0, 163.0
451, 620.0, 335.0
452, 436.0, 430.0
453, 295.0, 404.0
454, 454.0, 73.0
455, 14.0, 54.0
456, 79.0, 434.0
457, 12.0, 380.0
458, 523.0, 423.0
459, 655.0, 230.0
460, 176.0, 181.0
461, 9.0, 8.0
462, 451.0, 57.0
463, 352.0, 106.0
464, 404.0, 437.0
465, 266.0, 427.0
466, 415.0, 348.0
467, 507.0, 378.0
468, 219.0, 413.0
469, 163.0, 111.0
470, 183.0, 237.0
471, 580.0, 422.0
472, 565.0, 391.0
473, 83.0, 423.0
474, 386.0, 438.0
475, 178.0, 195.0
476, 129.0, 416.0
477, 98.0, 438.0
478, 22.0, 93.0
479, 681.0, 368.0
480, 353.0, 168.0
481, 166.0, 399.0
482, 448.0, 186.0
483, 171.0, 153.0
484, 489.0, 395.0
485, 532.0, 404.0
486, 256.0, 444.0
487, 713.0, 294.0
488, 442.0, 243.0
489, 423.0, 462.0
490, 285.0, 446.0
491, 420.0, 390.0
492, 562.0, 31.0
493, 422.0, 343.0
494, 505.0, 352.0
495, 712.0, 109.0
496, 447.0, 444.0
497, 597.0, 465.0
498, 284.0, 466.0
499, 455.0, 42.0
