0, 304.0, 8.0
1, 245.0, 10.0
2, 433.0, 15.0
3, 271.0, 16.0
4, 343.0, 17.0
5, 320.0, 18.0
6, 362.0, 18.0
7, 165.0, 19.0
8, 187.0, 20.0
9, 170.0, 29.0
10, 343.0, 30.0
11, 190.0, 39.0
12, 250.0, 39.0
13, 168.0, 43.0
14, 448.0, 49.0
15, 191.0, 53.0
16, 384.0, 54.0
17, 348.0, 55.0
18, 68.0, 60.0
19, 309.0, 63.0
20, 170.0, 64.0
21, 247.0, 64.0
22, 447.0, 64.0
23, 133.0, 65.0
24, 194.0, 65.0
25, 270.0, 66.0
26, 78.0, 69.0
27, 347.0, 69.0
28, 310.0, 72.0
29, 270.0, 75.0
30, 384.0, 75.0
31, 136.0, 77.0
32, 330.0, 77.0
33, 374.0, 80.0
34, 409.0, 80.0
35, 190.0, 84.0
36, 81.0, 89.0
37, 190.0, 89.0
38, 248.0, 89.0
39, 375.0, 90.0
40, 138.0, 91.0
41, 436.0, 91.0
42, 348.0, 92.0
43, 230.0, 96.0
44, 250.0, 102.0
45, 274.0, 105.0
46, 306.0, 107.0
47, 366.0, 108.0
48, 408.0, 108.0
49, 85.0, 109.0
50, 142.0, 110.0
51, 320.0, 111.0
52, 408.0, 113.0
53, 348.0, 115.0
54, 171.0, 121.0
55, 82.0, 122.0
56, 143.0, 122.0
57, 408.0, 122.0
58, 196.0, 125.0
59, 250.0, 129.0
60, 434.0, 130.0
61, 226.0, 132.0
62, 341.0, 136.0
63, 217.0, 138.0
64, 210.0, 148.0
65, 199.0, 149.0
66, 221.0, 149.0
67, 349.0, 149.0
68, 307.0, 154.0
69, 90.0, 155.0
70, 216.0, 159.0
71, 452.0, 161.0
72, 8.0, 167.0
73, 15.0, 167.0
74, 516.0, 168.0
75, 423.0, 170.0
76, 272.0, 173.0
77, 222.0, 174.0
78, 92.0, 175.0
79, 365.0, 177.0
80, 54.0, 178.0
81, 211.0, 180.0
82, 435.0, 180.0
83, 31.0, 182.0
84, 254.0, 185.0
85, 278.0, 186.0
86, 314.0, 192.0
87, 381.0, 192.0
88, 306.0, 198.0
89, 278.0, 199.0
90, 218.0, 201.0
91, 257.0, 206.0
92, 223.0, 210.0
93, 307.0, 214.0
94, 330.0, 215.0
95, 340.0, 216.0
96, 402.0, 216.0
97, 279.0, 223.0
98, 401.0, 223.0
99, 410.0, 223.0
100, 292.0, 224.0
101, 448.0, 224.0
102, 206.0, 225.0
103, 453.0, 225.0
104, 387.0, 227.0
105, 418.0, 227.0
106, 376.0, 228.0
107, 362.0, 229.0
108, 426.0, 230.0
109, 344.0, 233.0
110, 406.0, 234.0
111, 398.0, 235.0
112, 365.0, 237.0
113, 440.0, 237.0
114, 107.0, 238.0
115, 330.0, 238.0
116, 277.0, 242.0
117, 422.0, 242.0
118, 384.0, 243.0
119, 417.0, 243.0
120, 308.0, 244.0
121, 373.0, 246.0
122, 259.0, 247.0
123, 230.0, 248.0
124, 298.0, 248.0
125, 293.0, 249.0
126, 235.0, 250.0
127, 288.0, 250.0
128, 395.0, 250.0
129, 456.0, 251.0
130, 276.0, 253.0
131, 386.0, 255.0
132, 435.0, 255.0
133, 466.0, 255.0
134, 90.0, 256.0
135, 419.0, 256.0
136, 594.0, 257.0
137, 262.0, 258.0
138, 77.0, 259.0
139, 249.0, 262.0
140, 284.0, 262.0
141, 613.0, 263.0
142, 491.0, 264.0
143, 434.0, 266.0
144, 230.0, 268.0
145, 142.0, 270.0
146, 507.0, 272.0
147, 66.0, 274.0
148, 254.0, 274.0
149, 174.0, 275.0
150, 194.0, 275.0
151, 234.0, 275.0
152, 297.0, 275.0
153, 339.0, 275.0
154, 421.0, 275.0
155, 517.0, 276.0
156, 189.0, 277.0
157, 62.0, 280.0
158, 476.0, 280.0
159, 435.0, 282.0
160, 151.0, 284.0
161, 45.0, 285.0
162, 414.0, 285.0
163, 92.0, 286.0
164, 306.0, 287.0
165, 438.0, 287.0
166, 122.0, 289.0
167, 55.0, 290.0
168, 63.0, 290.0
169, 193.0, 290.0
170, 213.0, 290.0
171, 10.0, 292.0
172, 247.0, 292.0
173, 443.0, 292.0
174, 56.0, 295.0
175, 27.0, 297.0
176, 91.0, 297.0
177, 455.0, 297.0
178, 513.0, 297.0
179, 46.0, 298.0
180, 71.0, 299.0
181, 64.0, 301.0
182, 213.0, 304.0
183, 54.0, 305.0
184, 201.0, 306.0
185, 511.0, 307.0
186, 592.0, 307.0
187, 39.0, 308.0
188, 45.0, 308.0
189, 85.0, 308.0
190, 8.0, 311.0
191, 27.0, 311.0
192, 147.0, 311.0
193, 510.0, 312.0
194, 490.0, 317.0
195, 161.0, 320.0
196, 34.0, 321.0
197, 46.0, 321.0
198, 538.0, 321.0
199, 588.0, 321.0
200, 48.0, 326.0
201, 24.0, 328.0
202, 487.0, 330.0
203, 527.0, 330.0
204, 49.0, 331.0
205, 506.0, 331.0
206, 556.0, 331.0
207, 28.0, 337.0
208, 497.0, 338.0
209, 503.0, 339.0
210, 484.0, 341.0
211, 584.0, 344.0
212, 591.0, 348.0
213, 58.0, 350.0
214, 497.0, 350.0
215, 29.0, 351.0
216, 520.0, 352.0
217, 696.0, 353.0
218, 481.0, 354.0
219, 520.0, 357.0
220, 30.0, 360.0
221, 534.0, 360.0
222, 41.0, 361.0
223, 498.0, 362.0
224, 520.0, 363.0
225, 547.0, 363.0
226, 629.0, 366.0
227, 59.0, 368.0
228, 634.0, 368.0
229, 531.0, 369.0
230, 562.0, 372.0
231, 33.0, 376.0
232, 65.0, 376.0
233, 523.0, 376.0
234, 574.0, 379.0
235, 550.0, 381.0
236, 50.0, 385.0
237, 538.0, 385.0
238, 558.0, 385.0
239, 568.0, 386.0
240, 512.0, 388.0
241, 586.0, 390.0
242, 569.0, 393.0
243, 68.0, 394.0
244, 593.0, 395.0
245, 575.0, 396.0
246, 580.0, 398.0
247, 601.0, 400.0
248, 415.0, 402.0
249, 579.0, 404.0
250, 406.0, 405.0
251, 490.0, 405.0
252, 537.0, 406.0
253, 610.0, 406.0
254, 592.0, 407.0
255, 573.0, 410.0
256, 619.0, 410.0
257, 598.0, 411.0
258, 555.0, 413.0
259, 581.0, 413.0
260, 603.0, 413.0
261, 412.0, 415.0
262, 525.0, 415.0
263, 627.0, 415.0
264, 611.0, 417.0
265, 563.0, 419.0
266, 593.0, 422.0
267, 638.0, 422.0
268, 670.0, 422.0
269, 535.0, 423.0
270, 559.0, 424.0
271, 566.0, 424.0
272, 571.0, 424.0
273, 407.0, 427.0
274, 616.0, 428.0
275, 525.0, 429.0
276, 628.0, 429.0
277, 81.0, 431.0
278, 371.0, 432.0
279, 545.0, 434.0
280, 573.0, 434.0
281, 399.0, 437.0
282, 563.0, 438.0
283, 620.0, 438.0
284, 59.0, 440.0
285, 482.0, 444.0
286, 590.0, 446.0
287, 481.0, 449.0
288, 564.0, 449.0
289, 602.0, 449.0
290, 403.0, 450.0
291, 580.0, 455.0
292, 618.0, 455.0
293, 453.0, 458.0
294, 592.0, 463.0
295, 582.0, 465.0
296, 623.0, 465.0
297, 460.0, 466.0
298, 577.0, 466.0
299, 585.0, 471.0
300, 601.0, 471.0
