0, 271.0, 8.0
1, 477.0, 9.0
2, 143.0, 11.0
3, 338.0, 11.0
4, 250.0, 15.0
5, 55.0, 16.0
6, 67.0, 19.0
7, 284.0, 20.0
8, 38.0, 28.0
9, 70.0, 33.0
10, 141.0, 38.0
11, 351.0, 43.0
12, 214.0, 49.0
13, 293.0, 49.0
14, 277.0, 51.0
15, 169.0, 52.0
16, 214.0, 54.0
17, 600.0, 54.0
18, 255.0, 55.0
19, 351.0, 58.0
20, 238.0, 61.0
21, 67.0, 63.0
22, 226.0, 65.0
23, 249.0, 65.0
24, 144.0, 67.0
25, 68.0, 68.0
26, 284.0, 69.0
27, 316.0, 71.0
28, 120.0, 72.0
29, 274.0, 76.0
30, 121.0, 77.0
31, 284.0, 77.0
32, 256.0, 78.0
33, 145.0, 81.0
34, 341.0, 82.0
35, 175.0, 85.0
36, 164.0, 86.0
37, 709.0, 88.0
38, 212.0, 90.0
39, 185.0, 93.0
40, 43.0, 94.0
41, 201.0, 95.0
42, 275.0, 95.0
43, 226.0, 96.0
44, 316.0, 96.0
45, 256.0, 101.0
46, 283.0, 101.0
47, 316.0, 101.0
48, 75.0, 102.0
49, 45.0, 103.0
50, 341.0, 104.0
51, 316.0, 110.0
52, 147.0, 111.0
53, 245.0, 111.0
54, 115.0, 112.0
55, 107.0, 119.0
56, 340.0, 119.0
57, 214.0, 120.0
58, 483.0, 121.0
59, 87.0, 129.0
60, 177.0, 129.0
61, 80.0, 130.0
62, 95.0, 130.0
63, 110.0, 131.0
64, 342.0, 134.0
65, 127.0, 135.0
66, 258.0, 136.0
67, 306.0, 137.0
68, 214.0, 140.0
69, 104.0, 142.0
70, 93.0, 146.0
71, 120.0, 149.0
72, 130.0, 152.0
73, 100.0, 154.0
74, 411.0, 155.0
75, 213.0, 157.0
76, 258.0, 158.0
77, 111.0, 159.0
78, 174.0, 160.0
79, 274.0, 163.0
80, 251.0, 164.0
81, 424.0, 164.0
82, 98.0, 166.0
83, 341.0, 166.0
84, 106.0, 171.0
85, 181.0, 171.0
86, 152.0, 172.0
87, 331.0, 172.0
88, 201.0, 177.0
89, 292.0, 177.0
90, 470.0, 177.0
91, 110.0, 178.0
92, 316.0, 178.0
93, 349.0, 178.0
94, 223.0, 179.0
95, 97.0, 181.0
96, 214.0, 185.0
97, 181.0, 186.0
98, 107.0, 190.0
99, 157.0, 194.0
100, 312.0, 199.0
101, 114.0, 200.0
102, 215.0, 202.0
103, 240.0, 202.0
104, 251.0, 203.0
105, 312.0, 205.0
106, 320.0, 207.0
107, 356.0, 207.0
108, 298.0, 210.0
109, 275.0, 211.0
110, 288.0, 211.0
111, 326.0, 211.0
112, 334.0, 212.0
113, 220.0, 213.0
114, 264.0, 214.0
115, 254.0, 216.0
116, 91.0, 217.0
117, 309.0, 217.0
118, 241.0, 219.0
119, 347.0, 219.0
120, 444.0, 220.0
121, 236.0, 221.0
122, 331.0, 223.0
123, 356.0, 223.0
124, 294.0, 224.0
125, 325.0, 224.0
126, 215.0, 227.0
127, 284.0, 227.0
128, 200.0, 230.0
129, 363.0, 232.0
130, 473.0, 232.0
131, 183.0, 234.0
132, 298.0, 234.0
133, 485.0, 234.0
134, 331.0, 235.0
135, 344.0, 235.0
136, 259.0, 236.0
137, 373.0, 236.0
138, 145.0, 237.0
139, 173.0, 237.0
140, 165.0, 239.0
141, 119.0, 241.0
142, 125.0, 244.0
143, 399.0, 245.0
144, 130.0, 246.0
145, 343.0, 246.0
146, 406.0, 248.0
147, 415.0, 251.0
148, 160.0, 253.0
149, 207.0, 253.0
150, 381.0, 258.0
151, 83.0, 260.0
152, 344.0, 261.0
153, 708.0, 262.0
154, 218.0, 263.0
155, 324.0, 263.0
156, 725.0, 264.0
157, 346.0, 266.0
158, 8.0, 267.0
159, 412.0, 267.0
160, 114.0, 269.0
161, 154.0, 270.0
162, 352.0, 270.0
163, 472.0, 273.0
164, 363.0, 274.0
165, 411.0, 274.0
166, 13.0, 276.0
167, 410.0, 280.0
168, 117.0, 282.0
169, 102.0, 285.0
170, 469.0, 286.0
171, 694.0, 286.0
172, 721.0, 286.0
173, 393.0, 289.0
174, 433.0, 290.0
175, 691.0, 291.0
176, 33.0, 292.0
177, 446.0, 294.0
178, 638.0, 294.0
179, 126.0, 295.0
180, 54.0, 300.0
181, 407.0, 300.0
182, 390.0, 302.0
183, 541.0, 302.0
184, 616.0, 303.0
185, 467.0, 305.0
186, 472.0, 307.0
187, 404.0, 308.0
188, 481.0, 310.0
189, 655.0, 310.0
190, 388.0, 311.0
191, 645.0, 313.0
192, 684.0, 313.0
193, 418.0, 318.0
194, 631.0, 318.0
195, 682.0, 318.0
196, 501.0, 319.0
197, 430.0, 323.0
198, 680.0, 323.0
199, 386.0, 324.0
200, 440.0, 324.0
201, 419.0, 328.0
202, 679.0, 328.0
203, 400.0, 330.0
204, 451.0, 330.0
205, 461.0, 335.0
206, 422.0, 339.0
207, 439.0, 339.0
208, 673.0, 341.0
209, 448.0, 343.0
210, 469.0, 343.0
211, 434.0, 345.0
212, 458.0, 348.0
213, 480.0, 349.0
214, 412.0, 351.0
215, 670.0, 351.0
216, 464.0, 352.0
217, 486.0, 353.0
218, 492.0, 355.0
219, 528.0, 355.0
220, 473.0, 356.0
221, 667.0, 358.0
222, 478.0, 359.0
223, 526.0, 360.0
224, 460.0, 361.0
225, 431.0, 362.0
226, 504.0, 362.0
227, 695.0, 362.0
228, 487.0, 363.0
229, 666.0, 363.0
230, 666.0, 368.0
231, 395.0, 369.0
232, 474.0, 369.0
233, 497.0, 369.0
234, 731.0, 369.0
235, 423.0, 373.0
236, 458.0, 374.0
237, 492.0, 377.0
238, 326.0, 378.0
239, 320.0, 381.0
240, 700.0, 383.0
241, 424.0, 385.0
242, 439.0, 386.0
243, 481.0, 388.0
244, 563.0, 389.0
245, 679.0, 389.0
246, 323.0, 395.0
247, 453.0, 395.0
248, 466.0, 398.0
249, 494.0, 398.0
250, 693.0, 400.0
251, 473.0, 402.0
252, 651.0, 402.0
253, 311.0, 404.0
254, 321.0, 404.0
255, 389.0, 404.0
256, 467.0, 405.0
257, 702.0, 405.0
258, 287.0, 408.0
259, 468.0, 411.0
260, 672.0, 412.0
261, 685.0, 412.0
262, 743.0, 416.0
263, 656.0, 417.0
264, 668.0, 421.0
265, 743.0, 421.0
266, 363.0, 422.0
267, 318.0, 423.0
268, 641.0, 427.0
269, 370.0, 428.0
270, 695.0, 428.0
271, 504.0, 437.0
272, 726.0, 437.0
273, 384.0, 438.0
274, 357.0, 441.0
275, 343.0, 444.0
276, 691.0, 444.0
277, 292.0, 448.0
278, 327.0, 448.0
279, 366.0, 449.0
280, 741.0, 449.0
281, 703.0, 452.0
282, 354.0, 453.0
283, 653.0, 456.0
284, 541.0, 457.0
285, 499.0, 461.0
286, 730.0, 462.0
287, 503.0, 466.0
288, 511.0, 469.0
289, 637.0, 470.0
290, 238.0, 471.0
291, 498.0, 471.0
292, 681.0, 471.0
