0, 251.0, 378.0
1, 369.0, 98.0
2, 333.0, 443.0
3, 204.0, 424.0
4, 462.0, 422.0
5, 321.0, 443.0
6, 439.0, 465.0
7, 204.0, 444.0
8, 138.0, 425.0
9, 416.0, 421.0
10, 343.0, 438.0
11, 23.0, 343.0
12, 167.0, 440.0
13, 262.0, 376.0
14, 392.0, 431.0
15, 635.0, 230.0
16, 180.0, 447.0
17, 427.0, 22.0
18, 28.0, 168.0
19, 135.0, 305.0
20, 190.0, 407.0
21, 638.0, 219.0
22, 453.0, 455.0
23, 181.0, 384.0
24, 250.0, 393.0
25, 53.0, 385.0
26, 423.0, 452.0
27, 245.0, 264.0
28, 278.0, 385.0
29, 426.0, 435.0
30, 123.0, 294.0
31, 359.0, 73.0
32, 280.0, 396.0
33, 135.0, 325.0
34, 178.0, 462.0
35, 349.0, 429.0
36, 87.0, 179.0
37, 27.0, 433.0
38, 67.0, 466.0
39, 256.0, 367.0
40, 98.0, 416.0
41, 157.0, 467.0
42, 720.0, 341.0
43, 150.0, 433.0
44, 492.0, 325.0
45, 20.0, 460.0
46, 102.0, 459.0
47, 147.0, 461.0
48, 394.0, 87.0
49, 247.0, 458.0
50, 123.0, 197.0
51, 67.0, 344.0
52, 260.0, 386.0
53, 691.0, 74.0
54, 214.0, 364.0
55, 200.0, 238.0
56, 190.0, 458.0
57, 397.0, 236.0
58, 70.0, 293.0
59, 435.0, 446.0
60, 704.0, 319.0
61, 102.0, 443.0
62, 156.0, 455.0
63, 50.0, 459.0
64, 552.0, 219.0
65, 168.0, 384.0
66, 465.0, 379.0
67, 680.0, 368.0
68, 34.0, 464.0
69, 436.0, 413.0
70, 137.0, 288.0
71, 281.0, 374.0
72, 520.0, 184.0
73, 176.0, 361.0
74, 86.0, 22.0
75, 490.0, 253.0
76, 399.0, 19.0
77, 467.0, 461.0
78, 475.0, 245.0
79, 233.0, 358.0
80, 166.0, 397.0
81, 139.0, 392.0
82, 165.0, 232.0
83, 383.0, 436.0
84, 52.0, 470.0
85, 419.0, 229.0
86, 330.0, 462.0
87, 130.0, 465.0
88, 388.0, 228.0
89, 60.0, 453.0
90, 459.0, 21.0
91, 35.0, 294.0
92, 374.0, 458.0
93, 20.0, 420.0
94, 132.0, 369.0
95, 376.0, 388.0
96, 150.0, 342.0
97, 443.0, 14.0
98, 159.0, 283.0
99, 125.0, 314.0
100, 106.0, 331.0
101, 704.0, 401.0
102, 220.0, 349.0
103, 456.0, 246.0
104, 109.0, 260.0
105, 387.0, 249.0
106, 194.0, 291.0
107, 144.0, 415.0
108, 216.0, 437.0
109, 183.0, 435.0
110, 199.0, 378.0
111, 240.0, 414.0
112, 226.0, 368.0
113, 241.0, 161.0
114, 413.0, 194.0
115, 164.0, 409.0
116, 152.0, 401.0
117, 701.0, 289.0
118, 172.0, 347.0
119, 28.0, 372.0
120, 168.0, 467.0
121, 199.0, 219.0
122, 129.0, 355.0
123, 129.0, 455.0
124, 596.0, 20.0
125, 680.0, 18.0
126, 714.0, 21.0
127, 724.0, 435.0
128, 678.0, 245.0
129, 428.0, 12.0
130, 379.0, 78.0
131, 122.0, 56.0
132, 104.0, 34.0
133, 376.0, 342.0
134, 551.0, 11.0
135, 468.0, 252.0
136, 699.0, 352.0
137, 114.0, 449.0
138, 739.0, 26.0
139, 359.0, 441.0
140, 225.0, 457.0
141, 248.0, 351.0
142, 726.0, 301.0
143, 57.0, 435.0
144, 615.0, 128.0
145, 196.0, 353.0
146, 292.0, 470.0
147, 125.0, 223.0
148, 531.0, 140.0
149, 731.0, 395.0
150, 214.0, 463.0
151, 59.0, 295.0
152, 143.0, 381.0
153, 426.0, 175.0
154, 124.0, 332.0
155, 688.0, 115.0
156, 106.0, 311.0
157, 237.0, 91.0
158, 90.0, 151.0
159, 195.0, 121.0
160, 246.0, 295.0
161, 358.0, 458.0
162, 197.0, 152.0
163, 591.0, 165.0
164, 609.0, 150.0
165, 126.0, 240.0
166, 376.0, 409.0
167, 723.0, 375.0
168, 46.0, 436.0
169, 390.0, 450.0
170, 678.0, 232.0
171, 109.0, 370.0
172, 337.0, 74.0
173, 194.0, 105.0
174, 236.0, 67.0
175, 132.0, 403.0
176, 445.0, 35.0
177, 242.0, 393.0
178, 152.0, 302.0
179, 198.0, 200.0
180, 244.0, 241.0
181, 19.0, 115.0
182, 241.0, 187.0
183, 526.0, 17.0
184, 511.0, 222.0
185, 243.0, 224.0
186, 515.0, 22.0
187, 115.0, 400.0
188, 325.0, 471.0
189, 82.0, 304.0
190, 453.0, 14.0
191, 174.0, 379.0
192, 180.0, 288.0
193, 171.0, 450.0
194, 595.0, 200.0
195, 434.0, 128.0
196, 199.0, 229.0
197, 118.0, 261.0
198, 199.0, 176.0
199, 694.0, 19.0
200, 71.0, 313.0
201, 145.0, 442.0
202, 509.0, 240.0
203, 697.0, 55.0
204, 122.0, 275.0
205, 721.0, 266.0
206, 377.0, 9.0
207, 194.0, 87.0
208, 237.0, 372.0
209, 427.0, 115.0
210, 90.0, 314.0
211, 192.0, 236.0
212, 195.0, 431.0
213, 254.0, 424.0
214, 413.0, 435.0
215, 192.0, 64.0
216, 593.0, 215.0
217, 199.0, 410.0
218, 674.0, 129.0
219, 160.0, 270.0
220, 417.0, 168.0
221, 486.0, 354.0
222, 691.0, 185.0
223, 374.0, 448.0
224, 531.0, 119.0
225, 382.0, 319.0
226, 11.0, 271.0
227, 12.0, 340.0
228, 347.0, 74.0
229, 11.0, 378.0
230, 29.0, 448.0
231, 464.0, 13.0
232, 27.0, 266.0
233, 104.0, 429.0
234, 294.0, 370.0
235, 117.0, 182.0
236, 172.0, 287.0
237, 130.0, 427.0
238, 519.0, 361.0
239, 103.0, 283.0
240, 121.0, 156.0
241, 265.0, 424.0
242, 162.0, 245.0
243, 343.0, 464.0
244, 239.0, 136.0
245, 603.0, 170.0
246, 730.0, 135.0
247, 126.0, 342.0
248, 451.0, 375.0
249, 336.0, 452.0
250, 256.0, 440.0
251, 120.0, 423.0
252, 539.0, 470.0
253, 183.0, 235.0
254, 161.0, 258.0
255, 741.0, 96.0
256, 221.0, 414.0
257, 491.0, 17.0
258, 172.0, 233.0
259, 406.0, 230.0
260, 224.0, 442.0
261, 64.0, 176.0
262, 48.0, 375.0
263, 132.0, 386.0
264, 619.0, 461.0
265, 142.0, 408.0
266, 401.0, 447.0
267, 328.0, 453.0
268, 72.0, 358.0
269, 121.0, 285.0
270, 8.0, 164.0
271, 198.0, 457.0
272, 121.0, 435.0
273, 399.0, 13.0
274, 381.0, 401.0
275, 358.0, 391.0
276, 112.0, 98.0
277, 199.0, 246.0
278, 533.0, 131.0
279, 118.0, 410.0
280, 199.0, 258.0
281, 710.0, 130.0
282, 350.0, 461.0
283, 196.0, 278.0
284, 478.0, 338.0
285, 482.0, 15.0
286, 159.0, 365.0
287, 84.0, 426.0
288, 75.0, 438.0
289, 733.0, 117.0
290, 391.0, 10.0
291, 230.0, 393.0
292, 216.0, 447.0
293, 615.0, 443.0
294, 111.0, 184.0
295, 496.0, 266.0
296, 524.0, 159.0
297, 695.0, 92.0
298, 131.0, 413.0
299, 80.0, 440.0
300, 14.0, 394.0
301, 131.0, 175.0
302, 243.0, 211.0
303, 107.0, 53.0
304, 24.0, 392.0
305, 71.0, 423.0
306, 215.0, 354.0
307, 89.0, 131.0
308, 263.0, 395.0
309, 436.0, 243.0
310, 168.0, 416.0
311, 207.0, 400.0
312, 238.0, 116.0
313, 9.0, 51.0
314, 197.0, 271.0
315, 58.0, 308.0
316, 160.0, 195.0
317, 702.0, 21.0
318, 114.0, 389.0
319, 20.0, 312.0
320, 629.0, 383.0
321, 153.0, 133.0
322, 525.0, 118.0
323, 122.0, 390.0
324, 402.0, 440.0
325, 510.0, 202.0
326, 684.0, 96.0
327, 140.0, 402.0
328, 126.0, 443.0
329, 198.0, 396.0
330, 106.0, 213.0
331, 354.0, 451.0
332, 19.0, 370.0
333, 703.0, 90.0
334, 306.0, 463.0
335, 630.0, 388.0
336, 444.0, 457.0
337, 211.0, 409.0
338, 230.0, 384.0
339, 429.0, 236.0
340, 66.0, 430.0
341, 125.0, 214.0
342, 191.0, 376.0
343, 140.0, 454.0
344, 317.0, 456.0
345, 542.0, 65.0
346, 517.0, 303.0
347, 121.0, 430.0
348, 271.0, 385.0
349, 481.0, 471.0
350, 17.0, 317.0
351, 69.0, 176.0
352, 482.0, 343.0
353, 639.0, 312.0
354, 601.0, 146.0
355, 246.0, 408.0
356, 108.0, 164.0
357, 229.0, 432.0
358, 423.0, 430.0
359, 336.0, 470.0
360, 199.0, 188.0
361, 695.0, 113.0
362, 491.0, 268.0
363, 163.0, 240.0
364, 498.0, 238.0
365, 207.0, 288.0
366, 200.0, 251.0
367, 705.0, 143.0
368, 104.0, 292.0
369, 151.0, 450.0
370, 364.0, 441.0
371, 293.0, 376.0
372, 367.0, 9.0
373, 19.0, 393.0
374, 88.0, 295.0
375, 480.0, 21.0
376, 306.0, 471.0
377, 589.0, 175.0
378, 37.0, 447.0
379, 227.0, 471.0
380, 390.0, 136.0
381, 162.0, 423.0
382, 103.0, 250.0
383, 631.0, 394.0
384, 117.0, 272.0
385, 120.0, 418.0
386, 78.0, 408.0
387, 733.0, 273.0
388, 396.0, 448.0
389, 193.0, 98.0
390, 349.0, 449.0
391, 189.0, 311.0
392, 496.0, 358.0
393, 411.0, 12.0
394, 162.0, 253.0
395, 59.0, 174.0
396, 12.0, 366.0
397, 727.0, 117.0
398, 30.0, 388.0
399, 693.0, 28.0
400, 89.0, 139.0
401, 465.0, 264.0
402, 113.0, 277.0
403, 167.0, 135.0
404, 360.0, 396.0
405, 121.0, 151.0
406, 242.0, 199.0
407, 505.0, 16.0
408, 241.0, 152.0
409, 379.0, 457.0
410, 466.0, 471.0
411, 107.0, 380.0
412, 125.0, 209.0
413, 739.0, 101.0
414, 139.0, 359.0
415, 117.0, 175.0
416, 8.0, 290.0
417, 239.0, 124.0
418, 160.0, 265.0
419, 514.0, 17.0
420, 309.0, 74.0
421, 145.0, 423.0
422, 435.0, 395.0
423, 404.0, 9.0
424, 233.0, 32.0
425, 195.0, 425.0
426, 406.0, 449.0
427, 742.0, 91.0
428, 272.0, 415.0
429, 513.0, 440.0
430, 515.0, 205.0
431, 136.0, 176.0
432, 62.0, 414.0
433, 458.0, 377.0
434, 178.0, 234.0
435, 447.0, 470.0
436, 112.0, 54.0
437, 139.0, 445.0
438, 497.0, 261.0
439, 323.0, 453.0
440, 111.0, 428.0
441, 335.0, 434.0
442, 123.0, 378.0
443, 242.0, 192.0
444, 116.0, 15.0
445, 238.0, 104.0
446, 123.0, 183.0
447, 358.0, 386.0
448, 239.0, 129.0
449, 229.0, 444.0
450, 188.0, 361.0
451, 68.0, 448.0
452, 139.0, 397.0
453, 40.0, 317.0
454, 633.0, 399.0
455, 198.0, 163.0
456, 154.0, 417.0
457, 45.0, 328.0
458, 71.0, 323.0
459, 451.0, 447.0
460, 176.0, 62.0
461, 667.0, 274.0
462, 341.0, 450.0
463, 614.0, 407.0
464, 584.0, 192.0
465, 200.0, 210.0
466, 46.0, 448.0
467, 253.0, 429.0
468, 449.0, 249.0
469, 106.0, 203.0
470, 113.0, 384.0
471, 226.0, 420.0
472, 611.0, 139.0
473, 78.0, 321.0
474, 132.0, 408.0
475, 235.0, 402.0
476, 196.0, 283.0
477, 89.0, 144.0
478, 214.0, 393.0
479, 110.0, 12.0
480, 243.0, 232.0
481, 240.0, 147.0
482, 109.0, 84.0
483, 116.0, 216.0
484, 366.0, 450.0
485, 132.0, 437.0
486, 190.0, 432.0
487, 175.0, 154.0
488, 111.0, 93.0
489, 686.0, 91.0
490, 194.0, 92.0
491, 501.0, 215.0
492, 162.0, 377.0
493, 140.0, 468.0
494, 489.0, 384.0
495, 188.0, 277.0
496, 519.0, 158.0
497, 377.0, 318.0
498, 198.0, 181.0
499, 94.0, 132.0
