0, 385.0, 302.0
1, 632.0, 234.0
2, 648.0, 201.0
3, 602.0, 220.0
4, 623.0, 222.0
5, 596.0, 186.0
6, 600.0, 231.0
7, 614.0, 210.0
8, 605.0, 198.0
9, 643.0, 235.0
10, 592.0, 219.0
11, 603.0, 209.0
12, 629.0, 256.0
13, 628.0, 188.0
14, 599.0, 242.0
15, 590.0, 230.0
16, 641.0, 246.0
17, 593.0, 208.0
18, 621.0, 233.0
19, 609.0, 243.0
20, 586.0, 263.0
21, 618.0, 255.0
22, 554.0, 307.0
23, 93.0, 376.0
24, 608.0, 254.0
25, 530.0, 266.0
26, 500.0, 437.0
27, 616.0, 199.0
28, 424.0, 335.0
29, 508.0, 429.0
30, 651.0, 177.0
31, 639.0, 189.0
32, 440.0, 353.0
33, 640.0, 257.0
34, 211.0, 318.0
35, 339.0, 252.0
36, 640.0, 177.0
37, 123.0, 359.0
38, 355.0, 279.0
39, 606.0, 346.0
40, 543.0, 387.0
41, 630.0, 245.0
42, 664.0, 376.0
43, 657.0, 225.0
44, 637.0, 200.0
45, 511.0, 329.0
46, 620.0, 244.0
47, 658.0, 391.0
48, 612.0, 221.0
49, 624.0, 211.0
50, 494.0, 447.0
51, 650.0, 190.0
52, 519.0, 311.0
53, 612.0, 357.0
54, 626.0, 200.0
55, 229.0, 319.0
56, 389.0, 311.0
57, 545.0, 276.0
58, 524.0, 319.0
59, 634.0, 223.0
60, 617.0, 188.0
61, 580.0, 218.0
62, 523.0, 277.0
63, 645.0, 224.0
64, 660.0, 202.0
65, 616.0, 267.0
66, 148.0, 337.0
67, 607.0, 187.0
68, 662.0, 190.0
69, 503.0, 371.0
70, 182.0, 329.0
71, 655.0, 236.0
72, 92.0, 387.0
73, 439.0, 332.0
74, 507.0, 386.0
75, 585.0, 185.0
76, 539.0, 375.0
77, 653.0, 248.0
78, 635.0, 212.0
79, 526.0, 330.0
80, 557.0, 465.0
81, 596.0, 265.0
82, 659.0, 213.0
83, 559.0, 270.0
84, 551.0, 268.0
85, 554.0, 279.0
86, 652.0, 259.0
87, 513.0, 295.0
88, 665.0, 364.0
89, 132.0, 361.0
90, 445.0, 339.0
91, 483.0, 441.0
92, 598.0, 174.0
93, 481.0, 418.0
94, 124.0, 373.0
95, 539.0, 285.0
96, 207.0, 303.0
97, 630.0, 176.0
98, 681.0, 372.0
99, 611.0, 232.0
100, 646.0, 213.0
101, 89.0, 363.0
102, 459.0, 421.0
103, 627.0, 268.0
104, 65.0, 388.0
105, 595.0, 197.0
106, 576.0, 250.0
107, 139.0, 352.0
108, 427.0, 353.0
109, 528.0, 412.0
110, 590.0, 354.0
111, 657.0, 465.0
112, 589.0, 241.0
113, 586.0, 172.0
114, 82.0, 382.0
115, 618.0, 175.0
116, 49.0, 416.0
117, 644.0, 301.0
118, 101.0, 357.0
119, 46.0, 404.0
120, 99.0, 372.0
121, 120.0, 283.0
122, 520.0, 266.0
123, 583.0, 196.0
124, 597.0, 253.0
125, 653.0, 364.0
126, 720.0, 308.0
127, 679.0, 394.0
128, 587.0, 251.0
129, 517.0, 405.0
130, 120.0, 389.0
131, 415.0, 359.0
132, 399.0, 342.0
133, 650.0, 271.0
134, 522.0, 444.0
135, 724.0, 421.0
136, 504.0, 309.0
137, 497.0, 417.0
138, 513.0, 415.0
139, 608.0, 175.0
140, 476.0, 294.0
141, 418.0, 349.0
142, 453.0, 437.0
143, 41.0, 206.0
144, 491.0, 438.0
145, 153.0, 60.0
146, 31.0, 209.0
147, 607.0, 297.0
148, 606.0, 266.0
149, 520.0, 429.0
150, 461.0, 357.0
151, 578.0, 364.0
152, 586.0, 381.0
153, 405.0, 350.0
154, 195.0, 309.0
155, 159.0, 108.0
156, 444.0, 380.0
157, 562.0, 450.0
158, 483.0, 385.0
159, 555.0, 437.0
160, 564.0, 379.0
161, 648.0, 406.0
162, 573.0, 262.0
163, 469.0, 433.0
164, 221.0, 323.0
165, 570.0, 391.0
166, 234.0, 86.0
167, 455.0, 311.0
168, 390.0, 321.0
169, 541.0, 304.0
170, 31.0, 410.0
171, 497.0, 249.0
172, 666.0, 96.0
173, 195.0, 301.0
174, 381.0, 284.0
175, 536.0, 432.0
176, 457.0, 324.0
177, 222.0, 199.0
178, 620.0, 402.0
179, 498.0, 292.0
180, 591.0, 276.0
181, 520.0, 459.0
182, 582.0, 207.0
183, 611.0, 471.0
184, 224.0, 309.0
185, 107.0, 378.0
186, 732.0, 379.0
187, 638.0, 269.0
188, 546.0, 294.0
189, 222.0, 187.0
190, 412.0, 328.0
191, 673.0, 354.0
192, 471.0, 457.0
193, 644.0, 334.0
194, 133.0, 379.0
195, 574.0, 310.0
196, 446.0, 268.0
197, 665.0, 177.0
198, 477.0, 466.0
199, 399.0, 320.0
200, 432.0, 370.0
201, 357.0, 247.0
202, 511.0, 275.0
203, 536.0, 328.0
204, 525.0, 374.0
205, 486.0, 322.0
206, 588.0, 319.0
207, 370.0, 257.0
208, 284.0, 335.0
209, 623.0, 447.0
210, 471.0, 398.0
211, 230.0, 98.0
212, 520.0, 53.0
213, 578.0, 229.0
214, 450.0, 279.0
215, 196.0, 318.0
216, 657.0, 133.0
217, 580.0, 325.0
218, 713.0, 390.0
219, 712.0, 361.0
220, 651.0, 161.0
221, 380.0, 309.0
222, 493.0, 429.0
223, 552.0, 422.0
224, 474.0, 411.0
225, 155.0, 73.0
226, 187.0, 305.0
227, 475.0, 310.0
228, 400.0, 307.0
229, 646.0, 374.0
230, 544.0, 350.0
231, 163.0, 177.0
232, 609.0, 309.0
233, 465.0, 381.0
234, 582.0, 340.0
235, 508.0, 69.0
236, 733.0, 369.0
237, 406.0, 325.0
238, 688.0, 361.0
239, 675.0, 469.0
240, 527.0, 291.0
241, 445.0, 448.0
242, 622.0, 317.0
243, 168.0, 325.0
244, 394.0, 90.0
245, 161.0, 121.0
246, 602.0, 369.0
247, 577.0, 240.0
248, 594.0, 327.0
249, 553.0, 321.0
250, 59.0, 400.0
251, 734.0, 435.0
252, 431.0, 288.0
253, 393.0, 66.0
254, 158.0, 347.0
255, 491.0, 265.0
256, 479.0, 280.0
257, 508.0, 265.0
258, 489.0, 314.0
259, 121.0, 44.0
260, 529.0, 286.0
261, 465.0, 291.0
262, 708.0, 368.0
263, 611.0, 319.0
264, 374.0, 304.0
265, 427.0, 360.0
266, 143.0, 113.0
267, 487.0, 348.0
268, 579.0, 466.0
269, 528.0, 385.0
270, 109.0, 362.0
271, 334.0, 262.0
272, 219.0, 224.0
273, 500.0, 210.0
274, 366.0, 287.0
275, 656.0, 400.0
276, 503.0, 194.0
277, 448.0, 392.0
278, 599.0, 395.0
279, 568.0, 360.0
280, 251.0, 30.0
281, 18.0, 179.0
282, 526.0, 34.0
283, 272.0, 335.0
284, 532.0, 312.0
285, 424.0, 316.0
286, 489.0, 274.0
287, 150.0, 351.0
288, 252.0, 51.0
289, 670.0, 83.0
290, 502.0, 457.0
291, 386.0, 292.0
292, 697.0, 345.0
293, 449.0, 373.0
294, 115.0, 356.0
295, 575.0, 317.0
296, 228.0, 119.0
297, 227.0, 138.0
298, 630.0, 384.0
299, 469.0, 279.0
300, 434.0, 362.0
301, 726.0, 373.0
302, 555.0, 255.0
303, 157.0, 86.0
304, 66.0, 397.0
305, 135.0, 91.0
306, 479.0, 364.0
307, 511.0, 122.0
308, 172.0, 206.0
309, 174.0, 335.0
310, 80.0, 390.0
311, 112.0, 381.0
312, 130.0, 79.0
313, 681.0, 343.0
314, 158.0, 94.0
315, 521.0, 385.0
316, 465.0, 262.0
317, 459.0, 406.0
318, 485.0, 401.0
319, 171.0, 216.0
320, 442.0, 94.0
321, 220.0, 209.0
322, 51.0, 265.0
323, 354.0, 262.0
324, 685.0, 308.0
325, 536.0, 296.0
326, 166.0, 342.0
327, 626.0, 324.0
328, 42.0, 315.0
329, 373.0, 272.0
330, 115.0, 18.0
331, 517.0, 396.0
332, 653.0, 147.0
333, 564.0, 347.0
334, 435.0, 382.0
335, 613.0, 384.0
336, 395.0, 328.0
337, 184.0, 216.0
338, 129.0, 347.0
339, 673.0, 340.0
340, 145.0, 346.0
341, 281.0, 86.0
342, 160.0, 163.0
343, 155.0, 213.0
344, 506.0, 340.0
345, 727.0, 361.0
346, 17.0, 425.0
347, 283.0, 18.0
348, 700.0, 365.0
349, 618.0, 288.0
350, 126.0, 65.0
351, 731.0, 464.0
352, 662.0, 112.0
353, 564.0, 283.0
354, 422.0, 395.0
355, 287.0, 156.0
356, 8.0, 436.0
357, 23.0, 411.0
358, 119.0, 238.0
359, 527.0, 363.0
360, 81.0, 400.0
361, 508.0, 316.0
362, 509.0, 285.0
363, 498.0, 330.0
364, 313.0, 88.0
365, 520.0, 339.0
366, 743.0, 372.0
367, 265.0, 85.0
368, 29.0, 431.0
369, 253.0, 63.0
370, 717.0, 468.0
371, 506.0, 163.0
372, 501.0, 93.0
373, 503.0, 182.0
374, 473.0, 323.0
375, 463.0, 271.0
376, 677.0, 448.0
377, 344.0, 262.0
378, 512.0, 110.0
379, 509.0, 135.0
380, 30.0, 177.0
381, 72.0, 395.0
382, 299.0, 326.0
383, 529.0, 462.0
384, 497.0, 230.0
385, 621.0, 328.0
386, 537.0, 357.0
387, 360.0, 257.0
388, 637.0, 320.0
389, 616.0, 302.0
390, 407.0, 92.0
391, 597.0, 294.0
392, 676.0, 60.0
393, 148.0, 29.0
394, 67.0, 249.0
395, 226.0, 151.0
396, 86.0, 257.0
397, 462.0, 283.0
398, 377.0, 90.0
399, 679.0, 207.0
400, 655.0, 330.0
401, 128.0, 353.0
402, 253.0, 77.0
403, 25.0, 163.0
404, 39.0, 417.0
405, 215.0, 56.0
406, 444.0, 370.0
407, 431.0, 341.0
408, 518.0, 66.0
409, 534.0, 320.0
410, 55.0, 254.0
411, 566.0, 299.0
412, 475.0, 442.0
413, 456.0, 316.0
414, 188.0, 328.0
415, 527.0, 302.0
416, 159.0, 336.0
417, 673.0, 71.0
418, 182.0, 206.0
419, 128.0, 224.0
420, 687.0, 17.0
421, 183.0, 318.0
422, 486.0, 286.0
423, 634.0, 401.0
424, 48.0, 249.0
425, 367.0, 275.0
426, 36.0, 192.0
427, 597.0, 471.0
428, 647.0, 384.0
429, 140.0, 361.0
430, 743.0, 448.0
431, 639.0, 413.0
432, 732.0, 450.0
433, 508.0, 143.0
434, 570.0, 422.0
435, 450.0, 407.0
436, 535.0, 304.0
437, 509.0, 149.0
438, 161.0, 134.0
439, 189.0, 182.0
440, 248.0, 9.0
441, 420.0, 427.0
442, 586.0, 435.0
443, 480.0, 376.0
444, 708.0, 404.0
445, 225.0, 156.0
446, 564.0, 331.0
447, 567.0, 464.0
448, 478.0, 356.0
449, 209.0, 382.0
450, 94.0, 344.0
451, 156.0, 149.0
452, 343.0, 290.0
453, 224.0, 169.0
454, 622.0, 372.0
455, 506.0, 128.0
456, 696.0, 469.0
457, 527.0, 122.0
458, 699.0, 408.0
459, 490.0, 96.0
460, 123.0, 254.0
461, 495.0, 337.0
462, 476.0, 329.0
463, 459.0, 95.0
464, 596.0, 305.0
465, 547.0, 364.0
466, 87.0, 395.0
467, 175.0, 324.0
468, 365.0, 257.0
469, 196.0, 58.0
470, 161.0, 139.0
471, 117.0, 366.0
472, 618.0, 347.0
473, 146.0, 16.0
474, 591.0, 469.0
475, 225.0, 162.0
476, 556.0, 364.0
477, 668.0, 460.0
478, 454.0, 373.0
479, 507.0, 251.0
480, 196.0, 323.0
481, 421.0, 436.0
482, 413.0, 94.0
483, 11.0, 23.0
484, 484.0, 449.0
485, 151.0, 137.0
486, 652.0, 433.0
487, 35.0, 423.0
488, 124.0, 56.0
489, 532.0, 79.0
490, 527.0, 358.0
491, 598.0, 437.0
492, 679.0, 47.0
493, 570.0, 404.0
494, 484.0, 337.0
495, 517.0, 251.0
496, 462.0, 376.0
497, 702.0, 353.0
498, 349.0, 269.0
499, 441.0, 390.0
