0, 495.0, 261.0
1, 536.0, 289.0
2, 536.0, 279.0
3, 267.0, 372.0
4, 487.0, 251.0
5, 677.0, 464.0
6, 320.0, 448.0
7, 507.0, 281.0
8, 536.0, 259.0
9, 536.0, 309.0
10, 456.0, 366.0
11, 447.0, 378.0
12, 492.0, 392.0
13, 527.0, 290.0
14, 608.0, 425.0
15, 527.0, 269.0
16, 477.0, 282.0
17, 410.0, 379.0
18, 447.0, 410.0
19, 433.0, 412.0
20, 439.0, 358.0
21, 495.0, 251.0
22, 537.0, 238.0
23, 307.0, 456.0
24, 477.0, 262.0
25, 477.0, 272.0
26, 536.0, 269.0
27, 486.0, 282.0
28, 283.0, 424.0
29, 279.0, 415.0
30, 183.0, 176.0
31, 477.0, 313.0
32, 486.0, 302.0
33, 701.0, 436.0
34, 477.0, 303.0
35, 515.0, 270.0
36, 495.0, 282.0
37, 268.0, 413.0
38, 466.0, 354.0
39, 262.0, 385.0
40, 382.0, 366.0
41, 447.0, 369.0
42, 507.0, 271.0
43, 365.0, 367.0
44, 197.0, 175.0
45, 411.0, 395.0
46, 671.0, 452.0
47, 504.0, 413.0
48, 293.0, 421.0
49, 570.0, 389.0
50, 459.0, 408.0
51, 502.0, 322.0
52, 527.0, 299.0
53, 503.0, 301.0
54, 477.0, 240.0
55, 477.0, 293.0
56, 495.0, 292.0
57, 302.0, 435.0
58, 537.0, 249.0
59, 465.0, 422.0
60, 458.0, 384.0
61, 486.0, 312.0
62, 487.0, 272.0
63, 477.0, 252.0
64, 241.0, 374.0
65, 318.0, 457.0
66, 261.0, 363.0
67, 400.0, 374.0
68, 468.0, 432.0
69, 487.0, 292.0
70, 534.0, 405.0
71, 506.0, 400.0
72, 527.0, 249.0
73, 486.0, 323.0
74, 535.0, 299.0
75, 407.0, 363.0
76, 293.0, 429.0
77, 653.0, 453.0
78, 583.0, 461.0
79, 390.0, 397.0
80, 443.0, 465.0
81, 572.0, 462.0
82, 526.0, 469.0
83, 240.0, 394.0
84, 514.0, 365.0
85, 157.0, 175.0
86, 331.0, 468.0
87, 301.0, 414.0
88, 442.0, 342.0
89, 582.0, 412.0
90, 690.0, 432.0
91, 274.0, 384.0
92, 530.0, 374.0
93, 710.0, 443.0
94, 393.0, 453.0
95, 530.0, 435.0
96, 310.0, 443.0
97, 596.0, 416.0
98, 64.0, 252.0
99, 181.0, 158.0
100, 511.0, 301.0
101, 527.0, 279.0
102, 627.0, 444.0
103, 530.0, 450.0
104, 495.0, 312.0
105, 503.0, 291.0
106, 503.0, 261.0
107, 486.0, 261.0
108, 404.0, 443.0
109, 483.0, 463.0
110, 503.0, 311.0
111, 592.0, 447.0
112, 519.0, 290.0
113, 495.0, 302.0
114, 522.0, 369.0
115, 327.0, 444.0
116, 329.0, 455.0
117, 487.0, 240.0
118, 503.0, 251.0
119, 527.0, 260.0
120, 475.0, 394.0
121, 431.0, 465.0
122, 663.0, 459.0
123, 527.0, 309.0
124, 494.0, 339.0
125, 551.0, 406.0
126, 579.0, 444.0
127, 407.0, 349.0
128, 433.0, 342.0
129, 520.0, 431.0
130, 439.0, 423.0
131, 685.0, 470.0
132, 687.0, 459.0
133, 495.0, 271.0
134, 511.0, 322.0
135, 541.0, 360.0
136, 476.0, 324.0
137, 571.0, 448.0
138, 297.0, 450.0
139, 372.0, 386.0
140, 593.0, 434.0
141, 436.0, 388.0
142, 445.0, 443.0
143, 387.0, 432.0
144, 402.0, 399.0
145, 286.0, 435.0
146, 515.0, 281.0
147, 537.0, 397.0
148, 519.0, 250.0
149, 552.0, 427.0
150, 652.0, 179.0
151, 580.0, 426.0
152, 594.0, 462.0
153, 261.0, 175.0
154, 460.0, 439.0
155, 511.0, 250.0
156, 64.0, 178.0
157, 743.0, 445.0
158, 63.0, 265.0
159, 496.0, 402.0
160, 307.0, 426.0
161, 398.0, 125.0
162, 454.0, 421.0
163, 411.0, 323.0
164, 409.0, 198.0
165, 504.0, 468.0
166, 459.0, 319.0
167, 416.0, 83.0
168, 513.0, 411.0
169, 519.0, 300.0
170, 562.0, 396.0
171, 740.0, 392.0
172, 66.0, 33.0
173, 62.0, 241.0
174, 535.0, 321.0
175, 495.0, 323.0
176, 457.0, 351.0
177, 459.0, 338.0
178, 489.0, 452.0
179, 61.0, 191.0
180, 395.0, 106.0
181, 519.0, 260.0
182, 422.0, 388.0
183, 275.0, 393.0
184, 61.0, 217.0
185, 530.0, 167.0
186, 481.0, 417.0
187, 409.0, 453.0
188, 382.0, 351.0
189, 410.0, 132.0
190, 571.0, 415.0
191, 464.0, 378.0
192, 622.0, 438.0
193, 643.0, 451.0
194, 504.0, 363.0
195, 62.0, 312.0
196, 454.0, 461.0
197, 390.0, 375.0
198, 539.0, 449.0
199, 422.0, 427.0
200, 591.0, 405.0
201, 558.0, 465.0
202, 63.0, 278.0
203, 512.0, 260.0
204, 334.0, 176.0
205, 516.0, 239.0
206, 524.0, 239.0
207, 406.0, 423.0
208, 511.0, 291.0
209, 383.0, 381.0
210, 296.0, 175.0
211, 492.0, 380.0
212, 495.0, 239.0
213, 279.0, 404.0
214, 249.0, 388.0
215, 529.0, 461.0
216, 620.0, 423.0
217, 484.0, 364.0
218, 393.0, 82.0
219, 518.0, 321.0
220, 519.0, 453.0
221, 662.0, 445.0
222, 526.0, 198.0
223, 553.0, 25.0
224, 280.0, 175.0
225, 524.0, 223.0
226, 94.0, 165.0
227, 655.0, 162.0
228, 646.0, 202.0
229, 408.0, 187.0
230, 542.0, 388.0
231, 703.0, 458.0
232, 62.0, 335.0
233, 514.0, 311.0
234, 571.0, 437.0
235, 403.0, 432.0
236, 408.0, 294.0
237, 547.0, 397.0
238, 417.0, 415.0
239, 592.0, 352.0
240, 589.0, 471.0
241, 532.0, 156.0
242, 245.0, 383.0
243, 417.0, 459.0
244, 410.0, 225.0
245, 651.0, 443.0
246, 258.0, 397.0
247, 519.0, 310.0
248, 355.0, 402.0
249, 459.0, 452.0
250, 608.0, 435.0
251, 407.0, 159.0
252, 593.0, 425.0
253, 324.0, 465.0
254, 684.0, 39.0
255, 543.0, 425.0
256, 459.0, 397.0
257, 666.0, 421.0
258, 695.0, 470.0
259, 501.0, 375.0
260, 529.0, 389.0
261, 638.0, 240.0
262, 108.0, 419.0
263, 236.0, 387.0
264, 426.0, 397.0
265, 563.0, 432.0
266, 634.0, 434.0
267, 289.0, 408.0
268, 464.0, 392.0
269, 523.0, 321.0
270, 538.0, 469.0
271, 466.0, 338.0
272, 412.0, 114.0
273, 278.0, 371.0
274, 153.0, 149.0
275, 392.0, 150.0
276, 511.0, 349.0
277, 490.0, 371.0
278, 428.0, 373.0
279, 97.0, 177.0
280, 390.0, 174.0
281, 138.0, 176.0
282, 511.0, 239.0
283, 523.0, 441.0
284, 407.0, 99.0
285, 528.0, 180.0
286, 534.0, 138.0
287, 368.0, 375.0
288, 88.0, 133.0
289, 525.0, 211.0
290, 601.0, 471.0
291, 350.0, 175.0
292, 501.0, 384.0
293, 62.0, 362.0
294, 409.0, 146.0
295, 504.0, 239.0
296, 430.0, 447.0
297, 72.0, 63.0
298, 710.0, 428.0
299, 515.0, 462.0
300, 627.0, 296.0
301, 630.0, 279.0
302, 508.0, 433.0
303, 621.0, 464.0
304, 724.0, 437.0
305, 548.0, 54.0
306, 483.0, 379.0
307, 565.0, 412.0
308, 492.0, 427.0
309, 90.0, 145.0
310, 406.0, 210.0
311, 62.0, 299.0
312, 524.0, 397.0
313, 540.0, 101.0
314, 63.0, 289.0
315, 383.0, 390.0
316, 422.0, 441.0
317, 545.0, 459.0
318, 81.0, 104.0
319, 565.0, 471.0
320, 409.0, 241.0
321, 479.0, 434.0
322, 409.0, 261.0
323, 404.0, 168.0
324, 681.0, 53.0
325, 494.0, 359.0
326, 476.0, 428.0
327, 477.0, 360.0
328, 508.0, 109.0
329, 698.0, 427.0
330, 401.0, 392.0
331, 428.0, 359.0
332, 572.0, 360.0
333, 533.0, 425.0
334, 493.0, 461.0
335, 145.0, 466.0
336, 536.0, 458.0
337, 410.0, 280.0
338, 743.0, 413.0
339, 548.0, 259.0
340, 519.0, 381.0
341, 538.0, 425.0
342, 603.0, 433.0
343, 482.0, 388.0
344, 63.0, 11.0
345, 411.0, 309.0
346, 585.0, 401.0
347, 567.0, 308.0
348, 405.0, 386.0
349, 539.0, 106.0
350, 737.0, 455.0
351, 475.0, 381.0
352, 309.0, 470.0
353, 93.0, 157.0
354, 419.0, 17.0
355, 676.0, 83.0
356, 511.0, 390.0
357, 145.0, 139.0
358, 520.0, 280.0
359, 482.0, 272.0
360, 686.0, 27.0
361, 54.0, 83.0
362, 519.0, 398.0
363, 284.0, 399.0
364, 62.0, 231.0
365, 470.0, 383.0
366, 625.0, 431.0
367, 395.0, 8.0
368, 536.0, 126.0
369, 525.0, 426.0
370, 435.0, 448.0
371, 467.0, 365.0
372, 410.0, 269.0
373, 484.0, 444.0
374, 502.0, 281.0
375, 362.0, 385.0
376, 549.0, 48.0
377, 658.0, 427.0
378, 261.0, 356.0
379, 404.0, 175.0
380, 560.0, 404.0
381, 444.0, 349.0
382, 271.0, 377.0
383, 516.0, 350.0
384, 662.0, 137.0
385, 396.0, 387.0
386, 410.0, 246.0
387, 633.0, 266.0
388, 469.0, 450.0
389, 469.0, 388.0
390, 127.0, 359.0
391, 685.0, 33.0
392, 501.0, 229.0
393, 516.0, 389.0
394, 520.0, 270.0
395, 477.0, 370.0
396, 514.0, 422.0
397, 658.0, 152.0
398, 494.0, 466.0
399, 75.0, 79.0
400, 422.0, 197.0
401, 682.0, 452.0
402, 550.0, 43.0
403, 501.0, 401.0
404, 391.0, 387.0
405, 280.0, 154.0
406, 554.0, 20.0
407, 271.0, 398.0
408, 293.0, 439.0
409, 395.0, 381.0
410, 536.0, 380.0
411, 681.0, 437.0
412, 308.0, 182.0
413, 494.0, 471.0
414, 551.0, 309.0
415, 266.0, 395.0
416, 370.0, 381.0
417, 616.0, 431.0
418, 502.0, 271.0
419, 524.0, 216.0
420, 527.0, 185.0
421, 719.0, 435.0
422, 603.0, 425.0
423, 412.0, 418.0
424, 471.0, 39.0
425, 62.0, 204.0
426, 555.0, 15.0
427, 743.0, 418.0
428, 414.0, 387.0
429, 240.0, 382.0
430, 681.0, 421.0
431, 422.0, 463.0
432, 739.0, 435.0
433, 445.0, 13.0
434, 62.0, 294.0
435, 373.0, 365.0
436, 516.0, 471.0
437, 162.0, 263.0
438, 580.0, 421.0
439, 409.0, 215.0
440, 672.0, 101.0
441, 534.0, 143.0
442, 636.0, 446.0
443, 156.0, 262.0
444, 496.0, 139.0
445, 639.0, 235.0
446, 288.0, 175.0
447, 706.0, 417.0
448, 115.0, 176.0
449, 525.0, 409.0
450, 472.0, 370.0
451, 400.0, 308.0
452, 476.0, 376.0
453, 498.0, 449.0
454, 643.0, 437.0
455, 730.0, 469.0
456, 722.0, 470.0
457, 688.0, 15.0
458, 678.0, 67.0
459, 501.0, 457.0
460, 122.0, 359.0
461, 455.0, 279.0
462, 472.0, 365.0
463, 687.0, 20.0
464, 477.0, 365.0
465, 633.0, 271.0
466, 490.0, 155.0
467, 610.0, 182.0
468, 599.0, 247.0
469, 552.0, 36.0
470, 489.0, 363.0
471, 89.0, 138.0
472, 542.0, 87.0
473, 545.0, 69.0
474, 588.0, 33.0
475, 671.0, 106.0
476, 466.0, 181.0
477, 454.0, 395.0
478, 409.0, 236.0
479, 572.0, 307.0
480, 423.0, 378.0
481, 409.0, 220.0
482, 464.0, 319.0
483, 426.0, 321.0
484, 543.0, 376.0
485, 495.0, 371.0
486, 531.0, 161.0
487, 506.0, 386.0
488, 464.0, 373.0
489, 542.0, 402.0
490, 511.0, 79.0
491, 533.0, 148.0
492, 537.0, 121.0
493, 572.0, 397.0
494, 544.0, 76.0
495, 410.0, 119.0
496, 482.0, 292.0
497, 586.0, 15.0
498, 613.0, 425.0
499, 689.0, 10.0
