0, 117.0, 320.0
1, 84.0, 197.0
2, 468.0, 18.0
3, 561.0, 289.0
4, 459.0, 189.0
5, 426.0, 71.0
6, 401.0, 299.0
7, 181.0, 397.0
8, 61.0, 216.0
9, 483.0, 26.0
10, 507.0, 269.0
11, 71.0, 336.0
12, 89.0, 309.0
13, 564.0, 301.0
14, 108.0, 148.0
15, 429.0, 14.0
16, 88.0, 400.0
17, 501.0, 233.0
18, 71.0, 200.0
19, 470.0, 242.0
20, 81.0, 222.0
21, 428.0, 32.0
22, 408.0, 78.0
23, 100.0, 403.0
24, 638.0, 127.0
25, 57.0, 163.0
26, 503.0, 212.0
27, 146.0, 93.0
28, 440.0, 246.0
29, 413.0, 127.0
30, 46.0, 177.0
31, 72.0, 149.0
32, 88.0, 368.0
33, 509.0, 250.0
34, 408.0, 107.0
35, 437.0, 34.0
36, 86.0, 352.0
37, 261.0, 168.0
38, 74.0, 370.0
39, 29.0, 171.0
40, 499.0, 191.0
41, 128.0, 413.0
42, 176.0, 255.0
43, 314.0, 96.0
44, 474.0, 55.0
45, 147.0, 395.0
46, 477.0, 42.0
47, 34.0, 152.0
48, 184.0, 322.0
49, 445.0, 172.0
50, 596.0, 248.0
51, 450.0, 230.0
52, 374.0, 96.0
53, 410.0, 147.0
54, 357.0, 221.0
55, 418.0, 139.0
56, 565.0, 273.0
57, 366.0, 163.0
58, 452.0, 210.0
59, 700.0, 146.0
60, 61.0, 350.0
61, 272.0, 161.0
62, 429.0, 171.0
63, 41.0, 193.0
64, 443.0, 201.0
65, 395.0, 334.0
66, 9.0, 445.0
67, 481.0, 174.0
68, 113.0, 166.0
69, 37.0, 210.0
70, 416.0, 80.0
71, 182.0, 93.0
72, 11.0, 460.0
73, 493.0, 288.0
74, 642.0, 305.0
75, 198.0, 159.0
76, 390.0, 163.0
77, 75.0, 179.0
78, 30.0, 460.0
79, 454.0, 15.0
80, 404.0, 163.0
81, 59.0, 194.0
82, 292.0, 331.0
83, 62.0, 370.0
84, 407.0, 194.0
85, 172.0, 239.0
86, 210.0, 166.0
87, 446.0, 55.0
88, 70.0, 360.0
89, 554.0, 169.0
90, 337.0, 224.0
91, 434.0, 55.0
92, 456.0, 220.0
93, 427.0, 195.0
94, 479.0, 208.0
95, 638.0, 181.0
96, 730.0, 335.0
97, 143.0, 77.0
98, 379.0, 224.0
99, 17.0, 154.0
100, 146.0, 369.0
101, 586.0, 323.0
102, 435.0, 62.0
103, 131.0, 404.0
104, 498.0, 221.0
105, 527.0, 344.0
106, 227.0, 165.0
107, 725.0, 189.0
108, 440.0, 15.0
109, 430.0, 152.0
110, 634.0, 201.0
111, 479.0, 242.0
112, 708.0, 331.0
113, 653.0, 206.0
114, 439.0, 268.0
115, 49.0, 430.0
116, 28.0, 417.0
117, 467.0, 41.0
118, 128.0, 164.0
119, 268.0, 322.0
120, 341.0, 278.0
121, 409.0, 56.0
122, 29.0, 341.0
123, 438.0, 291.0
124, 707.0, 340.0
125, 406.0, 125.0
126, 108.0, 294.0
127, 714.0, 147.0
128, 517.0, 176.0
129, 99.0, 363.0
130, 84.0, 326.0
131, 692.0, 156.0
132, 722.0, 200.0
133, 575.0, 330.0
134, 613.0, 213.0
135, 164.0, 178.0
136, 505.0, 285.0
137, 289.0, 348.0
138, 110.0, 471.0
139, 460.0, 247.0
140, 28.0, 427.0
141, 313.0, 184.0
142, 45.0, 442.0
143, 452.0, 325.0
144, 335.0, 138.0
145, 630.0, 231.0
146, 18.0, 134.0
147, 667.0, 125.0
148, 287.0, 362.0
149, 514.0, 206.0
150, 274.0, 238.0
151, 594.0, 128.0
152, 548.0, 281.0
153, 164.0, 411.0
154, 35.0, 389.0
155, 388.0, 285.0
156, 62.0, 408.0
157, 342.0, 70.0
158, 421.0, 301.0
159, 131.0, 374.0
160, 378.0, 163.0
161, 618.0, 282.0
162, 142.0, 329.0
163, 61.0, 305.0
164, 342.0, 246.0
165, 663.0, 178.0
166, 402.0, 225.0
167, 149.0, 118.0
168, 437.0, 43.0
169, 150.0, 346.0
170, 719.0, 129.0
171, 173.0, 441.0
172, 111.0, 386.0
173, 606.0, 282.0
174, 488.0, 245.0
175, 259.0, 90.0
176, 203.0, 244.0
177, 425.0, 57.0
178, 380.0, 133.0
179, 275.0, 95.0
180, 691.0, 120.0
181, 431.0, 106.0
182, 163.0, 386.0
183, 112.0, 443.0
184, 464.0, 231.0
185, 136.0, 133.0
186, 164.0, 330.0
187, 327.0, 27.0
188, 360.0, 279.0
189, 481.0, 190.0
190, 123.0, 137.0
191, 414.0, 430.0
192, 81.0, 127.0
193, 112.0, 264.0
194, 153.0, 465.0
195, 313.0, 78.0
196, 74.0, 430.0
197, 685.0, 297.0
198, 718.0, 361.0
199, 503.0, 296.0
200, 173.0, 134.0
201, 422.0, 318.0
202, 453.0, 374.0
203, 85.0, 334.0
204, 11.0, 345.0
205, 325.0, 279.0
206, 449.0, 438.0
207, 635.0, 314.0
208, 17.0, 418.0
209, 421.0, 96.0
210, 620.0, 180.0
211, 140.0, 385.0
212, 191.0, 9.0
213, 314.0, 253.0
214, 51.0, 366.0
215, 377.0, 424.0
216, 50.0, 390.0
217, 391.0, 27.0
218, 45.0, 462.0
219, 667.0, 208.0
220, 32.0, 305.0
221, 296.0, 277.0
222, 105.0, 325.0
223, 406.0, 170.0
224, 385.0, 355.0
225, 246.0, 357.0
226, 664.0, 319.0
227, 203.0, 130.0
228, 108.0, 54.0
229, 95.0, 91.0
230, 118.0, 69.0
231, 114.0, 360.0
232, 679.0, 348.0
233, 547.0, 300.0
234, 572.0, 305.0
235, 243.0, 165.0
236, 677.0, 151.0
237, 361.0, 385.0
238, 142.0, 417.0
239, 656.0, 350.0
240, 305.0, 69.0
241, 429.0, 114.0
242, 41.0, 397.0
243, 578.0, 346.0
244, 140.0, 357.0
245, 610.0, 186.0
246, 349.0, 239.0
247, 649.0, 125.0
248, 675.0, 230.0
249, 553.0, 281.0
250, 61.0, 317.0
251, 624.0, 213.0
252, 198.0, 89.0
253, 545.0, 288.0
254, 356.0, 186.0
255, 393.0, 312.0
256, 294.0, 136.0
257, 410.0, 466.0
258, 64.0, 387.0
259, 429.0, 464.0
260, 666.0, 157.0
261, 380.0, 448.0
262, 129.0, 395.0
263, 740.0, 313.0
264, 389.0, 193.0
265, 182.0, 456.0
266, 605.0, 202.0
267, 420.0, 368.0
268, 128.0, 342.0
269, 438.0, 157.0
270, 138.0, 428.0
271, 191.0, 58.0
272, 135.0, 385.0
273, 93.0, 84.0
274, 117.0, 376.0
275, 77.0, 413.0
276, 144.0, 339.0
277, 373.0, 183.0
278, 110.0, 355.0
279, 125.0, 387.0
280, 255.0, 343.0
281, 718.0, 27.0
282, 211.0, 222.0
283, 394.0, 76.0
284, 20.0, 445.0
285, 260.0, 131.0
286, 312.0, 226.0
287, 423.0, 350.0
288, 91.0, 410.0
289, 44.0, 436.0
290, 420.0, 310.0
291, 426.0, 301.0
292, 115.0, 344.0
293, 533.0, 271.0
294, 414.0, 106.0
295, 653.0, 178.0
296, 316.0, 137.0
297, 13.0, 253.0
298, 132.0, 223.0
299, 436.0, 470.0
300, 162.0, 141.0
301, 92.0, 265.0
302, 351.0, 143.0
303, 370.0, 253.0
304, 128.0, 367.0
305, 599.0, 270.0
306, 351.0, 264.0
307, 665.0, 328.0
308, 98.0, 160.0
309, 243.0, 233.0
310, 98.0, 125.0
311, 123.0, 328.0
312, 414.0, 92.0
313, 645.0, 255.0
314, 158.0, 240.0
315, 421.0, 91.0
316, 647.0, 328.0
317, 123.0, 28.0
318, 125.0, 379.0
319, 380.0, 371.0
320, 275.0, 258.0
321, 112.0, 339.0
322, 212.0, 181.0
323, 132.0, 423.0
324, 604.0, 295.0
325, 81.0, 345.0
326, 304.0, 267.0
327, 579.0, 322.0
328, 45.0, 323.0
329, 211.0, 59.0
330, 636.0, 167.0
331, 420.0, 117.0
332, 354.0, 171.0
333, 394.0, 148.0
334, 410.0, 136.0
335, 545.0, 293.0
336, 227.0, 145.0
337, 65.0, 392.0
338, 415.0, 353.0
339, 680.0, 122.0
340, 413.0, 362.0
341, 503.0, 291.0
342, 259.0, 336.0
343, 160.0, 467.0
344, 206.0, 76.0
345, 374.0, 447.0
346, 118.0, 397.0
347, 436.0, 300.0
348, 190.0, 270.0
349, 68.0, 137.0
350, 589.0, 212.0
351, 617.0, 128.0
352, 284.0, 389.0
353, 352.0, 232.0
354, 194.0, 105.0
355, 617.0, 313.0
356, 96.0, 325.0
357, 396.0, 130.0
358, 93.0, 346.0
359, 160.0, 103.0
360, 58.0, 395.0
361, 626.0, 312.0
362, 40.0, 321.0
363, 316.0, 120.0
364, 291.0, 81.0
365, 459.0, 238.0
366, 133.0, 327.0
367, 605.0, 245.0
368, 364.0, 205.0
369, 259.0, 60.0
370, 69.0, 352.0
371, 79.0, 359.0
372, 663.0, 388.0
373, 50.0, 371.0
374, 236.0, 350.0
375, 92.0, 69.0
376, 480.0, 220.0
377, 584.0, 330.0
378, 610.0, 263.0
379, 362.0, 373.0
380, 206.0, 16.0
381, 437.0, 171.0
382, 637.0, 326.0
383, 226.0, 75.0
384, 579.0, 257.0
385, 308.0, 144.0
386, 301.0, 105.0
387, 208.0, 271.0
388, 304.0, 23.0
389, 23.0, 258.0
390, 480.0, 231.0
391, 743.0, 128.0
392, 232.0, 378.0
393, 142.0, 24.0
394, 159.0, 399.0
395, 287.0, 292.0
396, 30.0, 134.0
397, 599.0, 236.0
398, 652.0, 231.0
399, 79.0, 401.0
400, 595.0, 312.0
401, 611.0, 172.0
402, 369.0, 194.0
403, 62.0, 359.0
404, 113.0, 392.0
405, 94.0, 387.0
406, 102.0, 134.0
407, 201.0, 44.0
408, 355.0, 338.0
409, 152.0, 133.0
410, 618.0, 232.0
411, 102.0, 369.0
412, 206.0, 100.0
413, 56.0, 420.0
414, 178.0, 70.0
415, 145.0, 172.0
416, 178.0, 442.0
417, 108.0, 333.0
418, 289.0, 15.0
419, 332.0, 77.0
420, 160.0, 360.0
421, 398.0, 307.0
422, 259.0, 181.0
423, 245.0, 261.0
424, 298.0, 186.0
425, 375.0, 206.0
426, 608.0, 273.0
427, 246.0, 273.0
428, 100.0, 214.0
429, 435.0, 152.0
430, 677.0, 139.0
431, 679.0, 329.0
432, 282.0, 411.0
433, 373.0, 87.0
434, 350.0, 382.0
435, 689.0, 306.0
436, 735.0, 151.0
437, 107.0, 264.0
438, 244.0, 246.0
439, 71.0, 28.0
440, 658.0, 123.0
441, 431.0, 299.0
442, 622.0, 166.0
443, 554.0, 156.0
444, 124.0, 217.0
445, 157.0, 177.0
446, 732.0, 305.0
447, 41.0, 336.0
448, 257.0, 16.0
449, 393.0, 307.0
450, 224.0, 234.0
451, 645.0, 216.0
452, 423.0, 323.0
453, 172.0, 405.0
454, 633.0, 259.0
455, 247.0, 8.0
456, 129.0, 108.0
457, 360.0, 8.0
458, 389.0, 188.0
459, 394.0, 102.0
460, 84.0, 362.0
461, 366.0, 342.0
462, 373.0, 69.0
463, 106.0, 11.0
464, 394.0, 90.0
465, 24.0, 322.0
466, 207.0, 181.0
467, 223.0, 111.0
468, 227.0, 386.0
469, 388.0, 135.0
470, 320.0, 245.0
471, 724.0, 345.0
472, 325.0, 286.0
473, 238.0, 145.0
474, 192.0, 80.0
475, 317.0, 205.0
476, 256.0, 160.0
477, 93.0, 11.0
478, 608.0, 128.0
479, 724.0, 194.0
480, 358.0, 303.0
481, 109.0, 366.0
482, 511.0, 232.0
483, 586.0, 307.0
484, 68.0, 428.0
485, 440.0, 221.0
486, 159.0, 120.0
487, 96.0, 293.0
488, 411.0, 471.0
489, 215.0, 108.0
490, 251.0, 99.0
491, 622.0, 128.0
492, 377.0, 419.0
493, 116.0, 350.0
494, 440.0, 10.0
495, 255.0, 241.0
496, 326.0, 238.0
497, 280.0, 434.0
498, 684.0, 352.0
499, 260.0, 221.0
