0, 304.0, 8.0
1, 402.0, 8.0
2, 652.0, 8.0
3, 623.0, 10.0
4, 651.0, 16.0
5, 402.0, 18.0
6, 305.0, 21.0
7, 650.0, 21.0
8, 403.0, 24.0
9, 306.0, 26.0
10, 649.0, 28.0
11, 403.0, 30.0
12, 306.0, 31.0
13, 607.0, 31.0
14, 307.0, 41.0
15, 496.0, 43.0
16, 21.0, 46.0
17, 404.0, 47.0
18, 605.0, 48.0
19, 247.0, 50.0
20, 278.0, 51.0
21, 283.0, 52.0
22, 610.0, 56.0
23, 405.0, 59.0
24, 617.0, 59.0
25, 191.0, 60.0
26, 603.0, 60.0
27, 647.0, 61.0
28, 710.0, 61.0
29, 404.0, 64.0
30, 658.0, 65.0
31, 309.0, 69.0
32, 405.0, 69.0
33, 707.0, 76.0
34, 276.0, 77.0
35, 684.0, 79.0
36, 310.0, 83.0
37, 729.0, 84.0
38, 195.0, 86.0
39, 180.0, 94.0
40, 692.0, 94.0
41, 405.0, 95.0
42, 311.0, 98.0
43, 710.0, 98.0
44, 743.0, 99.0
45, 196.0, 102.0
46, 183.0, 104.0
47, 312.0, 104.0
48, 405.0, 111.0
49, 694.0, 113.0
50, 197.0, 114.0
51, 717.0, 114.0
52, 184.0, 116.0
53, 313.0, 116.0
54, 405.0, 117.0
55, 729.0, 120.0
56, 313.0, 122.0
57, 406.0, 124.0
58, 183.0, 128.0
59, 377.0, 129.0
60, 680.0, 130.0
61, 314.0, 134.0
62, 707.0, 135.0
63, 191.0, 138.0
64, 199.0, 138.0
65, 186.0, 139.0
66, 406.0, 141.0
67, 730.0, 142.0
68, 130.0, 145.0
69, 316.0, 145.0
70, 86.0, 149.0
71, 68.0, 150.0
72, 316.0, 150.0
73, 205.0, 151.0
74, 45.0, 153.0
75, 632.0, 155.0
76, 643.0, 156.0
77, 224.0, 158.0
78, 317.0, 160.0
79, 207.0, 162.0
80, 317.0, 165.0
81, 206.0, 167.0
82, 409.0, 167.0
83, 641.0, 169.0
84, 473.0, 170.0
85, 319.0, 171.0
86, 493.0, 171.0
87, 629.0, 171.0
88, 209.0, 172.0
89, 634.0, 174.0
90, 210.0, 179.0
91, 329.0, 179.0
92, 588.0, 180.0
93, 321.0, 181.0
94, 316.0, 182.0
95, 309.0, 183.0
96, 211.0, 184.0
97, 296.0, 185.0
98, 301.0, 185.0
99, 673.0, 185.0
100, 725.0, 185.0
101, 288.0, 187.0
102, 280.0, 188.0
103, 743.0, 188.0
104, 212.0, 189.0
105, 331.0, 189.0
106, 323.0, 190.0
107, 317.0, 191.0
108, 311.0, 192.0
109, 352.0, 192.0
110, 437.0, 192.0
111, 300.0, 194.0
112, 455.0, 194.0
113, 295.0, 196.0
114, 632.0, 196.0
115, 290.0, 197.0
116, 309.0, 197.0
117, 214.0, 198.0
118, 281.0, 198.0
119, 324.0, 198.0
120, 314.0, 199.0
121, 319.0, 199.0
122, 333.0, 200.0
123, 308.0, 202.0
124, 324.0, 203.0
125, 298.0, 204.0
126, 303.0, 204.0
127, 291.0, 205.0
128, 283.0, 207.0
129, 319.0, 207.0
130, 314.0, 208.0
131, 743.0, 209.0
132, 306.0, 211.0
133, 216.0, 212.0
134, 300.0, 213.0
135, 293.0, 214.0
136, 285.0, 215.0
137, 285.0, 221.0
138, 219.0, 223.0
139, 264.0, 230.0
140, 251.0, 237.0
141, 246.0, 238.0
142, 217.0, 239.0
143, 300.0, 240.0
144, 223.0, 248.0
145, 211.0, 253.0
146, 231.0, 258.0
147, 598.0, 271.0
148, 288.0, 275.0
149, 305.0, 283.0
150, 138.0, 284.0
151, 317.0, 286.0
152, 141.0, 292.0
153, 89.0, 302.0
154, 66.0, 311.0
155, 582.0, 313.0
156, 194.0, 326.0
157, 280.0, 330.0
158, 199.0, 337.0
159, 14.0, 353.0
160, 640.0, 355.0
161, 679.0, 364.0
162, 668.0, 385.0
163, 699.0, 391.0
164, 140.0, 398.0
165, 673.0, 399.0
166, 442.0, 406.0
167, 711.0, 412.0
168, 154.0, 413.0
169, 355.0, 431.0
170, 680.0, 437.0
171, 602.0, 439.0
172, 111.0, 443.0
173, 598.0, 457.0
174, 519.0, 459.0
175, 627.0, 469.0
