0, 68.0, 8.0
1, 127.0, 8.0
2, 90.0, 10.0
3, 101.0, 12.0
4, 112.0, 13.0
5, 130.0, 14.0
6, 237.0, 18.0
7, 52.0, 21.0
8, 500.0, 24.0
9, 292.0, 28.0
10, 19.0, 29.0
11, 351.0, 29.0
12, 103.0, 31.0
13, 238.0, 34.0
14, 351.0, 34.0
15, 104.0, 36.0
16, 75.0, 40.0
17, 29.0, 41.0
18, 133.0, 45.0
19, 327.0, 45.0
20, 276.0, 48.0
21, 134.0, 50.0
22, 327.0, 50.0
23, 247.0, 52.0
24, 23.0, 53.0
25, 283.0, 55.0
26, 351.0, 56.0
27, 118.0, 57.0
28, 25.0, 58.0
29, 39.0, 60.0
30, 60.0, 63.0
31, 435.0, 66.0
32, 240.0, 68.0
33, 326.0, 69.0
34, 277.0, 71.0
35, 631.0, 71.0
36, 326.0, 74.0
37, 351.0, 74.0
38, 28.0, 81.0
39, 457.0, 82.0
40, 544.0, 84.0
41, 99.0, 85.0
42, 217.0, 87.0
43, 229.0, 88.0
44, 84.0, 90.0
45, 45.0, 91.0
46, 245.0, 91.0
47, 298.0, 93.0
48, 468.0, 94.0
49, 140.0, 96.0
50, 423.0, 97.0
51, 326.0, 98.0
52, 351.0, 98.0
53, 259.0, 101.0
54, 540.0, 101.0
55, 350.0, 103.0
56, 327.0, 106.0
57, 455.0, 107.0
58, 103.0, 110.0
59, 245.0, 113.0
60, 350.0, 114.0
61, 537.0, 114.0
62, 142.0, 115.0
63, 327.0, 117.0
64, 105.0, 118.0
65, 453.0, 118.0
66, 19.0, 119.0
67, 63.0, 119.0
68, 350.0, 121.0
69, 741.0, 121.0
70, 318.0, 122.0
71, 233.0, 126.0
72, 239.0, 126.0
73, 245.0, 126.0
74, 327.0, 126.0
75, 350.0, 126.0
76, 327.0, 131.0
77, 612.0, 136.0
78, 451.0, 137.0
79, 328.0, 138.0
80, 263.0, 140.0
81, 246.0, 141.0
82, 531.0, 142.0
83, 412.0, 145.0
84, 328.0, 148.0
85, 349.0, 149.0
86, 249.0, 150.0
87, 349.0, 154.0
88, 411.0, 155.0
89, 449.0, 155.0
90, 329.0, 156.0
91, 64.0, 157.0
92, 81.0, 159.0
93, 349.0, 160.0
94, 449.0, 160.0
95, 738.0, 160.0
96, 526.0, 161.0
97, 329.0, 163.0
98, 249.0, 164.0
99, 449.0, 165.0
100, 349.0, 167.0
101, 234.0, 168.0
102, 330.0, 168.0
103, 73.0, 169.0
104, 151.0, 172.0
105, 348.0, 172.0
106, 696.0, 174.0
107, 251.0, 175.0
108, 522.0, 175.0
109, 447.0, 177.0
110, 331.0, 178.0
111, 726.0, 178.0
112, 693.0, 179.0
113, 91.0, 180.0
114, 244.0, 180.0
115, 77.0, 181.0
116, 67.0, 183.0
117, 263.0, 183.0
118, 519.0, 183.0
119, 532.0, 183.0
120, 692.0, 184.0
121, 152.0, 185.0
122, 428.0, 188.0
123, 78.0, 189.0
124, 347.0, 190.0
125, 447.0, 190.0
126, 531.0, 190.0
127, 253.0, 191.0
128, 461.0, 193.0
129, 241.0, 194.0
130, 334.0, 194.0
131, 474.0, 194.0
132, 236.0, 195.0
133, 720.0, 195.0
134, 343.0, 196.0
135, 423.0, 196.0
136, 725.0, 196.0
137, 319.0, 198.0
138, 494.0, 198.0
139, 177.0, 199.0
140, 96.0, 200.0
141, 164.0, 200.0
142, 209.0, 200.0
143, 335.0, 200.0
144, 154.0, 201.0
145, 346.0, 203.0
146, 514.0, 203.0
147, 617.0, 204.0
148, 527.0, 205.0
149, 248.0, 207.0
150, 698.0, 211.0
151, 9.0, 212.0
152, 419.0, 213.0
153, 155.0, 214.0
154, 97.0, 215.0
155, 245.0, 215.0
156, 587.0, 216.0
157, 137.0, 219.0
158, 248.0, 220.0
159, 63.0, 221.0
160, 611.0, 222.0
161, 342.0, 224.0
162, 115.0, 225.0
163, 629.0, 225.0
164, 18.0, 230.0
165, 416.0, 230.0
166, 261.0, 234.0
167, 676.0, 234.0
168, 66.0, 237.0
169, 342.0, 239.0
170, 699.0, 239.0
171, 41.0, 244.0
172, 730.0, 244.0
173, 413.0, 247.0
174, 21.0, 248.0
175, 411.0, 253.0
176, 343.0, 255.0
177, 255.0, 256.0
178, 410.0, 259.0
179, 475.0, 266.0
180, 408.0, 267.0
181, 346.0, 280.0
182, 405.0, 282.0
183, 364.0, 286.0
184, 348.0, 295.0
185, 360.0, 296.0
186, 401.0, 298.0
187, 264.0, 304.0
188, 310.0, 307.0
189, 397.0, 317.0
190, 313.0, 322.0
191, 272.0, 330.0
192, 439.0, 335.0
193, 273.0, 340.0
194, 293.0, 344.0
195, 322.0, 346.0
196, 271.0, 350.0
197, 456.0, 374.0
198, 432.0, 375.0
199, 552.0, 379.0
200, 552.0, 387.0
201, 532.0, 389.0
202, 331.0, 390.0
203, 533.0, 394.0
204, 557.0, 398.0
205, 537.0, 399.0
206, 567.0, 399.0
207, 529.0, 400.0
208, 563.0, 404.0
209, 542.0, 405.0
210, 554.0, 409.0
211, 567.0, 413.0
212, 358.0, 418.0
213, 552.0, 418.0
214, 561.0, 418.0
215, 280.0, 422.0
216, 436.0, 424.0
217, 465.0, 424.0
218, 566.0, 424.0
219, 743.0, 427.0
220, 582.0, 432.0
221, 574.0, 433.0
222, 407.0, 437.0
223, 564.0, 438.0
224, 645.0, 438.0
225, 696.0, 439.0
226, 400.0, 440.0
227, 412.0, 440.0
228, 417.0, 440.0
229, 701.0, 441.0
230, 576.0, 445.0
231, 672.0, 446.0
232, 167.0, 448.0
233, 408.0, 448.0
234, 684.0, 450.0
235, 731.0, 452.0
236, 580.0, 455.0
237, 698.0, 455.0
238, 436.0, 456.0
239, 598.0, 456.0
240, 678.0, 457.0
241, 400.0, 458.0
242, 374.0, 461.0
243, 414.0, 461.0
244, 403.0, 463.0
245, 671.0, 464.0
246, 428.0, 466.0
247, 584.0, 467.0
248, 589.0, 467.0
249, 730.0, 467.0
250, 392.0, 468.0
251, 397.0, 469.0
252, 607.0, 470.0
253, 417.0, 471.0
254, 683.0, 471.0
255, 696.0, 471.0
256, 706.0, 471.0
