0, 180.0, 418.0
1, 129.0, 451.0
2, 90.0, 370.0
3, 145.0, 458.0
4, 104.0, 421.0
5, 261.0, 21.0
6, 295.0, 235.0
7, 193.0, 399.0
8, 672.0, 351.0
9, 100.0, 363.0
10, 137.0, 470.0
11, 311.0, 188.0
12, 36.0, 436.0
13, 297.0, 221.0
14, 265.0, 265.0
15, 182.0, 441.0
16, 303.0, 228.0
17, 61.0, 197.0
18, 260.0, 278.0
19, 58.0, 347.0
20, 147.0, 441.0
21, 444.0, 319.0
22, 238.0, 363.0
23, 80.0, 448.0
24, 309.0, 218.0
25, 451.0, 91.0
26, 212.0, 432.0
27, 50.0, 354.0
28, 616.0, 25.0
29, 160.0, 403.0
30, 298.0, 182.0
31, 96.0, 434.0
32, 145.0, 330.0
33, 78.0, 435.0
34, 287.0, 21.0
35, 539.0, 156.0
36, 151.0, 429.0
37, 645.0, 88.0
38, 77.0, 387.0
39, 675.0, 336.0
40, 152.0, 464.0
41, 96.0, 346.0
42, 164.0, 441.0
43, 262.0, 352.0
44, 139.0, 374.0
45, 85.0, 429.0
46, 104.0, 351.0
47, 118.0, 433.0
48, 481.0, 100.0
49, 328.0, 196.0
50, 119.0, 422.0
51, 351.0, 336.0
52, 130.0, 429.0
53, 160.0, 471.0
54, 157.0, 454.0
55, 142.0, 303.0
56, 166.0, 422.0
57, 526.0, 289.0
58, 141.0, 416.0
59, 357.0, 116.0
60, 68.0, 361.0
61, 643.0, 106.0
62, 328.0, 216.0
63, 131.0, 460.0
64, 381.0, 248.0
65, 114.0, 354.0
66, 56.0, 414.0
67, 311.0, 175.0
68, 170.0, 436.0
69, 260.0, 142.0
70, 180.0, 410.0
71, 390.0, 268.0
72, 156.0, 300.0
73, 287.0, 46.0
74, 622.0, 301.0
75, 234.0, 410.0
76, 224.0, 91.0
77, 540.0, 294.0
78, 302.0, 248.0
79, 86.0, 188.0
80, 184.0, 450.0
81, 329.0, 120.0
82, 581.0, 97.0
83, 576.0, 170.0
84, 52.0, 306.0
85, 671.0, 51.0
86, 553.0, 283.0
87, 40.0, 405.0
88, 388.0, 291.0
89, 458.0, 307.0
90, 238.0, 352.0
91, 376.0, 25.0
92, 104.0, 453.0
93, 305.0, 198.0
94, 614.0, 39.0
95, 463.0, 319.0
96, 300.0, 208.0
97, 560.0, 49.0
98, 49.0, 211.0
99, 701.0, 345.0
100, 250.0, 362.0
101, 165.0, 415.0
102, 127.0, 418.0
103, 206.0, 334.0
104, 49.0, 441.0
105, 284.0, 113.0
106, 223.0, 76.0
107, 214.0, 458.0
108, 296.0, 198.0
109, 113.0, 378.0
110, 123.0, 326.0
111, 572.0, 310.0
112, 273.0, 278.0
113, 382.0, 145.0
114, 289.0, 76.0
115, 262.0, 75.0
116, 551.0, 448.0
117, 180.0, 432.0
118, 62.0, 375.0
119, 351.0, 252.0
120, 565.0, 161.0
121, 45.0, 190.0
122, 690.0, 325.0
123, 560.0, 135.0
124, 175.0, 393.0
125, 541.0, 442.0
126, 320.0, 167.0
127, 286.0, 178.0
128, 351.0, 354.0
129, 225.0, 108.0
130, 9.0, 438.0
131, 102.0, 464.0
132, 308.0, 263.0
133, 277.0, 28.0
134, 116.0, 338.0
135, 90.0, 469.0
136, 135.0, 197.0
137, 13.0, 380.0
138, 19.0, 437.0
139, 667.0, 13.0
140, 170.0, 467.0
141, 152.0, 447.0
142, 125.0, 398.0
143, 329.0, 129.0
144, 610.0, 300.0
145, 205.0, 427.0
146, 668.0, 299.0
147, 565.0, 280.0
148, 175.0, 367.0
149, 683.0, 357.0
150, 646.0, 299.0
151, 440.0, 451.0
152, 66.0, 422.0
153, 163.0, 393.0
154, 142.0, 353.0
155, 286.0, 265.0
156, 580.0, 283.0
157, 18.0, 418.0
158, 397.0, 144.0
159, 163.0, 143.0
160, 496.0, 178.0
161, 595.0, 211.0
162, 227.0, 143.0
163, 82.0, 420.0
164, 396.0, 97.0
165, 262.0, 51.0
166, 49.0, 431.0
167, 285.0, 148.0
168, 406.0, 279.0
169, 73.0, 191.0
170, 741.0, 326.0
171, 247.0, 352.0
172, 41.0, 388.0
173, 570.0, 330.0
174, 474.0, 198.0
175, 197.0, 431.0
176, 166.0, 129.0
177, 169.0, 199.0
178, 221.0, 411.0
179, 694.0, 276.0
180, 153.0, 70.0
181, 67.0, 283.0
182, 273.0, 362.0
183, 728.0, 195.0
184, 527.0, 234.0
185, 676.0, 322.0
186, 243.0, 371.0
187, 319.0, 176.0
188, 453.0, 80.0
189, 209.0, 362.0
190, 180.0, 277.0
191, 160.0, 105.0
192, 723.0, 209.0
193, 28.0, 345.0
194, 665.0, 237.0
195, 56.0, 367.0
196, 544.0, 332.0
197, 562.0, 292.0
198, 621.0, 99.0
199, 238.0, 267.0
200, 589.0, 179.0
201, 623.0, 291.0
202, 392.0, 208.0
203, 484.0, 81.0
204, 271.0, 357.0
205, 520.0, 49.0
206, 515.0, 289.0
207, 38.0, 186.0
208, 610.0, 50.0
209, 89.0, 437.0
210, 656.0, 167.0
211, 533.0, 381.0
212, 216.0, 401.0
213, 470.0, 369.0
214, 679.0, 28.0
215, 532.0, 470.0
216, 690.0, 158.0
217, 450.0, 106.0
218, 260.0, 151.0
219, 557.0, 197.0
220, 195.0, 440.0
221, 572.0, 137.0
222, 215.0, 396.0
223, 316.0, 314.0
224, 429.0, 456.0
225, 600.0, 55.0
226, 677.0, 408.0
227, 404.0, 396.0
228, 69.0, 433.0
229, 21.0, 138.0
230, 227.0, 132.0
231, 723.0, 287.0
232, 205.0, 464.0
233, 506.0, 428.0
234, 605.0, 157.0
235, 687.0, 428.0
236, 198.0, 152.0
237, 614.0, 123.0
238, 189.0, 410.0
239, 207.0, 351.0
240, 639.0, 53.0
241, 493.0, 47.0
242, 441.0, 347.0
243, 526.0, 330.0
244, 134.0, 365.0
245, 649.0, 71.0
246, 171.0, 400.0
247, 380.0, 348.0
248, 311.0, 240.0
249, 232.0, 331.0
250, 583.0, 306.0
251, 204.0, 386.0
252, 140.0, 448.0
253, 372.0, 102.0
254, 599.0, 399.0
255, 571.0, 380.0
256, 505.0, 277.0
257, 343.0, 324.0
258, 457.0, 248.0
259, 597.0, 319.0
260, 714.0, 262.0
261, 621.0, 192.0
262, 703.0, 314.0
263, 188.0, 430.0
264, 733.0, 160.0
265, 608.0, 310.0
266, 509.0, 416.0
267, 479.0, 368.0
268, 79.0, 368.0
269, 169.0, 204.0
270, 506.0, 199.0
271, 606.0, 239.0
272, 704.0, 328.0
273, 278.0, 62.0
274, 20.0, 384.0
275, 545.0, 203.0
276, 602.0, 254.0
277, 300.0, 26.0
278, 622.0, 313.0
279, 103.0, 196.0
280, 78.0, 210.0
281, 696.0, 90.0
282, 194.0, 422.0
283, 670.0, 180.0
284, 226.0, 452.0
285, 735.0, 173.0
286, 632.0, 152.0
287, 209.0, 409.0
288, 659.0, 69.0
289, 136.0, 442.0
290, 587.0, 382.0
291, 275.0, 351.0
292, 477.0, 439.0
293, 224.0, 363.0
294, 172.0, 454.0
295, 551.0, 223.0
296, 614.0, 233.0
297, 423.0, 93.0
298, 648.0, 333.0
299, 584.0, 171.0
300, 621.0, 8.0
301, 709.0, 244.0
302, 169.0, 371.0
303, 662.0, 36.0
304, 595.0, 121.0
305, 175.0, 426.0
306, 708.0, 252.0
307, 549.0, 305.0
308, 448.0, 369.0
309, 655.0, 107.0
310, 267.0, 31.0
311, 627.0, 366.0
312, 209.0, 357.0
313, 214.0, 391.0
314, 397.0, 84.0
315, 27.0, 439.0
316, 224.0, 443.0
317, 59.0, 390.0
318, 175.0, 353.0
319, 575.0, 120.0
320, 514.0, 335.0
321, 354.0, 173.0
322, 58.0, 403.0
323, 645.0, 200.0
324, 389.0, 165.0
325, 160.0, 81.0
326, 707.0, 75.0
327, 97.0, 191.0
328, 75.0, 470.0
329, 223.0, 434.0
330, 575.0, 363.0
331, 116.0, 412.0
332, 423.0, 296.0
333, 333.0, 321.0
334, 168.0, 182.0
335, 287.0, 335.0
336, 464.0, 164.0
337, 670.0, 364.0
338, 400.0, 20.0
339, 204.0, 400.0
340, 651.0, 211.0
341, 603.0, 40.0
342, 721.0, 224.0
343, 306.0, 238.0
344, 492.0, 371.0
345, 684.0, 102.0
346, 191.0, 390.0
347, 249.0, 416.0
348, 666.0, 209.0
349, 221.0, 426.0
350, 167.0, 346.0
351, 21.0, 413.0
352, 192.0, 227.0
353, 497.0, 406.0
354, 270.0, 51.0
355, 627.0, 166.0
356, 619.0, 206.0
357, 154.0, 364.0
358, 419.0, 389.0
359, 196.0, 352.0
360, 214.0, 352.0
361, 471.0, 161.0
362, 392.0, 234.0
363, 225.0, 352.0
364, 395.0, 362.0
365, 84.0, 379.0
366, 563.0, 84.0
367, 109.0, 429.0
368, 583.0, 394.0
369, 204.0, 444.0
370, 663.0, 148.0
371, 592.0, 49.0
372, 68.0, 211.0
373, 648.0, 289.0
374, 262.0, 35.0
375, 175.0, 445.0
376, 311.0, 311.0
377, 525.0, 338.0
378, 542.0, 284.0
379, 83.0, 210.0
380, 589.0, 255.0
381, 196.0, 453.0
382, 674.0, 167.0
383, 592.0, 96.0
384, 198.0, 407.0
385, 434.0, 470.0
386, 627.0, 337.0
387, 358.0, 80.0
388, 506.0, 255.0
389, 564.0, 339.0
390, 263.0, 362.0
391, 656.0, 179.0
392, 565.0, 181.0
393, 662.0, 46.0
394, 423.0, 444.0
395, 533.0, 436.0
396, 587.0, 127.0
397, 166.0, 325.0
398, 693.0, 54.0
399, 60.0, 396.0
400, 68.0, 445.0
401, 303.0, 168.0
402, 389.0, 438.0
403, 420.0, 113.0
404, 355.0, 135.0
405, 522.0, 377.0
406, 54.0, 431.0
407, 648.0, 246.0
408, 545.0, 126.0
409, 63.0, 471.0
410, 287.0, 63.0
411, 276.0, 357.0
412, 367.0, 400.0
413, 629.0, 229.0
414, 230.0, 471.0
415, 716.0, 230.0
416, 640.0, 283.0
417, 161.0, 89.0
418, 447.0, 275.0
419, 195.0, 461.0
420, 91.0, 358.0
421, 394.0, 184.0
422, 601.0, 137.0
423, 216.0, 415.0
424, 563.0, 242.0
425, 99.0, 279.0
426, 360.0, 139.0
427, 266.0, 300.0
428, 416.0, 91.0
429, 478.0, 56.0
430, 682.0, 199.0
431, 397.0, 60.0
432, 461.0, 211.0
433, 477.0, 314.0
434, 363.0, 392.0
435, 694.0, 409.0
436, 510.0, 66.0
437, 531.0, 245.0
438, 579.0, 108.0
439, 664.0, 200.0
440, 167.0, 177.0
441, 403.0, 429.0
442, 636.0, 128.0
443, 157.0, 429.0
444, 487.0, 377.0
445, 337.0, 221.0
446, 524.0, 30.0
447, 164.0, 461.0
448, 56.0, 338.0
449, 502.0, 446.0
450, 661.0, 421.0
451, 677.0, 215.0
452, 348.0, 366.0
453, 365.0, 40.0
454, 634.0, 373.0
455, 588.0, 61.0
456, 632.0, 305.0
457, 494.0, 16.0
458, 461.0, 197.0
459, 358.0, 205.0
460, 640.0, 390.0
461, 529.0, 321.0
462, 701.0, 393.0
463, 662.0, 251.0
464, 364.0, 254.0
465, 533.0, 180.0
466, 569.0, 56.0
467, 562.0, 439.0
468, 288.0, 82.0
469, 245.0, 340.0
470, 500.0, 386.0
471, 689.0, 341.0
472, 288.0, 270.0
473, 522.0, 308.0
474, 493.0, 448.0
475, 739.0, 247.0
476, 558.0, 268.0
477, 200.0, 416.0
478, 504.0, 12.0
479, 655.0, 267.0
480, 146.0, 422.0
481, 139.0, 365.0
482, 77.0, 422.0
483, 690.0, 13.0
484, 128.0, 275.0
485, 189.0, 415.0
486, 625.0, 185.0
487, 681.0, 392.0
488, 8.0, 95.0
489, 715.0, 15.0
490, 600.0, 291.0
491, 22.0, 144.0
492, 535.0, 326.0
493, 213.0, 383.0
494, 402.0, 310.0
495, 59.0, 447.0
496, 344.0, 111.0
497, 277.0, 44.0
498, 540.0, 303.0
499, 109.0, 208.0
