0, 354.0, 8.0
1, 203.0, 10.0
2, 532.0, 10.0
3, 657.0, 10.0
4, 218.0, 11.0
5, 265.0, 12.0
6, 674.0, 12.0
7, 412.0, 16.0
8, 657.0, 16.0
9, 650.0, 24.0
10, 48.0, 25.0
11, 76.0, 25.0
12, 59.0, 26.0
13, 672.0, 27.0
14, 92.0, 30.0
15, 121.0, 31.0
16, 300.0, 34.0
17, 222.0, 35.0
18, 649.0, 35.0
19, 212.0, 36.0
20, 424.0, 41.0
21, 266.0, 42.0
22, 354.0, 42.0
23, 223.0, 46.0
24, 52.0, 47.0
25, 63.0, 48.0
26, 233.0, 48.0
27, 285.0, 48.0
28, 372.0, 48.0
29, 414.0, 49.0
30, 354.0, 50.0
31, 424.0, 50.0
32, 308.0, 52.0
33, 117.0, 53.0
34, 337.0, 56.0
35, 354.0, 56.0
36, 423.0, 58.0
37, 184.0, 59.0
38, 117.0, 61.0
39, 373.0, 62.0
40, 103.0, 63.0
41, 268.0, 63.0
42, 354.0, 65.0
43, 133.0, 71.0
44, 197.0, 74.0
45, 387.0, 76.0
46, 406.0, 76.0
47, 176.0, 77.0
48, 269.0, 77.0
49, 374.0, 77.0
50, 323.0, 79.0
51, 286.0, 82.0
52, 423.0, 82.0
53, 354.0, 88.0
54, 423.0, 88.0
55, 32.0, 91.0
56, 138.0, 92.0
57, 423.0, 93.0
58, 254.0, 95.0
59, 354.0, 97.0
60, 271.0, 100.0
61, 373.0, 101.0
62, 345.0, 102.0
63, 423.0, 107.0
64, 354.0, 108.0
65, 524.0, 108.0
66, 271.0, 110.0
67, 287.0, 111.0
68, 213.0, 113.0
69, 355.0, 113.0
70, 232.0, 115.0
71, 272.0, 115.0
72, 625.0, 117.0
73, 214.0, 118.0
74, 355.0, 123.0
75, 373.0, 124.0
76, 394.0, 125.0
77, 423.0, 125.0
78, 273.0, 126.0
79, 355.0, 128.0
80, 624.0, 131.0
81, 111.0, 132.0
82, 273.0, 133.0
83, 422.0, 133.0
84, 136.0, 134.0
85, 356.0, 138.0
86, 266.0, 139.0
87, 457.0, 139.0
88, 373.0, 140.0
89, 634.0, 141.0
90, 675.0, 141.0
91, 236.0, 143.0
92, 260.0, 143.0
93, 217.0, 144.0
94, 275.0, 145.0
95, 357.0, 145.0
96, 421.0, 145.0
97, 373.0, 147.0
98, 166.0, 148.0
99, 183.0, 148.0
100, 189.0, 148.0
101, 139.0, 150.0
102, 149.0, 150.0
103, 154.0, 150.0
104, 672.0, 151.0
105, 95.0, 152.0
106, 405.0, 152.0
107, 78.0, 153.0
108, 108.0, 153.0
109, 72.0, 154.0
110, 83.0, 154.0
111, 88.0, 154.0
112, 465.0, 154.0
113, 56.0, 155.0
114, 421.0, 155.0
115, 565.0, 155.0
116, 670.0, 156.0
117, 275.0, 157.0
118, 426.0, 157.0
119, 28.0, 158.0
120, 262.0, 158.0
121, 23.0, 159.0
122, 37.0, 159.0
123, 371.0, 159.0
124, 438.0, 159.0
125, 519.0, 159.0
126, 358.0, 160.0
127, 401.0, 160.0
128, 669.0, 161.0
129, 507.0, 164.0
130, 456.0, 165.0
131, 668.0, 166.0
132, 463.0, 167.0
133, 139.0, 168.0
134, 371.0, 169.0
135, 343.0, 175.0
136, 396.0, 175.0
137, 503.0, 179.0
138, 314.0, 181.0
139, 369.0, 181.0
140, 516.0, 183.0
141, 393.0, 185.0
142, 662.0, 185.0
143, 528.0, 188.0
144, 364.0, 191.0
145, 634.0, 191.0
146, 625.0, 194.0
147, 391.0, 196.0
148, 280.0, 197.0
149, 268.0, 198.0
150, 363.0, 198.0
151, 563.0, 198.0
152, 389.0, 201.0
153, 657.0, 202.0
154, 388.0, 206.0
155, 386.0, 211.0
156, 607.0, 212.0
157, 282.0, 215.0
158, 329.0, 215.0
159, 623.0, 216.0
160, 270.0, 217.0
161, 629.0, 217.0
162, 652.0, 217.0
163, 604.0, 218.0
164, 419.0, 220.0
165, 635.0, 222.0
166, 283.0, 228.0
167, 364.0, 229.0
168, 272.0, 231.0
169, 349.0, 232.0
170, 326.0, 236.0
171, 377.0, 237.0
172, 623.0, 237.0
173, 358.0, 239.0
174, 645.0, 239.0
175, 363.0, 240.0
176, 288.0, 243.0
177, 273.0, 251.0
178, 619.0, 254.0
179, 640.0, 254.0
180, 372.0, 257.0
181, 234.0, 259.0
182, 612.0, 264.0
183, 635.0, 269.0
184, 390.0, 272.0
185, 284.0, 277.0
186, 607.0, 281.0
187, 126.0, 282.0
188, 8.0, 283.0
189, 120.0, 283.0
190, 629.0, 283.0
191, 604.0, 290.0
192, 72.0, 292.0
193, 10.0, 293.0
194, 64.0, 293.0
195, 59.0, 294.0
196, 626.0, 294.0
197, 599.0, 300.0
198, 11.0, 304.0
199, 621.0, 306.0
200, 645.0, 308.0
201, 325.0, 311.0
202, 293.0, 313.0
203, 302.0, 313.0
204, 276.0, 316.0
205, 260.0, 317.0
206, 343.0, 317.0
207, 618.0, 317.0
208, 250.0, 319.0
209, 421.0, 319.0
210, 441.0, 319.0
211, 181.0, 321.0
212, 228.0, 321.0
213, 238.0, 321.0
214, 176.0, 322.0
215, 305.0, 322.0
216, 294.0, 324.0
217, 437.0, 324.0
218, 409.0, 325.0
219, 590.0, 325.0
220, 264.0, 327.0
221, 416.0, 327.0
222, 255.0, 328.0
223, 164.0, 329.0
224, 245.0, 329.0
225, 296.0, 330.0
226, 301.0, 330.0
227, 228.0, 331.0
228, 236.0, 331.0
229, 422.0, 333.0
230, 435.0, 333.0
231, 215.0, 334.0
232, 199.0, 335.0
233, 191.0, 336.0
234, 612.0, 336.0
235, 412.0, 337.0
236, 442.0, 337.0
237, 177.0, 338.0
238, 160.0, 340.0
239, 428.0, 341.0
240, 419.0, 343.0
241, 148.0, 348.0
242, 405.0, 348.0
243, 416.0, 351.0
244, 421.0, 352.0
245, 307.0, 355.0
246, 408.0, 355.0
247, 326.0, 357.0
248, 576.0, 359.0
249, 401.0, 360.0
250, 408.0, 360.0
251, 76.0, 366.0
252, 395.0, 366.0
253, 416.0, 366.0
254, 601.0, 367.0
255, 228.0, 369.0
256, 402.0, 373.0
257, 410.0, 374.0
258, 389.0, 376.0
259, 398.0, 381.0
260, 596.0, 381.0
261, 387.0, 383.0
262, 576.0, 385.0
263, 495.0, 388.0
264, 392.0, 389.0
265, 575.0, 390.0
266, 404.0, 393.0
267, 557.0, 394.0
268, 526.0, 395.0
269, 381.0, 396.0
270, 397.0, 396.0
271, 454.0, 396.0
272, 488.0, 396.0
273, 575.0, 396.0
274, 532.0, 400.0
275, 589.0, 400.0
276, 374.0, 401.0
277, 388.0, 401.0
278, 584.0, 401.0
279, 510.0, 402.0
280, 478.0, 403.0
281, 515.0, 404.0
282, 579.0, 405.0
283, 379.0, 406.0
284, 387.0, 406.0
285, 491.0, 408.0
286, 572.0, 408.0
287, 743.0, 409.0
288, 587.0, 410.0
289, 503.0, 411.0
290, 388.0, 412.0
291, 482.0, 412.0
292, 412.0, 413.0
293, 606.0, 415.0
294, 365.0, 416.0
295, 491.0, 417.0
296, 346.0, 418.0
297, 553.0, 418.0
298, 500.0, 419.0
299, 479.0, 420.0
300, 512.0, 420.0
301, 533.0, 421.0
302, 360.0, 424.0
303, 736.0, 424.0
304, 591.0, 426.0
305, 388.0, 427.0
306, 492.0, 428.0
307, 369.0, 429.0
308, 443.0, 429.0
309, 502.0, 429.0
310, 485.0, 431.0
311, 514.0, 431.0
312, 583.0, 431.0
313, 356.0, 435.0
314, 384.0, 435.0
315, 402.0, 435.0
316, 535.0, 435.0
317, 496.0, 438.0
318, 507.0, 438.0
319, 369.0, 439.0
320, 729.0, 439.0
321, 427.0, 440.0
322, 575.0, 440.0
323, 595.0, 440.0
324, 400.0, 441.0
325, 449.0, 441.0
326, 459.0, 441.0
327, 521.0, 443.0
328, 364.0, 444.0
329, 440.0, 444.0
330, 563.0, 444.0
331, 584.0, 444.0
332, 532.0, 445.0
333, 514.0, 446.0
334, 348.0, 448.0
335, 377.0, 448.0
336, 474.0, 448.0
337, 598.0, 448.0
338, 364.0, 449.0
339, 541.0, 449.0
340, 434.0, 451.0
341, 480.0, 452.0
342, 356.0, 453.0
343, 505.0, 453.0
344, 605.0, 453.0
345, 722.0, 453.0
346, 459.0, 456.0
347, 464.0, 456.0
348, 576.0, 456.0
349, 470.0, 458.0
350, 591.0, 458.0
351, 598.0, 458.0
352, 431.0, 460.0
353, 343.0, 461.0
354, 350.0, 461.0
355, 525.0, 462.0
356, 536.0, 462.0
357, 451.0, 463.0
358, 587.0, 463.0
359, 363.0, 464.0
360, 492.0, 464.0
361, 388.0, 465.0
362, 431.0, 465.0
363, 740.0, 465.0
364, 352.0, 466.0
365, 607.0, 467.0
366, 716.0, 468.0
367, 568.0, 470.0
368, 431.0, 471.0
369, 451.0, 471.0
370, 482.0, 471.0
371, 552.0, 471.0
372, 591.0, 471.0
