0, 311.0, 412.0
1, 137.0, 255.0
2, 230.0, 346.0
3, 352.0, 365.0
4, 245.0, 412.0
5, 308.0, 355.0
6, 238.0, 430.0
7, 171.0, 448.0
8, 257.0, 391.0
9, 256.0, 382.0
10, 245.0, 400.0
11, 340.0, 408.0
12, 347.0, 348.0
13, 352.0, 382.0
14, 119.0, 254.0
15, 339.0, 359.0
16, 293.0, 437.0
17, 317.0, 441.0
18, 147.0, 212.0
19, 314.0, 468.0
20, 420.0, 350.0
21, 327.0, 460.0
22, 292.0, 417.0
23, 405.0, 338.0
24, 304.0, 430.0
25, 186.0, 335.0
26, 106.0, 54.0
27, 181.0, 387.0
28, 637.0, 447.0
29, 407.0, 418.0
30, 61.0, 221.0
31, 345.0, 428.0
32, 297.0, 383.0
33, 364.0, 384.0
34, 433.0, 351.0
35, 21.0, 263.0
36, 307.0, 303.0
37, 407.0, 327.0
38, 420.0, 436.0
39, 233.0, 226.0
40, 242.0, 442.0
41, 376.0, 470.0
42, 167.0, 388.0
43, 685.0, 455.0
44, 79.0, 253.0
45, 113.0, 398.0
46, 191.0, 463.0
47, 371.0, 410.0
48, 332.0, 396.0
49, 360.0, 467.0
50, 348.0, 322.0
51, 568.0, 442.0
52, 25.0, 329.0
53, 204.0, 333.0
54, 40.0, 339.0
55, 195.0, 397.0
56, 322.0, 174.0
57, 184.0, 234.0
58, 536.0, 443.0
59, 432.0, 341.0
60, 339.0, 421.0
61, 274.0, 317.0
62, 556.0, 462.0
63, 336.0, 316.0
64, 223.0, 416.0
65, 229.0, 210.0
66, 452.0, 366.0
67, 309.0, 236.0
68, 180.0, 217.0
69, 56.0, 319.0
70, 180.0, 462.0
71, 457.0, 390.0
72, 319.0, 450.0
73, 240.0, 379.0
74, 149.0, 458.0
75, 200.0, 464.0
76, 69.0, 319.0
77, 233.0, 87.0
78, 23.0, 246.0
79, 270.0, 458.0
80, 350.0, 457.0
81, 115.0, 430.0
82, 280.0, 367.0
83, 213.0, 367.0
84, 191.0, 382.0
85, 284.0, 356.0
86, 268.0, 340.0
87, 319.0, 328.0
88, 348.0, 417.0
89, 241.0, 464.0
90, 230.0, 307.0
91, 241.0, 318.0
92, 176.0, 364.0
93, 289.0, 304.0
94, 108.0, 225.0
95, 90.0, 322.0
96, 355.0, 315.0
97, 321.0, 164.0
98, 411.0, 374.0
99, 155.0, 399.0
100, 303.0, 416.0
101, 382.0, 376.0
102, 76.0, 265.0
103, 624.0, 469.0
104, 640.0, 212.0
105, 202.0, 404.0
106, 223.0, 259.0
107, 304.0, 402.0
108, 204.0, 366.0
109, 29.0, 352.0
110, 249.0, 258.0
111, 184.0, 263.0
112, 173.0, 400.0
113, 139.0, 271.0
114, 505.0, 466.0
115, 96.0, 384.0
116, 127.0, 286.0
117, 281.0, 164.0
118, 221.0, 243.0
119, 397.0, 441.0
120, 329.0, 409.0
121, 91.0, 85.0
122, 175.0, 418.0
123, 358.0, 356.0
124, 81.0, 321.0
125, 664.0, 466.0
126, 108.0, 250.0
127, 529.0, 470.0
128, 165.0, 359.0
129, 398.0, 413.0
130, 373.0, 311.0
131, 169.0, 217.0
132, 316.0, 403.0
133, 407.0, 432.0
134, 357.0, 426.0
135, 248.0, 224.0
136, 270.0, 354.0
137, 674.0, 445.0
138, 691.0, 442.0
139, 127.0, 274.0
140, 713.0, 327.0
141, 165.0, 341.0
142, 287.0, 409.0
143, 650.0, 451.0
144, 42.0, 349.0
145, 58.0, 339.0
146, 320.0, 394.0
147, 442.0, 351.0
148, 38.0, 380.0
149, 88.0, 98.0
150, 131.0, 389.0
151, 669.0, 219.0
152, 386.0, 404.0
153, 297.0, 363.0
154, 83.0, 311.0
155, 269.0, 223.0
156, 251.0, 285.0
157, 28.0, 371.0
158, 43.0, 269.0
159, 234.0, 297.0
160, 67.0, 350.0
161, 410.0, 461.0
162, 320.0, 411.0
163, 222.0, 427.0
164, 581.0, 380.0
165, 682.0, 422.0
166, 583.0, 470.0
167, 75.0, 222.0
168, 69.0, 246.0
169, 37.0, 318.0
170, 304.0, 339.0
171, 170.0, 461.0
172, 98.0, 222.0
173, 228.0, 195.0
174, 414.0, 364.0
175, 298.0, 321.0
176, 50.0, 364.0
177, 346.0, 311.0
178, 60.0, 106.0
179, 246.0, 330.0
180, 110.0, 265.0
181, 286.0, 466.0
182, 205.0, 358.0
183, 572.0, 467.0
184, 30.0, 362.0
185, 298.0, 349.0
186, 308.0, 254.0
187, 420.0, 339.0
188, 666.0, 439.0
189, 144.0, 284.0
190, 209.0, 258.0
191, 310.0, 322.0
192, 137.0, 433.0
193, 407.0, 381.0
194, 193.0, 447.0
195, 630.0, 454.0
196, 703.0, 394.0
197, 59.0, 152.0
198, 115.0, 442.0
199, 225.0, 125.0
200, 556.0, 447.0
201, 90.0, 257.0
202, 88.0, 437.0
203, 384.0, 351.0
204, 167.0, 408.0
205, 736.0, 454.0
206, 414.0, 338.0
207, 432.0, 300.0
208, 437.0, 441.0
209, 205.0, 99.0
210, 123.0, 29.0
211, 556.0, 370.0
212, 276.0, 385.0
213, 306.0, 463.0
214, 137.0, 416.0
215, 155.0, 375.0
216, 294.0, 404.0
217, 353.0, 391.0
218, 166.0, 370.0
219, 367.0, 366.0
220, 616.0, 464.0
221, 442.0, 340.0
222, 275.0, 452.0
223, 272.0, 277.0
224, 235.0, 417.0
225, 303.0, 451.0
226, 732.0, 247.0
227, 248.0, 239.0
228, 109.0, 73.0
229, 326.0, 470.0
230, 291.0, 427.0
231, 202.0, 449.0
232, 82.0, 363.0
233, 665.0, 451.0
234, 319.0, 429.0
235, 41.0, 68.0
236, 322.0, 306.0
237, 45.0, 86.0
238, 183.0, 402.0
239, 162.0, 317.0
240, 97.0, 452.0
241, 60.0, 86.0
242, 173.0, 35.0
243, 133.0, 373.0
244, 18.0, 275.0
245, 189.0, 279.0
246, 316.0, 457.0
247, 695.0, 465.0
248, 386.0, 329.0
249, 195.0, 366.0
250, 438.0, 392.0
251, 80.0, 350.0
252, 12.0, 205.0
253, 209.0, 451.0
254, 34.0, 305.0
255, 237.0, 405.0
256, 203.0, 237.0
257, 144.0, 230.0
258, 33.0, 279.0
259, 319.0, 365.0
260, 256.0, 356.0
261, 568.0, 373.0
262, 279.0, 347.0
263, 384.0, 395.0
264, 60.0, 359.0
265, 195.0, 356.0
266, 418.0, 420.0
267, 599.0, 453.0
268, 331.0, 70.0
269, 291.0, 369.0
270, 35.0, 39.0
271, 282.0, 418.0
272, 119.0, 297.0
273, 238.0, 152.0
274, 255.0, 410.0
275, 350.0, 333.0
276, 543.0, 465.0
277, 172.0, 301.0
278, 594.0, 409.0
279, 57.0, 31.0
280, 137.0, 351.0
281, 336.0, 13.0
282, 260.0, 374.0
283, 329.0, 358.0
284, 256.0, 313.0
285, 733.0, 327.0
286, 126.0, 431.0
287, 645.0, 459.0
288, 314.0, 339.0
289, 310.0, 447.0
290, 238.0, 246.0
291, 128.0, 441.0
292, 271.0, 443.0
293, 313.0, 181.0
294, 245.0, 423.0
295, 242.0, 261.0
296, 298.0, 224.0
297, 155.0, 287.0
298, 266.0, 349.0
299, 278.0, 180.0
300, 298.0, 425.0
301, 417.0, 445.0
302, 27.0, 338.0
303, 260.0, 442.0
304, 59.0, 67.0
305, 283.0, 323.0
306, 9.0, 434.0
307, 393.0, 456.0
308, 291.0, 343.0
309, 676.0, 383.0
310, 322.0, 153.0
311, 167.0, 423.0
312, 396.0, 464.0
313, 732.0, 230.0
314, 299.0, 287.0
315, 223.0, 135.0
316, 169.0, 228.0
317, 369.0, 375.0
318, 194.0, 409.0
319, 127.0, 397.0
320, 602.0, 313.0
321, 595.0, 466.0
322, 399.0, 401.0
323, 552.0, 435.0
324, 123.0, 319.0
325, 200.0, 374.0
326, 244.0, 389.0
327, 24.0, 315.0
328, 293.0, 167.0
329, 414.0, 166.0
330, 251.0, 432.0
331, 431.0, 465.0
332, 250.0, 309.0
333, 356.0, 300.0
334, 279.0, 173.0
335, 91.0, 462.0
336, 270.0, 327.0
337, 236.0, 397.0
338, 426.0, 83.0
339, 365.0, 321.0
340, 546.0, 452.0
341, 427.0, 360.0
342, 431.0, 423.0
343, 240.0, 126.0
344, 106.0, 286.0
345, 253.0, 346.0
346, 657.0, 460.0
347, 332.0, 431.0
348, 306.0, 439.0
349, 274.0, 194.0
350, 285.0, 229.0
351, 325.0, 130.0
352, 102.0, 323.0
353, 184.0, 359.0
354, 55.0, 124.0
355, 114.0, 281.0
356, 328.0, 99.0
357, 323.0, 235.0
358, 82.0, 125.0
359, 184.0, 438.0
360, 37.0, 51.0
361, 182.0, 94.0
362, 337.0, 325.0
363, 288.0, 390.0
364, 264.0, 239.0
365, 193.0, 389.0
366, 294.0, 393.0
367, 371.0, 457.0
368, 203.0, 388.0
369, 16.0, 295.0
370, 335.0, 33.0
371, 554.0, 471.0
372, 401.0, 256.0
373, 375.0, 393.0
374, 258.0, 362.0
375, 215.0, 177.0
376, 331.0, 324.0
377, 606.0, 465.0
378, 311.0, 223.0
379, 8.0, 256.0
380, 199.0, 349.0
381, 317.0, 351.0
382, 393.0, 385.0
383, 239.0, 357.0
384, 157.0, 260.0
385, 125.0, 80.0
386, 393.0, 362.0
387, 431.0, 403.0
388, 580.0, 311.0
389, 219.0, 195.0
390, 260.0, 345.0
391, 424.0, 452.0
392, 406.0, 225.0
393, 336.0, 463.0
394, 72.0, 165.0
395, 128.0, 301.0
396, 112.0, 321.0
397, 160.0, 436.0
398, 79.0, 413.0
399, 278.0, 394.0
400, 562.0, 389.0
401, 239.0, 365.0
402, 716.0, 367.0
403, 60.0, 95.0
404, 314.0, 212.0
405, 129.0, 231.0
406, 73.0, 280.0
407, 674.0, 468.0
408, 339.0, 392.0
409, 239.0, 101.0
410, 256.0, 294.0
411, 278.0, 402.0
412, 251.0, 373.0
413, 212.0, 425.0
414, 393.0, 306.0
415, 256.0, 455.0
416, 272.0, 306.0
417, 309.0, 171.0
418, 364.0, 347.0
419, 180.0, 378.0
420, 114.0, 420.0
421, 299.0, 193.0
422, 275.0, 338.0
423, 433.0, 31.0
424, 116.0, 460.0
425, 272.0, 369.0
426, 184.0, 245.0
427, 223.0, 440.0
428, 284.0, 455.0
429, 615.0, 214.0
430, 13.0, 153.0
431, 183.0, 49.0
432, 305.0, 215.0
433, 420.0, 378.0
434, 184.0, 417.0
435, 409.0, 201.0
436, 271.0, 209.0
437, 340.0, 344.0
438, 286.0, 174.0
439, 25.0, 277.0
440, 98.0, 442.0
441, 327.0, 112.0
442, 96.0, 275.0
443, 249.0, 338.0
444, 110.0, 386.0
445, 442.0, 419.0
446, 595.0, 310.0
447, 214.0, 214.0
448, 625.0, 461.0
449, 722.0, 351.0
450, 89.0, 228.0
451, 84.0, 116.0
452, 20.0, 360.0
453, 328.0, 299.0
454, 242.0, 453.0
455, 316.0, 205.0
456, 190.0, 371.0
457, 68.0, 308.0
458, 144.0, 303.0
459, 34.0, 23.0
460, 283.0, 219.0
461, 297.0, 233.0
462, 52.0, 112.0
463, 438.0, 363.0
464, 15.0, 463.0
465, 249.0, 460.0
466, 743.0, 301.0
467, 298.0, 252.0
468, 320.0, 183.0
469, 430.0, 58.0
470, 260.0, 337.0
471, 418.0, 458.0
472, 418.0, 140.0
473, 294.0, 216.0
474, 236.0, 171.0
475, 357.0, 307.0
476, 100.0, 11.0
477, 297.0, 446.0
478, 286.0, 250.0
479, 247.0, 363.0
480, 337.0, 469.0
481, 304.0, 170.0
482, 232.0, 139.0
483, 182.0, 432.0
484, 288.0, 221.0
485, 259.0, 305.0
486, 705.0, 238.0
487, 310.0, 192.0
488, 430.0, 415.0
489, 102.0, 28.0
490, 62.0, 261.0
491, 285.0, 377.0
492, 244.0, 68.0
493, 391.0, 374.0
494, 302.0, 49.0
495, 95.0, 74.0
496, 238.0, 349.0
497, 219.0, 212.0
498, 255.0, 97.0
499, 331.0, 338.0
