0, 484.0, 373.0
1, 492.0, 303.0
2, 610.0, 213.0
3, 741.0, 435.0
4, 625.0, 315.0
5, 103.0, 383.0
6, 665.0, 300.0
7, 620.0, 386.0
8, 517.0, 380.0
9, 589.0, 278.0
10, 401.0, 324.0
11, 507.0, 370.0
12, 572.0, 351.0
13, 506.0, 342.0
14, 580.0, 294.0
15, 642.0, 196.0
16, 527.0, 392.0
17, 601.0, 430.0
18, 221.0, 331.0
19, 600.0, 211.0
20, 529.0, 351.0
21, 553.0, 281.0
22, 617.0, 66.0
23, 518.0, 318.0
24, 677.0, 293.0
25, 615.0, 311.0
26, 307.0, 218.0
27, 597.0, 67.0
28, 613.0, 371.0
29, 693.0, 338.0
30, 602.0, 379.0
31, 209.0, 333.0
32, 175.0, 140.0
33, 668.0, 150.0
34, 665.0, 204.0
35, 255.0, 298.0
36, 614.0, 361.0
37, 736.0, 425.0
38, 722.0, 281.0
39, 447.0, 345.0
40, 685.0, 213.0
41, 420.0, 320.0
42, 275.0, 278.0
43, 702.0, 192.0
44, 261.0, 223.0
45, 66.0, 374.0
46, 455.0, 327.0
47, 278.0, 296.0
48, 594.0, 288.0
49, 385.0, 27.0
50, 724.0, 435.0
51, 481.0, 342.0
52, 487.0, 352.0
53, 655.0, 183.0
54, 547.0, 342.0
55, 212.0, 344.0
56, 600.0, 391.0
57, 42.0, 353.0
58, 370.0, 322.0
59, 313.0, 279.0
60, 205.0, 312.0
61, 165.0, 328.0
62, 454.0, 305.0
63, 118.0, 380.0
64, 733.0, 412.0
65, 564.0, 96.0
66, 727.0, 390.0
67, 540.0, 253.0
68, 441.0, 357.0
69, 189.0, 145.0
70, 687.0, 160.0
71, 379.0, 334.0
72, 458.0, 370.0
73, 511.0, 300.0
74, 276.0, 286.0
75, 534.0, 374.0
76, 673.0, 322.0
77, 207.0, 297.0
78, 418.0, 309.0
79, 637.0, 286.0
80, 742.0, 395.0
81, 81.0, 345.0
82, 648.0, 150.0
83, 542.0, 353.0
84, 467.0, 381.0
85, 667.0, 408.0
86, 566.0, 295.0
87, 424.0, 299.0
88, 431.0, 26.0
89, 268.0, 288.0
90, 629.0, 293.0
91, 172.0, 366.0
92, 266.0, 276.0
93, 552.0, 22.0
94, 128.0, 181.0
95, 222.0, 340.0
96, 90.0, 389.0
97, 592.0, 421.0
98, 651.0, 392.0
99, 584.0, 308.0
100, 640.0, 375.0
101, 98.0, 368.0
102, 675.0, 186.0
103, 609.0, 340.0
104, 607.0, 304.0
105, 662.0, 287.0
106, 202.0, 321.0
107, 598.0, 297.0
108, 655.0, 21.0
109, 728.0, 314.0
110, 634.0, 267.0
111, 569.0, 393.0
112, 621.0, 424.0
113, 167.0, 338.0
114, 306.0, 272.0
115, 552.0, 252.0
116, 684.0, 312.0
117, 427.0, 315.0
118, 236.0, 332.0
119, 480.0, 297.0
120, 594.0, 234.0
121, 653.0, 165.0
122, 289.0, 221.0
123, 37.0, 365.0
124, 72.0, 183.0
125, 649.0, 45.0
126, 104.0, 401.0
127, 308.0, 227.0
128, 150.0, 351.0
129, 628.0, 394.0
130, 89.0, 183.0
131, 196.0, 206.0
132, 569.0, 64.0
133, 494.0, 389.0
134, 741.0, 379.0
135, 436.0, 334.0
136, 626.0, 23.0
137, 727.0, 403.0
138, 383.0, 187.0
139, 714.0, 149.0
140, 689.0, 396.0
141, 288.0, 275.0
142, 385.0, 37.0
143, 685.0, 193.0
144, 345.0, 292.0
145, 407.0, 339.0
146, 299.0, 210.0
147, 71.0, 349.0
148, 491.0, 288.0
149, 578.0, 372.0
150, 189.0, 130.0
151, 739.0, 321.0
152, 157.0, 35.0
153, 468.0, 295.0
154, 529.0, 332.0
155, 513.0, 356.0
156, 655.0, 379.0
157, 235.0, 302.0
158, 448.0, 372.0
159, 551.0, 323.0
160, 574.0, 26.0
161, 298.0, 200.0
162, 561.0, 360.0
163, 671.0, 347.0
164, 717.0, 402.0
165, 567.0, 423.0
166, 130.0, 388.0
167, 535.0, 276.0
168, 60.0, 365.0
169, 586.0, 124.0
170, 516.0, 373.0
171, 659.0, 320.0
172, 452.0, 359.0
173, 618.0, 397.0
174, 601.0, 280.0
175, 269.0, 313.0
176, 271.0, 247.0
177, 645.0, 66.0
178, 271.0, 239.0
179, 300.0, 282.0
180, 616.0, 454.0
181, 52.0, 184.0
182, 595.0, 408.0
183, 576.0, 272.0
184, 195.0, 197.0
185, 262.0, 244.0
186, 542.0, 237.0
187, 640.0, 307.0
188, 295.0, 283.0
189, 604.0, 365.0
190, 712.0, 388.0
191, 529.0, 309.0
192, 303.0, 298.0
193, 697.0, 256.0
194, 509.0, 394.0
195, 385.0, 78.0
196, 673.0, 312.0
197, 587.0, 399.0
198, 604.0, 356.0
199, 597.0, 225.0
200, 274.0, 270.0
201, 447.0, 287.0
202, 284.0, 238.0
203, 553.0, 366.0
204, 203.0, 270.0
205, 296.0, 160.0
206, 587.0, 321.0
207, 183.0, 316.0
208, 298.0, 255.0
209, 383.0, 172.0
210, 607.0, 325.0
211, 677.0, 251.0
212, 261.0, 232.0
213, 283.0, 230.0
214, 304.0, 257.0
215, 548.0, 413.0
216, 617.0, 412.0
217, 705.0, 399.0
218, 265.0, 268.0
219, 294.0, 15.0
220, 730.0, 347.0
221, 194.0, 188.0
222, 77.0, 368.0
223, 293.0, 267.0
224, 559.0, 124.0
225, 590.0, 99.0
226, 63.0, 339.0
227, 501.0, 334.0
228, 482.0, 360.0
229, 733.0, 366.0
230, 533.0, 363.0
231, 742.0, 356.0
232, 730.0, 132.0
233, 199.0, 333.0
234, 386.0, 325.0
235, 294.0, 43.0
236, 383.0, 233.0
237, 293.0, 64.0
238, 541.0, 336.0
239, 455.0, 317.0
240, 701.0, 175.0
241, 408.0, 351.0
242, 591.0, 352.0
243, 732.0, 375.0
244, 432.0, 343.0
245, 272.0, 259.0
246, 94.0, 379.0
247, 617.0, 127.0
248, 296.0, 177.0
249, 328.0, 299.0
250, 476.0, 362.0
251, 294.0, 83.0
252, 108.0, 389.0
253, 459.0, 45.0
254, 425.0, 334.0
255, 199.0, 230.0
256, 698.0, 379.0
257, 383.0, 213.0
258, 743.0, 370.0
259, 384.0, 255.0
260, 269.0, 223.0
261, 276.0, 231.0
262, 662.0, 393.0
263, 313.0, 268.0
264, 309.0, 235.0
265, 270.0, 231.0
266, 546.0, 418.0
267, 204.0, 283.0
268, 276.0, 222.0
269, 620.0, 99.0
270, 623.0, 41.0
271, 296.0, 147.0
272, 466.0, 44.0
273, 295.0, 119.0
274, 299.0, 273.0
275, 668.0, 171.0
276, 543.0, 390.0
277, 518.0, 395.0
278, 659.0, 442.0
279, 693.0, 360.0
280, 567.0, 79.0
281, 226.0, 306.0
282, 388.0, 339.0
283, 734.0, 302.0
284, 551.0, 393.0
285, 385.0, 118.0
286, 550.0, 356.0
287, 677.0, 279.0
288, 287.0, 284.0
289, 263.0, 252.0
290, 462.0, 360.0
291, 281.0, 221.0
292, 720.0, 298.0
293, 621.0, 90.0
294, 83.0, 363.0
295, 232.0, 319.0
296, 584.0, 80.0
297, 573.0, 336.0
298, 496.0, 357.0
299, 569.0, 365.0
300, 471.0, 18.0
301, 183.0, 178.0
302, 464.0, 336.0
303, 686.0, 385.0
304, 311.0, 253.0
305, 264.0, 259.0
306, 79.0, 378.0
307, 297.0, 190.0
308, 707.0, 325.0
309, 542.0, 362.0
310, 474.0, 355.0
311, 312.0, 263.0
312, 384.0, 64.0
313, 237.0, 102.0
314, 301.0, 228.0
315, 508.0, 399.0
316, 545.0, 400.0
317, 417.0, 329.0
318, 285.0, 264.0
319, 397.0, 314.0
320, 627.0, 378.0
321, 49.0, 361.0
322, 293.0, 274.0
323, 104.0, 372.0
324, 292.0, 259.0
325, 99.0, 391.0
326, 179.0, 55.0
327, 444.0, 308.0
328, 201.0, 250.0
329, 254.0, 287.0
330, 342.0, 267.0
331, 409.0, 328.0
332, 578.0, 434.0
333, 246.0, 327.0
334, 282.0, 277.0
335, 187.0, 108.0
336, 651.0, 33.0
337, 451.0, 20.0
338, 320.0, 234.0
339, 279.0, 262.0
340, 291.0, 252.0
341, 713.0, 342.0
342, 63.0, 357.0
343, 462.0, 18.0
344, 633.0, 384.0
345, 218.0, 296.0
346, 426.0, 361.0
347, 488.0, 314.0
348, 270.0, 12.0
349, 221.0, 315.0
350, 624.0, 329.0
351, 304.0, 262.0
352, 279.0, 254.0
353, 309.0, 242.0
354, 201.0, 245.0
355, 673.0, 384.0
356, 182.0, 337.0
357, 302.0, 239.0
358, 281.0, 269.0
359, 281.0, 286.0
360, 286.0, 269.0
361, 262.0, 237.0
362, 285.0, 249.0
363, 600.0, 331.0
364, 277.0, 239.0
365, 384.0, 159.0
366, 612.0, 292.0
367, 296.0, 235.0
368, 430.0, 303.0
369, 473.0, 371.0
370, 459.0, 119.0
371, 604.0, 315.0
372, 298.0, 247.0
373, 294.0, 220.0
374, 711.0, 208.0
375, 719.0, 176.0
376, 703.0, 471.0
377, 230.0, 314.0
378, 459.0, 124.0
379, 290.0, 240.0
380, 245.0, 318.0
381, 562.0, 114.0
382, 496.0, 297.0
383, 384.0, 145.0
384, 576.0, 308.0
385, 491.0, 283.0
386, 582.0, 115.0
387, 289.0, 229.0
388, 716.0, 310.0
389, 197.0, 218.0
390, 664.0, 443.0
391, 475.0, 272.0
392, 607.0, 225.0
393, 463.0, 78.0
394, 702.0, 310.0
395, 541.0, 319.0
396, 457.0, 346.0
397, 536.0, 314.0
398, 471.0, 331.0
399, 617.0, 279.0
400, 527.0, 383.0
401, 658.0, 405.0
402, 303.0, 250.0
403, 459.0, 335.0
404, 645.0, 321.0
405, 285.0, 256.0
406, 295.0, 229.0
407, 544.0, 395.0
408, 383.0, 165.0
409, 299.0, 265.0
410, 536.0, 389.0
411, 480.0, 326.0
412, 323.0, 308.0
413, 519.0, 347.0
414, 54.0, 427.0
415, 252.0, 307.0
416, 248.0, 180.0
417, 188.0, 160.0
418, 640.0, 42.0
419, 280.0, 249.0
420, 731.0, 356.0
421, 570.0, 14.0
422, 233.0, 291.0
423, 619.0, 54.0
424, 566.0, 266.0
425, 299.0, 219.0
426, 444.0, 300.0
427, 214.0, 324.0
428, 457.0, 18.0
429, 590.0, 346.0
430, 198.0, 223.0
431, 697.0, 311.0
432, 702.0, 237.0
433, 517.0, 332.0
434, 82.0, 384.0
435, 583.0, 98.0
436, 311.0, 248.0
437, 632.0, 237.0
438, 449.0, 333.0
439, 178.0, 178.0
440, 670.0, 137.0
441, 638.0, 21.0
442, 176.0, 145.0
443, 638.0, 55.0
444, 618.0, 377.0
445, 294.0, 48.0
446, 179.0, 159.0
447, 385.0, 123.0
448, 312.0, 258.0
449, 44.0, 360.0
450, 656.0, 135.0
451, 712.0, 324.0
452, 312.0, 274.0
453, 270.0, 104.0
454, 76.0, 350.0
455, 293.0, 55.0
456, 501.0, 361.0
457, 609.0, 379.0
458, 421.0, 28.0
459, 201.0, 259.0
460, 385.0, 89.0
461, 385.0, 32.0
462, 191.0, 178.0
463, 654.0, 441.0
464, 385.0, 83.0
465, 466.0, 311.0
466, 458.0, 129.0
467, 259.0, 307.0
468, 602.0, 228.0
469, 206.0, 304.0
470, 469.0, 349.0
471, 448.0, 294.0
472, 606.0, 320.0
473, 303.0, 244.0
474, 572.0, 299.0
475, 383.0, 238.0
476, 442.0, 24.0
477, 296.0, 165.0
478, 295.0, 132.0
479, 183.0, 173.0
480, 678.0, 312.0
481, 563.0, 330.0
482, 462.0, 83.0
483, 206.0, 163.0
484, 426.0, 26.0
485, 191.0, 344.0
486, 294.0, 71.0
487, 646.0, 309.0
488, 701.0, 340.0
489, 585.0, 382.0
490, 469.0, 355.0
491, 501.0, 352.0
492, 414.0, 352.0
493, 712.0, 353.0
494, 277.0, 12.0
495, 59.0, 424.0
496, 672.0, 250.0
497, 693.0, 321.0
498, 187.0, 336.0
499, 539.0, 399.0
