0, 120.0, 257.0
1, 101.0, 258.0
2, 141.0, 200.0
3, 242.0, 419.0
4, 517.0, 303.0
5, 137.0, 255.0
6, 119.0, 247.0
7, 100.0, 249.0
8, 87.0, 222.0
9, 136.0, 237.0
10, 93.0, 270.0
11, 91.0, 250.0
12, 116.0, 377.0
13, 183.0, 348.0
14, 289.0, 354.0
15, 252.0, 322.0
16, 99.0, 240.0
17, 282.0, 467.0
18, 117.0, 238.0
19, 97.0, 221.0
20, 426.0, 457.0
21, 92.0, 259.0
22, 85.0, 203.0
23, 147.0, 254.0
24, 614.0, 414.0
25, 89.0, 231.0
26, 457.0, 436.0
27, 90.0, 241.0
28, 269.0, 462.0
29, 188.0, 337.0
30, 565.0, 302.0
31, 133.0, 218.0
32, 104.0, 202.0
33, 346.0, 373.0
34, 251.0, 425.0
35, 109.0, 248.0
36, 244.0, 463.0
37, 115.0, 220.0
38, 191.0, 390.0
39, 108.0, 239.0
40, 107.0, 230.0
41, 666.0, 380.0
42, 135.0, 444.0
43, 140.0, 189.0
44, 121.0, 191.0
45, 80.0, 251.0
46, 128.0, 256.0
47, 131.0, 200.0
48, 685.0, 346.0
49, 124.0, 219.0
50, 314.0, 431.0
51, 606.0, 400.0
52, 195.0, 358.0
53, 262.0, 367.0
54, 223.0, 347.0
55, 130.0, 190.0
56, 105.0, 211.0
57, 384.0, 406.0
58, 86.0, 212.0
59, 708.0, 388.0
60, 350.0, 362.0
61, 74.0, 204.0
62, 116.0, 229.0
63, 95.0, 202.0
64, 506.0, 287.0
65, 302.0, 352.0
66, 414.0, 441.0
67, 413.0, 428.0
68, 419.0, 469.0
69, 139.0, 418.0
70, 98.0, 231.0
71, 338.0, 311.0
72, 429.0, 468.0
73, 123.0, 210.0
74, 111.0, 258.0
75, 719.0, 386.0
76, 370.0, 456.0
77, 398.0, 435.0
78, 260.0, 380.0
79, 127.0, 237.0
80, 442.0, 392.0
81, 302.0, 389.0
82, 106.0, 221.0
83, 469.0, 439.0
84, 53.0, 283.0
85, 519.0, 291.0
86, 121.0, 267.0
87, 505.0, 361.0
88, 112.0, 191.0
89, 648.0, 362.0
90, 517.0, 331.0
91, 41.0, 324.0
92, 215.0, 328.0
93, 249.0, 439.0
94, 138.0, 377.0
95, 225.0, 427.0
96, 624.0, 181.0
97, 231.0, 321.0
98, 400.0, 362.0
99, 261.0, 408.0
100, 628.0, 458.0
101, 667.0, 428.0
102, 409.0, 378.0
103, 136.0, 246.0
104, 584.0, 291.0
105, 305.0, 450.0
106, 351.0, 303.0
107, 275.0, 393.0
108, 376.0, 429.0
109, 94.0, 192.0
110, 122.0, 201.0
111, 249.0, 369.0
112, 321.0, 308.0
113, 444.0, 325.0
114, 128.0, 247.0
115, 289.0, 417.0
116, 135.0, 228.0
117, 131.0, 366.0
118, 300.0, 342.0
119, 81.0, 260.0
120, 96.0, 212.0
121, 671.0, 410.0
122, 695.0, 371.0
123, 128.0, 393.0
124, 314.0, 299.0
125, 212.0, 388.0
126, 488.0, 268.0
127, 420.0, 412.0
128, 385.0, 471.0
129, 422.0, 449.0
130, 186.0, 421.0
131, 489.0, 282.0
132, 66.0, 312.0
133, 485.0, 249.0
134, 132.0, 209.0
135, 629.0, 350.0
136, 126.0, 228.0
137, 193.0, 331.0
138, 113.0, 201.0
139, 112.0, 268.0
140, 143.0, 209.0
141, 667.0, 319.0
142, 364.0, 361.0
143, 138.0, 434.0
144, 387.0, 422.0
145, 643.0, 469.0
146, 372.0, 443.0
147, 362.0, 412.0
148, 300.0, 419.0
149, 75.0, 213.0
150, 414.0, 459.0
151, 488.0, 351.0
152, 340.0, 424.0
153, 255.0, 352.0
154, 374.0, 413.0
155, 658.0, 117.0
156, 431.0, 389.0
157, 296.0, 402.0
158, 185.0, 360.0
159, 144.0, 217.0
160, 330.0, 302.0
161, 203.0, 411.0
162, 166.0, 283.0
163, 308.0, 405.0
164, 422.0, 403.0
165, 99.0, 444.0
166, 116.0, 444.0
167, 648.0, 415.0
168, 483.0, 294.0
169, 349.0, 437.0
170, 317.0, 421.0
171, 472.0, 310.0
172, 408.0, 413.0
173, 130.0, 266.0
174, 641.0, 163.0
175, 473.0, 248.0
176, 287.0, 343.0
177, 677.0, 335.0
178, 341.0, 398.0
179, 435.0, 399.0
180, 623.0, 317.0
181, 270.0, 412.0
182, 349.0, 337.0
183, 276.0, 301.0
184, 188.0, 380.0
185, 76.0, 223.0
186, 145.0, 235.0
187, 82.0, 271.0
188, 473.0, 357.0
189, 79.0, 242.0
190, 675.0, 391.0
191, 325.0, 360.0
192, 179.0, 376.0
193, 356.0, 444.0
194, 267.0, 313.0
195, 276.0, 380.0
196, 117.0, 434.0
197, 506.0, 41.0
198, 224.0, 412.0
199, 651.0, 452.0
200, 376.0, 343.0
201, 452.0, 307.0
202, 220.0, 388.0
203, 103.0, 269.0
204, 103.0, 191.0
205, 586.0, 202.0
206, 25.0, 385.0
207, 247.0, 447.0
208, 442.0, 461.0
209, 417.0, 391.0
210, 411.0, 452.0
211, 364.0, 424.0
212, 230.0, 378.0
213, 527.0, 300.0
214, 326.0, 387.0
215, 143.0, 362.0
216, 700.0, 176.0
217, 281.0, 454.0
218, 73.0, 192.0
219, 291.0, 427.0
220, 333.0, 419.0
221, 200.0, 347.0
222, 368.0, 309.0
223, 424.0, 423.0
224, 78.0, 233.0
225, 591.0, 396.0
226, 145.0, 355.0
227, 500.0, 301.0
228, 673.0, 466.0
229, 180.0, 385.0
230, 711.0, 368.0
231, 17.0, 287.0
232, 503.0, 68.0
233, 453.0, 286.0
234, 494.0, 315.0
235, 707.0, 305.0
236, 439.0, 450.0
237, 248.0, 392.0
238, 145.0, 227.0
239, 114.0, 211.0
240, 652.0, 192.0
241, 138.0, 265.0
242, 628.0, 419.0
243, 16.0, 397.0
244, 251.0, 136.0
245, 677.0, 205.0
246, 690.0, 331.0
247, 166.0, 408.0
248, 633.0, 118.0
249, 604.0, 307.0
250, 671.0, 347.0
251, 717.0, 436.0
252, 146.0, 245.0
253, 248.0, 341.0
254, 84.0, 193.0
255, 389.0, 432.0
256, 728.0, 395.0
257, 242.0, 323.0
258, 364.0, 443.0
259, 696.0, 440.0
260, 690.0, 464.0
261, 684.0, 359.0
262, 632.0, 329.0
263, 688.0, 419.0
264, 332.0, 396.0
265, 683.0, 130.0
266, 91.0, 469.0
267, 80.0, 282.0
268, 133.0, 178.0
269, 278.0, 416.0
270, 743.0, 399.0
271, 148.0, 264.0
272, 624.0, 405.0
273, 174.0, 364.0
274, 595.0, 428.0
275, 319.0, 394.0
276, 163.0, 365.0
277, 639.0, 138.0
278, 236.0, 368.0
279, 656.0, 469.0
280, 396.0, 467.0
281, 213.0, 349.0
282, 456.0, 367.0
283, 266.0, 440.0
284, 687.0, 311.0
285, 43.0, 380.0
286, 501.0, 325.0
287, 200.0, 394.0
288, 314.0, 327.0
289, 315.0, 363.0
290, 601.0, 335.0
291, 522.0, 15.0
292, 279.0, 369.0
293, 434.0, 419.0
294, 351.0, 418.0
295, 556.0, 422.0
296, 517.0, 53.0
297, 164.0, 329.0
298, 152.0, 285.0
299, 594.0, 328.0
300, 127.0, 379.0
301, 326.0, 411.0
302, 549.0, 23.0
303, 584.0, 277.0
304, 496.0, 356.0
305, 132.0, 342.0
306, 677.0, 176.0
307, 510.0, 14.0
308, 452.0, 454.0
309, 637.0, 444.0
310, 232.0, 416.0
311, 613.0, 333.0
312, 193.0, 407.0
313, 321.0, 369.0
314, 348.0, 389.0
315, 14.0, 369.0
316, 584.0, 422.0
317, 243.0, 382.0
318, 362.0, 471.0
319, 27.0, 350.0
320, 691.0, 379.0
321, 251.0, 404.0
322, 229.0, 388.0
323, 149.0, 371.0
324, 140.0, 344.0
325, 73.0, 300.0
326, 123.0, 116.0
327, 203.0, 383.0
328, 26.0, 411.0
329, 105.0, 293.0
330, 448.0, 470.0
331, 497.0, 276.0
332, 516.0, 272.0
333, 461.0, 352.0
334, 163.0, 211.0
335, 448.0, 350.0
336, 666.0, 443.0
337, 217.0, 399.0
338, 390.0, 346.0
339, 353.0, 426.0
340, 630.0, 294.0
341, 373.0, 404.0
342, 643.0, 427.0
343, 400.0, 422.0
344, 718.0, 113.0
345, 515.0, 70.0
346, 473.0, 152.0
347, 505.0, 52.0
348, 218.0, 374.0
349, 34.0, 295.0
350, 326.0, 440.0
351, 97.0, 455.0
352, 167.0, 448.0
353, 62.0, 327.0
354, 239.0, 441.0
355, 226.0, 402.0
356, 701.0, 457.0
357, 450.0, 384.0
358, 445.0, 382.0
359, 546.0, 310.0
360, 430.0, 409.0
361, 199.0, 338.0
362, 646.0, 96.0
363, 559.0, 26.0
364, 665.0, 167.0
365, 429.0, 437.0
366, 172.0, 373.0
367, 713.0, 461.0
368, 500.0, 345.0
369, 402.0, 408.0
370, 643.0, 289.0
371, 283.0, 404.0
372, 212.0, 380.0
373, 101.0, 463.0
374, 657.0, 146.0
375, 153.0, 435.0
376, 330.0, 452.0
377, 380.0, 322.0
378, 149.0, 323.0
379, 681.0, 447.0
380, 358.0, 354.0
381, 196.0, 437.0
382, 542.0, 407.0
383, 259.0, 330.0
384, 519.0, 30.0
385, 254.0, 471.0
386, 486.0, 310.0
387, 242.0, 27.0
388, 544.0, 386.0
389, 740.0, 348.0
390, 606.0, 425.0
391, 509.0, 348.0
392, 609.0, 290.0
393, 206.0, 368.0
394, 151.0, 417.0
395, 585.0, 345.0
396, 649.0, 397.0
397, 160.0, 344.0
398, 67.0, 338.0
399, 78.0, 319.0
400, 543.0, 332.0
401, 29.0, 377.0
402, 60.0, 318.0
403, 244.0, 400.0
404, 428.0, 280.0
405, 100.0, 318.0
406, 356.0, 452.0
407, 690.0, 266.0
408, 133.0, 427.0
409, 215.0, 470.0
410, 210.0, 416.0
411, 639.0, 240.0
412, 72.0, 462.0
413, 239.0, 410.0
414, 229.0, 312.0
415, 668.0, 366.0
416, 687.0, 295.0
417, 578.0, 310.0
418, 126.0, 137.0
419, 234.0, 344.0
420, 175.0, 405.0
421, 328.0, 267.0
422, 277.0, 343.0
423, 530.0, 315.0
424, 460.0, 328.0
425, 427.0, 380.0
426, 10.0, 358.0
427, 139.0, 326.0
428, 98.0, 327.0
429, 252.0, 155.0
430, 379.0, 370.0
431, 405.0, 440.0
432, 254.0, 300.0
433, 241.0, 15.0
434, 604.0, 50.0
435, 659.0, 392.0
436, 105.0, 345.0
437, 564.0, 435.0
438, 630.0, 373.0
439, 658.0, 409.0
440, 611.0, 348.0
441, 518.0, 370.0
442, 306.0, 412.0
443, 518.0, 41.0
444, 180.0, 410.0
445, 210.0, 356.0
446, 544.0, 71.0
447, 274.0, 404.0
448, 169.0, 356.0
449, 280.0, 358.0
450, 124.0, 348.0
451, 192.0, 343.0
452, 321.0, 447.0
453, 699.0, 151.0
454, 190.0, 353.0
455, 260.0, 241.0
456, 234.0, 428.0
457, 436.0, 153.0
458, 508.0, 28.0
459, 130.0, 166.0
460, 466.0, 364.0
461, 659.0, 419.0
462, 54.0, 418.0
463, 129.0, 154.0
464, 702.0, 359.0
465, 623.0, 335.0
466, 114.0, 64.0
467, 575.0, 301.0
468, 216.0, 411.0
469, 68.0, 321.0
470, 256.0, 456.0
471, 466.0, 469.0
472, 482.0, 105.0
473, 331.0, 434.0
474, 499.0, 82.0
475, 260.0, 305.0
476, 448.0, 362.0
477, 479.0, 471.0
478, 218.0, 361.0
479, 432.0, 223.0
480, 265.0, 346.0
481, 242.0, 356.0
482, 164.0, 256.0
483, 94.0, 288.0
484, 120.0, 99.0
485, 574.0, 218.0
486, 334.0, 406.0
487, 312.0, 383.0
488, 572.0, 291.0
489, 650.0, 334.0
490, 42.0, 346.0
491, 508.0, 379.0
492, 162.0, 379.0
493, 483.0, 362.0
494, 652.0, 380.0
495, 379.0, 380.0
496, 183.0, 369.0
497, 290.0, 319.0
498, 56.0, 307.0
499, 550.0, 84.0
