0, 622.0, 8.0
1, 588.0, 10.0
2, 577.0, 13.0
3, 195.0, 17.0
4, 600.0, 18.0
5, 587.0, 20.0
6, 564.0, 21.0
7, 569.0, 21.0
8, 384.0, 29.0
9, 600.0, 29.0
10, 626.0, 29.0
11, 389.0, 30.0
12, 584.0, 30.0
13, 576.0, 31.0
14, 412.0, 32.0
15, 561.0, 34.0
16, 495.0, 36.0
17, 411.0, 38.0
18, 253.0, 42.0
19, 477.0, 45.0
20, 596.0, 48.0
21, 196.0, 49.0
22, 253.0, 50.0
23, 395.0, 52.0
24, 155.0, 55.0
25, 476.0, 56.0
26, 484.0, 57.0
27, 492.0, 58.0
28, 595.0, 58.0
29, 192.0, 61.0
30, 594.0, 63.0
31, 395.0, 65.0
32, 198.0, 66.0
33, 482.0, 67.0
34, 592.0, 69.0
35, 491.0, 70.0
36, 474.0, 75.0
37, 197.0, 87.0
38, 393.0, 90.0
39, 388.0, 91.0
40, 473.0, 94.0
41, 487.0, 96.0
42, 486.0, 101.0
43, 393.0, 102.0
44, 409.0, 102.0
45, 429.0, 103.0
46, 445.0, 104.0
47, 458.0, 104.0
48, 252.0, 105.0
49, 470.0, 105.0
50, 475.0, 105.0
51, 480.0, 105.0
52, 583.0, 105.0
53, 486.0, 106.0
54, 252.0, 118.0
55, 252.0, 123.0
56, 390.0, 128.0
57, 252.0, 130.0
58, 468.0, 131.0
59, 204.0, 132.0
60, 390.0, 133.0
61, 209.0, 134.0
62, 252.0, 135.0
63, 189.0, 137.0
64, 482.0, 137.0
65, 211.0, 139.0
66, 173.0, 140.0
67, 206.0, 140.0
68, 391.0, 145.0
69, 252.0, 146.0
70, 156.0, 147.0
71, 383.0, 149.0
72, 466.0, 149.0
73, 134.0, 151.0
74, 211.0, 152.0
75, 383.0, 154.0
76, 532.0, 155.0
77, 481.0, 158.0
78, 193.0, 159.0
79, 541.0, 163.0
80, 177.0, 165.0
81, 606.0, 165.0
82, 253.0, 166.0
83, 574.0, 166.0
84, 434.0, 167.0
85, 559.0, 167.0
86, 530.0, 170.0
87, 161.0, 171.0
88, 596.0, 177.0
89, 139.0, 181.0
90, 115.0, 182.0
91, 575.0, 182.0
92, 580.0, 182.0
93, 602.0, 189.0
94, 608.0, 190.0
95, 717.0, 191.0
96, 615.0, 193.0
97, 631.0, 197.0
98, 219.0, 200.0
99, 640.0, 202.0
100, 383.0, 204.0
101, 221.0, 205.0
102, 650.0, 205.0
103, 659.0, 207.0
104, 228.0, 209.0
105, 272.0, 209.0
106, 739.0, 209.0
107, 266.0, 211.0
108, 670.0, 211.0
109, 180.0, 212.0
110, 255.0, 212.0
111, 261.0, 212.0
112, 383.0, 214.0
113, 390.0, 214.0
114, 237.0, 215.0
115, 681.0, 215.0
116, 378.0, 216.0
117, 367.0, 217.0
118, 560.0, 218.0
119, 692.0, 219.0
120, 324.0, 220.0
121, 189.0, 221.0
122, 244.0, 221.0
123, 331.0, 221.0
124, 378.0, 221.0
125, 297.0, 223.0
126, 302.0, 223.0
127, 705.0, 223.0
128, 359.0, 225.0
129, 316.0, 226.0
130, 341.0, 227.0
131, 373.0, 227.0
132, 717.0, 227.0
133, 229.0, 228.0
134, 346.0, 228.0
135, 609.0, 230.0
136, 256.0, 231.0
137, 267.0, 231.0
138, 675.0, 232.0
139, 731.0, 232.0
140, 360.0, 236.0
141, 687.0, 236.0
142, 229.0, 239.0
143, 373.0, 239.0
144, 224.0, 240.0
145, 642.0, 240.0
146, 662.0, 240.0
147, 372.0, 244.0
148, 685.0, 244.0
149, 335.0, 246.0
150, 345.0, 247.0
151, 355.0, 247.0
152, 367.0, 248.0
153, 380.0, 248.0
154, 174.0, 250.0
155, 681.0, 256.0
156, 616.0, 268.0
157, 541.0, 269.0
158, 735.0, 271.0
159, 743.0, 273.0
160, 677.0, 275.0
161, 677.0, 280.0
162, 684.0, 283.0
163, 405.0, 284.0
164, 674.0, 286.0
165, 638.0, 293.0
166, 645.0, 295.0
167, 665.0, 308.0
168, 614.0, 310.0
169, 690.0, 312.0
170, 384.0, 316.0
171, 541.0, 316.0
172, 378.0, 317.0
173, 629.0, 317.0
174, 593.0, 331.0
175, 254.0, 332.0
176, 260.0, 332.0
177, 266.0, 332.0
178, 182.0, 333.0
179, 243.0, 333.0
180, 271.0, 333.0
181, 279.0, 333.0
182, 285.0, 333.0
183, 292.0, 333.0
184, 298.0, 333.0
185, 323.0, 333.0
186, 328.0, 333.0
187, 333.0, 333.0
188, 341.0, 333.0
189, 347.0, 333.0
190, 353.0, 333.0
191, 698.0, 333.0
192, 303.0, 334.0
193, 309.0, 334.0
194, 316.0, 334.0
195, 365.0, 334.0
196, 238.0, 335.0
197, 705.0, 336.0
198, 646.0, 338.0
199, 655.0, 338.0
200, 680.0, 344.0
201, 199.0, 345.0
202, 234.0, 346.0
203, 524.0, 351.0
204, 459.0, 353.0
205, 417.0, 354.0
206, 500.0, 354.0
207, 538.0, 354.0
208, 377.0, 355.0
209, 387.0, 356.0
210, 690.0, 356.0
211, 230.0, 357.0
212, 650.0, 360.0
213, 663.0, 360.0
214, 542.0, 369.0
215, 668.0, 369.0
216, 225.0, 370.0
217, 626.0, 371.0
218, 634.0, 375.0
219, 699.0, 378.0
220, 740.0, 381.0
221, 700.0, 383.0
222, 709.0, 387.0
223, 525.0, 389.0
224, 559.0, 391.0
225, 330.0, 392.0
226, 342.0, 394.0
227, 349.0, 396.0
228, 379.0, 397.0
229, 329.0, 403.0
230, 541.0, 403.0
231, 524.0, 405.0
232, 659.0, 414.0
233, 586.0, 415.0
234, 664.0, 421.0
235, 592.0, 425.0
236, 598.0, 431.0
237, 273.0, 435.0
238, 195.0, 439.0
239, 532.0, 441.0
240, 307.0, 442.0
241, 606.0, 442.0
242, 287.0, 443.0
243, 216.0, 447.0
244, 306.0, 447.0
245, 360.0, 447.0
246, 612.0, 449.0
247, 187.0, 453.0
248, 304.0, 453.0
249, 686.0, 455.0
250, 506.0, 458.0
251, 180.0, 459.0
252, 172.0, 462.0
253, 619.0, 462.0
254, 178.0, 464.0
255, 46.0, 468.0
256, 67.0, 468.0
257, 179.0, 469.0
258, 539.0, 469.0
259, 186.0, 471.0
260, 338.0, 471.0
261, 627.0, 471.0
262, 639.0, 471.0
