0, 266.0, 11.0
1, 74.0, 14.0
2, 690.0, 14.0
3, 102.0, 21.0
4, 104.0, 26.0
5, 121.0, 26.0
6, 146.0, 29.0
7, 732.0, 29.0
8, 55.0, 32.0
9, 206.0, 33.0
10, 211.0, 34.0
11, 222.0, 34.0
12, 731.0, 34.0
13, 240.0, 35.0
14, 410.0, 37.0
15, 393.0, 38.0
16, 457.0, 39.0
17, 730.0, 39.0
18, 487.0, 40.0
19, 641.0, 43.0
20, 75.0, 44.0
21, 240.0, 46.0
22, 367.0, 46.0
23, 255.0, 47.0
24, 57.0, 49.0
25, 290.0, 51.0
26, 349.0, 54.0
27, 59.0, 58.0
28, 236.0, 59.0
29, 367.0, 60.0
30, 397.0, 66.0
31, 427.0, 67.0
32, 255.0, 68.0
33, 62.0, 69.0
34, 241.0, 69.0
35, 365.0, 76.0
36, 685.0, 77.0
37, 239.0, 78.0
38, 627.0, 78.0
39, 690.0, 78.0
40, 381.0, 81.0
41, 388.0, 81.0
42, 716.0, 82.0
43, 113.0, 84.0
44, 239.0, 86.0
45, 291.0, 87.0
46, 240.0, 91.0
47, 364.0, 93.0
48, 240.0, 96.0
49, 365.0, 98.0
50, 713.0, 100.0
51, 698.0, 102.0
52, 241.0, 103.0
53, 327.0, 103.0
54, 687.0, 103.0
55, 364.0, 104.0
56, 364.0, 109.0
57, 241.0, 111.0
58, 364.0, 114.0
59, 241.0, 116.0
60, 711.0, 117.0
61, 727.0, 117.0
62, 699.0, 119.0
63, 242.0, 121.0
64, 692.0, 125.0
65, 363.0, 127.0
66, 708.0, 127.0
67, 720.0, 129.0
68, 71.0, 130.0
69, 177.0, 134.0
70, 72.0, 137.0
71, 214.0, 139.0
72, 242.0, 139.0
73, 242.0, 144.0
74, 702.0, 148.0
75, 716.0, 149.0
76, 683.0, 151.0
77, 688.0, 152.0
78, 242.0, 153.0
79, 88.0, 158.0
80, 243.0, 158.0
81, 698.0, 159.0
82, 127.0, 161.0
83, 712.0, 161.0
84, 214.0, 163.0
85, 122.0, 164.0
86, 610.0, 164.0
87, 91.0, 167.0
88, 243.0, 168.0
89, 127.0, 175.0
90, 107.0, 178.0
91, 691.0, 181.0
92, 707.0, 182.0
93, 679.0, 183.0
94, 96.0, 185.0
95, 661.0, 185.0
96, 128.0, 186.0
97, 575.0, 186.0
98, 244.0, 188.0
99, 663.0, 191.0
100, 111.0, 192.0
101, 658.0, 192.0
102, 120.0, 193.0
103, 244.0, 193.0
104, 386.0, 193.0
105, 128.0, 195.0
106, 146.0, 195.0
107, 666.0, 196.0
108, 110.0, 197.0
109, 386.0, 198.0
110, 17.0, 199.0
111, 202.0, 199.0
112, 359.0, 200.0
113, 30.0, 201.0
114, 43.0, 202.0
115, 121.0, 202.0
116, 244.0, 203.0
117, 72.0, 205.0
118, 662.0, 205.0
119, 682.0, 205.0
120, 129.0, 206.0
121, 654.0, 207.0
122, 101.0, 208.0
123, 122.0, 208.0
124, 244.0, 208.0
125, 115.0, 209.0
126, 123.0, 213.0
127, 359.0, 217.0
128, 384.0, 218.0
129, 597.0, 218.0
130, 186.0, 219.0
131, 723.0, 219.0
132, 115.0, 222.0
133, 245.0, 222.0
134, 650.0, 223.0
135, 358.0, 224.0
136, 130.0, 225.0
137, 648.0, 230.0
138, 358.0, 233.0
139, 131.0, 235.0
140, 245.0, 237.0
141, 113.0, 239.0
142, 592.0, 239.0
143, 668.0, 247.0
144, 133.0, 248.0
145, 245.0, 248.0
146, 124.0, 249.0
147, 111.0, 251.0
148, 357.0, 252.0
149, 244.0, 253.0
150, 617.0, 256.0
151, 593.0, 259.0
152, 625.0, 259.0
153, 245.0, 260.0
154, 604.0, 261.0
155, 134.0, 262.0
156, 196.0, 268.0
157, 204.0, 269.0
158, 650.0, 269.0
159, 212.0, 270.0
160, 612.0, 270.0
161, 220.0, 271.0
162, 227.0, 271.0
163, 233.0, 271.0
164, 587.0, 271.0
165, 238.0, 272.0
166, 249.0, 272.0
167, 618.0, 274.0
168, 134.0, 277.0
169, 195.0, 278.0
170, 204.0, 279.0
171, 626.0, 279.0
172, 647.0, 279.0
173, 212.0, 280.0
174, 221.0, 280.0
175, 597.0, 280.0
176, 602.0, 280.0
177, 230.0, 281.0
178, 235.0, 281.0
179, 607.0, 281.0
180, 612.0, 281.0
181, 135.0, 282.0
182, 241.0, 282.0
183, 249.0, 282.0
184, 195.0, 283.0
185, 354.0, 285.0
186, 204.0, 288.0
187, 212.0, 288.0
188, 217.0, 288.0
189, 222.0, 289.0
190, 230.0, 289.0
191, 240.0, 290.0
192, 195.0, 291.0
193, 249.0, 291.0
194, 269.0, 293.0
195, 111.0, 294.0
196, 195.0, 296.0
197, 203.0, 296.0
198, 212.0, 296.0
199, 222.0, 297.0
200, 184.0, 298.0
201, 217.0, 298.0
202, 227.0, 298.0
203, 232.0, 298.0
204, 240.0, 299.0
205, 249.0, 300.0
206, 195.0, 304.0
207, 135.0, 305.0
208, 203.0, 305.0
209, 211.0, 305.0
210, 111.0, 306.0
211, 217.0, 306.0
212, 222.0, 306.0
213, 227.0, 306.0
214, 232.0, 307.0
215, 355.0, 307.0
216, 128.0, 308.0
217, 240.0, 308.0
218, 248.0, 309.0
219, 194.0, 313.0
220, 203.0, 313.0
221, 119.0, 314.0
222, 209.0, 314.0
223, 214.0, 314.0
224, 219.0, 314.0
225, 225.0, 315.0
226, 230.0, 316.0
227, 239.0, 316.0
228, 248.0, 317.0
229, 670.0, 319.0
230, 194.0, 321.0
231, 203.0, 322.0
232, 210.0, 322.0
233, 110.0, 323.0
234, 218.0, 323.0
235, 129.0, 324.0
236, 223.0, 324.0
237, 228.0, 324.0
238, 233.0, 324.0
239, 239.0, 325.0
240, 248.0, 325.0
241, 119.0, 326.0
242, 194.0, 330.0
243, 202.0, 330.0
244, 210.0, 331.0
245, 215.0, 332.0
246, 223.0, 332.0
247, 134.0, 333.0
248, 184.0, 333.0
249, 228.0, 333.0
250, 234.0, 333.0
251, 247.0, 333.0
252, 189.0, 334.0
253, 239.0, 334.0
254, 109.0, 335.0
255, 262.0, 335.0
256, 292.0, 337.0
257, 354.0, 337.0
258, 124.0, 338.0
259, 194.0, 339.0
260, 202.0, 340.0
261, 209.0, 340.0
262, 214.0, 341.0
263, 223.0, 342.0
264, 228.0, 342.0
265, 235.0, 342.0
266, 242.0, 343.0
267, 626.0, 343.0
268, 247.0, 344.0
269, 638.0, 345.0
270, 143.0, 348.0
271, 89.0, 349.0
272, 169.0, 349.0
273, 109.0, 350.0
274, 129.0, 352.0
275, 193.0, 353.0
276, 188.0, 354.0
277, 566.0, 354.0
278, 587.0, 355.0
279, 61.0, 358.0
280, 599.0, 359.0
281, 617.0, 359.0
282, 95.0, 360.0
283, 604.0, 360.0
284, 125.0, 362.0
285, 137.0, 362.0
286, 151.0, 362.0
287, 201.0, 362.0
288, 191.0, 364.0
289, 196.0, 365.0
290, 630.0, 365.0
291, 78.0, 368.0
292, 102.0, 370.0
293, 119.0, 370.0
294, 142.0, 371.0
295, 154.0, 371.0
296, 95.0, 373.0
297, 130.0, 373.0
298, 71.0, 375.0
299, 87.0, 376.0
300, 194.0, 376.0
301, 205.0, 376.0
302, 256.0, 376.0
303, 326.0, 376.0
304, 109.0, 377.0
305, 176.0, 377.0
306, 123.0, 379.0
307, 159.0, 379.0
308, 627.0, 379.0
309, 59.0, 380.0
310, 229.0, 380.0
311, 639.0, 380.0
312, 80.0, 381.0
313, 135.0, 381.0
314, 178.0, 382.0
315, 664.0, 382.0
316, 19.0, 383.0
317, 90.0, 383.0
318, 64.0, 385.0
319, 163.0, 386.0
320, 54.0, 387.0
321, 99.0, 391.0
322, 108.0, 391.0
323, 113.0, 391.0
324, 128.0, 392.0
325, 141.0, 392.0
326, 160.0, 395.0
327, 170.0, 396.0
328, 62.0, 400.0
329, 74.0, 400.0
330, 87.0, 400.0
331, 125.0, 400.0
332, 143.0, 400.0
333, 119.0, 401.0
334, 130.0, 401.0
335, 165.0, 403.0
336, 35.0, 404.0
337, 186.0, 405.0
338, 12.0, 406.0
339, 146.0, 407.0
340, 160.0, 407.0
341, 22.0, 408.0
342, 54.0, 408.0
343, 66.0, 408.0
344, 175.0, 408.0
345, 89.0, 409.0
346, 112.0, 409.0
347, 123.0, 409.0
348, 74.0, 410.0
349, 139.0, 410.0
350, 609.0, 411.0
351, 155.0, 412.0
352, 191.0, 413.0
353, 164.0, 415.0
354, 141.0, 417.0
355, 625.0, 417.0
356, 151.0, 418.0
357, 630.0, 419.0
358, 114.0, 421.0
359, 171.0, 421.0
360, 26.0, 422.0
361, 108.0, 423.0
362, 134.0, 424.0
363, 183.0, 425.0
364, 39.0, 426.0
365, 99.0, 428.0
366, 326.0, 429.0
367, 336.0, 429.0
368, 372.0, 429.0
369, 138.0, 430.0
370, 8.0, 432.0
371, 157.0, 432.0
372, 331.0, 432.0
373, 29.0, 434.0
374, 129.0, 434.0
375, 146.0, 434.0
376, 18.0, 436.0
377, 183.0, 436.0
378, 167.0, 437.0
379, 228.0, 438.0
380, 46.0, 439.0
381, 103.0, 439.0
382, 260.0, 439.0
383, 353.0, 439.0
384, 265.0, 441.0
385, 327.0, 441.0
386, 335.0, 441.0
387, 126.0, 442.0
388, 172.0, 443.0
389, 143.0, 444.0
390, 303.0, 445.0
391, 57.0, 446.0
392, 96.0, 446.0
393, 184.0, 446.0
394, 196.0, 447.0
395, 355.0, 447.0
396, 445.0, 448.0
397, 34.0, 451.0
398, 68.0, 451.0
399, 98.0, 451.0
400, 109.0, 451.0
401, 120.0, 452.0
402, 393.0, 453.0
403, 412.0, 453.0
404, 88.0, 454.0
405, 277.0, 454.0
406, 445.0, 454.0
407, 430.0, 455.0
408, 62.0, 456.0
409, 172.0, 456.0
410, 257.0, 456.0
411, 310.0, 457.0
412, 195.0, 458.0
413, 239.0, 458.0
414, 316.0, 458.0
415, 384.0, 458.0
416, 50.0, 459.0
417, 95.0, 459.0
418, 328.0, 459.0
419, 103.0, 460.0
420, 114.0, 460.0
421, 183.0, 460.0
422, 272.0, 460.0
423, 338.0, 460.0
424, 144.0, 461.0
425, 432.0, 461.0
426, 207.0, 462.0
427, 301.0, 462.0
428, 254.0, 463.0
429, 353.0, 463.0
430, 423.0, 463.0
431, 454.0, 463.0
432, 409.0, 465.0
433, 541.0, 465.0
434, 176.0, 466.0
435, 361.0, 466.0
436, 46.0, 467.0
437, 249.0, 467.0
438, 264.0, 467.0
439, 96.0, 468.0
440, 109.0, 468.0
441, 284.0, 468.0
442, 381.0, 468.0
443, 188.0, 469.0
444, 200.0, 469.0
445, 311.0, 469.0
446, 376.0, 469.0
447, 212.0, 470.0
448, 541.0, 470.0
449, 55.0, 471.0
450, 321.0, 471.0
451, 333.0, 471.0
452, 351.0, 471.0
453, 398.0, 471.0
