0, 489.0, 8.0
1, 298.0, 9.0
2, 632.0, 12.0
3, 297.0, 14.0
4, 396.0, 14.0
5, 396.0, 19.0
6, 598.0, 19.0
7, 612.0, 22.0
8, 173.0, 23.0
9, 166.0, 24.0
10, 236.0, 24.0
11, 298.0, 24.0
12, 629.0, 25.0
13, 658.0, 25.0
14, 396.0, 27.0
15, 275.0, 32.0
16, 298.0, 32.0
17, 298.0, 40.0
18, 633.0, 47.0
19, 298.0, 48.0
20, 493.0, 49.0
21, 176.0, 52.0
22, 487.0, 52.0
23, 631.0, 52.0
24, 159.0, 53.0
25, 298.0, 53.0
26, 265.0, 56.0
27, 591.0, 56.0
28, 160.0, 58.0
29, 396.0, 58.0
30, 631.0, 58.0
31, 603.0, 61.0
32, 395.0, 63.0
33, 298.0, 67.0
34, 492.0, 67.0
35, 178.0, 70.0
36, 298.0, 78.0
37, 32.0, 79.0
38, 299.0, 83.0
39, 591.0, 83.0
40, 166.0, 84.0
41, 177.0, 84.0
42, 172.0, 85.0
43, 585.0, 85.0
44, 599.0, 86.0
45, 299.0, 88.0
46, 393.0, 90.0
47, 631.0, 90.0
48, 626.0, 91.0
49, 161.0, 92.0
50, 637.0, 96.0
51, 669.0, 98.0
52, 719.0, 98.0
53, 299.0, 100.0
54, 9.0, 101.0
55, 33.0, 102.0
56, 53.0, 103.0
57, 393.0, 104.0
58, 102.0, 105.0
59, 170.0, 105.0
60, 299.0, 105.0
61, 120.0, 106.0
62, 163.0, 106.0
63, 178.0, 108.0
64, 393.0, 109.0
65, 729.0, 109.0
66, 299.0, 110.0
67, 681.0, 112.0
68, 659.0, 113.0
69, 243.0, 119.0
70, 299.0, 119.0
71, 183.0, 121.0
72, 393.0, 121.0
73, 701.0, 121.0
74, 665.0, 127.0
75, 681.0, 133.0
76, 185.0, 134.0
77, 392.0, 135.0
78, 714.0, 136.0
79, 719.0, 136.0
80, 300.0, 137.0
81, 734.0, 137.0
82, 183.0, 139.0
83, 356.0, 139.0
84, 351.0, 140.0
85, 471.0, 144.0
86, 186.0, 145.0
87, 478.0, 146.0
88, 666.0, 146.0
89, 301.0, 149.0
90, 688.0, 149.0
91, 717.0, 153.0
92, 429.0, 154.0
93, 548.0, 154.0
94, 698.0, 155.0
95, 188.0, 158.0
96, 571.0, 160.0
97, 652.0, 161.0
98, 614.0, 162.0
99, 189.0, 164.0
100, 621.0, 164.0
101, 637.0, 166.0
102, 651.0, 167.0
103, 188.0, 169.0
104, 677.0, 170.0
105, 477.0, 173.0
106, 700.0, 174.0
107, 708.0, 175.0
108, 723.0, 176.0
109, 76.0, 183.0
110, 81.0, 183.0
111, 473.0, 186.0
112, 680.0, 189.0
113, 122.0, 195.0
114, 107.0, 213.0
115, 599.0, 256.0
116, 133.0, 299.0
117, 575.0, 334.0
118, 523.0, 348.0
119, 659.0, 364.0
120, 544.0, 384.0
121, 399.0, 394.0
122, 499.0, 398.0
123, 552.0, 401.0
124, 349.0, 403.0
125, 718.0, 407.0
126, 388.0, 409.0
127, 560.0, 409.0
128, 340.0, 411.0
129, 364.0, 411.0
130, 537.0, 412.0
131, 420.0, 413.0
132, 207.0, 414.0
133, 395.0, 414.0
134, 547.0, 417.0
135, 257.0, 421.0
136, 341.0, 421.0
137, 557.0, 422.0
138, 147.0, 423.0
139, 388.0, 423.0
140, 326.0, 424.0
141, 523.0, 424.0
142, 278.0, 425.0
143, 372.0, 425.0
144, 534.0, 425.0
145, 399.0, 426.0
146, 508.0, 427.0
147, 262.0, 429.0
148, 334.0, 429.0
149, 444.0, 429.0
150, 247.0, 430.0
151, 321.0, 431.0
152, 382.0, 431.0
153, 567.0, 431.0
154, 16.0, 432.0
155, 167.0, 432.0
156, 430.0, 432.0
157, 77.0, 433.0
158, 132.0, 433.0
159, 306.0, 433.0
160, 346.0, 433.0
161, 341.0, 434.0
162, 367.0, 434.0
163, 541.0, 435.0
164, 553.0, 435.0
165, 590.0, 436.0
166, 212.0, 437.0
167, 401.0, 437.0
168, 313.0, 438.0
169, 388.0, 440.0
170, 322.0, 441.0
171, 374.0, 442.0
172, 219.0, 443.0
173, 333.0, 443.0
174, 345.0, 444.0
175, 409.0, 444.0
176, 551.0, 446.0
177, 304.0, 448.0
178, 142.0, 449.0
179, 327.0, 449.0
180, 380.0, 450.0
181, 394.0, 450.0
182, 627.0, 450.0
183, 418.0, 451.0
184, 112.0, 453.0
185, 191.0, 453.0
186, 337.0, 454.0
187, 349.0, 455.0
188, 294.0, 456.0
189, 143.0, 457.0
190, 547.0, 457.0
191, 360.0, 458.0
192, 180.0, 461.0
193, 438.0, 461.0
194, 302.0, 463.0
195, 384.0, 463.0
196, 615.0, 463.0
197, 82.0, 464.0
198, 237.0, 464.0
199, 370.0, 464.0
200, 449.0, 464.0
201, 600.0, 465.0
202, 269.0, 467.0
203, 393.0, 468.0
204, 350.0, 469.0
205, 195.0, 471.0
206, 211.0, 471.0
207, 295.0, 471.0
208, 377.0, 471.0
