0, 156.0, 393.0
1, 137.0, 393.0
2, 517.0, 383.0
3, 235.0, 20.0
4, 132.0, 387.0
5, 95.0, 462.0
6, 451.0, 385.0
7, 88.0, 325.0
8, 271.0, 165.0
9, 314.0, 292.0
10, 135.0, 295.0
11, 597.0, 32.0
12, 97.0, 320.0
13, 78.0, 337.0
14, 48.0, 275.0
15, 67.0, 355.0
16, 353.0, 429.0
17, 29.0, 360.0
18, 143.0, 271.0
19, 369.0, 462.0
20, 258.0, 21.0
21, 158.0, 356.0
22, 91.0, 306.0
23, 316.0, 444.0
24, 599.0, 120.0
25, 314.0, 107.0
26, 636.0, 408.0
27, 489.0, 28.0
28, 51.0, 179.0
29, 142.0, 364.0
30, 338.0, 247.0
31, 626.0, 402.0
32, 638.0, 167.0
33, 446.0, 170.0
34, 111.0, 432.0
35, 216.0, 352.0
36, 189.0, 297.0
37, 15.0, 366.0
38, 180.0, 345.0
39, 454.0, 24.0
40, 671.0, 307.0
41, 499.0, 372.0
42, 347.0, 20.0
43, 122.0, 343.0
44, 465.0, 379.0
45, 589.0, 410.0
46, 157.0, 340.0
47, 401.0, 153.0
48, 74.0, 171.0
49, 502.0, 128.0
50, 24.0, 455.0
51, 203.0, 98.0
52, 111.0, 330.0
53, 607.0, 428.0
54, 385.0, 258.0
55, 281.0, 168.0
56, 259.0, 42.0
57, 130.0, 274.0
58, 626.0, 354.0
59, 342.0, 131.0
60, 154.0, 291.0
61, 28.0, 404.0
62, 237.0, 68.0
63, 132.0, 328.0
64, 223.0, 421.0
65, 505.0, 389.0
66, 41.0, 443.0
67, 288.0, 150.0
68, 372.0, 282.0
69, 429.0, 393.0
70, 100.0, 310.0
71, 535.0, 372.0
72, 23.0, 428.0
73, 625.0, 438.0
74, 41.0, 407.0
75, 607.0, 325.0
76, 465.0, 268.0
77, 419.0, 434.0
78, 85.0, 435.0
79, 87.0, 360.0
80, 184.0, 373.0
81, 569.0, 397.0
82, 317.0, 11.0
83, 539.0, 285.0
84, 236.0, 46.0
85, 512.0, 49.0
86, 452.0, 43.0
87, 26.0, 336.0
88, 601.0, 104.0
89, 297.0, 453.0
90, 83.0, 448.0
91, 433.0, 352.0
92, 71.0, 398.0
93, 189.0, 396.0
94, 374.0, 418.0
95, 560.0, 210.0
96, 555.0, 165.0
97, 144.0, 374.0
98, 547.0, 408.0
99, 414.0, 400.0
100, 236.0, 400.0
101, 260.0, 162.0
102, 579.0, 441.0
103, 312.0, 221.0
104, 213.0, 397.0
105, 620.0, 145.0
106, 152.0, 183.0
107, 155.0, 422.0
108, 56.0, 310.0
109, 134.0, 312.0
110, 37.0, 173.0
111, 41.0, 191.0
112, 130.0, 380.0
113, 441.0, 116.0
114, 261.0, 70.0
115, 195.0, 374.0
116, 314.0, 123.0
117, 114.0, 291.0
118, 442.0, 423.0
119, 450.0, 137.0
120, 532.0, 65.0
121, 402.0, 406.0
122, 594.0, 46.0
123, 384.0, 144.0
124, 414.0, 23.0
125, 198.0, 342.0
126, 206.0, 130.0
127, 418.0, 461.0
128, 313.0, 154.0
129, 328.0, 469.0
130, 201.0, 69.0
131, 621.0, 102.0
132, 645.0, 276.0
133, 554.0, 384.0
134, 423.0, 108.0
135, 48.0, 459.0
136, 373.0, 261.0
137, 333.0, 214.0
138, 534.0, 416.0
139, 10.0, 412.0
140, 276.0, 178.0
141, 486.0, 355.0
142, 106.0, 382.0
143, 191.0, 363.0
144, 340.0, 93.0
145, 425.0, 364.0
146, 46.0, 415.0
147, 192.0, 314.0
148, 8.0, 458.0
149, 269.0, 213.0
150, 249.0, 313.0
151, 259.0, 135.0
152, 137.0, 64.0
153, 213.0, 294.0
154, 572.0, 71.0
155, 586.0, 76.0
156, 109.0, 301.0
157, 445.0, 72.0
158, 626.0, 132.0
159, 648.0, 202.0
160, 145.0, 94.0
161, 460.0, 414.0
162, 314.0, 78.0
163, 610.0, 297.0
164, 58.0, 257.0
165, 392.0, 98.0
166, 147.0, 129.0
167, 209.0, 379.0
168, 480.0, 138.0
169, 202.0, 83.0
170, 40.0, 354.0
171, 261.0, 241.0
172, 163.0, 251.0
173, 274.0, 223.0
174, 665.0, 177.0
175, 108.0, 314.0
176, 163.0, 322.0
177, 574.0, 186.0
178, 511.0, 361.0
179, 481.0, 374.0
180, 476.0, 220.0
181, 287.0, 280.0
182, 593.0, 369.0
183, 611.0, 185.0
184, 495.0, 305.0
185, 567.0, 451.0
186, 30.0, 306.0
187, 71.0, 408.0
188, 566.0, 320.0
189, 176.0, 380.0
190, 466.0, 411.0
191, 642.0, 109.0
192, 627.0, 15.0
193, 235.0, 129.0
194, 553.0, 332.0
195, 48.0, 338.0
196, 257.0, 104.0
197, 621.0, 40.0
198, 334.0, 296.0
199, 256.0, 98.0
200, 149.0, 389.0
201, 546.0, 176.0
202, 601.0, 168.0
203, 205.0, 367.0
204, 545.0, 376.0
205, 530.0, 239.0
206, 587.0, 171.0
207, 151.0, 161.0
208, 559.0, 304.0
209, 280.0, 195.0
210, 435.0, 427.0
211, 171.0, 401.0
212, 493.0, 445.0
213, 85.0, 430.0
214, 540.0, 320.0
215, 567.0, 170.0
216, 57.0, 434.0
217, 500.0, 442.0
218, 594.0, 151.0
219, 183.0, 386.0
220, 606.0, 155.0
221, 616.0, 157.0
222, 631.0, 200.0
223, 423.0, 329.0
224, 558.0, 372.0
225, 29.0, 421.0
226, 551.0, 303.0
227, 480.0, 305.0
228, 621.0, 184.0
229, 585.0, 187.0
230, 523.0, 100.0
231, 598.0, 294.0
232, 488.0, 379.0
233, 399.0, 21.0
234, 576.0, 229.0
235, 631.0, 25.0
236, 426.0, 182.0
237, 274.0, 340.0
238, 262.0, 296.0
239, 18.0, 415.0
240, 143.0, 440.0
241, 648.0, 221.0
242, 586.0, 300.0
243, 442.0, 219.0
244, 203.0, 355.0
245, 614.0, 124.0
246, 406.0, 113.0
247, 279.0, 157.0
248, 270.0, 199.0
249, 546.0, 424.0
250, 132.0, 434.0
251, 208.0, 374.0
252, 464.0, 85.0
253, 577.0, 297.0
254, 407.0, 378.0
255, 628.0, 317.0
256, 543.0, 295.0
257, 199.0, 384.0
258, 272.0, 188.0
259, 331.0, 130.0
260, 317.0, 467.0
261, 236.0, 134.0
262, 62.0, 174.0
263, 658.0, 303.0
264, 419.0, 305.0
265, 580.0, 205.0
266, 129.0, 371.0
267, 651.0, 79.0
268, 651.0, 96.0
269, 653.0, 301.0
270, 625.0, 170.0
271, 69.0, 317.0
272, 540.0, 411.0
273, 105.0, 449.0
274, 531.0, 358.0
275, 236.0, 32.0
276, 169.0, 434.0
277, 574.0, 445.0
278, 627.0, 327.0
279, 592.0, 453.0
280, 259.0, 57.0
281, 582.0, 113.0
282, 520.0, 122.0
283, 487.0, 399.0
284, 572.0, 380.0
285, 143.0, 79.0
286, 27.0, 168.0
287, 319.0, 47.0
288, 149.0, 117.0
289, 597.0, 361.0
290, 614.0, 174.0
291, 315.0, 305.0
292, 120.0, 180.0
293, 504.0, 18.0
294, 169.0, 390.0
295, 452.0, 352.0
296, 616.0, 397.0
297, 605.0, 391.0
298, 640.0, 77.0
299, 244.0, 46.0
300, 82.0, 396.0
301, 600.0, 202.0
302, 490.0, 10.0
303, 380.0, 204.0
304, 565.0, 247.0
305, 570.0, 234.0
306, 152.0, 166.0
307, 634.0, 269.0
308, 292.0, 455.0
309, 493.0, 100.0
310, 469.0, 311.0
311, 351.0, 381.0
312, 569.0, 160.0
313, 125.0, 377.0
314, 608.0, 120.0
315, 69.0, 326.0
316, 169.0, 353.0
317, 406.0, 298.0
318, 275.0, 206.0
319, 656.0, 204.0
320, 590.0, 64.0
321, 171.0, 367.0
322, 163.0, 371.0
323, 426.0, 256.0
324, 605.0, 91.0
325, 543.0, 348.0
326, 294.0, 111.0
327, 400.0, 446.0
328, 529.0, 249.0
329, 587.0, 224.0
330, 393.0, 8.0
331, 661.0, 80.0
332, 91.0, 336.0
333, 279.0, 235.0
334, 444.0, 97.0
335, 109.0, 460.0
336, 623.0, 87.0
337, 446.0, 410.0
338, 143.0, 385.0
339, 282.0, 278.0
340, 596.0, 277.0
341, 82.0, 403.0
342, 393.0, 85.0
343, 241.0, 30.0
344, 150.0, 366.0
345, 51.0, 313.0
346, 509.0, 180.0
347, 160.0, 439.0
348, 566.0, 386.0
349, 615.0, 89.0
350, 127.0, 414.0
351, 323.0, 336.0
352, 696.0, 74.0
353, 641.0, 251.0
354, 267.0, 452.0
355, 615.0, 165.0
356, 655.0, 19.0
357, 549.0, 312.0
358, 581.0, 157.0
359, 229.0, 318.0
360, 570.0, 150.0
361, 615.0, 11.0
362, 119.0, 423.0
363, 523.0, 361.0
364, 408.0, 284.0
365, 12.0, 392.0
366, 575.0, 135.0
367, 119.0, 185.0
368, 609.0, 52.0
369, 9.0, 126.0
370, 218.0, 319.0
371, 143.0, 74.0
372, 618.0, 323.0
373, 263.0, 246.0
374, 71.0, 451.0
375, 593.0, 55.0
376, 495.0, 137.0
377, 691.0, 109.0
378, 619.0, 270.0
379, 643.0, 147.0
380, 179.0, 137.0
381, 339.0, 230.0
382, 651.0, 267.0
383, 632.0, 118.0
384, 437.0, 144.0
385, 409.0, 328.0
386, 677.0, 123.0
387, 621.0, 234.0
388, 414.0, 388.0
389, 383.0, 432.0
390, 506.0, 73.0
391, 20.0, 335.0
392, 605.0, 241.0
393, 617.0, 113.0
394, 613.0, 360.0
395, 428.0, 307.0
396, 106.0, 400.0
397, 527.0, 349.0
398, 219.0, 309.0
399, 136.0, 405.0
400, 618.0, 208.0
401, 112.0, 296.0
402, 571.0, 42.0
403, 354.0, 161.0
404, 462.0, 30.0
405, 320.0, 331.0
406, 635.0, 179.0
407, 467.0, 63.0
408, 486.0, 204.0
409, 475.0, 335.0
410, 603.0, 69.0
411, 619.0, 193.0
412, 580.0, 374.0
413, 517.0, 145.0
414, 557.0, 349.0
415, 43.0, 329.0
416, 505.0, 144.0
417, 673.0, 151.0
418, 542.0, 143.0
419, 638.0, 41.0
420, 558.0, 175.0
421, 435.0, 452.0
422, 330.0, 438.0
423, 304.0, 305.0
424, 471.0, 417.0
425, 322.0, 223.0
426, 651.0, 118.0
427, 523.0, 94.0
428, 194.0, 384.0
429, 372.0, 390.0
430, 491.0, 324.0
431, 390.0, 470.0
432, 592.0, 293.0
433, 74.0, 346.0
434, 450.0, 55.0
435, 507.0, 351.0
436, 201.0, 350.0
437, 326.0, 341.0
438, 120.0, 250.0
439, 600.0, 304.0
440, 295.0, 193.0
441, 635.0, 87.0
442, 432.0, 335.0
443, 281.0, 359.0
444, 603.0, 64.0
445, 577.0, 346.0
446, 145.0, 343.0
447, 567.0, 190.0
448, 107.0, 422.0
449, 413.0, 39.0
450, 658.0, 139.0
451, 32.0, 311.0
452, 255.0, 93.0
453, 108.0, 351.0
454, 602.0, 361.0
455, 370.0, 371.0
456, 376.0, 364.0
457, 686.0, 60.0
458, 129.0, 9.0
459, 581.0, 327.0
460, 643.0, 121.0
461, 504.0, 23.0
462, 683.0, 110.0
463, 696.0, 55.0
464, 690.0, 98.0
465, 618.0, 66.0
466, 486.0, 40.0
467, 82.0, 360.0
468, 452.0, 187.0
469, 64.0, 340.0
470, 197.0, 367.0
471, 64.0, 329.0
472, 98.0, 471.0
473, 69.0, 190.0
474, 247.0, 117.0
475, 167.0, 346.0
476, 56.0, 324.0
477, 591.0, 160.0
478, 467.0, 355.0
479, 122.0, 322.0
480, 490.0, 335.0
481, 587.0, 178.0
482, 620.0, 264.0
483, 615.0, 30.0
484, 438.0, 250.0
485, 355.0, 129.0
486, 154.0, 383.0
487, 468.0, 325.0
488, 549.0, 441.0
489, 405.0, 317.0
490, 537.0, 356.0
491, 184.0, 408.0
492, 628.0, 301.0
493, 542.0, 312.0
494, 268.0, 179.0
495, 595.0, 139.0
496, 522.0, 221.0
497, 636.0, 130.0
498, 46.0, 453.0
499, 532.0, 141.0
