0, 257.0, 82.0
1, 573.0, 21.0
2, 77.0, 368.0
3, 141.0, 70.0
4, 161.0, 115.0
5, 522.0, 152.0
6, 653.0, 190.0
7, 463.0, 139.0
8, 230.0, 29.0
9, 215.0, 398.0
10, 524.0, 96.0
11, 685.0, 58.0
12, 695.0, 65.0
13, 710.0, 52.0
14, 690.0, 97.0
15, 194.0, 20.0
16, 596.0, 133.0
17, 251.0, 117.0
18, 663.0, 134.0
19, 710.0, 140.0
20, 130.0, 95.0
21, 679.0, 105.0
22, 258.0, 93.0
23, 692.0, 84.0
24, 45.0, 260.0
25, 151.0, 111.0
26, 586.0, 22.0
27, 156.0, 37.0
28, 162.0, 82.0
29, 261.0, 118.0
30, 183.0, 307.0
31, 731.0, 19.0
32, 173.0, 324.0
33, 48.0, 116.0
34, 120.0, 215.0
35, 582.0, 40.0
36, 588.0, 10.0
37, 62.0, 317.0
38, 673.0, 147.0
39, 678.0, 89.0
40, 248.0, 211.0
41, 527.0, 114.0
42, 58.0, 349.0
43, 159.0, 103.0
44, 198.0, 33.0
45, 604.0, 19.0
46, 556.0, 133.0
47, 679.0, 126.0
48, 384.0, 157.0
49, 640.0, 187.0
50, 164.0, 92.0
51, 42.0, 281.0
52, 399.0, 188.0
53, 346.0, 380.0
54, 705.0, 84.0
55, 339.0, 77.0
56, 153.0, 130.0
57, 16.0, 99.0
58, 578.0, 13.0
59, 282.0, 182.0
60, 355.0, 287.0
61, 184.0, 288.0
62, 236.0, 143.0
63, 272.0, 234.0
64, 291.0, 74.0
65, 541.0, 29.0
66, 169.0, 136.0
67, 502.0, 102.0
68, 22.0, 364.0
69, 646.0, 261.0
70, 177.0, 189.0
71, 487.0, 162.0
72, 272.0, 277.0
73, 720.0, 155.0
74, 343.0, 202.0
75, 190.0, 255.0
76, 338.0, 296.0
77, 707.0, 197.0
78, 212.0, 220.0
79, 187.0, 32.0
80, 490.0, 128.0
81, 291.0, 186.0
82, 165.0, 200.0
83, 701.0, 42.0
84, 609.0, 133.0
85, 631.0, 256.0
86, 231.0, 104.0
87, 536.0, 135.0
88, 721.0, 42.0
89, 282.0, 282.0
90, 267.0, 74.0
91, 498.0, 164.0
92, 335.0, 204.0
93, 227.0, 61.0
94, 279.0, 95.0
95, 165.0, 184.0
96, 682.0, 75.0
97, 185.0, 321.0
98, 600.0, 34.0
99, 385.0, 78.0
100, 182.0, 51.0
101, 197.0, 177.0
102, 67.0, 302.0
103, 367.0, 300.0
104, 728.0, 468.0
105, 215.0, 61.0
106, 201.0, 213.0
107, 690.0, 45.0
108, 340.0, 50.0
109, 142.0, 224.0
110, 239.0, 37.0
111, 198.0, 88.0
112, 414.0, 167.0
113, 501.0, 124.0
114, 190.0, 237.0
115, 183.0, 22.0
116, 155.0, 279.0
117, 549.0, 172.0
118, 263.0, 14.0
119, 189.0, 345.0
120, 173.0, 28.0
121, 210.0, 299.0
122, 294.0, 34.0
123, 707.0, 108.0
124, 191.0, 408.0
125, 324.0, 308.0
126, 140.0, 41.0
127, 186.0, 219.0
128, 680.0, 192.0
129, 498.0, 281.0
130, 185.0, 102.0
131, 39.0, 113.0
132, 206.0, 266.0
133, 75.0, 457.0
134, 304.0, 320.0
135, 200.0, 200.0
136, 551.0, 33.0
137, 208.0, 139.0
138, 355.0, 70.0
139, 151.0, 178.0
140, 244.0, 354.0
141, 134.0, 59.0
142, 167.0, 127.0
143, 99.0, 71.0
144, 743.0, 202.0
145, 198.0, 330.0
146, 318.0, 215.0
147, 199.0, 220.0
148, 40.0, 201.0
149, 520.0, 167.0
150, 302.0, 88.0
151, 67.0, 378.0
152, 280.0, 222.0
153, 196.0, 280.0
154, 162.0, 135.0
155, 147.0, 160.0
156, 539.0, 100.0
157, 168.0, 8.0
158, 185.0, 138.0
159, 508.0, 40.0
160, 174.0, 258.0
161, 422.0, 154.0
162, 162.0, 156.0
163, 251.0, 165.0
164, 207.0, 349.0
165, 62.0, 358.0
166, 208.0, 148.0
167, 205.0, 308.0
168, 219.0, 36.0
169, 404.0, 154.0
170, 325.0, 341.0
171, 198.0, 311.0
172, 527.0, 375.0
173, 206.0, 36.0
174, 710.0, 126.0
175, 505.0, 444.0
176, 212.0, 313.0
177, 156.0, 156.0
178, 492.0, 138.0
179, 263.0, 108.0
180, 48.0, 316.0
181, 272.0, 117.0
182, 373.0, 440.0
183, 136.0, 397.0
184, 372.0, 239.0
185, 229.0, 404.0
186, 148.0, 101.0
187, 94.0, 434.0
188, 290.0, 195.0
189, 557.0, 35.0
190, 40.0, 365.0
191, 340.0, 317.0
192, 406.0, 38.0
193, 285.0, 311.0
194, 207.0, 129.0
195, 87.0, 338.0
196, 157.0, 214.0
197, 252.0, 396.0
198, 288.0, 294.0
199, 175.0, 443.0
200, 48.0, 365.0
201, 55.0, 340.0
202, 526.0, 33.0
203, 497.0, 361.0
204, 532.0, 377.0
205, 279.0, 125.0
206, 175.0, 338.0
207, 729.0, 430.0
208, 277.0, 319.0
209, 501.0, 136.0
210, 44.0, 351.0
211, 559.0, 178.0
212, 463.0, 420.0
213, 713.0, 74.0
214, 186.0, 333.0
215, 462.0, 162.0
216, 639.0, 258.0
217, 226.0, 50.0
218, 539.0, 192.0
219, 151.0, 64.0
220, 274.0, 205.0
221, 710.0, 265.0
222, 174.0, 49.0
223, 651.0, 208.0
224, 208.0, 22.0
225, 331.0, 192.0
226, 309.0, 293.0
227, 743.0, 19.0
228, 312.0, 30.0
229, 176.0, 265.0
230, 682.0, 68.0
231, 448.0, 465.0
232, 193.0, 47.0
233, 550.0, 44.0
234, 128.0, 366.0
235, 455.0, 341.0
236, 290.0, 312.0
237, 65.0, 445.0
238, 274.0, 285.0
239, 530.0, 169.0
240, 88.0, 279.0
241, 167.0, 69.0
242, 737.0, 408.0
243, 167.0, 284.0
244, 175.0, 229.0
245, 741.0, 34.0
246, 189.0, 164.0
247, 314.0, 166.0
248, 727.0, 441.0
249, 517.0, 33.0
250, 243.0, 107.0
251, 171.0, 92.0
252, 714.0, 465.0
253, 160.0, 47.0
254, 92.0, 67.0
255, 60.0, 230.0
256, 386.0, 68.0
257, 19.0, 279.0
258, 60.0, 253.0
259, 169.0, 307.0
260, 178.0, 179.0
261, 14.0, 54.0
262, 180.0, 214.0
263, 524.0, 172.0
264, 272.0, 67.0
265, 540.0, 110.0
266, 320.0, 198.0
267, 643.0, 196.0
268, 83.0, 431.0
269, 75.0, 329.0
270, 438.0, 403.0
271, 239.0, 82.0
272, 246.0, 127.0
273, 210.0, 372.0
274, 168.0, 122.0
275, 196.0, 428.0
276, 26.0, 202.0
277, 252.0, 67.0
278, 285.0, 229.0
279, 169.0, 151.0
280, 166.0, 407.0
281, 152.0, 233.0
282, 344.0, 250.0
283, 148.0, 125.0
284, 243.0, 335.0
285, 405.0, 56.0
286, 63.0, 243.0
287, 35.0, 260.0
288, 86.0, 208.0
289, 696.0, 52.0
290, 174.0, 112.0
291, 8.0, 179.0
292, 90.0, 379.0
293, 286.0, 324.0
294, 208.0, 362.0
295, 296.0, 154.0
296, 73.0, 317.0
297, 178.0, 153.0
298, 120.0, 269.0
299, 67.0, 292.0
300, 207.0, 322.0
301, 178.0, 164.0
302, 279.0, 366.0
303, 232.0, 199.0
304, 215.0, 268.0
305, 247.0, 85.0
306, 249.0, 33.0
307, 250.0, 222.0
308, 109.0, 362.0
309, 265.0, 64.0
310, 186.0, 326.0
311, 157.0, 25.0
312, 708.0, 74.0
313, 487.0, 375.0
314, 80.0, 254.0
315, 268.0, 373.0
316, 332.0, 247.0
317, 570.0, 50.0
318, 144.0, 143.0
319, 189.0, 395.0
320, 233.0, 124.0
321, 723.0, 449.0
322, 85.0, 52.0
323, 639.0, 202.0
324, 70.0, 430.0
325, 232.0, 111.0
326, 268.0, 97.0
327, 181.0, 234.0
328, 211.0, 99.0
329, 120.0, 378.0
330, 313.0, 146.0
331, 119.0, 180.0
332, 367.0, 23.0
333, 309.0, 9.0
334, 185.0, 373.0
335, 114.0, 379.0
336, 303.0, 102.0
337, 346.0, 239.0
338, 272.0, 51.0
339, 59.0, 44.0
340, 174.0, 297.0
341, 558.0, 25.0
342, 227.0, 392.0
343, 544.0, 136.0
344, 477.0, 214.0
345, 169.0, 211.0
346, 194.0, 60.0
347, 51.0, 450.0
348, 29.0, 172.0
349, 46.0, 69.0
350, 260.0, 323.0
351, 724.0, 8.0
352, 212.0, 318.0
353, 340.0, 114.0
354, 15.0, 259.0
355, 46.0, 45.0
356, 358.0, 263.0
357, 733.0, 10.0
358, 181.0, 119.0
359, 570.0, 45.0
360, 262.0, 36.0
361, 174.0, 37.0
362, 375.0, 215.0
363, 248.0, 13.0
364, 363.0, 360.0
365, 82.0, 419.0
366, 155.0, 146.0
367, 385.0, 73.0
368, 124.0, 350.0
369, 133.0, 110.0
370, 89.0, 447.0
371, 197.0, 382.0
372, 364.0, 52.0
373, 39.0, 57.0
374, 257.0, 202.0
375, 67.0, 373.0
376, 194.0, 70.0
377, 270.0, 141.0
378, 94.0, 301.0
379, 268.0, 292.0
380, 144.0, 51.0
381, 728.0, 436.0
382, 406.0, 33.0
383, 277.0, 310.0
384, 256.0, 103.0
385, 576.0, 176.0
386, 85.0, 301.0
387, 251.0, 56.0
388, 81.0, 325.0
389, 156.0, 72.0
390, 128.0, 438.0
391, 158.0, 171.0
392, 741.0, 397.0
393, 104.0, 268.0
394, 20.0, 314.0
395, 544.0, 24.0
396, 100.0, 329.0
397, 513.0, 150.0
398, 72.0, 223.0
399, 477.0, 114.0
400, 197.0, 306.0
401, 198.0, 316.0
402, 519.0, 23.0
403, 204.0, 246.0
404, 239.0, 67.0
405, 144.0, 171.0
406, 146.0, 317.0
407, 519.0, 138.0
408, 517.0, 128.0
409, 133.0, 168.0
410, 148.0, 450.0
411, 743.0, 383.0
412, 127.0, 414.0
413, 154.0, 224.0
414, 165.0, 51.0
415, 185.0, 82.0
416, 198.0, 370.0
417, 164.0, 166.0
418, 203.0, 108.0
419, 568.0, 176.0
420, 291.0, 97.0
421, 522.0, 423.0
422, 631.0, 424.0
423, 23.0, 28.0
424, 329.0, 150.0
425, 177.0, 144.0
426, 232.0, 353.0
427, 334.0, 267.0
428, 194.0, 220.0
429, 135.0, 16.0
430, 57.0, 380.0
431, 268.0, 195.0
432, 683.0, 380.0
433, 337.0, 308.0
434, 227.0, 414.0
435, 186.0, 147.0
436, 230.0, 289.0
437, 218.0, 277.0
438, 165.0, 144.0
439, 199.0, 129.0
440, 460.0, 343.0
441, 160.0, 61.0
442, 171.0, 431.0
443, 243.0, 288.0
444, 250.0, 139.0
445, 267.0, 190.0
446, 238.0, 173.0
447, 198.0, 113.0
448, 196.0, 357.0
449, 179.0, 73.0
450, 105.0, 100.0
451, 118.0, 464.0
452, 183.0, 124.0
453, 281.0, 261.0
454, 355.0, 126.0
455, 695.0, 75.0
456, 206.0, 278.0
457, 31.0, 315.0
458, 19.0, 208.0
459, 167.0, 105.0
460, 566.0, 13.0
461, 228.0, 278.0
462, 71.0, 149.0
463, 99.0, 458.0
464, 220.0, 118.0
465, 249.0, 20.0
466, 205.0, 337.0
467, 217.0, 86.0
468, 332.0, 63.0
469, 548.0, 18.0
470, 309.0, 207.0
471, 139.0, 59.0
472, 154.0, 141.0
473, 239.0, 16.0
474, 261.0, 342.0
475, 240.0, 183.0
476, 23.0, 394.0
477, 170.0, 19.0
478, 49.0, 242.0
479, 14.0, 345.0
480, 165.0, 205.0
481, 648.0, 237.0
482, 346.0, 268.0
483, 323.0, 257.0
484, 212.0, 383.0
485, 204.0, 256.0
486, 8.0, 95.0
487, 62.0, 431.0
488, 283.0, 295.0
489, 712.0, 115.0
490, 564.0, 32.0
491, 634.0, 234.0
492, 236.0, 234.0
493, 207.0, 357.0
494, 191.0, 120.0
495, 496.0, 123.0
496, 42.0, 390.0
497, 178.0, 352.0
498, 185.0, 268.0
499, 229.0, 339.0
