0, 602.0, 11.0
1, 685.0, 16.0
2, 468.0, 17.0
3, 574.0, 17.0
4, 649.0, 17.0
5, 455.0, 18.0
6, 662.0, 19.0
7, 435.0, 20.0
8, 447.0, 20.0
9, 583.0, 20.0
10, 138.0, 24.0
11, 675.0, 24.0
12, 108.0, 26.0
13, 124.0, 27.0
14, 324.0, 27.0
15, 632.0, 29.0
16, 445.0, 30.0
17, 645.0, 31.0
18, 155.0, 33.0
19, 466.0, 33.0
20, 681.0, 33.0
21, 445.0, 35.0
22, 434.0, 36.0
23, 578.0, 44.0
24, 658.0, 47.0
25, 445.0, 48.0
26, 178.0, 49.0
27, 465.0, 49.0
28, 561.0, 49.0
29, 432.0, 53.0
30, 145.0, 54.0
31, 180.0, 61.0
32, 662.0, 63.0
33, 443.0, 66.0
34, 463.0, 68.0
35, 319.0, 77.0
36, 324.0, 78.0
37, 452.0, 79.0
38, 601.0, 79.0
39, 430.0, 81.0
40, 463.0, 81.0
41, 319.0, 82.0
42, 390.0, 82.0
43, 541.0, 83.0
44, 671.0, 83.0
45, 658.0, 88.0
46, 328.0, 90.0
47, 451.0, 91.0
48, 382.0, 93.0
49, 387.0, 93.0
50, 327.0, 99.0
51, 389.0, 101.0
52, 596.0, 101.0
53, 667.0, 101.0
54, 577.0, 104.0
55, 607.0, 105.0
56, 186.0, 108.0
57, 606.0, 110.0
58, 679.0, 111.0
59, 327.0, 116.0
60, 447.0, 116.0
61, 619.0, 116.0
62, 320.0, 117.0
63, 380.0, 117.0
64, 628.0, 117.0
65, 648.0, 118.0
66, 386.0, 119.0
67, 168.0, 121.0
68, 448.0, 124.0
69, 562.0, 128.0
70, 693.0, 128.0
71, 659.0, 129.0
72, 533.0, 133.0
73, 561.0, 133.0
74, 614.0, 137.0
75, 326.0, 141.0
76, 379.0, 141.0
77, 560.0, 141.0
78, 387.0, 144.0
79, 227.0, 145.0
80, 191.0, 150.0
81, 639.0, 150.0
82, 193.0, 155.0
83, 227.0, 156.0
84, 419.0, 156.0
85, 320.0, 157.0
86, 621.0, 157.0
87, 386.0, 158.0
88, 728.0, 159.0
89, 446.0, 162.0
90, 668.0, 162.0
91, 459.0, 164.0
92, 357.0, 166.0
93, 419.0, 166.0
94, 195.0, 167.0
95, 658.0, 168.0
96, 501.0, 172.0
97, 448.0, 173.0
98, 459.0, 175.0
99, 600.0, 175.0
100, 540.0, 177.0
101, 470.0, 179.0
102, 508.0, 180.0
103, 480.0, 183.0
104, 488.0, 186.0
105, 526.0, 186.0
106, 675.0, 186.0
107, 501.0, 190.0
108, 322.0, 192.0
109, 641.0, 194.0
110, 511.0, 195.0
111, 626.0, 195.0
112, 517.0, 196.0
113, 320.0, 197.0
114, 444.0, 197.0
115, 522.0, 197.0
116, 329.0, 199.0
117, 463.0, 200.0
118, 242.0, 201.0
119, 204.0, 202.0
120, 247.0, 203.0
121, 476.0, 203.0
122, 253.0, 204.0
123, 321.0, 204.0
124, 639.0, 205.0
125, 215.0, 206.0
126, 228.0, 206.0
127, 208.0, 207.0
128, 309.0, 208.0
129, 319.0, 210.0
130, 508.0, 211.0
131, 220.0, 212.0
132, 262.0, 212.0
133, 282.0, 212.0
134, 319.0, 215.0
135, 593.0, 215.0
136, 634.0, 220.0
137, 466.0, 221.0
138, 644.0, 221.0
139, 489.0, 222.0
140, 548.0, 223.0
141, 293.0, 224.0
142, 320.0, 224.0
143, 620.0, 224.0
144, 658.0, 225.0
145, 211.0, 226.0
146, 432.0, 231.0
147, 8.0, 232.0
148, 666.0, 232.0
149, 476.0, 233.0
150, 631.0, 238.0
151, 468.0, 247.0
152, 498.0, 247.0
153, 544.0, 249.0
154, 12.0, 250.0
155, 14.0, 255.0
156, 562.0, 256.0
157, 481.0, 257.0
158, 459.0, 263.0
159, 616.0, 263.0
160, 487.0, 269.0
161, 499.0, 272.0
162, 325.0, 273.0
163, 474.0, 280.0
164, 650.0, 281.0
165, 22.0, 283.0
166, 663.0, 284.0
167, 689.0, 285.0
168, 288.0, 293.0
169, 410.0, 294.0
170, 383.0, 295.0
171, 434.0, 295.0
172, 265.0, 296.0
173, 319.0, 296.0
174, 599.0, 296.0
175, 241.0, 297.0
176, 250.0, 297.0
177, 258.0, 298.0
178, 219.0, 299.0
179, 353.0, 299.0
180, 488.0, 299.0
181, 324.0, 301.0
182, 703.0, 303.0
183, 607.0, 304.0
184, 644.0, 304.0
185, 733.0, 304.0
186, 612.0, 305.0
187, 706.0, 308.0
188, 717.0, 308.0
189, 402.0, 309.0
190, 426.0, 311.0
191, 705.0, 316.0
192, 656.0, 318.0
193, 423.0, 319.0
194, 32.0, 320.0
195, 214.0, 323.0
196, 667.0, 323.0
197, 637.0, 326.0
198, 299.0, 327.0
199, 307.0, 328.0
200, 610.0, 329.0
201, 294.0, 330.0
202, 625.0, 330.0
203, 654.0, 331.0
204, 427.0, 335.0
205, 636.0, 335.0
206, 675.0, 335.0
207, 536.0, 337.0
208, 598.0, 337.0
209, 728.0, 340.0
210, 607.0, 344.0
211, 430.0, 347.0
212, 318.0, 350.0
213, 477.0, 350.0
214, 282.0, 351.0
215, 258.0, 352.0
216, 585.0, 352.0
217, 482.0, 353.0
218, 594.0, 354.0
219, 605.0, 356.0
220, 706.0, 357.0
221, 283.0, 359.0
222, 205.0, 360.0
223, 329.0, 360.0
224, 489.0, 361.0
225, 222.0, 362.0
226, 282.0, 364.0
227, 307.0, 364.0
228, 199.0, 366.0
229, 499.0, 366.0
230, 421.0, 367.0
231, 713.0, 369.0
232, 200.0, 371.0
233, 612.0, 373.0
234, 226.0, 374.0
235, 403.0, 374.0
236, 641.0, 375.0
237, 200.0, 376.0
238, 374.0, 376.0
239, 662.0, 377.0
240, 48.0, 378.0
241, 264.0, 378.0
242, 117.0, 379.0
243, 600.0, 380.0
244, 469.0, 381.0
245, 220.0, 383.0
246, 116.0, 384.0
247, 615.0, 384.0
248, 49.0, 385.0
249, 274.0, 386.0
250, 580.0, 386.0
251, 338.0, 387.0
252, 562.0, 387.0
253, 10.0, 388.0
254, 80.0, 389.0
255, 100.0, 389.0
256, 262.0, 390.0
257, 367.0, 390.0
258, 283.0, 391.0
259, 62.0, 392.0
260, 301.0, 392.0
261, 524.0, 392.0
262, 612.0, 392.0
263, 26.0, 393.0
264, 87.0, 393.0
265, 294.0, 393.0
266, 314.0, 393.0
267, 240.0, 394.0
268, 326.0, 395.0
269, 417.0, 396.0
270, 422.0, 396.0
271, 627.0, 396.0
272, 337.0, 397.0
273, 75.0, 398.0
274, 350.0, 398.0
275, 97.0, 399.0
276, 250.0, 399.0
277, 361.0, 399.0
278, 385.0, 399.0
279, 580.0, 399.0
280, 597.0, 399.0
281, 372.0, 400.0
282, 231.0, 401.0
283, 272.0, 401.0
284, 391.0, 401.0
285, 320.0, 402.0
286, 337.0, 402.0
287, 406.0, 403.0
288, 86.0, 404.0
289, 254.0, 404.0
290, 361.0, 404.0
291, 57.0, 405.0
292, 420.0, 405.0
293, 32.0, 406.0
294, 288.0, 406.0
295, 296.0, 406.0
296, 430.0, 406.0
297, 48.0, 407.0
298, 247.0, 407.0
299, 308.0, 407.0
300, 341.0, 407.0
301, 355.0, 407.0
302, 585.0, 407.0
303, 17.0, 408.0
304, 43.0, 408.0
305, 450.0, 408.0
306, 464.0, 408.0
307, 71.0, 409.0
308, 101.0, 409.0
309, 316.0, 409.0
310, 367.0, 409.0
311, 380.0, 409.0
312, 264.0, 410.0
313, 330.0, 410.0
314, 240.0, 411.0
315, 192.0, 412.0
316, 226.0, 412.0
317, 355.0, 412.0
318, 439.0, 412.0
319, 594.0, 413.0
320, 300.0, 414.0
321, 315.0, 414.0
322, 375.0, 415.0
323, 392.0, 415.0
324, 204.0, 417.0
325, 222.0, 417.0
326, 408.0, 417.0
327, 44.0, 418.0
328, 250.0, 419.0
329, 425.0, 419.0
330, 34.0, 420.0
331, 95.0, 420.0
332, 438.0, 420.0
333, 58.0, 421.0
334, 186.0, 421.0
335, 24.0, 422.0
336, 286.0, 422.0
337, 318.0, 422.0
338, 350.0, 422.0
339, 227.0, 423.0
340, 291.0, 423.0
341, 552.0, 423.0
342, 468.0, 424.0
343, 96.0, 425.0
344, 304.0, 425.0
345, 45.0, 426.0
346, 222.0, 426.0
347, 379.0, 426.0
348, 637.0, 426.0
349, 259.0, 429.0
350, 275.0, 429.0
351, 175.0, 430.0
352, 190.0, 430.0
353, 582.0, 430.0
354, 242.0, 431.0
355, 440.0, 431.0
356, 688.0, 431.0
357, 26.0, 432.0
358, 204.0, 432.0
359, 221.0, 432.0
360, 435.0, 432.0
361, 41.0, 435.0
362, 160.0, 435.0
363, 361.0, 435.0
364, 180.0, 436.0
365, 89.0, 437.0
366, 191.0, 437.0
367, 717.0, 437.0
368, 35.0, 438.0
369, 196.0, 438.0
370, 53.0, 439.0
371, 384.0, 439.0
372, 325.0, 440.0
373, 76.0, 441.0
374, 404.0, 441.0
375, 344.0, 443.0
376, 189.0, 444.0
377, 205.0, 444.0
378, 687.0, 444.0
379, 83.0, 445.0
380, 255.0, 447.0
381, 27.0, 448.0
382, 44.0, 448.0
383, 244.0, 448.0
384, 157.0, 449.0
385, 172.0, 449.0
386, 309.0, 449.0
387, 67.0, 450.0
388, 226.0, 450.0
389, 395.0, 451.0
390, 183.0, 453.0
391, 353.0, 453.0
392, 383.0, 453.0
393, 243.0, 455.0
394, 313.0, 455.0
395, 368.0, 455.0
396, 17.0, 456.0
397, 251.0, 456.0
398, 318.0, 456.0
399, 209.0, 457.0
400, 167.0, 458.0
401, 63.0, 459.0
402, 199.0, 459.0
403, 401.0, 460.0
404, 413.0, 460.0
405, 336.0, 461.0
406, 174.0, 462.0
407, 379.0, 463.0
408, 248.0, 464.0
409, 363.0, 464.0
410, 255.0, 465.0
411, 347.0, 466.0
412, 390.0, 466.0
413, 645.0, 466.0
414, 711.0, 466.0
415, 187.0, 467.0
416, 208.0, 467.0
417, 71.0, 468.0
418, 144.0, 469.0
419, 326.0, 469.0
420, 160.0, 470.0
421, 401.0, 470.0
422, 248.0, 471.0
423, 376.0, 471.0
