0, 506.0, 423.0
1, 430.0, 456.0
2, 478.0, 429.0
3, 351.0, 419.0
4, 427.0, 332.0
5, 392.0, 449.0
6, 454.0, 239.0
7, 485.0, 462.0
8, 440.0, 318.0
9, 522.0, 457.0
10, 423.0, 439.0
11, 464.0, 393.0
12, 535.0, 432.0
13, 293.0, 404.0
14, 688.0, 330.0
15, 690.0, 289.0
16, 344.0, 427.0
17, 374.0, 355.0
18, 417.0, 359.0
19, 602.0, 315.0
20, 528.0, 347.0
21, 496.0, 430.0
22, 420.0, 385.0
23, 287.0, 385.0
24, 550.0, 415.0
25, 713.0, 303.0
26, 290.0, 395.0
27, 508.0, 356.0
28, 473.0, 324.0
29, 690.0, 212.0
30, 409.0, 340.0
31, 317.0, 409.0
32, 453.0, 368.0
33, 525.0, 440.0
34, 463.0, 436.0
35, 721.0, 33.0
36, 507.0, 409.0
37, 401.0, 453.0
38, 434.0, 432.0
39, 496.0, 465.0
40, 450.0, 465.0
41, 577.0, 433.0
42, 333.0, 404.0
43, 717.0, 45.0
44, 563.0, 424.0
45, 361.0, 360.0
46, 506.0, 455.0
47, 706.0, 9.0
48, 526.0, 467.0
49, 477.0, 443.0
50, 386.0, 463.0
51, 198.0, 232.0
52, 580.0, 313.0
53, 564.0, 446.0
54, 386.0, 318.0
55, 409.0, 434.0
56, 483.0, 411.0
57, 323.0, 415.0
58, 681.0, 365.0
59, 66.0, 254.0
60, 708.0, 403.0
61, 281.0, 379.0
62, 697.0, 346.0
63, 413.0, 456.0
64, 489.0, 452.0
65, 586.0, 427.0
66, 343.0, 409.0
67, 417.0, 248.0
68, 424.0, 310.0
69, 400.0, 330.0
70, 184.0, 234.0
71, 699.0, 388.0
72, 401.0, 431.0
73, 475.0, 467.0
74, 371.0, 161.0
75, 196.0, 212.0
76, 424.0, 449.0
77, 421.0, 374.0
78, 444.0, 374.0
79, 460.0, 298.0
80, 516.0, 447.0
81, 648.0, 315.0
82, 616.0, 319.0
83, 683.0, 245.0
84, 358.0, 145.0
85, 386.0, 339.0
86, 729.0, 45.0
87, 451.0, 449.0
88, 454.0, 321.0
89, 270.0, 222.0
90, 729.0, 17.0
91, 373.0, 371.0
92, 645.0, 362.0
93, 300.0, 390.0
94, 684.0, 378.0
95, 702.0, 214.0
96, 634.0, 310.0
97, 599.0, 370.0
98, 589.0, 317.0
99, 268.0, 393.0
100, 510.0, 341.0
101, 739.0, 73.0
102, 464.0, 362.0
103, 726.0, 62.0
104, 465.0, 460.0
105, 534.0, 369.0
106, 308.0, 412.0
107, 608.0, 436.0
108, 644.0, 42.0
109, 406.0, 421.0
110, 602.0, 348.0
111, 685.0, 468.0
112, 550.0, 340.0
113, 721.0, 284.0
114, 440.0, 460.0
115, 415.0, 444.0
116, 361.0, 426.0
117, 516.0, 374.0
118, 506.0, 469.0
119, 439.0, 390.0
120, 591.0, 441.0
121, 368.0, 345.0
122, 375.0, 429.0
123, 521.0, 386.0
124, 420.0, 322.0
125, 559.0, 384.0
126, 252.0, 224.0
127, 664.0, 311.0
128, 99.0, 247.0
129, 572.0, 418.0
130, 283.0, 219.0
131, 700.0, 415.0
132, 525.0, 399.0
133, 406.0, 353.0
134, 719.0, 425.0
135, 593.0, 335.0
136, 413.0, 309.0
137, 69.0, 311.0
138, 739.0, 198.0
139, 422.0, 393.0
140, 321.0, 125.0
141, 315.0, 397.0
142, 578.0, 465.0
143, 621.0, 349.0
144, 443.0, 403.0
145, 684.0, 402.0
146, 649.0, 375.0
147, 700.0, 227.0
148, 587.0, 402.0
149, 63.0, 265.0
150, 635.0, 446.0
151, 399.0, 396.0
152, 363.0, 416.0
153, 636.0, 300.0
154, 422.0, 290.0
155, 369.0, 435.0
156, 680.0, 42.0
157, 733.0, 413.0
158, 449.0, 380.0
159, 314.0, 216.0
160, 500.0, 310.0
161, 443.0, 356.0
162, 611.0, 417.0
163, 735.0, 471.0
164, 66.0, 288.0
165, 344.0, 138.0
166, 438.0, 366.0
167, 718.0, 442.0
168, 390.0, 349.0
169, 368.0, 421.0
170, 435.0, 359.0
171, 457.0, 357.0
172, 656.0, 40.0
173, 430.0, 371.0
174, 527.0, 381.0
175, 467.0, 449.0
176, 310.0, 43.0
177, 450.0, 93.0
178, 523.0, 58.0
179, 442.0, 418.0
180, 460.0, 290.0
181, 390.0, 429.0
182, 728.0, 427.0
183, 742.0, 54.0
184, 370.0, 36.0
185, 517.0, 348.0
186, 76.0, 349.0
187, 630.0, 363.0
188, 476.0, 458.0
189, 77.0, 361.0
190, 625.0, 43.0
191, 511.0, 204.0
192, 420.0, 279.0
193, 367.0, 384.0
194, 430.0, 380.0
195, 458.0, 276.0
196, 409.0, 407.0
197, 488.0, 421.0
198, 733.0, 286.0
199, 423.0, 342.0
200, 445.0, 171.0
201, 161.0, 237.0
202, 568.0, 342.0
203, 510.0, 249.0
204, 584.0, 367.0
205, 411.0, 383.0
206, 79.0, 383.0
207, 636.0, 341.0
208, 688.0, 227.0
209, 479.0, 392.0
210, 706.0, 419.0
211, 596.0, 438.0
212, 64.0, 117.0
213, 672.0, 284.0
214, 509.0, 269.0
215, 383.0, 431.0
216, 345.0, 118.0
217, 709.0, 353.0
218, 428.0, 245.0
219, 478.0, 369.0
220, 549.0, 433.0
221, 379.0, 273.0
222, 513.0, 189.0
223, 712.0, 131.0
224, 377.0, 442.0
225, 353.0, 431.0
226, 480.0, 351.0
227, 428.0, 281.0
228, 311.0, 153.0
229, 449.0, 107.0
230, 524.0, 49.0
231, 381.0, 287.0
232, 473.0, 401.0
233, 304.0, 396.0
234, 406.0, 445.0
235, 421.0, 351.0
236, 635.0, 63.0
237, 437.0, 306.0
238, 673.0, 346.0
239, 520.0, 99.0
240, 704.0, 278.0
241, 437.0, 42.0
242, 444.0, 200.0
243, 456.0, 255.0
244, 478.0, 285.0
245, 430.0, 299.0
246, 310.0, 166.0
247, 453.0, 425.0
248, 460.0, 444.0
249, 73.0, 326.0
250, 365.0, 191.0
251, 423.0, 298.0
252, 494.0, 416.0
253, 182.0, 190.0
254, 448.0, 394.0
255, 462.0, 425.0
256, 86.0, 432.0
257, 456.0, 42.0
258, 376.0, 239.0
259, 280.0, 399.0
260, 721.0, 86.0
261, 602.0, 358.0
262, 585.0, 326.0
263, 91.0, 210.0
264, 428.0, 273.0
265, 459.0, 283.0
266, 619.0, 427.0
267, 642.0, 61.0
268, 540.0, 417.0
269, 735.0, 294.0
270, 518.0, 138.0
271, 429.0, 288.0
272, 418.0, 260.0
273, 445.0, 241.0
274, 447.0, 303.0
275, 324.0, 213.0
276, 471.0, 359.0
277, 81.0, 403.0
278, 481.0, 381.0
279, 711.0, 330.0
280, 419.0, 185.0
281, 457.0, 265.0
282, 371.0, 137.0
283, 597.0, 302.0
284, 419.0, 268.0
285, 437.0, 252.0
286, 464.0, 471.0
287, 455.0, 248.0
288, 477.0, 417.0
289, 183.0, 203.0
290, 447.0, 143.0
291, 74.0, 337.0
292, 430.0, 254.0
293, 742.0, 460.0
294, 137.0, 241.0
295, 386.0, 38.0
296, 454.0, 51.0
297, 170.0, 460.0
298, 563.0, 56.0
299, 407.0, 361.0
300, 439.0, 376.0
301, 649.0, 306.0
302, 672.0, 357.0
303, 427.0, 405.0
304, 589.0, 49.0
305, 350.0, 210.0
306, 721.0, 387.0
307, 444.0, 226.0
308, 491.0, 471.0
309, 680.0, 260.0
310, 105.0, 47.0
311, 583.0, 416.0
312, 510.0, 232.0
313, 546.0, 461.0
314, 430.0, 262.0
315, 510.0, 365.0
316, 453.0, 63.0
317, 438.0, 450.0
318, 691.0, 321.0
319, 418.0, 346.0
320, 445.0, 231.0
321, 739.0, 359.0
322, 518.0, 366.0
323, 504.0, 380.0
324, 270.0, 404.0
325, 577.0, 54.0
326, 541.0, 457.0
327, 445.0, 251.0
328, 597.0, 327.0
329, 687.0, 391.0
330, 510.0, 226.0
331, 409.0, 392.0
332, 296.0, 381.0
333, 395.0, 467.0
334, 743.0, 44.0
335, 95.0, 229.0
336, 687.0, 236.0
337, 378.0, 261.0
338, 367.0, 364.0
339, 718.0, 372.0
340, 451.0, 271.0
341, 542.0, 361.0
342, 521.0, 84.0
343, 591.0, 297.0
344, 362.0, 55.0
345, 444.0, 185.0
346, 448.0, 279.0
347, 180.0, 149.0
348, 573.0, 413.0
349, 555.0, 429.0
350, 437.0, 260.0
351, 472.0, 420.0
352, 513.0, 184.0
353, 331.0, 422.0
354, 471.0, 410.0
355, 647.0, 22.0
356, 435.0, 244.0
357, 445.0, 264.0
358, 440.0, 297.0
359, 584.0, 409.0
360, 425.0, 255.0
361, 454.0, 419.0
362, 445.0, 288.0
363, 437.0, 282.0
364, 694.0, 380.0
365, 73.0, 332.0
366, 448.0, 259.0
367, 605.0, 403.0
368, 493.0, 444.0
369, 322.0, 139.0
370, 312.0, 402.0
371, 444.0, 210.0
372, 372.0, 218.0
373, 377.0, 256.0
374, 544.0, 450.0
375, 563.0, 434.0
376, 733.0, 370.0
377, 452.0, 286.0
378, 558.0, 392.0
379, 279.0, 373.0
380, 445.0, 296.0
381, 444.0, 195.0
382, 743.0, 154.0
383, 310.0, 34.0
384, 66.0, 276.0
385, 437.0, 290.0
386, 620.0, 308.0
387, 718.0, 392.0
388, 439.0, 466.0
389, 310.0, 24.0
390, 181.0, 169.0
391, 499.0, 398.0
392, 726.0, 301.0
393, 677.0, 387.0
394, 348.0, 367.0
395, 647.0, 351.0
396, 390.0, 374.0
397, 727.0, 313.0
398, 453.0, 299.0
399, 393.0, 366.0
400, 550.0, 386.0
401, 152.0, 411.0
402, 437.0, 265.0
403, 453.0, 69.0
404, 309.0, 53.0
405, 622.0, 331.0
406, 168.0, 316.0
407, 371.0, 90.0
408, 445.0, 246.0
409, 378.0, 437.0
410, 471.0, 372.0
411, 332.0, 416.0
412, 610.0, 404.0
413, 365.0, 208.0
414, 441.0, 274.0
415, 519.0, 122.0
416, 435.0, 298.0
417, 250.0, 33.0
418, 655.0, 325.0
419, 386.0, 413.0
420, 566.0, 332.0
421, 323.0, 400.0
422, 607.0, 323.0
423, 432.0, 268.0
424, 94.0, 224.0
425, 420.0, 274.0
426, 693.0, 369.0
427, 598.0, 447.0
428, 448.0, 42.0
429, 421.0, 284.0
430, 450.0, 88.0
431, 428.0, 151.0
432, 413.0, 425.0
433, 445.0, 269.0
434, 376.0, 251.0
435, 450.0, 293.0
436, 520.0, 104.0
437, 533.0, 358.0
438, 310.0, 11.0
439, 341.0, 416.0
440, 719.0, 91.0
441, 516.0, 357.0
442, 408.0, 154.0
443, 430.0, 293.0
444, 465.0, 403.0
445, 516.0, 160.0
446, 465.0, 455.0
447, 425.0, 262.0
448, 656.0, 362.0
449, 350.0, 54.0
450, 432.0, 307.0
451, 668.0, 365.0
452, 701.0, 325.0
453, 607.0, 10.0
454, 435.0, 405.0
455, 275.0, 397.0
456, 447.0, 388.0
457, 534.0, 412.0
458, 431.0, 344.0
459, 447.0, 132.0
460, 385.0, 369.0
461, 371.0, 110.0
462, 400.0, 85.0
463, 584.0, 50.0
464, 661.0, 11.0
465, 456.0, 260.0
466, 444.0, 221.0
467, 675.0, 372.0
468, 740.0, 420.0
469, 81.0, 398.0
470, 448.0, 112.0
471, 452.0, 350.0
472, 520.0, 109.0
473, 480.0, 339.0
474, 419.0, 309.0
475, 310.0, 161.0
476, 303.0, 401.0
477, 444.0, 190.0
478, 453.0, 279.0
479, 436.0, 277.0
480, 446.0, 155.0
481, 78.0, 371.0
482, 513.0, 179.0
483, 92.0, 215.0
484, 419.0, 402.0
485, 379.0, 268.0
486, 733.0, 383.0
487, 723.0, 334.0
488, 355.0, 210.0
489, 371.0, 71.0
490, 245.0, 94.0
491, 518.0, 143.0
492, 551.0, 458.0
493, 739.0, 318.0
494, 492.0, 194.0
495, 183.0, 208.0
496, 370.0, 191.0
497, 496.0, 343.0
498, 429.0, 395.0
499, 183.0, 195.0
