0, 568.0, 342.0
1, 344.0, 284.0
2, 598.0, 450.0
3, 309.0, 264.0
4, 505.0, 367.0
5, 623.0, 313.0
6, 555.0, 397.0
7, 586.0, 428.0
8, 551.0, 466.0
9, 89.0, 402.0
10, 576.0, 173.0
11, 553.0, 307.0
12, 407.0, 193.0
13, 322.0, 230.0
14, 336.0, 248.0
15, 692.0, 435.0
16, 624.0, 382.0
17, 579.0, 164.0
18, 405.0, 228.0
19, 291.0, 277.0
20, 288.0, 139.0
21, 335.0, 282.0
22, 644.0, 372.0
23, 514.0, 454.0
24, 582.0, 155.0
25, 366.0, 233.0
26, 430.0, 427.0
27, 381.0, 267.0
28, 277.0, 142.0
29, 150.0, 363.0
30, 433.0, 388.0
31, 309.0, 241.0
32, 487.0, 315.0
33, 52.0, 426.0
34, 456.0, 400.0
35, 591.0, 469.0
36, 499.0, 239.0
37, 484.0, 282.0
38, 326.0, 253.0
39, 347.0, 234.0
40, 473.0, 426.0
41, 464.0, 403.0
42, 194.0, 188.0
43, 480.0, 208.0
44, 483.0, 425.0
45, 472.0, 406.0
46, 104.0, 81.0
47, 346.0, 257.0
48, 121.0, 381.0
49, 272.0, 247.0
50, 555.0, 376.0
51, 370.0, 287.0
52, 635.0, 431.0
53, 458.0, 423.0
54, 443.0, 421.0
55, 215.0, 250.0
56, 631.0, 357.0
57, 113.0, 386.0
58, 170.0, 376.0
59, 615.0, 345.0
60, 41.0, 372.0
61, 438.0, 213.0
62, 702.0, 354.0
63, 535.0, 414.0
64, 361.0, 299.0
65, 162.0, 365.0
66, 584.0, 384.0
67, 294.0, 346.0
68, 359.0, 260.0
69, 489.0, 452.0
70, 219.0, 125.0
71, 525.0, 468.0
72, 159.0, 349.0
73, 592.0, 316.0
74, 516.0, 363.0
75, 140.0, 287.0
76, 398.0, 243.0
77, 673.0, 314.0
78, 321.0, 244.0
79, 402.0, 301.0
80, 570.0, 162.0
81, 274.0, 315.0
82, 399.0, 252.0
83, 606.0, 355.0
84, 19.0, 266.0
85, 368.0, 91.0
86, 576.0, 423.0
87, 438.0, 300.0
88, 142.0, 367.0
89, 556.0, 346.0
90, 301.0, 270.0
91, 20.0, 397.0
92, 72.0, 404.0
93, 359.0, 218.0
94, 123.0, 80.0
95, 106.0, 314.0
96, 572.0, 153.0
97, 467.0, 322.0
98, 406.0, 356.0
99, 457.0, 339.0
100, 211.0, 362.0
101, 199.0, 212.0
102, 450.0, 278.0
103, 227.0, 329.0
104, 282.0, 205.0
105, 596.0, 402.0
106, 507.0, 402.0
107, 542.0, 288.0
108, 152.0, 329.0
109, 22.0, 337.0
110, 504.0, 448.0
111, 532.0, 145.0
112, 638.0, 349.0
113, 557.0, 365.0
114, 661.0, 347.0
115, 293.0, 200.0
116, 51.0, 407.0
117, 279.0, 354.0
118, 306.0, 334.0
119, 28.0, 369.0
120, 623.0, 364.0
121, 257.0, 344.0
122, 529.0, 458.0
123, 583.0, 453.0
124, 42.0, 433.0
125, 515.0, 397.0
126, 521.0, 259.0
127, 389.0, 297.0
128, 449.0, 292.0
129, 575.0, 398.0
130, 487.0, 70.0
131, 552.0, 438.0
132, 561.0, 291.0
133, 456.0, 413.0
134, 54.0, 416.0
135, 494.0, 437.0
136, 425.0, 421.0
137, 296.0, 363.0
138, 709.0, 446.0
139, 600.0, 390.0
140, 27.0, 349.0
141, 571.0, 190.0
142, 295.0, 213.0
143, 432.0, 199.0
144, 576.0, 465.0
145, 380.0, 306.0
146, 461.0, 236.0
147, 601.0, 319.0
148, 652.0, 419.0
149, 537.0, 345.0
150, 186.0, 394.0
151, 495.0, 293.0
152, 500.0, 348.0
153, 281.0, 187.0
154, 343.0, 125.0
155, 640.0, 390.0
156, 574.0, 181.0
157, 322.0, 288.0
158, 495.0, 221.0
159, 100.0, 164.0
160, 53.0, 241.0
161, 107.0, 180.0
162, 467.0, 417.0
163, 50.0, 283.0
164, 544.0, 394.0
165, 514.0, 206.0
166, 349.0, 461.0
167, 515.0, 354.0
168, 249.0, 383.0
169, 226.0, 138.0
170, 15.0, 444.0
171, 683.0, 350.0
172, 555.0, 211.0
173, 12.0, 452.0
174, 36.0, 250.0
175, 725.0, 372.0
176, 568.0, 387.0
177, 440.0, 74.0
178, 195.0, 41.0
179, 468.0, 221.0
180, 68.0, 393.0
181, 539.0, 378.0
182, 610.0, 405.0
183, 292.0, 179.0
184, 146.0, 308.0
185, 497.0, 333.0
186, 502.0, 264.0
187, 451.0, 433.0
188, 19.0, 52.0
189, 579.0, 318.0
190, 549.0, 428.0
191, 43.0, 327.0
192, 566.0, 205.0
193, 205.0, 319.0
194, 486.0, 273.0
195, 283.0, 328.0
196, 124.0, 237.0
197, 197.0, 261.0
198, 596.0, 460.0
199, 432.0, 407.0
200, 519.0, 444.0
201, 560.0, 222.0
202, 334.0, 227.0
203, 316.0, 176.0
204, 691.0, 464.0
205, 443.0, 364.0
206, 725.0, 359.0
207, 446.0, 252.0
208, 487.0, 373.0
209, 569.0, 413.0
210, 419.0, 234.0
211, 297.0, 257.0
212, 204.0, 299.0
213, 41.0, 99.0
214, 411.0, 252.0
215, 69.0, 332.0
216, 465.0, 436.0
217, 440.0, 238.0
218, 314.0, 392.0
219, 324.0, 376.0
220, 201.0, 355.0
221, 201.0, 80.0
222, 507.0, 420.0
223, 721.0, 450.0
224, 247.0, 306.0
225, 161.0, 79.0
226, 63.0, 323.0
227, 494.0, 207.0
228, 244.0, 351.0
229, 557.0, 415.0
230, 275.0, 131.0
231, 14.0, 384.0
232, 560.0, 241.0
233, 56.0, 315.0
234, 233.0, 169.0
235, 90.0, 97.0
236, 382.0, 63.0
237, 115.0, 209.0
238, 108.0, 96.0
239, 617.0, 331.0
240, 424.0, 197.0
241, 595.0, 83.0
242, 712.0, 396.0
243, 503.0, 391.0
244, 473.0, 238.0
245, 506.0, 435.0
246, 265.0, 134.0
247, 497.0, 361.0
248, 54.0, 32.0
249, 65.0, 278.0
250, 178.0, 383.0
251, 462.0, 314.0
252, 463.0, 301.0
253, 367.0, 101.0
254, 667.0, 360.0
255, 196.0, 246.0
256, 334.0, 266.0
257, 428.0, 397.0
258, 132.0, 264.0
259, 397.0, 203.0
260, 612.0, 462.0
261, 540.0, 335.0
262, 290.0, 304.0
263, 324.0, 187.0
264, 319.0, 460.0
265, 335.0, 216.0
266, 81.0, 265.0
267, 329.0, 338.0
268, 478.0, 399.0
269, 715.0, 355.0
270, 69.0, 348.0
271, 577.0, 414.0
272, 503.0, 312.0
273, 440.0, 87.0
274, 233.0, 389.0
275, 585.0, 120.0
276, 19.0, 99.0
277, 84.0, 72.0
278, 563.0, 214.0
279, 449.0, 396.0
280, 585.0, 415.0
281, 507.0, 273.0
282, 25.0, 360.0
283, 353.0, 198.0
284, 587.0, 439.0
285, 243.0, 259.0
286, 142.0, 80.0
287, 282.0, 223.0
288, 405.0, 375.0
289, 527.0, 331.0
290, 386.0, 236.0
291, 13.0, 202.0
292, 526.0, 297.0
293, 114.0, 339.0
294, 454.0, 354.0
295, 448.0, 387.0
296, 447.0, 308.0
297, 106.0, 377.0
298, 80.0, 363.0
299, 227.0, 80.0
300, 424.0, 357.0
301, 374.0, 200.0
302, 705.0, 402.0
303, 87.0, 385.0
304, 475.0, 192.0
305, 459.0, 89.0
306, 273.0, 270.0
307, 101.0, 264.0
308, 242.0, 169.0
309, 258.0, 77.0
310, 348.0, 297.0
311, 99.0, 237.0
312, 281.0, 97.0
313, 523.0, 318.0
314, 52.0, 260.0
315, 424.0, 321.0
316, 443.0, 350.0
317, 117.0, 288.0
318, 568.0, 197.0
319, 132.0, 29.0
320, 679.0, 320.0
321, 595.0, 180.0
322, 242.0, 243.0
323, 703.0, 340.0
324, 220.0, 35.0
325, 80.0, 380.0
326, 9.0, 302.0
327, 214.0, 289.0
328, 649.0, 348.0
329, 361.0, 124.0
330, 683.0, 376.0
331, 34.0, 402.0
332, 500.0, 304.0
333, 291.0, 152.0
334, 620.0, 428.0
335, 548.0, 369.0
336, 562.0, 424.0
337, 200.0, 281.0
338, 627.0, 392.0
339, 199.0, 395.0
340, 67.0, 200.0
341, 55.0, 362.0
342, 650.0, 312.0
343, 544.0, 217.0
344, 401.0, 336.0
345, 439.0, 376.0
346, 420.0, 395.0
347, 141.0, 12.0
348, 743.0, 438.0
349, 484.0, 154.0
350, 65.0, 340.0
351, 393.0, 82.0
352, 16.0, 432.0
353, 528.0, 154.0
354, 285.0, 119.0
355, 561.0, 405.0
356, 515.0, 428.0
357, 73.0, 379.0
358, 487.0, 137.0
359, 306.0, 96.0
360, 354.0, 438.0
361, 526.0, 308.0
362, 33.0, 423.0
363, 30.0, 310.0
364, 477.0, 111.0
365, 56.0, 193.0
366, 422.0, 376.0
367, 550.0, 386.0
368, 354.0, 227.0
369, 628.0, 460.0
370, 75.0, 37.0
371, 107.0, 358.0
372, 203.0, 146.0
373, 533.0, 213.0
374, 464.0, 391.0
375, 72.0, 385.0
376, 317.0, 258.0
377, 635.0, 372.0
378, 73.0, 280.0
379, 345.0, 387.0
380, 589.0, 334.0
381, 521.0, 419.0
382, 536.0, 363.0
383, 249.0, 340.0
384, 441.0, 324.0
385, 518.0, 192.0
386, 568.0, 468.0
387, 543.0, 303.0
388, 13.0, 334.0
389, 524.0, 287.0
390, 567.0, 170.0
391, 305.0, 387.0
392, 444.0, 339.0
393, 572.0, 439.0
394, 565.0, 178.0
395, 56.0, 435.0
396, 74.0, 261.0
397, 174.0, 80.0
398, 34.0, 276.0
399, 468.0, 358.0
400, 25.0, 220.0
401, 188.0, 136.0
402, 80.0, 408.0
403, 291.0, 220.0
404, 211.0, 147.0
405, 687.0, 309.0
406, 473.0, 441.0
407, 497.0, 468.0
408, 474.0, 333.0
409, 144.0, 342.0
410, 19.0, 238.0
411, 112.0, 352.0
412, 672.0, 412.0
413, 495.0, 423.0
414, 83.0, 326.0
415, 25.0, 419.0
416, 146.0, 46.0
417, 224.0, 369.0
418, 313.0, 38.0
419, 526.0, 162.0
420, 522.0, 326.0
421, 436.0, 248.0
422, 418.0, 416.0
423, 555.0, 185.0
424, 642.0, 358.0
425, 188.0, 164.0
426, 556.0, 385.0
427, 457.0, 383.0
428, 583.0, 131.0
429, 366.0, 223.0
430, 37.0, 380.0
431, 28.0, 242.0
432, 84.0, 417.0
433, 468.0, 441.0
434, 568.0, 431.0
435, 46.0, 314.0
436, 42.0, 403.0
437, 254.0, 280.0
438, 463.0, 361.0
439, 416.0, 267.0
440, 86.0, 297.0
441, 590.0, 104.0
442, 394.0, 171.0
443, 675.0, 344.0
444, 512.0, 330.0
445, 522.0, 177.0
446, 97.0, 328.0
447, 95.0, 222.0
448, 569.0, 328.0
449, 565.0, 310.0
450, 304.0, 253.0
451, 61.0, 246.0
452, 85.0, 231.0
453, 360.0, 200.0
454, 610.0, 418.0
455, 464.0, 161.0
456, 674.0, 419.0
457, 304.0, 322.0
458, 277.0, 32.0
459, 279.0, 49.0
460, 104.0, 330.0
461, 60.0, 346.0
462, 294.0, 330.0
463, 491.0, 110.0
464, 524.0, 201.0
465, 542.0, 458.0
466, 114.0, 360.0
467, 529.0, 346.0
468, 542.0, 207.0
469, 160.0, 440.0
470, 599.0, 66.0
471, 547.0, 166.0
472, 492.0, 88.0
473, 615.0, 298.0
474, 581.0, 355.0
475, 581.0, 142.0
476, 416.0, 220.0
477, 34.0, 72.0
478, 517.0, 412.0
479, 16.0, 463.0
480, 408.0, 421.0
481, 552.0, 176.0
482, 127.0, 318.0
483, 512.0, 222.0
484, 611.0, 306.0
485, 550.0, 149.0
486, 549.0, 158.0
487, 359.0, 285.0
488, 382.0, 121.0
489, 236.0, 334.0
490, 508.0, 464.0
491, 90.0, 267.0
492, 500.0, 51.0
493, 348.0, 349.0
494, 136.0, 347.0
495, 286.0, 235.0
496, 562.0, 187.0
497, 14.0, 255.0
498, 561.0, 151.0
499, 133.0, 340.0
