0, 467.0, 8.0
1, 497.0, 8.0
2, 562.0, 14.0
3, 150.0, 15.0
4, 570.0, 15.0
5, 322.0, 16.0
6, 605.0, 16.0
7, 371.0, 17.0
8, 708.0, 17.0
9, 39.0, 18.0
10, 666.0, 18.0
11, 151.0, 20.0
12, 489.0, 20.0
13, 615.0, 21.0
14, 152.0, 25.0
15, 674.0, 25.0
16, 343.0, 26.0
17, 50.0, 27.0
18, 61.0, 27.0
19, 517.0, 28.0
20, 153.0, 30.0
21, 504.0, 31.0
22, 603.0, 31.0
23, 573.0, 33.0
24, 63.0, 35.0
25, 153.0, 35.0
26, 586.0, 35.0
27, 653.0, 36.0
28, 500.0, 38.0
29, 27.0, 39.0
30, 428.0, 41.0
31, 652.0, 45.0
32, 680.0, 47.0
33, 394.0, 51.0
34, 464.0, 51.0
35, 672.0, 53.0
36, 702.0, 54.0
37, 538.0, 56.0
38, 598.0, 56.0
39, 479.0, 57.0
40, 633.0, 61.0
41, 569.0, 63.0
42, 34.0, 67.0
43, 53.0, 67.0
44, 72.0, 67.0
45, 513.0, 67.0
46, 62.0, 69.0
47, 496.0, 69.0
48, 341.0, 72.0
49, 503.0, 73.0
50, 363.0, 75.0
51, 287.0, 77.0
52, 463.0, 80.0
53, 432.0, 81.0
54, 200.0, 84.0
55, 302.0, 84.0
56, 334.0, 84.0
57, 130.0, 86.0
58, 265.0, 88.0
59, 371.0, 89.0
60, 477.0, 89.0
61, 194.0, 92.0
62, 409.0, 92.0
63, 572.0, 92.0
64, 79.0, 93.0
65, 141.0, 93.0
66, 169.0, 95.0
67, 318.0, 96.0
68, 333.0, 96.0
69, 195.0, 97.0
70, 299.0, 97.0
71, 310.0, 97.0
72, 323.0, 97.0
73, 289.0, 98.0
74, 294.0, 98.0
75, 305.0, 98.0
76, 276.0, 99.0
77, 282.0, 99.0
78, 245.0, 100.0
79, 255.0, 100.0
80, 260.0, 100.0
81, 267.0, 100.0
82, 235.0, 101.0
83, 240.0, 101.0
84, 134.0, 102.0
85, 222.0, 102.0
86, 230.0, 102.0
87, 201.0, 103.0
88, 208.0, 103.0
89, 213.0, 103.0
90, 187.0, 105.0
91, 196.0, 105.0
92, 498.0, 105.0
93, 22.0, 107.0
94, 716.0, 109.0
95, 376.0, 112.0
96, 711.0, 112.0
97, 551.0, 113.0
98, 615.0, 113.0
99, 573.0, 116.0
100, 322.0, 117.0
101, 316.0, 118.0
102, 542.0, 119.0
103, 659.0, 119.0
104, 707.0, 120.0
105, 586.0, 123.0
106, 641.0, 126.0
107, 496.0, 127.0
108, 601.0, 127.0
109, 629.0, 127.0
110, 256.0, 128.0
111, 681.0, 128.0
112, 564.0, 131.0
113, 228.0, 133.0
114, 233.0, 133.0
115, 403.0, 136.0
116, 627.0, 137.0
117, 575.0, 138.0
118, 584.0, 139.0
119, 609.0, 139.0
120, 637.0, 139.0
121, 652.0, 139.0
122, 599.0, 140.0
123, 288.0, 141.0
124, 381.0, 142.0
125, 495.0, 144.0
126, 742.0, 145.0
127, 175.0, 146.0
128, 610.0, 147.0
129, 721.0, 150.0
130, 686.0, 151.0
131, 671.0, 152.0
132, 523.0, 153.0
133, 454.0, 154.0
134, 467.0, 156.0
135, 562.0, 156.0
136, 673.0, 157.0
137, 245.0, 158.0
138, 557.0, 158.0
139, 583.0, 158.0
140, 366.0, 160.0
141, 621.0, 160.0
142, 594.0, 161.0
143, 634.0, 161.0
144, 493.0, 162.0
145, 268.0, 166.0
146, 312.0, 166.0
147, 317.0, 167.0
148, 593.0, 170.0
149, 618.0, 174.0
150, 656.0, 176.0
151, 338.0, 180.0
152, 348.0, 180.0
153, 357.0, 183.0
154, 617.0, 185.0
155, 603.0, 189.0
156, 257.0, 190.0
157, 615.0, 190.0
158, 286.0, 191.0
159, 461.0, 191.0
160, 518.0, 192.0
161, 709.0, 192.0
162, 323.0, 194.0
163, 588.0, 197.0
164, 627.0, 197.0
165, 179.0, 199.0
166, 300.0, 199.0
167, 725.0, 199.0
168, 305.0, 201.0
169, 612.0, 202.0
170, 470.0, 203.0
171, 600.0, 203.0
172, 247.0, 217.0
173, 663.0, 218.0
174, 482.0, 221.0
175, 596.0, 221.0
176, 282.0, 224.0
177, 380.0, 225.0
178, 576.0, 225.0
179, 628.0, 226.0
180, 541.0, 228.0
181, 588.0, 229.0
182, 614.0, 229.0
183, 663.0, 232.0
184, 727.0, 232.0
185, 311.0, 233.0
186, 391.0, 233.0
187, 574.0, 234.0
188, 626.0, 235.0
189, 354.0, 236.0
190, 193.0, 244.0
191, 407.0, 245.0
192, 652.0, 248.0
193, 381.0, 249.0
194, 608.0, 249.0
195, 537.0, 250.0
196, 204.0, 251.0
197, 214.0, 251.0
198, 597.0, 251.0
199, 371.0, 252.0
200, 637.0, 254.0
201, 661.0, 256.0
202, 453.0, 258.0
203, 571.0, 258.0
204, 380.0, 259.0
205, 391.0, 259.0
206, 622.0, 260.0
207, 458.0, 261.0
208, 432.0, 262.0
209, 355.0, 263.0
210, 539.0, 264.0
211, 516.0, 268.0
212, 654.0, 268.0
213, 208.0, 269.0
214, 217.0, 270.0
215, 643.0, 273.0
216, 205.0, 277.0
217, 682.0, 277.0
218, 210.0, 278.0
219, 44.0, 279.0
220, 390.0, 280.0
221, 242.0, 281.0
222, 592.0, 282.0
223, 256.0, 283.0
224, 275.0, 283.0
225, 457.0, 283.0
226, 531.0, 283.0
227, 630.0, 283.0
228, 219.0, 284.0
229, 288.0, 285.0
230, 308.0, 287.0
231, 315.0, 287.0
232, 293.0, 288.0
233, 334.0, 290.0
234, 554.0, 290.0
235, 656.0, 290.0
236, 374.0, 291.0
237, 563.0, 292.0
238, 388.0, 293.0
239, 572.0, 294.0
240, 589.0, 294.0
241, 332.0, 296.0
242, 346.0, 296.0
243, 374.0, 296.0
244, 432.0, 296.0
245, 617.0, 296.0
246, 321.0, 297.0
247, 450.0, 298.0
248, 461.0, 299.0
249, 473.0, 300.0
250, 432.0, 302.0
251, 494.0, 302.0
252, 514.0, 303.0
253, 532.0, 305.0
254, 475.0, 306.0
255, 546.0, 306.0
256, 630.0, 306.0
257, 655.0, 306.0
258, 480.0, 307.0
259, 559.0, 307.0
260, 564.0, 307.0
261, 646.0, 307.0
262, 569.0, 308.0
263, 587.0, 310.0
264, 606.0, 310.0
265, 530.0, 311.0
266, 615.0, 311.0
267, 8.0, 312.0
268, 736.0, 315.0
269, 586.0, 316.0
270, 670.0, 316.0
271, 719.0, 316.0
272, 8.0, 317.0
273, 482.0, 324.0
274, 716.0, 324.0
275, 342.0, 325.0
276, 710.0, 327.0
277, 704.0, 328.0
278, 272.0, 329.0
279, 351.0, 330.0
280, 32.0, 339.0
281, 716.0, 339.0
282, 251.0, 343.0
283, 371.0, 348.0
284, 22.0, 349.0
285, 378.0, 349.0
286, 696.0, 354.0
287, 391.0, 355.0
288, 364.0, 358.0
289, 376.0, 363.0
290, 317.0, 368.0
291, 715.0, 369.0
292, 362.0, 370.0
293, 572.0, 372.0
294, 330.0, 373.0
295, 347.0, 374.0
296, 352.0, 374.0
297, 357.0, 374.0
298, 284.0, 375.0
299, 724.0, 375.0
300, 371.0, 376.0
301, 33.0, 379.0
302, 326.0, 379.0
303, 384.0, 381.0
304, 293.0, 382.0
305, 340.0, 382.0
306, 365.0, 386.0
307, 57.0, 388.0
308, 383.0, 388.0
309, 671.0, 388.0
310, 355.0, 389.0
311, 66.0, 390.0
312, 337.0, 392.0
313, 329.0, 394.0
314, 347.0, 395.0
315, 42.0, 402.0
316, 335.0, 402.0
317, 348.0, 404.0
318, 477.0, 405.0
319, 255.0, 407.0
320, 260.0, 407.0
321, 326.0, 408.0
322, 314.0, 409.0
323, 337.0, 410.0
324, 250.0, 411.0
325, 306.0, 414.0
326, 216.0, 416.0
327, 456.0, 416.0
328, 320.0, 417.0
329, 325.0, 417.0
330, 337.0, 419.0
331, 615.0, 419.0
332, 96.0, 422.0
333, 325.0, 422.0
334, 359.0, 422.0
335, 208.0, 423.0
336, 313.0, 423.0
337, 275.0, 424.0
338, 464.0, 424.0
339, 590.0, 425.0
340, 380.0, 426.0
341, 440.0, 426.0
342, 296.0, 427.0
343, 324.0, 427.0
344, 330.0, 427.0
345, 306.0, 428.0
346, 409.0, 429.0
347, 714.0, 429.0
348, 318.0, 431.0
349, 395.0, 433.0
350, 430.0, 433.0
351, 451.0, 433.0
352, 300.0, 434.0
353, 323.0, 436.0
354, 335.0, 436.0
355, 464.0, 436.0
356, 600.0, 436.0
357, 310.0, 439.0
358, 348.0, 439.0
359, 387.0, 439.0
360, 353.0, 440.0
361, 457.0, 440.0
362, 491.0, 440.0
363, 496.0, 440.0
364, 501.0, 440.0
365, 579.0, 440.0
366, 341.0, 442.0
367, 402.0, 442.0
368, 443.0, 442.0
369, 482.0, 443.0
370, 515.0, 443.0
371, 305.0, 444.0
372, 387.0, 444.0
373, 423.0, 444.0
374, 283.0, 445.0
375, 293.0, 445.0
376, 533.0, 445.0
377, 365.0, 447.0
378, 455.0, 447.0
379, 244.0, 448.0
380, 358.0, 448.0
381, 568.0, 449.0
382, 283.0, 450.0
383, 416.0, 450.0
384, 487.0, 450.0
385, 588.0, 450.0
386, 470.0, 451.0
387, 440.0, 452.0
388, 583.0, 452.0
389, 332.0, 453.0
390, 366.0, 453.0
391, 431.0, 454.0
392, 497.0, 454.0
393, 320.0, 455.0
394, 461.0, 455.0
395, 477.0, 456.0
396, 639.0, 456.0
397, 163.0, 457.0
398, 270.0, 457.0
399, 298.0, 457.0
400, 358.0, 457.0
401, 485.0, 457.0
402, 520.0, 457.0
403, 384.0, 458.0
404, 391.0, 458.0
405, 448.0, 458.0
406, 277.0, 459.0
407, 289.0, 459.0
408, 365.0, 459.0
409, 467.0, 459.0
410, 509.0, 459.0
411, 541.0, 459.0
412, 52.0, 460.0
413, 405.0, 460.0
414, 583.0, 460.0
415, 237.0, 461.0
416, 561.0, 461.0
417, 424.0, 462.0
418, 501.0, 462.0
419, 379.0, 463.0
420, 320.0, 464.0
421, 439.0, 464.0
422, 300.0, 465.0
423, 269.0, 466.0
424, 481.0, 466.0
425, 512.0, 466.0
426, 502.0, 467.0
427, 283.0, 468.0
428, 418.0, 468.0
429, 467.0, 468.0
430, 526.0, 468.0
431, 555.0, 469.0
432, 398.0, 470.0
433, 431.0, 470.0
434, 459.0, 470.0
435, 308.0, 471.0
436, 340.0, 471.0
437, 382.0, 471.0
