0, 166.0, 375.0
1, 207.0, 387.0
2, 337.0, 380.0
3, 629.0, 28.0
4, 153.0, 332.0
5, 219.0, 381.0
6, 595.0, 381.0
7, 191.0, 380.0
8, 217.0, 259.0
9, 311.0, 394.0
10, 269.0, 387.0
11, 617.0, 34.0
12, 661.0, 128.0
13, 642.0, 26.0
14, 48.0, 401.0
15, 243.0, 332.0
16, 101.0, 393.0
17, 244.0, 365.0
18, 679.0, 18.0
19, 547.0, 124.0
20, 88.0, 389.0
21, 233.0, 334.0
22, 258.0, 405.0
23, 278.0, 391.0
24, 212.0, 377.0
25, 208.0, 346.0
26, 642.0, 217.0
27, 202.0, 333.0
28, 129.0, 144.0
29, 667.0, 217.0
30, 695.0, 16.0
31, 318.0, 403.0
32, 576.0, 386.0
33, 431.0, 146.0
34, 110.0, 381.0
35, 262.0, 378.0
36, 669.0, 369.0
37, 317.0, 382.0
38, 677.0, 35.0
39, 258.0, 330.0
40, 190.0, 463.0
41, 642.0, 68.0
42, 162.0, 314.0
43, 660.0, 226.0
44, 376.0, 63.0
45, 619.0, 71.0
46, 573.0, 114.0
47, 202.0, 376.0
48, 627.0, 43.0
49, 617.0, 51.0
50, 171.0, 366.0
51, 356.0, 375.0
52, 607.0, 143.0
53, 684.0, 380.0
54, 78.0, 150.0
55, 630.0, 263.0
56, 95.0, 209.0
57, 460.0, 219.0
58, 182.0, 73.0
59, 380.0, 241.0
60, 197.0, 368.0
61, 561.0, 375.0
62, 613.0, 378.0
63, 29.0, 441.0
64, 105.0, 373.0
65, 666.0, 25.0
66, 556.0, 201.0
67, 163.0, 361.0
68, 380.0, 221.0
69, 178.0, 354.0
70, 255.0, 455.0
71, 332.0, 135.0
72, 290.0, 362.0
73, 53.0, 171.0
74, 18.0, 162.0
75, 556.0, 154.0
76, 178.0, 396.0
77, 75.0, 289.0
78, 672.0, 178.0
79, 89.0, 242.0
80, 298.0, 390.0
81, 220.0, 336.0
82, 709.0, 216.0
83, 735.0, 362.0
84, 228.0, 70.0
85, 220.0, 349.0
86, 235.0, 420.0
87, 177.0, 36.0
88, 549.0, 360.0
89, 619.0, 21.0
90, 684.0, 223.0
91, 73.0, 216.0
92, 272.0, 411.0
93, 230.0, 373.0
94, 328.0, 387.0
95, 110.0, 358.0
96, 651.0, 110.0
97, 58.0, 239.0
98, 680.0, 87.0
99, 675.0, 387.0
100, 438.0, 123.0
101, 268.0, 328.0
102, 246.0, 143.0
103, 556.0, 390.0
104, 155.0, 161.0
105, 656.0, 247.0
106, 606.0, 167.0
107, 519.0, 126.0
108, 318.0, 371.0
109, 693.0, 60.0
110, 145.0, 316.0
111, 214.0, 243.0
112, 648.0, 51.0
113, 617.0, 408.0
114, 617.0, 365.0
115, 715.0, 240.0
116, 602.0, 186.0
117, 20.0, 238.0
118, 239.0, 346.0
119, 536.0, 390.0
120, 650.0, 100.0
121, 234.0, 362.0
122, 131.0, 288.0
123, 109.0, 337.0
124, 82.0, 188.0
125, 59.0, 210.0
126, 278.0, 371.0
127, 169.0, 388.0
128, 663.0, 107.0
129, 37.0, 192.0
130, 204.0, 170.0
131, 331.0, 409.0
132, 221.0, 370.0
133, 106.0, 48.0
134, 589.0, 228.0
135, 189.0, 364.0
136, 646.0, 15.0
137, 632.0, 364.0
138, 633.0, 249.0
139, 36.0, 425.0
140, 728.0, 387.0
141, 669.0, 10.0
142, 316.0, 159.0
143, 281.0, 316.0
144, 676.0, 230.0
145, 545.0, 372.0
146, 328.0, 396.0
147, 702.0, 45.0
148, 140.0, 335.0
149, 353.0, 454.0
150, 112.0, 77.0
151, 336.0, 64.0
152, 23.0, 459.0
153, 738.0, 112.0
154, 442.0, 425.0
155, 667.0, 62.0
156, 626.0, 393.0
157, 12.0, 187.0
158, 595.0, 208.0
159, 685.0, 196.0
160, 203.0, 39.0
161, 629.0, 147.0
162, 563.0, 316.0
163, 73.0, 135.0
164, 665.0, 44.0
165, 251.0, 240.0
166, 333.0, 431.0
167, 275.0, 469.0
168, 583.0, 139.0
169, 634.0, 380.0
170, 27.0, 138.0
171, 410.0, 236.0
172, 13.0, 139.0
173, 23.0, 471.0
174, 672.0, 105.0
175, 300.0, 144.0
176, 299.0, 320.0
177, 261.0, 149.0
178, 90.0, 375.0
179, 134.0, 165.0
180, 673.0, 239.0
181, 67.0, 348.0
182, 376.0, 44.0
183, 556.0, 338.0
184, 272.0, 433.0
185, 22.0, 426.0
186, 402.0, 36.0
187, 319.0, 143.0
188, 318.0, 60.0
189, 727.0, 200.0
190, 178.0, 53.0
191, 253.0, 341.0
192, 28.0, 213.0
193, 92.0, 422.0
194, 202.0, 361.0
195, 504.0, 349.0
196, 210.0, 300.0
197, 361.0, 254.0
198, 169.0, 122.0
199, 689.0, 245.0
200, 704.0, 115.0
201, 658.0, 237.0
202, 539.0, 144.0
203, 246.0, 443.0
204, 97.0, 451.0
205, 41.0, 371.0
206, 419.0, 406.0
207, 326.0, 370.0
208, 351.0, 392.0
209, 247.0, 64.0
210, 109.0, 172.0
211, 344.0, 390.0
212, 631.0, 164.0
213, 696.0, 364.0
214, 169.0, 347.0
215, 160.0, 232.0
216, 89.0, 125.0
217, 580.0, 258.0
218, 644.0, 126.0
219, 227.0, 388.0
220, 610.0, 440.0
221, 182.0, 343.0
222, 149.0, 226.0
223, 180.0, 377.0
224, 287.0, 374.0
225, 107.0, 293.0
226, 663.0, 237.0
227, 432.0, 60.0
228, 626.0, 335.0
229, 266.0, 249.0
230, 440.0, 443.0
231, 257.0, 350.0
232, 412.0, 109.0
233, 66.0, 392.0
234, 262.0, 30.0
235, 179.0, 382.0
236, 623.0, 348.0
237, 585.0, 162.0
238, 74.0, 379.0
239, 254.0, 109.0
240, 193.0, 392.0
241, 216.0, 118.0
242, 158.0, 69.0
243, 441.0, 272.0
244, 299.0, 233.0
245, 673.0, 158.0
246, 237.0, 356.0
247, 222.0, 44.0
248, 466.0, 303.0
249, 397.0, 430.0
250, 130.0, 30.0
251, 268.0, 344.0
252, 459.0, 122.0
253, 281.0, 146.0
254, 697.0, 76.0
255, 251.0, 408.0
256, 523.0, 199.0
257, 432.0, 55.0
258, 61.0, 291.0
259, 402.0, 430.0
260, 582.0, 367.0
261, 701.0, 64.0
262, 337.0, 401.0
263, 103.0, 183.0
264, 374.0, 154.0
265, 260.0, 419.0
266, 303.0, 263.0
267, 675.0, 377.0
268, 251.0, 355.0
269, 288.0, 46.0
270, 123.0, 334.0
271, 257.0, 75.0
272, 220.0, 299.0
273, 341.0, 412.0
274, 280.0, 251.0
275, 37.0, 405.0
276, 261.0, 214.0
277, 186.0, 102.0
278, 180.0, 368.0
279, 31.0, 193.0
280, 214.0, 360.0
281, 228.0, 352.0
282, 640.0, 50.0
283, 227.0, 344.0
284, 216.0, 404.0
285, 397.0, 407.0
286, 210.0, 365.0
287, 518.0, 368.0
288, 187.0, 43.0
289, 269.0, 366.0
290, 623.0, 385.0
291, 240.0, 377.0
292, 319.0, 105.0
293, 631.0, 17.0
294, 58.0, 137.0
295, 60.0, 421.0
296, 176.0, 471.0
297, 649.0, 192.0
298, 631.0, 340.0
299, 629.0, 155.0
300, 277.0, 378.0
301, 391.0, 431.0
302, 334.0, 240.0
303, 292.0, 87.0
304, 144.0, 46.0
305, 8.0, 425.0
306, 82.0, 363.0
307, 51.0, 214.0
308, 123.0, 347.0
309, 574.0, 278.0
310, 109.0, 69.0
311, 243.0, 82.0
312, 722.0, 214.0
313, 462.0, 298.0
314, 167.0, 16.0
315, 283.0, 384.0
316, 195.0, 247.0
317, 8.0, 446.0
318, 310.0, 72.0
319, 392.0, 408.0
320, 600.0, 365.0
321, 150.0, 129.0
322, 559.0, 327.0
323, 180.0, 184.0
324, 398.0, 174.0
325, 275.0, 400.0
326, 302.0, 378.0
327, 287.0, 394.0
328, 132.0, 43.0
329, 642.0, 138.0
330, 521.0, 204.0
331, 250.0, 379.0
332, 636.0, 344.0
333, 543.0, 378.0
334, 156.0, 283.0
335, 618.0, 443.0
336, 387.0, 408.0
337, 255.0, 383.0
338, 366.0, 37.0
339, 258.0, 340.0
340, 239.0, 29.0
341, 614.0, 319.0
342, 330.0, 167.0
343, 51.0, 392.0
344, 410.0, 20.0
345, 201.0, 26.0
346, 397.0, 221.0
347, 555.0, 142.0
348, 610.0, 332.0
349, 168.0, 38.0
350, 98.0, 366.0
351, 16.0, 450.0
352, 188.0, 346.0
353, 198.0, 343.0
354, 201.0, 83.0
355, 571.0, 290.0
356, 23.0, 214.0
357, 691.0, 44.0
358, 64.0, 381.0
359, 76.0, 469.0
360, 96.0, 380.0
361, 202.0, 127.0
362, 163.0, 183.0
363, 520.0, 209.0
364, 76.0, 189.0
365, 387.0, 309.0
366, 485.0, 416.0
367, 335.0, 39.0
368, 637.0, 8.0
369, 254.0, 32.0
370, 224.0, 408.0
371, 194.0, 172.0
372, 132.0, 340.0
373, 205.0, 194.0
374, 273.0, 49.0
375, 79.0, 385.0
376, 384.0, 154.0
377, 106.0, 8.0
378, 411.0, 32.0
379, 101.0, 286.0
380, 235.0, 194.0
381, 379.0, 291.0
382, 398.0, 163.0
383, 317.0, 28.0
384, 431.0, 34.0
385, 529.0, 307.0
386, 180.0, 169.0
387, 146.0, 250.0
388, 616.0, 313.0
389, 222.0, 469.0
390, 112.0, 160.0
391, 365.0, 324.0
392, 233.0, 340.0
393, 434.0, 406.0
394, 264.0, 228.0
395, 198.0, 387.0
396, 89.0, 83.0
397, 126.0, 157.0
398, 330.0, 227.0
399, 335.0, 248.0
400, 234.0, 271.0
401, 719.0, 227.0
402, 403.0, 58.0
403, 209.0, 401.0
404, 87.0, 361.0
405, 115.0, 228.0
406, 254.0, 363.0
407, 459.0, 96.0
408, 450.0, 64.0
409, 654.0, 160.0
410, 668.0, 239.0
411, 331.0, 204.0
412, 271.0, 194.0
413, 321.0, 422.0
414, 742.0, 364.0
415, 271.0, 357.0
416, 383.0, 300.0
417, 277.0, 86.0
418, 268.0, 165.0
419, 354.0, 106.0
420, 693.0, 240.0
421, 174.0, 347.0
422, 247.0, 448.0
423, 108.0, 18.0
424, 226.0, 364.0
425, 125.0, 308.0
426, 267.0, 159.0
427, 701.0, 241.0
428, 323.0, 174.0
429, 507.0, 354.0
430, 623.0, 289.0
431, 238.0, 35.0
432, 271.0, 26.0
433, 240.0, 351.0
434, 256.0, 49.0
435, 451.0, 92.0
436, 490.0, 431.0
437, 324.0, 77.0
438, 321.0, 236.0
439, 241.0, 54.0
440, 103.0, 136.0
441, 258.0, 269.0
442, 182.0, 196.0
443, 449.0, 109.0
444, 268.0, 376.0
445, 587.0, 295.0
446, 664.0, 36.0
447, 239.0, 366.0
448, 519.0, 216.0
449, 259.0, 164.0
450, 429.0, 121.0
451, 188.0, 136.0
452, 665.0, 227.0
453, 642.0, 304.0
454, 33.0, 447.0
455, 684.0, 232.0
456, 36.0, 373.0
457, 459.0, 24.0
458, 605.0, 440.0
459, 234.0, 11.0
460, 298.0, 220.0
461, 651.0, 14.0
462, 149.0, 72.0
463, 215.0, 337.0
464, 395.0, 55.0
465, 221.0, 362.0
466, 235.0, 373.0
467, 346.0, 253.0
468, 359.0, 158.0
469, 234.0, 351.0
470, 634.0, 355.0
471, 264.0, 57.0
472, 208.0, 158.0
473, 46.0, 413.0
474, 325.0, 157.0
475, 242.0, 432.0
476, 332.0, 218.0
477, 432.0, 260.0
478, 140.0, 321.0
479, 396.0, 24.0
480, 413.0, 137.0
481, 143.0, 259.0
482, 198.0, 105.0
483, 277.0, 225.0
484, 288.0, 266.0
485, 438.0, 435.0
486, 298.0, 55.0
487, 572.0, 160.0
488, 512.0, 361.0
489, 205.0, 56.0
490, 67.0, 39.0
491, 315.0, 254.0
492, 412.0, 198.0
493, 319.0, 391.0
494, 285.0, 136.0
495, 166.0, 268.0
496, 596.0, 203.0
497, 396.0, 105.0
498, 654.0, 170.0
499, 238.0, 407.0
