0, 321.0, 396.0
1, 507.0, 194.0
2, 506.0, 391.0
3, 511.0, 296.0
4, 653.0, 422.0
5, 61.0, 463.0
6, 499.0, 280.0
7, 546.0, 347.0
8, 539.0, 412.0
9, 472.0, 281.0
10, 509.0, 272.0
11, 21.0, 399.0
12, 290.0, 338.0
13, 492.0, 425.0
14, 496.0, 319.0
15, 638.0, 310.0
16, 42.0, 464.0
17, 13.0, 452.0
18, 550.0, 411.0
19, 430.0, 429.0
20, 409.0, 336.0
21, 417.0, 418.0
22, 477.0, 304.0
23, 516.0, 387.0
24, 51.0, 412.0
25, 501.0, 291.0
26, 26.0, 372.0
27, 29.0, 412.0
28, 46.0, 438.0
29, 693.0, 321.0
30, 435.0, 369.0
31, 34.0, 452.0
32, 43.0, 399.0
33, 519.0, 259.0
34, 475.0, 270.0
35, 514.0, 351.0
36, 35.0, 386.0
37, 663.0, 290.0
38, 725.0, 293.0
39, 365.0, 309.0
40, 8.0, 411.0
41, 403.0, 305.0
42, 559.0, 274.0
43, 424.0, 379.0
44, 73.0, 449.0
45, 361.0, 403.0
46, 682.0, 102.0
47, 440.0, 256.0
48, 651.0, 332.0
49, 298.0, 370.0
50, 363.0, 438.0
51, 663.0, 300.0
52, 324.0, 301.0
53, 390.0, 211.0
54, 82.0, 461.0
55, 309.0, 346.0
56, 315.0, 378.0
57, 393.0, 238.0
58, 356.0, 389.0
59, 528.0, 307.0
60, 441.0, 125.0
61, 329.0, 308.0
62, 332.0, 259.0
63, 12.0, 384.0
64, 542.0, 376.0
65, 531.0, 252.0
66, 700.0, 103.0
67, 624.0, 427.0
68, 566.0, 441.0
69, 38.0, 425.0
70, 550.0, 139.0
71, 699.0, 300.0
72, 674.0, 292.0
73, 355.0, 267.0
74, 22.0, 465.0
75, 471.0, 345.0
76, 596.0, 393.0
77, 699.0, 202.0
78, 459.0, 255.0
79, 581.0, 282.0
80, 112.0, 416.0
81, 635.0, 422.0
82, 395.0, 361.0
83, 639.0, 325.0
84, 536.0, 404.0
85, 490.0, 126.0
86, 592.0, 406.0
87, 726.0, 193.0
88, 711.0, 205.0
89, 333.0, 393.0
90, 665.0, 99.0
91, 529.0, 295.0
92, 533.0, 426.0
93, 577.0, 468.0
94, 373.0, 339.0
95, 420.0, 322.0
96, 526.0, 448.0
97, 711.0, 310.0
98, 384.0, 323.0
99, 676.0, 221.0
100, 503.0, 383.0
101, 344.0, 365.0
102, 353.0, 365.0
103, 464.0, 376.0
104, 382.0, 352.0
105, 17.0, 425.0
106, 627.0, 307.0
107, 715.0, 26.0
108, 58.0, 424.0
109, 459.0, 220.0
110, 25.0, 439.0
111, 424.0, 235.0
112, 309.0, 400.0
113, 707.0, 267.0
114, 490.0, 310.0
115, 54.0, 450.0
116, 411.0, 190.0
117, 433.0, 408.0
118, 550.0, 22.0
119, 647.0, 253.0
120, 335.0, 165.0
121, 348.0, 394.0
122, 380.0, 223.0
123, 679.0, 312.0
124, 711.0, 144.0
125, 485.0, 402.0
126, 724.0, 323.0
127, 349.0, 436.0
128, 524.0, 406.0
129, 428.0, 313.0
130, 449.0, 253.0
131, 311.0, 368.0
132, 564.0, 334.0
133, 401.0, 19.0
134, 333.0, 347.0
135, 339.0, 150.0
136, 580.0, 454.0
137, 349.0, 356.0
138, 732.0, 286.0
139, 357.0, 235.0
140, 490.0, 414.0
141, 299.0, 337.0
142, 473.0, 382.0
143, 341.0, 445.0
144, 376.0, 250.0
145, 474.0, 260.0
146, 494.0, 336.0
147, 483.0, 391.0
148, 443.0, 223.0
149, 716.0, 160.0
150, 508.0, 255.0
151, 66.0, 438.0
152, 538.0, 257.0
153, 538.0, 369.0
154, 711.0, 50.0
155, 299.0, 457.0
156, 398.0, 262.0
157, 642.0, 455.0
158, 508.0, 330.0
159, 538.0, 267.0
160, 386.0, 431.0
161, 17.0, 356.0
162, 524.0, 77.0
163, 526.0, 194.0
164, 605.0, 290.0
165, 400.0, 369.0
166, 113.0, 184.0
167, 729.0, 33.0
168, 353.0, 222.0
169, 680.0, 398.0
170, 593.0, 365.0
171, 277.0, 351.0
172, 660.0, 393.0
173, 624.0, 251.0
174, 316.0, 434.0
175, 701.0, 348.0
176, 487.0, 257.0
177, 657.0, 245.0
178, 317.0, 309.0
179, 721.0, 209.0
180, 608.0, 166.0
181, 397.0, 423.0
182, 399.0, 316.0
183, 445.0, 361.0
184, 694.0, 261.0
185, 675.0, 71.0
186, 649.0, 129.0
187, 572.0, 339.0
188, 511.0, 447.0
189, 685.0, 375.0
190, 680.0, 333.0
191, 471.0, 251.0
192, 668.0, 88.0
193, 291.0, 349.0
194, 491.0, 34.0
195, 690.0, 189.0
196, 468.0, 392.0
197, 742.0, 223.0
198, 411.0, 298.0
199, 539.0, 392.0
200, 647.0, 242.0
201, 727.0, 120.0
202, 647.0, 343.0
203, 738.0, 206.0
204, 675.0, 416.0
205, 512.0, 241.0
206, 308.0, 295.0
207, 381.0, 130.0
208, 465.0, 296.0
209, 493.0, 390.0
210, 359.0, 446.0
211, 349.0, 169.0
212, 688.0, 69.0
213, 666.0, 445.0
214, 722.0, 100.0
215, 419.0, 220.0
216, 169.0, 464.0
217, 649.0, 466.0
218, 367.0, 428.0
219, 531.0, 346.0
220, 408.0, 349.0
221, 631.0, 299.0
222, 460.0, 363.0
223, 661.0, 310.0
224, 459.0, 391.0
225, 707.0, 317.0
226, 415.0, 394.0
227, 536.0, 307.0
228, 488.0, 83.0
229, 730.0, 278.0
230, 586.0, 17.0
231, 664.0, 331.0
232, 454.0, 270.0
233, 407.0, 223.0
234, 142.0, 382.0
235, 585.0, 439.0
236, 480.0, 16.0
237, 374.0, 380.0
238, 439.0, 269.0
239, 377.0, 398.0
240, 633.0, 408.0
241, 366.0, 272.0
242, 556.0, 126.0
243, 118.0, 203.0
244, 548.0, 440.0
245, 290.0, 316.0
246, 497.0, 368.0
247, 615.0, 383.0
248, 517.0, 358.0
249, 314.0, 461.0
250, 358.0, 410.0
251, 458.0, 323.0
252, 315.0, 302.0
253, 380.0, 81.0
254, 625.0, 333.0
255, 604.0, 431.0
256, 594.0, 342.0
257, 634.0, 270.0
258, 523.0, 378.0
259, 321.0, 105.0
260, 412.0, 318.0
261, 659.0, 336.0
262, 671.0, 146.0
263, 495.0, 268.0
264, 366.0, 297.0
265, 77.0, 225.0
266, 509.0, 368.0
267, 380.0, 297.0
268, 723.0, 263.0
269, 343.0, 313.0
270, 312.0, 449.0
271, 736.0, 317.0
272, 479.0, 341.0
273, 503.0, 360.0
274, 382.0, 211.0
275, 702.0, 325.0
276, 388.0, 396.0
277, 673.0, 192.0
278, 544.0, 297.0
279, 492.0, 65.0
280, 742.0, 106.0
281, 709.0, 36.0
282, 572.0, 406.0
283, 518.0, 309.0
284, 686.0, 85.0
285, 558.0, 84.0
286, 507.0, 402.0
287, 743.0, 138.0
288, 676.0, 437.0
289, 322.0, 451.0
290, 453.0, 306.0
291, 436.0, 399.0
292, 491.0, 346.0
293, 571.0, 431.0
294, 480.0, 357.0
295, 428.0, 222.0
296, 450.0, 62.0
297, 660.0, 405.0
298, 635.0, 391.0
299, 627.0, 457.0
300, 337.0, 247.0
301, 668.0, 410.0
302, 594.0, 434.0
303, 651.0, 280.0
304, 714.0, 301.0
305, 467.0, 314.0
306, 587.0, 387.0
307, 733.0, 54.0
308, 490.0, 291.0
309, 335.0, 356.0
310, 343.0, 129.0
311, 375.0, 314.0
312, 306.0, 316.0
313, 713.0, 131.0
314, 684.0, 149.0
315, 284.0, 325.0
316, 695.0, 311.0
317, 84.0, 55.0
318, 122.0, 229.0
319, 324.0, 241.0
320, 451.0, 82.0
321, 274.0, 432.0
322, 554.0, 366.0
323, 79.0, 35.0
324, 285.0, 465.0
325, 700.0, 142.0
326, 554.0, 299.0
327, 513.0, 379.0
328, 456.0, 33.0
329, 364.0, 105.0
330, 205.0, 359.0
331, 735.0, 357.0
332, 413.0, 371.0
333, 360.0, 199.0
334, 508.0, 411.0
335, 323.0, 259.0
336, 555.0, 405.0
337, 532.0, 169.0
338, 620.0, 139.0
339, 526.0, 466.0
340, 420.0, 285.0
341, 697.0, 30.0
342, 400.0, 69.0
343, 406.0, 359.0
344, 587.0, 329.0
345, 676.0, 465.0
346, 401.0, 382.0
347, 558.0, 257.0
348, 663.0, 216.0
349, 699.0, 160.0
350, 305.0, 362.0
351, 362.0, 372.0
352, 528.0, 414.0
353, 98.0, 109.0
354, 579.0, 381.0
355, 689.0, 303.0
356, 570.0, 178.0
357, 496.0, 201.0
358, 348.0, 379.0
359, 346.0, 244.0
360, 350.0, 331.0
361, 365.0, 360.0
362, 174.0, 429.0
363, 380.0, 236.0
364, 353.0, 139.0
365, 659.0, 147.0
366, 134.0, 273.0
367, 422.0, 334.0
368, 530.0, 395.0
369, 723.0, 285.0
370, 428.0, 108.0
371, 305.0, 445.0
372, 509.0, 182.0
373, 541.0, 353.0
374, 321.0, 203.0
375, 326.0, 365.0
376, 579.0, 334.0
377, 414.0, 99.0
378, 622.0, 462.0
379, 529.0, 353.0
380, 327.0, 424.0
381, 416.0, 74.0
382, 48.0, 368.0
383, 646.0, 263.0
384, 395.0, 390.0
385, 486.0, 272.0
386, 640.0, 271.0
387, 408.0, 375.0
388, 623.0, 414.0
389, 693.0, 340.0
390, 393.0, 280.0
391, 411.0, 180.0
392, 560.0, 251.0
393, 416.0, 138.0
394, 608.0, 253.0
395, 687.0, 351.0
396, 351.0, 419.0
397, 699.0, 41.0
398, 727.0, 271.0
399, 508.0, 247.0
400, 487.0, 442.0
401, 149.0, 331.0
402, 89.0, 73.0
403, 383.0, 251.0
404, 368.0, 394.0
405, 383.0, 307.0
406, 379.0, 260.0
407, 716.0, 262.0
408, 569.0, 124.0
409, 461.0, 231.0
410, 321.0, 8.0
411, 709.0, 355.0
412, 443.0, 315.0
413, 339.0, 387.0
414, 369.0, 237.0
415, 421.0, 426.0
416, 696.0, 357.0
417, 693.0, 364.0
418, 699.0, 335.0
419, 656.0, 194.0
420, 678.0, 300.0
421, 673.0, 182.0
422, 300.0, 471.0
423, 664.0, 454.0
424, 378.0, 365.0
425, 721.0, 220.0
426, 443.0, 298.0
427, 444.0, 394.0
428, 397.0, 327.0
429, 572.0, 330.0
430, 458.0, 201.0
431, 494.0, 238.0
432, 654.0, 401.0
433, 141.0, 300.0
434, 395.0, 345.0
435, 341.0, 412.0
436, 706.0, 73.0
437, 389.0, 345.0
438, 387.0, 376.0
439, 396.0, 111.0
440, 633.0, 187.0
441, 672.0, 456.0
442, 348.0, 408.0
443, 469.0, 361.0
444, 419.0, 200.0
445, 679.0, 260.0
446, 313.0, 335.0
447, 489.0, 368.0
448, 384.0, 415.0
449, 389.0, 385.0
450, 632.0, 465.0
451, 734.0, 298.0
452, 348.0, 374.0
453, 347.0, 154.0
454, 461.0, 357.0
455, 525.0, 45.0
456, 482.0, 176.0
457, 671.0, 465.0
458, 468.0, 415.0
459, 432.0, 360.0
460, 346.0, 322.0
461, 701.0, 58.0
462, 337.0, 424.0
463, 721.0, 305.0
464, 357.0, 152.0
465, 453.0, 201.0
466, 358.0, 378.0
467, 422.0, 24.0
468, 473.0, 416.0
469, 266.0, 63.0
470, 547.0, 403.0
471, 423.0, 41.0
472, 357.0, 119.0
473, 111.0, 176.0
474, 493.0, 21.0
475, 406.0, 275.0
476, 421.0, 9.0
477, 75.0, 19.0
478, 663.0, 385.0
479, 422.0, 390.0
480, 368.0, 410.0
481, 591.0, 449.0
482, 361.0, 261.0
483, 456.0, 334.0
484, 450.0, 428.0
485, 384.0, 8.0
486, 437.0, 390.0
487, 519.0, 423.0
488, 383.0, 387.0
489, 449.0, 376.0
490, 354.0, 247.0
491, 107.0, 153.0
492, 699.0, 89.0
493, 720.0, 276.0
494, 380.0, 119.0
495, 104.0, 401.0
496, 531.0, 466.0
497, 505.0, 111.0
498, 656.0, 280.0
499, 389.0, 367.0
