0, 625.0, 115.0
1, 188.0, 401.0
2, 613.0, 119.0
3, 208.0, 357.0
4, 646.0, 127.0
5, 622.0, 128.0
6, 547.0, 185.0
7, 164.0, 366.0
8, 187.0, 447.0
9, 173.0, 372.0
10, 228.0, 269.0
11, 144.0, 442.0
12, 687.0, 46.0
13, 209.0, 96.0
14, 637.0, 115.0
15, 704.0, 10.0
16, 319.0, 411.0
17, 183.0, 425.0
18, 643.0, 326.0
19, 192.0, 470.0
20, 719.0, 84.0
21, 558.0, 202.0
22, 344.0, 164.0
23, 737.0, 10.0
24, 122.0, 463.0
25, 165.0, 394.0
26, 523.0, 185.0
27, 35.0, 414.0
28, 543.0, 456.0
29, 658.0, 327.0
30, 687.0, 209.0
31, 161.0, 335.0
32, 669.0, 43.0
33, 440.0, 185.0
34, 120.0, 431.0
35, 681.0, 280.0
36, 293.0, 421.0
37, 702.0, 21.0
38, 737.0, 47.0
39, 282.0, 414.0
40, 173.0, 419.0
41, 673.0, 107.0
42, 89.0, 210.0
43, 256.0, 408.0
44, 691.0, 22.0
45, 392.0, 83.0
46, 138.0, 366.0
47, 583.0, 452.0
48, 308.0, 440.0
49, 646.0, 317.0
50, 503.0, 170.0
51, 596.0, 417.0
52, 301.0, 410.0
53, 137.0, 432.0
54, 193.0, 139.0
55, 670.0, 118.0
56, 117.0, 445.0
57, 563.0, 453.0
58, 617.0, 107.0
59, 626.0, 87.0
60, 200.0, 398.0
61, 263.0, 164.0
62, 213.0, 394.0
63, 280.0, 384.0
64, 199.0, 454.0
65, 590.0, 164.0
66, 628.0, 105.0
67, 665.0, 273.0
68, 639.0, 82.0
69, 165.0, 383.0
70, 532.0, 171.0
71, 420.0, 77.0
72, 87.0, 236.0
73, 199.0, 444.0
74, 722.0, 70.0
75, 712.0, 142.0
76, 340.0, 242.0
77, 155.0, 414.0
78, 170.0, 405.0
79, 205.0, 390.0
80, 207.0, 79.0
81, 146.0, 381.0
82, 244.0, 425.0
83, 176.0, 69.0
84, 678.0, 49.0
85, 127.0, 408.0
86, 332.0, 172.0
87, 673.0, 144.0
88, 267.0, 392.0
89, 156.0, 317.0
90, 700.0, 69.0
91, 96.0, 385.0
92, 204.0, 343.0
93, 723.0, 286.0
94, 25.0, 279.0
95, 251.0, 398.0
96, 155.0, 156.0
97, 691.0, 33.0
98, 696.0, 289.0
99, 122.0, 335.0
100, 503.0, 454.0
101, 660.0, 69.0
102, 542.0, 229.0
103, 674.0, 31.0
104, 392.0, 100.0
105, 685.0, 119.0
106, 21.0, 262.0
107, 580.0, 257.0
108, 740.0, 29.0
109, 606.0, 441.0
110, 110.0, 192.0
111, 562.0, 171.0
112, 660.0, 109.0
113, 693.0, 106.0
114, 648.0, 81.0
115, 229.0, 378.0
116, 145.0, 94.0
117, 188.0, 390.0
118, 298.0, 431.0
119, 592.0, 468.0
120, 39.0, 428.0
121, 121.0, 212.0
122, 219.0, 468.0
123, 529.0, 439.0
124, 111.0, 158.0
125, 114.0, 241.0
126, 179.0, 458.0
127, 217.0, 362.0
128, 195.0, 378.0
129, 660.0, 128.0
130, 184.0, 350.0
131, 49.0, 186.0
132, 148.0, 337.0
133, 644.0, 104.0
134, 50.0, 414.0
135, 131.0, 387.0
136, 241.0, 349.0
137, 589.0, 438.0
138, 11.0, 441.0
139, 85.0, 341.0
140, 197.0, 387.0
141, 255.0, 433.0
142, 226.0, 461.0
143, 724.0, 142.0
144, 238.0, 382.0
145, 523.0, 456.0
146, 338.0, 406.0
147, 118.0, 23.0
148, 643.0, 449.0
149, 61.0, 392.0
150, 647.0, 469.0
151, 102.0, 217.0
152, 613.0, 135.0
153, 298.0, 452.0
154, 133.0, 347.0
155, 704.0, 150.0
156, 707.0, 86.0
157, 121.0, 356.0
158, 154.0, 387.0
159, 630.0, 73.0
160, 295.0, 342.0
161, 171.0, 318.0
162, 57.0, 163.0
163, 548.0, 213.0
164, 537.0, 277.0
165, 265.0, 346.0
166, 385.0, 268.0
167, 191.0, 417.0
168, 95.0, 421.0
169, 603.0, 400.0
170, 466.0, 37.0
171, 222.0, 388.0
172, 699.0, 30.0
173, 88.0, 175.0
174, 71.0, 192.0
175, 54.0, 231.0
176, 152.0, 354.0
177, 182.0, 435.0
178, 175.0, 471.0
179, 632.0, 332.0
180, 165.0, 432.0
181, 123.0, 366.0
182, 118.0, 381.0
183, 698.0, 122.0
184, 218.0, 349.0
185, 650.0, 290.0
186, 691.0, 149.0
187, 675.0, 66.0
188, 309.0, 426.0
189, 195.0, 436.0
190, 176.0, 389.0
191, 512.0, 438.0
192, 618.0, 235.0
193, 280.0, 335.0
194, 173.0, 353.0
195, 178.0, 238.0
196, 449.0, 163.0
197, 331.0, 425.0
198, 199.0, 426.0
199, 251.0, 455.0
200, 635.0, 95.0
201, 138.0, 394.0
202, 221.0, 437.0
203, 133.0, 439.0
204, 726.0, 129.0
205, 33.0, 142.0
206, 231.0, 82.0
207, 630.0, 256.0
208, 439.0, 18.0
209, 656.0, 258.0
210, 606.0, 458.0
211, 386.0, 186.0
212, 701.0, 261.0
213, 170.0, 448.0
214, 277.0, 187.0
215, 172.0, 438.0
216, 415.0, 268.0
217, 726.0, 310.0
218, 563.0, 217.0
219, 251.0, 96.0
220, 67.0, 381.0
221, 656.0, 464.0
222, 181.0, 361.0
223, 602.0, 348.0
224, 568.0, 292.0
225, 448.0, 96.0
226, 210.0, 432.0
227, 331.0, 11.0
228, 736.0, 285.0
229, 221.0, 186.0
230, 63.0, 311.0
231, 675.0, 448.0
232, 308.0, 282.0
233, 122.0, 134.0
234, 96.0, 357.0
235, 310.0, 416.0
236, 231.0, 348.0
237, 304.0, 398.0
238, 187.0, 374.0
239, 98.0, 282.0
240, 59.0, 361.0
241, 158.0, 439.0
242, 604.0, 258.0
243, 727.0, 175.0
244, 226.0, 253.0
245, 529.0, 214.0
246, 178.0, 173.0
247, 97.0, 451.0
248, 267.0, 8.0
249, 200.0, 352.0
250, 276.0, 172.0
251, 161.0, 177.0
252, 576.0, 213.0
253, 364.0, 279.0
254, 138.0, 416.0
255, 9.0, 262.0
256, 334.0, 94.0
257, 61.0, 210.0
258, 332.0, 187.0
259, 306.0, 462.0
260, 368.0, 139.0
261, 211.0, 456.0
262, 264.0, 414.0
263, 516.0, 428.0
264, 170.0, 285.0
265, 380.0, 228.0
266, 391.0, 140.0
267, 387.0, 249.0
268, 116.0, 411.0
269, 21.0, 433.0
270, 639.0, 140.0
271, 129.0, 453.0
272, 727.0, 49.0
273, 743.0, 18.0
274, 615.0, 307.0
275, 156.0, 462.0
276, 635.0, 228.0
277, 660.0, 184.0
278, 147.0, 286.0
279, 313.0, 170.0
280, 31.0, 166.0
281, 241.0, 440.0
282, 436.0, 311.0
283, 714.0, 24.0
284, 300.0, 72.0
285, 635.0, 314.0
286, 671.0, 189.0
287, 126.0, 289.0
288, 66.0, 143.0
289, 575.0, 273.0
290, 258.0, 387.0
291, 728.0, 458.0
292, 471.0, 163.0
293, 143.0, 69.0
294, 272.0, 417.0
295, 340.0, 263.0
296, 200.0, 370.0
297, 255.0, 347.0
298, 716.0, 452.0
299, 327.0, 272.0
300, 159.0, 423.0
301, 81.0, 128.0
302, 743.0, 271.0
303, 400.0, 268.0
304, 13.0, 286.0
305, 408.0, 35.0
306, 272.0, 134.0
307, 455.0, 351.0
308, 670.0, 330.0
309, 211.0, 122.0
310, 614.0, 415.0
311, 365.0, 446.0
312, 324.0, 422.0
313, 668.0, 159.0
314, 274.0, 266.0
315, 222.0, 146.0
316, 352.0, 98.0
317, 409.0, 141.0
318, 641.0, 305.0
319, 29.0, 290.0
320, 209.0, 383.0
321, 658.0, 141.0
322, 177.0, 382.0
323, 129.0, 421.0
324, 269.0, 93.0
325, 644.0, 239.0
326, 221.0, 208.0
327, 724.0, 21.0
328, 723.0, 454.0
329, 384.0, 74.0
330, 609.0, 423.0
331, 78.0, 386.0
332, 85.0, 373.0
333, 237.0, 138.0
334, 697.0, 83.0
335, 295.0, 170.0
336, 337.0, 64.0
337, 457.0, 264.0
338, 124.0, 98.0
339, 224.0, 451.0
340, 510.0, 443.0
341, 15.0, 471.0
342, 508.0, 269.0
343, 465.0, 133.0
344, 189.0, 355.0
345, 348.0, 8.0
346, 447.0, 101.0
347, 316.0, 432.0
348, 209.0, 23.0
349, 671.0, 60.0
350, 101.0, 371.0
351, 126.0, 401.0
352, 22.0, 413.0
353, 106.0, 377.0
354, 273.0, 230.0
355, 176.0, 144.0
356, 157.0, 405.0
357, 392.0, 125.0
358, 264.0, 62.0
359, 33.0, 456.0
360, 334.0, 136.0
361, 361.0, 471.0
362, 391.0, 450.0
363, 204.0, 471.0
364, 338.0, 228.0
365, 202.0, 415.0
366, 93.0, 144.0
367, 108.0, 451.0
368, 235.0, 428.0
369, 186.0, 26.0
370, 606.0, 335.0
371, 725.0, 182.0
372, 264.0, 83.0
373, 78.0, 406.0
374, 276.0, 400.0
375, 700.0, 304.0
376, 721.0, 57.0
377, 68.0, 412.0
378, 629.0, 96.0
379, 310.0, 11.0
380, 302.0, 421.0
381, 651.0, 71.0
382, 52.0, 143.0
383, 226.0, 361.0
384, 722.0, 294.0
385, 418.0, 240.0
386, 210.0, 451.0
387, 446.0, 144.0
388, 359.0, 301.0
389, 77.0, 374.0
390, 132.0, 371.0
391, 147.0, 400.0
392, 482.0, 408.0
393, 259.0, 424.0
394, 356.0, 354.0
395, 374.0, 324.0
396, 677.0, 267.0
397, 447.0, 335.0
398, 561.0, 311.0
399, 106.0, 144.0
400, 682.0, 306.0
401, 271.0, 406.0
402, 641.0, 247.0
403, 108.0, 419.0
404, 652.0, 458.0
405, 310.0, 153.0
406, 20.0, 142.0
407, 510.0, 469.0
408, 276.0, 434.0
409, 695.0, 302.0
410, 387.0, 206.0
411, 30.0, 446.0
412, 382.0, 147.0
413, 158.0, 444.0
414, 169.0, 232.0
415, 288.0, 10.0
416, 214.0, 383.0
417, 213.0, 424.0
418, 387.0, 11.0
419, 612.0, 410.0
420, 149.0, 141.0
421, 262.0, 372.0
422, 203.0, 463.0
423, 208.0, 255.0
424, 262.0, 255.0
425, 402.0, 252.0
426, 288.0, 268.0
427, 286.0, 61.0
428, 143.0, 454.0
429, 452.0, 346.0
430, 112.0, 350.0
431, 734.0, 295.0
432, 198.0, 25.0
433, 8.0, 142.0
434, 266.0, 402.0
435, 154.0, 331.0
436, 644.0, 188.0
437, 608.0, 434.0
438, 320.0, 224.0
439, 140.0, 410.0
440, 285.0, 403.0
441, 340.0, 270.0
442, 45.0, 142.0
443, 645.0, 335.0
444, 423.0, 146.0
445, 109.0, 20.0
446, 130.0, 189.0
447, 378.0, 344.0
448, 722.0, 29.0
449, 384.0, 379.0
450, 274.0, 244.0
451, 66.0, 211.0
452, 419.0, 98.0
453, 8.0, 427.0
454, 371.0, 471.0
455, 72.0, 143.0
456, 121.0, 289.0
457, 41.0, 409.0
458, 164.0, 427.0
459, 675.0, 456.0
460, 336.0, 415.0
461, 685.0, 169.0
462, 233.0, 394.0
463, 224.0, 107.0
464, 379.0, 352.0
465, 505.0, 464.0
466, 144.0, 85.0
467, 301.0, 224.0
468, 649.0, 176.0
469, 40.0, 142.0
470, 370.0, 188.0
471, 424.0, 173.0
472, 309.0, 136.0
473, 164.0, 253.0
474, 115.0, 423.0
475, 17.0, 417.0
476, 687.0, 306.0
477, 138.0, 232.0
478, 571.0, 212.0
479, 388.0, 32.0
480, 226.0, 348.0
481, 442.0, 159.0
482, 360.0, 446.0
483, 448.0, 77.0
484, 111.0, 89.0
485, 95.0, 133.0
486, 669.0, 335.0
487, 84.0, 282.0
488, 592.0, 427.0
489, 148.0, 204.0
490, 381.0, 359.0
491, 586.0, 390.0
492, 709.0, 308.0
493, 370.0, 85.0
494, 656.0, 123.0
495, 249.0, 358.0
496, 137.0, 136.0
497, 140.0, 306.0
498, 159.0, 216.0
499, 186.0, 31.0
