0, 437.0, 344.0
1, 613.0, 308.0
2, 207.0, 339.0
3, 600.0, 302.0
4, 613.0, 294.0
5, 485.0, 247.0
6, 646.0, 285.0
7, 171.0, 336.0
8, 47.0, 304.0
9, 503.0, 323.0
10, 467.0, 315.0
11, 242.0, 331.0
12, 581.0, 421.0
13, 464.0, 173.0
14, 281.0, 393.0
15, 44.0, 458.0
16, 472.0, 241.0
17, 556.0, 355.0
18, 450.0, 346.0
19, 473.0, 160.0
20, 488.0, 330.0
21, 496.0, 301.0
22, 149.0, 286.0
23, 557.0, 333.0
24, 309.0, 381.0
25, 199.0, 452.0
26, 235.0, 104.0
27, 577.0, 411.0
28, 656.0, 278.0
29, 614.0, 425.0
30, 162.0, 444.0
31, 98.0, 461.0
32, 244.0, 312.0
33, 205.0, 327.0
34, 588.0, 312.0
35, 257.0, 350.0
36, 680.0, 209.0
37, 499.0, 256.0
38, 666.0, 436.0
39, 696.0, 260.0
40, 502.0, 248.0
41, 646.0, 274.0
42, 589.0, 225.0
43, 599.0, 318.0
44, 624.0, 287.0
45, 530.0, 325.0
46, 573.0, 321.0
47, 493.0, 162.0
48, 508.0, 296.0
49, 399.0, 461.0
50, 425.0, 61.0
51, 278.0, 334.0
52, 572.0, 418.0
53, 576.0, 398.0
54, 138.0, 261.0
55, 103.0, 125.0
56, 240.0, 358.0
57, 259.0, 283.0
58, 547.0, 160.0
59, 217.0, 306.0
60, 636.0, 293.0
61, 228.0, 379.0
62, 85.0, 266.0
63, 625.0, 236.0
64, 197.0, 321.0
65, 189.0, 457.0
66, 278.0, 294.0
67, 252.0, 382.0
68, 482.0, 375.0
69, 489.0, 381.0
70, 35.0, 274.0
71, 599.0, 434.0
72, 226.0, 291.0
73, 216.0, 322.0
74, 170.0, 433.0
75, 218.0, 405.0
76, 214.0, 456.0
77, 624.0, 300.0
78, 593.0, 152.0
79, 558.0, 151.0
80, 480.0, 307.0
81, 35.0, 377.0
82, 241.0, 380.0
83, 121.0, 286.0
84, 201.0, 460.0
85, 633.0, 279.0
86, 508.0, 258.0
87, 589.0, 386.0
88, 180.0, 257.0
89, 615.0, 161.0
90, 583.0, 327.0
91, 542.0, 329.0
92, 80.0, 460.0
93, 514.0, 160.0
94, 603.0, 221.0
95, 657.0, 192.0
96, 648.0, 244.0
97, 233.0, 299.0
98, 384.0, 458.0
99, 276.0, 192.0
100, 513.0, 269.0
101, 158.0, 337.0
102, 124.0, 194.0
103, 89.0, 452.0
104, 408.0, 323.0
105, 514.0, 313.0
106, 293.0, 300.0
107, 183.0, 448.0
108, 314.0, 367.0
109, 532.0, 362.0
110, 208.0, 467.0
111, 228.0, 310.0
112, 673.0, 452.0
113, 488.0, 187.0
114, 171.0, 110.0
115, 189.0, 325.0
116, 114.0, 126.0
117, 194.0, 469.0
118, 66.0, 257.0
119, 708.0, 184.0
120, 543.0, 184.0
121, 224.0, 329.0
122, 618.0, 194.0
123, 526.0, 295.0
124, 627.0, 411.0
125, 12.0, 327.0
126, 138.0, 286.0
127, 400.0, 427.0
128, 235.0, 390.0
129, 616.0, 142.0
130, 85.0, 255.0
131, 535.0, 310.0
132, 592.0, 421.0
133, 128.0, 210.0
134, 236.0, 367.0
135, 504.0, 267.0
136, 349.0, 311.0
137, 512.0, 279.0
138, 525.0, 164.0
139, 293.0, 418.0
140, 229.0, 401.0
141, 432.0, 273.0
142, 597.0, 109.0
143, 596.0, 123.0
144, 132.0, 293.0
145, 568.0, 339.0
146, 136.0, 35.0
147, 320.0, 305.0
148, 139.0, 363.0
149, 110.0, 280.0
150, 322.0, 405.0
151, 614.0, 174.0
152, 197.0, 332.0
153, 261.0, 361.0
154, 721.0, 208.0
155, 205.0, 442.0
156, 447.0, 170.0
157, 110.0, 43.0
158, 582.0, 444.0
159, 74.0, 289.0
160, 60.0, 447.0
161, 282.0, 268.0
162, 518.0, 291.0
163, 636.0, 170.0
164, 587.0, 431.0
165, 295.0, 398.0
166, 698.0, 194.0
167, 14.0, 393.0
168, 156.0, 103.0
169, 439.0, 328.0
170, 473.0, 177.0
171, 81.0, 393.0
172, 568.0, 147.0
173, 390.0, 309.0
174, 53.0, 426.0
175, 432.0, 243.0
176, 621.0, 120.0
177, 440.0, 63.0
178, 484.0, 393.0
179, 461.0, 379.0
180, 385.0, 470.0
181, 313.0, 117.0
182, 418.0, 143.0
183, 225.0, 343.0
184, 377.0, 317.0
185, 223.0, 388.0
186, 498.0, 107.0
187, 598.0, 138.0
188, 159.0, 35.0
189, 35.0, 115.0
190, 43.0, 395.0
191, 485.0, 172.0
192, 311.0, 47.0
193, 656.0, 450.0
194, 587.0, 172.0
195, 105.0, 470.0
196, 18.0, 344.0
197, 599.0, 166.0
198, 480.0, 21.0
199, 449.0, 284.0
200, 590.0, 410.0
201, 705.0, 228.0
202, 696.0, 462.0
203, 493.0, 310.0
204, 472.0, 335.0
205, 191.0, 348.0
206, 703.0, 214.0
207, 519.0, 280.0
208, 558.0, 11.0
209, 425.0, 46.0
210, 35.0, 440.0
211, 617.0, 205.0
212, 257.0, 268.0
213, 219.0, 8.0
214, 216.0, 335.0
215, 489.0, 237.0
216, 91.0, 330.0
217, 72.0, 409.0
218, 479.0, 108.0
219, 601.0, 181.0
220, 525.0, 179.0
221, 30.0, 414.0
222, 179.0, 320.0
223, 90.0, 389.0
224, 305.0, 393.0
225, 190.0, 109.0
226, 414.0, 250.0
227, 381.0, 146.0
228, 278.0, 122.0
229, 503.0, 372.0
230, 268.0, 33.0
231, 23.0, 455.0
232, 198.0, 56.0
233, 258.0, 334.0
234, 559.0, 376.0
235, 345.0, 273.0
236, 166.0, 287.0
237, 544.0, 347.0
238, 299.0, 188.0
239, 431.0, 117.0
240, 450.0, 20.0
241, 680.0, 446.0
242, 564.0, 114.0
243, 136.0, 470.0
244, 165.0, 74.0
245, 213.0, 379.0
246, 583.0, 354.0
247, 484.0, 317.0
248, 506.0, 25.0
249, 245.0, 343.0
250, 524.0, 355.0
251, 219.0, 444.0
252, 429.0, 26.0
253, 556.0, 401.0
254, 506.0, 339.0
255, 609.0, 102.0
256, 10.0, 447.0
257, 477.0, 75.0
258, 231.0, 412.0
259, 696.0, 236.0
260, 434.0, 74.0
261, 13.0, 360.0
262, 449.0, 42.0
263, 219.0, 280.0
264, 526.0, 307.0
265, 672.0, 271.0
266, 13.0, 464.0
267, 243.0, 398.0
268, 207.0, 245.0
269, 61.0, 434.0
270, 310.0, 98.0
271, 619.0, 357.0
272, 582.0, 367.0
273, 159.0, 352.0
274, 35.0, 365.0
275, 49.0, 381.0
276, 210.0, 386.0
277, 509.0, 107.0
278, 270.0, 121.0
279, 168.0, 327.0
280, 478.0, 415.0
281, 319.0, 100.0
282, 192.0, 437.0
283, 87.0, 15.0
284, 130.0, 368.0
285, 631.0, 99.0
286, 50.0, 471.0
287, 407.0, 101.0
288, 223.0, 124.0
289, 622.0, 389.0
290, 722.0, 186.0
291, 423.0, 460.0
292, 576.0, 348.0
293, 71.0, 317.0
294, 461.0, 250.0
295, 242.0, 457.0
296, 247.0, 391.0
297, 43.0, 447.0
298, 216.0, 433.0
299, 273.0, 284.0
300, 712.0, 106.0
301, 584.0, 133.0
302, 218.0, 40.0
303, 343.0, 163.0
304, 469.0, 83.0
305, 182.0, 366.0
306, 475.0, 385.0
307, 209.0, 266.0
308, 313.0, 281.0
309, 91.0, 32.0
310, 727.0, 452.0
311, 642.0, 404.0
312, 23.0, 439.0
313, 176.0, 126.0
314, 203.0, 44.0
315, 119.0, 373.0
316, 16.0, 423.0
317, 650.0, 226.0
318, 596.0, 243.0
319, 269.0, 47.0
320, 397.0, 257.0
321, 420.0, 453.0
322, 572.0, 237.0
323, 49.0, 441.0
324, 613.0, 213.0
325, 565.0, 400.0
326, 239.0, 464.0
327, 458.0, 48.0
328, 202.0, 428.0
329, 237.0, 45.0
330, 415.0, 154.0
331, 403.0, 220.0
332, 460.0, 67.0
333, 40.0, 419.0
334, 59.0, 387.0
335, 675.0, 220.0
336, 633.0, 187.0
337, 168.0, 348.0
338, 737.0, 17.0
339, 672.0, 420.0
340, 462.0, 163.0
341, 181.0, 279.0
342, 153.0, 49.0
343, 717.0, 287.0
344, 227.0, 54.0
345, 552.0, 372.0
346, 439.0, 231.0
347, 536.0, 224.0
348, 575.0, 365.0
349, 53.0, 455.0
350, 445.0, 184.0
351, 65.0, 297.0
352, 35.0, 303.0
353, 320.0, 286.0
354, 29.0, 425.0
355, 513.0, 175.0
356, 658.0, 363.0
357, 631.0, 256.0
358, 224.0, 110.0
359, 456.0, 120.0
360, 439.0, 150.0
361, 461.0, 244.0
362, 389.0, 445.0
363, 247.0, 453.0
364, 30.0, 96.0
365, 332.0, 98.0
366, 464.0, 26.0
367, 30.0, 240.0
368, 334.0, 372.0
369, 12.0, 23.0
370, 55.0, 407.0
371, 580.0, 163.0
372, 673.0, 230.0
373, 699.0, 371.0
374, 437.0, 254.0
375, 450.0, 406.0
376, 94.0, 59.0
377, 517.0, 329.0
378, 542.0, 30.0
379, 261.0, 203.0
380, 389.0, 111.0
381, 200.0, 252.0
382, 183.0, 267.0
383, 479.0, 187.0
384, 156.0, 292.0
385, 664.0, 368.0
386, 489.0, 320.0
387, 53.0, 285.0
388, 223.0, 348.0
389, 189.0, 88.0
390, 222.0, 78.0
391, 495.0, 247.0
392, 60.0, 353.0
393, 512.0, 344.0
394, 218.0, 54.0
395, 448.0, 158.0
396, 172.0, 359.0
397, 35.0, 452.0
398, 693.0, 367.0
399, 466.0, 297.0
400, 731.0, 250.0
401, 640.0, 223.0
402, 565.0, 437.0
403, 274.0, 177.0
404, 151.0, 375.0
405, 38.0, 321.0
406, 343.0, 372.0
407, 47.0, 434.0
408, 181.0, 471.0
409, 330.0, 24.0
410, 8.0, 373.0
411, 252.0, 82.0
412, 28.0, 350.0
413, 109.0, 273.0
414, 178.0, 43.0
415, 288.0, 178.0
416, 355.0, 376.0
417, 167.0, 124.0
418, 64.0, 417.0
419, 412.0, 171.0
420, 175.0, 344.0
421, 68.0, 465.0
422, 582.0, 151.0
423, 44.0, 355.0
424, 128.0, 79.0
425, 186.0, 60.0
426, 472.0, 296.0
427, 144.0, 294.0
428, 488.0, 32.0
429, 610.0, 126.0
430, 737.0, 375.0
431, 445.0, 197.0
432, 414.0, 449.0
433, 62.0, 113.0
434, 176.0, 461.0
435, 607.0, 117.0
436, 563.0, 164.0
437, 344.0, 281.0
438, 681.0, 240.0
439, 221.0, 90.0
440, 208.0, 292.0
441, 174.0, 138.0
442, 406.0, 247.0
443, 547.0, 13.0
444, 496.0, 239.0
445, 100.0, 384.0
446, 192.0, 279.0
447, 231.0, 124.0
448, 15.0, 413.0
449, 81.0, 299.0
450, 545.0, 108.0
451, 282.0, 44.0
452, 435.0, 261.0
453, 103.0, 198.0
454, 162.0, 260.0
455, 175.0, 283.0
456, 106.0, 396.0
457, 228.0, 460.0
458, 142.0, 372.0
459, 207.0, 108.0
460, 162.0, 192.0
461, 224.0, 31.0
462, 163.0, 362.0
463, 214.0, 421.0
464, 19.0, 292.0
465, 66.0, 304.0
466, 236.0, 183.0
467, 10.0, 173.0
468, 434.0, 38.0
469, 266.0, 112.0
470, 682.0, 234.0
471, 299.0, 157.0
472, 154.0, 262.0
473, 558.0, 160.0
474, 228.0, 69.0
475, 346.0, 382.0
476, 19.0, 370.0
477, 71.0, 399.0
478, 624.0, 361.0
479, 78.0, 78.0
480, 180.0, 294.0
481, 59.0, 234.0
482, 159.0, 471.0
483, 124.0, 471.0
484, 303.0, 400.0
485, 63.0, 469.0
486, 549.0, 343.0
487, 344.0, 470.0
488, 453.0, 415.0
489, 176.0, 54.0
490, 633.0, 182.0
491, 261.0, 392.0
492, 50.0, 355.0
493, 208.0, 62.0
494, 474.0, 187.0
495, 211.0, 212.0
496, 739.0, 210.0
497, 572.0, 440.0
498, 663.0, 422.0
499, 55.0, 354.0
