0, 538.0, 419.0
1, 309.0, 443.0
2, 222.0, 260.0
3, 260.0, 336.0
4, 350.0, 193.0
5, 269.0, 258.0
6, 540.0, 437.0
7, 395.0, 201.0
8, 259.0, 304.0
9, 48.0, 210.0
10, 106.0, 269.0
11, 321.0, 262.0
12, 426.0, 456.0
13, 356.0, 395.0
14, 393.0, 430.0
15, 321.0, 463.0
16, 365.0, 367.0
17, 204.0, 346.0
18, 407.0, 381.0
19, 355.0, 456.0
20, 475.0, 463.0
21, 456.0, 469.0
22, 410.0, 446.0
23, 454.0, 358.0
24, 458.0, 436.0
25, 128.0, 347.0
26, 557.0, 439.0
27, 231.0, 361.0
28, 427.0, 387.0
29, 159.0, 321.0
30, 305.0, 268.0
31, 283.0, 463.0
32, 492.0, 440.0
33, 566.0, 425.0
34, 533.0, 463.0
35, 364.0, 376.0
36, 49.0, 437.0
37, 252.0, 343.0
38, 56.0, 193.0
39, 187.0, 281.0
40, 184.0, 395.0
41, 440.0, 365.0
42, 389.0, 468.0
43, 317.0, 451.0
44, 49.0, 456.0
45, 247.0, 311.0
46, 220.0, 321.0
47, 202.0, 363.0
48, 178.0, 306.0
49, 446.0, 439.0
50, 517.0, 418.0
51, 230.0, 469.0
52, 553.0, 421.0
53, 450.0, 369.0
54, 43.0, 197.0
55, 485.0, 423.0
56, 206.0, 277.0
57, 69.0, 417.0
58, 281.0, 425.0
59, 409.0, 371.0
60, 400.0, 436.0
61, 131.0, 141.0
62, 488.0, 405.0
63, 569.0, 439.0
64, 426.0, 423.0
65, 391.0, 372.0
66, 400.0, 455.0
67, 336.0, 391.0
68, 494.0, 414.0
69, 438.0, 379.0
70, 117.0, 388.0
71, 393.0, 190.0
72, 528.0, 416.0
73, 300.0, 246.0
74, 67.0, 393.0
75, 413.0, 437.0
76, 294.0, 102.0
77, 383.0, 400.0
78, 109.0, 342.0
79, 232.0, 325.0
80, 31.0, 458.0
81, 550.0, 452.0
82, 99.0, 332.0
83, 157.0, 338.0
84, 94.0, 394.0
85, 387.0, 297.0
86, 141.0, 343.0
87, 220.0, 311.0
88, 340.0, 460.0
89, 437.0, 433.0
90, 48.0, 427.0
91, 120.0, 98.0
92, 328.0, 350.0
93, 372.0, 459.0
94, 264.0, 345.0
95, 589.0, 467.0
96, 220.0, 355.0
97, 258.0, 324.0
98, 19.0, 453.0
99, 449.0, 384.0
100, 386.0, 272.0
101, 262.0, 429.0
102, 420.0, 430.0
103, 304.0, 403.0
104, 307.0, 457.0
105, 442.0, 397.0
106, 546.0, 445.0
107, 439.0, 459.0
108, 177.0, 280.0
109, 168.0, 134.0
110, 146.0, 282.0
111, 180.0, 102.0
112, 75.0, 386.0
113, 57.0, 469.0
114, 191.0, 357.0
115, 460.0, 426.0
116, 88.0, 349.0
117, 466.0, 435.0
118, 445.0, 355.0
119, 143.0, 465.0
120, 266.0, 277.0
121, 475.0, 427.0
122, 449.0, 429.0
123, 415.0, 470.0
124, 377.0, 448.0
125, 393.0, 211.0
126, 343.0, 470.0
127, 258.0, 285.0
128, 189.0, 339.0
129, 277.0, 307.0
130, 386.0, 209.0
131, 472.0, 397.0
132, 508.0, 461.0
133, 348.0, 418.0
134, 502.0, 444.0
135, 144.0, 139.0
136, 326.0, 364.0
137, 167.0, 146.0
138, 38.0, 179.0
139, 463.0, 392.0
140, 407.0, 428.0
141, 159.0, 281.0
142, 234.0, 314.0
143, 283.0, 315.0
144, 601.0, 437.0
145, 297.0, 312.0
146, 151.0, 315.0
147, 272.0, 425.0
148, 516.0, 399.0
149, 529.0, 450.0
150, 58.0, 418.0
151, 200.0, 235.0
152, 329.0, 428.0
153, 329.0, 385.0
154, 248.0, 301.0
155, 277.0, 450.0
156, 305.0, 163.0
157, 137.0, 88.0
158, 211.0, 465.0
159, 123.0, 470.0
160, 327.0, 418.0
161, 430.0, 402.0
162, 179.0, 292.0
163, 156.0, 433.0
164, 306.0, 383.0
165, 283.0, 436.0
166, 476.0, 407.0
167, 127.0, 125.0
168, 194.0, 378.0
169, 367.0, 257.0
170, 83.0, 408.0
171, 168.0, 313.0
172, 249.0, 382.0
173, 101.0, 470.0
174, 344.0, 67.0
175, 301.0, 256.0
176, 320.0, 282.0
177, 153.0, 359.0
178, 63.0, 430.0
179, 305.0, 184.0
180, 30.0, 442.0
181, 367.0, 402.0
182, 17.0, 62.0
183, 311.0, 368.0
184, 497.0, 428.0
185, 348.0, 332.0
186, 342.0, 259.0
187, 205.0, 288.0
188, 529.0, 428.0
189, 349.0, 447.0
190, 390.0, 237.0
191, 130.0, 337.0
192, 260.0, 467.0
193, 532.0, 19.0
194, 367.0, 387.0
195, 589.0, 425.0
196, 343.0, 286.0
197, 397.0, 400.0
198, 387.0, 261.0
199, 376.0, 295.0
200, 470.0, 371.0
201, 496.0, 378.0
202, 165.0, 165.0
203, 230.0, 302.0
204, 341.0, 409.0
205, 174.0, 350.0
206, 408.0, 409.0
207, 287.0, 264.0
208, 23.0, 84.0
209, 343.0, 243.0
210, 373.0, 268.0
211, 267.0, 317.0
212, 331.0, 406.0
213, 398.0, 85.0
214, 311.0, 470.0
215, 395.0, 421.0
216, 514.0, 447.0
217, 142.0, 122.0
218, 354.0, 263.0
219, 105.0, 356.0
220, 225.0, 380.0
221, 461.0, 450.0
222, 16.0, 433.0
223, 520.0, 440.0
224, 112.0, 318.0
225, 143.0, 174.0
226, 257.0, 295.0
227, 187.0, 301.0
228, 384.0, 415.0
229, 496.0, 368.0
230, 502.0, 420.0
231, 163.0, 174.0
232, 364.0, 442.0
233, 250.0, 252.0
234, 197.0, 306.0
235, 400.0, 267.0
236, 513.0, 165.0
237, 68.0, 403.0
238, 110.0, 208.0
239, 348.0, 202.0
240, 12.0, 410.0
241, 267.0, 136.0
242, 363.0, 196.0
243, 115.0, 75.0
244, 370.0, 357.0
245, 115.0, 351.0
246, 340.0, 428.0
247, 393.0, 408.0
248, 393.0, 223.0
249, 478.0, 450.0
250, 337.0, 452.0
251, 295.0, 456.0
252, 323.0, 310.0
253, 271.0, 461.0
254, 373.0, 375.0
255, 227.0, 275.0
256, 386.0, 422.0
257, 388.0, 254.0
258, 227.0, 295.0
259, 311.0, 293.0
260, 248.0, 133.0
261, 245.0, 95.0
262, 375.0, 412.0
263, 265.0, 453.0
264, 400.0, 20.0
265, 432.0, 411.0
266, 147.0, 200.0
267, 97.0, 252.0
268, 530.0, 33.0
269, 100.0, 386.0
270, 294.0, 292.0
271, 214.0, 339.0
272, 51.0, 224.0
273, 289.0, 160.0
274, 219.0, 282.0
275, 342.0, 401.0
276, 570.0, 463.0
277, 503.0, 229.0
278, 418.0, 382.0
279, 329.0, 444.0
280, 209.0, 310.0
281, 397.0, 117.0
282, 123.0, 111.0
283, 66.0, 217.0
284, 279.0, 137.0
285, 333.0, 360.0
286, 385.0, 218.0
287, 288.0, 171.0
288, 475.0, 471.0
289, 215.0, 272.0
290, 17.0, 122.0
291, 280.0, 253.0
292, 362.0, 293.0
293, 337.0, 279.0
294, 393.0, 177.0
295, 395.0, 151.0
296, 540.0, 411.0
297, 346.0, 227.0
298, 183.0, 364.0
299, 197.0, 126.0
300, 58.0, 409.0
301, 371.0, 92.0
302, 163.0, 66.0
303, 278.0, 293.0
304, 380.0, 199.0
305, 453.0, 407.0
306, 436.0, 421.0
307, 347.0, 212.0
308, 361.0, 265.0
309, 516.0, 462.0
310, 240.0, 265.0
311, 282.0, 229.0
312, 362.0, 247.0
313, 254.0, 262.0
314, 388.0, 360.0
315, 332.0, 459.0
316, 329.0, 471.0
317, 144.0, 300.0
318, 515.0, 147.0
319, 382.0, 234.0
320, 503.0, 399.0
321, 301.0, 134.0
322, 548.0, 366.0
323, 42.0, 443.0
324, 371.0, 470.0
325, 108.0, 36.0
326, 354.0, 445.0
327, 378.0, 433.0
328, 9.0, 27.0
329, 470.0, 450.0
330, 304.0, 201.0
331, 210.0, 230.0
332, 355.0, 416.0
333, 374.0, 208.0
334, 413.0, 399.0
335, 244.0, 279.0
336, 352.0, 432.0
337, 382.0, 243.0
338, 169.0, 123.0
339, 504.0, 409.0
340, 183.0, 120.0
341, 130.0, 54.0
342, 494.0, 451.0
343, 161.0, 105.0
344, 453.0, 423.0
345, 356.0, 204.0
346, 317.0, 436.0
347, 153.0, 296.0
348, 368.0, 451.0
349, 347.0, 148.0
350, 375.0, 396.0
351, 241.0, 365.0
352, 267.0, 300.0
353, 261.0, 314.0
354, 344.0, 439.0
355, 313.0, 301.0
356, 117.0, 85.0
357, 164.0, 298.0
358, 287.0, 300.0
359, 361.0, 205.0
360, 373.0, 216.0
361, 161.0, 463.0
362, 390.0, 447.0
363, 366.0, 215.0
364, 564.0, 415.0
365, 381.0, 252.0
366, 8.0, 364.0
367, 145.0, 157.0
368, 391.0, 440.0
369, 372.0, 69.0
370, 400.0, 39.0
371, 284.0, 216.0
372, 419.0, 371.0
373, 350.0, 252.0
374, 23.0, 116.0
375, 309.0, 337.0
376, 271.0, 432.0
377, 304.0, 97.0
378, 447.0, 415.0
379, 175.0, 463.0
380, 358.0, 230.0
381, 459.0, 399.0
382, 502.0, 287.0
383, 97.0, 379.0
384, 324.0, 44.0
385, 547.0, 467.0
386, 182.0, 256.0
387, 344.0, 234.0
388, 336.0, 268.0
389, 338.0, 376.0
390, 374.0, 365.0
391, 348.0, 400.0
392, 318.0, 125.0
393, 217.0, 388.0
394, 319.0, 339.0
395, 284.0, 359.0
396, 170.0, 47.0
397, 273.0, 442.0
398, 507.0, 429.0
399, 467.0, 419.0
400, 211.0, 367.0
401, 158.0, 213.0
402, 378.0, 216.0
403, 127.0, 45.0
404, 375.0, 250.0
405, 165.0, 155.0
406, 337.0, 419.0
407, 140.0, 106.0
408, 290.0, 250.0
409, 272.0, 437.0
410, 517.0, 453.0
411, 104.0, 156.0
412, 578.0, 433.0
413, 273.0, 268.0
414, 508.0, 434.0
415, 375.0, 198.0
416, 414.0, 360.0
417, 352.0, 410.0
418, 400.0, 44.0
419, 252.0, 465.0
420, 375.0, 424.0
421, 426.0, 435.0
422, 656.0, 63.0
423, 368.0, 207.0
424, 291.0, 406.0
425, 342.0, 350.0
426, 495.0, 466.0
427, 396.0, 133.0
428, 351.0, 244.0
429, 151.0, 207.0
430, 379.0, 260.0
431, 363.0, 239.0
432, 366.0, 266.0
433, 533.0, 9.0
434, 302.0, 225.0
435, 410.0, 226.0
436, 298.0, 173.0
437, 355.0, 212.0
438, 359.0, 410.0
439, 15.0, 49.0
440, 267.0, 250.0
441, 378.0, 225.0
442, 303.0, 23.0
443, 364.0, 410.0
444, 321.0, 330.0
445, 35.0, 348.0
446, 119.0, 152.0
447, 81.0, 471.0
448, 309.0, 359.0
449, 316.0, 315.0
450, 356.0, 245.0
451, 357.0, 237.0
452, 354.0, 220.0
453, 306.0, 108.0
454, 213.0, 297.0
455, 370.0, 232.0
456, 288.0, 310.0
457, 60.0, 206.0
458, 120.0, 341.0
459, 359.0, 221.0
460, 134.0, 312.0
461, 290.0, 239.0
462, 178.0, 371.0
463, 293.0, 287.0
464, 352.0, 237.0
465, 139.0, 319.0
466, 170.0, 269.0
467, 370.0, 245.0
468, 324.0, 24.0
469, 418.0, 400.0
470, 57.0, 219.0
471, 398.0, 466.0
472, 228.0, 286.0
473, 295.0, 392.0
474, 455.0, 312.0
475, 297.0, 229.0
476, 374.0, 259.0
477, 398.0, 99.0
478, 380.0, 209.0
479, 364.0, 415.0
480, 342.0, 419.0
481, 355.0, 253.0
482, 50.0, 178.0
483, 346.0, 222.0
484, 467.0, 405.0
485, 129.0, 315.0
486, 389.0, 244.0
487, 510.0, 470.0
488, 531.0, 98.0
489, 365.0, 227.0
490, 389.0, 249.0
491, 139.0, 332.0
492, 511.0, 188.0
493, 302.0, 375.0
494, 359.0, 427.0
495, 303.0, 28.0
496, 134.0, 461.0
497, 156.0, 208.0
498, 423.0, 400.0
499, 86.0, 357.0
