0, 537.0, 400.0
1, 440.0, 469.0
2, 269.0, 442.0
3, 440.0, 347.0
4, 522.0, 397.0
5, 255.0, 466.0
6, 410.0, 428.0
7, 308.0, 464.0
8, 513.0, 394.0
9, 219.0, 235.0
10, 460.0, 403.0
11, 552.0, 417.0
12, 430.0, 343.0
13, 297.0, 355.0
14, 270.0, 430.0
15, 340.0, 443.0
16, 444.0, 337.0
17, 391.0, 191.0
18, 381.0, 347.0
19, 326.0, 469.0
20, 348.0, 172.0
21, 373.0, 438.0
22, 392.0, 181.0
23, 319.0, 463.0
24, 43.0, 396.0
25, 184.0, 326.0
26, 489.0, 457.0
27, 540.0, 417.0
28, 399.0, 348.0
29, 503.0, 378.0
30, 549.0, 403.0
31, 251.0, 397.0
32, 197.0, 316.0
33, 43.0, 166.0
34, 502.0, 396.0
35, 363.0, 418.0
36, 458.0, 445.0
37, 326.0, 428.0
38, 470.0, 399.0
39, 61.0, 356.0
40, 443.0, 410.0
41, 270.0, 394.0
42, 111.0, 353.0
43, 242.0, 285.0
44, 416.0, 364.0
45, 216.0, 283.0
46, 109.0, 423.0
47, 296.0, 412.0
48, 338.0, 237.0
49, 129.0, 420.0
50, 459.0, 351.0
51, 430.0, 372.0
52, 317.0, 399.0
53, 69.0, 424.0
54, 56.0, 164.0
55, 395.0, 419.0
56, 198.0, 210.0
57, 328.0, 438.0
58, 458.0, 436.0
59, 145.0, 441.0
60, 253.0, 309.0
61, 317.0, 240.0
62, 131.0, 430.0
63, 381.0, 251.0
64, 422.0, 431.0
65, 177.0, 333.0
66, 293.0, 374.0
67, 331.0, 457.0
68, 338.0, 264.0
69, 356.0, 342.0
70, 391.0, 170.0
71, 213.0, 325.0
72, 124.0, 438.0
73, 583.0, 416.0
74, 123.0, 315.0
75, 548.0, 429.0
76, 340.0, 222.0
77, 439.0, 441.0
78, 196.0, 333.0
79, 535.0, 346.0
80, 314.0, 439.0
81, 523.0, 415.0
82, 515.0, 439.0
83, 354.0, 351.0
84, 306.0, 431.0
85, 168.0, 107.0
86, 393.0, 401.0
87, 260.0, 393.0
88, 341.0, 425.0
89, 451.0, 369.0
90, 301.0, 245.0
91, 266.0, 234.0
92, 227.0, 297.0
93, 385.0, 425.0
94, 279.0, 442.0
95, 95.0, 300.0
96, 155.0, 291.0
97, 265.0, 464.0
98, 437.0, 361.0
99, 177.0, 362.0
100, 406.0, 404.0
101, 373.0, 470.0
102, 353.0, 445.0
103, 326.0, 364.0
104, 105.0, 239.0
105, 35.0, 453.0
106, 477.0, 459.0
107, 44.0, 419.0
108, 412.0, 397.0
109, 264.0, 417.0
110, 262.0, 252.0
111, 147.0, 284.0
112, 542.0, 463.0
113, 104.0, 308.0
114, 88.0, 357.0
115, 100.0, 436.0
116, 134.0, 440.0
117, 316.0, 259.0
118, 257.0, 318.0
119, 480.0, 392.0
120, 168.0, 318.0
121, 64.0, 378.0
122, 514.0, 406.0
123, 358.0, 429.0
124, 245.0, 315.0
125, 84.0, 315.0
126, 120.0, 69.0
127, 294.0, 77.0
128, 180.0, 75.0
129, 386.0, 453.0
130, 398.0, 440.0
131, 383.0, 241.0
132, 431.0, 413.0
133, 37.0, 147.0
134, 323.0, 420.0
135, 383.0, 189.0
136, 371.0, 374.0
137, 206.0, 443.0
138, 131.0, 113.0
139, 532.0, 429.0
140, 137.0, 59.0
141, 451.0, 410.0
142, 218.0, 457.0
143, 476.0, 416.0
144, 446.0, 401.0
145, 152.0, 308.0
146, 298.0, 234.0
147, 300.0, 333.0
148, 253.0, 278.0
149, 435.0, 334.0
150, 427.0, 355.0
151, 422.0, 406.0
152, 111.0, 319.0
153, 569.0, 444.0
154, 345.0, 368.0
155, 38.0, 431.0
156, 167.0, 119.0
157, 58.0, 391.0
158, 253.0, 420.0
159, 318.0, 285.0
160, 515.0, 456.0
161, 385.0, 375.0
162, 316.0, 413.0
163, 175.0, 252.0
164, 163.0, 148.0
165, 48.0, 180.0
166, 386.0, 408.0
167, 387.0, 217.0
168, 283.0, 377.0
169, 362.0, 348.0
170, 51.0, 379.0
171, 342.0, 360.0
172, 317.0, 427.0
173, 319.0, 357.0
174, 61.0, 457.0
175, 399.0, 410.0
176, 357.0, 464.0
177, 294.0, 425.0
178, 555.0, 452.0
179, 725.0, 458.0
180, 512.0, 426.0
181, 380.0, 276.0
182, 395.0, 383.0
183, 379.0, 215.0
184, 283.0, 365.0
185, 127.0, 97.0
186, 304.0, 162.0
187, 265.0, 453.0
188, 147.0, 397.0
189, 215.0, 256.0
190, 320.0, 324.0
191, 460.0, 456.0
192, 331.0, 409.0
193, 509.0, 467.0
194, 462.0, 384.0
195, 154.0, 434.0
196, 155.0, 253.0
197, 184.0, 254.0
198, 290.0, 288.0
199, 69.0, 349.0
200, 252.0, 298.0
201, 361.0, 175.0
202, 109.0, 287.0
203, 422.0, 395.0
204, 288.0, 261.0
205, 123.0, 82.0
206, 289.0, 136.0
207, 343.0, 206.0
208, 484.0, 447.0
209, 254.0, 259.0
210, 354.0, 421.0
211, 42.0, 386.0
212, 445.0, 460.0
213, 143.0, 254.0
214, 481.0, 404.0
215, 298.0, 223.0
216, 314.0, 388.0
217, 306.0, 443.0
218, 187.0, 347.0
219, 573.0, 404.0
220, 370.0, 387.0
221, 357.0, 272.0
222, 360.0, 456.0
223, 217.0, 349.0
224, 496.0, 448.0
225, 334.0, 247.0
226, 346.0, 458.0
227, 270.0, 261.0
228, 148.0, 327.0
229, 45.0, 410.0
230, 490.0, 378.0
231, 378.0, 411.0
232, 317.0, 338.0
233, 364.0, 339.0
234, 356.0, 361.0
235, 445.0, 425.0
236, 359.0, 184.0
237, 276.0, 289.0
238, 183.0, 272.0
239, 19.0, 452.0
240, 344.0, 449.0
241, 361.0, 245.0
242, 11.0, 391.0
243, 58.0, 433.0
244, 228.0, 287.0
245, 223.0, 331.0
246, 337.0, 416.0
247, 397.0, 248.0
248, 254.0, 453.0
249, 369.0, 248.0
250, 238.0, 240.0
251, 240.0, 350.0
252, 561.0, 412.0
253, 417.0, 377.0
254, 82.0, 322.0
255, 364.0, 406.0
256, 363.0, 369.0
257, 490.0, 435.0
258, 384.0, 233.0
259, 486.0, 419.0
260, 201.0, 284.0
261, 381.0, 394.0
262, 246.0, 460.0
263, 143.0, 147.0
264, 340.0, 309.0
265, 381.0, 206.0
266, 142.0, 94.0
267, 349.0, 241.0
268, 202.0, 260.0
269, 287.0, 147.0
270, 258.0, 428.0
271, 220.0, 470.0
272, 209.0, 310.0
273, 435.0, 404.0
274, 163.0, 284.0
275, 527.0, 453.0
276, 203.0, 251.0
277, 267.0, 111.0
278, 566.0, 458.0
279, 306.0, 269.0
280, 304.0, 141.0
281, 143.0, 431.0
282, 183.0, 308.0
283, 17.0, 29.0
284, 327.0, 399.0
285, 377.0, 179.0
286, 240.0, 252.0
287, 348.0, 381.0
288, 301.0, 341.0
289, 51.0, 193.0
290, 247.0, 228.0
291, 356.0, 333.0
292, 345.0, 42.0
293, 66.0, 188.0
294, 252.0, 270.0
295, 407.0, 358.0
296, 433.0, 391.0
297, 112.0, 436.0
298, 340.0, 463.0
299, 476.0, 382.0
300, 331.0, 373.0
301, 60.0, 176.0
302, 22.0, 437.0
303, 176.0, 263.0
304, 283.0, 241.0
305, 292.0, 89.0
306, 95.0, 223.0
307, 439.0, 398.0
308, 382.0, 198.0
309, 248.0, 432.0
310, 261.0, 274.0
311, 408.0, 206.0
312, 233.0, 336.0
313, 341.0, 213.0
314, 378.0, 223.0
315, 300.0, 201.0
316, 478.0, 426.0
317, 288.0, 461.0
318, 357.0, 192.0
319, 115.0, 46.0
320, 15.0, 16.0
321, 366.0, 449.0
322, 215.0, 293.0
323, 17.0, 90.0
324, 380.0, 403.0
325, 498.0, 437.0
326, 93.0, 426.0
327, 339.0, 403.0
328, 346.0, 181.0
329, 116.0, 54.0
330, 355.0, 376.0
331, 164.0, 139.0
332, 370.0, 273.0
333, 532.0, 467.0
334, 260.0, 401.0
335, 328.0, 352.0
336, 409.0, 348.0
337, 470.0, 439.0
338, 386.0, 225.0
339, 223.0, 249.0
340, 282.0, 423.0
341, 460.0, 374.0
342, 209.0, 290.0
343, 23.0, 52.0
344, 382.0, 436.0
345, 304.0, 419.0
346, 484.0, 347.0
347, 373.0, 348.0
348, 82.0, 436.0
349, 144.0, 112.0
350, 461.0, 424.0
351, 542.0, 447.0
352, 157.0, 176.0
353, 271.0, 280.0
354, 376.0, 430.0
355, 346.0, 433.0
356, 405.0, 337.0
357, 392.0, 157.0
358, 256.0, 289.0
359, 478.0, 450.0
360, 497.0, 422.0
361, 278.0, 400.0
362, 371.0, 187.0
363, 196.0, 99.0
364, 462.0, 359.0
365, 289.0, 268.0
366, 183.0, 98.0
367, 329.0, 382.0
368, 390.0, 204.0
369, 308.0, 278.0
370, 440.0, 384.0
371, 357.0, 234.0
372, 162.0, 36.0
373, 375.0, 239.0
374, 209.0, 206.0
375, 319.0, 377.0
376, 183.0, 337.0
377, 401.0, 375.0
378, 301.0, 111.0
379, 282.0, 191.0
380, 398.0, 63.0
381, 145.0, 119.0
382, 394.0, 131.0
383, 175.0, 277.0
384, 259.0, 443.0
385, 210.0, 425.0
386, 210.0, 247.0
387, 380.0, 382.0
388, 366.0, 220.0
389, 250.0, 239.0
390, 502.0, 180.0
391, 304.0, 133.0
392, 417.0, 413.0
393, 277.0, 230.0
394, 228.0, 420.0
395, 396.0, 111.0
396, 197.0, 277.0
397, 136.0, 312.0
398, 372.0, 395.0
399, 147.0, 174.0
400, 208.0, 356.0
401, 275.0, 452.0
402, 525.0, 442.0
403, 377.0, 231.0
404, 307.0, 354.0
405, 126.0, 306.0
406, 110.0, 180.0
407, 235.0, 42.0
408, 302.0, 180.0
409, 320.0, 447.0
410, 115.0, 308.0
411, 397.0, 96.0
412, 269.0, 380.0
413, 483.0, 357.0
414, 335.0, 259.0
415, 247.0, 108.0
416, 276.0, 332.0
417, 245.0, 61.0
418, 446.0, 376.0
419, 327.0, 347.0
420, 401.0, 18.0
421, 231.0, 468.0
422, 215.0, 447.0
423, 317.0, 103.0
424, 324.0, 377.0
425, 63.0, 365.0
426, 396.0, 358.0
427, 157.0, 187.0
428, 183.0, 92.0
429, 165.0, 129.0
430, 417.0, 352.0
431, 507.0, 446.0
432, 487.0, 397.0
433, 362.0, 396.0
434, 225.0, 448.0
435, 188.0, 146.0
436, 145.0, 130.0
437, 533.0, 448.0
438, 512.0, 130.0
439, 526.0, 386.0
440, 130.0, 24.0
441, 77.0, 370.0
442, 42.0, 471.0
443, 560.0, 464.0
444, 492.0, 405.0
445, 351.0, 199.0
446, 214.0, 103.0
447, 17.0, 406.0
448, 495.0, 272.0
449, 344.0, 193.0
450, 454.0, 426.0
451, 503.0, 416.0
452, 346.0, 231.0
453, 393.0, 147.0
454, 368.0, 203.0
455, 310.0, 371.0
456, 548.0, 458.0
457, 108.0, 10.0
458, 169.0, 18.0
459, 140.0, 270.0
460, 8.0, 366.0
461, 30.0, 410.0
462, 282.0, 275.0
463, 310.0, 291.0
464, 509.0, 148.0
465, 103.0, 338.0
466, 63.0, 471.0
467, 314.0, 452.0
468, 497.0, 213.0
469, 491.0, 388.0
470, 419.0, 386.0
471, 348.0, 223.0
472, 277.0, 464.0
473, 324.0, 334.0
474, 222.0, 269.0
475, 351.0, 232.0
476, 277.0, 302.0
477, 551.0, 439.0
478, 160.0, 79.0
479, 329.0, 390.0
480, 739.0, 463.0
481, 466.0, 144.0
482, 288.0, 217.0
483, 531.0, 12.0
484, 171.0, 97.0
485, 341.0, 385.0
486, 185.0, 240.0
487, 273.0, 404.0
488, 371.0, 322.0
489, 359.0, 226.0
490, 304.0, 74.0
491, 296.0, 148.0
492, 362.0, 202.0
493, 124.0, 284.0
494, 372.0, 221.0
495, 526.0, 74.0
496, 205.0, 336.0
497, 346.0, 125.0
498, 376.0, 418.0
499, 362.0, 442.0
