0, 523.0, 8.0
1, 246.0, 9.0
2, 509.0, 9.0
3, 307.0, 11.0
4, 226.0, 14.0
5, 237.0, 16.0
6, 31.0, 17.0
7, 33.0, 24.0
8, 267.0, 24.0
9, 486.0, 24.0
10, 152.0, 26.0
11, 163.0, 26.0
12, 327.0, 26.0
13, 361.0, 26.0
14, 178.0, 27.0
15, 387.0, 28.0
16, 521.0, 28.0
17, 160.0, 38.0
18, 155.0, 39.0
19, 361.0, 43.0
20, 407.0, 45.0
21, 172.0, 48.0
22, 181.0, 49.0
23, 243.0, 49.0
24, 165.0, 53.0
25, 516.0, 53.0
26, 157.0, 54.0
27, 243.0, 54.0
28, 174.0, 63.0
29, 183.0, 64.0
30, 161.0, 76.0
31, 527.0, 76.0
32, 186.0, 77.0
33, 242.0, 77.0
34, 46.0, 78.0
35, 120.0, 79.0
36, 420.0, 79.0
37, 242.0, 82.0
38, 268.0, 83.0
39, 185.0, 88.0
40, 55.0, 90.0
41, 399.0, 90.0
42, 123.0, 93.0
43, 306.0, 93.0
44, 268.0, 94.0
45, 316.0, 94.0
46, 55.0, 95.0
47, 377.0, 96.0
48, 525.0, 97.0
49, 184.0, 99.0
50, 344.0, 103.0
51, 184.0, 104.0
52, 359.0, 106.0
53, 419.0, 106.0
54, 330.0, 108.0
55, 126.0, 109.0
56, 185.0, 109.0
57, 245.0, 110.0
58, 58.0, 111.0
59, 406.0, 112.0
60, 459.0, 115.0
61, 225.0, 117.0
62, 490.0, 118.0
63, 504.0, 119.0
64, 430.0, 121.0
65, 226.0, 122.0
66, 391.0, 122.0
67, 367.0, 124.0
68, 246.0, 125.0
69, 284.0, 127.0
70, 263.0, 130.0
71, 274.0, 130.0
72, 130.0, 131.0
73, 503.0, 134.0
74, 314.0, 136.0
75, 166.0, 138.0
76, 418.0, 138.0
77, 520.0, 140.0
78, 133.0, 142.0
79, 191.0, 142.0
80, 329.0, 144.0
81, 167.0, 147.0
82, 64.0, 148.0
83, 443.0, 149.0
84, 488.0, 149.0
85, 103.0, 152.0
86, 222.0, 154.0
87, 367.0, 154.0
88, 248.0, 155.0
89, 463.0, 155.0
90, 458.0, 156.0
91, 320.0, 159.0
92, 503.0, 160.0
93, 217.0, 163.0
94, 457.0, 163.0
95, 353.0, 167.0
96, 470.0, 169.0
97, 195.0, 170.0
98, 206.0, 171.0
99, 304.0, 172.0
100, 217.0, 174.0
101, 456.0, 174.0
102, 515.0, 174.0
103, 414.0, 175.0
104, 233.0, 178.0
105, 73.0, 179.0
106, 276.0, 179.0
107, 213.0, 183.0
108, 205.0, 186.0
109, 211.0, 194.0
110, 315.0, 194.0
111, 234.0, 195.0
112, 369.0, 198.0
113, 219.0, 201.0
114, 77.0, 204.0
115, 210.0, 206.0
116, 39.0, 210.0
117, 48.0, 210.0
118, 274.0, 210.0
119, 438.0, 211.0
120, 216.0, 212.0
121, 345.0, 213.0
122, 511.0, 213.0
123, 426.0, 214.0
124, 500.0, 217.0
125, 218.0, 219.0
126, 254.0, 219.0
127, 210.0, 220.0
128, 264.0, 221.0
129, 345.0, 223.0
130, 281.0, 224.0
131, 488.0, 225.0
132, 369.0, 227.0
133, 217.0, 229.0
134, 302.0, 236.0
135, 529.0, 236.0
136, 391.0, 237.0
137, 537.0, 238.0
138, 223.0, 240.0
139, 281.0, 241.0
140, 324.0, 242.0
141, 259.0, 244.0
142, 315.0, 246.0
143, 203.0, 247.0
144, 206.0, 252.0
145, 463.0, 252.0
146, 637.0, 259.0
147, 497.0, 262.0
148, 263.0, 264.0
149, 316.0, 267.0
150, 80.0, 269.0
151, 452.0, 269.0
152, 69.0, 271.0
153, 93.0, 272.0
154, 64.0, 274.0
155, 98.0, 274.0
156, 399.0, 274.0
157, 58.0, 275.0
158, 346.0, 275.0
159, 48.0, 278.0
160, 357.0, 278.0
161, 365.0, 278.0
162, 43.0, 279.0
163, 322.0, 280.0
164, 229.0, 281.0
165, 511.0, 281.0
166, 234.0, 283.0
167, 23.0, 284.0
168, 13.0, 286.0
169, 8.0, 287.0
170, 282.0, 288.0
171, 263.0, 289.0
172, 405.0, 294.0
173, 445.0, 295.0
174, 76.0, 297.0
175, 493.0, 297.0
176, 363.0, 300.0
177, 446.0, 300.0
178, 61.0, 301.0
179, 265.0, 301.0
180, 211.0, 302.0
181, 371.0, 303.0
182, 432.0, 303.0
183, 444.0, 306.0
184, 470.0, 307.0
185, 483.0, 307.0
186, 432.0, 308.0
187, 158.0, 309.0
188, 415.0, 309.0
189, 82.0, 310.0
190, 453.0, 311.0
191, 92.0, 314.0
192, 133.0, 314.0
193, 389.0, 314.0
194, 201.0, 317.0
195, 424.0, 317.0
196, 374.0, 318.0
197, 467.0, 319.0
198, 517.0, 320.0
199, 46.0, 322.0
200, 71.0, 322.0
201, 167.0, 322.0
202, 199.0, 322.0
203, 403.0, 322.0
204, 437.0, 322.0
205, 413.0, 323.0
206, 524.0, 323.0
207, 32.0, 325.0
208, 478.0, 325.0
209, 178.0, 328.0
210, 275.0, 328.0
211, 390.0, 328.0
212, 427.0, 328.0
213, 167.0, 330.0
214, 137.0, 331.0
215, 614.0, 331.0
216, 41.0, 332.0
217, 156.0, 332.0
218, 279.0, 333.0
219, 492.0, 333.0
220, 173.0, 335.0
221, 414.0, 335.0
222, 223.0, 336.0
223, 460.0, 336.0
224, 370.0, 338.0
225, 452.0, 338.0
226, 72.0, 339.0
227, 22.0, 341.0
228, 504.0, 341.0
229, 364.0, 342.0
230, 32.0, 343.0
231, 107.0, 343.0
232, 450.0, 343.0
233, 44.0, 344.0
234, 70.0, 344.0
235, 288.0, 344.0
236, 105.0, 348.0
237, 65.0, 349.0
238, 138.0, 349.0
239, 143.0, 349.0
240, 397.0, 349.0
241, 462.0, 350.0
242, 60.0, 351.0
243, 522.0, 351.0
244, 127.0, 353.0
245, 30.0, 354.0
246, 344.0, 354.0
247, 482.0, 354.0
248, 72.0, 355.0
249, 149.0, 357.0
250, 477.0, 358.0
251, 10.0, 360.0
252, 21.0, 360.0
253, 375.0, 360.0
254, 47.0, 361.0
255, 102.0, 362.0
256, 152.0, 362.0
257, 37.0, 363.0
258, 129.0, 363.0
259, 168.0, 363.0
260, 327.0, 363.0
261, 473.0, 363.0
262, 75.0, 365.0
263, 546.0, 365.0
264, 421.0, 366.0
265, 498.0, 366.0
266, 153.0, 367.0
267, 416.0, 370.0
268, 62.0, 371.0
269, 312.0, 371.0
270, 12.0, 372.0
271, 118.0, 372.0
272, 357.0, 372.0
273, 439.0, 375.0
274, 481.0, 376.0
275, 106.0, 377.0
276, 142.0, 377.0
277, 301.0, 378.0
278, 495.0, 378.0
279, 160.0, 379.0
280, 150.0, 381.0
281, 46.0, 383.0
282, 122.0, 384.0
283, 162.0, 384.0
284, 712.0, 385.0
285, 89.0, 387.0
286, 148.0, 387.0
287, 440.0, 387.0
288, 100.0, 388.0
289, 136.0, 388.0
290, 283.0, 388.0
291, 164.0, 389.0
292, 113.0, 390.0
293, 492.0, 390.0
294, 500.0, 390.0
295, 30.0, 392.0
296, 436.0, 392.0
297, 133.0, 393.0
298, 596.0, 393.0
299, 25.0, 394.0
300, 108.0, 394.0
301, 388.0, 394.0
302, 154.0, 395.0
303, 270.0, 395.0
304, 92.0, 396.0
305, 128.0, 396.0
306, 149.0, 396.0
307, 381.0, 397.0
308, 315.0, 398.0
309, 497.0, 399.0
310, 74.0, 400.0
311, 137.0, 400.0
312, 105.0, 402.0
313, 194.0, 403.0
314, 477.0, 404.0
315, 170.0, 405.0
316, 252.0, 405.0
317, 615.0, 405.0
318, 76.0, 406.0
319, 592.0, 406.0
320, 93.0, 407.0
321, 121.0, 407.0
322, 144.0, 408.0
323, 280.0, 409.0
324, 99.0, 410.0
325, 469.0, 410.0
326, 508.0, 410.0
327, 80.0, 411.0
328, 49.0, 412.0
329, 108.0, 412.0
330, 289.0, 415.0
331, 410.0, 415.0
332, 86.0, 416.0
333, 125.0, 416.0
334, 635.0, 416.0
335, 40.0, 418.0
336, 95.0, 418.0
337, 522.0, 419.0
338, 140.0, 421.0
339, 277.0, 422.0
340, 103.0, 423.0
341, 42.0, 424.0
342, 347.0, 424.0
343, 55.0, 425.0
344, 91.0, 425.0
345, 134.0, 425.0
346, 183.0, 425.0
347, 342.0, 426.0
348, 101.0, 428.0
349, 84.0, 429.0
350, 337.0, 429.0
351, 25.0, 430.0
352, 51.0, 430.0
353, 265.0, 430.0
354, 15.0, 432.0
355, 663.0, 432.0
356, 197.0, 435.0
357, 27.0, 436.0
358, 78.0, 438.0
359, 111.0, 439.0
360, 106.0, 440.0
361, 284.0, 440.0
362, 627.0, 442.0
363, 16.0, 443.0
364, 273.0, 444.0
365, 71.0, 447.0
366, 127.0, 447.0
367, 57.0, 449.0
368, 95.0, 450.0
369, 369.0, 451.0
370, 279.0, 452.0
371, 23.0, 455.0
372, 85.0, 456.0
373, 63.0, 458.0
374, 99.0, 459.0
375, 297.0, 462.0
376, 35.0, 464.0
377, 207.0, 464.0
378, 70.0, 471.0
379, 284.0, 471.0
380, 590.0, 471.0
