0, 33.0, 8.0
1, 672.0, 10.0
2, 480.0, 12.0
3, 608.0, 13.0
4, 659.0, 13.0
5, 30.0, 14.0
6, 441.0, 14.0
7, 514.0, 15.0
8, 581.0, 15.0
9, 556.0, 16.0
10, 649.0, 16.0
11, 690.0, 16.0
12, 499.0, 17.0
13, 547.0, 17.0
14, 639.0, 17.0
15, 451.0, 18.0
16, 569.0, 18.0
17, 114.0, 19.0
18, 428.0, 19.0
19, 437.0, 19.0
20, 423.0, 20.0
21, 168.0, 21.0
22, 687.0, 21.0
23, 735.0, 21.0
24, 415.0, 23.0
25, 461.0, 23.0
26, 671.0, 25.0
27, 132.0, 26.0
28, 97.0, 27.0
29, 116.0, 27.0
30, 468.0, 27.0
31, 482.0, 27.0
32, 658.0, 27.0
33, 226.0, 28.0
34, 54.0, 29.0
35, 416.0, 29.0
36, 553.0, 29.0
37, 566.0, 29.0
38, 742.0, 29.0
39, 511.0, 31.0
40, 686.0, 32.0
41, 226.0, 33.0
42, 456.0, 33.0
43, 678.0, 33.0
44, 108.0, 34.0
45, 541.0, 34.0
46, 249.0, 36.0
47, 494.0, 36.0
48, 108.0, 39.0
49, 485.0, 40.0
50, 456.0, 42.0
51, 226.0, 43.0
52, 467.0, 43.0
53, 730.0, 43.0
54, 737.0, 43.0
55, 742.0, 43.0
56, 550.0, 44.0
57, 677.0, 44.0
58, 540.0, 45.0
59, 666.0, 46.0
60, 195.0, 47.0
61, 91.0, 55.0
62, 211.0, 55.0
63, 564.0, 55.0
64, 672.0, 55.0
65, 621.0, 56.0
66, 538.0, 57.0
67, 549.0, 57.0
68, 628.0, 57.0
69, 646.0, 58.0
70, 608.0, 59.0
71, 96.0, 63.0
72, 178.0, 67.0
73, 547.0, 67.0
74, 558.0, 68.0
75, 606.0, 68.0
76, 621.0, 70.0
77, 535.0, 71.0
78, 631.0, 71.0
79, 75.0, 72.0
80, 604.0, 75.0
81, 211.0, 77.0
82, 612.0, 77.0
83, 720.0, 77.0
84, 141.0, 78.0
85, 379.0, 79.0
86, 535.0, 82.0
87, 718.0, 82.0
88, 543.0, 83.0
89, 125.0, 84.0
90, 427.0, 86.0
91, 408.0, 87.0
92, 607.0, 87.0
93, 46.0, 88.0
94, 615.0, 88.0
95, 403.0, 90.0
96, 534.0, 90.0
97, 445.0, 92.0
98, 255.0, 94.0
99, 560.0, 95.0
100, 605.0, 96.0
101, 239.0, 97.0
102, 119.0, 98.0
103, 616.0, 99.0
104, 621.0, 99.0
105, 107.0, 100.0
106, 626.0, 100.0
107, 631.0, 101.0
108, 84.0, 102.0
109, 437.0, 102.0
110, 97.0, 104.0
111, 446.0, 104.0
112, 595.0, 108.0
113, 146.0, 109.0
114, 177.0, 109.0
115, 432.0, 109.0
116, 234.0, 111.0
117, 400.0, 117.0
118, 420.0, 118.0
119, 611.0, 120.0
120, 131.0, 122.0
121, 119.0, 123.0
122, 607.0, 125.0
123, 430.0, 127.0
124, 360.0, 128.0
125, 421.0, 128.0
126, 444.0, 129.0
127, 470.0, 129.0
128, 582.0, 129.0
129, 248.0, 131.0
130, 456.0, 131.0
131, 509.0, 133.0
132, 515.0, 133.0
133, 262.0, 134.0
134, 443.0, 134.0
135, 520.0, 134.0
136, 267.0, 135.0
137, 278.0, 137.0
138, 569.0, 137.0
139, 231.0, 138.0
140, 256.0, 138.0
141, 261.0, 139.0
142, 343.0, 139.0
143, 579.0, 139.0
144, 266.0, 140.0
145, 300.0, 140.0
146, 321.0, 140.0
147, 602.0, 141.0
148, 107.0, 143.0
149, 252.0, 143.0
150, 418.0, 144.0
151, 698.0, 145.0
152, 428.0, 146.0
153, 686.0, 146.0
154, 321.0, 147.0
155, 335.0, 148.0
156, 67.0, 151.0
157, 344.0, 151.0
158, 577.0, 151.0
159, 80.0, 153.0
160, 359.0, 154.0
161, 303.0, 155.0
162, 374.0, 156.0
163, 613.0, 157.0
164, 354.0, 158.0
165, 226.0, 159.0
166, 108.0, 160.0
167, 349.0, 160.0
168, 631.0, 160.0
169, 394.0, 161.0
170, 136.0, 162.0
171, 654.0, 162.0
172, 209.0, 163.0
173, 34.0, 164.0
174, 50.0, 164.0
175, 411.0, 165.0
176, 416.0, 166.0
177, 680.0, 166.0
178, 46.0, 169.0
179, 426.0, 169.0
180, 111.0, 170.0
181, 615.0, 170.0
182, 692.0, 170.0
183, 438.0, 171.0
184, 363.0, 172.0
185, 651.0, 172.0
186, 633.0, 173.0
187, 660.0, 173.0
188, 427.0, 174.0
189, 432.0, 175.0
190, 46.0, 176.0
191, 383.0, 176.0
192, 244.0, 177.0
193, 464.0, 177.0
194, 680.0, 178.0
195, 471.0, 179.0
196, 476.0, 180.0
197, 481.0, 180.0
198, 223.0, 183.0
199, 332.0, 183.0
200, 184.0, 185.0
201, 494.0, 185.0
202, 423.0, 186.0
203, 657.0, 186.0
204, 101.0, 187.0
205, 114.0, 187.0
206, 639.0, 187.0
207, 646.0, 187.0
208, 506.0, 188.0
209, 161.0, 189.0
210, 15.0, 191.0
211, 360.0, 192.0
212, 160.0, 194.0
213, 209.0, 194.0
214, 487.0, 194.0
215, 663.0, 194.0
216, 151.0, 195.0
217, 538.0, 195.0
218, 146.0, 196.0
219, 464.0, 196.0
220, 501.0, 196.0
221, 683.0, 198.0
222, 221.0, 200.0
223, 648.0, 200.0
224, 609.0, 201.0
225, 483.0, 202.0
226, 572.0, 202.0
227, 583.0, 204.0
228, 624.0, 204.0
229, 590.0, 205.0
230, 497.0, 206.0
231, 595.0, 206.0
232, 164.0, 207.0
233, 79.0, 208.0
234, 118.0, 208.0
235, 638.0, 209.0
236, 540.0, 210.0
237, 652.0, 210.0
238, 54.0, 212.0
239, 664.0, 212.0
240, 38.0, 214.0
241, 130.0, 215.0
242, 358.0, 215.0
243, 631.0, 218.0
244, 398.0, 220.0
245, 534.0, 220.0
246, 650.0, 220.0
247, 83.0, 222.0
248, 673.0, 222.0
249, 29.0, 224.0
250, 640.0, 226.0
251, 674.0, 227.0
252, 568.0, 228.0
253, 692.0, 230.0
254, 157.0, 231.0
255, 671.0, 232.0
256, 666.0, 233.0
257, 47.0, 236.0
258, 644.0, 236.0
259, 597.0, 237.0
260, 639.0, 238.0
261, 666.0, 240.0
262, 641.0, 243.0
263, 622.0, 244.0
264, 642.0, 248.0
265, 666.0, 249.0
266, 701.0, 249.0
267, 31.0, 251.0
268, 632.0, 255.0
269, 732.0, 259.0
270, 138.0, 263.0
271, 657.0, 263.0
272, 731.0, 264.0
273, 80.0, 267.0
274, 474.0, 267.0
275, 479.0, 268.0
276, 215.0, 269.0
277, 633.0, 269.0
278, 679.0, 269.0
279, 151.0, 270.0
280, 706.0, 270.0
281, 411.0, 272.0
282, 719.0, 274.0
283, 485.0, 275.0
284, 653.0, 275.0
285, 393.0, 278.0
286, 675.0, 279.0
287, 28.0, 280.0
288, 742.0, 280.0
289, 549.0, 283.0
290, 704.0, 284.0
291, 670.0, 287.0
292, 627.0, 289.0
293, 343.0, 292.0
294, 428.0, 292.0
295, 10.0, 293.0
296, 627.0, 294.0
297, 194.0, 295.0
298, 660.0, 295.0
299, 698.0, 295.0
300, 483.0, 299.0
301, 680.0, 299.0
302, 173.0, 300.0
303, 645.0, 301.0
304, 655.0, 304.0
305, 167.0, 305.0
306, 142.0, 306.0
307, 57.0, 309.0
308, 656.0, 309.0
309, 735.0, 309.0
310, 218.0, 310.0
311, 108.0, 313.0
312, 27.0, 315.0
313, 620.0, 320.0
314, 657.0, 321.0
315, 637.0, 322.0
316, 196.0, 323.0
317, 713.0, 323.0
318, 728.0, 328.0
319, 668.0, 329.0
320, 170.0, 330.0
321, 66.0, 332.0
322, 743.0, 333.0
323, 173.0, 335.0
324, 83.0, 336.0
325, 616.0, 336.0
326, 101.0, 337.0
327, 723.0, 338.0
328, 115.0, 340.0
329, 97.0, 345.0
330, 279.0, 346.0
331, 720.0, 347.0
332, 66.0, 349.0
333, 152.0, 351.0
334, 610.0, 351.0
335, 58.0, 353.0
336, 76.0, 353.0
337, 609.0, 356.0
338, 55.0, 358.0
339, 297.0, 359.0
340, 302.0, 362.0
341, 145.0, 363.0
342, 307.0, 365.0
343, 79.0, 367.0
344, 127.0, 368.0
345, 143.0, 368.0
346, 312.0, 368.0
347, 116.0, 375.0
348, 602.0, 376.0
349, 106.0, 380.0
350, 601.0, 381.0
351, 84.0, 383.0
352, 342.0, 387.0
353, 150.0, 389.0
354, 599.0, 389.0
355, 597.0, 394.0
356, 596.0, 399.0
357, 373.0, 406.0
358, 60.0, 407.0
359, 630.0, 407.0
360, 378.0, 409.0
361, 137.0, 410.0
362, 383.0, 412.0
363, 155.0, 416.0
364, 37.0, 418.0
365, 26.0, 424.0
366, 369.0, 430.0
367, 586.0, 431.0
368, 242.0, 438.0
369, 583.0, 440.0
370, 668.0, 440.0
371, 251.0, 447.0
372, 580.0, 447.0
373, 313.0, 449.0
374, 578.0, 455.0
375, 290.0, 457.0
376, 669.0, 457.0
377, 576.0, 460.0
378, 472.0, 466.0
