0, 130.0, 344.0
1, 144.0, 387.0
2, 54.0, 329.0
3, 67.0, 290.0
4, 68.0, 329.0
5, 158.0, 382.0
6, 477.0, 463.0
7, 83.0, 329.0
8, 239.0, 235.0
9, 246.0, 414.0
10, 120.0, 310.0
11, 366.0, 293.0
12, 103.0, 264.0
13, 420.0, 461.0
14, 147.0, 446.0
15, 692.0, 414.0
16, 365.0, 383.0
17, 475.0, 421.0
18, 141.0, 438.0
19, 376.0, 372.0
20, 115.0, 343.0
21, 90.0, 466.0
22, 220.0, 353.0
23, 317.0, 297.0
24, 204.0, 249.0
25, 239.0, 437.0
26, 670.0, 453.0
27, 374.0, 335.0
28, 130.0, 391.0
29, 254.0, 381.0
30, 582.0, 331.0
31, 11.0, 303.0
32, 143.0, 258.0
33, 99.0, 329.0
34, 236.0, 170.0
35, 437.0, 434.0
36, 227.0, 257.0
37, 322.0, 431.0
38, 450.0, 287.0
39, 282.0, 169.0
40, 405.0, 433.0
41, 598.0, 123.0
42, 117.0, 419.0
43, 379.0, 406.0
44, 450.0, 443.0
45, 42.0, 446.0
46, 86.0, 316.0
47, 151.0, 374.0
48, 123.0, 333.0
49, 630.0, 315.0
50, 655.0, 259.0
51, 132.0, 431.0
52, 379.0, 282.0
53, 57.0, 411.0
54, 222.0, 431.0
55, 269.0, 361.0
56, 663.0, 296.0
57, 284.0, 235.0
58, 60.0, 343.0
59, 168.0, 381.0
60, 455.0, 297.0
61, 313.0, 403.0
62, 332.0, 440.0
63, 107.0, 412.0
64, 398.0, 376.0
65, 54.0, 292.0
66, 640.0, 344.0
67, 451.0, 432.0
68, 101.0, 315.0
69, 400.0, 418.0
70, 19.0, 409.0
71, 217.0, 241.0
72, 437.0, 303.0
73, 354.0, 395.0
74, 196.0, 241.0
75, 693.0, 320.0
76, 708.0, 420.0
77, 318.0, 392.0
78, 97.0, 451.0
79, 724.0, 423.0
80, 673.0, 313.0
81, 79.0, 310.0
82, 301.0, 425.0
83, 128.0, 357.0
84, 24.0, 359.0
85, 151.0, 407.0
86, 166.0, 146.0
87, 298.0, 388.0
88, 324.0, 351.0
89, 89.0, 430.0
90, 162.0, 431.0
91, 103.0, 458.0
92, 164.0, 450.0
93, 327.0, 362.0
94, 245.0, 226.0
95, 246.0, 399.0
96, 248.0, 326.0
97, 531.0, 420.0
98, 409.0, 443.0
99, 455.0, 414.0
100, 120.0, 382.0
101, 542.0, 393.0
102, 15.0, 468.0
103, 703.0, 335.0
104, 83.0, 436.0
105, 441.0, 418.0
106, 36.0, 392.0
107, 459.0, 448.0
108, 432.0, 358.0
109, 490.0, 418.0
110, 341.0, 458.0
111, 362.0, 400.0
112, 124.0, 461.0
113, 468.0, 343.0
114, 21.0, 452.0
115, 646.0, 302.0
116, 499.0, 424.0
117, 132.0, 414.0
118, 518.0, 425.0
119, 113.0, 398.0
120, 95.0, 400.0
121, 142.0, 421.0
122, 677.0, 51.0
123, 164.0, 104.0
124, 506.0, 428.0
125, 69.0, 424.0
126, 277.0, 226.0
127, 382.0, 443.0
128, 448.0, 360.0
129, 495.0, 432.0
130, 388.0, 326.0
131, 650.0, 284.0
132, 80.0, 456.0
133, 673.0, 374.0
134, 440.0, 331.0
135, 313.0, 384.0
136, 480.0, 430.0
137, 256.0, 299.0
138, 378.0, 121.0
139, 213.0, 284.0
140, 406.0, 349.0
141, 198.0, 287.0
142, 300.0, 459.0
143, 376.0, 389.0
144, 68.0, 444.0
145, 290.0, 461.0
146, 159.0, 354.0
147, 336.0, 428.0
148, 489.0, 370.0
149, 538.0, 408.0
150, 276.0, 323.0
151, 282.0, 347.0
152, 176.0, 301.0
153, 420.0, 297.0
154, 159.0, 272.0
155, 412.0, 392.0
156, 275.0, 341.0
157, 270.0, 284.0
158, 59.0, 464.0
159, 573.0, 377.0
160, 248.0, 254.0
161, 590.0, 389.0
162, 478.0, 394.0
163, 253.0, 407.0
164, 654.0, 375.0
165, 652.0, 393.0
166, 136.0, 334.0
167, 387.0, 336.0
168, 28.0, 299.0
169, 519.0, 411.0
170, 447.0, 299.0
171, 252.0, 235.0
172, 647.0, 203.0
173, 87.0, 56.0
174, 463.0, 377.0
175, 327.0, 409.0
176, 417.0, 336.0
177, 415.0, 287.0
178, 403.0, 388.0
179, 271.0, 235.0
180, 442.0, 407.0
181, 660.0, 415.0
182, 264.0, 305.0
183, 427.0, 448.0
184, 268.0, 170.0
185, 193.0, 418.0
186, 133.0, 324.0
187, 233.0, 351.0
188, 500.0, 408.0
189, 294.0, 321.0
190, 244.0, 179.0
191, 315.0, 345.0
192, 391.0, 400.0
193, 284.0, 225.0
194, 516.0, 399.0
195, 292.0, 253.0
196, 183.0, 251.0
197, 482.0, 324.0
198, 582.0, 350.0
199, 269.0, 62.0
200, 52.0, 126.0
201, 420.0, 385.0
202, 131.0, 260.0
203, 467.0, 459.0
204, 275.0, 422.0
205, 264.0, 226.0
206, 568.0, 334.0
207, 36.0, 404.0
208, 634.0, 257.0
209, 190.0, 315.0
210, 442.0, 290.0
211, 569.0, 387.0
212, 61.0, 435.0
213, 389.0, 381.0
214, 88.0, 125.0
215, 53.0, 427.0
216, 236.0, 425.0
217, 319.0, 316.0
218, 245.0, 316.0
219, 12.0, 422.0
220, 375.0, 323.0
221, 713.0, 319.0
222, 577.0, 396.0
223, 110.0, 282.0
224, 190.0, 234.0
225, 253.0, 449.0
226, 425.0, 367.0
227, 373.0, 417.0
228, 181.0, 150.0
229, 63.0, 300.0
230, 678.0, 356.0
231, 377.0, 139.0
232, 349.0, 370.0
233, 468.0, 471.0
234, 508.0, 436.0
235, 80.0, 406.0
236, 125.0, 425.0
237, 274.0, 314.0
238, 396.0, 348.0
239, 510.0, 446.0
240, 710.0, 436.0
241, 307.0, 459.0
242, 300.0, 312.0
243, 42.0, 344.0
244, 345.0, 343.0
245, 343.0, 395.0
246, 588.0, 298.0
247, 8.0, 430.0
248, 456.0, 362.0
249, 546.0, 414.0
250, 257.0, 396.0
251, 629.0, 335.0
252, 288.0, 374.0
253, 332.0, 379.0
254, 59.0, 316.0
255, 359.0, 278.0
256, 743.0, 45.0
257, 308.0, 411.0
258, 351.0, 446.0
259, 530.0, 396.0
260, 657.0, 328.0
261, 304.0, 366.0
262, 18.0, 373.0
263, 605.0, 331.0
264, 535.0, 388.0
265, 270.0, 179.0
266, 656.0, 234.0
267, 184.0, 161.0
268, 352.0, 405.0
269, 283.0, 179.0
270, 10.0, 69.0
271, 388.0, 424.0
272, 238.0, 203.0
273, 664.0, 307.0
274, 374.0, 12.0
275, 140.0, 358.0
276, 237.0, 188.0
277, 238.0, 218.0
278, 332.0, 294.0
279, 260.0, 444.0
280, 425.0, 426.0
281, 69.0, 409.0
282, 486.0, 411.0
283, 559.0, 394.0
284, 185.0, 172.0
285, 166.0, 157.0
286, 481.0, 447.0
287, 385.0, 293.0
288, 176.0, 230.0
289, 304.0, 403.0
290, 184.0, 411.0
291, 680.0, 424.0
292, 613.0, 385.0
293, 272.0, 430.0
294, 278.0, 160.0
295, 698.0, 295.0
296, 236.0, 387.0
297, 463.0, 436.0
298, 664.0, 386.0
299, 394.0, 411.0
300, 307.0, 434.0
301, 146.0, 336.0
302, 636.0, 381.0
303, 108.0, 441.0
304, 284.0, 218.0
305, 252.0, 226.0
306, 340.0, 315.0
307, 469.0, 306.0
308, 414.0, 416.0
309, 250.0, 180.0
310, 734.0, 18.0
311, 311.0, 355.0
312, 162.0, 333.0
313, 258.0, 218.0
314, 405.0, 461.0
315, 688.0, 33.0
316, 684.0, 430.0
317, 275.0, 125.0
318, 48.0, 301.0
319, 98.0, 387.0
320, 557.0, 359.0
321, 487.0, 394.0
322, 276.0, 211.0
323, 371.0, 396.0
324, 250.0, 195.0
325, 431.0, 287.0
326, 186.0, 344.0
327, 352.0, 381.0
328, 237.0, 179.0
329, 675.0, 68.0
330, 283.0, 187.0
331, 698.0, 232.0
332, 453.0, 460.0
333, 446.0, 309.0
334, 258.0, 235.0
335, 276.0, 195.0
336, 270.0, 254.0
337, 334.0, 286.0
338, 603.0, 348.0
339, 168.0, 205.0
340, 652.0, 134.0
341, 465.0, 429.0
342, 10.0, 383.0
343, 265.0, 388.0
344, 648.0, 118.0
345, 276.0, 202.0
346, 132.0, 124.0
347, 257.0, 428.0
348, 326.0, 372.0
349, 250.0, 170.0
350, 640.0, 314.0
351, 209.0, 466.0
352, 365.0, 436.0
353, 201.0, 270.0
354, 301.0, 343.0
355, 37.0, 327.0
356, 687.0, 469.0
357, 377.0, 174.0
358, 350.0, 307.0
359, 264.0, 211.0
360, 564.0, 223.0
361, 245.0, 203.0
362, 707.0, 16.0
363, 239.0, 274.0
364, 246.0, 218.0
365, 306.0, 396.0
366, 269.0, 187.0
367, 340.0, 352.0
368, 192.0, 374.0
369, 374.0, 434.0
370, 226.0, 127.0
371, 418.0, 443.0
372, 255.0, 463.0
373, 265.0, 20.0
374, 130.0, 442.0
375, 239.0, 223.0
376, 350.0, 298.0
377, 234.0, 323.0
378, 284.0, 198.0
379, 256.0, 170.0
380, 272.0, 92.0
381, 241.0, 251.0
382, 556.0, 286.0
383, 648.0, 333.0
384, 383.0, 225.0
385, 305.0, 379.0
386, 25.0, 126.0
387, 390.0, 470.0
388, 274.0, 107.0
389, 46.0, 400.0
390, 400.0, 358.0
391, 697.0, 459.0
392, 275.0, 179.0
393, 689.0, 337.0
394, 496.0, 449.0
395, 658.0, 424.0
396, 647.0, 361.0
397, 245.0, 195.0
398, 395.0, 274.0
399, 284.0, 203.0
400, 275.0, 190.0
401, 279.0, 361.0
402, 557.0, 371.0
403, 701.0, 34.0
404, 246.0, 211.0
405, 277.0, 149.0
406, 424.0, 469.0
407, 590.0, 372.0
408, 107.0, 275.0
409, 665.0, 193.0
410, 302.0, 304.0
411, 333.0, 342.0
412, 297.0, 350.0
413, 673.0, 333.0
414, 575.0, 134.0
415, 182.0, 241.0
416, 658.0, 220.0
417, 385.0, 302.0
418, 551.0, 389.0
419, 277.0, 456.0
420, 284.0, 213.0
421, 101.0, 124.0
422, 498.0, 468.0
423, 300.0, 374.0
424, 238.0, 211.0
425, 432.0, 292.0
426, 171.0, 80.0
427, 77.0, 242.0
428, 665.0, 439.0
429, 743.0, 418.0
430, 609.0, 372.0
431, 178.0, 378.0
432, 237.0, 195.0
433, 466.0, 281.0
434, 496.0, 454.0
435, 198.0, 366.0
436, 415.0, 431.0
437, 244.0, 187.0
438, 263.0, 195.0
439, 171.0, 243.0
440, 70.0, 47.0
441, 298.0, 229.0
442, 107.0, 466.0
443, 228.0, 350.0
444, 733.0, 356.0
445, 703.0, 359.0
446, 167.0, 121.0
447, 483.0, 352.0
448, 627.0, 353.0
449, 367.0, 323.0
450, 391.0, 364.0
451, 272.0, 226.0
452, 11.0, 358.0
453, 9.0, 334.0
454, 567.0, 397.0
455, 403.0, 399.0
456, 406.0, 451.0
457, 187.0, 190.0
458, 604.0, 401.0
459, 632.0, 417.0
460, 377.0, 103.0
461, 133.0, 381.0
462, 257.0, 226.0
463, 396.0, 433.0
464, 252.0, 437.0
465, 736.0, 341.0
466, 684.0, 47.0
467, 559.0, 381.0
468, 694.0, 13.0
469, 247.0, 392.0
470, 229.0, 232.0
471, 29.0, 313.0
472, 598.0, 341.0
473, 95.0, 308.0
474, 579.0, 386.0
475, 303.0, 285.0
476, 495.0, 391.0
477, 260.0, 374.0
478, 351.0, 335.0
479, 206.0, 232.0
480, 633.0, 222.0
481, 621.0, 323.0
482, 367.0, 408.0
483, 246.0, 468.0
484, 315.0, 325.0
485, 354.0, 356.0
486, 180.0, 143.0
487, 235.0, 245.0
488, 622.0, 133.0
489, 443.0, 351.0
490, 329.0, 313.0
491, 609.0, 342.0
492, 51.0, 264.0
493, 313.0, 374.0
494, 388.0, 225.0
495, 626.0, 396.0
496, 235.0, 361.0
497, 250.0, 187.0
498, 139.0, 292.0
499, 420.0, 320.0
