0, 80.0, 326.0
1, 578.0, 301.0
2, 393.0, 110.0
3, 376.0, 149.0
4, 88.0, 357.0
5, 424.0, 26.0
6, 68.0, 338.0
7, 125.0, 312.0
8, 135.0, 388.0
9, 386.0, 136.0
10, 390.0, 321.0
11, 76.0, 359.0
12, 404.0, 41.0
13, 468.0, 191.0
14, 85.0, 189.0
15, 69.0, 188.0
16, 126.0, 146.0
17, 359.0, 368.0
18, 114.0, 405.0
19, 518.0, 295.0
20, 669.0, 124.0
21, 66.0, 205.0
22, 403.0, 53.0
23, 106.0, 193.0
24, 362.0, 122.0
25, 353.0, 121.0
26, 374.0, 60.0
27, 86.0, 210.0
28, 377.0, 42.0
29, 489.0, 211.0
30, 95.0, 196.0
31, 82.0, 160.0
32, 400.0, 144.0
33, 656.0, 203.0
34, 374.0, 115.0
35, 316.0, 93.0
36, 95.0, 147.0
37, 384.0, 184.0
38, 354.0, 100.0
39, 166.0, 393.0
40, 522.0, 258.0
41, 580.0, 317.0
42, 59.0, 168.0
43, 357.0, 462.0
44, 72.0, 468.0
45, 479.0, 248.0
46, 206.0, 157.0
47, 359.0, 42.0
48, 81.0, 389.0
49, 388.0, 446.0
50, 403.0, 74.0
51, 63.0, 150.0
52, 97.0, 175.0
53, 66.0, 358.0
54, 520.0, 278.0
55, 342.0, 46.0
56, 277.0, 160.0
57, 459.0, 234.0
58, 73.0, 174.0
59, 513.0, 239.0
60, 157.0, 77.0
61, 184.0, 236.0
62, 119.0, 396.0
63, 318.0, 233.0
64, 103.0, 217.0
65, 185.0, 318.0
66, 102.0, 299.0
67, 375.0, 99.0
68, 388.0, 396.0
69, 453.0, 172.0
70, 412.0, 73.0
71, 680.0, 352.0
72, 512.0, 194.0
73, 504.0, 298.0
74, 375.0, 199.0
75, 79.0, 295.0
76, 360.0, 59.0
77, 447.0, 251.0
78, 572.0, 294.0
79, 316.0, 216.0
80, 130.0, 163.0
81, 669.0, 211.0
82, 688.0, 214.0
83, 384.0, 211.0
84, 99.0, 354.0
85, 412.0, 54.0
86, 659.0, 241.0
87, 528.0, 210.0
88, 341.0, 67.0
89, 698.0, 354.0
90, 603.0, 343.0
91, 187.0, 251.0
92, 400.0, 180.0
93, 573.0, 171.0
94, 582.0, 285.0
95, 387.0, 460.0
96, 566.0, 293.0
97, 376.0, 170.0
98, 590.0, 321.0
99, 310.0, 243.0
100, 368.0, 163.0
101, 461.0, 214.0
102, 671.0, 186.0
103, 94.0, 316.0
104, 316.0, 75.0
105, 427.0, 8.0
106, 665.0, 336.0
107, 492.0, 175.0
108, 218.0, 164.0
109, 144.0, 162.0
110, 35.0, 427.0
111, 733.0, 157.0
112, 446.0, 274.0
113, 159.0, 92.0
114, 291.0, 239.0
115, 630.0, 297.0
116, 327.0, 224.0
117, 362.0, 146.0
118, 86.0, 461.0
119, 594.0, 341.0
120, 323.0, 209.0
121, 337.0, 136.0
122, 638.0, 220.0
123, 48.0, 152.0
124, 90.0, 341.0
125, 140.0, 363.0
126, 464.0, 224.0
127, 248.0, 164.0
128, 239.0, 281.0
129, 394.0, 97.0
130, 414.0, 42.0
131, 389.0, 386.0
132, 281.0, 285.0
133, 673.0, 326.0
134, 83.0, 349.0
135, 279.0, 92.0
136, 351.0, 69.0
137, 721.0, 119.0
138, 516.0, 217.0
139, 24.0, 307.0
140, 652.0, 221.0
141, 386.0, 156.0
142, 375.0, 318.0
143, 510.0, 227.0
144, 191.0, 92.0
145, 212.0, 241.0
146, 618.0, 260.0
147, 743.0, 147.0
148, 423.0, 40.0
149, 386.0, 121.0
150, 131.0, 378.0
151, 590.0, 350.0
152, 92.0, 393.0
153, 647.0, 185.0
154, 279.0, 237.0
155, 532.0, 178.0
156, 367.0, 137.0
157, 36.0, 374.0
158, 126.0, 366.0
159, 162.0, 117.0
160, 374.0, 230.0
161, 32.0, 446.0
162, 644.0, 299.0
163, 41.0, 416.0
164, 703.0, 122.0
165, 266.0, 167.0
166, 307.0, 227.0
167, 116.0, 332.0
168, 63.0, 374.0
169, 393.0, 164.0
170, 309.0, 400.0
171, 105.0, 376.0
172, 360.0, 318.0
173, 700.0, 183.0
174, 469.0, 252.0
175, 386.0, 97.0
176, 373.0, 441.0
177, 326.0, 389.0
178, 262.0, 88.0
179, 122.0, 286.0
180, 682.0, 234.0
181, 206.0, 89.0
182, 717.0, 152.0
183, 148.0, 405.0
184, 171.0, 236.0
185, 375.0, 327.0
186, 492.0, 193.0
187, 212.0, 129.0
188, 126.0, 460.0
189, 149.0, 437.0
190, 73.0, 348.0
191, 358.0, 84.0
192, 629.0, 256.0
193, 412.0, 25.0
194, 410.0, 194.0
195, 404.0, 305.0
196, 336.0, 366.0
197, 57.0, 395.0
198, 354.0, 178.0
199, 472.0, 236.0
200, 424.0, 340.0
201, 359.0, 172.0
202, 682.0, 121.0
203, 130.0, 258.0
204, 235.0, 379.0
205, 102.0, 127.0
206, 412.0, 397.0
207, 165.0, 324.0
208, 317.0, 183.0
209, 488.0, 249.0
210, 250.0, 271.0
211, 148.0, 340.0
212, 276.0, 249.0
213, 391.0, 47.0
214, 698.0, 343.0
215, 56.0, 355.0
216, 412.0, 170.0
217, 151.0, 132.0
218, 615.0, 125.0
219, 27.0, 330.0
220, 392.0, 197.0
221, 601.0, 350.0
222, 16.0, 401.0
223, 400.0, 161.0
224, 724.0, 320.0
225, 199.0, 9.0
226, 93.0, 325.0
227, 300.0, 288.0
228, 184.0, 134.0
229, 177.0, 175.0
230, 590.0, 366.0
231, 154.0, 27.0
232, 476.0, 210.0
233, 713.0, 122.0
234, 238.0, 300.0
235, 111.0, 257.0
236, 93.0, 434.0
237, 113.0, 316.0
238, 235.0, 355.0
239, 113.0, 86.0
240, 365.0, 183.0
241, 427.0, 461.0
242, 685.0, 377.0
243, 262.0, 57.0
244, 63.0, 417.0
245, 357.0, 89.0
246, 153.0, 380.0
247, 13.0, 126.0
248, 533.0, 362.0
249, 351.0, 227.0
250, 563.0, 304.0
251, 233.0, 163.0
252, 712.0, 226.0
253, 136.0, 351.0
254, 350.0, 437.0
255, 8.0, 51.0
256, 724.0, 242.0
257, 58.0, 349.0
258, 199.0, 58.0
259, 685.0, 332.0
260, 515.0, 304.0
261, 737.0, 118.0
262, 265.0, 286.0
263, 145.0, 322.0
264, 297.0, 134.0
265, 42.0, 329.0
266, 109.0, 388.0
267, 330.0, 295.0
268, 378.0, 367.0
269, 319.0, 119.0
270, 391.0, 334.0
271, 628.0, 312.0
272, 717.0, 241.0
273, 49.0, 246.0
274, 704.0, 363.0
275, 249.0, 232.0
276, 124.0, 358.0
277, 375.0, 392.0
278, 413.0, 31.0
279, 234.0, 396.0
280, 644.0, 125.0
281, 634.0, 191.0
282, 265.0, 294.0
283, 264.0, 129.0
284, 689.0, 183.0
285, 610.0, 219.0
286, 335.0, 86.0
287, 82.0, 399.0
288, 499.0, 251.0
289, 311.0, 142.0
290, 448.0, 206.0
291, 72.0, 389.0
292, 708.0, 354.0
293, 220.0, 179.0
294, 728.0, 331.0
295, 135.0, 70.0
296, 144.0, 331.0
297, 340.0, 112.0
298, 714.0, 377.0
299, 173.0, 139.0
300, 628.0, 207.0
301, 370.0, 379.0
302, 347.0, 83.0
303, 48.0, 133.0
304, 172.0, 102.0
305, 41.0, 383.0
306, 155.0, 355.0
307, 710.0, 241.0
308, 684.0, 242.0
309, 340.0, 192.0
310, 114.0, 92.0
311, 677.0, 269.0
312, 118.0, 378.0
313, 275.0, 15.0
314, 380.0, 376.0
315, 626.0, 220.0
316, 244.0, 57.0
317, 215.0, 378.0
318, 163.0, 285.0
319, 304.0, 102.0
320, 370.0, 370.0
321, 129.0, 335.0
322, 300.0, 248.0
323, 84.0, 364.0
324, 347.0, 186.0
325, 489.0, 236.0
326, 306.0, 19.0
327, 703.0, 217.0
328, 688.0, 424.0
329, 35.0, 391.0
330, 51.0, 377.0
331, 704.0, 158.0
332, 148.0, 219.0
333, 220.0, 219.0
334, 367.0, 40.0
335, 667.0, 170.0
336, 151.0, 454.0
337, 174.0, 66.0
338, 105.0, 381.0
339, 655.0, 333.0
340, 155.0, 62.0
341, 354.0, 196.0
342, 445.0, 299.0
343, 491.0, 226.0
344, 199.0, 265.0
345, 598.0, 269.0
346, 564.0, 314.0
347, 405.0, 162.0
348, 263.0, 114.0
349, 698.0, 326.0
350, 633.0, 288.0
351, 143.0, 408.0
352, 428.0, 309.0
353, 59.0, 311.0
354, 589.0, 359.0
355, 232.0, 233.0
356, 680.0, 151.0
357, 719.0, 319.0
358, 438.0, 303.0
359, 662.0, 184.0
360, 686.0, 368.0
361, 118.0, 339.0
362, 140.0, 137.0
363, 302.0, 189.0
364, 76.0, 306.0
365, 17.0, 444.0
366, 612.0, 138.0
367, 641.0, 309.0
368, 136.0, 320.0
369, 376.0, 162.0
370, 261.0, 15.0
371, 600.0, 361.0
372, 69.0, 401.0
373, 87.0, 335.0
374, 265.0, 258.0
375, 446.0, 224.0
376, 360.0, 326.0
377, 53.0, 294.0
378, 736.0, 316.0
379, 127.0, 324.0
380, 621.0, 246.0
381, 444.0, 198.0
382, 692.0, 119.0
383, 635.0, 280.0
384, 156.0, 401.0
385, 621.0, 284.0
386, 550.0, 281.0
387, 667.0, 287.0
388, 49.0, 406.0
389, 117.0, 125.0
390, 352.0, 49.0
391, 265.0, 181.0
392, 12.0, 323.0
393, 695.0, 370.0
394, 324.0, 423.0
395, 323.0, 261.0
396, 386.0, 128.0
397, 298.0, 219.0
398, 324.0, 448.0
399, 261.0, 159.0
400, 300.0, 401.0
401, 634.0, 125.0
402, 440.0, 298.0
403, 571.0, 318.0
404, 119.0, 387.0
405, 617.0, 332.0
406, 644.0, 333.0
407, 640.0, 151.0
408, 154.0, 153.0
409, 110.0, 347.0
410, 700.0, 379.0
411, 319.0, 136.0
412, 253.0, 283.0
413, 595.0, 368.0
414, 69.0, 134.0
415, 433.0, 308.0
416, 187.0, 159.0
417, 224.0, 241.0
418, 250.0, 115.0
419, 728.0, 175.0
420, 39.0, 407.0
421, 36.0, 420.0
422, 63.0, 379.0
423, 740.0, 157.0
424, 329.0, 23.0
425, 369.0, 273.0
426, 662.0, 275.0
427, 267.0, 235.0
428, 295.0, 79.0
429, 623.0, 325.0
430, 18.0, 417.0
431, 104.0, 316.0
432, 394.0, 138.0
433, 676.0, 177.0
434, 8.0, 353.0
435, 311.0, 354.0
436, 309.0, 386.0
437, 92.0, 33.0
438, 639.0, 125.0
439, 381.0, 162.0
440, 490.0, 149.0
441, 736.0, 336.0
442, 46.0, 310.0
443, 251.0, 247.0
444, 31.0, 124.0
445, 607.0, 300.0
446, 420.0, 465.0
447, 189.0, 169.0
448, 741.0, 393.0
449, 144.0, 393.0
450, 644.0, 243.0
451, 89.0, 62.0
452, 85.0, 126.0
453, 58.0, 415.0
454, 657.0, 285.0
455, 268.0, 105.0
456, 125.0, 257.0
457, 242.0, 273.0
458, 55.0, 249.0
459, 170.0, 175.0
460, 314.0, 59.0
461, 239.0, 295.0
462, 285.0, 263.0
463, 244.0, 239.0
464, 27.0, 400.0
465, 270.0, 253.0
466, 199.0, 199.0
467, 633.0, 235.0
468, 439.0, 197.0
469, 88.0, 301.0
470, 258.0, 218.0
471, 208.0, 386.0
472, 720.0, 383.0
473, 360.0, 248.0
474, 322.0, 459.0
475, 58.0, 326.0
476, 117.0, 415.0
477, 348.0, 98.0
478, 343.0, 32.0
479, 378.0, 384.0
480, 97.0, 341.0
481, 251.0, 43.0
482, 203.0, 104.0
483, 76.0, 341.0
484, 631.0, 131.0
485, 111.0, 70.0
486, 201.0, 79.0
487, 198.0, 136.0
488, 662.0, 150.0
489, 373.0, 385.0
490, 491.0, 181.0
491, 327.0, 97.0
492, 213.0, 16.0
493, 731.0, 165.0
494, 54.0, 311.0
495, 500.0, 228.0
496, 27.0, 394.0
497, 399.0, 304.0
498, 625.0, 269.0
499, 472.0, 224.0
