0, 489.0, 8.0
1, 298.0, 10.0
2, 632.0, 13.0
3, 298.0, 15.0
4, 396.0, 15.0
5, 396.0, 20.0
6, 598.0, 20.0
7, 612.0, 23.0
8, 235.0, 24.0
9, 173.0, 25.0
10, 629.0, 25.0
11, 167.0, 26.0
12, 658.0, 26.0
13, 396.0, 27.0
14, 271.0, 32.0
15, 298.0, 32.0
16, 298.0, 40.0
17, 607.0, 42.0
18, 396.0, 47.0
19, 633.0, 48.0
20, 159.0, 52.0
21, 487.0, 52.0
22, 176.0, 53.0
23, 298.0, 53.0
24, 631.0, 53.0
25, 396.0, 56.0
26, 160.0, 57.0
27, 271.0, 57.0
28, 591.0, 57.0
29, 631.0, 58.0
30, 396.0, 61.0
31, 603.0, 61.0
32, 630.0, 63.0
33, 298.0, 64.0
34, 395.0, 66.0
35, 178.0, 70.0
36, 395.0, 71.0
37, 298.0, 72.0
38, 31.0, 79.0
39, 298.0, 79.0
40, 591.0, 83.0
41, 163.0, 84.0
42, 178.0, 84.0
43, 299.0, 84.0
44, 172.0, 85.0
45, 585.0, 86.0
46, 598.0, 87.0
47, 299.0, 89.0
48, 626.0, 91.0
49, 161.0, 93.0
50, 393.0, 93.0
51, 178.0, 95.0
52, 198.0, 95.0
53, 637.0, 96.0
54, 684.0, 98.0
55, 668.0, 99.0
56, 719.0, 99.0
57, 733.0, 99.0
58, 299.0, 100.0
59, 9.0, 101.0
60, 33.0, 102.0
61, 53.0, 103.0
62, 393.0, 104.0
63, 102.0, 105.0
64, 170.0, 105.0
65, 299.0, 105.0
66, 119.0, 106.0
67, 164.0, 106.0
68, 178.0, 108.0
69, 393.0, 109.0
70, 299.0, 110.0
71, 729.0, 110.0
72, 681.0, 112.0
73, 393.0, 114.0
74, 659.0, 114.0
75, 299.0, 115.0
76, 244.0, 120.0
77, 299.0, 120.0
78, 183.0, 122.0
79, 393.0, 122.0
80, 701.0, 122.0
81, 665.0, 128.0
82, 681.0, 134.0
83, 184.0, 135.0
84, 288.0, 135.0
85, 300.0, 136.0
86, 392.0, 136.0
87, 715.0, 137.0
88, 734.0, 138.0
89, 183.0, 140.0
90, 356.0, 140.0
91, 351.0, 141.0
92, 186.0, 145.0
93, 478.0, 146.0
94, 666.0, 147.0
95, 688.0, 149.0
96, 301.0, 150.0
97, 187.0, 152.0
98, 716.0, 154.0
99, 547.0, 155.0
100, 698.0, 156.0
101, 188.0, 158.0
102, 571.0, 161.0
103, 652.0, 162.0
104, 614.0, 165.0
105, 620.0, 166.0
106, 635.0, 167.0
107, 650.0, 169.0
108, 189.0, 171.0
109, 663.0, 171.0
110, 677.0, 172.0
111, 477.0, 174.0
112, 700.0, 175.0
113, 722.0, 178.0
114, 743.0, 182.0
115, 78.0, 185.0
116, 472.0, 188.0
117, 678.0, 192.0
118, 123.0, 196.0
119, 598.0, 260.0
120, 741.0, 273.0
121, 134.0, 303.0
122, 572.0, 339.0
123, 522.0, 354.0
124, 656.0, 369.0
125, 548.0, 378.0
126, 445.0, 384.0
127, 556.0, 386.0
128, 110.0, 389.0
129, 543.0, 390.0
130, 399.0, 401.0
131, 550.0, 407.0
132, 716.0, 413.0
133, 560.0, 414.0
134, 340.0, 417.0
135, 535.0, 418.0
136, 208.0, 419.0
137, 595.0, 419.0
138, 362.0, 420.0
139, 604.0, 422.0
140, 546.0, 423.0
141, 258.0, 427.0
142, 341.0, 427.0
143, 388.0, 428.0
144, 556.0, 428.0
145, 326.0, 429.0
146, 521.0, 429.0
147, 279.0, 430.0
148, 302.0, 430.0
149, 353.0, 430.0
150, 423.0, 431.0
151, 531.0, 431.0
152, 372.0, 432.0
153, 397.0, 433.0
154, 507.0, 433.0
155, 263.0, 434.0
156, 334.0, 434.0
157, 444.0, 435.0
158, 19.0, 436.0
159, 382.0, 436.0
160, 79.0, 437.0
161, 321.0, 437.0
162, 566.0, 437.0
163, 168.0, 438.0
164, 347.0, 438.0
165, 429.0, 438.0
166, 517.0, 438.0
167, 331.0, 439.0
168, 528.0, 439.0
169, 367.0, 440.0
170, 539.0, 440.0
171, 340.0, 441.0
172, 212.0, 442.0
173, 588.0, 442.0
174, 401.0, 443.0
175, 388.0, 445.0
176, 233.0, 446.0
177, 220.0, 447.0
178, 375.0, 447.0
179, 435.0, 447.0
180, 360.0, 448.0
181, 346.0, 449.0
182, 638.0, 449.0
183, 409.0, 450.0
184, 249.0, 454.0
185, 575.0, 454.0
186, 144.0, 455.0
187, 194.0, 456.0
188, 234.0, 456.0
189, 380.0, 456.0
190, 625.0, 456.0
191, 87.0, 457.0
192, 418.0, 457.0
193, 179.0, 458.0
194, 259.0, 459.0
195, 427.0, 461.0
196, 215.0, 462.0
197, 294.0, 462.0
198, 360.0, 463.0
199, 546.0, 463.0
200, 344.0, 466.0
201, 180.0, 467.0
202, 438.0, 467.0
203, 124.0, 469.0
204, 302.0, 469.0
205, 384.0, 469.0
206, 84.0, 470.0
207, 218.0, 470.0
208, 288.0, 470.0
209, 370.0, 470.0
210, 147.0, 471.0
211, 599.0, 471.0
