0, 621.0, 304.0
1, 392.0, 368.0
2, 622.0, 293.0
3, 599.0, 302.0
4, 610.0, 303.0
5, 670.0, 286.0
6, 633.0, 294.0
7, 644.0, 295.0
8, 631.0, 419.0
9, 642.0, 319.0
10, 658.0, 273.0
11, 371.0, 350.0
12, 640.0, 224.0
13, 397.0, 380.0
14, 650.0, 238.0
15, 218.0, 401.0
16, 632.0, 305.0
17, 673.0, 251.0
18, 600.0, 291.0
19, 624.0, 271.0
20, 674.0, 239.0
21, 631.0, 318.0
22, 611.0, 292.0
23, 659.0, 262.0
24, 140.0, 441.0
25, 604.0, 444.0
26, 623.0, 282.0
27, 111.0, 452.0
28, 635.0, 271.0
29, 603.0, 257.0
30, 625.0, 259.0
31, 601.0, 279.0
32, 634.0, 283.0
33, 647.0, 272.0
34, 616.0, 247.0
35, 530.0, 319.0
36, 639.0, 237.0
37, 129.0, 442.0
38, 599.0, 314.0
39, 651.0, 225.0
40, 657.0, 285.0
41, 643.0, 307.0
42, 570.0, 370.0
43, 408.0, 391.0
44, 567.0, 335.0
45, 637.0, 248.0
46, 684.0, 465.0
47, 671.0, 274.0
48, 342.0, 308.0
49, 676.0, 226.0
50, 660.0, 250.0
51, 534.0, 375.0
52, 118.0, 445.0
53, 612.0, 280.0
54, 542.0, 343.0
55, 605.0, 246.0
56, 655.0, 308.0
57, 609.0, 315.0
58, 590.0, 464.0
59, 415.0, 396.0
60, 649.0, 249.0
61, 208.0, 394.0
62, 628.0, 431.0
63, 135.0, 434.0
64, 73.0, 459.0
65, 535.0, 333.0
66, 637.0, 260.0
67, 487.0, 356.0
68, 547.0, 377.0
69, 447.0, 445.0
70, 696.0, 441.0
71, 551.0, 388.0
72, 627.0, 236.0
73, 713.0, 449.0
74, 550.0, 357.0
75, 614.0, 258.0
76, 191.0, 383.0
77, 588.0, 290.0
78, 620.0, 316.0
79, 591.0, 256.0
80, 459.0, 454.0
81, 590.0, 267.0
82, 177.0, 410.0
83, 656.0, 296.0
84, 601.0, 393.0
85, 607.0, 223.0
86, 204.0, 374.0
87, 603.0, 268.0
88, 606.0, 234.0
89, 653.0, 320.0
90, 616.0, 235.0
91, 594.0, 382.0
92, 626.0, 247.0
93, 696.0, 457.0
94, 388.0, 377.0
95, 557.0, 331.0
96, 540.0, 351.0
97, 672.0, 263.0
98, 440.0, 433.0
99, 76.0, 320.0
100, 191.0, 373.0
101, 27.0, 291.0
102, 548.0, 459.0
103, 427.0, 441.0
104, 662.0, 226.0
105, 415.0, 429.0
106, 157.0, 157.0
107, 136.0, 25.0
108, 693.0, 415.0
109, 286.0, 415.0
110, 167.0, 418.0
111, 222.0, 382.0
112, 497.0, 356.0
113, 646.0, 284.0
114, 159.0, 427.0
115, 139.0, 421.0
116, 662.0, 239.0
117, 475.0, 352.0
118, 667.0, 309.0
119, 443.0, 417.0
120, 102.0, 448.0
121, 592.0, 373.0
122, 615.0, 430.0
123, 562.0, 461.0
124, 659.0, 383.0
125, 358.0, 320.0
126, 593.0, 234.0
127, 517.0, 373.0
128, 516.0, 171.0
129, 454.0, 433.0
130, 227.0, 395.0
131, 592.0, 245.0
132, 571.0, 323.0
133, 151.0, 110.0
134, 465.0, 459.0
135, 96.0, 457.0
136, 454.0, 325.0
137, 613.0, 269.0
138, 498.0, 343.0
139, 360.0, 340.0
140, 192.0, 394.0
141, 590.0, 278.0
142, 409.0, 419.0
143, 380.0, 370.0
144, 561.0, 355.0
145, 647.0, 261.0
146, 618.0, 222.0
147, 31.0, 267.0
148, 588.0, 300.0
149, 436.0, 410.0
150, 576.0, 461.0
151, 631.0, 450.0
152, 160.0, 227.0
153, 524.0, 102.0
154, 661.0, 208.0
155, 111.0, 353.0
156, 544.0, 402.0
157, 625.0, 356.0
158, 511.0, 400.0
159, 526.0, 356.0
160, 685.0, 411.0
161, 614.0, 352.0
162, 562.0, 321.0
163, 150.0, 433.0
164, 724.0, 413.0
165, 423.0, 400.0
166, 87.0, 451.0
167, 523.0, 383.0
168, 541.0, 320.0
169, 629.0, 223.0
170, 393.0, 356.0
171, 232.0, 136.0
172, 552.0, 342.0
173, 503.0, 426.0
174, 594.0, 221.0
175, 565.0, 426.0
176, 398.0, 392.0
177, 404.0, 401.0
178, 229.0, 147.0
179, 477.0, 437.0
180, 704.0, 469.0
181, 605.0, 330.0
182, 666.0, 323.0
183, 245.0, 25.0
184, 522.0, 331.0
185, 466.0, 378.0
186, 664.0, 360.0
187, 607.0, 456.0
188, 709.0, 415.0
189, 502.0, 382.0
190, 511.0, 119.0
191, 644.0, 395.0
192, 506.0, 299.0
193, 668.0, 297.0
194, 644.0, 382.0
195, 738.0, 442.0
196, 539.0, 386.0
197, 499.0, 330.0
198, 113.0, 471.0
199, 262.0, 43.0
200, 522.0, 455.0
201, 680.0, 455.0
202, 170.0, 403.0
203, 484.0, 470.0
204, 18.0, 271.0
205, 640.0, 433.0
206, 457.0, 414.0
207, 112.0, 297.0
208, 372.0, 359.0
209, 526.0, 399.0
210, 614.0, 466.0
211, 486.0, 376.0
212, 664.0, 454.0
213, 459.0, 339.0
214, 608.0, 383.0
215, 388.0, 347.0
216, 741.0, 365.0
217, 469.0, 394.0
218, 666.0, 180.0
219, 670.0, 402.0
220, 18.0, 236.0
221, 572.0, 390.0
222, 498.0, 445.0
223, 583.0, 400.0
224, 447.0, 455.0
225, 116.0, 316.0
226, 283.0, 70.0
227, 703.0, 427.0
228, 501.0, 319.0
229, 680.0, 429.0
230, 684.0, 442.0
231, 221.0, 238.0
232, 431.0, 429.0
233, 550.0, 368.0
234, 586.0, 313.0
235, 154.0, 136.0
236, 473.0, 327.0
237, 440.0, 349.0
238, 655.0, 376.0
239, 554.0, 397.0
240, 488.0, 337.0
241, 300.0, 401.0
242, 741.0, 433.0
243, 120.0, 454.0
244, 535.0, 51.0
245, 501.0, 392.0
246, 718.0, 436.0
247, 110.0, 59.0
248, 529.0, 84.0
249, 124.0, 117.0
250, 153.0, 124.0
251, 673.0, 144.0
252, 490.0, 404.0
253, 246.0, 49.0
254, 649.0, 389.0
255, 437.0, 422.0
256, 604.0, 412.0
257, 615.0, 394.0
258, 506.0, 284.0
259, 227.0, 168.0
260, 84.0, 470.0
261, 655.0, 394.0
262, 118.0, 96.0
263, 183.0, 406.0
264, 346.0, 319.0
265, 630.0, 372.0
266, 606.0, 361.0
267, 151.0, 421.0
268, 587.0, 348.0
269, 557.0, 365.0
270, 182.0, 379.0
271, 225.0, 187.0
272, 635.0, 361.0
273, 218.0, 259.0
274, 618.0, 376.0
275, 113.0, 72.0
276, 511.0, 352.0
277, 142.0, 430.0
278, 337.0, 319.0
279, 122.0, 279.0
280, 408.0, 141.0
281, 511.0, 242.0
282, 626.0, 378.0
283, 690.0, 255.0
284, 394.0, 102.0
285, 281.0, 136.0
286, 140.0, 164.0
287, 672.0, 424.0
288, 660.0, 418.0
289, 629.0, 467.0
290, 677.0, 131.0
291, 721.0, 430.0
292, 665.0, 392.0
293, 646.0, 368.0
294, 194.0, 416.0
295, 396.0, 140.0
296, 252.0, 128.0
297, 167.0, 256.0
298, 632.0, 384.0
299, 265.0, 136.0
300, 158.0, 169.0
301, 162.0, 405.0
302, 167.0, 267.0
303, 393.0, 431.0
304, 692.0, 65.0
305, 360.0, 300.0
306, 252.0, 102.0
307, 157.0, 212.0
308, 711.0, 462.0
309, 40.0, 331.0
310, 487.0, 392.0
311, 503.0, 127.0
312, 594.0, 362.0
313, 591.0, 436.0
314, 478.0, 336.0
315, 219.0, 8.0
316, 539.0, 412.0
317, 460.0, 469.0
318, 256.0, 173.0
319, 682.0, 108.0
320, 181.0, 267.0
321, 132.0, 141.0
322, 409.0, 377.0
323, 517.0, 129.0
324, 313.0, 138.0
325, 514.0, 182.0
326, 510.0, 232.0
327, 178.0, 256.0
328, 718.0, 471.0
329, 670.0, 158.0
330, 661.0, 471.0
331, 662.0, 195.0
332, 473.0, 316.0
333, 515.0, 432.0
334, 513.0, 213.0
335, 507.0, 262.0
336, 518.0, 317.0
337, 56.0, 311.0
338, 568.0, 306.0
339, 104.0, 24.0
340, 144.0, 69.0
341, 82.0, 403.0
342, 643.0, 442.0
343, 743.0, 469.0
344, 147.0, 82.0
345, 36.0, 311.0
346, 373.0, 313.0
347, 582.0, 359.0
348, 726.0, 423.0
349, 668.0, 459.0
350, 217.0, 276.0
351, 225.0, 202.0
352, 273.0, 415.0
353, 120.0, 434.0
354, 38.0, 285.0
355, 249.0, 80.0
356, 253.0, 136.0
357, 369.0, 343.0
358, 372.0, 335.0
359, 444.0, 144.0
360, 699.0, 392.0
361, 452.0, 465.0
362, 214.0, 43.0
363, 516.0, 158.0
364, 495.0, 145.0
365, 178.0, 395.0
366, 681.0, 401.0
367, 521.0, 115.0
368, 252.0, 123.0
369, 580.0, 368.0
370, 639.0, 378.0
371, 495.0, 434.0
372, 353.0, 328.0
373, 290.0, 397.0
374, 609.0, 404.0
375, 708.0, 367.0
376, 634.0, 344.0
377, 470.0, 344.0
378, 477.0, 462.0
379, 587.0, 423.0
380, 128.0, 131.0
381, 701.0, 409.0
382, 667.0, 421.0
383, 701.0, 30.0
384, 310.0, 149.0
385, 420.0, 429.0
386, 384.0, 361.0
387, 651.0, 445.0
388, 141.0, 50.0
389, 157.0, 416.0
390, 632.0, 458.0
391, 589.0, 453.0
392, 620.0, 457.0
393, 223.0, 215.0
394, 704.0, 10.0
395, 531.0, 417.0
396, 716.0, 407.0
397, 625.0, 367.0
398, 379.0, 139.0
399, 598.0, 354.0
400, 520.0, 342.0
401, 527.0, 301.0
402, 288.0, 207.0
403, 674.0, 465.0
404, 635.0, 471.0
405, 508.0, 270.0
406, 364.0, 330.0
407, 685.0, 433.0
408, 512.0, 359.0
409, 593.0, 355.0
410, 108.0, 47.0
411, 128.0, 455.0
412, 262.0, 350.0
413, 440.0, 442.0
414, 153.0, 131.0
415, 603.0, 369.0
416, 470.0, 339.0
417, 368.0, 315.0
418, 482.0, 396.0
419, 230.0, 356.0
420, 455.0, 471.0
421, 656.0, 448.0
422, 669.0, 163.0
423, 15.0, 225.0
424, 368.0, 324.0
425, 159.0, 188.0
426, 252.0, 112.0
427, 552.0, 471.0
428, 733.0, 432.0
429, 377.0, 333.0
430, 513.0, 341.0
431, 503.0, 143.0
432, 514.0, 198.0
433, 647.0, 413.0
434, 729.0, 438.0
435, 498.0, 410.0
436, 559.0, 435.0
437, 190.0, 402.0
438, 624.0, 341.0
439, 514.0, 192.0
440, 680.0, 119.0
441, 590.0, 442.0
442, 107.0, 464.0
443, 681.0, 396.0
444, 601.0, 454.0
445, 509.0, 415.0
446, 522.0, 415.0
447, 579.0, 338.0
448, 623.0, 462.0
449, 213.0, 106.0
450, 616.0, 444.0
451, 400.0, 374.0
452, 695.0, 467.0
453, 121.0, 108.0
454, 508.0, 143.0
455, 435.0, 385.0
456, 577.0, 451.0
457, 267.0, 311.0
458, 653.0, 416.0
459, 138.0, 371.0
460, 574.0, 415.0
461, 13.0, 257.0
462, 485.0, 386.0
463, 151.0, 196.0
464, 82.0, 432.0
465, 142.0, 55.0
466, 283.0, 206.0
467, 561.0, 347.0
468, 604.0, 435.0
469, 259.0, 283.0
470, 44.0, 322.0
471, 130.0, 136.0
472, 516.0, 443.0
473, 451.0, 405.0
474, 156.0, 144.0
475, 651.0, 178.0
476, 185.0, 102.0
477, 401.0, 141.0
478, 565.0, 451.0
479, 271.0, 408.0
480, 503.0, 410.0
481, 222.0, 224.0
482, 194.0, 109.0
483, 629.0, 342.0
484, 150.0, 440.0
485, 158.0, 174.0
486, 551.0, 410.0
487, 247.0, 61.0
488, 225.0, 192.0
489, 707.0, 455.0
490, 589.0, 360.0
491, 342.0, 314.0
492, 181.0, 116.0
493, 491.0, 348.0
494, 614.0, 365.0
495, 104.0, 459.0
496, 623.0, 384.0
497, 608.0, 370.0
498, 641.0, 413.0
499, 510.0, 347.0
