0, 317.0, 11.0
1, 373.0, 12.0
2, 341.0, 13.0
3, 305.0, 14.0
4, 305.0, 19.0
5, 15.0, 21.0
6, 620.0, 22.0
7, 468.0, 23.0
8, 496.0, 24.0
9, 509.0, 25.0
10, 519.0, 26.0
11, 535.0, 26.0
12, 32.0, 30.0
13, 589.0, 31.0
14, 374.0, 33.0
15, 414.0, 34.0
16, 11.0, 35.0
17, 342.0, 38.0
18, 373.0, 46.0
19, 211.0, 49.0
20, 357.0, 50.0
21, 356.0, 59.0
22, 343.0, 61.0
23, 356.0, 64.0
24, 160.0, 65.0
25, 538.0, 65.0
26, 612.0, 65.0
27, 116.0, 66.0
28, 242.0, 66.0
29, 343.0, 66.0
30, 582.0, 68.0
31, 209.0, 69.0
32, 372.0, 69.0
33, 39.0, 70.0
34, 160.0, 70.0
35, 356.0, 72.0
36, 307.0, 75.0
37, 580.0, 77.0
38, 460.0, 78.0
39, 214.0, 79.0
40, 579.0, 82.0
41, 412.0, 85.0
42, 507.0, 85.0
43, 610.0, 85.0
44, 10.0, 87.0
45, 484.0, 87.0
46, 578.0, 87.0
47, 308.0, 90.0
48, 466.0, 92.0
49, 576.0, 93.0
50, 608.0, 93.0
51, 711.0, 93.0
52, 230.0, 94.0
53, 21.0, 96.0
54, 218.0, 96.0
55, 308.0, 98.0
56, 370.0, 99.0
57, 231.0, 103.0
58, 456.0, 105.0
59, 573.0, 106.0
60, 162.0, 107.0
61, 606.0, 107.0
62, 741.0, 109.0
63, 573.0, 111.0
64, 741.0, 114.0
65, 231.0, 117.0
66, 163.0, 118.0
67, 407.0, 118.0
68, 454.0, 122.0
69, 369.0, 124.0
70, 346.0, 126.0
71, 525.0, 127.0
72, 476.0, 131.0
73, 569.0, 131.0
74, 230.0, 132.0
75, 601.0, 133.0
76, 231.0, 137.0
77, 600.0, 138.0
78, 305.0, 140.0
79, 458.0, 141.0
80, 568.0, 141.0
81, 209.0, 142.0
82, 731.0, 146.0
83, 452.0, 148.0
84, 567.0, 148.0
85, 407.0, 151.0
86, 598.0, 151.0
87, 451.0, 153.0
88, 566.0, 154.0
89, 165.0, 158.0
90, 551.0, 160.0
91, 596.0, 162.0
92, 727.0, 162.0
93, 261.0, 164.0
94, 564.0, 165.0
95, 72.0, 166.0
96, 473.0, 166.0
97, 12.0, 167.0
98, 165.0, 168.0
99, 595.0, 168.0
100, 261.0, 169.0
101, 456.0, 172.0
102, 563.0, 175.0
103, 594.0, 175.0
104, 244.0, 176.0
105, 262.0, 177.0
106, 232.0, 179.0
107, 215.0, 180.0
108, 244.0, 181.0
109, 203.0, 182.0
110, 263.0, 183.0
111, 454.0, 184.0
112, 562.0, 187.0
113, 447.0, 188.0
114, 721.0, 188.0
115, 590.0, 192.0
116, 448.0, 193.0
117, 454.0, 194.0
118, 560.0, 195.0
119, 166.0, 201.0
120, 217.0, 201.0
121, 232.0, 201.0
122, 193.0, 202.0
123, 201.0, 202.0
124, 245.0, 202.0
125, 463.0, 202.0
126, 9.0, 203.0
127, 160.0, 203.0
128, 266.0, 203.0
129, 409.0, 203.0
130, 155.0, 204.0
131, 309.0, 204.0
132, 559.0, 204.0
133, 349.0, 205.0
134, 432.0, 205.0
135, 587.0, 205.0
136, 9.0, 208.0
137, 284.0, 208.0
138, 448.0, 208.0
139, 560.0, 209.0
140, 18.0, 210.0
141, 585.0, 211.0
142, 714.0, 214.0
143, 584.0, 216.0
144, 559.0, 218.0
145, 713.0, 219.0
146, 448.0, 220.0
147, 154.0, 222.0
148, 289.0, 222.0
149, 432.0, 223.0
150, 583.0, 224.0
151, 712.0, 224.0
152, 710.0, 229.0
153, 153.0, 234.0
154, 448.0, 235.0
155, 559.0, 235.0
156, 579.0, 238.0
157, 558.0, 240.0
158, 432.0, 241.0
159, 706.0, 242.0
160, 576.0, 244.0
161, 704.0, 247.0
162, 12.0, 250.0
163, 23.0, 250.0
164, 575.0, 251.0
165, 664.0, 252.0
166, 534.0, 256.0
167, 654.0, 260.0
168, 23.0, 263.0
169, 702.0, 264.0
170, 558.0, 267.0
171, 433.0, 270.0
172, 446.0, 270.0
173, 514.0, 270.0
174, 568.0, 270.0
175, 16.0, 271.0
176, 648.0, 271.0
177, 153.0, 272.0
178, 558.0, 272.0
179, 8.0, 273.0
180, 24.0, 273.0
181, 560.0, 279.0
182, 642.0, 281.0
183, 743.0, 282.0
184, 557.0, 289.0
185, 638.0, 289.0
186, 445.0, 292.0
187, 432.0, 293.0
188, 154.0, 296.0
189, 9.0, 297.0
190, 25.0, 298.0
191, 632.0, 298.0
192, 17.0, 300.0
193, 555.0, 304.0
194, 444.0, 307.0
195, 123.0, 309.0
196, 431.0, 309.0
197, 153.0, 311.0
198, 9.0, 312.0
199, 112.0, 312.0
200, 625.0, 312.0
201, 26.0, 313.0
202, 431.0, 315.0
203, 444.0, 315.0
204, 153.0, 316.0
205, 620.0, 316.0
206, 110.0, 319.0
207, 64.0, 321.0
208, 95.0, 321.0
209, 619.0, 321.0
210, 154.0, 322.0
211, 26.0, 323.0
212, 80.0, 324.0
213, 104.0, 324.0
214, 130.0, 324.0
215, 12.0, 327.0
216, 37.0, 328.0
217, 17.0, 329.0
218, 128.0, 329.0
219, 95.0, 330.0
220, 53.0, 332.0
221, 155.0, 332.0
222, 613.0, 332.0
223, 446.0, 333.0
224, 553.0, 333.0
225, 108.0, 334.0
226, 499.0, 334.0
227, 530.0, 334.0
228, 28.0, 336.0
229, 436.0, 336.0
230, 155.0, 337.0
231, 155.0, 342.0
232, 607.0, 342.0
233, 428.0, 344.0
234, 483.0, 346.0
235, 542.0, 347.0
236, 261.0, 349.0
237, 266.0, 349.0
238, 272.0, 349.0
239, 196.0, 350.0
240, 202.0, 350.0
241, 450.0, 350.0
242, 154.0, 352.0
243, 555.0, 353.0
244, 121.0, 354.0
245, 597.0, 357.0
246, 471.0, 367.0
247, 589.0, 368.0
248, 391.0, 387.0
249, 574.0, 387.0
250, 575.0, 392.0
251, 196.0, 396.0
252, 444.0, 397.0
253, 235.0, 401.0
254, 21.0, 416.0
255, 34.0, 421.0
256, 445.0, 430.0
257, 608.0, 431.0
258, 35.0, 432.0
259, 35.0, 437.0
260, 91.0, 438.0
261, 615.0, 440.0
262, 36.0, 443.0
263, 311.0, 443.0
264, 388.0, 443.0
265, 37.0, 448.0
266, 289.0, 451.0
267, 307.0, 454.0
268, 38.0, 459.0
269, 324.0, 459.0
270, 312.0, 461.0
271, 335.0, 461.0
272, 586.0, 461.0
273, 425.0, 462.0
274, 561.0, 463.0
275, 349.0, 464.0
276, 369.0, 466.0
277, 334.0, 468.0
278, 38.0, 469.0
279, 302.0, 469.0
280, 383.0, 469.0
281, 310.0, 470.0
282, 358.0, 470.0
283, 341.0, 471.0
284, 396.0, 471.0
285, 463.0, 471.0
