0, 477.0, 458.0
1, 418.0, 309.0
2, 410.0, 367.0
3, 472.0, 266.0
4, 446.0, 361.0
5, 312.0, 351.0
6, 359.0, 159.0
7, 217.0, 214.0
8, 388.0, 300.0
9, 273.0, 414.0
10, 491.0, 460.0
11, 453.0, 408.0
12, 318.0, 366.0
13, 398.0, 384.0
14, 455.0, 325.0
15, 460.0, 428.0
16, 267.0, 438.0
17, 582.0, 181.0
18, 283.0, 355.0
19, 304.0, 436.0
20, 401.0, 343.0
21, 412.0, 380.0
22, 498.0, 449.0
23, 274.0, 425.0
24, 284.0, 374.0
25, 347.0, 210.0
26, 363.0, 435.0
27, 424.0, 297.0
28, 469.0, 372.0
29, 458.0, 372.0
30, 481.0, 447.0
31, 485.0, 105.0
32, 501.0, 409.0
33, 539.0, 414.0
34, 463.0, 455.0
35, 526.0, 171.0
36, 560.0, 418.0
37, 251.0, 380.0
38, 520.0, 389.0
39, 391.0, 336.0
40, 433.0, 367.0
41, 512.0, 398.0
42, 376.0, 333.0
43, 400.0, 374.0
44, 526.0, 104.0
45, 553.0, 425.0
46, 464.0, 440.0
47, 605.0, 185.0
48, 571.0, 437.0
49, 303.0, 373.0
50, 385.0, 224.0
51, 396.0, 157.0
52, 314.0, 460.0
53, 590.0, 441.0
54, 259.0, 312.0
55, 452.0, 455.0
56, 299.0, 352.0
57, 352.0, 437.0
58, 423.0, 335.0
59, 299.0, 328.0
60, 350.0, 343.0
61, 318.0, 341.0
62, 293.0, 12.0
63, 432.0, 438.0
64, 512.0, 420.0
65, 368.0, 217.0
66, 285.0, 398.0
67, 514.0, 345.0
68, 276.0, 437.0
69, 390.0, 184.0
70, 421.0, 429.0
71, 424.0, 371.0
72, 343.0, 160.0
73, 705.0, 104.0
74, 572.0, 428.0
75, 395.0, 202.0
76, 429.0, 157.0
77, 288.0, 455.0
78, 490.0, 341.0
79, 538.0, 179.0
80, 426.0, 349.0
81, 321.0, 14.0
82, 372.0, 447.0
83, 598.0, 263.0
84, 461.0, 83.0
85, 487.0, 89.0
86, 377.0, 169.0
87, 550.0, 29.0
88, 571.0, 411.0
89, 263.0, 408.0
90, 334.0, 401.0
91, 433.0, 424.0
92, 356.0, 195.0
93, 560.0, 16.0
94, 350.0, 175.0
95, 654.0, 302.0
96, 228.0, 97.0
97, 559.0, 437.0
98, 392.0, 403.0
99, 649.0, 102.0
100, 572.0, 449.0
101, 364.0, 346.0
102, 621.0, 101.0
103, 354.0, 463.0
104, 221.0, 124.0
105, 419.0, 389.0
106, 472.0, 469.0
107, 216.0, 42.0
108, 374.0, 429.0
109, 598.0, 69.0
110, 350.0, 307.0
111, 265.0, 123.0
112, 429.0, 174.0
113, 413.0, 322.0
114, 230.0, 123.0
115, 386.0, 382.0
116, 316.0, 261.0
117, 306.0, 393.0
118, 490.0, 435.0
119, 710.0, 84.0
120, 439.0, 381.0
121, 375.0, 313.0
122, 722.0, 155.0
123, 712.0, 66.0
124, 448.0, 371.0
125, 317.0, 404.0
126, 287.0, 343.0
127, 286.0, 431.0
128, 294.0, 63.0
129, 463.0, 408.0
130, 534.0, 385.0
131, 386.0, 265.0
132, 198.0, 41.0
133, 428.0, 326.0
134, 274.0, 135.0
135, 489.0, 471.0
136, 527.0, 340.0
137, 323.0, 375.0
138, 602.0, 202.0
139, 225.0, 70.0
140, 269.0, 64.0
141, 347.0, 456.0
142, 660.0, 282.0
143, 382.0, 358.0
144, 374.0, 413.0
145, 513.0, 438.0
146, 402.0, 266.0
147, 434.0, 467.0
148, 636.0, 9.0
149, 449.0, 436.0
150, 322.0, 65.0
151, 294.0, 36.0
152, 583.0, 427.0
153, 390.0, 317.0
154, 330.0, 355.0
155, 514.0, 469.0
156, 447.0, 388.0
157, 336.0, 458.0
158, 377.0, 400.0
159, 347.0, 143.0
160, 372.0, 197.0
161, 472.0, 250.0
162, 332.0, 337.0
163, 700.0, 133.0
164, 499.0, 352.0
165, 359.0, 323.0
166, 428.0, 358.0
167, 421.0, 464.0
168, 404.0, 466.0
169, 623.0, 178.0
170, 357.0, 390.0
171, 579.0, 437.0
172, 562.0, 408.0
173, 504.0, 144.0
174, 409.0, 349.0
175, 520.0, 407.0
176, 703.0, 311.0
177, 381.0, 203.0
178, 615.0, 144.0
179, 222.0, 56.0
180, 216.0, 136.0
181, 342.0, 444.0
182, 430.0, 103.0
183, 290.0, 470.0
184, 676.0, 207.0
185, 230.0, 140.0
186, 273.0, 122.0
187, 437.0, 356.0
188, 224.0, 387.0
189, 210.0, 291.0
190, 401.0, 358.0
191, 440.0, 327.0
192, 412.0, 293.0
193, 137.0, 460.0
194, 615.0, 82.0
195, 394.0, 466.0
196, 246.0, 288.0
197, 310.0, 134.0
198, 323.0, 230.0
199, 535.0, 195.0
200, 552.0, 295.0
201, 337.0, 413.0
202, 170.0, 13.0
203, 425.0, 452.0
204, 547.0, 101.0
205, 411.0, 451.0
206, 332.0, 443.0
207, 604.0, 432.0
208, 256.0, 145.0
209, 658.0, 254.0
210, 543.0, 127.0
211, 446.0, 422.0
212, 407.0, 138.0
213, 200.0, 217.0
214, 412.0, 343.0
215, 389.0, 449.0
216, 246.0, 317.0
217, 413.0, 470.0
218, 366.0, 418.0
219, 477.0, 369.0
220, 271.0, 82.0
221, 228.0, 282.0
222, 314.0, 52.0
223, 504.0, 343.0
224, 301.0, 406.0
225, 273.0, 336.0
226, 330.0, 308.0
227, 316.0, 358.0
228, 316.0, 246.0
229, 518.0, 271.0
230, 481.0, 411.0
231, 548.0, 66.0
232, 201.0, 58.0
233, 618.0, 67.0
234, 307.0, 102.0
235, 480.0, 188.0
236, 626.0, 309.0
237, 364.0, 181.0
238, 272.0, 101.0
239, 285.0, 423.0
240, 320.0, 41.0
241, 688.0, 207.0
242, 395.0, 303.0
243, 257.0, 99.0
244, 232.0, 176.0
245, 338.0, 424.0
246, 463.0, 417.0
247, 344.0, 359.0
248, 433.0, 455.0
249, 306.0, 96.0
250, 299.0, 462.0
251, 513.0, 367.0
252, 582.0, 158.0
253, 325.0, 460.0
254, 469.0, 334.0
255, 508.0, 259.0
256, 401.0, 328.0
257, 421.0, 443.0
258, 264.0, 422.0
259, 364.0, 298.0
260, 360.0, 422.0
261, 293.0, 25.0
262, 571.0, 68.0
263, 544.0, 350.0
264, 572.0, 121.0
265, 259.0, 79.0
266, 320.0, 441.0
267, 413.0, 429.0
268, 407.0, 400.0
269, 673.0, 231.0
270, 541.0, 141.0
271, 655.0, 77.0
272, 634.0, 64.0
273, 296.0, 393.0
274, 211.0, 161.0
275, 695.0, 153.0
276, 577.0, 79.0
277, 487.0, 377.0
278, 417.0, 357.0
279, 431.0, 343.0
280, 341.0, 389.0
281, 586.0, 244.0
282, 608.0, 66.0
283, 543.0, 14.0
284, 292.0, 407.0
285, 707.0, 293.0
286, 499.0, 421.0
287, 598.0, 447.0
288, 307.0, 466.0
289, 511.0, 77.0
290, 635.0, 233.0
291, 614.0, 93.0
292, 587.0, 460.0
293, 226.0, 81.0
294, 584.0, 98.0
295, 460.0, 339.0
296, 498.0, 10.0
297, 320.0, 27.0
298, 600.0, 215.0
299, 386.0, 416.0
300, 476.0, 336.0
301, 315.0, 229.0
302, 714.0, 23.0
303, 382.0, 399.0
304, 400.0, 442.0
305, 260.0, 74.0
306, 209.0, 58.0
307, 320.0, 142.0
308, 369.0, 378.0
309, 445.0, 173.0
310, 338.0, 419.0
311, 463.0, 144.0
312, 215.0, 71.0
313, 327.0, 429.0
314, 580.0, 69.0
315, 357.0, 446.0
316, 314.0, 441.0
317, 511.0, 380.0
318, 531.0, 45.0
319, 387.0, 464.0
320, 553.0, 413.0
321, 594.0, 284.0
322, 610.0, 59.0
323, 294.0, 132.0
324, 404.0, 457.0
325, 533.0, 31.0
326, 717.0, 267.0
327, 651.0, 208.0
328, 481.0, 128.0
329, 703.0, 234.0
330, 541.0, 405.0
331, 208.0, 202.0
332, 246.0, 346.0
333, 399.0, 466.0
334, 558.0, 33.0
335, 493.0, 408.0
336, 466.0, 391.0
337, 462.0, 121.0
338, 453.0, 353.0
339, 508.0, 358.0
340, 680.0, 75.0
341, 562.0, 458.0
342, 295.0, 50.0
343, 596.0, 83.0
344, 427.0, 381.0
345, 333.0, 143.0
346, 537.0, 115.0
347, 325.0, 422.0
348, 433.0, 388.0
349, 568.0, 143.0
350, 445.0, 399.0
351, 448.0, 148.0
352, 458.0, 401.0
353, 486.0, 423.0
354, 625.0, 134.0
355, 385.0, 313.0
356, 681.0, 115.0
357, 499.0, 38.0
358, 328.0, 455.0
359, 682.0, 59.0
360, 309.0, 423.0
361, 618.0, 125.0
362, 559.0, 88.0
363, 656.0, 184.0
364, 625.0, 225.0
365, 294.0, 140.0
366, 287.0, 442.0
367, 589.0, 122.0
368, 561.0, 57.0
369, 492.0, 43.0
370, 596.0, 237.0
371, 596.0, 247.0
372, 456.0, 250.0
373, 223.0, 382.0
374, 218.0, 98.0
375, 472.0, 438.0
376, 336.0, 430.0
377, 401.0, 450.0
378, 382.0, 449.0
379, 305.0, 63.0
380, 387.0, 434.0
381, 372.0, 460.0
382, 397.0, 264.0
383, 472.0, 400.0
384, 532.0, 167.0
385, 476.0, 44.0
386, 600.0, 118.0
387, 467.0, 71.0
388, 393.0, 355.0
389, 454.0, 68.0
390, 488.0, 63.0
391, 365.0, 429.0
392, 532.0, 276.0
393, 381.0, 264.0
394, 358.0, 336.0
395, 730.0, 26.0
396, 337.0, 444.0
397, 359.0, 143.0
398, 459.0, 396.0
399, 419.0, 295.0
400, 541.0, 157.0
401, 632.0, 69.0
402, 407.0, 308.0
403, 443.0, 436.0
404, 693.0, 104.0
405, 535.0, 252.0
406, 550.0, 259.0
407, 611.0, 102.0
408, 312.0, 436.0
409, 306.0, 91.0
410, 483.0, 437.0
411, 632.0, 87.0
412, 663.0, 239.0
413, 587.0, 77.0
414, 412.0, 406.0
415, 561.0, 71.0
416, 379.0, 467.0
417, 419.0, 269.0
418, 491.0, 369.0
419, 372.0, 138.0
420, 666.0, 18.0
421, 225.0, 75.0
422, 438.0, 455.0
423, 412.0, 461.0
424, 210.0, 150.0
425, 476.0, 208.0
426, 412.0, 305.0
427, 454.0, 361.0
428, 571.0, 61.0
429, 591.0, 347.0
430, 484.0, 41.0
431, 350.0, 447.0
432, 680.0, 160.0
433, 554.0, 279.0
434, 394.0, 441.0
435, 448.0, 471.0
436, 228.0, 208.0
437, 527.0, 81.0
438, 344.0, 331.0
439, 740.0, 27.0
440, 295.0, 429.0
441, 229.0, 149.0
442, 343.0, 368.0
443, 604.0, 93.0
444, 653.0, 195.0
445, 314.0, 36.0
446, 181.0, 93.0
447, 397.0, 146.0
448, 496.0, 81.0
449, 738.0, 197.0
450, 461.0, 365.0
451, 482.0, 362.0
452, 415.0, 196.0
453, 380.0, 131.0
454, 564.0, 172.0
455, 306.0, 74.0
456, 644.0, 358.0
457, 323.0, 242.0
458, 313.0, 395.0
459, 562.0, 119.0
460, 420.0, 242.0
461, 440.0, 343.0
462, 536.0, 292.0
463, 362.0, 391.0
464, 571.0, 126.0
465, 585.0, 36.0
466, 592.0, 213.0
467, 134.0, 453.0
468, 471.0, 421.0
469, 470.0, 431.0
470, 591.0, 170.0
471, 502.0, 465.0
472, 564.0, 107.0
473, 325.0, 417.0
474, 443.0, 410.0
475, 630.0, 47.0
476, 530.0, 413.0
477, 399.0, 282.0
478, 566.0, 163.0
479, 423.0, 356.0
480, 433.0, 230.0
481, 489.0, 152.0
482, 536.0, 133.0
483, 445.0, 192.0
484, 325.0, 442.0
485, 610.0, 210.0
486, 298.0, 455.0
487, 560.0, 127.0
488, 625.0, 263.0
489, 632.0, 301.0
490, 557.0, 154.0
491, 546.0, 419.0
492, 505.0, 286.0
493, 439.0, 471.0
494, 200.0, 212.0
495, 542.0, 90.0
496, 444.0, 464.0
497, 621.0, 385.0
498, 177.0, 65.0
499, 567.0, 253.0
