0, 311.0, 8.0
1, 522.0, 8.0
2, 569.0, 8.0
3, 551.0, 12.0
4, 556.0, 15.0
5, 561.0, 16.0
6, 350.0, 17.0
7, 528.0, 18.0
8, 587.0, 18.0
9, 548.0, 23.0
10, 233.0, 26.0
11, 553.0, 37.0
12, 135.0, 45.0
13, 524.0, 49.0
14, 627.0, 50.0
15, 572.0, 53.0
16, 700.0, 59.0
17, 707.0, 59.0
18, 615.0, 60.0
19, 257.0, 61.0
20, 285.0, 61.0
21, 684.0, 61.0
22, 221.0, 62.0
23, 605.0, 62.0
24, 620.0, 63.0
25, 646.0, 64.0
26, 310.0, 68.0
27, 600.0, 68.0
28, 69.0, 72.0
29, 599.0, 73.0
30, 481.0, 87.0
31, 282.0, 93.0
32, 287.0, 93.0
33, 222.0, 97.0
34, 688.0, 97.0
35, 156.0, 104.0
36, 289.0, 108.0
37, 677.0, 110.0
38, 289.0, 113.0
39, 659.0, 115.0
40, 149.0, 118.0
41, 224.0, 118.0
42, 224.0, 123.0
43, 225.0, 128.0
44, 290.0, 131.0
45, 728.0, 131.0
46, 98.0, 132.0
47, 572.0, 134.0
48, 592.0, 134.0
49, 609.0, 134.0
50, 534.0, 135.0
51, 290.0, 136.0
52, 311.0, 139.0
53, 738.0, 139.0
54, 675.0, 141.0
55, 290.0, 142.0
56, 481.0, 146.0
57, 285.0, 147.0
58, 290.0, 147.0
59, 636.0, 147.0
60, 685.0, 148.0
61, 228.0, 149.0
62, 290.0, 152.0
63, 512.0, 153.0
64, 569.0, 156.0
65, 229.0, 159.0
66, 560.0, 161.0
67, 569.0, 164.0
68, 741.0, 164.0
69, 291.0, 166.0
70, 722.0, 166.0
71, 230.0, 169.0
72, 104.0, 171.0
73, 95.0, 172.0
74, 715.0, 172.0
75, 291.0, 173.0
76, 230.0, 176.0
77, 292.0, 178.0
78, 583.0, 179.0
79, 726.0, 184.0
80, 92.0, 186.0
81, 314.0, 188.0
82, 329.0, 188.0
83, 347.0, 188.0
84, 225.0, 190.0
85, 733.0, 191.0
86, 272.0, 192.0
87, 581.0, 192.0
88, 287.0, 193.0
89, 292.0, 193.0
90, 591.0, 193.0
91, 41.0, 194.0
92, 217.0, 194.0
93, 396.0, 194.0
94, 97.0, 195.0
95, 20.0, 197.0
96, 244.0, 197.0
97, 257.0, 198.0
98, 743.0, 199.0
99, 229.0, 200.0
100, 312.0, 200.0
101, 78.0, 201.0
102, 239.0, 201.0
103, 506.0, 201.0
104, 83.0, 202.0
105, 525.0, 202.0
106, 274.0, 204.0
107, 399.0, 204.0
108, 578.0, 204.0
109, 596.0, 205.0
110, 223.0, 206.0
111, 690.0, 207.0
112, 59.0, 208.0
113, 292.0, 208.0
114, 254.0, 209.0
115, 310.0, 209.0
116, 94.0, 210.0
117, 157.0, 210.0
118, 216.0, 210.0
119, 30.0, 212.0
120, 274.0, 212.0
121, 172.0, 214.0
122, 202.0, 214.0
123, 263.0, 214.0
124, 301.0, 214.0
125, 225.0, 215.0
126, 722.0, 215.0
127, 700.0, 217.0
128, 274.0, 218.0
129, 686.0, 218.0
130, 185.0, 219.0
131, 99.0, 220.0
132, 537.0, 220.0
133, 224.0, 221.0
134, 576.0, 221.0
135, 664.0, 221.0
136, 676.0, 221.0
137, 291.0, 222.0
138, 160.0, 223.0
139, 194.0, 223.0
140, 218.0, 223.0
141, 240.0, 223.0
142, 254.0, 223.0
143, 274.0, 223.0
144, 170.0, 224.0
145, 310.0, 224.0
146, 263.0, 225.0
147, 115.0, 227.0
148, 152.0, 228.0
149, 194.0, 228.0
150, 275.0, 228.0
151, 178.0, 229.0
152, 503.0, 229.0
153, 706.0, 229.0
154, 521.0, 230.0
155, 477.0, 231.0
156, 138.0, 232.0
157, 291.0, 233.0
158, 234.0, 235.0
159, 311.0, 235.0
160, 187.0, 236.0
161, 246.0, 236.0
162, 687.0, 236.0
163, 591.0, 237.0
164, 112.0, 239.0
165, 127.0, 239.0
166, 572.0, 239.0
167, 711.0, 239.0
168, 209.0, 240.0
169, 313.0, 240.0
170, 611.0, 240.0
171, 260.0, 241.0
172, 275.0, 241.0
173, 288.0, 241.0
174, 318.0, 241.0
175, 626.0, 241.0
176, 220.0, 242.0
177, 736.0, 242.0
178, 104.0, 243.0
179, 169.0, 243.0
180, 661.0, 244.0
181, 501.0, 245.0
182, 196.0, 246.0
183, 346.0, 246.0
184, 571.0, 246.0
185, 186.0, 247.0
186, 241.0, 247.0
187, 519.0, 247.0
188, 677.0, 247.0
189, 261.0, 249.0
190, 616.0, 249.0
191, 111.0, 250.0
192, 626.0, 250.0
193, 649.0, 250.0
194, 92.0, 251.0
195, 634.0, 251.0
196, 743.0, 251.0
197, 30.0, 252.0
198, 87.0, 252.0
199, 190.0, 252.0
200, 195.0, 252.0
201, 17.0, 253.0
202, 22.0, 253.0
203, 79.0, 255.0
204, 230.0, 255.0
205, 587.0, 255.0
206, 171.0, 256.0
207, 569.0, 257.0
208, 515.0, 258.0
209, 609.0, 258.0
210, 616.0, 259.0
211, 680.0, 259.0
212, 499.0, 260.0
213, 522.0, 260.0
214, 701.0, 262.0
215, 64.0, 263.0
216, 72.0, 263.0
217, 657.0, 263.0
218, 59.0, 264.0
219, 164.0, 266.0
220, 581.0, 268.0
221, 729.0, 268.0
222, 603.0, 269.0
223, 710.0, 269.0
224, 543.0, 270.0
225, 611.0, 270.0
226, 168.0, 271.0
227, 538.0, 271.0
228, 715.0, 271.0
229, 721.0, 272.0
230, 660.0, 274.0
231, 59.0, 275.0
232, 525.0, 275.0
233, 669.0, 276.0
234, 51.0, 277.0
235, 590.0, 278.0
236, 45.0, 279.0
237, 652.0, 279.0
238, 678.0, 279.0
239, 525.0, 281.0
240, 39.0, 282.0
241, 512.0, 282.0
242, 280.0, 283.0
243, 30.0, 284.0
244, 275.0, 284.0
245, 496.0, 284.0
246, 590.0, 284.0
247, 679.0, 284.0
248, 121.0, 285.0
249, 466.0, 285.0
250, 23.0, 286.0
251, 288.0, 286.0
252, 504.0, 287.0
253, 526.0, 288.0
254, 693.0, 288.0
255, 714.0, 288.0
256, 111.0, 290.0
257, 8.0, 291.0
258, 106.0, 292.0
259, 540.0, 292.0
260, 677.0, 292.0
261, 709.0, 293.0
262, 101.0, 294.0
263, 96.0, 295.0
264, 731.0, 295.0
265, 312.0, 296.0
266, 591.0, 296.0
267, 301.0, 297.0
268, 500.0, 297.0
269, 90.0, 298.0
270, 252.0, 298.0
271, 34.0, 301.0
272, 84.0, 301.0
273, 42.0, 303.0
274, 28.0, 305.0
275, 196.0, 307.0
276, 711.0, 307.0
277, 71.0, 308.0
278, 60.0, 311.0
279, 698.0, 311.0
280, 728.0, 311.0
281, 494.0, 312.0
282, 523.0, 313.0
283, 53.0, 314.0
284, 508.0, 314.0
285, 29.0, 315.0
286, 702.0, 316.0
287, 68.0, 318.0
288, 73.0, 318.0
289, 524.0, 318.0
290, 16.0, 320.0
291, 46.0, 320.0
292, 622.0, 321.0
293, 691.0, 321.0
294, 681.0, 323.0
295, 704.0, 323.0
296, 741.0, 323.0
297, 537.0, 324.0
298, 627.0, 325.0
299, 104.0, 327.0
300, 643.0, 327.0
301, 702.0, 328.0
302, 543.0, 329.0
303, 693.0, 329.0
304, 722.0, 329.0
305, 70.0, 330.0
306, 75.0, 331.0
307, 655.0, 334.0
308, 78.0, 336.0
309, 345.0, 336.0
310, 738.0, 338.0
311, 173.0, 339.0
312, 346.0, 343.0
313, 659.0, 343.0
314, 697.0, 344.0
315, 81.0, 347.0
316, 348.0, 349.0
317, 694.0, 349.0
318, 712.0, 349.0
319, 62.0, 350.0
320, 312.0, 350.0
321, 322.0, 350.0
322, 497.0, 350.0
323, 38.0, 352.0
324, 581.0, 352.0
325, 489.0, 353.0
326, 313.0, 355.0
327, 604.0, 355.0
328, 674.0, 355.0
329, 82.0, 356.0
330, 720.0, 357.0
331, 578.0, 358.0
332, 588.0, 358.0
333, 706.0, 358.0
334, 79.0, 361.0
335, 167.0, 361.0
336, 314.0, 361.0
337, 692.0, 361.0
338, 172.0, 362.0
339, 326.0, 363.0
340, 730.0, 363.0
341, 73.0, 364.0
342, 743.0, 364.0
343, 68.0, 366.0
344, 316.0, 366.0
345, 336.0, 367.0
346, 169.0, 368.0
347, 613.0, 368.0
348, 700.0, 368.0
349, 598.0, 370.0
350, 161.0, 375.0
351, 725.0, 376.0
352, 609.0, 378.0
353, 521.0, 380.0
354, 470.0, 383.0
355, 633.0, 383.0
356, 624.0, 384.0
357, 479.0, 387.0
358, 573.0, 388.0
359, 687.0, 390.0
360, 692.0, 390.0
361, 326.0, 391.0
362, 721.0, 391.0
363, 622.0, 394.0
364, 345.0, 395.0
365, 461.0, 395.0
366, 322.0, 396.0
367, 490.0, 397.0
368, 559.0, 397.0
369, 730.0, 398.0
370, 482.0, 399.0
371, 564.0, 399.0
372, 328.0, 400.0
373, 156.0, 401.0
374, 630.0, 401.0
375, 146.0, 402.0
376, 535.0, 402.0
377, 589.0, 402.0
378, 564.0, 404.0
379, 475.0, 405.0
380, 498.0, 405.0
381, 668.0, 406.0
382, 508.0, 408.0
383, 544.0, 409.0
384, 142.0, 410.0
385, 322.0, 410.0
386, 494.0, 410.0
387, 689.0, 410.0
388, 592.0, 411.0
389, 485.0, 412.0
390, 566.0, 413.0
391, 49.0, 415.0
392, 535.0, 415.0
393, 151.0, 416.0
394, 518.0, 416.0
395, 680.0, 416.0
396, 544.0, 417.0
397, 627.0, 417.0
398, 497.0, 421.0
399, 510.0, 423.0
400, 554.0, 424.0
401, 533.0, 426.0
402, 678.0, 427.0
403, 490.0, 430.0
404, 541.0, 431.0
405, 335.0, 432.0
406, 515.0, 432.0
407, 679.0, 432.0
408, 135.0, 433.0
409, 566.0, 433.0
410, 527.0, 434.0
411, 541.0, 436.0
412, 554.0, 440.0
413, 580.0, 440.0
414, 423.0, 445.0
415, 330.0, 446.0
416, 404.0, 446.0
417, 538.0, 447.0
418, 722.0, 447.0
419, 137.0, 450.0
420, 413.0, 450.0
421, 676.0, 450.0
422, 420.0, 451.0
423, 568.0, 452.0
424, 552.0, 455.0
425, 583.0, 455.0
426, 576.0, 460.0
427, 410.0, 462.0
428, 597.0, 464.0
429, 454.0, 467.0
430, 475.0, 468.0
431, 578.0, 471.0
432, 587.0, 471.0
