0, 692.0, 8.0
1, 483.0, 15.0
2, 553.0, 19.0
3, 708.0, 22.0
4, 687.0, 24.0
5, 735.0, 33.0
6, 740.0, 33.0
7, 494.0, 35.0
8, 658.0, 35.0
9, 606.0, 40.0
10, 203.0, 41.0
11, 588.0, 43.0
12, 541.0, 45.0
13, 642.0, 47.0
14, 510.0, 48.0
15, 678.0, 49.0
16, 629.0, 53.0
17, 710.0, 58.0
18, 650.0, 60.0
19, 728.0, 60.0
20, 661.0, 61.0
21, 506.0, 63.0
22, 524.0, 63.0
23, 674.0, 64.0
24, 612.0, 65.0
25, 253.0, 68.0
26, 726.0, 71.0
27, 523.0, 72.0
28, 718.0, 73.0
29, 488.0, 76.0
30, 601.0, 79.0
31, 409.0, 81.0
32, 418.0, 81.0
33, 476.0, 81.0
34, 513.0, 81.0
35, 678.0, 82.0
36, 521.0, 83.0
37, 470.0, 87.0
38, 669.0, 88.0
39, 503.0, 91.0
40, 512.0, 93.0
41, 520.0, 98.0
42, 423.0, 100.0
43, 488.0, 100.0
44, 666.0, 100.0
45, 500.0, 101.0
46, 469.0, 102.0
47, 712.0, 106.0
48, 206.0, 107.0
49, 156.0, 114.0
50, 487.0, 114.0
51, 288.0, 117.0
52, 328.0, 117.0
53, 663.0, 118.0
54, 502.0, 119.0
55, 207.0, 120.0
56, 467.0, 121.0
57, 155.0, 123.0
58, 502.0, 124.0
59, 614.0, 125.0
60, 660.0, 127.0
61, 714.0, 127.0
62, 694.0, 128.0
63, 486.0, 129.0
64, 378.0, 133.0
65, 742.0, 142.0
66, 179.0, 143.0
67, 195.0, 143.0
68, 210.0, 143.0
69, 485.0, 143.0
70, 655.0, 145.0
71, 179.0, 148.0
72, 270.0, 148.0
73, 491.0, 148.0
74, 496.0, 148.0
75, 466.0, 150.0
76, 512.0, 150.0
77, 588.0, 151.0
78, 180.0, 153.0
79, 196.0, 153.0
80, 352.0, 154.0
81, 484.0, 156.0
82, 536.0, 156.0
83, 675.0, 157.0
84, 626.0, 158.0
85, 579.0, 165.0
86, 607.0, 165.0
87, 708.0, 165.0
88, 546.0, 167.0
89, 531.0, 168.0
90, 405.0, 174.0
91, 561.0, 174.0
92, 690.0, 175.0
93, 705.0, 175.0
94, 467.0, 177.0
95, 605.0, 177.0
96, 620.0, 177.0
97, 536.0, 179.0
98, 702.0, 181.0
99, 435.0, 182.0
100, 549.0, 183.0
101, 583.0, 184.0
102, 572.0, 185.0
103, 270.0, 186.0
104, 643.0, 187.0
105, 652.0, 187.0
106, 701.0, 190.0
107, 692.0, 191.0
108, 539.0, 193.0
109, 554.0, 194.0
110, 573.0, 197.0
111, 361.0, 198.0
112, 562.0, 199.0
113, 283.0, 202.0
114, 453.0, 204.0
115, 529.0, 204.0
116, 466.0, 205.0
117, 724.0, 206.0
118, 445.0, 208.0
119, 638.0, 208.0
120, 548.0, 209.0
121, 573.0, 212.0
122, 578.0, 212.0
123, 567.0, 213.0
124, 268.0, 216.0
125, 586.0, 216.0
126, 230.0, 217.0
127, 222.0, 219.0
128, 495.0, 219.0
129, 610.0, 220.0
130, 742.0, 220.0
131, 431.0, 221.0
132, 504.0, 221.0
133, 664.0, 222.0
134, 684.0, 223.0
135, 693.0, 224.0
136, 587.0, 225.0
137, 320.0, 227.0
138, 599.0, 227.0
139, 315.0, 228.0
140, 528.0, 230.0
141, 559.0, 230.0
142, 479.0, 231.0
143, 493.0, 231.0
144, 699.0, 231.0
145, 639.0, 232.0
146, 305.0, 234.0
147, 550.0, 234.0
148, 674.0, 234.0
149, 422.0, 236.0
150, 427.0, 236.0
151, 687.0, 236.0
152, 432.0, 237.0
153, 506.0, 237.0
154, 582.0, 237.0
155, 660.0, 237.0
156, 515.0, 238.0
157, 539.0, 239.0
158, 413.0, 241.0
159, 572.0, 242.0
160, 637.0, 243.0
161, 697.0, 243.0
162, 531.0, 244.0
163, 401.0, 245.0
164, 411.0, 246.0
165, 464.0, 247.0
166, 564.0, 247.0
167, 587.0, 247.0
168, 606.0, 249.0
169, 411.0, 251.0
170, 555.0, 251.0
171, 576.0, 252.0
172, 507.0, 254.0
173, 588.0, 254.0
174, 522.0, 255.0
175, 566.0, 255.0
176, 381.0, 256.0
177, 654.0, 256.0
178, 391.0, 258.0
179, 477.0, 258.0
180, 742.0, 259.0
181, 604.0, 260.0
182, 453.0, 261.0
183, 690.0, 261.0
184, 536.0, 262.0
185, 400.0, 263.0
186, 577.0, 264.0
187, 593.0, 266.0
188, 623.0, 266.0
189, 634.0, 270.0
190, 743.0, 270.0
191, 206.0, 271.0
192, 380.0, 271.0
193, 613.0, 271.0
194, 360.0, 272.0
195, 411.0, 272.0
196, 650.0, 272.0
197, 495.0, 273.0
198, 504.0, 273.0
199, 226.0, 274.0
200, 449.0, 274.0
201, 551.0, 274.0
202, 465.0, 275.0
203, 523.0, 275.0
204, 360.0, 277.0
205, 727.0, 277.0
206, 734.0, 277.0
207, 578.0, 278.0
208, 572.0, 279.0
209, 627.0, 279.0
210, 678.0, 280.0
211, 538.0, 282.0
212, 380.0, 283.0
213, 564.0, 284.0
214, 707.0, 284.0
215, 712.0, 284.0
216, 512.0, 286.0
217, 522.0, 286.0
218, 741.0, 286.0
219, 654.0, 287.0
220, 637.0, 288.0
221, 666.0, 288.0
222, 371.0, 289.0
223, 395.0, 289.0
224, 410.0, 289.0
225, 556.0, 291.0
226, 680.0, 291.0
227, 530.0, 292.0
228, 592.0, 292.0
229, 125.0, 293.0
230, 504.0, 295.0
231, 512.0, 295.0
232, 609.0, 296.0
233, 419.0, 297.0
234, 430.0, 297.0
235, 547.0, 297.0
236, 469.0, 298.0
237, 647.0, 298.0
238, 410.0, 300.0
239, 323.0, 301.0
240, 584.0, 301.0
241, 608.0, 303.0
242, 698.0, 304.0
243, 394.0, 305.0
244, 410.0, 305.0
245, 538.0, 305.0
246, 563.0, 305.0
247, 631.0, 306.0
248, 514.0, 307.0
249, 598.0, 308.0
250, 380.0, 309.0
251, 551.0, 309.0
252, 581.0, 311.0
253, 663.0, 311.0
254, 506.0, 312.0
255, 399.0, 314.0
256, 512.0, 314.0
257, 732.0, 315.0
258, 538.0, 316.0
259, 568.0, 316.0
260, 627.0, 316.0
261, 701.0, 316.0
262, 388.0, 317.0
263, 680.0, 318.0
264, 361.0, 319.0
265, 378.0, 320.0
266, 604.0, 321.0
267, 622.0, 321.0
268, 640.0, 321.0
269, 713.0, 321.0
270, 553.0, 322.0
271, 656.0, 322.0
272, 579.0, 325.0
273, 535.0, 327.0
274, 565.0, 327.0
275, 622.0, 328.0
276, 686.0, 328.0
277, 696.0, 328.0
278, 293.0, 329.0
279, 387.0, 329.0
280, 651.0, 329.0
281, 543.0, 331.0
282, 633.0, 331.0
283, 742.0, 331.0
284, 600.0, 332.0
285, 550.0, 333.0
286, 642.0, 335.0
287, 370.0, 336.0
288, 577.0, 337.0
289, 565.0, 338.0
290, 394.0, 340.0
291, 524.0, 340.0
292, 701.0, 340.0
293, 599.0, 341.0
294, 666.0, 342.0
295, 361.0, 343.0
296, 498.0, 343.0
297, 590.0, 343.0
298, 726.0, 343.0
299, 533.0, 344.0
300, 380.0, 345.0
301, 610.0, 346.0
302, 741.0, 347.0
303, 404.0, 349.0
304, 544.0, 349.0
305, 575.0, 349.0
306, 688.0, 352.0
307, 532.0, 353.0
308, 695.0, 353.0
309, 589.0, 354.0
310, 700.0, 354.0
311, 369.0, 355.0
312, 438.0, 356.0
313, 389.0, 358.0
314, 532.0, 360.0
315, 423.0, 361.0
316, 561.0, 361.0
317, 63.0, 363.0
318, 575.0, 364.0
319, 433.0, 365.0
320, 586.0, 367.0
321, 399.0, 368.0
322, 596.0, 371.0
323, 508.0, 372.0
324, 726.0, 372.0
325, 417.0, 374.0
326, 441.0, 374.0
327, 523.0, 374.0
328, 246.0, 375.0
329, 562.0, 375.0
330, 431.0, 376.0
331, 350.0, 377.0
332, 567.0, 377.0
333, 332.0, 378.0
334, 247.0, 380.0
335, 497.0, 380.0
336, 502.0, 380.0
337, 541.0, 381.0
338, 580.0, 381.0
339, 328.0, 383.0
340, 507.0, 384.0
341, 360.0, 387.0
342, 332.0, 388.0
343, 327.0, 392.0
344, 359.0, 392.0
345, 381.0, 393.0
346, 368.0, 395.0
347, 332.0, 397.0
348, 339.0, 398.0
349, 373.0, 399.0
350, 399.0, 401.0
351, 372.0, 406.0
352, 400.0, 406.0
353, 247.0, 408.0
354, 620.0, 408.0
355, 408.0, 409.0
356, 190.0, 412.0
357, 259.0, 413.0
358, 407.0, 414.0
359, 393.0, 415.0
360, 424.0, 416.0
361, 631.0, 416.0
362, 249.0, 419.0
363, 254.0, 420.0
364, 401.0, 420.0
365, 197.0, 423.0
366, 206.0, 423.0
367, 387.0, 424.0
368, 255.0, 425.0
369, 261.0, 426.0
370, 274.0, 426.0
371, 233.0, 427.0
372, 172.0, 428.0
373, 214.0, 428.0
374, 417.0, 428.0
375, 399.0, 431.0
376, 198.0, 434.0
377, 186.0, 435.0
378, 161.0, 436.0
379, 223.0, 436.0
380, 268.0, 436.0
381, 279.0, 436.0
382, 396.0, 436.0
383, 207.0, 439.0
384, 424.0, 440.0
385, 197.0, 442.0
386, 150.0, 445.0
387, 177.0, 445.0
388, 217.0, 445.0
389, 626.0, 445.0
390, 187.0, 446.0
391, 205.0, 449.0
392, 186.0, 451.0
393, 596.0, 451.0
394, 678.0, 451.0
395, 604.0, 453.0
396, 646.0, 453.0
397, 166.0, 454.0
398, 228.0, 454.0
399, 261.0, 455.0
400, 139.0, 456.0
401, 623.0, 456.0
402, 668.0, 456.0
403, 694.0, 457.0
404, 194.0, 458.0
405, 632.0, 459.0
406, 723.0, 460.0
407, 175.0, 461.0
408, 705.0, 461.0
409, 248.0, 462.0
410, 385.0, 463.0
411, 728.0, 463.0
412, 153.0, 464.0
413, 126.0, 465.0
414, 394.0, 467.0
415, 183.0, 468.0
416, 691.0, 468.0
417, 731.0, 468.0
418, 363.0, 469.0
419, 409.0, 469.0
420, 615.0, 469.0
421, 713.0, 469.0
422, 223.0, 470.0
423, 607.0, 470.0
424, 164.0, 471.0
425, 245.0, 471.0
426, 258.0, 471.0
427, 381.0, 471.0
