0, 213.0, 146.0
1, 126.0, 351.0
2, 386.0, 265.0
3, 536.0, 215.0
4, 384.0, 274.0
5, 198.0, 280.0
6, 195.0, 380.0
7, 121.0, 391.0
8, 126.0, 440.0
9, 321.0, 321.0
10, 497.0, 222.0
11, 588.0, 324.0
12, 151.0, 392.0
13, 114.0, 354.0
14, 146.0, 376.0
15, 610.0, 227.0
16, 151.0, 263.0
17, 414.0, 273.0
18, 178.0, 168.0
19, 381.0, 144.0
20, 336.0, 18.0
21, 349.0, 276.0
22, 581.0, 407.0
23, 395.0, 222.0
24, 236.0, 334.0
25, 249.0, 258.0
26, 480.0, 201.0
27, 185.0, 260.0
28, 548.0, 219.0
29, 446.0, 413.0
30, 521.0, 281.0
31, 135.0, 323.0
32, 228.0, 137.0
33, 566.0, 210.0
34, 130.0, 367.0
35, 388.0, 396.0
36, 355.0, 347.0
37, 687.0, 393.0
38, 120.0, 299.0
39, 352.0, 262.0
40, 523.0, 193.0
41, 687.0, 460.0
42, 598.0, 402.0
43, 160.0, 371.0
44, 588.0, 138.0
45, 514.0, 230.0
46, 598.0, 416.0
47, 123.0, 415.0
48, 544.0, 298.0
49, 125.0, 336.0
50, 37.0, 118.0
51, 308.0, 318.0
52, 133.0, 386.0
53, 578.0, 417.0
54, 398.0, 158.0
55, 235.0, 298.0
56, 123.0, 322.0
57, 276.0, 290.0
58, 310.0, 329.0
59, 108.0, 326.0
60, 207.0, 323.0
61, 421.0, 187.0
62, 118.0, 372.0
63, 155.0, 357.0
64, 182.0, 201.0
65, 331.0, 356.0
66, 596.0, 222.0
67, 545.0, 260.0
68, 537.0, 199.0
69, 112.0, 340.0
70, 545.0, 188.0
71, 185.0, 416.0
72, 683.0, 403.0
73, 575.0, 199.0
74, 547.0, 252.0
75, 260.0, 397.0
76, 158.0, 344.0
77, 136.0, 409.0
78, 373.0, 67.0
79, 605.0, 245.0
80, 533.0, 228.0
81, 247.0, 236.0
82, 343.0, 270.0
83, 362.0, 257.0
84, 233.0, 262.0
85, 212.0, 277.0
86, 329.0, 331.0
87, 121.0, 259.0
88, 184.0, 152.0
89, 244.0, 205.0
90, 240.0, 284.0
91, 524.0, 398.0
92, 531.0, 183.0
93, 345.0, 327.0
94, 145.0, 238.0
95, 138.0, 260.0
96, 253.0, 314.0
97, 665.0, 457.0
98, 183.0, 353.0
99, 103.0, 179.0
100, 310.0, 32.0
101, 585.0, 390.0
102, 129.0, 192.0
103, 618.0, 386.0
104, 334.0, 317.0
105, 478.0, 227.0
106, 121.0, 310.0
107, 168.0, 404.0
108, 175.0, 382.0
109, 253.0, 329.0
110, 369.0, 203.0
111, 176.0, 315.0
112, 224.0, 146.0
113, 540.0, 318.0
114, 452.0, 193.0
115, 374.0, 380.0
116, 70.0, 8.0
117, 476.0, 422.0
118, 479.0, 216.0
119, 636.0, 387.0
120, 558.0, 298.0
121, 144.0, 360.0
122, 574.0, 391.0
123, 388.0, 409.0
124, 319.0, 72.0
125, 83.0, 302.0
126, 444.0, 90.0
127, 459.0, 244.0
128, 313.0, 355.0
129, 599.0, 428.0
130, 247.0, 436.0
131, 369.0, 284.0
132, 254.0, 346.0
133, 565.0, 343.0
134, 570.0, 276.0
135, 363.0, 279.0
136, 531.0, 270.0
137, 367.0, 397.0
138, 182.0, 462.0
139, 171.0, 331.0
140, 551.0, 310.0
141, 334.0, 271.0
142, 500.0, 205.0
143, 657.0, 387.0
144, 192.0, 271.0
145, 503.0, 184.0
146, 33.0, 76.0
147, 556.0, 287.0
148, 95.0, 185.0
149, 166.0, 277.0
150, 231.0, 196.0
151, 407.0, 219.0
152, 654.0, 459.0
153, 599.0, 268.0
154, 377.0, 339.0
155, 212.0, 363.0
156, 619.0, 452.0
157, 374.0, 128.0
158, 454.0, 279.0
159, 697.0, 398.0
160, 260.0, 437.0
161, 195.0, 370.0
162, 367.0, 306.0
163, 131.0, 176.0
164, 361.0, 414.0
165, 181.0, 96.0
166, 574.0, 309.0
167, 370.0, 242.0
168, 550.0, 434.0
169, 244.0, 350.0
170, 560.0, 259.0
171, 593.0, 208.0
172, 436.0, 236.0
173, 360.0, 246.0
174, 163.0, 381.0
175, 399.0, 269.0
176, 377.0, 193.0
177, 48.0, 119.0
178, 345.0, 17.0
179, 259.0, 201.0
180, 563.0, 401.0
181, 589.0, 275.0
182, 579.0, 215.0
183, 616.0, 432.0
184, 675.0, 396.0
185, 353.0, 95.0
186, 654.0, 413.0
187, 335.0, 58.0
188, 303.0, 15.0
189, 620.0, 264.0
190, 406.0, 386.0
191, 484.0, 301.0
192, 146.0, 320.0
193, 413.0, 182.0
194, 334.0, 281.0
195, 168.0, 303.0
196, 556.0, 447.0
197, 106.0, 302.0
198, 572.0, 228.0
199, 396.0, 283.0
200, 261.0, 240.0
201, 217.0, 265.0
202, 215.0, 404.0
203, 100.0, 168.0
204, 361.0, 266.0
205, 202.0, 307.0
206, 464.0, 298.0
207, 544.0, 337.0
208, 244.0, 220.0
209, 563.0, 392.0
210, 460.0, 116.0
211, 596.0, 338.0
212, 233.0, 273.0
213, 392.0, 373.0
214, 293.0, 40.0
215, 413.0, 290.0
216, 474.0, 263.0
217, 180.0, 186.0
218, 561.0, 193.0
219, 466.0, 61.0
220, 550.0, 267.0
221, 51.0, 147.0
222, 262.0, 257.0
223, 538.0, 142.0
224, 211.0, 174.0
225, 711.0, 386.0
226, 248.0, 389.0
227, 208.0, 184.0
228, 151.0, 189.0
229, 369.0, 254.0
230, 148.0, 464.0
231, 314.0, 52.0
232, 63.0, 184.0
233, 435.0, 428.0
234, 573.0, 457.0
235, 45.0, 414.0
236, 108.0, 314.0
237, 385.0, 155.0
238, 521.0, 247.0
239, 137.0, 470.0
240, 223.0, 209.0
241, 319.0, 368.0
242, 150.0, 144.0
243, 353.0, 147.0
244, 135.0, 236.0
245, 537.0, 332.0
246, 550.0, 228.0
247, 530.0, 290.0
248, 24.0, 141.0
249, 27.0, 432.0
250, 505.0, 322.0
251, 512.0, 123.0
252, 247.0, 245.0
253, 370.0, 178.0
254, 543.0, 235.0
255, 403.0, 209.0
256, 534.0, 256.0
257, 296.0, 335.0
258, 233.0, 398.0
259, 241.0, 308.0
260, 456.0, 90.0
261, 222.0, 289.0
262, 675.0, 414.0
263, 623.0, 140.0
264, 522.0, 328.0
265, 264.0, 301.0
266, 654.0, 440.0
267, 380.0, 119.0
268, 441.0, 204.0
269, 478.0, 322.0
270, 517.0, 322.0
271, 501.0, 396.0
272, 427.0, 219.0
273, 228.0, 244.0
274, 600.0, 303.0
275, 148.0, 281.0
276, 431.0, 186.0
277, 171.0, 423.0
278, 603.0, 462.0
279, 513.0, 190.0
280, 95.0, 157.0
281, 241.0, 20.0
282, 706.0, 403.0
283, 171.0, 198.0
284, 348.0, 34.0
285, 308.0, 309.0
286, 307.0, 337.0
287, 224.0, 318.0
288, 672.0, 436.0
289, 208.0, 344.0
290, 355.0, 52.0
291, 369.0, 361.0
292, 9.0, 412.0
293, 226.0, 184.0
294, 132.0, 166.0
295, 13.0, 350.0
296, 296.0, 324.0
297, 690.0, 414.0
298, 325.0, 95.0
299, 553.0, 205.0
300, 605.0, 281.0
301, 416.0, 163.0
302, 540.0, 123.0
303, 195.0, 212.0
304, 490.0, 122.0
305, 351.0, 120.0
306, 420.0, 233.0
307, 140.0, 433.0
308, 182.0, 128.0
309, 585.0, 308.0
310, 506.0, 229.0
311, 211.0, 354.0
312, 196.0, 196.0
313, 431.0, 250.0
314, 131.0, 206.0
315, 550.0, 330.0
316, 240.0, 272.0
317, 170.0, 161.0
318, 280.0, 378.0
319, 594.0, 438.0
320, 601.0, 389.0
321, 366.0, 103.0
322, 625.0, 470.0
323, 244.0, 80.0
324, 400.0, 354.0
325, 733.0, 345.0
326, 391.0, 174.0
327, 580.0, 285.0
328, 580.0, 297.0
329, 645.0, 395.0
330, 264.0, 373.0
331, 142.0, 214.0
332, 531.0, 348.0
333, 618.0, 351.0
334, 540.0, 396.0
335, 622.0, 225.0
336, 435.0, 167.0
337, 120.0, 129.0
338, 250.0, 401.0
339, 92.0, 453.0
340, 305.0, 264.0
341, 494.0, 307.0
342, 530.0, 301.0
343, 475.0, 400.0
344, 360.0, 215.0
345, 466.0, 253.0
346, 376.0, 227.0
347, 736.0, 417.0
348, 245.0, 462.0
349, 436.0, 293.0
350, 101.0, 433.0
351, 109.0, 427.0
352, 340.0, 149.0
353, 389.0, 148.0
354, 387.0, 305.0
355, 36.0, 420.0
356, 456.0, 291.0
357, 611.0, 212.0
358, 487.0, 263.0
359, 351.0, 402.0
360, 458.0, 178.0
361, 612.0, 441.0
362, 185.0, 286.0
363, 506.0, 454.0
364, 261.0, 230.0
365, 398.0, 200.0
366, 358.0, 397.0
367, 607.0, 450.0
368, 214.0, 201.0
369, 453.0, 342.0
370, 598.0, 293.0
371, 83.0, 370.0
372, 379.0, 290.0
373, 247.0, 8.0
374, 624.0, 441.0
375, 490.0, 237.0
376, 725.0, 463.0
377, 77.0, 420.0
378, 565.0, 466.0
379, 349.0, 250.0
380, 313.0, 266.0
381, 168.0, 447.0
382, 373.0, 430.0
383, 131.0, 143.0
384, 541.0, 310.0
385, 34.0, 147.0
386, 445.0, 222.0
387, 450.0, 242.0
388, 489.0, 286.0
389, 463.0, 234.0
390, 177.0, 440.0
391, 573.0, 266.0
392, 110.0, 469.0
393, 173.0, 214.0
394, 420.0, 253.0
395, 221.0, 130.0
396, 369.0, 147.0
397, 368.0, 230.0
398, 633.0, 278.0
399, 650.0, 250.0
400, 323.0, 311.0
401, 479.0, 295.0
402, 208.0, 452.0
403, 103.0, 197.0
404, 65.0, 427.0
405, 443.0, 191.0
406, 372.0, 266.0
407, 204.0, 246.0
408, 397.0, 295.0
409, 444.0, 215.0
410, 493.0, 231.0
411, 98.0, 239.0
412, 59.0, 119.0
413, 60.0, 162.0
414, 564.0, 431.0
415, 483.0, 336.0
416, 184.0, 431.0
417, 333.0, 121.0
418, 310.0, 41.0
419, 373.0, 95.0
420, 613.0, 286.0
421, 25.0, 388.0
422, 716.0, 338.0
423, 401.0, 179.0
424, 356.0, 156.0
425, 182.0, 160.0
426, 349.0, 181.0
427, 154.0, 217.0
428, 466.0, 433.0
429, 743.0, 376.0
430, 364.0, 66.0
431, 414.0, 212.0
432, 493.0, 448.0
433, 639.0, 378.0
434, 739.0, 436.0
435, 336.0, 72.0
436, 587.0, 435.0
437, 332.0, 291.0
438, 629.0, 394.0
439, 629.0, 237.0
440, 418.0, 414.0
441, 251.0, 37.0
442, 147.0, 246.0
443, 11.0, 206.0
444, 458.0, 459.0
445, 233.0, 165.0
446, 214.0, 195.0
447, 154.0, 179.0
448, 633.0, 266.0
449, 226.0, 173.0
450, 20.0, 404.0
451, 524.0, 312.0
452, 717.0, 322.0
453, 154.0, 131.0
454, 66.0, 308.0
455, 242.0, 166.0
456, 282.0, 471.0
457, 604.0, 471.0
458, 626.0, 374.0
459, 364.0, 191.0
460, 660.0, 221.0
461, 251.0, 266.0
462, 568.0, 249.0
463, 548.0, 418.0
464, 580.0, 438.0
465, 462.0, 264.0
466, 728.0, 438.0
467, 386.0, 240.0
468, 280.0, 258.0
469, 260.0, 186.0
470, 619.0, 370.0
471, 111.0, 268.0
472, 432.0, 469.0
473, 258.0, 164.0
474, 35.0, 339.0
475, 488.0, 251.0
476, 526.0, 262.0
477, 215.0, 321.0
478, 457.0, 209.0
479, 222.0, 278.0
480, 208.0, 167.0
481, 417.0, 246.0
482, 196.0, 259.0
483, 605.0, 311.0
484, 309.0, 300.0
485, 395.0, 185.0
486, 228.0, 219.0
487, 510.0, 148.0
488, 439.0, 148.0
489, 568.0, 327.0
490, 623.0, 245.0
491, 740.0, 333.0
492, 662.0, 418.0
493, 339.0, 33.0
494, 388.0, 384.0
495, 341.0, 44.0
496, 274.0, 39.0
497, 187.0, 381.0
498, 311.0, 284.0
499, 635.0, 413.0
