0, 115.0, 457.0
1, 190.0, 307.0
2, 316.0, 291.0
3, 199.0, 280.0
4, 183.0, 424.0
5, 295.0, 313.0
6, 196.0, 165.0
7, 677.0, 342.0
8, 301.0, 304.0
9, 189.0, 381.0
10, 98.0, 445.0
11, 228.0, 312.0
12, 333.0, 363.0
13, 157.0, 444.0
14, 294.0, 391.0
15, 72.0, 406.0
16, 472.0, 409.0
17, 218.0, 346.0
18, 90.0, 438.0
19, 591.0, 455.0
20, 107.0, 420.0
21, 153.0, 379.0
22, 273.0, 391.0
23, 220.0, 232.0
24, 124.0, 443.0
25, 169.0, 397.0
26, 313.0, 304.0
27, 442.0, 111.0
28, 165.0, 449.0
29, 196.0, 262.0
30, 211.0, 335.0
31, 205.0, 292.0
32, 170.0, 439.0
33, 173.0, 412.0
34, 144.0, 14.0
35, 298.0, 327.0
36, 694.0, 38.0
37, 683.0, 134.0
38, 210.0, 166.0
39, 229.0, 197.0
40, 252.0, 363.0
41, 285.0, 359.0
42, 226.0, 403.0
43, 140.0, 390.0
44, 596.0, 261.0
45, 43.0, 318.0
46, 114.0, 438.0
47, 565.0, 400.0
48, 181.0, 60.0
49, 277.0, 312.0
50, 735.0, 268.0
51, 152.0, 435.0
52, 161.0, 323.0
53, 230.0, 243.0
54, 146.0, 28.0
55, 357.0, 412.0
56, 242.0, 384.0
57, 322.0, 107.0
58, 643.0, 333.0
59, 204.0, 183.0
60, 260.0, 376.0
61, 74.0, 359.0
62, 221.0, 179.0
63, 629.0, 69.0
64, 671.0, 139.0
65, 423.0, 221.0
66, 271.0, 380.0
67, 21.0, 325.0
68, 221.0, 210.0
69, 288.0, 86.0
70, 315.0, 329.0
71, 219.0, 432.0
72, 148.0, 56.0
73, 208.0, 206.0
74, 299.0, 413.0
75, 179.0, 404.0
76, 127.0, 401.0
77, 230.0, 328.0
78, 337.0, 53.0
79, 182.0, 136.0
80, 656.0, 365.0
81, 331.0, 196.0
82, 223.0, 219.0
83, 21.0, 281.0
84, 375.0, 407.0
85, 303.0, 282.0
86, 507.0, 45.0
87, 187.0, 398.0
88, 91.0, 414.0
89, 114.0, 465.0
90, 289.0, 104.0
91, 638.0, 349.0
92, 11.0, 350.0
93, 345.0, 229.0
94, 340.0, 415.0
95, 337.0, 64.0
96, 232.0, 372.0
97, 115.0, 408.0
98, 405.0, 249.0
99, 22.0, 87.0
100, 285.0, 285.0
101, 174.0, 82.0
102, 343.0, 104.0
103, 424.0, 129.0
104, 103.0, 462.0
105, 287.0, 302.0
106, 160.0, 26.0
107, 176.0, 370.0
108, 332.0, 439.0
109, 213.0, 192.0
110, 47.0, 399.0
111, 230.0, 166.0
112, 663.0, 343.0
113, 279.0, 334.0
114, 363.0, 50.0
115, 515.0, 82.0
116, 296.0, 18.0
117, 661.0, 202.0
118, 363.0, 212.0
119, 175.0, 16.0
120, 106.0, 92.0
121, 177.0, 29.0
122, 131.0, 350.0
123, 183.0, 292.0
124, 199.0, 437.0
125, 75.0, 384.0
126, 89.0, 363.0
127, 194.0, 417.0
128, 63.0, 292.0
129, 247.0, 293.0
130, 337.0, 319.0
131, 536.0, 464.0
132, 712.0, 182.0
133, 679.0, 112.0
134, 148.0, 425.0
135, 406.0, 227.0
136, 240.0, 145.0
137, 389.0, 428.0
138, 258.0, 391.0
139, 576.0, 72.0
140, 570.0, 20.0
141, 653.0, 337.0
142, 698.0, 26.0
143, 12.0, 44.0
144, 408.0, 365.0
145, 707.0, 350.0
146, 178.0, 45.0
147, 337.0, 350.0
148, 252.0, 448.0
149, 12.0, 367.0
150, 30.0, 132.0
151, 681.0, 96.0
152, 595.0, 364.0
153, 685.0, 191.0
154, 111.0, 118.0
155, 540.0, 200.0
156, 100.0, 56.0
157, 622.0, 253.0
158, 20.0, 58.0
159, 731.0, 224.0
160, 423.0, 359.0
161, 250.0, 97.0
162, 608.0, 469.0
163, 369.0, 352.0
164, 161.0, 44.0
165, 479.0, 252.0
166, 410.0, 169.0
167, 511.0, 115.0
168, 10.0, 283.0
169, 102.0, 400.0
170, 137.0, 441.0
171, 13.0, 391.0
172, 160.0, 429.0
173, 84.0, 430.0
174, 335.0, 289.0
175, 39.0, 207.0
176, 125.0, 357.0
177, 500.0, 276.0
178, 424.0, 428.0
179, 578.0, 388.0
180, 459.0, 423.0
181, 690.0, 345.0
182, 414.0, 105.0
183, 572.0, 106.0
184, 122.0, 429.0
185, 236.0, 218.0
186, 492.0, 250.0
187, 208.0, 222.0
188, 307.0, 376.0
189, 463.0, 433.0
190, 242.0, 352.0
191, 113.0, 132.0
192, 615.0, 261.0
193, 656.0, 120.0
194, 601.0, 338.0
195, 140.0, 396.0
196, 449.0, 70.0
197, 475.0, 61.0
198, 646.0, 139.0
199, 733.0, 98.0
200, 144.0, 448.0
201, 495.0, 440.0
202, 293.0, 211.0
203, 278.0, 419.0
204, 505.0, 265.0
205, 375.0, 158.0
206, 31.0, 277.0
207, 46.0, 353.0
208, 288.0, 54.0
209, 165.0, 340.0
210, 315.0, 412.0
211, 679.0, 216.0
212, 133.0, 413.0
213, 30.0, 114.0
214, 496.0, 93.0
215, 124.0, 395.0
216, 216.0, 312.0
217, 9.0, 404.0
218, 258.0, 188.0
219, 397.0, 435.0
220, 568.0, 275.0
221, 141.0, 469.0
222, 327.0, 299.0
223, 379.0, 82.0
224, 699.0, 182.0
225, 582.0, 61.0
226, 631.0, 370.0
227, 391.0, 116.0
228, 248.0, 397.0
229, 263.0, 248.0
230, 476.0, 384.0
231, 185.0, 167.0
232, 50.0, 271.0
233, 149.0, 452.0
234, 612.0, 27.0
235, 227.0, 362.0
236, 520.0, 129.0
237, 667.0, 263.0
238, 409.0, 446.0
239, 383.0, 218.0
240, 367.0, 343.0
241, 424.0, 58.0
242, 159.0, 412.0
243, 703.0, 106.0
244, 314.0, 279.0
245, 525.0, 96.0
246, 681.0, 309.0
247, 256.0, 403.0
248, 138.0, 453.0
249, 595.0, 103.0
250, 201.0, 340.0
251, 575.0, 88.0
252, 508.0, 163.0
253, 107.0, 448.0
254, 673.0, 52.0
255, 484.0, 273.0
256, 533.0, 40.0
257, 314.0, 212.0
258, 590.0, 130.0
259, 637.0, 83.0
260, 195.0, 249.0
261, 386.0, 419.0
262, 466.0, 379.0
263, 713.0, 205.0
264, 570.0, 116.0
265, 693.0, 48.0
266, 291.0, 137.0
267, 103.0, 71.0
268, 582.0, 445.0
269, 127.0, 418.0
270, 191.0, 411.0
271, 482.0, 130.0
272, 22.0, 68.0
273, 99.0, 433.0
274, 616.0, 361.0
275, 612.0, 291.0
276, 665.0, 325.0
277, 79.0, 141.0
278, 296.0, 31.0
279, 378.0, 424.0
280, 518.0, 48.0
281, 556.0, 102.0
282, 531.0, 50.0
283, 320.0, 281.0
284, 617.0, 346.0
285, 599.0, 350.0
286, 397.0, 145.0
287, 180.0, 415.0
288, 699.0, 346.0
289, 344.0, 209.0
290, 672.0, 65.0
291, 501.0, 428.0
292, 57.0, 406.0
293, 436.0, 346.0
294, 566.0, 43.0
295, 494.0, 123.0
296, 584.0, 153.0
297, 493.0, 111.0
298, 280.0, 292.0
299, 586.0, 426.0
300, 355.0, 329.0
301, 606.0, 53.0
302, 269.0, 290.0
303, 446.0, 366.0
304, 335.0, 122.0
305, 671.0, 77.0
306, 506.0, 404.0
307, 160.0, 459.0
308, 608.0, 286.0
309, 218.0, 150.0
310, 171.0, 360.0
311, 610.0, 62.0
312, 426.0, 45.0
313, 361.0, 115.0
314, 138.0, 419.0
315, 444.0, 252.0
316, 107.0, 433.0
317, 201.0, 309.0
318, 60.0, 351.0
319, 476.0, 238.0
320, 705.0, 93.0
321, 487.0, 409.0
322, 411.0, 131.0
323, 530.0, 59.0
324, 607.0, 308.0
325, 147.0, 406.0
326, 57.0, 258.0
327, 477.0, 39.0
328, 607.0, 75.0
329, 633.0, 191.0
330, 62.0, 371.0
331, 234.0, 39.0
332, 114.0, 423.0
333, 668.0, 151.0
334, 646.0, 82.0
335, 301.0, 248.0
336, 509.0, 96.0
337, 539.0, 103.0
338, 723.0, 87.0
339, 679.0, 15.0
340, 580.0, 21.0
341, 312.0, 375.0
342, 488.0, 375.0
343, 622.0, 471.0
344, 625.0, 317.0
345, 47.0, 364.0
346, 342.0, 159.0
347, 395.0, 47.0
348, 725.0, 267.0
349, 84.0, 347.0
350, 548.0, 367.0
351, 557.0, 462.0
352, 730.0, 203.0
353, 588.0, 398.0
354, 322.0, 460.0
355, 619.0, 162.0
356, 573.0, 97.0
357, 460.0, 237.0
358, 664.0, 367.0
359, 494.0, 101.0
360, 634.0, 362.0
361, 565.0, 439.0
362, 47.0, 293.0
363, 566.0, 145.0
364, 196.0, 321.0
365, 396.0, 229.0
366, 67.0, 414.0
367, 203.0, 319.0
368, 692.0, 96.0
369, 344.0, 179.0
370, 302.0, 265.0
371, 343.0, 125.0
372, 298.0, 212.0
373, 701.0, 320.0
374, 709.0, 429.0
375, 454.0, 423.0
376, 131.0, 468.0
377, 27.0, 404.0
378, 694.0, 135.0
379, 673.0, 125.0
380, 252.0, 152.0
381, 381.0, 341.0
382, 534.0, 243.0
383, 319.0, 249.0
384, 59.0, 272.0
385, 279.0, 144.0
386, 406.0, 193.0
387, 446.0, 348.0
388, 460.0, 81.0
389, 556.0, 153.0
390, 468.0, 426.0
391, 277.0, 113.0
392, 693.0, 249.0
393, 239.0, 153.0
394, 527.0, 85.0
395, 336.0, 283.0
396, 616.0, 422.0
397, 576.0, 219.0
398, 188.0, 251.0
399, 462.0, 214.0
400, 52.0, 367.0
401, 154.0, 463.0
402, 242.0, 217.0
403, 570.0, 126.0
404, 726.0, 76.0
405, 700.0, 151.0
406, 162.0, 419.0
407, 212.0, 306.0
408, 191.0, 328.0
409, 125.0, 453.0
410, 336.0, 273.0
411, 484.0, 387.0
412, 533.0, 127.0
413, 612.0, 369.0
414, 623.0, 333.0
415, 290.0, 95.0
416, 40.0, 179.0
417, 595.0, 431.0
418, 648.0, 70.0
419, 490.0, 74.0
420, 41.0, 275.0
421, 515.0, 376.0
422, 340.0, 295.0
423, 502.0, 66.0
424, 732.0, 193.0
425, 699.0, 14.0
426, 178.0, 34.0
427, 601.0, 384.0
428, 592.0, 379.0
429, 112.0, 447.0
430, 255.0, 169.0
431, 271.0, 67.0
432, 583.0, 369.0
433, 560.0, 134.0
434, 658.0, 98.0
435, 237.0, 344.0
436, 312.0, 164.0
437, 466.0, 392.0
438, 680.0, 34.0
439, 367.0, 368.0
440, 582.0, 49.0
441, 484.0, 92.0
442, 270.0, 274.0
443, 362.0, 100.0
444, 302.0, 374.0
445, 320.0, 27.0
446, 310.0, 413.0
447, 408.0, 121.0
448, 269.0, 8.0
449, 94.0, 465.0
450, 412.0, 147.0
451, 487.0, 300.0
452, 683.0, 242.0
453, 562.0, 171.0
454, 135.0, 433.0
455, 672.0, 305.0
456, 270.0, 190.0
457, 550.0, 102.0
458, 644.0, 371.0
459, 367.0, 338.0
460, 106.0, 385.0
461, 467.0, 357.0
462, 613.0, 434.0
463, 234.0, 290.0
464, 509.0, 242.0
465, 489.0, 201.0
466, 559.0, 180.0
467, 483.0, 113.0
468, 150.0, 139.0
469, 674.0, 418.0
470, 690.0, 149.0
471, 154.0, 339.0
472, 534.0, 29.0
473, 298.0, 48.0
474, 160.0, 424.0
475, 693.0, 200.0
476, 594.0, 153.0
477, 462.0, 401.0
478, 629.0, 154.0
479, 626.0, 322.0
480, 650.0, 203.0
481, 395.0, 217.0
482, 425.0, 50.0
483, 273.0, 33.0
484, 202.0, 301.0
485, 138.0, 410.0
486, 344.0, 272.0
487, 352.0, 116.0
488, 416.0, 212.0
489, 586.0, 379.0
490, 291.0, 407.0
491, 559.0, 97.0
492, 716.0, 45.0
493, 478.0, 430.0
494, 543.0, 66.0
495, 617.0, 292.0
496, 487.0, 311.0
497, 367.0, 202.0
498, 698.0, 351.0
499, 286.0, 34.0
