0, 229.0, 18.0
1, 704.0, 20.0
2, 26.0, 30.0
3, 16.0, 31.0
4, 582.0, 55.0
5, 689.0, 61.0
6, 694.0, 62.0
7, 631.0, 72.0
8, 32.0, 86.0
9, 23.0, 87.0
10, 681.0, 88.0
11, 690.0, 89.0
12, 677.0, 111.0
13, 49.0, 131.0
14, 38.0, 133.0
15, 115.0, 140.0
16, 51.0, 142.0
17, 76.0, 142.0
18, 274.0, 144.0
19, 676.0, 151.0
20, 666.0, 152.0
21, 169.0, 154.0
22, 212.0, 159.0
23, 249.0, 162.0
24, 420.0, 162.0
25, 54.0, 163.0
26, 657.0, 163.0
27, 250.0, 167.0
28, 672.0, 169.0
29, 694.0, 170.0
30, 123.0, 171.0
31, 164.0, 171.0
32, 181.0, 173.0
33, 619.0, 173.0
34, 186.0, 175.0
35, 58.0, 178.0
36, 191.0, 178.0
37, 86.0, 180.0
38, 420.0, 183.0
39, 89.0, 189.0
40, 668.0, 190.0
41, 311.0, 191.0
42, 346.0, 191.0
43, 298.0, 192.0
44, 690.0, 192.0
45, 107.0, 195.0
46, 326.0, 195.0
47, 63.0, 196.0
48, 266.0, 196.0
49, 90.0, 200.0
50, 107.0, 205.0
51, 420.0, 206.0
52, 33.0, 207.0
53, 205.0, 208.0
54, 649.0, 211.0
55, 662.0, 211.0
56, 339.0, 213.0
57, 613.0, 213.0
58, 108.0, 214.0
59, 215.0, 214.0
60, 694.0, 214.0
61, 96.0, 215.0
62, 654.0, 215.0
63, 709.0, 215.0
64, 649.0, 216.0
65, 13.0, 218.0
66, 85.0, 218.0
67, 648.0, 221.0
68, 604.0, 222.0
69, 30.0, 223.0
70, 35.0, 223.0
71, 71.0, 225.0
72, 420.0, 225.0
73, 60.0, 226.0
74, 105.0, 226.0
75, 579.0, 227.0
76, 25.0, 230.0
77, 48.0, 230.0
78, 611.0, 230.0
79, 74.0, 235.0
80, 108.0, 236.0
81, 265.0, 236.0
82, 278.0, 236.0
83, 655.0, 236.0
84, 256.0, 238.0
85, 332.0, 239.0
86, 62.0, 241.0
87, 574.0, 241.0
88, 585.0, 242.0
89, 138.0, 243.0
90, 53.0, 247.0
91, 287.0, 251.0
92, 111.0, 252.0
93, 263.0, 253.0
94, 14.0, 255.0
95, 119.0, 255.0
96, 193.0, 256.0
97, 316.0, 256.0
98, 337.0, 256.0
99, 89.0, 257.0
100, 35.0, 261.0
101, 510.0, 264.0
102, 67.0, 265.0
103, 14.0, 268.0
104, 83.0, 269.0
105, 102.0, 271.0
106, 298.0, 271.0
107, 92.0, 273.0
108, 124.0, 275.0
109, 267.0, 276.0
110, 310.0, 277.0
111, 344.0, 277.0
112, 86.0, 279.0
113, 125.0, 282.0
114, 448.0, 282.0
115, 302.0, 283.0
116, 71.0, 284.0
117, 310.0, 285.0
118, 146.0, 287.0
119, 315.0, 287.0
120, 63.0, 288.0
121, 367.0, 288.0
122, 272.0, 289.0
123, 320.0, 289.0
124, 88.0, 290.0
125, 55.0, 291.0
126, 289.0, 291.0
127, 327.0, 292.0
128, 332.0, 292.0
129, 337.0, 292.0
130, 50.0, 293.0
131, 300.0, 293.0
132, 345.0, 293.0
133, 273.0, 294.0
134, 307.0, 295.0
135, 353.0, 295.0
136, 312.0, 296.0
137, 61.0, 297.0
138, 74.0, 297.0
139, 128.0, 298.0
140, 183.0, 298.0
141, 359.0, 298.0
142, 29.0, 299.0
143, 320.0, 299.0
144, 368.0, 299.0
145, 91.0, 300.0
146, 202.0, 300.0
147, 280.0, 300.0
148, 328.0, 301.0
149, 333.0, 301.0
150, 376.0, 301.0
151, 45.0, 302.0
152, 269.0, 302.0
153, 286.0, 302.0
154, 34.0, 303.0
155, 384.0, 303.0
156, 219.0, 304.0
157, 255.0, 304.0
158, 293.0, 304.0
159, 342.0, 304.0
160, 392.0, 305.0
161, 65.0, 306.0
162, 300.0, 306.0
163, 335.0, 306.0
164, 84.0, 307.0
165, 351.0, 307.0
166, 401.0, 307.0
167, 308.0, 309.0
168, 359.0, 309.0
169, 94.0, 310.0
170, 315.0, 310.0
171, 409.0, 310.0
172, 637.0, 310.0
173, 131.0, 311.0
174, 151.0, 311.0
175, 368.0, 311.0
176, 51.0, 312.0
177, 323.0, 312.0
178, 418.0, 312.0
179, 29.0, 313.0
180, 376.0, 313.0
181, 428.0, 314.0
182, 81.0, 315.0
183, 216.0, 315.0
184, 331.0, 315.0
185, 349.0, 315.0
186, 359.0, 316.0
187, 385.0, 316.0
188, 339.0, 317.0
189, 438.0, 317.0
190, 64.0, 318.0
191, 394.0, 318.0
192, 608.0, 318.0
193, 109.0, 319.0
194, 447.0, 319.0
195, 74.0, 320.0
196, 128.0, 320.0
197, 348.0, 320.0
198, 403.0, 320.0
199, 620.0, 320.0
200, 233.0, 321.0
201, 457.0, 321.0
202, 356.0, 322.0
203, 413.0, 323.0
204, 467.0, 323.0
205, 365.0, 324.0
206, 38.0, 325.0
207, 154.0, 325.0
208, 244.0, 325.0
209, 422.0, 325.0
210, 279.0, 326.0
211, 477.0, 326.0
212, 221.0, 327.0
213, 374.0, 327.0
214, 432.0, 327.0
215, 252.0, 328.0
216, 488.0, 329.0
217, 198.0, 330.0
218, 384.0, 330.0
219, 442.0, 330.0
220, 262.0, 331.0
221, 498.0, 331.0
222, 234.0, 332.0
223, 393.0, 332.0
224, 452.0, 332.0
225, 270.0, 333.0
226, 462.0, 334.0
227, 510.0, 334.0
228, 32.0, 335.0
229, 212.0, 335.0
230, 403.0, 335.0
231, 104.0, 336.0
232, 181.0, 336.0
233, 243.0, 336.0
234, 413.0, 337.0
235, 473.0, 337.0
236, 521.0, 337.0
237, 254.0, 338.0
238, 483.0, 339.0
239, 156.0, 340.0
240, 533.0, 340.0
241, 230.0, 341.0
242, 423.0, 341.0
243, 445.0, 341.0
244, 494.0, 342.0
245, 193.0, 343.0
246, 263.0, 343.0
247, 500.0, 343.0
248, 546.0, 343.0
249, 201.0, 344.0
250, 434.0, 344.0
251, 456.0, 344.0
252, 505.0, 344.0
253, 31.0, 346.0
254, 558.0, 346.0
255, 510.0, 347.0
256, 211.0, 348.0
257, 249.0, 348.0
258, 444.0, 348.0
259, 466.0, 348.0
260, 515.0, 348.0
261, 163.0, 349.0
262, 571.0, 349.0
263, 639.0, 349.0
264, 520.0, 350.0
265, 477.0, 351.0
266, 529.0, 351.0
267, 219.0, 352.0
268, 183.0, 353.0
269, 188.0, 353.0
270, 534.0, 353.0
271, 582.0, 353.0
272, 264.0, 354.0
273, 489.0, 354.0
274, 543.0, 354.0
275, 54.0, 355.0
276, 114.0, 355.0
277, 78.0, 356.0
278, 197.0, 356.0
279, 548.0, 356.0
280, 45.0, 357.0
281, 153.0, 357.0
282, 553.0, 357.0
283, 501.0, 358.0
284, 212.0, 359.0
285, 273.0, 359.0
286, 560.0, 359.0
287, 165.0, 360.0
288, 285.0, 360.0
289, 32.0, 361.0
290, 69.0, 361.0
291, 141.0, 361.0
292, 514.0, 361.0
293, 575.0, 362.0
294, 527.0, 364.0
295, 59.0, 365.0
296, 132.0, 365.0
297, 88.0, 367.0
298, 47.0, 368.0
299, 541.0, 368.0
300, 535.0, 370.0
301, 554.0, 371.0
302, 149.0, 372.0
303, 567.0, 372.0
304, 584.0, 372.0
305, 72.0, 375.0
306, 592.0, 375.0
307, 116.0, 376.0
308, 255.0, 377.0
309, 279.0, 377.0
310, 62.0, 378.0
311, 562.0, 378.0
312, 105.0, 379.0
313, 161.0, 379.0
314, 555.0, 379.0
315, 29.0, 381.0
316, 133.0, 381.0
317, 274.0, 381.0
318, 575.0, 381.0
319, 581.0, 381.0
320, 281.0, 382.0
321, 54.0, 384.0
322, 122.0, 389.0
323, 105.0, 390.0
324, 279.0, 393.0
325, 78.0, 396.0
326, 137.0, 396.0
327, 39.0, 398.0
328, 116.0, 403.0
329, 576.0, 404.0
330, 55.0, 405.0
331, 123.0, 407.0
332, 108.0, 410.0
333, 290.0, 411.0
334, 41.0, 412.0
335, 584.0, 412.0
336, 30.0, 414.0
337, 302.0, 414.0
338, 112.0, 415.0
339, 308.0, 417.0
340, 42.0, 420.0
341, 57.0, 421.0
342, 316.0, 421.0
343, 84.0, 423.0
344, 322.0, 423.0
345, 329.0, 425.0
346, 337.0, 430.0
347, 344.0, 433.0
348, 352.0, 436.0
349, 360.0, 440.0
350, 368.0, 443.0
351, 31.0, 445.0
352, 376.0, 447.0
353, 51.0, 448.0
354, 384.0, 451.0
355, 608.0, 451.0
356, 393.0, 454.0
357, 34.0, 455.0
358, 93.0, 457.0
359, 401.0, 458.0
360, 438.0, 461.0
361, 410.0, 462.0
362, 33.0, 463.0
363, 428.0, 463.0
364, 57.0, 465.0
365, 419.0, 466.0
366, 448.0, 466.0
367, 70.0, 468.0
368, 439.0, 471.0
