0, 448.0, 8.0
1, 583.0, 9.0
2, 636.0, 10.0
3, 651.0, 10.0
4, 434.0, 23.0
5, 446.0, 24.0
6, 642.0, 25.0
7, 654.0, 25.0
8, 251.0, 35.0
9, 447.0, 36.0
10, 561.0, 37.0
11, 556.0, 38.0
12, 589.0, 40.0
13, 590.0, 70.0
14, 606.0, 74.0
15, 614.0, 74.0
16, 436.0, 75.0
17, 443.0, 79.0
18, 436.0, 80.0
19, 614.0, 83.0
20, 619.0, 84.0
21, 624.0, 84.0
22, 629.0, 85.0
23, 641.0, 85.0
24, 443.0, 90.0
25, 472.0, 91.0
26, 489.0, 91.0
27, 495.0, 92.0
28, 523.0, 92.0
29, 542.0, 93.0
30, 566.0, 93.0
31, 587.0, 93.0
32, 620.0, 106.0
33, 628.0, 106.0
34, 442.0, 113.0
35, 462.0, 114.0
36, 540.0, 115.0
37, 736.0, 118.0
38, 430.0, 121.0
39, 631.0, 125.0
40, 632.0, 130.0
41, 507.0, 136.0
42, 404.0, 137.0
43, 430.0, 138.0
44, 513.0, 138.0
45, 440.0, 139.0
46, 632.0, 140.0
47, 641.0, 142.0
48, 531.0, 147.0
49, 728.0, 149.0
50, 733.0, 150.0
51, 739.0, 151.0
52, 374.0, 154.0
53, 402.0, 154.0
54, 326.0, 198.0
55, 425.0, 210.0
56, 434.0, 212.0
57, 408.0, 225.0
58, 422.0, 226.0
59, 264.0, 233.0
60, 421.0, 245.0
61, 436.0, 247.0
62, 131.0, 252.0
63, 163.0, 264.0
64, 173.0, 265.0
65, 137.0, 277.0
66, 150.0, 277.0
67, 203.0, 277.0
68, 68.0, 278.0
69, 126.0, 278.0
70, 180.0, 278.0
71, 192.0, 278.0
72, 214.0, 278.0
73, 219.0, 278.0
74, 235.0, 278.0
75, 246.0, 278.0
76, 256.0, 278.0
77, 267.0, 278.0
78, 278.0, 278.0
79, 289.0, 278.0
80, 299.0, 278.0
81, 310.0, 278.0
82, 321.0, 278.0
83, 169.0, 279.0
84, 224.0, 279.0
85, 332.0, 279.0
86, 342.0, 279.0
87, 347.0, 279.0
88, 352.0, 279.0
89, 364.0, 279.0
90, 374.0, 279.0
91, 385.0, 279.0
92, 132.0, 288.0
93, 167.0, 288.0
94, 177.0, 288.0
95, 189.0, 288.0
96, 199.0, 288.0
97, 210.0, 288.0
98, 229.0, 288.0
99, 387.0, 288.0
100, 48.0, 289.0
101, 238.0, 289.0
102, 251.0, 289.0
103, 262.0, 289.0
104, 268.0, 289.0
105, 273.0, 289.0
106, 285.0, 289.0
107, 295.0, 289.0
108, 300.0, 289.0
109, 308.0, 289.0
110, 319.0, 289.0
111, 324.0, 289.0
112, 330.0, 289.0
113, 342.0, 289.0
114, 348.0, 289.0
115, 354.0, 289.0
116, 359.0, 289.0
117, 366.0, 289.0
118, 375.0, 289.0
119, 380.0, 289.0
120, 31.0, 291.0
121, 398.0, 294.0
122, 15.0, 295.0
123, 407.0, 295.0
124, 20.0, 297.0
125, 25.0, 301.0
126, 47.0, 302.0
127, 52.0, 302.0
128, 59.0, 302.0
129, 64.0, 302.0
130, 74.0, 302.0
131, 86.0, 302.0
132, 99.0, 302.0
133, 107.0, 302.0
134, 112.0, 302.0
135, 121.0, 302.0
136, 126.0, 302.0
137, 131.0, 302.0
138, 138.0, 302.0
139, 152.0, 302.0
140, 165.0, 302.0
141, 175.0, 302.0
142, 180.0, 302.0
143, 189.0, 302.0
144, 195.0, 302.0
145, 200.0, 302.0
146, 210.0, 302.0
147, 227.0, 302.0
148, 239.0, 302.0
149, 251.0, 302.0
150, 275.0, 302.0
151, 311.0, 302.0
152, 371.0, 302.0
153, 381.0, 302.0
154, 34.0, 303.0
155, 147.0, 303.0
156, 160.0, 303.0
157, 246.0, 303.0
158, 259.0, 303.0
159, 264.0, 303.0
160, 270.0, 303.0
161, 280.0, 303.0
162, 292.0, 303.0
163, 352.0, 303.0
164, 376.0, 303.0
165, 316.0, 304.0
166, 328.0, 304.0
167, 340.0, 304.0
168, 365.0, 304.0
169, 389.0, 304.0
170, 34.0, 308.0
171, 8.0, 309.0
172, 9.0, 314.0
173, 401.0, 332.0
174, 41.0, 344.0
175, 727.0, 344.0
176, 36.0, 345.0
177, 737.0, 348.0
178, 416.0, 349.0
179, 425.0, 350.0
180, 20.0, 358.0
181, 461.0, 377.0
182, 10.0, 379.0
183, 523.0, 380.0
184, 466.0, 381.0
185, 49.0, 388.0
186, 44.0, 390.0
187, 39.0, 391.0
188, 31.0, 393.0
189, 44.0, 416.0
190, 62.0, 420.0
191, 51.0, 423.0
192, 713.0, 427.0
193, 363.0, 429.0
194, 47.0, 430.0
195, 358.0, 430.0
196, 277.0, 431.0
197, 352.0, 431.0
198, 374.0, 431.0
199, 69.0, 432.0
200, 724.0, 432.0
201, 288.0, 433.0
202, 331.0, 433.0
203, 412.0, 434.0
204, 423.0, 436.0
205, 48.0, 437.0
206, 309.0, 437.0
207, 320.0, 437.0
208, 343.0, 437.0
209, 386.0, 437.0
210, 266.0, 438.0
211, 333.0, 440.0
212, 729.0, 440.0
213, 349.0, 443.0
214, 296.0, 444.0
215, 369.0, 444.0
216, 139.0, 445.0
217, 731.0, 445.0
218, 128.0, 446.0
219, 234.0, 446.0
220, 246.0, 446.0
221, 257.0, 446.0
222, 95.0, 447.0
223, 117.0, 447.0
224, 150.0, 447.0
225, 158.0, 447.0
226, 169.0, 447.0
227, 180.0, 447.0
228, 190.0, 447.0
229, 202.0, 447.0
230, 213.0, 447.0
231, 223.0, 447.0
232, 145.0, 448.0
233, 342.0, 448.0
234, 111.0, 449.0
235, 736.0, 449.0
236, 65.0, 450.0
237, 88.0, 450.0
238, 334.0, 450.0
239, 132.0, 451.0
240, 68.0, 455.0
241, 280.0, 455.0
242, 299.0, 457.0
243, 363.0, 457.0
244, 264.0, 458.0
245, 313.0, 459.0
246, 408.0, 459.0
247, 324.0, 462.0
248, 340.0, 462.0
249, 383.0, 462.0
250, 256.0, 464.0
251, 399.0, 468.0
252, 719.0, 470.0
253, 247.0, 471.0
254, 287.0, 471.0
255, 303.0, 471.0
256, 341.0, 471.0
257, 714.0, 471.0
