0, 127.0, 348.0
1, 150.0, 401.0
2, 203.0, 166.0
3, 130.0, 377.0
4, 164.0, 395.0
5, 112.0, 340.0
6, 230.0, 291.0
7, 605.0, 232.0
8, 310.0, 329.0
9, 112.0, 353.0
10, 695.0, 387.0
11, 122.0, 399.0
12, 546.0, 290.0
13, 560.0, 249.0
14, 411.0, 180.0
15, 134.0, 393.0
16, 127.0, 443.0
17, 415.0, 273.0
18, 110.0, 329.0
19, 351.0, 282.0
20, 129.0, 362.0
21, 214.0, 165.0
22, 589.0, 400.0
23, 175.0, 174.0
24, 600.0, 256.0
25, 496.0, 215.0
26, 365.0, 68.0
27, 534.0, 283.0
28, 118.0, 381.0
29, 387.0, 268.0
30, 520.0, 185.0
31, 400.0, 270.0
32, 322.0, 331.0
33, 563.0, 199.0
34, 331.0, 341.0
35, 245.0, 275.0
36, 131.0, 469.0
37, 594.0, 210.0
38, 607.0, 408.0
39, 474.0, 327.0
40, 364.0, 261.0
41, 573.0, 186.0
42, 407.0, 394.0
43, 444.0, 283.0
44, 587.0, 410.0
45, 263.0, 414.0
46, 546.0, 209.0
47, 394.0, 379.0
48, 532.0, 295.0
49, 459.0, 291.0
50, 593.0, 313.0
51, 607.0, 393.0
52, 138.0, 347.0
53, 136.0, 287.0
54, 154.0, 417.0
55, 543.0, 177.0
56, 699.0, 376.0
57, 137.0, 413.0
58, 464.0, 226.0
59, 534.0, 189.0
60, 368.0, 109.0
61, 195.0, 302.0
62, 541.0, 325.0
63, 124.0, 283.0
64, 125.0, 419.0
65, 397.0, 286.0
66, 426.0, 218.0
67, 645.0, 375.0
68, 550.0, 259.0
69, 102.0, 206.0
70, 36.0, 150.0
71, 238.0, 290.0
72, 474.0, 318.0
73, 593.0, 381.0
74, 214.0, 374.0
75, 43.0, 40.0
76, 215.0, 229.0
77, 384.0, 277.0
78, 627.0, 375.0
79, 378.0, 209.0
80, 347.0, 335.0
81, 543.0, 311.0
82, 578.0, 299.0
83, 379.0, 344.0
84, 397.0, 212.0
85, 361.0, 234.0
86, 207.0, 344.0
87, 513.0, 223.0
88, 180.0, 284.0
89, 608.0, 213.0
90, 678.0, 446.0
91, 479.0, 209.0
92, 390.0, 198.0
93, 701.0, 448.0
94, 146.0, 290.0
95, 547.0, 243.0
96, 175.0, 339.0
97, 458.0, 259.0
98, 491.0, 226.0
99, 125.0, 336.0
100, 420.0, 185.0
101, 391.0, 404.0
102, 622.0, 433.0
103, 203.0, 194.0
104, 557.0, 278.0
105, 336.0, 325.0
106, 121.0, 220.0
107, 309.0, 349.0
108, 229.0, 280.0
109, 351.0, 69.0
110, 451.0, 281.0
111, 558.0, 181.0
112, 635.0, 434.0
113, 162.0, 302.0
114, 144.0, 215.0
115, 236.0, 222.0
116, 386.0, 241.0
117, 193.0, 257.0
118, 687.0, 400.0
119, 357.0, 354.0
120, 226.0, 215.0
121, 185.0, 376.0
122, 533.0, 206.0
123, 480.0, 221.0
124, 436.0, 86.0
125, 577.0, 203.0
126, 55.0, 12.0
127, 125.0, 233.0
128, 687.0, 380.0
129, 585.0, 283.0
130, 173.0, 209.0
131, 62.0, 40.0
132, 665.0, 401.0
133, 36.0, 12.0
134, 233.0, 316.0
135, 532.0, 219.0
136, 534.0, 130.0
137, 335.0, 279.0
138, 301.0, 61.0
139, 167.0, 404.0
140, 452.0, 189.0
141, 171.0, 355.0
142, 251.0, 455.0
143, 364.0, 283.0
144, 392.0, 417.0
145, 449.0, 232.0
146, 378.0, 388.0
147, 236.0, 269.0
148, 469.0, 410.0
149, 561.0, 290.0
150, 140.0, 436.0
151, 626.0, 423.0
152, 564.0, 443.0
153, 400.0, 299.0
154, 172.0, 428.0
155, 427.0, 252.0
156, 584.0, 122.0
157, 666.0, 449.0
158, 510.0, 289.0
159, 216.0, 178.0
160, 62.0, 215.0
161, 333.0, 366.0
162, 509.0, 181.0
163, 176.0, 115.0
164, 609.0, 379.0
165, 454.0, 110.0
166, 189.0, 293.0
167, 93.0, 212.0
168, 237.0, 352.0
169, 208.0, 297.0
170, 606.0, 471.0
171, 298.0, 347.0
172, 500.0, 177.0
173, 187.0, 456.0
174, 278.0, 303.0
175, 415.0, 289.0
176, 608.0, 420.0
177, 529.0, 173.0
178, 571.0, 334.0
179, 323.0, 378.0
180, 462.0, 268.0
181, 528.0, 395.0
182, 316.0, 366.0
183, 199.0, 402.0
184, 178.0, 405.0
185, 253.0, 329.0
186, 581.0, 383.0
187, 117.0, 366.0
188, 542.0, 226.0
189, 489.0, 301.0
190, 376.0, 193.0
191, 148.0, 385.0
192, 621.0, 120.0
193, 254.0, 345.0
194, 555.0, 301.0
195, 189.0, 439.0
196, 207.0, 221.0
197, 88.0, 330.0
198, 163.0, 222.0
199, 322.0, 24.0
200, 497.0, 197.0
201, 35.0, 180.0
202, 571.0, 266.0
203, 30.0, 110.0
204, 263.0, 270.0
205, 433.0, 164.0
206, 344.0, 276.0
207, 297.0, 41.0
208, 17.0, 387.0
209, 449.0, 298.0
210, 449.0, 85.0
211, 230.0, 179.0
212, 237.0, 302.0
213, 479.0, 194.0
214, 236.0, 278.0
215, 311.0, 341.0
216, 191.0, 403.0
217, 187.0, 235.0
218, 52.0, 447.0
219, 123.0, 325.0
220, 166.0, 328.0
221, 364.0, 195.0
222, 224.0, 262.0
223, 668.0, 373.0
224, 636.0, 196.0
225, 92.0, 185.0
226, 10.0, 406.0
227, 364.0, 248.0
228, 236.0, 417.0
229, 335.0, 126.0
230, 489.0, 239.0
231, 12.0, 431.0
232, 603.0, 326.0
233, 456.0, 173.0
234, 226.0, 21.0
235, 16.0, 448.0
236, 546.0, 392.0
237, 324.0, 321.0
238, 426.0, 241.0
239, 298.0, 336.0
240, 410.0, 161.0
241, 98.0, 195.0
242, 629.0, 445.0
243, 363.0, 209.0
244, 47.0, 150.0
245, 415.0, 256.0
246, 388.0, 157.0
247, 38.0, 24.0
248, 283.0, 51.0
249, 636.0, 464.0
250, 582.0, 454.0
251, 495.0, 255.0
252, 446.0, 218.0
253, 288.0, 25.0
254, 384.0, 179.0
255, 451.0, 418.0
256, 604.0, 290.0
257, 470.0, 382.0
258, 217.0, 191.0
259, 570.0, 395.0
260, 198.0, 391.0
261, 357.0, 100.0
262, 440.0, 433.0
263, 139.0, 264.0
264, 253.0, 419.0
265, 264.0, 315.0
266, 123.0, 204.0
267, 201.0, 205.0
268, 148.0, 344.0
269, 145.0, 307.0
270, 52.0, 178.0
271, 487.0, 268.0
272, 251.0, 407.0
273, 549.0, 218.0
274, 537.0, 258.0
275, 472.0, 340.0
276, 572.0, 426.0
277, 507.0, 112.0
278, 230.0, 34.0
279, 169.0, 191.0
280, 158.0, 369.0
281, 42.0, 455.0
282, 313.0, 274.0
283, 613.0, 457.0
284, 132.0, 271.0
285, 550.0, 195.0
286, 215.0, 382.0
287, 614.0, 197.0
288, 175.0, 448.0
289, 523.0, 228.0
290, 533.0, 237.0
291, 456.0, 53.0
292, 408.0, 241.0
293, 571.0, 385.0
294, 666.0, 429.0
295, 430.0, 183.0
296, 263.0, 455.0
297, 416.0, 236.0
298, 363.0, 185.0
299, 138.0, 170.0
300, 216.0, 471.0
301, 224.0, 151.0
302, 484.0, 114.0
303, 607.0, 268.0
304, 571.0, 218.0
305, 368.0, 371.0
306, 158.0, 381.0
307, 200.0, 328.0
308, 445.0, 210.0
309, 437.0, 235.0
310, 218.0, 425.0
311, 591.0, 265.0
312, 724.0, 368.0
313, 604.0, 432.0
314, 87.0, 400.0
315, 175.0, 223.0
316, 710.0, 381.0
317, 35.0, 467.0
318, 176.0, 152.0
319, 247.0, 367.0
320, 400.0, 361.0
321, 555.0, 322.0
322, 727.0, 316.0
323, 684.0, 423.0
324, 441.0, 200.0
325, 183.0, 309.0
326, 335.0, 40.0
327, 535.0, 110.0
328, 240.0, 325.0
329, 482.0, 288.0
330, 415.0, 400.0
331, 418.0, 229.0
332, 536.0, 341.0
333, 54.0, 23.0
334, 364.0, 314.0
335, 621.0, 251.0
336, 544.0, 303.0
337, 649.0, 365.0
338, 47.0, 31.0
339, 146.0, 204.0
340, 345.0, 127.0
341, 618.0, 444.0
342, 282.0, 394.0
343, 527.0, 322.0
344, 212.0, 286.0
345, 330.0, 23.0
346, 220.0, 308.0
347, 199.0, 268.0
348, 479.0, 421.0
349, 307.0, 81.0
350, 626.0, 338.0
351, 368.0, 406.0
352, 740.0, 447.0
353, 24.0, 174.0
354, 503.0, 231.0
355, 253.0, 175.0
356, 310.0, 319.0
357, 475.0, 399.0
358, 323.0, 65.0
359, 368.0, 273.0
360, 375.0, 441.0
361, 513.0, 455.0
362, 224.0, 337.0
363, 265.0, 388.0
364, 630.0, 221.0
365, 549.0, 329.0
366, 241.0, 254.0
367, 31.0, 422.0
368, 352.0, 223.0
369, 190.0, 217.0
370, 590.0, 296.0
371, 259.0, 52.0
372, 372.0, 150.0
373, 165.0, 238.0
374, 510.0, 301.0
375, 145.0, 460.0
376, 354.0, 414.0
377, 38.0, 374.0
378, 26.0, 440.0
379, 235.0, 22.0
380, 149.0, 242.0
381, 497.0, 293.0
382, 113.0, 295.0
383, 314.0, 104.0
384, 260.0, 244.0
385, 369.0, 424.0
386, 626.0, 197.0
387, 347.0, 78.0
388, 210.0, 364.0
389, 133.0, 243.0
390, 499.0, 450.0
391, 82.0, 452.0
392, 592.0, 194.0
393, 589.0, 433.0
394, 340.0, 58.0
395, 274.0, 129.0
396, 496.0, 311.0
397, 343.0, 101.0
398, 531.0, 267.0
399, 377.0, 133.0
400, 356.0, 153.0
401, 326.0, 79.0
402, 106.0, 464.0
403, 369.0, 170.0
404, 331.0, 157.0
405, 256.0, 362.0
406, 488.0, 252.0
407, 463.0, 301.0
408, 522.0, 270.0
409, 237.0, 239.0
410, 71.0, 459.0
411, 421.0, 411.0
412, 87.0, 206.0
413, 533.0, 321.0
414, 484.0, 335.0
415, 384.0, 312.0
416, 719.0, 386.0
417, 596.0, 429.0
418, 703.0, 398.0
419, 451.0, 269.0
420, 440.0, 247.0
421, 344.0, 188.0
422, 573.0, 464.0
423, 420.0, 423.0
424, 627.0, 386.0
425, 628.0, 360.0
426, 160.0, 186.0
427, 455.0, 344.0
428, 574.0, 256.0
429, 741.0, 397.0
430, 212.0, 150.0
431, 618.0, 270.0
432, 173.0, 183.0
433, 515.0, 174.0
434, 371.0, 125.0
435, 728.0, 299.0
436, 525.0, 254.0
437, 639.0, 261.0
438, 413.0, 249.0
439, 109.0, 157.0
440, 514.0, 245.0
441, 399.0, 391.0
442, 393.0, 182.0
443, 326.0, 39.0
444, 604.0, 444.0
445, 617.0, 467.0
446, 464.0, 237.0
447, 241.0, 259.0
448, 621.0, 210.0
449, 639.0, 382.0
450, 195.0, 244.0
451, 515.0, 314.0
452, 512.0, 281.0
453, 488.0, 186.0
454, 237.0, 52.0
455, 291.0, 311.0
456, 685.0, 436.0
457, 436.0, 296.0
458, 321.0, 131.0
459, 554.0, 419.0
460, 189.0, 332.0
461, 569.0, 255.0
462, 623.0, 452.0
463, 416.0, 153.0
464, 114.0, 457.0
465, 448.0, 248.0
466, 714.0, 470.0
467, 357.0, 274.0
468, 199.0, 187.0
469, 73.0, 334.0
470, 391.0, 389.0
471, 261.0, 253.0
472, 563.0, 461.0
473, 123.0, 194.0
474, 348.0, 255.0
475, 257.0, 212.0
476, 142.0, 157.0
477, 174.0, 471.0
478, 444.0, 291.0
479, 178.0, 261.0
480, 199.0, 149.0
481, 57.0, 194.0
482, 510.0, 318.0
483, 256.0, 199.0
484, 306.0, 273.0
485, 497.0, 281.0
486, 219.0, 203.0
487, 334.0, 300.0
488, 610.0, 299.0
489, 599.0, 199.0
490, 311.0, 296.0
491, 335.0, 139.0
492, 103.0, 228.0
493, 723.0, 463.0
494, 475.0, 300.0
495, 358.0, 423.0
496, 684.0, 462.0
497, 365.0, 132.0
498, 350.0, 153.0
499, 519.0, 262.0
