0, 334.0, 185.0
1, 289.0, 200.0
2, 539.0, 336.0
3, 526.0, 255.0
4, 509.0, 342.0
5, 182.0, 180.0
6, 566.0, 431.0
7, 599.0, 443.0
8, 577.0, 235.0
9, 199.0, 199.0
10, 507.0, 88.0
11, 484.0, 48.0
12, 498.0, 271.0
13, 500.0, 201.0
14, 328.0, 204.0
15, 579.0, 144.0
16, 540.0, 245.0
17, 714.0, 303.0
18, 633.0, 343.0
19, 477.0, 245.0
20, 632.0, 311.0
21, 632.0, 288.0
22, 254.0, 188.0
23, 541.0, 222.0
24, 593.0, 144.0
25, 503.0, 183.0
26, 214.0, 245.0
27, 475.0, 262.0
28, 436.0, 316.0
29, 359.0, 197.0
30, 347.0, 448.0
31, 373.0, 199.0
32, 350.0, 470.0
33, 334.0, 195.0
34, 124.0, 280.0
35, 678.0, 225.0
36, 620.0, 455.0
37, 580.0, 457.0
38, 571.0, 411.0
39, 319.0, 202.0
40, 654.0, 240.0
41, 634.0, 369.0
42, 400.0, 75.0
43, 263.0, 270.0
44, 534.0, 357.0
45, 512.0, 326.0
46, 498.0, 210.0
47, 646.0, 395.0
48, 555.0, 406.0
49, 558.0, 446.0
50, 258.0, 240.0
51, 52.0, 307.0
52, 584.0, 189.0
53, 719.0, 281.0
54, 566.0, 134.0
55, 243.0, 285.0
56, 582.0, 298.0
57, 723.0, 408.0
58, 580.0, 471.0
59, 221.0, 237.0
60, 663.0, 458.0
61, 217.0, 223.0
62, 343.0, 80.0
63, 548.0, 269.0
64, 494.0, 246.0
65, 624.0, 331.0
66, 519.0, 89.0
67, 565.0, 465.0
68, 309.0, 206.0
69, 489.0, 333.0
70, 621.0, 446.0
71, 369.0, 271.0
72, 509.0, 269.0
73, 276.0, 290.0
74, 571.0, 260.0
75, 578.0, 222.0
76, 565.0, 191.0
77, 483.0, 206.0
78, 737.0, 431.0
79, 361.0, 323.0
80, 676.0, 236.0
81, 533.0, 277.0
82, 347.0, 209.0
83, 492.0, 309.0
84, 554.0, 136.0
85, 634.0, 408.0
86, 583.0, 263.0
87, 279.0, 203.0
88, 618.0, 154.0
89, 618.0, 428.0
90, 217.0, 196.0
91, 217.0, 212.0
92, 393.0, 173.0
93, 612.0, 444.0
94, 336.0, 214.0
95, 551.0, 426.0
96, 463.0, 43.0
97, 630.0, 386.0
98, 561.0, 252.0
99, 241.0, 230.0
100, 199.0, 214.0
101, 380.0, 276.0
102, 533.0, 468.0
103, 529.0, 246.0
104, 641.0, 438.0
105, 514.0, 204.0
106, 338.0, 462.0
107, 549.0, 207.0
108, 158.0, 174.0
109, 290.0, 250.0
110, 533.0, 227.0
111, 101.0, 300.0
112, 698.0, 228.0
113, 228.0, 250.0
114, 581.0, 212.0
115, 645.0, 299.0
116, 123.0, 189.0
117, 555.0, 365.0
118, 617.0, 186.0
119, 715.0, 395.0
120, 512.0, 384.0
121, 363.0, 80.0
122, 697.0, 400.0
123, 207.0, 168.0
124, 383.0, 43.0
125, 639.0, 326.0
126, 544.0, 471.0
127, 558.0, 324.0
128, 328.0, 322.0
129, 529.0, 111.0
130, 600.0, 231.0
131, 184.0, 170.0
132, 702.0, 237.0
133, 530.0, 185.0
134, 377.0, 173.0
135, 495.0, 233.0
136, 568.0, 286.0
137, 718.0, 420.0
138, 174.0, 117.0
139, 419.0, 325.0
140, 377.0, 137.0
141, 236.0, 244.0
142, 653.0, 430.0
143, 120.0, 216.0
144, 493.0, 294.0
145, 485.0, 66.0
146, 641.0, 238.0
147, 374.0, 210.0
148, 30.0, 302.0
149, 520.0, 432.0
150, 239.0, 203.0
151, 656.0, 407.0
152, 243.0, 252.0
153, 151.0, 210.0
154, 374.0, 285.0
155, 265.0, 194.0
156, 21.0, 294.0
157, 481.0, 219.0
158, 543.0, 111.0
159, 230.0, 174.0
160, 521.0, 274.0
161, 479.0, 425.0
162, 519.0, 240.0
163, 491.0, 267.0
164, 362.0, 117.0
165, 389.0, 269.0
166, 691.0, 240.0
167, 499.0, 68.0
168, 474.0, 280.0
169, 483.0, 368.0
170, 626.0, 301.0
171, 390.0, 214.0
172, 532.0, 214.0
173, 687.0, 253.0
174, 570.0, 228.0
175, 448.0, 293.0
176, 631.0, 216.0
177, 626.0, 431.0
178, 293.0, 213.0
179, 274.0, 262.0
180, 736.0, 301.0
181, 704.0, 270.0
182, 550.0, 279.0
183, 249.0, 170.0
184, 444.0, 451.0
185, 559.0, 210.0
186, 652.0, 371.0
187, 661.0, 435.0
188, 94.0, 294.0
189, 480.0, 229.0
190, 217.0, 254.0
191, 345.0, 174.0
192, 207.0, 177.0
193, 728.0, 263.0
194, 490.0, 320.0
195, 278.0, 278.0
196, 356.0, 333.0
197, 529.0, 205.0
198, 573.0, 250.0
199, 537.0, 260.0
200, 575.0, 245.0
201, 497.0, 99.0
202, 36.0, 312.0
203, 299.0, 238.0
204, 672.0, 462.0
205, 396.0, 464.0
206, 618.0, 225.0
207, 357.0, 210.0
208, 740.0, 270.0
209, 608.0, 420.0
210, 599.0, 195.0
211, 591.0, 158.0
212, 662.0, 357.0
213, 436.0, 67.0
214, 522.0, 19.0
215, 502.0, 257.0
216, 503.0, 446.0
217, 640.0, 201.0
218, 469.0, 72.0
219, 588.0, 248.0
220, 66.0, 303.0
221, 538.0, 444.0
222, 535.0, 102.0
223, 526.0, 344.0
224, 113.0, 193.0
225, 558.0, 335.0
226, 578.0, 162.0
227, 363.0, 239.0
228, 671.0, 90.0
229, 561.0, 165.0
230, 739.0, 382.0
231, 654.0, 344.0
232, 593.0, 238.0
233, 594.0, 463.0
234, 553.0, 453.0
235, 170.0, 206.0
236, 275.0, 218.0
237, 380.0, 86.0
238, 316.0, 80.0
239, 313.0, 171.0
240, 183.0, 202.0
241, 459.0, 121.0
242, 440.0, 464.0
243, 558.0, 242.0
244, 606.0, 122.0
245, 649.0, 156.0
246, 227.0, 165.0
247, 493.0, 58.0
248, 502.0, 221.0
249, 236.0, 256.0
250, 659.0, 339.0
251, 514.0, 29.0
252, 617.0, 380.0
253, 477.0, 303.0
254, 443.0, 369.0
255, 556.0, 349.0
256, 526.0, 390.0
257, 361.0, 175.0
258, 459.0, 308.0
259, 639.0, 392.0
260, 271.0, 249.0
261, 458.0, 439.0
262, 547.0, 402.0
263, 588.0, 444.0
264, 166.0, 118.0
265, 730.0, 233.0
266, 317.0, 123.0
267, 289.0, 391.0
268, 480.0, 468.0
269, 602.0, 373.0
270, 603.0, 306.0
271, 538.0, 139.0
272, 693.0, 389.0
273, 638.0, 256.0
274, 241.0, 268.0
275, 100.0, 285.0
276, 712.0, 229.0
277, 660.0, 206.0
278, 650.0, 352.0
279, 168.0, 172.0
280, 71.0, 319.0
281, 491.0, 259.0
282, 700.0, 301.0
283, 667.0, 244.0
284, 308.0, 184.0
285, 268.0, 370.0
286, 435.0, 362.0
287, 134.0, 193.0
288, 682.0, 459.0
289, 342.0, 334.0
290, 412.0, 309.0
291, 374.0, 329.0
292, 669.0, 283.0
293, 563.0, 312.0
294, 323.0, 211.0
295, 279.0, 327.0
296, 362.0, 132.0
297, 18.0, 238.0
298, 289.0, 189.0
299, 687.0, 468.0
300, 568.0, 298.0
301, 311.0, 191.0
302, 496.0, 284.0
303, 55.0, 293.0
304, 572.0, 454.0
305, 725.0, 334.0
306, 682.0, 211.0
307, 378.0, 430.0
308, 408.0, 442.0
309, 426.0, 325.0
310, 476.0, 254.0
311, 452.0, 49.0
312, 605.0, 363.0
313, 318.0, 143.0
314, 484.0, 352.0
315, 726.0, 251.0
316, 542.0, 210.0
317, 489.0, 88.0
318, 362.0, 142.0
319, 631.0, 227.0
320, 112.0, 295.0
321, 590.0, 328.0
322, 507.0, 414.0
323, 122.0, 292.0
324, 282.0, 187.0
325, 361.0, 165.0
326, 361.0, 187.0
327, 251.0, 196.0
328, 407.0, 448.0
329, 318.0, 158.0
330, 625.0, 360.0
331, 646.0, 213.0
332, 91.0, 310.0
333, 472.0, 49.0
334, 49.0, 300.0
335, 539.0, 200.0
336, 72.0, 310.0
337, 441.0, 458.0
338, 535.0, 205.0
339, 590.0, 363.0
340, 739.0, 333.0
341, 596.0, 253.0
342, 37.0, 295.0
343, 605.0, 456.0
344, 692.0, 324.0
345, 377.0, 317.0
346, 467.0, 307.0
347, 458.0, 300.0
348, 474.0, 56.0
349, 515.0, 457.0
350, 542.0, 305.0
351, 738.0, 288.0
352, 524.0, 205.0
353, 541.0, 310.0
354, 89.0, 284.0
355, 568.0, 211.0
356, 604.0, 187.0
357, 347.0, 190.0
358, 454.0, 44.0
359, 607.0, 241.0
360, 520.0, 420.0
361, 546.0, 354.0
362, 712.0, 252.0
363, 520.0, 114.0
364, 186.0, 141.0
365, 597.0, 429.0
366, 662.0, 259.0
367, 336.0, 326.0
368, 528.0, 222.0
369, 608.0, 326.0
370, 282.0, 352.0
371, 231.0, 304.0
372, 736.0, 219.0
373, 550.0, 340.0
374, 617.0, 354.0
375, 641.0, 218.0
376, 640.0, 386.0
377, 461.0, 288.0
378, 543.0, 325.0
379, 515.0, 211.0
380, 231.0, 434.0
381, 555.0, 188.0
382, 463.0, 63.0
383, 690.0, 209.0
384, 221.0, 246.0
385, 723.0, 217.0
386, 657.0, 91.0
387, 574.0, 276.0
388, 529.0, 97.0
389, 155.0, 201.0
390, 633.0, 322.0
391, 207.0, 209.0
392, 630.0, 240.0
393, 361.0, 160.0
394, 639.0, 272.0
395, 676.0, 347.0
396, 276.0, 285.0
397, 282.0, 332.0
398, 109.0, 161.0
399, 572.0, 167.0
400, 278.0, 110.0
401, 598.0, 304.0
402, 708.0, 295.0
403, 552.0, 231.0
404, 697.0, 254.0
405, 451.0, 225.0
406, 246.0, 160.0
407, 48.0, 231.0
408, 278.0, 213.0
409, 316.0, 105.0
410, 732.0, 276.0
411, 591.0, 428.0
412, 524.0, 267.0
413, 287.0, 260.0
414, 269.0, 244.0
415, 420.0, 304.0
416, 611.0, 335.0
417, 254.0, 418.0
418, 376.0, 435.0
419, 678.0, 264.0
420, 352.0, 327.0
421, 377.0, 298.0
422, 382.0, 425.0
423, 544.0, 298.0
424, 160.0, 209.0
425, 411.0, 437.0
426, 540.0, 205.0
427, 344.0, 236.0
428, 228.0, 211.0
429, 698.0, 320.0
430, 287.0, 276.0
431, 559.0, 218.0
432, 542.0, 422.0
433, 178.0, 203.0
434, 236.0, 21.0
435, 614.0, 436.0
436, 728.0, 319.0
437, 282.0, 182.0
438, 347.0, 195.0
439, 313.0, 182.0
440, 497.0, 256.0
441, 503.0, 439.0
442, 621.0, 247.0
443, 728.0, 217.0
444, 730.0, 336.0
445, 483.0, 360.0
446, 695.0, 272.0
447, 593.0, 468.0
448, 519.0, 263.0
449, 374.0, 187.0
450, 589.0, 323.0
451, 656.0, 156.0
452, 481.0, 400.0
453, 725.0, 429.0
454, 542.0, 315.0
455, 542.0, 320.0
456, 60.0, 316.0
457, 623.0, 242.0
458, 226.0, 419.0
459, 678.0, 329.0
460, 698.0, 314.0
461, 551.0, 245.0
462, 637.0, 305.0
463, 115.0, 287.0
464, 317.0, 30.0
465, 240.0, 263.0
466, 92.0, 70.0
467, 461.0, 447.0
468, 634.0, 354.0
469, 108.0, 335.0
470, 347.0, 201.0
471, 276.0, 192.0
472, 23.0, 237.0
473, 346.0, 30.0
474, 376.0, 324.0
475, 743.0, 220.0
476, 612.0, 409.0
477, 196.0, 176.0
478, 695.0, 210.0
479, 538.0, 439.0
480, 317.0, 152.0
481, 508.0, 409.0
482, 606.0, 434.0
483, 244.0, 169.0
484, 362.0, 137.0
485, 614.0, 343.0
486, 241.0, 258.0
487, 221.0, 165.0
488, 698.0, 283.0
489, 250.0, 201.0
490, 260.0, 200.0
491, 478.0, 128.0
492, 640.0, 261.0
493, 704.0, 216.0
494, 597.0, 453.0
495, 568.0, 303.0
496, 587.0, 147.0
497, 688.0, 225.0
498, 577.0, 271.0
499, 317.0, 128.0
