0, 428.0, 9.0
1, 130.0, 35.0
2, 130.0, 40.0
3, 285.0, 49.0
4, 30.0, 56.0
5, 237.0, 63.0
6, 743.0, 69.0
7, 345.0, 73.0
8, 710.0, 74.0
9, 119.0, 76.0
10, 133.0, 78.0
11, 602.0, 83.0
12, 601.0, 88.0
13, 270.0, 92.0
14, 599.0, 93.0
15, 255.0, 97.0
16, 242.0, 98.0
17, 519.0, 99.0
18, 134.0, 109.0
19, 13.0, 111.0
20, 697.0, 115.0
21, 732.0, 118.0
22, 413.0, 122.0
23, 421.0, 122.0
24, 596.0, 124.0
25, 16.0, 128.0
26, 452.0, 128.0
27, 15.0, 133.0
28, 136.0, 136.0
29, 574.0, 137.0
30, 12.0, 138.0
31, 727.0, 138.0
32, 146.0, 140.0
33, 520.0, 146.0
34, 690.0, 146.0
35, 327.0, 148.0
36, 240.0, 151.0
37, 250.0, 151.0
38, 690.0, 151.0
39, 263.0, 153.0
40, 722.0, 156.0
41, 346.0, 162.0
42, 165.0, 168.0
43, 407.0, 168.0
44, 133.0, 169.0
45, 426.0, 170.0
46, 461.0, 172.0
47, 127.0, 173.0
48, 133.0, 174.0
49, 138.0, 174.0
50, 434.0, 174.0
51, 20.0, 175.0
52, 716.0, 175.0
53, 683.0, 176.0
54, 461.0, 177.0
55, 586.0, 177.0
56, 384.0, 179.0
57, 405.0, 180.0
58, 415.0, 180.0
59, 129.0, 181.0
60, 138.0, 181.0
61, 215.0, 181.0
62, 682.0, 181.0
63, 220.0, 183.0
64, 379.0, 184.0
65, 409.0, 185.0
66, 468.0, 185.0
67, 323.0, 187.0
68, 426.0, 187.0
69, 443.0, 187.0
70, 713.0, 188.0
71, 381.0, 189.0
72, 186.0, 190.0
73, 397.0, 190.0
74, 414.0, 190.0
75, 475.0, 191.0
76, 682.0, 191.0
77, 447.0, 193.0
78, 130.0, 194.0
79, 138.0, 194.0
80, 369.0, 194.0
81, 176.0, 195.0
82, 463.0, 195.0
83, 480.0, 195.0
84, 166.0, 197.0
85, 202.0, 199.0
86, 182.0, 200.0
87, 187.0, 200.0
88, 220.0, 201.0
89, 23.0, 202.0
90, 384.0, 202.0
91, 453.0, 202.0
92, 254.0, 203.0
93, 431.0, 203.0
94, 677.0, 203.0
95, 137.0, 204.0
96, 299.0, 204.0
97, 583.0, 204.0
98, 708.0, 204.0
99, 272.0, 205.0
100, 286.0, 207.0
101, 675.0, 212.0
102, 385.0, 214.0
103, 51.0, 215.0
104, 61.0, 215.0
105, 398.0, 216.0
106, 291.0, 217.0
107, 704.0, 217.0
108, 96.0, 218.0
109, 303.0, 218.0
110, 419.0, 218.0
111, 350.0, 219.0
112, 69.0, 220.0
113, 446.0, 220.0
114, 452.0, 221.0
115, 30.0, 222.0
116, 396.0, 222.0
117, 557.0, 222.0
118, 80.0, 223.0
119, 306.0, 224.0
120, 383.0, 224.0
121, 513.0, 224.0
122, 640.0, 226.0
123, 667.0, 226.0
124, 10.0, 227.0
125, 449.0, 227.0
126, 652.0, 227.0
127, 578.0, 228.0
128, 701.0, 228.0
129, 67.0, 229.0
130, 424.0, 229.0
131, 347.0, 231.0
132, 399.0, 231.0
133, 567.0, 231.0
134, 299.0, 232.0
135, 333.0, 232.0
136, 452.0, 233.0
137, 384.0, 234.0
138, 509.0, 234.0
139, 44.0, 235.0
140, 460.0, 235.0
141, 465.0, 235.0
142, 471.0, 235.0
143, 484.0, 235.0
144, 531.0, 235.0
145, 555.0, 235.0
146, 489.0, 236.0
147, 545.0, 236.0
148, 35.0, 237.0
149, 421.0, 237.0
150, 494.0, 237.0
151, 501.0, 237.0
152, 519.0, 237.0
153, 83.0, 238.0
154, 427.0, 238.0
155, 432.0, 238.0
156, 651.0, 238.0
157, 72.0, 239.0
158, 443.0, 239.0
159, 411.0, 240.0
160, 567.0, 240.0
161, 697.0, 240.0
162, 716.0, 240.0
163, 448.0, 241.0
164, 589.0, 241.0
165, 612.0, 242.0
166, 641.0, 242.0
167, 664.0, 242.0
168, 20.0, 243.0
169, 60.0, 243.0
170, 633.0, 243.0
171, 8.0, 245.0
172, 687.0, 245.0
173, 696.0, 245.0
174, 201.0, 246.0
175, 577.0, 246.0
176, 84.0, 247.0
177, 89.0, 247.0
178, 596.0, 247.0
179, 736.0, 248.0
180, 36.0, 249.0
181, 44.0, 249.0
182, 336.0, 249.0
183, 77.0, 250.0
184, 375.0, 250.0
185, 439.0, 250.0
186, 659.0, 250.0
187, 54.0, 251.0
188, 606.0, 251.0
189, 399.0, 252.0
190, 419.0, 252.0
191, 641.0, 252.0
192, 13.0, 253.0
193, 24.0, 254.0
194, 195.0, 254.0
195, 227.0, 254.0
196, 240.0, 254.0
197, 594.0, 254.0
198, 206.0, 255.0
199, 335.0, 256.0
200, 447.0, 256.0
201, 616.0, 256.0
202, 564.0, 257.0
203, 678.0, 257.0
204, 183.0, 258.0
205, 586.0, 258.0
206, 630.0, 258.0
207, 638.0, 258.0
208, 657.0, 259.0
209, 218.0, 260.0
210, 429.0, 260.0
211, 201.0, 261.0
212, 439.0, 261.0
213, 615.0, 261.0
214, 178.0, 262.0
215, 397.0, 263.0
216, 187.0, 264.0
217, 339.0, 264.0
218, 392.0, 264.0
219, 212.0, 266.0
220, 231.0, 266.0
221, 675.0, 266.0
222, 363.0, 268.0
223, 654.0, 268.0
224, 688.0, 268.0
225, 164.0, 269.0
226, 454.0, 269.0
227, 582.0, 269.0
228, 171.0, 270.0
229, 387.0, 270.0
230, 562.0, 270.0
231, 592.0, 271.0
232, 660.0, 271.0
233, 231.0, 272.0
234, 613.0, 272.0
235, 250.0, 273.0
236, 445.0, 273.0
237, 627.0, 273.0
238, 674.0, 274.0
239, 400.0, 275.0
240, 549.0, 275.0
241, 378.0, 276.0
242, 388.0, 277.0
243, 587.0, 277.0
244, 432.0, 278.0
245, 644.0, 278.0
246, 446.0, 279.0
247, 240.0, 280.0
248, 549.0, 280.0
249, 624.0, 280.0
250, 162.0, 281.0
251, 220.0, 282.0
252, 400.0, 283.0
253, 410.0, 283.0
254, 168.0, 284.0
255, 249.0, 284.0
256, 388.0, 284.0
257, 681.0, 284.0
258, 236.0, 285.0
259, 657.0, 285.0
260, 220.0, 287.0
261, 449.0, 287.0
262, 161.0, 289.0
263, 242.0, 289.0
264, 342.0, 289.0
265, 436.0, 289.0
266, 225.0, 290.0
267, 155.0, 291.0
268, 188.0, 292.0
269, 219.0, 292.0
270, 253.0, 292.0
271, 167.0, 293.0
272, 472.0, 294.0
273, 647.0, 294.0
274, 377.0, 295.0
275, 218.0, 297.0
276, 390.0, 297.0
277, 396.0, 298.0
278, 672.0, 298.0
279, 236.0, 300.0
280, 335.0, 301.0
281, 249.0, 302.0
282, 446.0, 302.0
283, 439.0, 303.0
284, 223.0, 308.0
285, 672.0, 308.0
286, 211.0, 312.0
287, 164.0, 314.0
288, 533.0, 314.0
289, 683.0, 315.0
290, 692.0, 317.0
291, 227.0, 319.0
292, 408.0, 319.0
293, 515.0, 319.0
294, 236.0, 322.0
295, 675.0, 323.0
296, 218.0, 326.0
297, 144.0, 330.0
298, 468.0, 340.0
299, 597.0, 343.0
300, 611.0, 345.0
301, 213.0, 346.0
302, 314.0, 346.0
303, 643.0, 347.0
304, 669.0, 347.0
305, 682.0, 348.0
306, 443.0, 350.0
307, 312.0, 351.0
308, 652.0, 351.0
309, 650.0, 359.0
310, 663.0, 360.0
311, 392.0, 371.0
312, 651.0, 374.0
313, 373.0, 379.0
314, 643.0, 381.0
315, 351.0, 385.0
316, 632.0, 390.0
317, 644.0, 394.0
318, 333.0, 398.0
319, 635.0, 407.0
320, 603.0, 408.0
321, 346.0, 413.0
322, 215.0, 414.0
323, 338.0, 420.0
324, 582.0, 421.0
325, 603.0, 432.0
326, 638.0, 441.0
327, 213.0, 444.0
328, 573.0, 447.0
329, 351.0, 449.0
330, 581.0, 452.0
331, 615.0, 454.0
332, 187.0, 456.0
333, 236.0, 457.0
334, 241.0, 457.0
335, 365.0, 459.0
336, 257.0, 460.0
337, 569.0, 464.0
338, 622.0, 466.0
339, 387.0, 467.0
340, 563.0, 467.0
341, 631.0, 468.0
342, 575.0, 471.0
