0, 270.0, 8.0
1, 296.0, 8.0
2, 301.0, 8.0
3, 325.0, 8.0
4, 551.0, 8.0
5, 236.0, 11.0
6, 395.0, 14.0
7, 388.0, 17.0
8, 348.0, 20.0
9, 16.0, 21.0
10, 236.0, 29.0
11, 349.0, 37.0
12, 21.0, 41.0
13, 239.0, 46.0
14, 637.0, 50.0
15, 624.0, 53.0
16, 650.0, 53.0
17, 241.0, 56.0
18, 348.0, 61.0
19, 25.0, 63.0
20, 333.0, 66.0
21, 348.0, 66.0
22, 197.0, 67.0
23, 242.0, 69.0
24, 350.0, 76.0
25, 258.0, 77.0
26, 296.0, 82.0
27, 140.0, 85.0
28, 244.0, 87.0
29, 350.0, 92.0
30, 604.0, 93.0
31, 246.0, 102.0
32, 638.0, 105.0
33, 240.0, 111.0
34, 351.0, 111.0
35, 242.0, 116.0
36, 573.0, 116.0
37, 248.0, 117.0
38, 351.0, 119.0
39, 50.0, 121.0
40, 243.0, 121.0
41, 472.0, 122.0
42, 352.0, 124.0
43, 402.0, 125.0
44, 467.0, 125.0
45, 527.0, 127.0
46, 251.0, 131.0
47, 394.0, 131.0
48, 376.0, 133.0
49, 385.0, 133.0
50, 444.0, 134.0
51, 157.0, 135.0
52, 352.0, 137.0
53, 428.0, 140.0
54, 58.0, 142.0
55, 352.0, 142.0
56, 724.0, 142.0
57, 251.0, 143.0
58, 351.0, 148.0
59, 247.0, 150.0
60, 247.0, 155.0
61, 252.0, 155.0
62, 353.0, 155.0
63, 353.0, 160.0
64, 119.0, 164.0
65, 69.0, 165.0
66, 124.0, 165.0
67, 44.0, 166.0
68, 253.0, 167.0
69, 463.0, 167.0
70, 703.0, 167.0
71, 404.0, 169.0
72, 417.0, 169.0
73, 433.0, 172.0
74, 353.0, 175.0
75, 170.0, 182.0
76, 554.0, 182.0
77, 255.0, 183.0
78, 353.0, 183.0
79, 461.0, 186.0
80, 579.0, 188.0
81, 353.0, 190.0
82, 407.0, 192.0
83, 505.0, 192.0
84, 256.0, 195.0
85, 354.0, 197.0
86, 389.0, 202.0
87, 589.0, 205.0
88, 257.0, 206.0
89, 393.0, 207.0
90, 337.0, 208.0
91, 411.0, 208.0
92, 454.0, 208.0
93, 478.0, 208.0
94, 400.0, 209.0
95, 405.0, 209.0
96, 525.0, 209.0
97, 508.0, 210.0
98, 513.0, 210.0
99, 518.0, 210.0
100, 571.0, 210.0
101, 576.0, 211.0
102, 619.0, 211.0
103, 679.0, 213.0
104, 581.0, 214.0
105, 261.0, 215.0
106, 355.0, 215.0
107, 183.0, 216.0
108, 590.0, 216.0
109, 327.0, 218.0
110, 251.0, 221.0
111, 627.0, 221.0
112, 386.0, 224.0
113, 284.0, 226.0
114, 587.0, 226.0
115, 190.0, 229.0
116, 243.0, 229.0
117, 266.0, 232.0
118, 354.0, 233.0
119, 596.0, 233.0
120, 316.0, 234.0
121, 612.0, 235.0
122, 330.0, 236.0
123, 355.0, 238.0
124, 660.0, 238.0
125, 275.0, 239.0
126, 286.0, 239.0
127, 383.0, 239.0
128, 244.0, 240.0
129, 265.0, 240.0
130, 625.0, 240.0
131, 297.0, 242.0
132, 671.0, 242.0
133, 370.0, 245.0
134, 348.0, 246.0
135, 604.0, 247.0
136, 623.0, 247.0
137, 353.0, 248.0
138, 254.0, 249.0
139, 330.0, 250.0
140, 281.0, 251.0
141, 294.0, 251.0
142, 592.0, 251.0
143, 683.0, 251.0
144, 98.0, 252.0
145, 308.0, 252.0
146, 533.0, 252.0
147, 224.0, 253.0
148, 245.0, 253.0
149, 553.0, 253.0
150, 236.0, 254.0
151, 558.0, 254.0
152, 620.0, 255.0
153, 638.0, 256.0
154, 718.0, 256.0
155, 724.0, 256.0
156, 321.0, 257.0
157, 355.0, 259.0
158, 383.0, 260.0
159, 610.0, 260.0
160, 257.0, 261.0
161, 283.0, 261.0
162, 576.0, 261.0
163, 297.0, 263.0
164, 308.0, 263.0
165, 604.0, 264.0
166, 207.0, 265.0
167, 331.0, 265.0
168, 624.0, 265.0
169, 634.0, 265.0
170, 246.0, 266.0
171, 220.0, 267.0
172, 225.0, 269.0
173, 331.0, 270.0
174, 246.0, 271.0
175, 257.0, 271.0
176, 214.0, 273.0
177, 237.0, 273.0
178, 309.0, 273.0
179, 321.0, 273.0
180, 354.0, 273.0
181, 383.0, 274.0
182, 402.0, 274.0
183, 282.0, 275.0
184, 288.0, 275.0
185, 293.0, 275.0
186, 601.0, 275.0
187, 614.0, 275.0
188, 247.0, 276.0
189, 331.0, 276.0
190, 225.0, 281.0
191, 394.0, 281.0
192, 712.0, 281.0
193, 743.0, 281.0
194, 236.0, 282.0
195, 319.0, 282.0
196, 383.0, 282.0
197, 388.0, 282.0
198, 198.0, 283.0
199, 185.0, 284.0
200, 213.0, 284.0
201, 370.0, 285.0
202, 403.0, 286.0
203, 352.0, 287.0
204, 419.0, 287.0
205, 435.0, 287.0
206, 332.0, 289.0
207, 462.0, 290.0
208, 602.0, 290.0
209, 275.0, 291.0
210, 250.0, 292.0
211, 294.0, 292.0
212, 504.0, 293.0
213, 235.0, 294.0
214, 515.0, 294.0
215, 520.0, 294.0
216, 214.0, 295.0
217, 342.0, 295.0
218, 708.0, 296.0
219, 533.0, 297.0
220, 315.0, 299.0
221, 601.0, 299.0
222, 184.0, 300.0
223, 615.0, 300.0
224, 286.0, 301.0
225, 707.0, 301.0
226, 249.0, 302.0
227, 203.0, 306.0
228, 742.0, 306.0
229, 601.0, 307.0
230, 285.0, 308.0
231, 539.0, 309.0
232, 621.0, 309.0
233, 187.0, 310.0
234, 353.0, 310.0
235, 168.0, 311.0
236, 319.0, 311.0
237, 155.0, 312.0
238, 216.0, 312.0
239, 177.0, 314.0
240, 149.0, 316.0
241, 532.0, 317.0
242, 541.0, 318.0
243, 546.0, 319.0
244, 167.0, 320.0
245, 220.0, 322.0
246, 144.0, 323.0
247, 602.0, 323.0
248, 200.0, 325.0
249, 733.0, 326.0
250, 181.0, 327.0
251, 486.0, 328.0
252, 171.0, 330.0
253, 203.0, 330.0
254, 478.0, 332.0
255, 221.0, 334.0
256, 473.0, 334.0
257, 581.0, 334.0
258, 209.0, 335.0
259, 495.0, 335.0
260, 200.0, 336.0
261, 695.0, 338.0
262, 571.0, 339.0
263, 586.0, 340.0
264, 130.0, 342.0
265, 503.0, 342.0
266, 484.0, 343.0
267, 611.0, 343.0
268, 643.0, 344.0
269, 671.0, 345.0
270, 575.0, 347.0
271, 715.0, 347.0
272, 720.0, 348.0
273, 281.0, 349.0
274, 725.0, 350.0
275, 493.0, 351.0
276, 504.0, 351.0
277, 176.0, 352.0
278, 516.0, 352.0
279, 604.0, 352.0
280, 634.0, 352.0
281, 599.0, 353.0
282, 660.0, 353.0
283, 582.0, 354.0
284, 615.0, 357.0
285, 627.0, 357.0
286, 176.0, 358.0
287, 223.0, 359.0
288, 602.0, 359.0
289, 653.0, 359.0
290, 682.0, 359.0
291, 667.0, 360.0
292, 702.0, 361.0
293, 721.0, 361.0
294, 506.0, 362.0
295, 629.0, 362.0
296, 517.0, 363.0
297, 568.0, 363.0
298, 644.0, 363.0
299, 601.0, 364.0
300, 612.0, 364.0
301, 533.0, 365.0
302, 730.0, 365.0
303, 396.0, 366.0
304, 575.0, 366.0
305, 695.0, 367.0
306, 178.0, 370.0
307, 519.0, 371.0
308, 531.0, 374.0
309, 543.0, 374.0
310, 176.0, 375.0
311, 222.0, 376.0
312, 669.0, 376.0
313, 716.0, 376.0
314, 527.0, 379.0
315, 538.0, 379.0
316, 178.0, 380.0
317, 643.0, 380.0
318, 628.0, 381.0
319, 658.0, 381.0
320, 139.0, 383.0
321, 735.0, 383.0
322, 623.0, 384.0
323, 548.0, 385.0
324, 706.0, 385.0
325, 718.0, 385.0
326, 163.0, 386.0
327, 184.0, 386.0
328, 230.0, 386.0
329, 607.0, 388.0
330, 539.0, 389.0
331, 563.0, 389.0
332, 651.0, 389.0
333, 638.0, 390.0
334, 657.0, 391.0
335, 671.0, 392.0
336, 568.0, 393.0
337, 679.0, 393.0
338, 694.0, 393.0
339, 715.0, 393.0
340, 743.0, 393.0
341, 157.0, 394.0
342, 729.0, 394.0
343, 549.0, 395.0
344, 558.0, 395.0
345, 147.0, 398.0
346, 396.0, 398.0
347, 29.0, 399.0
348, 389.0, 399.0
349, 339.0, 400.0
350, 383.0, 400.0
351, 617.0, 402.0
352, 415.0, 403.0
353, 631.0, 403.0
354, 664.0, 403.0
355, 381.0, 405.0
356, 573.0, 405.0
357, 678.0, 406.0
358, 144.0, 407.0
359, 391.0, 407.0
360, 564.0, 409.0
361, 640.0, 409.0
362, 582.0, 410.0
363, 606.0, 411.0
364, 134.0, 412.0
365, 590.0, 412.0
366, 411.0, 414.0
367, 484.0, 415.0
368, 654.0, 415.0
369, 675.0, 415.0
370, 572.0, 416.0
371, 613.0, 416.0
372, 401.0, 417.0
373, 426.0, 417.0
374, 664.0, 417.0
375, 391.0, 418.0
376, 133.0, 421.0
377, 602.0, 421.0
378, 701.0, 421.0
379, 80.0, 423.0
380, 116.0, 423.0
381, 383.0, 425.0
382, 100.0, 426.0
383, 470.0, 426.0
384, 66.0, 427.0
385, 90.0, 427.0
386, 95.0, 427.0
387, 613.0, 428.0
388, 390.0, 429.0
389, 400.0, 429.0
390, 483.0, 429.0
391, 586.0, 429.0
392, 725.0, 429.0
393, 126.0, 430.0
394, 53.0, 431.0
395, 477.0, 432.0
396, 48.0, 433.0
397, 658.0, 433.0
398, 413.0, 435.0
399, 596.0, 436.0
400, 610.0, 437.0
401, 41.0, 438.0
402, 644.0, 438.0
403, 117.0, 439.0
404, 384.0, 439.0
405, 395.0, 439.0
406, 676.0, 440.0
407, 703.0, 440.0
408, 36.0, 441.0
409, 375.0, 441.0
410, 620.0, 441.0
411, 631.0, 442.0
412, 31.0, 443.0
413, 671.0, 443.0
414, 26.0, 446.0
415, 109.0, 448.0
416, 19.0, 449.0
417, 382.0, 449.0
418, 613.0, 449.0
419, 713.0, 450.0
420, 631.0, 451.0
421, 14.0, 452.0
422, 703.0, 452.0
423, 395.0, 453.0
424, 103.0, 454.0
425, 8.0, 455.0
426, 369.0, 455.0
427, 380.0, 456.0
428, 487.0, 459.0
429, 635.0, 459.0
430, 725.0, 462.0
431, 450.0, 463.0
432, 708.0, 463.0
433, 364.0, 464.0
434, 664.0, 465.0
435, 386.0, 466.0
436, 90.0, 468.0
437, 373.0, 468.0
438, 649.0, 470.0
439, 701.0, 471.0
