0, 544.0, 311.0
1, 564.0, 431.0
2, 385.0, 200.0
3, 455.0, 252.0
4, 556.0, 306.0
5, 507.0, 289.0
6, 698.0, 293.0
7, 136.0, 95.0
8, 125.0, 309.0
9, 128.0, 272.0
10, 658.0, 282.0
11, 560.0, 161.0
12, 444.0, 349.0
13, 618.0, 463.0
14, 134.0, 257.0
15, 421.0, 422.0
16, 417.0, 244.0
17, 176.0, 103.0
18, 633.0, 258.0
19, 708.0, 409.0
20, 106.0, 87.0
21, 527.0, 292.0
22, 611.0, 406.0
23, 527.0, 429.0
24, 674.0, 272.0
25, 421.0, 260.0
26, 711.0, 277.0
27, 616.0, 307.0
28, 178.0, 115.0
29, 308.0, 154.0
30, 563.0, 198.0
31, 120.0, 323.0
32, 577.0, 249.0
33, 647.0, 461.0
34, 636.0, 377.0
35, 569.0, 407.0
36, 103.0, 75.0
37, 622.0, 419.0
38, 411.0, 226.0
39, 519.0, 305.0
40, 663.0, 176.0
41, 552.0, 417.0
42, 110.0, 291.0
43, 561.0, 265.0
44, 696.0, 182.0
45, 651.0, 318.0
46, 592.0, 436.0
47, 622.0, 180.0
48, 643.0, 215.0
49, 404.0, 215.0
50, 468.0, 390.0
51, 517.0, 167.0
52, 718.0, 441.0
53, 659.0, 191.0
54, 622.0, 170.0
55, 393.0, 343.0
56, 634.0, 387.0
57, 618.0, 260.0
58, 540.0, 361.0
59, 596.0, 262.0
60, 409.0, 194.0
61, 670.0, 255.0
62, 432.0, 208.0
63, 75.0, 339.0
64, 679.0, 213.0
65, 157.0, 368.0
66, 158.0, 123.0
67, 110.0, 300.0
68, 548.0, 157.0
69, 678.0, 225.0
70, 317.0, 146.0
71, 692.0, 414.0
72, 551.0, 331.0
73, 110.0, 102.0
74, 432.0, 350.0
75, 706.0, 261.0
76, 588.0, 455.0
77, 569.0, 465.0
78, 626.0, 291.0
79, 679.0, 451.0
80, 426.0, 192.0
81, 557.0, 394.0
82, 616.0, 390.0
83, 545.0, 470.0
84, 548.0, 191.0
85, 171.0, 64.0
86, 563.0, 147.0
87, 455.0, 368.0
88, 649.0, 257.0
89, 331.0, 155.0
90, 463.0, 169.0
91, 121.0, 286.0
92, 730.0, 292.0
93, 87.0, 303.0
94, 529.0, 221.0
95, 604.0, 343.0
96, 485.0, 254.0
97, 113.0, 115.0
98, 687.0, 280.0
99, 379.0, 440.0
100, 438.0, 151.0
101, 152.0, 95.0
102, 556.0, 235.0
103, 471.0, 245.0
104, 536.0, 414.0
105, 87.0, 88.0
106, 143.0, 266.0
107, 132.0, 83.0
108, 468.0, 187.0
109, 174.0, 192.0
110, 83.0, 74.0
111, 695.0, 469.0
112, 686.0, 254.0
113, 556.0, 447.0
114, 454.0, 392.0
115, 413.0, 207.0
116, 669.0, 240.0
117, 499.0, 144.0
118, 497.0, 234.0
119, 385.0, 187.0
120, 646.0, 382.0
121, 568.0, 227.0
122, 125.0, 297.0
123, 645.0, 444.0
124, 401.0, 433.0
125, 566.0, 318.0
126, 443.0, 269.0
127, 548.0, 231.0
128, 628.0, 273.0
129, 115.0, 334.0
130, 732.0, 272.0
131, 540.0, 147.0
132, 611.0, 317.0
133, 152.0, 83.0
134, 135.0, 282.0
135, 600.0, 304.0
136, 398.0, 174.0
137, 463.0, 284.0
138, 171.0, 123.0
139, 666.0, 315.0
140, 375.0, 155.0
141, 653.0, 272.0
142, 332.0, 125.0
143, 568.0, 240.0
144, 443.0, 369.0
145, 591.0, 447.0
146, 640.0, 296.0
147, 325.0, 124.0
148, 560.0, 344.0
149, 671.0, 325.0
150, 566.0, 306.0
151, 664.0, 455.0
152, 626.0, 404.0
153, 328.0, 85.0
154, 500.0, 297.0
155, 57.0, 457.0
156, 656.0, 403.0
157, 548.0, 294.0
158, 498.0, 217.0
159, 311.0, 173.0
160, 580.0, 208.0
161, 581.0, 165.0
162, 601.0, 245.0
163, 149.0, 356.0
164, 139.0, 321.0
165, 686.0, 382.0
166, 230.0, 267.0
167, 76.0, 127.0
168, 535.0, 459.0
169, 544.0, 430.0
170, 590.0, 179.0
171, 636.0, 242.0
172, 581.0, 278.0
173, 434.0, 306.0
174, 602.0, 290.0
175, 485.0, 419.0
176, 696.0, 223.0
177, 241.0, 288.0
178, 692.0, 239.0
179, 625.0, 366.0
180, 718.0, 458.0
181, 604.0, 161.0
182, 252.0, 145.0
183, 457.0, 263.0
184, 530.0, 203.0
185, 587.0, 226.0
186, 421.0, 223.0
187, 547.0, 246.0
188, 683.0, 268.0
189, 596.0, 352.0
190, 66.0, 369.0
191, 718.0, 293.0
192, 681.0, 411.0
193, 710.0, 181.0
194, 695.0, 168.0
195, 113.0, 62.0
196, 447.0, 98.0
197, 560.0, 214.0
198, 593.0, 339.0
199, 601.0, 169.0
200, 721.0, 274.0
201, 674.0, 421.0
202, 408.0, 278.0
203, 416.0, 325.0
204, 440.0, 188.0
205, 517.0, 294.0
206, 592.0, 213.0
207, 483.0, 171.0
208, 451.0, 268.0
209, 422.0, 203.0
210, 469.0, 141.0
211, 634.0, 162.0
212, 543.0, 441.0
213, 540.0, 285.0
214, 421.0, 406.0
215, 729.0, 307.0
216, 437.0, 224.0
217, 285.0, 424.0
218, 96.0, 362.0
219, 739.0, 404.0
220, 383.0, 178.0
221, 64.0, 440.0
222, 512.0, 143.0
223, 442.0, 200.0
224, 513.0, 174.0
225, 572.0, 270.0
226, 321.0, 156.0
227, 678.0, 180.0
228, 583.0, 156.0
229, 650.0, 225.0
230, 707.0, 306.0
231, 575.0, 355.0
232, 261.0, 427.0
233, 152.0, 342.0
234, 408.0, 258.0
235, 399.0, 153.0
236, 635.0, 145.0
237, 579.0, 195.0
238, 636.0, 207.0
239, 401.0, 240.0
240, 254.0, 174.0
241, 56.0, 223.0
242, 79.0, 60.0
243, 395.0, 232.0
244, 466.0, 471.0
245, 100.0, 327.0
246, 641.0, 180.0
247, 232.0, 447.0
248, 389.0, 155.0
249, 313.0, 438.0
250, 494.0, 449.0
251, 381.0, 390.0
252, 165.0, 214.0
253, 108.0, 341.0
254, 649.0, 357.0
255, 733.0, 420.0
256, 639.0, 471.0
257, 492.0, 202.0
258, 96.0, 218.0
259, 147.0, 123.0
260, 92.0, 324.0
261, 523.0, 405.0
262, 89.0, 286.0
263, 120.0, 278.0
264, 419.0, 448.0
265, 440.0, 138.0
266, 520.0, 78.0
267, 138.0, 275.0
268, 256.0, 391.0
269, 551.0, 389.0
270, 638.0, 409.0
271, 153.0, 278.0
272, 623.0, 145.0
273, 600.0, 180.0
274, 538.0, 295.0
275, 553.0, 207.0
276, 416.0, 184.0
277, 596.0, 273.0
278, 739.0, 387.0
279, 691.0, 396.0
280, 739.0, 433.0
281, 341.0, 463.0
282, 394.0, 351.0
283, 176.0, 364.0
284, 451.0, 209.0
285, 390.0, 147.0
286, 96.0, 311.0
287, 490.0, 394.0
288, 453.0, 226.0
289, 182.0, 185.0
290, 648.0, 347.0
291, 436.0, 299.0
292, 488.0, 177.0
293, 206.0, 223.0
294, 409.0, 371.0
295, 415.0, 298.0
296, 614.0, 198.0
297, 486.0, 291.0
298, 288.0, 176.0
299, 681.0, 311.0
300, 650.0, 240.0
301, 621.0, 314.0
302, 411.0, 341.0
303, 79.0, 408.0
304, 589.0, 158.0
305, 341.0, 125.0
306, 661.0, 335.0
307, 655.0, 210.0
308, 539.0, 222.0
309, 493.0, 257.0
310, 472.0, 420.0
311, 411.0, 420.0
312, 715.0, 158.0
313, 98.0, 275.0
314, 602.0, 459.0
315, 48.0, 465.0
316, 549.0, 148.0
317, 668.0, 160.0
318, 695.0, 435.0
319, 596.0, 374.0
320, 564.0, 171.0
321, 373.0, 209.0
322, 530.0, 338.0
323, 642.0, 430.0
324, 226.0, 173.0
325, 458.0, 141.0
326, 109.0, 324.0
327, 572.0, 71.0
328, 538.0, 167.0
329, 620.0, 279.0
330, 698.0, 349.0
331, 148.0, 334.0
332, 152.0, 325.0
333, 456.0, 203.0
334, 739.0, 12.0
335, 131.0, 76.0
336, 628.0, 145.0
337, 428.0, 139.0
338, 30.0, 445.0
339, 424.0, 445.0
340, 482.0, 278.0
341, 413.0, 331.0
342, 477.0, 419.0
343, 301.0, 330.0
344, 130.0, 295.0
345, 490.0, 268.0
346, 94.0, 126.0
347, 719.0, 411.0
348, 182.0, 175.0
349, 194.0, 171.0
350, 657.0, 12.0
351, 358.0, 268.0
352, 559.0, 176.0
353, 94.0, 115.0
354, 610.0, 230.0
355, 712.0, 426.0
356, 406.0, 166.0
357, 155.0, 362.0
358, 649.0, 198.0
359, 248.0, 351.0
360, 160.0, 351.0
361, 418.0, 304.0
362, 710.0, 157.0
363, 442.0, 251.0
364, 675.0, 314.0
365, 479.0, 144.0
366, 611.0, 470.0
367, 93.0, 277.0
368, 719.0, 391.0
369, 476.0, 284.0
370, 461.0, 392.0
371, 464.0, 141.0
372, 640.0, 312.0
373, 126.0, 114.0
374, 44.0, 441.0
375, 621.0, 156.0
376, 562.0, 471.0
377, 121.0, 104.0
378, 419.0, 253.0
379, 696.0, 311.0
380, 251.0, 89.0
381, 711.0, 80.0
382, 664.0, 226.0
383, 437.0, 238.0
384, 212.0, 409.0
385, 624.0, 335.0
386, 241.0, 461.0
387, 415.0, 412.0
388, 528.0, 174.0
389, 251.0, 16.0
390, 536.0, 208.0
391, 523.0, 179.0
392, 185.0, 377.0
393, 695.0, 230.0
394, 536.0, 172.0
395, 187.0, 173.0
396, 625.0, 281.0
397, 401.0, 395.0
398, 396.0, 225.0
399, 669.0, 155.0
400, 475.0, 156.0
401, 550.0, 221.0
402, 36.0, 443.0
403, 677.0, 376.0
404, 100.0, 66.0
405, 418.0, 291.0
406, 499.0, 450.0
407, 250.0, 94.0
408, 738.0, 419.0
409, 91.0, 319.0
410, 647.0, 342.0
411, 555.0, 198.0
412, 528.0, 361.0
413, 405.0, 341.0
414, 604.0, 370.0
415, 231.0, 173.0
416, 724.0, 456.0
417, 269.0, 467.0
418, 644.0, 268.0
419, 224.0, 255.0
420, 554.0, 461.0
421, 546.0, 299.0
422, 241.0, 260.0
423, 646.0, 193.0
424, 160.0, 326.0
425, 662.0, 272.0
426, 529.0, 352.0
427, 423.0, 160.0
428, 216.0, 242.0
429, 114.0, 38.0
430, 88.0, 119.0
431, 461.0, 196.0
432, 679.0, 342.0
433, 530.0, 413.0
434, 113.0, 32.0
435, 507.0, 312.0
436, 302.0, 176.0
437, 83.0, 120.0
438, 697.0, 259.0
439, 722.0, 317.0
440, 671.0, 294.0
441, 179.0, 63.0
442, 109.0, 444.0
443, 575.0, 153.0
444, 91.0, 105.0
445, 247.0, 74.0
446, 247.0, 346.0
447, 89.0, 435.0
448, 483.0, 393.0
449, 399.0, 130.0
450, 130.0, 104.0
451, 664.0, 9.0
452, 702.0, 308.0
453, 486.0, 141.0
454, 178.0, 170.0
455, 418.0, 373.0
456, 481.0, 202.0
457, 417.0, 339.0
458, 505.0, 175.0
459, 112.0, 27.0
460, 665.0, 293.0
461, 590.0, 368.0
462, 713.0, 329.0
463, 426.0, 152.0
464, 529.0, 301.0
465, 734.0, 404.0
466, 283.0, 176.0
467, 556.0, 169.0
468, 652.0, 205.0
469, 144.0, 315.0
470, 718.0, 360.0
471, 595.0, 182.0
472, 254.0, 165.0
473, 389.0, 175.0
474, 77.0, 414.0
475, 164.0, 165.0
476, 452.0, 221.0
477, 431.0, 94.0
478, 453.0, 139.0
479, 639.0, 127.0
480, 611.0, 286.0
481, 533.0, 325.0
482, 150.0, 78.0
483, 702.0, 378.0
484, 182.0, 180.0
485, 408.0, 171.0
486, 392.0, 279.0
487, 649.0, 352.0
488, 103.0, 274.0
489, 683.0, 439.0
490, 415.0, 404.0
491, 575.0, 302.0
492, 154.0, 113.0
493, 727.0, 378.0
494, 612.0, 353.0
495, 725.0, 466.0
496, 428.0, 323.0
497, 456.0, 118.0
498, 575.0, 346.0
499, 581.0, 299.0
