0, 326.0, 8.0
1, 348.0, 10.0
2, 357.0, 12.0
3, 380.0, 14.0
4, 391.0, 16.0
5, 509.0, 19.0
6, 516.0, 19.0
7, 225.0, 23.0
8, 343.0, 23.0
9, 220.0, 24.0
10, 101.0, 25.0
11, 246.0, 25.0
12, 391.0, 27.0
13, 337.0, 32.0
14, 357.0, 34.0
15, 335.0, 47.0
16, 357.0, 49.0
17, 276.0, 54.0
18, 358.0, 54.0
19, 297.0, 56.0
20, 358.0, 59.0
21, 223.0, 62.0
22, 229.0, 63.0
23, 372.0, 63.0
24, 224.0, 67.0
25, 358.0, 70.0
26, 507.0, 70.0
27, 375.0, 71.0
28, 380.0, 72.0
29, 390.0, 72.0
30, 254.0, 76.0
31, 263.0, 76.0
32, 231.0, 77.0
33, 282.0, 77.0
34, 294.0, 78.0
35, 307.0, 78.0
36, 316.0, 78.0
37, 321.0, 78.0
38, 330.0, 78.0
39, 343.0, 78.0
40, 358.0, 79.0
41, 505.0, 81.0
42, 383.0, 88.0
43, 504.0, 94.0
44, 457.0, 96.0
45, 358.0, 97.0
46, 562.0, 97.0
47, 256.0, 98.0
48, 233.0, 99.0
49, 539.0, 103.0
50, 225.0, 104.0
51, 390.0, 106.0
52, 468.0, 107.0
53, 415.0, 108.0
54, 539.0, 108.0
55, 503.0, 109.0
56, 547.0, 109.0
57, 557.0, 110.0
58, 623.0, 112.0
59, 488.0, 113.0
60, 299.0, 116.0
61, 394.0, 116.0
62, 522.0, 116.0
63, 545.0, 117.0
64, 556.0, 117.0
65, 623.0, 117.0
66, 665.0, 118.0
67, 194.0, 119.0
68, 455.0, 119.0
69, 234.0, 120.0
70, 714.0, 120.0
71, 318.0, 123.0
72, 529.0, 128.0
73, 187.0, 129.0
74, 540.0, 129.0
75, 669.0, 129.0
76, 552.0, 130.0
77, 565.0, 130.0
78, 690.0, 130.0
79, 579.0, 131.0
80, 169.0, 132.0
81, 594.0, 132.0
82, 713.0, 132.0
83, 610.0, 134.0
84, 626.0, 134.0
85, 741.0, 134.0
86, 60.0, 135.0
87, 80.0, 136.0
88, 196.0, 136.0
89, 646.0, 136.0
90, 667.0, 137.0
91, 686.0, 138.0
92, 125.0, 139.0
93, 528.0, 139.0
94, 196.0, 141.0
95, 710.0, 141.0
96, 720.0, 141.0
97, 168.0, 143.0
98, 735.0, 143.0
99, 198.0, 168.0
100, 638.0, 171.0
101, 132.0, 174.0
102, 492.0, 185.0
103, 585.0, 188.0
104, 655.0, 190.0
105, 598.0, 191.0
106, 666.0, 192.0
107, 197.0, 193.0
108, 653.0, 200.0
109, 666.0, 202.0
110, 671.0, 203.0
111, 233.0, 204.0
112, 221.0, 206.0
113, 629.0, 213.0
114, 647.0, 218.0
115, 249.0, 221.0
116, 194.0, 230.0
117, 205.0, 232.0
118, 138.0, 233.0
119, 181.0, 238.0
120, 221.0, 238.0
121, 606.0, 238.0
122, 615.0, 239.0
123, 199.0, 244.0
124, 188.0, 246.0
125, 605.0, 247.0
126, 614.0, 247.0
127, 736.0, 247.0
128, 211.0, 255.0
129, 638.0, 255.0
130, 61.0, 257.0
131, 741.0, 257.0
132, 476.0, 258.0
133, 211.0, 265.0
134, 199.0, 267.0
135, 660.0, 268.0
136, 187.0, 270.0
137, 175.0, 273.0
138, 215.0, 273.0
139, 163.0, 274.0
140, 220.0, 274.0
141, 655.0, 275.0
142, 668.0, 275.0
143, 209.0, 276.0
144, 225.0, 276.0
145, 239.0, 276.0
146, 204.0, 277.0
147, 230.0, 277.0
148, 149.0, 278.0
149, 196.0, 278.0
150, 136.0, 279.0
151, 191.0, 279.0
152, 185.0, 280.0
153, 180.0, 281.0
154, 123.0, 282.0
155, 661.0, 282.0
156, 172.0, 283.0
157, 109.0, 285.0
158, 159.0, 285.0
159, 165.0, 285.0
160, 210.0, 286.0
161, 215.0, 286.0
162, 224.0, 286.0
163, 94.0, 287.0
164, 146.0, 288.0
165, 151.0, 288.0
166, 201.0, 289.0
167, 80.0, 290.0
168, 141.0, 290.0
169, 132.0, 291.0
170, 188.0, 292.0
171, 63.0, 293.0
172, 118.0, 293.0
173, 123.0, 293.0
174, 174.0, 295.0
175, 48.0, 296.0
176, 103.0, 296.0
177, 108.0, 296.0
178, 160.0, 298.0
179, 31.0, 299.0
180, 88.0, 299.0
181, 620.0, 301.0
182, 14.0, 302.0
183, 72.0, 302.0
184, 77.0, 302.0
185, 610.0, 302.0
186, 140.0, 303.0
187, 145.0, 303.0
188, 131.0, 304.0
189, 58.0, 305.0
190, 115.0, 308.0
191, 130.0, 309.0
192, 42.0, 310.0
193, 623.0, 311.0
194, 24.0, 312.0
195, 99.0, 312.0
196, 231.0, 314.0
197, 82.0, 315.0
198, 89.0, 315.0
199, 72.0, 318.0
200, 65.0, 319.0
201, 253.0, 320.0
202, 477.0, 320.0
203, 48.0, 323.0
204, 344.0, 323.0
205, 28.0, 328.0
206, 274.0, 329.0
207, 489.0, 329.0
208, 10.0, 331.0
209, 573.0, 334.0
210, 295.0, 336.0
211, 694.0, 336.0
212, 502.0, 337.0
213, 584.0, 338.0
214, 682.0, 340.0
215, 700.0, 340.0
216, 483.0, 346.0
217, 488.0, 346.0
218, 479.0, 352.0
219, 487.0, 364.0
220, 467.0, 366.0
221, 499.0, 366.0
222, 723.0, 368.0
223, 472.0, 369.0
224, 462.0, 370.0
225, 252.0, 373.0
226, 722.0, 373.0
227, 733.0, 373.0
228, 476.0, 377.0
229, 252.0, 378.0
230, 724.0, 378.0
231, 497.0, 382.0
232, 252.0, 383.0
233, 436.0, 384.0
234, 647.0, 384.0
235, 737.0, 385.0
236, 492.0, 389.0
237, 504.0, 391.0
238, 659.0, 391.0
239, 664.0, 395.0
240, 653.0, 397.0
241, 266.0, 399.0
242, 513.0, 400.0
243, 387.0, 404.0
244, 522.0, 407.0
245, 256.0, 411.0
246, 243.0, 412.0
247, 517.0, 413.0
248, 531.0, 415.0
249, 221.0, 417.0
250, 233.0, 418.0
251, 209.0, 420.0
252, 568.0, 421.0
253, 542.0, 424.0
254, 198.0, 426.0
255, 205.0, 429.0
256, 219.0, 432.0
257, 553.0, 433.0
258, 328.0, 434.0
259, 186.0, 435.0
260, 173.0, 437.0
261, 196.0, 438.0
262, 258.0, 438.0
263, 554.0, 438.0
264, 564.0, 441.0
265, 179.0, 442.0
266, 235.0, 442.0
267, 211.0, 445.0
268, 160.0, 446.0
269, 188.0, 446.0
270, 226.0, 446.0
271, 205.0, 447.0
272, 567.0, 448.0
273, 696.0, 448.0
274, 720.0, 448.0
275, 147.0, 451.0
276, 178.0, 452.0
277, 732.0, 452.0
278, 240.0, 453.0
279, 280.0, 453.0
280, 576.0, 453.0
281, 538.0, 454.0
282, 118.0, 457.0
283, 278.0, 458.0
284, 252.0, 459.0
285, 188.0, 460.0
286, 733.0, 460.0
287, 103.0, 461.0
288, 229.0, 461.0
289, 134.0, 464.0
290, 589.0, 464.0
291, 282.0, 465.0
292, 169.0, 466.0
293, 262.0, 466.0
294, 109.0, 467.0
295, 121.0, 469.0
296, 190.0, 469.0
297, 89.0, 471.0
298, 143.0, 471.0
299, 156.0, 471.0
300, 182.0, 471.0
301, 222.0, 471.0
302, 593.0, 471.0
