0, 354.0, 8.0
1, 53.0, 13.0
2, 363.0, 17.0
3, 376.0, 17.0
4, 347.0, 18.0
5, 305.0, 20.0
6, 403.0, 24.0
7, 408.0, 24.0
8, 91.0, 46.0
9, 551.0, 50.0
10, 377.0, 51.0
11, 106.0, 53.0
12, 304.0, 58.0
13, 260.0, 60.0
14, 377.0, 60.0
15, 344.0, 65.0
16, 377.0, 67.0
17, 377.0, 72.0
18, 456.0, 77.0
19, 305.0, 79.0
20, 263.0, 84.0
21, 304.0, 85.0
22, 377.0, 88.0
23, 305.0, 90.0
24, 263.0, 92.0
25, 95.0, 93.0
26, 377.0, 93.0
27, 59.0, 95.0
28, 435.0, 95.0
29, 377.0, 98.0
30, 399.0, 101.0
31, 166.0, 104.0
32, 377.0, 104.0
33, 452.0, 108.0
34, 376.0, 109.0
35, 306.0, 111.0
36, 34.0, 117.0
37, 61.0, 117.0
38, 376.0, 117.0
39, 111.0, 119.0
40, 78.0, 120.0
41, 88.0, 120.0
42, 177.0, 122.0
43, 235.0, 122.0
44, 246.0, 122.0
45, 62.0, 123.0
46, 221.0, 123.0
47, 241.0, 123.0
48, 310.0, 123.0
49, 257.0, 124.0
50, 418.0, 124.0
51, 429.0, 124.0
52, 63.0, 129.0
53, 78.0, 129.0
54, 88.0, 129.0
55, 241.0, 134.0
56, 268.0, 134.0
57, 305.0, 134.0
58, 329.0, 136.0
59, 342.0, 137.0
60, 376.0, 137.0
61, 28.0, 138.0
62, 387.0, 138.0
63, 398.0, 138.0
64, 412.0, 138.0
65, 428.0, 139.0
66, 452.0, 141.0
67, 478.0, 141.0
68, 487.0, 141.0
69, 492.0, 142.0
70, 498.0, 142.0
71, 503.0, 142.0
72, 538.0, 143.0
73, 215.0, 144.0
74, 386.0, 145.0
75, 449.0, 148.0
76, 616.0, 148.0
77, 428.0, 149.0
78, 743.0, 150.0
79, 738.0, 151.0
80, 633.0, 155.0
81, 215.0, 157.0
82, 345.0, 158.0
83, 479.0, 159.0
84, 716.0, 159.0
85, 511.0, 160.0
86, 252.0, 161.0
87, 440.0, 167.0
88, 373.0, 174.0
89, 530.0, 174.0
90, 611.0, 174.0
91, 401.0, 176.0
92, 629.0, 178.0
93, 437.0, 182.0
94, 470.0, 185.0
95, 503.0, 188.0
96, 403.0, 193.0
97, 623.0, 199.0
98, 380.0, 201.0
99, 577.0, 206.0
100, 660.0, 206.0
101, 197.0, 227.0
102, 689.0, 231.0
103, 718.0, 241.0
104, 304.0, 300.0
105, 493.0, 371.0
106, 590.0, 375.0
107, 30.0, 383.0
108, 595.0, 400.0
109, 629.0, 402.0
110, 141.0, 408.0
111, 598.0, 411.0
112, 619.0, 413.0
113, 579.0, 414.0
114, 600.0, 421.0
115, 569.0, 429.0
116, 580.0, 430.0
117, 83.0, 432.0
118, 182.0, 432.0
119, 130.0, 446.0
120, 248.0, 446.0
121, 213.0, 447.0
122, 536.0, 447.0
123, 560.0, 447.0
124, 196.0, 453.0
125, 295.0, 464.0
126, 197.0, 465.0
127, 284.0, 465.0
128, 564.0, 468.0
129, 232.0, 469.0
