0, 53.0, 14.0
1, 376.0, 17.0
2, 327.0, 18.0
3, 347.0, 18.0
4, 363.0, 18.0
5, 305.0, 20.0
6, 403.0, 24.0
7, 408.0, 24.0
8, 538.0, 29.0
9, 219.0, 44.0
10, 93.0, 45.0
11, 551.0, 50.0
12, 377.0, 52.0
13, 106.0, 54.0
14, 221.0, 57.0
15, 304.0, 57.0
16, 260.0, 60.0
17, 377.0, 60.0
18, 230.0, 65.0
19, 342.0, 66.0
20, 377.0, 67.0
21, 377.0, 73.0
22, 305.0, 79.0
23, 456.0, 79.0
24, 263.0, 84.0
25, 304.0, 85.0
26, 224.0, 89.0
27, 58.0, 90.0
28, 305.0, 90.0
29, 91.0, 93.0
30, 96.0, 93.0
31, 263.0, 93.0
32, 376.0, 93.0
33, 59.0, 95.0
34, 434.0, 95.0
35, 101.0, 96.0
36, 376.0, 99.0
37, 106.0, 101.0
38, 399.0, 101.0
39, 376.0, 106.0
40, 453.0, 107.0
41, 233.0, 111.0
42, 306.0, 111.0
43, 376.0, 111.0
44, 419.0, 111.0
45, 34.0, 117.0
46, 61.0, 117.0
47, 376.0, 117.0
48, 111.0, 119.0
49, 78.0, 120.0
50, 88.0, 120.0
51, 177.0, 122.0
52, 246.0, 122.0
53, 450.0, 122.0
54, 62.0, 123.0
55, 221.0, 123.0
56, 310.0, 123.0
57, 375.0, 123.0
58, 257.0, 124.0
59, 419.0, 124.0
60, 429.0, 124.0
61, 63.0, 129.0
62, 78.0, 129.0
63, 88.0, 129.0
64, 241.0, 134.0
65, 267.0, 134.0
66, 305.0, 134.0
67, 329.0, 136.0
68, 341.0, 137.0
69, 376.0, 137.0
70, 28.0, 138.0
71, 387.0, 138.0
72, 398.0, 138.0
73, 412.0, 138.0
74, 428.0, 139.0
75, 106.0, 141.0
76, 452.0, 141.0
77, 478.0, 141.0
78, 487.0, 141.0
79, 492.0, 142.0
80, 498.0, 142.0
81, 503.0, 142.0
82, 538.0, 143.0
83, 215.0, 145.0
84, 449.0, 148.0
85, 616.0, 148.0
86, 428.0, 149.0
87, 367.0, 150.0
88, 482.0, 150.0
89, 743.0, 150.0
90, 738.0, 151.0
91, 345.0, 158.0
92, 511.0, 160.0
93, 623.0, 160.0
94, 253.0, 161.0
95, 373.0, 174.0
96, 530.0, 174.0
97, 610.0, 174.0
98, 386.0, 175.0
99, 401.0, 176.0
100, 629.0, 178.0
101, 437.0, 182.0
102, 447.0, 182.0
103, 470.0, 185.0
104, 503.0, 188.0
105, 326.0, 192.0
106, 403.0, 193.0
107, 427.0, 196.0
108, 623.0, 199.0
109, 379.0, 201.0
110, 392.0, 202.0
111, 403.0, 206.0
112, 660.0, 206.0
113, 197.0, 226.0
114, 689.0, 231.0
115, 291.0, 239.0
116, 718.0, 241.0
117, 304.0, 300.0
118, 615.0, 322.0
119, 590.0, 374.0
120, 30.0, 382.0
121, 596.0, 399.0
122, 629.0, 402.0
123, 598.0, 410.0
124, 619.0, 412.0
125, 578.0, 413.0
126, 600.0, 421.0
127, 103.0, 425.0
128, 568.0, 428.0
129, 580.0, 430.0
130, 182.0, 431.0
131, 97.0, 432.0
132, 326.0, 435.0
133, 170.0, 440.0
134, 248.0, 445.0
135, 130.0, 446.0
136, 213.0, 447.0
137, 560.0, 448.0
138, 196.0, 452.0
139, 267.0, 453.0
140, 142.0, 457.0
141, 295.0, 464.0
142, 383.0, 464.0
143, 197.0, 465.0
144, 284.0, 465.0
145, 47.0, 467.0
146, 573.0, 467.0
147, 564.0, 468.0
148, 232.0, 469.0
149, 320.0, 470.0
150, 474.0, 470.0
