0, 414.0, 10.0
1, 609.0, 10.0
2, 702.0, 10.0
3, 668.0, 12.0
4, 378.0, 13.0
5, 420.0, 16.0
6, 406.0, 18.0
7, 371.0, 19.0
8, 666.0, 23.0
9, 422.0, 28.0
10, 210.0, 29.0
11, 396.0, 29.0
12, 371.0, 31.0
13, 680.0, 34.0
14, 320.0, 35.0
15, 226.0, 36.0
16, 197.0, 39.0
17, 113.0, 40.0
18, 218.0, 41.0
19, 119.0, 42.0
20, 270.0, 42.0
21, 293.0, 43.0
22, 396.0, 46.0
23, 652.0, 47.0
24, 662.0, 51.0
25, 200.0, 52.0
26, 220.0, 55.0
27, 272.0, 55.0
28, 294.0, 56.0
29, 306.0, 56.0
30, 320.0, 56.0
31, 626.0, 57.0
32, 641.0, 59.0
33, 692.0, 59.0
34, 679.0, 65.0
35, 307.0, 67.0
36, 297.0, 68.0
37, 101.0, 70.0
38, 322.0, 70.0
39, 222.0, 71.0
40, 273.0, 71.0
41, 675.0, 73.0
42, 665.0, 76.0
43, 619.0, 80.0
44, 638.0, 82.0
45, 204.0, 86.0
46, 586.0, 88.0
47, 323.0, 94.0
48, 99.0, 95.0
49, 299.0, 95.0
50, 666.0, 95.0
51, 304.0, 96.0
52, 396.0, 96.0
53, 276.0, 98.0
54, 323.0, 99.0
55, 19.0, 102.0
56, 224.0, 102.0
57, 615.0, 103.0
58, 324.0, 104.0
59, 264.0, 105.0
60, 638.0, 106.0
61, 223.0, 107.0
62, 316.0, 107.0
63, 592.0, 107.0
64, 298.0, 108.0
65, 278.0, 110.0
66, 648.0, 110.0
67, 662.0, 111.0
68, 224.0, 112.0
69, 254.0, 113.0
70, 610.0, 114.0
71, 229.0, 115.0
72, 325.0, 115.0
73, 703.0, 117.0
74, 647.0, 122.0
75, 113.0, 123.0
76, 302.0, 131.0
77, 719.0, 131.0
78, 604.0, 134.0
79, 83.0, 135.0
80, 314.0, 135.0
81, 303.0, 136.0
82, 281.0, 137.0
83, 319.0, 140.0
84, 326.0, 140.0
85, 429.0, 144.0
86, 368.0, 147.0
87, 231.0, 148.0
88, 399.0, 150.0
89, 617.0, 151.0
90, 377.0, 152.0
91, 304.0, 153.0
92, 523.0, 153.0
93, 231.0, 154.0
94, 422.0, 155.0
95, 598.0, 159.0
96, 329.0, 161.0
97, 369.0, 161.0
98, 657.0, 161.0
99, 413.0, 163.0
100, 542.0, 163.0
101, 423.0, 165.0
102, 428.0, 165.0
103, 632.0, 165.0
104, 237.0, 166.0
105, 435.0, 166.0
106, 564.0, 166.0
107, 440.0, 167.0
108, 445.0, 167.0
109, 451.0, 168.0
110, 583.0, 168.0
111, 460.0, 169.0
112, 465.0, 170.0
113, 470.0, 171.0
114, 219.0, 172.0
115, 479.0, 172.0
116, 484.0, 173.0
117, 489.0, 173.0
118, 156.0, 174.0
119, 494.0, 174.0
120, 231.0, 175.0
121, 499.0, 175.0
122, 504.0, 175.0
123, 512.0, 177.0
124, 517.0, 177.0
125, 523.0, 178.0
126, 528.0, 179.0
127, 233.0, 180.0
128, 534.0, 180.0
129, 288.0, 181.0
130, 543.0, 181.0
131, 554.0, 183.0
132, 559.0, 183.0
133, 564.0, 184.0
134, 575.0, 185.0
135, 580.0, 185.0
136, 593.0, 185.0
137, 730.0, 190.0
138, 448.0, 199.0
139, 622.0, 200.0
140, 478.0, 201.0
141, 697.0, 202.0
142, 601.0, 205.0
143, 630.0, 205.0
144, 227.0, 207.0
145, 552.0, 207.0
146, 86.0, 208.0
147, 561.0, 208.0
148, 165.0, 209.0
149, 611.0, 211.0
150, 622.0, 212.0
151, 175.0, 213.0
152, 239.0, 216.0
153, 643.0, 218.0
154, 21.0, 224.0
155, 27.0, 224.0
156, 512.0, 224.0
157, 517.0, 226.0
158, 692.0, 226.0
159, 461.0, 228.0
160, 241.0, 229.0
161, 650.0, 229.0
162, 661.0, 235.0
163, 140.0, 240.0
164, 145.0, 241.0
165, 233.0, 241.0
166, 484.0, 242.0
167, 392.0, 247.0
168, 252.0, 248.0
169, 635.0, 252.0
170, 709.0, 252.0
171, 723.0, 252.0
172, 206.0, 253.0
173, 212.0, 253.0
174, 622.0, 253.0
175, 584.0, 255.0
176, 222.0, 256.0
177, 201.0, 257.0
178, 535.0, 257.0
179, 598.0, 257.0
180, 644.0, 259.0
181, 684.0, 259.0
182, 614.0, 260.0
183, 467.0, 261.0
184, 542.0, 261.0
185, 570.0, 261.0
186, 109.0, 265.0
187, 472.0, 265.0
188, 167.0, 269.0
189, 634.0, 269.0
190, 618.0, 270.0
191, 597.0, 271.0
192, 499.0, 274.0
193, 504.0, 274.0
194, 645.0, 276.0
195, 74.0, 277.0
196, 567.0, 279.0
197, 185.0, 280.0
198, 213.0, 281.0
199, 206.0, 284.0
200, 453.0, 284.0
201, 595.0, 285.0
202, 514.0, 286.0
203, 579.0, 286.0
204, 198.0, 287.0
205, 228.0, 287.0
206, 541.0, 289.0
207, 190.0, 290.0
208, 114.0, 291.0
209, 520.0, 292.0
210, 182.0, 293.0
211, 546.0, 293.0
212, 593.0, 294.0
213, 173.0, 296.0
214, 217.0, 296.0
215, 414.0, 296.0
216, 189.0, 299.0
217, 165.0, 300.0
218, 209.0, 300.0
219, 179.0, 302.0
220, 129.0, 303.0
221, 156.0, 303.0
222, 595.0, 303.0
223, 201.0, 304.0
224, 487.0, 304.0
225, 406.0, 305.0
226, 606.0, 305.0
227, 147.0, 306.0
228, 193.0, 307.0
229, 163.0, 309.0
230, 137.0, 310.0
231, 254.0, 310.0
232, 82.0, 311.0
233, 184.0, 312.0
234, 11.0, 313.0
235, 128.0, 313.0
236, 154.0, 313.0
237, 176.0, 314.0
238, 414.0, 315.0
239, 283.0, 316.0
240, 118.0, 317.0
241, 142.0, 317.0
242, 600.0, 317.0
243, 165.0, 320.0
244, 563.0, 320.0
245, 108.0, 321.0
246, 133.0, 321.0
247, 156.0, 322.0
248, 398.0, 322.0
249, 97.0, 325.0
250, 122.0, 325.0
251, 127.0, 325.0
252, 519.0, 325.0
253, 145.0, 326.0
254, 569.0, 328.0
255, 85.0, 329.0
256, 140.0, 329.0
257, 109.0, 330.0
258, 525.0, 330.0
259, 134.0, 331.0
260, 256.0, 331.0
261, 616.0, 332.0
262, 101.0, 333.0
263, 413.0, 333.0
264, 578.0, 333.0
265, 633.0, 333.0
266, 74.0, 334.0
267, 96.0, 334.0
268, 120.0, 336.0
269, 125.0, 336.0
270, 62.0, 338.0
271, 88.0, 338.0
272, 112.0, 340.0
273, 83.0, 342.0
274, 50.0, 343.0
275, 72.0, 344.0
276, 101.0, 345.0
277, 37.0, 348.0
278, 64.0, 348.0
279, 59.0, 349.0
280, 575.0, 349.0
281, 587.0, 349.0
282, 88.0, 350.0
283, 617.0, 351.0
284, 52.0, 352.0
285, 25.0, 353.0
286, 47.0, 353.0
287, 76.0, 354.0
288, 12.0, 358.0
289, 36.0, 358.0
290, 63.0, 360.0
291, 269.0, 361.0
292, 474.0, 361.0
293, 23.0, 363.0
294, 482.0, 365.0
295, 572.0, 365.0
296, 50.0, 366.0
297, 635.0, 370.0
298, 36.0, 371.0
299, 496.0, 373.0
300, 445.0, 374.0
301, 489.0, 374.0
302, 22.0, 377.0
303, 256.0, 377.0
304, 251.0, 378.0
305, 499.0, 378.0
306, 504.0, 378.0
307, 631.0, 380.0
308, 451.0, 381.0
309, 461.0, 381.0
310, 569.0, 381.0
311, 243.0, 382.0
312, 512.0, 383.0
313, 466.0, 384.0
314, 447.0, 386.0
315, 520.0, 386.0
316, 227.0, 387.0
317, 587.0, 388.0
318, 472.0, 390.0
319, 608.0, 390.0
320, 27.0, 391.0
321, 265.0, 391.0
322, 236.0, 392.0
323, 439.0, 392.0
324, 219.0, 393.0
325, 451.0, 393.0
326, 528.0, 393.0
327, 658.0, 393.0
328, 515.0, 395.0
329, 247.0, 396.0
330, 520.0, 397.0
331, 536.0, 397.0
332, 444.0, 398.0
333, 213.0, 400.0
334, 279.0, 400.0
335, 452.0, 402.0
336, 477.0, 402.0
337, 204.0, 403.0
338, 254.0, 403.0
339, 467.0, 404.0
340, 549.0, 407.0
341, 270.0, 408.0
342, 603.0, 408.0
343, 212.0, 409.0
344, 444.0, 409.0
345, 458.0, 410.0
346, 481.0, 410.0
347, 245.0, 412.0
348, 220.0, 413.0
349, 197.0, 414.0
350, 188.0, 415.0
351, 209.0, 419.0
352, 472.0, 419.0
353, 480.0, 419.0
354, 170.0, 421.0
355, 589.0, 421.0
356, 618.0, 421.0
357, 237.0, 422.0
358, 181.0, 423.0
359, 224.0, 425.0
360, 485.0, 426.0
361, 503.0, 426.0
362, 160.0, 427.0
363, 432.0, 428.0
364, 189.0, 429.0
365, 589.0, 429.0
366, 694.0, 429.0
367, 608.0, 432.0
368, 647.0, 433.0
369, 699.0, 434.0
370, 152.0, 436.0
371, 215.0, 436.0
372, 202.0, 437.0
373, 131.0, 440.0
374, 153.0, 441.0
375, 184.0, 441.0
376, 192.0, 442.0
377, 516.0, 444.0
378, 736.0, 444.0
379, 477.0, 445.0
380, 499.0, 445.0
381, 162.0, 446.0
382, 145.0, 448.0
383, 170.0, 450.0
384, 743.0, 450.0
385, 180.0, 452.0
386, 135.0, 454.0
387, 164.0, 455.0
388, 152.0, 457.0
389, 528.0, 457.0
390, 172.0, 459.0
391, 519.0, 459.0
392, 718.0, 459.0
393, 125.0, 460.0
394, 186.0, 460.0
395, 521.0, 464.0
396, 183.0, 465.0
397, 115.0, 466.0
398, 147.0, 466.0
399, 531.0, 466.0
400, 178.0, 468.0
401, 173.0, 469.0
402, 168.0, 470.0
403, 104.0, 471.0
404, 264.0, 471.0
405, 541.0, 471.0
