0, 443.0, 388.0
1, 554.0, 459.0
2, 609.0, 67.0
3, 278.0, 276.0
4, 659.0, 67.0
5, 603.0, 359.0
6, 142.0, 305.0
7, 594.0, 39.0
8, 566.0, 146.0
9, 652.0, 311.0
10, 508.0, 56.0
11, 323.0, 355.0
12, 699.0, 32.0
13, 176.0, 83.0
14, 434.0, 203.0
15, 548.0, 302.0
16, 85.0, 338.0
17, 210.0, 219.0
18, 149.0, 371.0
19, 528.0, 320.0
20, 236.0, 311.0
21, 608.0, 335.0
22, 583.0, 465.0
23, 726.0, 70.0
24, 299.0, 249.0
25, 247.0, 312.0
26, 611.0, 167.0
27, 217.0, 247.0
28, 717.0, 399.0
29, 80.0, 352.0
30, 647.0, 323.0
31, 184.0, 311.0
32, 283.0, 138.0
33, 487.0, 195.0
34, 316.0, 340.0
35, 145.0, 390.0
36, 613.0, 385.0
37, 123.0, 139.0
38, 408.0, 153.0
39, 518.0, 307.0
40, 560.0, 299.0
41, 565.0, 467.0
42, 453.0, 289.0
43, 627.0, 343.0
44, 398.0, 187.0
45, 108.0, 319.0
46, 343.0, 197.0
47, 313.0, 319.0
48, 387.0, 211.0
49, 481.0, 280.0
50, 553.0, 312.0
51, 301.0, 236.0
52, 425.0, 374.0
53, 518.0, 329.0
54, 420.0, 104.0
55, 702.0, 434.0
56, 618.0, 370.0
57, 597.0, 260.0
58, 673.0, 381.0
59, 717.0, 30.0
60, 444.0, 206.0
61, 243.0, 215.0
62, 649.0, 271.0
63, 223.0, 142.0
64, 516.0, 385.0
65, 704.0, 394.0
66, 480.0, 316.0
67, 381.0, 325.0
68, 437.0, 86.0
69, 396.0, 339.0
70, 708.0, 169.0
71, 525.0, 300.0
72, 202.0, 309.0
73, 276.0, 373.0
74, 678.0, 365.0
75, 132.0, 308.0
76, 569.0, 131.0
77, 111.0, 294.0
78, 43.0, 300.0
79, 103.0, 328.0
80, 700.0, 384.0
81, 250.0, 206.0
82, 701.0, 452.0
83, 586.0, 429.0
84, 242.0, 335.0
85, 229.0, 275.0
86, 625.0, 390.0
87, 313.0, 285.0
88, 540.0, 457.0
89, 346.0, 301.0
90, 433.0, 158.0
91, 538.0, 350.0
92, 149.0, 317.0
93, 416.0, 160.0
94, 688.0, 66.0
95, 641.0, 171.0
96, 90.0, 329.0
97, 342.0, 211.0
98, 254.0, 364.0
99, 171.0, 312.0
100, 396.0, 198.0
101, 596.0, 113.0
102, 456.0, 377.0
103, 182.0, 331.0
104, 467.0, 179.0
105, 413.0, 303.0
106, 212.0, 409.0
107, 232.0, 338.0
108, 382.0, 201.0
109, 590.0, 340.0
110, 222.0, 225.0
111, 639.0, 369.0
112, 252.0, 238.0
113, 353.0, 195.0
114, 628.0, 413.0
115, 260.0, 395.0
116, 163.0, 368.0
117, 718.0, 180.0
118, 320.0, 330.0
119, 189.0, 283.0
120, 716.0, 364.0
121, 210.0, 425.0
122, 633.0, 248.0
123, 636.0, 316.0
124, 179.0, 283.0
125, 553.0, 322.0
126, 85.0, 460.0
127, 439.0, 364.0
128, 536.0, 316.0
129, 462.0, 204.0
130, 443.0, 263.0
131, 580.0, 444.0
132, 540.0, 370.0
133, 466.0, 195.0
134, 264.0, 327.0
135, 692.0, 111.0
136, 152.0, 303.0
137, 503.0, 318.0
138, 471.0, 268.0
139, 569.0, 427.0
140, 428.0, 255.0
141, 310.0, 77.0
142, 342.0, 313.0
143, 596.0, 225.0
144, 596.0, 298.0
145, 251.0, 253.0
146, 400.0, 212.0
147, 443.0, 293.0
148, 269.0, 21.0
149, 272.0, 359.0
150, 329.0, 365.0
151, 715.0, 444.0
152, 285.0, 364.0
153, 458.0, 270.0
154, 290.0, 377.0
155, 689.0, 251.0
156, 232.0, 218.0
157, 608.0, 136.0
158, 457.0, 314.0
159, 253.0, 219.0
160, 174.0, 67.0
161, 83.0, 288.0
162, 575.0, 284.0
163, 720.0, 100.0
164, 424.0, 194.0
165, 167.0, 342.0
166, 311.0, 200.0
167, 422.0, 83.0
168, 511.0, 293.0
169, 296.0, 324.0
170, 444.0, 302.0
171, 386.0, 288.0
172, 284.0, 388.0
173, 588.0, 329.0
174, 330.0, 344.0
175, 658.0, 295.0
176, 356.0, 177.0
177, 30.0, 303.0
178, 712.0, 376.0
179, 428.0, 314.0
180, 90.0, 445.0
181, 311.0, 212.0
182, 555.0, 357.0
183, 607.0, 453.0
184, 698.0, 358.0
185, 647.0, 138.0
186, 266.0, 367.0
187, 579.0, 323.0
188, 507.0, 69.0
189, 340.0, 141.0
190, 618.0, 347.0
191, 356.0, 149.0
192, 575.0, 273.0
193, 727.0, 335.0
194, 84.0, 302.0
195, 394.0, 226.0
196, 140.0, 276.0
197, 623.0, 67.0
198, 398.0, 294.0
199, 223.0, 56.0
200, 723.0, 471.0
201, 602.0, 301.0
202, 609.0, 293.0
203, 731.0, 454.0
204, 500.0, 419.0
205, 270.0, 318.0
206, 210.0, 437.0
207, 327.0, 16.0
208, 211.0, 394.0
209, 423.0, 73.0
210, 161.0, 389.0
211, 306.0, 335.0
212, 601.0, 324.0
213, 509.0, 329.0
214, 234.0, 160.0
215, 293.0, 347.0
216, 688.0, 270.0
217, 560.0, 136.0
218, 627.0, 326.0
219, 695.0, 100.0
220, 580.0, 222.0
221, 441.0, 171.0
222, 665.0, 76.0
223, 268.0, 439.0
224, 414.0, 83.0
225, 415.0, 200.0
226, 304.0, 351.0
227, 719.0, 232.0
228, 421.0, 94.0
229, 269.0, 308.0
230, 273.0, 85.0
231, 161.0, 122.0
232, 292.0, 293.0
233, 467.0, 60.0
234, 398.0, 322.0
235, 538.0, 291.0
236, 389.0, 309.0
237, 522.0, 69.0
238, 430.0, 104.0
239, 146.0, 218.0
240, 266.0, 284.0
241, 275.0, 382.0
242, 673.0, 245.0
243, 396.0, 174.0
244, 268.0, 346.0
245, 647.0, 350.0
246, 225.0, 267.0
247, 587.0, 142.0
248, 139.0, 318.0
249, 144.0, 58.0
250, 417.0, 61.0
251, 234.0, 327.0
252, 376.0, 302.0
253, 34.0, 113.0
254, 683.0, 309.0
255, 715.0, 72.0
256, 626.0, 204.0
257, 352.0, 210.0
258, 516.0, 400.0
259, 633.0, 155.0
260, 217.0, 338.0
261, 223.0, 330.0
262, 610.0, 99.0
263, 669.0, 53.0
264, 449.0, 184.0
265, 341.0, 129.0
266, 552.0, 444.0
267, 614.0, 355.0
268, 205.0, 270.0
269, 213.0, 303.0
270, 735.0, 274.0
271, 224.0, 12.0
272, 437.0, 193.0
273, 276.0, 155.0
274, 188.0, 458.0
275, 67.0, 73.0
276, 621.0, 360.0
277, 77.0, 144.0
278, 728.0, 438.0
279, 591.0, 317.0
280, 566.0, 229.0
281, 482.0, 252.0
282, 637.0, 307.0
283, 260.0, 313.0
284, 586.0, 129.0
285, 740.0, 73.0
286, 557.0, 270.0
287, 667.0, 143.0
288, 329.0, 236.0
289, 257.0, 269.0
290, 590.0, 438.0
291, 340.0, 225.0
292, 357.0, 17.0
293, 348.0, 331.0
294, 418.0, 208.0
295, 107.0, 352.0
296, 277.0, 335.0
297, 527.0, 46.0
298, 234.0, 147.0
299, 203.0, 243.0
300, 344.0, 369.0
301, 180.0, 375.0
302, 564.0, 310.0
303, 560.0, 343.0
304, 342.0, 86.0
305, 519.0, 248.0
306, 169.0, 322.0
307, 128.0, 275.0
308, 432.0, 74.0
309, 495.0, 135.0
310, 122.0, 294.0
311, 452.0, 64.0
312, 413.0, 182.0
313, 47.0, 202.0
314, 583.0, 314.0
315, 535.0, 241.0
316, 278.0, 287.0
317, 717.0, 149.0
318, 703.0, 290.0
319, 599.0, 173.0
320, 297.0, 118.0
321, 114.0, 189.0
322, 675.0, 111.0
323, 423.0, 176.0
324, 271.0, 391.0
325, 205.0, 252.0
326, 191.0, 224.0
327, 194.0, 239.0
328, 52.0, 353.0
329, 62.0, 379.0
330, 117.0, 321.0
331, 548.0, 288.0
332, 708.0, 278.0
333, 116.0, 337.0
334, 736.0, 317.0
335, 426.0, 152.0
336, 645.0, 68.0
337, 310.0, 152.0
338, 137.0, 262.0
339, 364.0, 319.0
340, 504.0, 194.0
341, 228.0, 82.0
342, 573.0, 334.0
343, 93.0, 352.0
344, 227.0, 258.0
345, 51.0, 310.0
346, 76.0, 180.0
347, 707.0, 327.0
348, 732.0, 172.0
349, 212.0, 327.0
350, 147.0, 155.0
351, 718.0, 255.0
352, 148.0, 250.0
353, 521.0, 32.0
354, 112.0, 79.0
355, 297.0, 358.0
356, 570.0, 311.0
357, 499.0, 219.0
358, 437.0, 64.0
359, 220.0, 323.0
360, 311.0, 88.0
361, 626.0, 144.0
362, 113.0, 252.0
363, 534.0, 261.0
364, 604.0, 231.0
365, 537.0, 398.0
366, 688.0, 79.0
367, 525.0, 55.0
368, 272.0, 450.0
369, 488.0, 445.0
370, 226.0, 210.0
371, 646.0, 80.0
372, 88.0, 199.0
373, 686.0, 442.0
374, 678.0, 321.0
375, 434.0, 354.0
376, 601.0, 290.0
377, 197.0, 373.0
378, 224.0, 312.0
379, 283.0, 351.0
380, 643.0, 181.0
381, 134.0, 250.0
382, 214.0, 204.0
383, 696.0, 470.0
384, 532.0, 295.0
385, 675.0, 77.0
386, 283.0, 257.0
387, 711.0, 414.0
388, 537.0, 271.0
389, 636.0, 67.0
390, 566.0, 269.0
391, 433.0, 59.0
392, 651.0, 117.0
393, 153.0, 19.0
394, 715.0, 8.0
395, 543.0, 310.0
396, 46.0, 163.0
397, 404.0, 179.0
398, 629.0, 170.0
399, 190.0, 470.0
400, 609.0, 25.0
401, 161.0, 273.0
402, 336.0, 303.0
403, 275.0, 60.0
404, 613.0, 81.0
405, 96.0, 281.0
406, 431.0, 95.0
407, 80.0, 8.0
408, 252.0, 347.0
409, 68.0, 390.0
410, 194.0, 418.0
411, 416.0, 317.0
412, 561.0, 372.0
413, 737.0, 375.0
414, 28.0, 287.0
415, 212.0, 84.0
416, 732.0, 430.0
417, 655.0, 253.0
418, 347.0, 228.0
419, 200.0, 326.0
420, 621.0, 268.0
421, 544.0, 169.0
422, 495.0, 232.0
423, 313.0, 377.0
424, 440.0, 376.0
425, 61.0, 207.0
426, 691.0, 54.0
427, 740.0, 412.0
428, 144.0, 127.0
429, 484.0, 440.0
430, 662.0, 432.0
431, 561.0, 284.0
432, 433.0, 32.0
433, 483.0, 290.0
434, 550.0, 236.0
435, 165.0, 248.0
436, 209.0, 346.0
437, 737.0, 137.0
438, 671.0, 103.0
439, 372.0, 185.0
440, 201.0, 120.0
441, 380.0, 226.0
442, 573.0, 174.0
443, 238.0, 266.0
444, 718.0, 431.0
445, 367.0, 172.0
446, 136.0, 214.0
447, 65.0, 304.0
448, 188.0, 164.0
449, 21.0, 130.0
450, 129.0, 160.0
451, 730.0, 293.0
452, 252.0, 333.0
453, 453.0, 198.0
454, 424.0, 161.0
455, 372.0, 326.0
456, 503.0, 254.0
457, 709.0, 257.0
458, 477.0, 64.0
459, 83.0, 119.0
460, 174.0, 18.0
461, 531.0, 134.0
462, 702.0, 16.0
463, 733.0, 98.0
464, 308.0, 18.0
465, 739.0, 205.0
466, 471.0, 215.0
467, 84.0, 274.0
468, 370.0, 195.0
469, 293.0, 228.0
470, 41.0, 231.0
471, 116.0, 375.0
472, 509.0, 166.0
473, 374.0, 314.0
474, 127.0, 338.0
475, 75.0, 370.0
476, 242.0, 292.0
477, 288.0, 244.0
478, 601.0, 214.0
479, 709.0, 269.0
480, 193.0, 407.0
481, 522.0, 281.0
482, 80.0, 231.0
483, 619.0, 112.0
484, 645.0, 286.0
485, 309.0, 222.0
486, 722.0, 413.0
487, 592.0, 306.0
488, 668.0, 69.0
489, 490.0, 248.0
490, 14.0, 207.0
491, 727.0, 186.0
492, 298.0, 298.0
493, 261.0, 356.0
494, 37.0, 285.0
495, 259.0, 321.0
496, 211.0, 294.0
497, 602.0, 471.0
498, 501.0, 211.0
499, 25.0, 398.0
