0, 340.0, 8.0
1, 470.0, 8.0
2, 488.0, 8.0
3, 506.0, 8.0
4, 530.0, 8.0
5, 453.0, 11.0
6, 488.0, 17.0
7, 223.0, 20.0
8, 345.0, 23.0
9, 223.0, 25.0
10, 228.0, 29.0
11, 322.0, 33.0
12, 487.0, 37.0
13, 284.0, 38.0
14, 345.0, 38.0
15, 181.0, 39.0
16, 361.0, 39.0
17, 486.0, 42.0
18, 338.0, 46.0
19, 346.0, 48.0
20, 360.0, 49.0
21, 368.0, 52.0
22, 377.0, 53.0
23, 224.0, 55.0
24, 485.0, 55.0
25, 229.0, 56.0
26, 332.0, 58.0
27, 328.0, 67.0
28, 345.0, 69.0
29, 186.0, 79.0
30, 346.0, 79.0
31, 225.0, 81.0
32, 230.0, 81.0
33, 332.0, 81.0
34, 324.0, 90.0
35, 346.0, 91.0
36, 294.0, 93.0
37, 361.0, 93.0
38, 377.0, 94.0
39, 232.0, 97.0
40, 377.0, 100.0
41, 320.0, 102.0
42, 334.0, 103.0
43, 339.0, 103.0
44, 227.0, 104.0
45, 345.0, 105.0
46, 366.0, 105.0
47, 377.0, 105.0
48, 480.0, 107.0
49, 485.0, 107.0
50, 248.0, 108.0
51, 232.0, 109.0
52, 328.0, 112.0
53, 346.0, 114.0
54, 377.0, 117.0
55, 479.0, 119.0
56, 479.0, 129.0
57, 293.0, 136.0
58, 346.0, 138.0
59, 360.0, 145.0
60, 231.0, 146.0
61, 478.0, 149.0
62, 346.0, 150.0
63, 360.0, 150.0
64, 376.0, 152.0
65, 367.0, 153.0
66, 244.0, 154.0
67, 235.0, 155.0
68, 346.0, 170.0
69, 434.0, 172.0
70, 237.0, 174.0
71, 253.0, 174.0
72, 525.0, 177.0
73, 444.0, 182.0
74, 476.0, 182.0
75, 229.0, 183.0
76, 255.0, 183.0
77, 263.0, 183.0
78, 376.0, 183.0
79, 505.0, 183.0
80, 238.0, 184.0
81, 463.0, 185.0
82, 31.0, 186.0
83, 491.0, 188.0
84, 229.0, 189.0
85, 194.0, 192.0
86, 379.0, 192.0
87, 433.0, 192.0
88, 511.0, 192.0
89, 230.0, 194.0
90, 296.0, 196.0
91, 194.0, 197.0
92, 710.0, 198.0
93, 173.0, 200.0
94, 486.0, 200.0
95, 135.0, 201.0
96, 498.0, 201.0
97, 238.0, 202.0
98, 312.0, 202.0
99, 508.0, 203.0
100, 518.0, 205.0
101, 102.0, 207.0
102, 528.0, 207.0
103, 539.0, 209.0
104, 552.0, 211.0
105, 565.0, 214.0
106, 578.0, 216.0
107, 594.0, 220.0
108, 644.0, 220.0
109, 609.0, 223.0
110, 625.0, 225.0
111, 677.0, 225.0
112, 643.0, 229.0
113, 662.0, 232.0
114, 683.0, 237.0
115, 705.0, 240.0
116, 605.0, 243.0
117, 730.0, 246.0
118, 467.0, 247.0
119, 620.0, 248.0
120, 639.0, 249.0
121, 588.0, 250.0
122, 620.0, 253.0
123, 196.0, 255.0
124, 546.0, 258.0
125, 240.0, 261.0
126, 235.0, 262.0
127, 557.0, 262.0
128, 656.0, 264.0
129, 601.0, 265.0
130, 611.0, 267.0
131, 584.0, 270.0
132, 600.0, 273.0
133, 233.0, 274.0
134, 584.0, 275.0
135, 223.0, 276.0
136, 614.0, 276.0
137, 583.0, 280.0
138, 73.0, 288.0
139, 204.0, 289.0
140, 248.0, 290.0
141, 140.0, 293.0
142, 10.0, 294.0
143, 182.0, 296.0
144, 215.0, 297.0
145, 15.0, 303.0
146, 565.0, 303.0
147, 595.0, 304.0
148, 574.0, 305.0
149, 567.0, 308.0
150, 676.0, 313.0
151, 207.0, 314.0
152, 454.0, 314.0
153, 668.0, 314.0
154, 67.0, 319.0
155, 26.0, 320.0
156, 592.0, 320.0
157, 207.0, 323.0
158, 683.0, 323.0
159, 195.0, 326.0
160, 673.0, 328.0
161, 184.0, 329.0
162, 607.0, 331.0
163, 172.0, 332.0
164, 211.0, 332.0
165, 161.0, 334.0
166, 203.0, 335.0
167, 220.0, 335.0
168, 226.0, 335.0
169, 231.0, 335.0
170, 661.0, 335.0
171, 197.0, 336.0
172, 606.0, 336.0
173, 148.0, 337.0
174, 192.0, 337.0
175, 135.0, 339.0
176, 187.0, 339.0
177, 182.0, 340.0
178, 619.0, 340.0
179, 177.0, 341.0
180, 172.0, 342.0
181, 122.0, 343.0
182, 611.0, 344.0
183, 159.0, 345.0
184, 164.0, 345.0
185, 108.0, 346.0
186, 212.0, 346.0
187, 204.0, 347.0
188, 145.0, 348.0
189, 150.0, 348.0
190, 199.0, 348.0
191, 94.0, 349.0
192, 132.0, 351.0
193, 137.0, 351.0
194, 80.0, 352.0
195, 187.0, 352.0
196, 125.0, 354.0
197, 65.0, 355.0
198, 119.0, 355.0
199, 173.0, 355.0
200, 179.0, 355.0
201, 165.0, 357.0
202, 50.0, 358.0
203, 103.0, 358.0
204, 109.0, 358.0
205, 160.0, 358.0
206, 571.0, 359.0
207, 580.0, 359.0
208, 33.0, 362.0
209, 89.0, 362.0
210, 145.0, 362.0
211, 73.0, 365.0
212, 78.0, 365.0
213, 17.0, 366.0
214, 131.0, 366.0
215, 583.0, 368.0
216, 59.0, 369.0
217, 116.0, 370.0
218, 456.0, 370.0
219, 41.0, 373.0
220, 100.0, 375.0
221, 28.0, 377.0
222, 335.0, 378.0
223, 467.0, 378.0
224, 85.0, 379.0
225, 248.0, 380.0
226, 11.0, 381.0
227, 68.0, 383.0
228, 725.0, 384.0
229, 269.0, 386.0
230, 480.0, 386.0
231, 542.0, 387.0
232, 720.0, 387.0
233, 52.0, 388.0
234, 737.0, 391.0
235, 33.0, 392.0
236, 551.0, 392.0
237, 720.0, 392.0
238, 286.0, 393.0
239, 466.0, 395.0
240, 16.0, 396.0
241, 743.0, 396.0
242, 631.0, 397.0
243, 646.0, 397.0
244, 733.0, 399.0
245, 459.0, 404.0
246, 477.0, 413.0
247, 468.0, 414.0
248, 452.0, 417.0
249, 443.0, 419.0
250, 244.0, 423.0
251, 666.0, 424.0
252, 476.0, 430.0
253, 244.0, 431.0
254, 666.0, 432.0
255, 419.0, 433.0
256, 471.0, 437.0
257, 605.0, 437.0
258, 680.0, 439.0
259, 483.0, 440.0
260, 615.0, 443.0
261, 491.0, 448.0
262, 611.0, 448.0
263, 729.0, 448.0
264, 258.0, 455.0
265, 372.0, 455.0
266, 499.0, 455.0
267, 738.0, 456.0
268, 743.0, 456.0
269, 247.0, 461.0
270, 735.0, 461.0
271, 507.0, 462.0
272, 247.0, 467.0
273, 232.0, 468.0
274, 212.0, 471.0
275, 505.0, 471.0
276, 518.0, 471.0
