0, 490.0, 447.0
1, 444.0, 322.0
2, 165.0, 201.0
3, 434.0, 330.0
4, 374.0, 323.0
5, 450.0, 303.0
6, 152.0, 200.0
7, 390.0, 333.0
8, 485.0, 209.0
9, 478.0, 415.0
10, 213.0, 435.0
11, 213.0, 187.0
12, 511.0, 435.0
13, 475.0, 454.0
14, 487.0, 381.0
15, 535.0, 440.0
16, 486.0, 194.0
17, 603.0, 156.0
18, 472.0, 392.0
19, 664.0, 344.0
20, 661.0, 167.0
21, 172.0, 173.0
22, 484.0, 436.0
23, 584.0, 338.0
24, 602.0, 240.0
25, 255.0, 305.0
26, 182.0, 179.0
27, 491.0, 464.0
28, 424.0, 188.0
29, 583.0, 312.0
30, 382.0, 328.0
31, 77.0, 342.0
32, 596.0, 210.0
33, 591.0, 153.0
34, 456.0, 414.0
35, 743.0, 291.0
36, 589.0, 227.0
37, 493.0, 298.0
38, 450.0, 338.0
39, 390.0, 231.0
40, 99.0, 201.0
41, 739.0, 362.0
42, 394.0, 186.0
43, 585.0, 239.0
44, 229.0, 104.0
45, 160.0, 212.0
46, 707.0, 339.0
47, 667.0, 287.0
48, 569.0, 326.0
49, 494.0, 353.0
50, 462.0, 365.0
51, 233.0, 189.0
52, 138.0, 171.0
53, 62.0, 172.0
54, 571.0, 308.0
55, 66.0, 186.0
56, 409.0, 257.0
57, 684.0, 389.0
58, 423.0, 204.0
59, 625.0, 160.0
60, 130.0, 158.0
61, 528.0, 469.0
62, 444.0, 358.0
63, 517.0, 410.0
64, 659.0, 310.0
65, 197.0, 206.0
66, 693.0, 290.0
67, 507.0, 467.0
68, 432.0, 263.0
69, 499.0, 441.0
70, 700.0, 183.0
71, 326.0, 350.0
72, 598.0, 303.0
73, 685.0, 197.0
74, 428.0, 350.0
75, 95.0, 184.0
76, 472.0, 219.0
77, 508.0, 145.0
78, 699.0, 116.0
79, 400.0, 258.0
80, 422.0, 317.0
81, 404.0, 22.0
82, 480.0, 243.0
83, 330.0, 388.0
84, 342.0, 383.0
85, 585.0, 457.0
86, 478.0, 194.0
87, 209.0, 429.0
88, 490.0, 256.0
89, 479.0, 356.0
90, 259.0, 152.0
91, 673.0, 242.0
92, 393.0, 202.0
93, 715.0, 363.0
94, 361.0, 316.0
95, 182.0, 463.0
96, 378.0, 309.0
97, 182.0, 214.0
98, 57.0, 192.0
99, 238.0, 419.0
100, 672.0, 325.0
101, 675.0, 343.0
102, 131.0, 175.0
103, 173.0, 187.0
104, 670.0, 359.0
105, 731.0, 62.0
106, 650.0, 357.0
107, 717.0, 114.0
108, 213.0, 174.0
109, 723.0, 452.0
110, 634.0, 356.0
111, 612.0, 343.0
112, 579.0, 331.0
113, 604.0, 174.0
114, 723.0, 94.0
115, 77.0, 208.0
116, 710.0, 204.0
117, 678.0, 226.0
118, 140.0, 185.0
119, 484.0, 220.0
120, 499.0, 172.0
121, 79.0, 177.0
122, 537.0, 141.0
123, 645.0, 175.0
124, 11.0, 201.0
125, 598.0, 326.0
126, 399.0, 323.0
127, 712.0, 65.0
128, 223.0, 179.0
129, 690.0, 422.0
130, 580.0, 144.0
131, 477.0, 207.0
132, 175.0, 162.0
133, 136.0, 208.0
134, 739.0, 444.0
135, 557.0, 464.0
136, 224.0, 31.0
137, 479.0, 470.0
138, 432.0, 103.0
139, 536.0, 116.0
140, 509.0, 327.0
141, 14.0, 188.0
142, 535.0, 419.0
143, 678.0, 403.0
144, 732.0, 458.0
145, 180.0, 205.0
146, 428.0, 237.0
147, 205.0, 76.0
148, 212.0, 156.0
149, 63.0, 351.0
150, 368.0, 364.0
151, 541.0, 105.0
152, 552.0, 337.0
153, 168.0, 20.0
154, 693.0, 132.0
155, 560.0, 200.0
156, 200.0, 456.0
157, 697.0, 281.0
158, 661.0, 238.0
159, 409.0, 237.0
160, 220.0, 422.0
161, 686.0, 162.0
162, 721.0, 347.0
163, 557.0, 43.0
164, 617.0, 225.0
165, 252.0, 391.0
166, 352.0, 363.0
167, 738.0, 420.0
168, 414.0, 303.0
169, 190.0, 157.0
170, 402.0, 232.0
171, 524.0, 121.0
172, 471.0, 313.0
173, 537.0, 456.0
174, 254.0, 402.0
175, 91.0, 291.0
176, 533.0, 276.0
177, 259.0, 429.0
178, 232.0, 174.0
179, 565.0, 162.0
180, 639.0, 331.0
181, 652.0, 268.0
182, 530.0, 309.0
183, 114.0, 263.0
184, 676.0, 412.0
185, 452.0, 453.0
186, 544.0, 45.0
187, 464.0, 352.0
188, 389.0, 286.0
189, 464.0, 29.0
190, 444.0, 397.0
191, 473.0, 283.0
192, 267.0, 291.0
193, 19.0, 465.0
194, 487.0, 407.0
195, 261.0, 207.0
196, 87.0, 194.0
197, 390.0, 252.0
198, 222.0, 250.0
199, 476.0, 381.0
200, 522.0, 199.0
201, 247.0, 357.0
202, 694.0, 205.0
203, 197.0, 22.0
204, 505.0, 281.0
205, 571.0, 315.0
206, 639.0, 188.0
207, 114.0, 179.0
208, 473.0, 341.0
209, 716.0, 184.0
210, 721.0, 230.0
211, 470.0, 359.0
212, 256.0, 413.0
213, 211.0, 205.0
214, 183.0, 190.0
215, 211.0, 144.0
216, 688.0, 314.0
217, 559.0, 142.0
218, 213.0, 198.0
219, 366.0, 102.0
220, 490.0, 343.0
221, 491.0, 102.0
222, 392.0, 215.0
223, 666.0, 178.0
224, 362.0, 52.0
225, 185.0, 445.0
226, 645.0, 196.0
227, 421.0, 326.0
228, 42.0, 195.0
229, 237.0, 318.0
230, 701.0, 168.0
231, 729.0, 74.0
232, 734.0, 173.0
233, 110.0, 211.0
234, 715.0, 48.0
235, 198.0, 425.0
236, 545.0, 371.0
237, 710.0, 221.0
238, 488.0, 181.0
239, 457.0, 37.0
240, 649.0, 336.0
241, 698.0, 361.0
242, 145.0, 141.0
243, 528.0, 151.0
244, 107.0, 218.0
245, 561.0, 173.0
246, 677.0, 169.0
247, 124.0, 19.0
248, 432.0, 339.0
249, 78.0, 189.0
250, 661.0, 186.0
251, 636.0, 284.0
252, 235.0, 203.0
253, 458.0, 429.0
254, 375.0, 457.0
255, 712.0, 128.0
256, 582.0, 254.0
257, 426.0, 215.0
258, 92.0, 309.0
259, 239.0, 328.0
260, 511.0, 175.0
261, 134.0, 188.0
262, 592.0, 319.0
263, 604.0, 352.0
264, 259.0, 394.0
265, 74.0, 230.0
266, 564.0, 342.0
267, 447.0, 42.0
268, 732.0, 49.0
269, 618.0, 308.0
270, 657.0, 462.0
271, 517.0, 231.0
272, 80.0, 222.0
273, 689.0, 180.0
274, 450.0, 347.0
275, 507.0, 388.0
276, 233.0, 165.0
277, 574.0, 166.0
278, 235.0, 153.0
279, 473.0, 293.0
280, 195.0, 188.0
281, 235.0, 302.0
282, 400.0, 241.0
283, 515.0, 201.0
284, 315.0, 363.0
285, 570.0, 183.0
286, 552.0, 176.0
287, 610.0, 218.0
288, 501.0, 248.0
289, 426.0, 161.0
290, 524.0, 180.0
291, 686.0, 234.0
292, 410.0, 340.0
293, 490.0, 139.0
294, 531.0, 169.0
295, 509.0, 254.0
296, 544.0, 191.0
297, 387.0, 317.0
298, 493.0, 393.0
299, 503.0, 380.0
300, 247.0, 326.0
301, 683.0, 280.0
302, 382.0, 339.0
303, 419.0, 333.0
304, 564.0, 349.0
305, 193.0, 170.0
306, 728.0, 274.0
307, 643.0, 350.0
308, 668.0, 383.0
309, 242.0, 205.0
310, 105.0, 193.0
311, 403.0, 338.0
312, 373.0, 305.0
313, 442.0, 335.0
314, 725.0, 194.0
315, 462.0, 103.0
316, 196.0, 55.0
317, 687.0, 175.0
318, 743.0, 208.0
319, 655.0, 340.0
320, 296.0, 145.0
321, 564.0, 467.0
322, 139.0, 155.0
323, 195.0, 183.0
324, 196.0, 195.0
325, 224.0, 444.0
326, 469.0, 163.0
327, 379.0, 318.0
328, 139.0, 112.0
329, 443.0, 222.0
330, 184.0, 432.0
331, 633.0, 339.0
332, 157.0, 165.0
333, 207.0, 95.0
334, 575.0, 178.0
335, 135.0, 86.0
336, 428.0, 227.0
337, 52.0, 59.0
338, 174.0, 453.0
339, 87.0, 309.0
340, 743.0, 275.0
341, 651.0, 328.0
342, 310.0, 351.0
343, 370.0, 455.0
344, 195.0, 243.0
345, 159.0, 188.0
346, 471.0, 406.0
347, 688.0, 239.0
348, 573.0, 349.0
349, 668.0, 158.0
350, 380.0, 456.0
351, 552.0, 196.0
352, 660.0, 359.0
353, 207.0, 112.0
354, 547.0, 261.0
355, 98.0, 213.0
356, 192.0, 449.0
357, 536.0, 134.0
358, 743.0, 255.0
359, 653.0, 320.0
360, 209.0, 119.0
361, 584.0, 353.0
362, 616.0, 211.0
363, 551.0, 292.0
364, 194.0, 176.0
365, 535.0, 267.0
366, 735.0, 247.0
367, 502.0, 448.0
368, 615.0, 256.0
369, 145.0, 165.0
370, 589.0, 247.0
371, 78.0, 236.0
372, 498.0, 369.0
373, 441.0, 311.0
374, 511.0, 234.0
375, 234.0, 296.0
376, 29.0, 200.0
377, 560.0, 122.0
378, 676.0, 160.0
379, 207.0, 243.0
380, 634.0, 279.0
381, 464.0, 201.0
382, 463.0, 282.0
383, 532.0, 455.0
384, 576.0, 290.0
385, 243.0, 293.0
386, 503.0, 276.0
387, 359.0, 220.0
388, 530.0, 146.0
389, 141.0, 180.0
390, 575.0, 471.0
391, 735.0, 102.0
392, 144.0, 123.0
393, 522.0, 188.0
394, 102.0, 218.0
395, 467.0, 178.0
396, 460.0, 122.0
397, 479.0, 231.0
398, 457.0, 422.0
399, 123.0, 206.0
400, 536.0, 194.0
401, 58.0, 368.0
402, 231.0, 420.0
403, 509.0, 423.0
404, 143.0, 133.0
405, 559.0, 191.0
406, 208.0, 107.0
407, 246.0, 373.0
408, 733.0, 276.0
409, 596.0, 231.0
410, 558.0, 343.0
411, 440.0, 347.0
412, 566.0, 153.0
413, 694.0, 302.0
414, 598.0, 219.0
415, 421.0, 261.0
416, 375.0, 452.0
417, 389.0, 271.0
418, 129.0, 187.0
419, 626.0, 216.0
420, 671.0, 338.0
421, 312.0, 358.0
422, 733.0, 429.0
423, 741.0, 84.0
424, 247.0, 303.0
425, 408.0, 328.0
426, 493.0, 168.0
427, 714.0, 178.0
428, 207.0, 90.0
429, 656.0, 273.0
430, 732.0, 116.0
431, 491.0, 420.0
432, 208.0, 102.0
433, 116.0, 450.0
434, 546.0, 141.0
435, 206.0, 145.0
436, 497.0, 266.0
437, 506.0, 453.0
438, 124.0, 186.0
439, 129.0, 57.0
440, 727.0, 82.0
441, 663.0, 158.0
442, 698.0, 246.0
443, 410.0, 188.0
444, 502.0, 157.0
445, 240.0, 308.0
446, 226.0, 422.0
447, 731.0, 242.0
448, 599.0, 351.0
449, 10.0, 285.0
450, 69.0, 342.0
451, 69.0, 232.0
452, 459.0, 132.0
453, 525.0, 277.0
454, 656.0, 467.0
455, 515.0, 289.0
456, 713.0, 123.0
457, 643.0, 360.0
458, 254.0, 361.0
459, 515.0, 206.0
460, 740.0, 14.0
461, 567.0, 188.0
462, 495.0, 429.0
463, 508.0, 159.0
464, 265.0, 286.0
465, 202.0, 112.0
466, 204.0, 71.0
467, 518.0, 236.0
468, 438.0, 178.0
469, 605.0, 215.0
470, 382.0, 364.0
471, 460.0, 127.0
472, 664.0, 398.0
473, 493.0, 173.0
474, 743.0, 73.0
475, 738.0, 276.0
476, 8.0, 255.0
477, 144.0, 154.0
478, 681.0, 237.0
479, 551.0, 287.0
480, 513.0, 195.0
481, 495.0, 194.0
482, 527.0, 304.0
483, 607.0, 347.0
484, 24.0, 201.0
485, 641.0, 288.0
486, 211.0, 139.0
487, 439.0, 130.0
488, 133.0, 79.0
489, 93.0, 286.0
490, 743.0, 345.0
491, 152.0, 173.0
492, 391.0, 207.0
493, 210.0, 132.0
494, 142.0, 128.0
495, 144.0, 113.0
496, 542.0, 300.0
497, 422.0, 339.0
498, 498.0, 403.0
499, 584.0, 248.0
