0, 512.0, 212.0
1, 563.0, 406.0
2, 195.0, 70.0
3, 616.0, 414.0
4, 558.0, 291.0
5, 281.0, 343.0
6, 619.0, 427.0
7, 646.0, 427.0
8, 515.0, 202.0
9, 638.0, 435.0
10, 735.0, 388.0
11, 546.0, 337.0
12, 249.0, 300.0
13, 687.0, 44.0
14, 286.0, 354.0
15, 533.0, 220.0
16, 274.0, 252.0
17, 593.0, 416.0
18, 148.0, 251.0
19, 574.0, 266.0
20, 553.0, 388.0
21, 626.0, 418.0
22, 209.0, 73.0
23, 525.0, 227.0
24, 618.0, 455.0
25, 81.0, 267.0
26, 541.0, 383.0
27, 628.0, 339.0
28, 134.0, 378.0
29, 513.0, 225.0
30, 561.0, 261.0
31, 473.0, 343.0
32, 540.0, 190.0
33, 209.0, 415.0
34, 550.0, 438.0
35, 249.0, 329.0
36, 645.0, 305.0
37, 118.0, 297.0
38, 607.0, 410.0
39, 437.0, 96.0
40, 530.0, 162.0
41, 551.0, 326.0
42, 61.0, 40.0
43, 608.0, 177.0
44, 515.0, 121.0
45, 521.0, 215.0
46, 606.0, 110.0
47, 510.0, 432.0
48, 551.0, 400.0
49, 651.0, 414.0
50, 66.0, 367.0
51, 565.0, 393.0
52, 439.0, 10.0
53, 669.0, 245.0
54, 539.0, 394.0
55, 259.0, 368.0
56, 387.0, 120.0
57, 564.0, 236.0
58, 544.0, 212.0
59, 446.0, 205.0
60, 190.0, 378.0
61, 368.0, 192.0
62, 533.0, 411.0
63, 271.0, 380.0
64, 564.0, 204.0
65, 227.0, 352.0
66, 25.0, 396.0
67, 719.0, 321.0
68, 97.0, 200.0
69, 304.0, 225.0
70, 211.0, 364.0
71, 656.0, 431.0
72, 665.0, 159.0
73, 655.0, 90.0
74, 690.0, 26.0
75, 681.0, 245.0
76, 574.0, 185.0
77, 587.0, 256.0
78, 538.0, 130.0
79, 733.0, 115.0
80, 706.0, 454.0
81, 172.0, 375.0
82, 586.0, 241.0
83, 277.0, 374.0
84, 262.0, 304.0
85, 212.0, 379.0
86, 54.0, 368.0
87, 544.0, 265.0
88, 507.0, 161.0
89, 558.0, 181.0
90, 577.0, 409.0
91, 545.0, 252.0
92, 178.0, 409.0
93, 522.0, 438.0
94, 45.0, 469.0
95, 718.0, 210.0
96, 694.0, 191.0
97, 635.0, 176.0
98, 526.0, 205.0
99, 379.0, 177.0
100, 511.0, 360.0
101, 508.0, 401.0
102, 646.0, 469.0
103, 550.0, 195.0
104, 20.0, 443.0
105, 274.0, 358.0
106, 543.0, 199.0
107, 604.0, 449.0
108, 396.0, 341.0
109, 264.0, 337.0
110, 584.0, 158.0
111, 740.0, 251.0
112, 452.0, 283.0
113, 602.0, 419.0
114, 449.0, 100.0
115, 523.0, 424.0
116, 406.0, 42.0
117, 236.0, 326.0
118, 565.0, 446.0
119, 525.0, 354.0
120, 56.0, 429.0
121, 502.0, 140.0
122, 592.0, 158.0
123, 597.0, 301.0
124, 81.0, 125.0
125, 398.0, 248.0
126, 697.0, 430.0
127, 194.0, 430.0
128, 656.0, 21.0
129, 451.0, 332.0
130, 641.0, 158.0
131, 593.0, 469.0
132, 665.0, 187.0
133, 636.0, 423.0
134, 475.0, 220.0
135, 197.0, 397.0
136, 42.0, 455.0
137, 563.0, 466.0
138, 603.0, 461.0
139, 499.0, 426.0
140, 540.0, 242.0
141, 579.0, 286.0
142, 480.0, 388.0
143, 643.0, 184.0
144, 720.0, 354.0
145, 607.0, 223.0
146, 495.0, 179.0
147, 527.0, 387.0
148, 718.0, 296.0
149, 565.0, 113.0
150, 579.0, 436.0
151, 623.0, 391.0
152, 658.0, 444.0
153, 12.0, 413.0
154, 476.0, 412.0
155, 470.0, 215.0
156, 453.0, 256.0
157, 685.0, 424.0
158, 585.0, 456.0
159, 183.0, 386.0
160, 531.0, 239.0
161, 304.0, 123.0
162, 583.0, 468.0
163, 736.0, 209.0
164, 519.0, 326.0
165, 152.0, 468.0
166, 451.0, 308.0
167, 542.0, 434.0
168, 407.0, 243.0
169, 605.0, 392.0
170, 334.0, 113.0
171, 379.0, 291.0
172, 383.0, 266.0
173, 596.0, 393.0
174, 552.0, 448.0
175, 394.0, 296.0
176, 240.0, 357.0
177, 498.0, 374.0
178, 208.0, 63.0
179, 722.0, 398.0
180, 84.0, 142.0
181, 716.0, 277.0
182, 632.0, 225.0
183, 686.0, 257.0
184, 616.0, 307.0
185, 262.0, 258.0
186, 509.0, 259.0
187, 67.0, 271.0
188, 716.0, 424.0
189, 417.0, 264.0
190, 604.0, 242.0
191, 395.0, 178.0
192, 698.0, 260.0
193, 459.0, 201.0
194, 206.0, 346.0
195, 497.0, 353.0
196, 13.0, 425.0
197, 146.0, 438.0
198, 583.0, 400.0
199, 646.0, 209.0
200, 419.0, 90.0
201, 554.0, 145.0
202, 206.0, 389.0
203, 250.0, 261.0
204, 26.0, 434.0
205, 572.0, 450.0
206, 626.0, 126.0
207, 651.0, 290.0
208, 722.0, 373.0
209, 403.0, 89.0
210, 532.0, 433.0
211, 405.0, 12.0
212, 314.0, 351.0
213, 738.0, 281.0
214, 104.0, 230.0
215, 38.0, 377.0
216, 699.0, 215.0
217, 593.0, 175.0
218, 735.0, 264.0
219, 358.0, 105.0
220, 481.0, 401.0
221, 562.0, 453.0
222, 657.0, 266.0
223, 208.0, 212.0
224, 296.0, 231.0
225, 490.0, 204.0
226, 472.0, 19.0
227, 679.0, 170.0
228, 227.0, 69.0
229, 615.0, 322.0
230, 90.0, 459.0
231, 380.0, 278.0
232, 122.0, 137.0
233, 423.0, 401.0
234, 616.0, 361.0
235, 614.0, 51.0
236, 43.0, 390.0
237, 732.0, 355.0
238, 559.0, 279.0
239, 65.0, 53.0
240, 517.0, 405.0
241, 709.0, 85.0
242, 450.0, 63.0
243, 632.0, 463.0
244, 569.0, 163.0
245, 479.0, 202.0
246, 711.0, 199.0
247, 702.0, 421.0
248, 530.0, 331.0
249, 30.0, 410.0
250, 580.0, 387.0
251, 15.0, 388.0
252, 688.0, 96.0
253, 388.0, 47.0
254, 628.0, 432.0
255, 519.0, 146.0
256, 445.0, 223.0
257, 655.0, 65.0
258, 567.0, 429.0
259, 604.0, 129.0
260, 531.0, 444.0
261, 575.0, 397.0
262, 540.0, 327.0
263, 636.0, 404.0
264, 502.0, 366.0
265, 255.0, 347.0
266, 295.0, 346.0
267, 308.0, 338.0
268, 124.0, 61.0
269, 621.0, 167.0
270, 577.0, 91.0
271, 398.0, 266.0
272, 388.0, 89.0
273, 518.0, 422.0
274, 295.0, 110.0
275, 598.0, 194.0
276, 510.0, 183.0
277, 8.0, 264.0
278, 66.0, 461.0
279, 493.0, 123.0
280, 94.0, 189.0
281, 479.0, 364.0
282, 137.0, 394.0
283, 78.0, 453.0
284, 264.0, 235.0
285, 429.0, 59.0
286, 552.0, 420.0
287, 666.0, 217.0
288, 506.0, 345.0
289, 446.0, 215.0
290, 736.0, 41.0
291, 734.0, 371.0
292, 542.0, 418.0
293, 371.0, 285.0
294, 629.0, 159.0
295, 742.0, 322.0
296, 566.0, 285.0
297, 453.0, 296.0
298, 592.0, 404.0
299, 510.0, 418.0
300, 375.0, 270.0
301, 500.0, 253.0
302, 595.0, 457.0
303, 230.0, 443.0
304, 656.0, 198.0
305, 558.0, 167.0
306, 684.0, 162.0
307, 613.0, 461.0
308, 451.0, 467.0
309, 390.0, 254.0
310, 646.0, 169.0
311, 722.0, 341.0
312, 610.0, 423.0
313, 721.0, 367.0
314, 50.0, 445.0
315, 513.0, 349.0
316, 419.0, 225.0
317, 74.0, 89.0
318, 283.0, 97.0
319, 526.0, 376.0
320, 532.0, 368.0
321, 612.0, 159.0
322, 589.0, 291.0
323, 742.0, 140.0
324, 634.0, 167.0
325, 452.0, 378.0
326, 559.0, 435.0
327, 637.0, 318.0
328, 541.0, 454.0
329, 610.0, 383.0
330, 286.0, 222.0
331, 711.0, 192.0
332, 507.0, 316.0
333, 319.0, 187.0
334, 27.0, 468.0
335, 476.0, 91.0
336, 437.0, 80.0
337, 659.0, 418.0
338, 467.0, 99.0
339, 517.0, 382.0
340, 57.0, 11.0
341, 684.0, 209.0
342, 667.0, 201.0
343, 698.0, 129.0
344, 540.0, 445.0
345, 320.0, 123.0
346, 262.0, 379.0
347, 70.0, 74.0
348, 726.0, 192.0
349, 452.0, 225.0
350, 499.0, 397.0
351, 522.0, 179.0
352, 215.0, 320.0
353, 260.0, 247.0
354, 606.0, 95.0
355, 286.0, 215.0
356, 732.0, 396.0
357, 679.0, 208.0
358, 28.0, 335.0
359, 598.0, 231.0
360, 497.0, 413.0
361, 24.0, 453.0
362, 226.0, 337.0
363, 728.0, 295.0
364, 490.0, 422.0
365, 420.0, 56.0
366, 496.0, 408.0
367, 451.0, 302.0
368, 193.0, 335.0
369, 466.0, 317.0
370, 267.0, 157.0
371, 614.0, 46.0
372, 405.0, 271.0
373, 195.0, 361.0
374, 11.0, 377.0
375, 691.0, 272.0
376, 630.0, 177.0
377, 500.0, 105.0
378, 445.0, 288.0
379, 59.0, 193.0
380, 457.0, 337.0
381, 592.0, 442.0
382, 265.0, 103.0
383, 491.0, 370.0
384, 729.0, 323.0
385, 98.0, 209.0
386, 75.0, 400.0
387, 18.0, 367.0
388, 198.0, 60.0
389, 254.0, 154.0
390, 504.0, 355.0
391, 557.0, 421.0
392, 265.0, 88.0
393, 42.0, 64.0
394, 347.0, 186.0
395, 681.0, 412.0
396, 615.0, 373.0
397, 594.0, 143.0
398, 114.0, 282.0
399, 539.0, 370.0
400, 366.0, 297.0
401, 62.0, 448.0
402, 546.0, 456.0
403, 668.0, 423.0
404, 622.0, 378.0
405, 555.0, 204.0
406, 480.0, 357.0
407, 465.0, 11.0
408, 489.0, 327.0
409, 512.0, 315.0
410, 741.0, 409.0
411, 44.0, 433.0
412, 536.0, 103.0
413, 449.0, 54.0
414, 32.0, 402.0
415, 513.0, 104.0
416, 657.0, 170.0
417, 301.0, 238.0
418, 81.0, 442.0
419, 315.0, 218.0
420, 733.0, 296.0
421, 623.0, 158.0
422, 673.0, 228.0
423, 244.0, 255.0
424, 276.0, 209.0
425, 177.0, 347.0
426, 455.0, 220.0
427, 607.0, 159.0
428, 50.0, 406.0
429, 85.0, 448.0
430, 32.0, 349.0
431, 253.0, 317.0
432, 400.0, 275.0
433, 741.0, 272.0
434, 534.0, 422.0
435, 240.0, 342.0
436, 549.0, 102.0
437, 517.0, 355.0
438, 617.0, 190.0
439, 518.0, 373.0
440, 283.0, 333.0
441, 196.0, 108.0
442, 227.0, 312.0
443, 135.0, 389.0
444, 34.0, 426.0
445, 300.0, 347.0
446, 350.0, 201.0
447, 261.0, 240.0
448, 541.0, 173.0
449, 231.0, 365.0
450, 530.0, 212.0
451, 483.0, 346.0
452, 673.0, 424.0
453, 272.0, 97.0
454, 448.0, 19.0
455, 189.0, 340.0
456, 142.0, 416.0
457, 182.0, 276.0
458, 208.0, 384.0
459, 127.0, 344.0
460, 650.0, 295.0
461, 617.0, 316.0
462, 717.0, 28.0
463, 225.0, 74.0
464, 682.0, 70.0
465, 672.0, 139.0
466, 112.0, 273.0
467, 12.0, 296.0
468, 634.0, 95.0
469, 305.0, 52.0
470, 597.0, 122.0
471, 207.0, 68.0
472, 572.0, 471.0
473, 650.0, 115.0
474, 579.0, 445.0
475, 36.0, 84.0
476, 542.0, 224.0
477, 245.0, 344.0
478, 610.0, 471.0
479, 507.0, 350.0
480, 648.0, 440.0
481, 548.0, 429.0
482, 447.0, 49.0
483, 86.0, 152.0
484, 622.0, 226.0
485, 376.0, 188.0
486, 268.0, 121.0
487, 260.0, 40.0
488, 599.0, 407.0
489, 324.0, 106.0
490, 77.0, 104.0
491, 586.0, 272.0
492, 15.0, 353.0
493, 418.0, 220.0
494, 387.0, 8.0
495, 616.0, 41.0
496, 542.0, 87.0
497, 150.0, 194.0
498, 296.0, 335.0
499, 275.0, 216.0
