0, 308.0, 8.0
1, 492.0, 8.0
2, 274.0, 9.0
3, 43.0, 10.0
4, 308.0, 13.0
5, 61.0, 17.0
6, 489.0, 20.0
7, 688.0, 20.0
8, 43.0, 25.0
9, 284.0, 25.0
10, 267.0, 28.0
11, 58.0, 33.0
12, 300.0, 33.0
13, 63.0, 34.0
14, 258.0, 34.0
15, 589.0, 35.0
16, 684.0, 35.0
17, 197.0, 37.0
18, 273.0, 37.0
19, 284.0, 38.0
20, 170.0, 40.0
21, 296.0, 40.0
22, 308.0, 40.0
23, 257.0, 45.0
24, 269.0, 45.0
25, 734.0, 46.0
26, 722.0, 47.0
27, 285.0, 48.0
28, 298.0, 49.0
29, 61.0, 50.0
30, 66.0, 50.0
31, 699.0, 50.0
32, 563.0, 51.0
33, 309.0, 53.0
34, 171.0, 54.0
35, 658.0, 55.0
36, 184.0, 57.0
37, 198.0, 58.0
38, 285.0, 64.0
39, 676.0, 65.0
40, 172.0, 67.0
41, 185.0, 69.0
42, 199.0, 73.0
43, 592.0, 77.0
44, 285.0, 79.0
45, 64.0, 83.0
46, 690.0, 84.0
47, 71.0, 86.0
48, 66.0, 88.0
49, 67.0, 93.0
50, 688.0, 93.0
51, 175.0, 96.0
52, 522.0, 98.0
53, 507.0, 99.0
54, 153.0, 101.0
55, 200.0, 101.0
56, 73.0, 102.0
57, 573.0, 102.0
58, 91.0, 103.0
59, 672.0, 104.0
60, 139.0, 106.0
61, 200.0, 106.0
62, 468.0, 107.0
63, 538.0, 107.0
64, 152.0, 108.0
65, 175.0, 110.0
66, 191.0, 110.0
67, 284.0, 113.0
68, 594.0, 115.0
69, 695.0, 116.0
70, 669.0, 118.0
71, 643.0, 124.0
72, 626.0, 127.0
73, 516.0, 128.0
74, 177.0, 130.0
75, 442.0, 131.0
76, 72.0, 134.0
77, 177.0, 135.0
78, 498.0, 135.0
79, 693.0, 136.0
80, 711.0, 138.0
81, 73.0, 139.0
82, 178.0, 140.0
83, 189.0, 140.0
84, 651.0, 141.0
85, 585.0, 143.0
86, 621.0, 143.0
87, 498.0, 145.0
88, 201.0, 146.0
89, 564.0, 146.0
90, 195.0, 147.0
91, 80.0, 148.0
92, 87.0, 148.0
93, 530.0, 155.0
94, 180.0, 158.0
95, 251.0, 160.0
96, 83.0, 161.0
97, 456.0, 161.0
98, 633.0, 161.0
99, 313.0, 165.0
100, 260.0, 167.0
101, 285.0, 167.0
102, 655.0, 167.0
103, 203.0, 168.0
104, 522.0, 168.0
105, 76.0, 169.0
106, 274.0, 169.0
107, 611.0, 170.0
108, 100.0, 171.0
109, 312.0, 171.0
110, 560.0, 173.0
111, 510.0, 174.0
112, 251.0, 175.0
113, 681.0, 175.0
114, 76.0, 176.0
115, 508.0, 181.0
116, 590.0, 181.0
117, 665.0, 181.0
118, 297.0, 182.0
119, 394.0, 182.0
120, 308.0, 184.0
121, 151.0, 185.0
122, 315.0, 186.0
123, 86.0, 187.0
124, 320.0, 187.0
125, 566.0, 188.0
126, 328.0, 189.0
127, 519.0, 189.0
128, 339.0, 191.0
129, 408.0, 193.0
130, 348.0, 194.0
131, 450.0, 194.0
132, 647.0, 194.0
133, 353.0, 195.0
134, 361.0, 197.0
135, 369.0, 199.0
136, 491.0, 200.0
137, 377.0, 201.0
138, 441.0, 201.0
139, 476.0, 202.0
140, 382.0, 203.0
141, 387.0, 204.0
142, 392.0, 205.0
143, 687.0, 206.0
144, 401.0, 207.0
145, 409.0, 210.0
146, 418.0, 212.0
147, 618.0, 214.0
148, 676.0, 214.0
149, 281.0, 215.0
150, 426.0, 215.0
151, 431.0, 216.0
152, 437.0, 216.0
153, 328.0, 220.0
154, 482.0, 222.0
155, 355.0, 224.0
156, 595.0, 226.0
157, 639.0, 226.0
158, 607.0, 227.0
159, 85.0, 233.0
160, 417.0, 235.0
161, 564.0, 237.0
162, 530.0, 240.0
163, 545.0, 242.0
164, 74.0, 244.0
165, 85.0, 244.0
166, 697.0, 244.0
167, 646.0, 245.0
168, 608.0, 246.0
169, 383.0, 248.0
170, 339.0, 249.0
171, 482.0, 249.0
172, 663.0, 249.0
173, 99.0, 254.0
174, 693.0, 257.0
175, 674.0, 259.0
176, 488.0, 262.0
177, 17.0, 263.0
178, 275.0, 264.0
179, 359.0, 264.0
180, 627.0, 268.0
181, 645.0, 272.0
182, 668.0, 276.0
183, 75.0, 279.0
184, 477.0, 279.0
185, 54.0, 281.0
186, 403.0, 281.0
187, 344.0, 282.0
188, 643.0, 282.0
189, 708.0, 283.0
190, 484.0, 286.0
191, 511.0, 288.0
192, 51.0, 291.0
193, 40.0, 294.0
194, 371.0, 295.0
195, 27.0, 297.0
196, 59.0, 297.0
197, 77.0, 297.0
198, 556.0, 298.0
199, 68.0, 299.0
200, 15.0, 300.0
201, 48.0, 300.0
202, 36.0, 304.0
203, 331.0, 304.0
204, 64.0, 306.0
205, 281.0, 306.0
206, 618.0, 308.0
207, 52.0, 309.0
208, 385.0, 310.0
209, 40.0, 313.0
210, 616.0, 313.0
211, 409.0, 314.0
212, 28.0, 316.0
213, 447.0, 316.0
214, 711.0, 319.0
215, 17.0, 320.0
216, 542.0, 320.0
217, 623.0, 321.0
218, 290.0, 324.0
219, 105.0, 325.0
220, 362.0, 325.0
221, 99.0, 326.0
222, 295.0, 332.0
223, 139.0, 333.0
224, 577.0, 333.0
225, 730.0, 335.0
226, 576.0, 338.0
227, 732.0, 341.0
228, 280.0, 342.0
229, 589.0, 343.0
230, 643.0, 343.0
231, 594.0, 344.0
232, 271.0, 345.0
233, 604.0, 346.0
234, 659.0, 346.0
235, 390.0, 347.0
236, 717.0, 348.0
237, 568.0, 352.0
238, 622.0, 352.0
239, 731.0, 352.0
240, 294.0, 353.0
241, 254.0, 356.0
242, 102.0, 359.0
243, 102.0, 364.0
244, 635.0, 366.0
245, 734.0, 367.0
246, 434.0, 368.0
247, 631.0, 373.0
248, 687.0, 374.0
249, 552.0, 380.0
250, 575.0, 380.0
251, 356.0, 383.0
252, 117.0, 385.0
253, 361.0, 386.0
254, 559.0, 386.0
255, 588.0, 386.0
256, 477.0, 387.0
257, 108.0, 390.0
258, 736.0, 392.0
259, 320.0, 394.0
260, 108.0, 395.0
261, 375.0, 396.0
262, 569.0, 398.0
263, 382.0, 400.0
264, 333.0, 401.0
265, 324.0, 402.0
266, 428.0, 402.0
267, 743.0, 402.0
268, 390.0, 403.0
269, 101.0, 404.0
270, 109.0, 404.0
271, 697.0, 404.0
272, 89.0, 405.0
273, 458.0, 406.0
274, 320.0, 407.0
275, 341.0, 407.0
276, 494.0, 408.0
277, 81.0, 411.0
278, 472.0, 411.0
279, 322.0, 412.0
280, 70.0, 413.0
281, 311.0, 413.0
282, 402.0, 414.0
283, 387.0, 415.0
284, 58.0, 417.0
285, 323.0, 418.0
286, 111.0, 419.0
287, 392.0, 419.0
288, 707.0, 421.0
289, 70.0, 422.0
290, 345.0, 422.0
291, 401.0, 422.0
292, 308.0, 423.0
293, 323.0, 423.0
294, 407.0, 423.0
295, 412.0, 423.0
296, 46.0, 424.0
297, 643.0, 425.0
298, 87.0, 426.0
299, 337.0, 426.0
300, 591.0, 426.0
301, 608.0, 426.0
302, 313.0, 427.0
303, 327.0, 429.0
304, 332.0, 429.0
305, 602.0, 429.0
306, 129.0, 430.0
307, 349.0, 430.0
308, 314.0, 432.0
309, 466.0, 432.0
310, 32.0, 433.0
311, 37.0, 433.0
312, 94.0, 435.0
313, 620.0, 435.0
314, 24.0, 436.0
315, 641.0, 436.0
316, 599.0, 437.0
317, 122.0, 438.0
318, 78.0, 439.0
319, 523.0, 439.0
320, 115.0, 440.0
321, 338.0, 440.0
322, 443.0, 440.0
323, 364.0, 443.0
324, 34.0, 444.0
325, 348.0, 444.0
326, 81.0, 446.0
327, 585.0, 446.0
328, 12.0, 447.0
329, 550.0, 448.0
330, 696.0, 448.0
331, 44.0, 449.0
332, 298.0, 450.0
333, 480.0, 455.0
334, 558.0, 455.0
335, 27.0, 456.0
336, 69.0, 458.0
337, 38.0, 459.0
338, 378.0, 461.0
339, 51.0, 462.0
340, 592.0, 462.0
341, 620.0, 462.0
342, 361.0, 463.0
343, 615.0, 463.0
344, 640.0, 464.0
345, 341.0, 465.0
346, 383.0, 465.0
347, 13.0, 466.0
348, 116.0, 466.0
349, 610.0, 466.0
350, 708.0, 466.0
351, 545.0, 467.0
352, 386.0, 470.0
