0, 450.0, 399.0
1, 482.0, 223.0
2, 453.0, 218.0
3, 264.0, 247.0
4, 463.0, 220.0
5, 243.0, 268.0
6, 139.0, 228.0
7, 608.0, 411.0
8, 523.0, 232.0
9, 502.0, 227.0
10, 474.0, 388.0
11, 137.0, 215.0
12, 90.0, 167.0
13, 445.0, 357.0
14, 558.0, 239.0
15, 95.0, 449.0
16, 558.0, 429.0
17, 72.0, 460.0
18, 138.0, 415.0
19, 510.0, 407.0
20, 463.0, 374.0
21, 506.0, 395.0
22, 46.0, 441.0
23, 124.0, 466.0
24, 486.0, 233.0
25, 181.0, 281.0
26, 492.0, 225.0
27, 129.0, 434.0
28, 436.0, 366.0
29, 444.0, 216.0
30, 546.0, 236.0
31, 615.0, 265.0
32, 513.0, 230.0
33, 324.0, 388.0
34, 597.0, 247.0
35, 472.0, 221.0
36, 160.0, 290.0
37, 62.0, 465.0
38, 292.0, 245.0
39, 626.0, 314.0
40, 558.0, 443.0
41, 91.0, 310.0
42, 514.0, 428.0
43, 126.0, 162.0
44, 133.0, 194.0
45, 243.0, 252.0
46, 84.0, 325.0
47, 605.0, 272.0
48, 83.0, 14.0
49, 134.0, 269.0
50, 118.0, 210.0
51, 121.0, 437.0
52, 309.0, 215.0
53, 427.0, 382.0
54, 528.0, 387.0
55, 552.0, 397.0
56, 537.0, 256.0
57, 251.0, 271.0
58, 505.0, 380.0
59, 34.0, 207.0
60, 652.0, 339.0
61, 403.0, 352.0
62, 274.0, 240.0
63, 546.0, 429.0
64, 152.0, 311.0
65, 457.0, 227.0
66, 128.0, 253.0
67, 535.0, 234.0
68, 466.0, 229.0
69, 196.0, 426.0
70, 664.0, 200.0
71, 484.0, 376.0
72, 65.0, 192.0
73, 32.0, 245.0
74, 110.0, 221.0
75, 120.0, 223.0
76, 447.0, 225.0
77, 296.0, 164.0
78, 141.0, 237.0
79, 494.0, 398.0
80, 495.0, 426.0
81, 419.0, 359.0
82, 192.0, 233.0
83, 233.0, 264.0
84, 167.0, 192.0
85, 599.0, 301.0
86, 459.0, 392.0
87, 111.0, 152.0
88, 636.0, 174.0
89, 273.0, 250.0
90, 523.0, 396.0
91, 263.0, 236.0
92, 484.0, 411.0
93, 115.0, 190.0
94, 119.0, 410.0
95, 25.0, 435.0
96, 427.0, 362.0
97, 494.0, 379.0
98, 410.0, 209.0
99, 571.0, 242.0
100, 551.0, 415.0
101, 583.0, 244.0
102, 549.0, 258.0
103, 49.0, 194.0
104, 115.0, 336.0
105, 576.0, 408.0
106, 33.0, 194.0
107, 189.0, 265.0
108, 472.0, 404.0
109, 179.0, 268.0
110, 251.0, 75.0
111, 175.0, 298.0
112, 418.0, 211.0
113, 29.0, 162.0
114, 563.0, 405.0
115, 21.0, 179.0
116, 64.0, 14.0
117, 94.0, 323.0
118, 563.0, 261.0
119, 51.0, 182.0
120, 690.0, 73.0
121, 305.0, 306.0
122, 423.0, 393.0
123, 154.0, 277.0
124, 395.0, 349.0
125, 442.0, 386.0
126, 194.0, 248.0
127, 8.0, 322.0
128, 40.0, 298.0
129, 125.0, 448.0
130, 540.0, 390.0
131, 144.0, 442.0
132, 81.0, 265.0
133, 132.0, 260.0
134, 128.0, 353.0
135, 142.0, 288.0
136, 438.0, 223.0
137, 230.0, 248.0
138, 21.0, 302.0
139, 437.0, 406.0
140, 104.0, 172.0
141, 576.0, 442.0
142, 453.0, 414.0
143, 182.0, 455.0
144, 37.0, 181.0
145, 219.0, 431.0
146, 42.0, 172.0
147, 189.0, 209.0
148, 303.0, 291.0
149, 379.0, 343.0
150, 514.0, 396.0
151, 31.0, 461.0
152, 202.0, 415.0
153, 156.0, 162.0
154, 63.0, 162.0
155, 476.0, 231.0
156, 465.0, 363.0
157, 94.0, 151.0
158, 677.0, 364.0
159, 299.0, 246.0
160, 14.0, 430.0
161, 484.0, 395.0
162, 301.0, 273.0
163, 365.0, 337.0
164, 57.0, 308.0
165, 85.0, 289.0
166, 515.0, 386.0
167, 108.0, 258.0
168, 129.0, 398.0
169, 307.0, 240.0
170, 81.0, 312.0
171, 411.0, 355.0
172, 340.0, 184.0
173, 665.0, 158.0
174, 81.0, 154.0
175, 117.0, 294.0
176, 599.0, 381.0
177, 104.0, 235.0
178, 311.0, 201.0
179, 455.0, 357.0
180, 291.0, 147.0
181, 151.0, 452.0
182, 97.0, 263.0
183, 140.0, 101.0
184, 372.0, 179.0
185, 496.0, 235.0
186, 96.0, 457.0
187, 577.0, 264.0
188, 30.0, 129.0
189, 123.0, 331.0
190, 225.0, 261.0
191, 387.0, 346.0
192, 115.0, 281.0
193, 148.0, 255.0
194, 82.0, 455.0
195, 147.0, 246.0
196, 170.0, 208.0
197, 98.0, 218.0
198, 32.0, 442.0
199, 129.0, 233.0
200, 524.0, 253.0
201, 92.0, 177.0
202, 216.0, 268.0
203, 435.0, 215.0
204, 197.0, 288.0
205, 181.0, 435.0
206, 281.0, 242.0
207, 162.0, 339.0
208, 16.0, 227.0
209, 135.0, 205.0
210, 507.0, 422.0
211, 172.0, 92.0
212, 363.0, 138.0
213, 252.0, 242.0
214, 136.0, 89.0
215, 262.0, 259.0
216, 591.0, 417.0
217, 458.0, 238.0
218, 545.0, 407.0
219, 284.0, 250.0
220, 44.0, 326.0
221, 331.0, 323.0
222, 512.0, 250.0
223, 156.0, 300.0
224, 155.0, 105.0
225, 472.0, 376.0
226, 123.0, 456.0
227, 196.0, 436.0
228, 580.0, 457.0
229, 136.0, 461.0
230, 62.0, 143.0
231, 26.0, 141.0
232, 531.0, 444.0
233, 88.0, 299.0
234, 104.0, 429.0
235, 93.0, 188.0
236, 399.0, 223.0
237, 312.0, 135.0
238, 740.0, 49.0
239, 91.0, 468.0
240, 395.0, 194.0
241, 546.0, 246.0
242, 45.0, 211.0
243, 182.0, 165.0
244, 489.0, 245.0
245, 134.0, 290.0
246, 539.0, 147.0
247, 42.0, 408.0
248, 546.0, 444.0
249, 593.0, 434.0
250, 607.0, 261.0
251, 372.0, 340.0
252, 164.0, 306.0
253, 121.0, 240.0
254, 131.0, 54.0
255, 8.0, 165.0
256, 136.0, 314.0
257, 155.0, 124.0
258, 300.0, 202.0
259, 697.0, 48.0
260, 249.0, 231.0
261, 163.0, 49.0
262, 390.0, 221.0
263, 137.0, 399.0
264, 706.0, 12.0
265, 63.0, 210.0
266, 648.0, 83.0
267, 358.0, 334.0
268, 228.0, 274.0
269, 163.0, 164.0
270, 683.0, 56.0
271, 299.0, 140.0
272, 351.0, 212.0
273, 189.0, 275.0
274, 105.0, 445.0
275, 500.0, 248.0
276, 210.0, 73.0
277, 46.0, 224.0
278, 26.0, 312.0
279, 379.0, 204.0
280, 499.0, 416.0
281, 27.0, 327.0
282, 650.0, 175.0
283, 128.0, 225.0
284, 249.0, 222.0
285, 169.0, 367.0
286, 94.0, 59.0
287, 321.0, 198.0
288, 112.0, 168.0
289, 344.0, 328.0
290, 82.0, 160.0
291, 51.0, 452.0
292, 225.0, 94.0
293, 358.0, 214.0
294, 101.0, 464.0
295, 322.0, 206.0
296, 172.0, 230.0
297, 104.0, 59.0
298, 375.0, 112.0
299, 606.0, 113.0
300, 199.0, 262.0
301, 35.0, 422.0
302, 441.0, 374.0
303, 19.0, 196.0
304, 16.0, 131.0
305, 86.0, 131.0
306, 114.0, 440.0
307, 66.0, 294.0
308, 336.0, 209.0
309, 10.0, 440.0
310, 243.0, 278.0
311, 420.0, 220.0
312, 105.0, 451.0
313, 408.0, 227.0
314, 277.0, 264.0
315, 124.0, 292.0
316, 12.0, 280.0
317, 533.0, 243.0
318, 329.0, 207.0
319, 427.0, 213.0
320, 358.0, 184.0
321, 477.0, 176.0
322, 441.0, 399.0
323, 8.0, 89.0
324, 727.0, 49.0
325, 44.0, 307.0
326, 148.0, 183.0
327, 592.0, 267.0
328, 305.0, 98.0
329, 366.0, 216.0
330, 449.0, 172.0
331, 508.0, 417.0
332, 48.0, 471.0
333, 314.0, 320.0
334, 583.0, 448.0
335, 222.0, 218.0
336, 122.0, 317.0
337, 151.0, 217.0
338, 339.0, 326.0
339, 118.0, 56.0
340, 53.0, 469.0
341, 17.0, 314.0
342, 146.0, 448.0
343, 62.0, 179.0
344, 326.0, 174.0
345, 167.0, 273.0
346, 232.0, 118.0
347, 134.0, 443.0
348, 471.0, 381.0
349, 214.0, 255.0
350, 287.0, 37.0
351, 115.0, 461.0
352, 577.0, 396.0
353, 125.0, 341.0
354, 374.0, 218.0
355, 132.0, 455.0
356, 170.0, 374.0
357, 333.0, 88.0
358, 495.0, 406.0
359, 16.0, 189.0
360, 325.0, 320.0
361, 135.0, 130.0
362, 50.0, 296.0
363, 428.0, 221.0
364, 78.0, 139.0
365, 184.0, 66.0
366, 510.0, 238.0
367, 121.0, 191.0
368, 644.0, 103.0
369, 427.0, 231.0
370, 735.0, 49.0
371, 313.0, 315.0
372, 688.0, 55.0
373, 477.0, 244.0
374, 569.0, 462.0
375, 463.0, 413.0
376, 140.0, 111.0
377, 125.0, 421.0
378, 332.0, 195.0
379, 349.0, 333.0
380, 124.0, 150.0
381, 607.0, 309.0
382, 20.0, 468.0
383, 522.0, 439.0
384, 216.0, 241.0
385, 167.0, 184.0
386, 451.0, 74.0
387, 417.0, 228.0
388, 382.0, 220.0
389, 24.0, 260.0
390, 116.0, 471.0
391, 140.0, 279.0
392, 565.0, 454.0
393, 14.0, 194.0
394, 341.0, 210.0
395, 96.0, 134.0
396, 468.0, 241.0
397, 521.0, 241.0
398, 122.0, 173.0
399, 430.0, 375.0
400, 401.0, 208.0
401, 60.0, 171.0
402, 169.0, 285.0
403, 303.0, 296.0
404, 72.0, 25.0
405, 52.0, 222.0
406, 515.0, 239.0
407, 448.0, 237.0
408, 489.0, 420.0
409, 299.0, 208.0
410, 55.0, 429.0
411, 441.0, 394.0
412, 456.0, 365.0
413, 16.0, 454.0
414, 95.0, 203.0
415, 505.0, 237.0
416, 8.0, 471.0
417, 144.0, 457.0
418, 62.0, 438.0
419, 197.0, 67.0
420, 199.0, 271.0
421, 174.0, 395.0
422, 13.0, 121.0
423, 140.0, 106.0
424, 71.0, 148.0
425, 93.0, 182.0
426, 290.0, 142.0
427, 102.0, 471.0
428, 575.0, 471.0
429, 19.0, 201.0
430, 229.0, 174.0
431, 8.0, 200.0
432, 586.0, 232.0
433, 309.0, 295.0
434, 171.0, 379.0
435, 437.0, 233.0
436, 532.0, 412.0
437, 411.0, 217.0
438, 217.0, 217.0
439, 27.0, 136.0
440, 135.0, 167.0
441, 583.0, 443.0
442, 138.0, 186.0
443, 227.0, 220.0
444, 564.0, 248.0
445, 143.0, 124.0
446, 292.0, 269.0
447, 146.0, 50.0
448, 573.0, 252.0
449, 597.0, 265.0
450, 247.0, 244.0
451, 256.0, 215.0
452, 304.0, 93.0
453, 219.0, 169.0
454, 526.0, 241.0
455, 345.0, 90.0
456, 393.0, 207.0
457, 588.0, 254.0
458, 116.0, 456.0
459, 220.0, 94.0
460, 254.0, 169.0
461, 599.0, 255.0
462, 154.0, 147.0
463, 497.0, 411.0
464, 206.0, 267.0
465, 540.0, 452.0
466, 77.0, 301.0
467, 205.0, 90.0
468, 224.0, 173.0
469, 37.0, 453.0
470, 473.0, 371.0
471, 320.0, 321.0
472, 100.0, 157.0
473, 299.0, 409.0
474, 157.0, 262.0
475, 44.0, 162.0
476, 152.0, 231.0
477, 698.0, 16.0
478, 23.0, 172.0
479, 289.0, 136.0
480, 552.0, 246.0
481, 17.0, 72.0
482, 136.0, 53.0
483, 22.0, 94.0
484, 159.0, 466.0
485, 115.0, 240.0
486, 348.0, 166.0
487, 347.0, 161.0
488, 159.0, 141.0
489, 346.0, 211.0
490, 148.0, 297.0
491, 71.0, 170.0
492, 422.0, 461.0
493, 303.0, 301.0
494, 637.0, 232.0
495, 36.0, 337.0
496, 367.0, 202.0
497, 150.0, 282.0
498, 291.0, 258.0
499, 10.0, 339.0
