0, 625.0, 47.0
1, 113.0, 49.0
2, 291.0, 51.0
3, 732.0, 52.0
4, 619.0, 68.0
5, 18.0, 72.0
6, 354.0, 73.0
7, 618.0, 73.0
8, 130.0, 87.0
9, 143.0, 87.0
10, 532.0, 87.0
11, 393.0, 94.0
12, 722.0, 96.0
13, 263.0, 100.0
14, 250.0, 101.0
15, 336.0, 102.0
16, 614.0, 110.0
17, 423.0, 118.0
18, 431.0, 118.0
19, 443.0, 121.0
20, 461.0, 122.0
21, 28.0, 124.0
22, 592.0, 124.0
23, 717.0, 133.0
24, 536.0, 134.0
25, 503.0, 138.0
26, 32.0, 141.0
27, 147.0, 144.0
28, 31.0, 146.0
29, 157.0, 147.0
30, 9.0, 149.0
31, 29.0, 151.0
32, 249.0, 155.0
33, 260.0, 155.0
34, 419.0, 155.0
35, 271.0, 156.0
36, 712.0, 158.0
37, 355.0, 161.0
38, 711.0, 163.0
39, 418.0, 164.0
40, 606.0, 165.0
41, 441.0, 168.0
42, 710.0, 168.0
43, 521.0, 169.0
44, 12.0, 172.0
45, 177.0, 174.0
46, 417.0, 175.0
47, 394.0, 176.0
48, 407.0, 176.0
49, 427.0, 176.0
50, 709.0, 176.0
51, 472.0, 177.0
52, 292.0, 179.0
53, 482.0, 179.0
54, 418.0, 180.0
55, 454.0, 180.0
56, 117.0, 181.0
57, 139.0, 182.0
58, 437.0, 182.0
59, 36.0, 183.0
60, 149.0, 183.0
61, 392.0, 183.0
62, 491.0, 183.0
63, 425.0, 184.0
64, 223.0, 185.0
65, 333.0, 185.0
66, 407.0, 185.0
67, 412.0, 185.0
68, 228.0, 186.0
69, 460.0, 186.0
70, 476.0, 186.0
71, 233.0, 188.0
72, 707.0, 189.0
73, 18.0, 190.0
74, 141.0, 190.0
75, 150.0, 190.0
76, 476.0, 191.0
77, 195.0, 193.0
78, 380.0, 194.0
79, 433.0, 195.0
80, 603.0, 195.0
81, 175.0, 199.0
82, 210.0, 199.0
83, 446.0, 199.0
84, 704.0, 199.0
85, 200.0, 200.0
86, 308.0, 200.0
87, 231.0, 201.0
88, 265.0, 201.0
89, 191.0, 202.0
90, 281.0, 202.0
91, 742.0, 202.0
92, 148.0, 205.0
93, 143.0, 207.0
94, 20.0, 208.0
95, 397.0, 210.0
96, 312.0, 212.0
97, 35.0, 213.0
98, 411.0, 213.0
99, 577.0, 213.0
100, 666.0, 214.0
101, 695.0, 214.0
102, 397.0, 215.0
103, 432.0, 215.0
104, 739.0, 215.0
105, 459.0, 216.0
106, 471.0, 216.0
107, 109.0, 217.0
108, 364.0, 217.0
109, 530.0, 217.0
110, 599.0, 219.0
111, 460.0, 221.0
112, 465.0, 221.0
113, 89.0, 223.0
114, 409.0, 223.0
115, 587.0, 223.0
116, 436.0, 224.0
117, 359.0, 225.0
118, 738.0, 225.0
119, 466.0, 226.0
120, 679.0, 226.0
121, 309.0, 227.0
122, 575.0, 227.0
123, 684.0, 227.0
124, 67.0, 228.0
125, 526.0, 228.0
126, 550.0, 228.0
127, 565.0, 228.0
128, 474.0, 229.0
129, 694.0, 229.0
130, 488.0, 230.0
131, 496.0, 230.0
132, 501.0, 230.0
133, 539.0, 230.0
134, 721.0, 230.0
135, 421.0, 231.0
136, 508.0, 231.0
137, 518.0, 231.0
138, 669.0, 231.0
139, 46.0, 233.0
140, 344.0, 233.0
141, 396.0, 233.0
142, 435.0, 233.0
143, 446.0, 233.0
144, 588.0, 233.0
145, 612.0, 233.0
146, 635.0, 233.0
147, 660.0, 233.0
148, 412.0, 234.0
149, 455.0, 234.0
150, 463.0, 234.0
151, 90.0, 235.0
152, 78.0, 237.0
153, 206.0, 237.0
154, 688.0, 237.0
155, 620.0, 238.0
156, 425.0, 239.0
157, 599.0, 239.0
158, 668.0, 241.0
159, 23.0, 242.0
160, 232.0, 242.0
161, 244.0, 242.0
162, 630.0, 242.0
163, 94.0, 243.0
164, 641.0, 243.0
165, 711.0, 244.0
166, 59.0, 245.0
167, 199.0, 245.0
168, 618.0, 245.0
169, 650.0, 245.0
170, 80.0, 246.0
171, 211.0, 246.0
172, 657.0, 248.0
173, 666.0, 248.0
174, 16.0, 249.0
175, 187.0, 249.0
176, 222.0, 250.0
177, 387.0, 250.0
178, 585.0, 250.0
179, 609.0, 250.0
180, 348.0, 251.0
181, 433.0, 251.0
182, 454.0, 251.0
183, 207.0, 252.0
184, 412.0, 252.0
185, 179.0, 253.0
186, 192.0, 253.0
187, 462.0, 253.0
188, 235.0, 254.0
189, 640.0, 254.0
190, 707.0, 254.0
191, 730.0, 254.0
192, 249.0, 255.0
193, 720.0, 255.0
194, 684.0, 257.0
195, 166.0, 258.0
196, 439.0, 258.0
197, 444.0, 258.0
198, 454.0, 259.0
199, 691.0, 260.0
200, 605.0, 262.0
201, 706.0, 262.0
202, 223.0, 263.0
203, 407.0, 263.0
204, 412.0, 263.0
205, 256.0, 264.0
206, 616.0, 264.0
207, 639.0, 264.0
208, 584.0, 265.0
209, 654.0, 265.0
210, 251.0, 266.0
211, 351.0, 266.0
212, 470.0, 266.0
213, 510.0, 267.0
214, 376.0, 268.0
215, 412.0, 268.0
216, 461.0, 268.0
217, 716.0, 268.0
218, 170.0, 269.0
219, 224.0, 269.0
220, 245.0, 269.0
221, 610.0, 269.0
222, 673.0, 269.0
223, 727.0, 269.0
224, 400.0, 270.0
225, 570.0, 270.0
226, 652.0, 271.0
227, 735.0, 272.0
228, 240.0, 273.0
229, 414.0, 273.0
230, 713.0, 273.0
231, 163.0, 274.0
232, 171.0, 274.0
233, 223.0, 274.0
234, 448.0, 274.0
235, 462.0, 275.0
236, 689.0, 275.0
237, 391.0, 276.0
238, 743.0, 276.0
239, 247.0, 278.0
240, 208.0, 279.0
241, 222.0, 279.0
242, 163.0, 280.0
243, 193.0, 280.0
244, 158.0, 281.0
245, 414.0, 281.0
246, 420.0, 281.0
247, 425.0, 281.0
248, 403.0, 282.0
249, 170.0, 283.0
250, 259.0, 283.0
251, 465.0, 283.0
252, 221.0, 286.0
253, 452.0, 286.0
254, 677.0, 286.0
255, 706.0, 287.0
256, 722.0, 287.0
257, 241.0, 289.0
258, 355.0, 289.0
259, 375.0, 290.0
260, 490.0, 291.0
261, 255.0, 293.0
262, 171.0, 294.0
263, 391.0, 295.0
264, 427.0, 295.0
265, 405.0, 296.0
266, 227.0, 297.0
267, 410.0, 297.0
268, 453.0, 299.0
269, 705.0, 299.0
270, 215.0, 300.0
271, 458.0, 300.0
272, 463.0, 300.0
273, 720.0, 300.0
274, 347.0, 302.0
275, 167.0, 305.0
276, 231.0, 308.0
277, 556.0, 308.0
278, 720.0, 311.0
279, 734.0, 311.0
280, 535.0, 314.0
281, 221.0, 315.0
282, 423.0, 317.0
283, 337.0, 320.0
284, 148.0, 323.0
285, 216.0, 336.0
286, 642.0, 338.0
287, 662.0, 339.0
288, 677.0, 339.0
289, 688.0, 343.0
290, 459.0, 346.0
291, 686.0, 351.0
292, 700.0, 352.0
293, 322.0, 356.0
294, 743.0, 363.0
295, 689.0, 364.0
296, 681.0, 371.0
297, 386.0, 377.0
298, 669.0, 382.0
299, 365.0, 383.0
300, 697.0, 384.0
301, 682.0, 387.0
302, 660.0, 395.0
303, 734.0, 395.0
304, 346.0, 396.0
305, 638.0, 399.0
306, 673.0, 400.0
307, 221.0, 408.0
308, 359.0, 409.0
309, 616.0, 414.0
310, 352.0, 419.0
311, 643.0, 421.0
312, 703.0, 423.0
313, 639.0, 426.0
314, 682.0, 437.0
315, 219.0, 440.0
316, 606.0, 443.0
317, 366.0, 448.0
318, 616.0, 448.0
319, 653.0, 450.0
320, 245.0, 457.0
321, 251.0, 457.0
322, 380.0, 457.0
323, 267.0, 461.0
324, 603.0, 461.0
325, 662.0, 463.0
326, 404.0, 465.0
327, 596.0, 465.0
328, 676.0, 465.0
329, 610.0, 470.0
