0, 440.0, 10.0
1, 347.0, 13.0
2, 210.0, 15.0
3, 198.0, 16.0
4, 215.0, 18.0
5, 566.0, 19.0
6, 216.0, 23.0
7, 234.0, 23.0
8, 736.0, 23.0
9, 346.0, 29.0
10, 200.0, 33.0
11, 209.0, 34.0
12, 325.0, 37.0
13, 352.0, 37.0
14, 346.0, 38.0
15, 564.0, 38.0
16, 337.0, 39.0
17, 45.0, 40.0
18, 364.0, 41.0
19, 409.0, 41.0
20, 344.0, 47.0
21, 355.0, 58.0
22, 472.0, 58.0
23, 338.0, 59.0
24, 354.0, 75.0
25, 55.0, 80.0
26, 57.0, 88.0
27, 57.0, 96.0
28, 347.0, 97.0
29, 722.0, 98.0
30, 400.0, 113.0
31, 625.0, 119.0
32, 8.0, 120.0
33, 57.0, 121.0
34, 118.0, 121.0
35, 33.0, 123.0
36, 208.0, 126.0
37, 219.0, 126.0
38, 34.0, 128.0
39, 90.0, 129.0
40, 80.0, 131.0
41, 94.0, 134.0
42, 712.0, 134.0
43, 13.0, 136.0
44, 36.0, 136.0
45, 69.0, 136.0
46, 88.0, 137.0
47, 322.0, 138.0
48, 311.0, 139.0
49, 96.0, 143.0
50, 70.0, 144.0
51, 220.0, 144.0
52, 82.0, 146.0
53, 621.0, 146.0
54, 40.0, 150.0
55, 16.0, 152.0
56, 459.0, 153.0
57, 467.0, 153.0
58, 76.0, 157.0
59, 87.0, 157.0
60, 97.0, 157.0
61, 706.0, 163.0
62, 126.0, 164.0
63, 104.0, 166.0
64, 44.0, 167.0
65, 57.0, 168.0
66, 68.0, 168.0
67, 706.0, 168.0
68, 22.0, 171.0
69, 528.0, 174.0
70, 128.0, 178.0
71, 84.0, 179.0
72, 49.0, 180.0
73, 61.0, 180.0
74, 25.0, 183.0
75, 317.0, 184.0
76, 309.0, 185.0
77, 328.0, 185.0
78, 63.0, 186.0
79, 122.0, 186.0
80, 702.0, 187.0
81, 94.0, 188.0
82, 455.0, 188.0
83, 22.0, 189.0
84, 104.0, 189.0
85, 400.0, 189.0
86, 84.0, 190.0
87, 613.0, 191.0
88, 75.0, 192.0
89, 165.0, 192.0
90, 700.0, 192.0
91, 54.0, 194.0
92, 18.0, 195.0
93, 699.0, 200.0
94, 453.0, 203.0
95, 435.0, 204.0
96, 460.0, 204.0
97, 118.0, 205.0
98, 219.0, 206.0
99, 214.0, 207.0
100, 224.0, 207.0
101, 486.0, 207.0
102, 511.0, 207.0
103, 611.0, 207.0
104, 109.0, 208.0
105, 100.0, 210.0
106, 696.0, 212.0
107, 423.0, 213.0
108, 296.0, 215.0
109, 386.0, 216.0
110, 439.0, 216.0
111, 453.0, 216.0
112, 467.0, 216.0
113, 448.0, 217.0
114, 129.0, 218.0
115, 419.0, 218.0
116, 496.0, 218.0
117, 524.0, 218.0
118, 610.0, 218.0
119, 511.0, 219.0
120, 694.0, 220.0
121, 120.0, 221.0
122, 113.0, 223.0
123, 216.0, 225.0
124, 224.0, 226.0
125, 101.0, 227.0
126, 149.0, 232.0
127, 434.0, 232.0
128, 674.0, 233.0
129, 687.0, 233.0
130, 588.0, 234.0
131, 663.0, 234.0
132, 103.0, 235.0
133, 115.0, 235.0
134, 445.0, 235.0
135, 268.0, 236.0
136, 454.0, 236.0
137, 433.0, 237.0
138, 468.0, 237.0
139, 549.0, 237.0
140, 606.0, 237.0
141, 220.0, 238.0
142, 282.0, 238.0
143, 296.0, 238.0
144, 321.0, 238.0
145, 404.0, 238.0
146, 491.0, 238.0
147, 507.0, 238.0
148, 384.0, 239.0
149, 355.0, 240.0
150, 674.0, 240.0
151, 360.0, 241.0
152, 374.0, 241.0
153, 219.0, 245.0
154, 451.0, 245.0
155, 586.0, 245.0
156, 674.0, 245.0
157, 117.0, 246.0
158, 565.0, 246.0
159, 134.0, 247.0
160, 159.0, 247.0
161, 545.0, 247.0
162, 576.0, 247.0
163, 151.0, 248.0
164, 519.0, 248.0
165, 597.0, 249.0
166, 616.0, 249.0
167, 636.0, 249.0
168, 657.0, 249.0
169, 664.0, 249.0
170, 685.0, 249.0
171, 219.0, 250.0
172, 434.0, 250.0
173, 449.0, 250.0
174, 457.0, 250.0
175, 475.0, 250.0
176, 529.0, 250.0
177, 172.0, 251.0
178, 182.0, 251.0
179, 225.0, 251.0
180, 395.0, 251.0
181, 502.0, 251.0
182, 535.0, 251.0
183, 739.0, 251.0
184, 195.0, 252.0
185, 232.0, 252.0
186, 237.0, 252.0
187, 709.0, 252.0
188, 250.0, 253.0
189, 135.0, 254.0
190, 206.0, 254.0
191, 605.0, 254.0
192, 161.0, 255.0
193, 149.0, 256.0
194, 245.0, 256.0
195, 465.0, 256.0
196, 487.0, 256.0
197, 475.0, 257.0
198, 494.0, 258.0
199, 622.0, 259.0
200, 120.0, 261.0
201, 654.0, 262.0
202, 662.0, 262.0
203, 239.0, 263.0
204, 594.0, 263.0
205, 614.0, 263.0
206, 699.0, 263.0
207, 398.0, 265.0
208, 421.0, 265.0
209, 426.0, 265.0
210, 448.0, 265.0
211, 456.0, 265.0
212, 465.0, 265.0
213, 137.0, 268.0
214, 149.0, 268.0
215, 163.0, 268.0
216, 491.0, 268.0
217, 129.0, 269.0
218, 232.0, 270.0
219, 448.0, 270.0
220, 677.0, 271.0
221, 341.0, 272.0
222, 711.0, 272.0
223, 456.0, 273.0
224, 473.0, 273.0
225, 484.0, 273.0
226, 610.0, 273.0
227, 723.0, 273.0
228, 733.0, 273.0
229, 447.0, 275.0
230, 592.0, 275.0
231, 619.0, 275.0
232, 638.0, 275.0
233, 683.0, 275.0
234, 139.0, 276.0
235, 167.0, 276.0
236, 176.0, 276.0
237, 226.0, 276.0
238, 149.0, 277.0
239, 400.0, 277.0
240, 611.0, 278.0
241, 695.0, 278.0
242, 499.0, 279.0
243, 532.0, 279.0
244, 438.0, 280.0
245, 581.0, 280.0
246, 616.0, 281.0
247, 650.0, 281.0
248, 668.0, 281.0
249, 721.0, 281.0
250, 90.0, 282.0
251, 337.0, 282.0
252, 731.0, 282.0
253, 73.0, 283.0
254, 168.0, 283.0
255, 183.0, 283.0
256, 188.0, 283.0
257, 205.0, 283.0
258, 711.0, 283.0
259, 155.0, 284.0
260, 216.0, 284.0
261, 117.0, 285.0
262, 241.0, 285.0
263, 246.0, 285.0
264, 494.0, 285.0
265, 680.0, 287.0
266, 700.0, 287.0
267, 72.0, 288.0
268, 127.0, 288.0
269, 430.0, 288.0
270, 439.0, 288.0
271, 229.0, 289.0
272, 456.0, 289.0
273, 343.0, 290.0
274, 479.0, 290.0
275, 157.0, 291.0
276, 178.0, 291.0
277, 495.0, 291.0
278, 164.0, 292.0
279, 216.0, 293.0
280, 256.0, 294.0
281, 363.0, 294.0
282, 671.0, 295.0
283, 203.0, 296.0
284, 376.0, 296.0
285, 445.0, 296.0
286, 455.0, 296.0
287, 497.0, 296.0
288, 234.0, 298.0
289, 695.0, 298.0
290, 361.0, 299.0
291, 487.0, 299.0
292, 347.0, 300.0
293, 404.0, 300.0
294, 708.0, 301.0
295, 195.0, 302.0
296, 516.0, 302.0
297, 25.0, 303.0
298, 332.0, 303.0
299, 75.0, 304.0
300, 226.0, 305.0
301, 403.0, 305.0
302, 218.0, 306.0
303, 340.0, 306.0
304, 435.0, 306.0
305, 724.0, 306.0
306, 195.0, 307.0
307, 359.0, 307.0
308, 443.0, 307.0
309, 380.0, 308.0
310, 448.0, 308.0
311, 694.0, 308.0
312, 490.0, 311.0
313, 495.0, 311.0
314, 273.0, 312.0
315, 8.0, 313.0
316, 331.0, 314.0
317, 342.0, 314.0
318, 348.0, 314.0
319, 48.0, 315.0
320, 21.0, 316.0
321, 35.0, 316.0
322, 184.0, 319.0
323, 372.0, 319.0
324, 382.0, 319.0
325, 574.0, 319.0
326, 332.0, 320.0
327, 377.0, 321.0
328, 20.0, 323.0
329, 96.0, 323.0
330, 78.0, 324.0
331, 61.0, 325.0
332, 558.0, 325.0
333, 378.0, 326.0
334, 330.0, 327.0
335, 467.0, 328.0
336, 8.0, 329.0
337, 335.0, 329.0
338, 15.0, 331.0
339, 374.0, 332.0
340, 28.0, 333.0
341, 378.0, 339.0
342, 369.0, 341.0
343, 18.0, 342.0
344, 333.0, 346.0
345, 672.0, 346.0
346, 680.0, 348.0
347, 84.0, 352.0
348, 102.0, 352.0
349, 374.0, 352.0
350, 506.0, 354.0
351, 690.0, 356.0
352, 316.0, 357.0
353, 368.0, 366.0
354, 479.0, 367.0
355, 683.0, 369.0
356, 456.0, 381.0
357, 109.0, 383.0
358, 668.0, 384.0
359, 441.0, 387.0
360, 116.0, 393.0
361, 430.0, 395.0
362, 646.0, 398.0
363, 429.0, 400.0
364, 144.0, 406.0
365, 443.0, 409.0
366, 631.0, 410.0
367, 129.0, 411.0
368, 436.0, 415.0
369, 368.0, 416.0
370, 647.0, 418.0
371, 445.0, 428.0
372, 626.0, 431.0
373, 686.0, 434.0
374, 657.0, 435.0
375, 366.0, 436.0
376, 145.0, 438.0
377, 453.0, 438.0
378, 664.0, 444.0
379, 347.0, 445.0
380, 467.0, 445.0
381, 687.0, 445.0
382, 682.0, 446.0
383, 381.0, 448.0
384, 626.0, 450.0
385, 489.0, 451.0
386, 256.0, 464.0
387, 505.0, 465.0
388, 588.0, 465.0
389, 647.0, 465.0
390, 261.0, 466.0
391, 272.0, 467.0
392, 581.0, 468.0
393, 701.0, 469.0
394, 488.0, 470.0
395, 683.0, 471.0
