0, 160.0, 8.0
1, 588.0, 10.0
2, 202.0, 11.0
3, 618.0, 11.0
4, 737.0, 14.0
5, 319.0, 16.0
6, 732.0, 16.0
7, 571.0, 19.0
8, 161.0, 20.0
9, 725.0, 20.0
10, 233.0, 21.0
11, 478.0, 21.0
12, 579.0, 21.0
13, 584.0, 21.0
14, 631.0, 21.0
15, 87.0, 22.0
16, 558.0, 23.0
17, 615.0, 24.0
18, 626.0, 25.0
19, 697.0, 25.0
20, 692.0, 27.0
21, 134.0, 28.0
22, 125.0, 29.0
23, 567.0, 30.0
24, 575.0, 30.0
25, 252.0, 34.0
26, 628.0, 34.0
27, 555.0, 35.0
28, 613.0, 35.0
29, 181.0, 37.0
30, 621.0, 37.0
31, 693.0, 40.0
32, 564.0, 43.0
33, 178.0, 44.0
34, 49.0, 48.0
35, 252.0, 51.0
36, 558.0, 51.0
37, 82.0, 52.0
38, 573.0, 53.0
39, 578.0, 54.0
40, 597.0, 54.0
41, 613.0, 54.0
42, 52.0, 56.0
43, 227.0, 57.0
44, 512.0, 57.0
45, 23.0, 58.0
46, 154.0, 60.0
47, 99.0, 62.0
48, 178.0, 63.0
49, 54.0, 64.0
50, 342.0, 64.0
51, 588.0, 64.0
52, 582.0, 65.0
53, 601.0, 65.0
54, 607.0, 65.0
55, 8.0, 72.0
56, 166.0, 77.0
57, 296.0, 77.0
58, 593.0, 77.0
59, 240.0, 80.0
60, 149.0, 85.0
61, 269.0, 85.0
62, 158.0, 86.0
63, 574.0, 86.0
64, 607.0, 86.0
65, 619.0, 87.0
66, 630.0, 87.0
67, 47.0, 88.0
68, 564.0, 88.0
69, 223.0, 89.0
70, 331.0, 89.0
71, 551.0, 89.0
72, 247.0, 90.0
73, 183.0, 95.0
74, 614.0, 95.0
75, 560.0, 96.0
76, 565.0, 96.0
77, 33.0, 98.0
78, 628.0, 98.0
79, 258.0, 100.0
80, 549.0, 100.0
81, 138.0, 101.0
82, 160.0, 101.0
83, 170.0, 105.0
84, 109.0, 106.0
85, 617.0, 106.0
86, 557.0, 107.0
87, 300.0, 108.0
88, 16.0, 109.0
89, 178.0, 109.0
90, 130.0, 111.0
91, 299.0, 113.0
92, 620.0, 113.0
93, 163.0, 114.0
94, 226.0, 114.0
95, 342.0, 114.0
96, 602.0, 114.0
97, 609.0, 114.0
98, 614.0, 114.0
99, 552.0, 115.0
100, 259.0, 116.0
101, 565.0, 116.0
102, 576.0, 117.0
103, 587.0, 118.0
104, 65.0, 119.0
105, 139.0, 120.0
106, 300.0, 122.0
107, 56.0, 123.0
108, 172.0, 124.0
109, 163.0, 125.0
110, 572.0, 125.0
111, 190.0, 126.0
112, 600.0, 126.0
113, 612.0, 126.0
114, 605.0, 127.0
115, 100.0, 128.0
116, 271.0, 129.0
117, 586.0, 130.0
118, 156.0, 132.0
119, 258.0, 134.0
120, 575.0, 138.0
121, 119.0, 140.0
122, 165.0, 143.0
123, 600.0, 144.0
124, 562.0, 145.0
125, 578.0, 145.0
126, 398.0, 146.0
127, 81.0, 149.0
128, 72.0, 151.0
129, 105.0, 151.0
130, 411.0, 152.0
131, 238.0, 156.0
132, 150.0, 157.0
133, 277.0, 161.0
134, 107.0, 162.0
135, 68.0, 166.0
136, 197.0, 171.0
137, 743.0, 172.0
138, 340.0, 175.0
139, 315.0, 179.0
140, 181.0, 180.0
141, 112.0, 186.0
142, 454.0, 190.0
143, 175.0, 192.0
144, 163.0, 195.0
145, 307.0, 195.0
146, 143.0, 196.0
147, 236.0, 198.0
148, 78.0, 200.0
149, 155.0, 200.0
150, 201.0, 201.0
151, 540.0, 204.0
152, 264.0, 206.0
153, 273.0, 206.0
154, 733.0, 211.0
155, 186.0, 214.0
156, 9.0, 218.0
157, 731.0, 218.0
158, 305.0, 220.0
159, 730.0, 223.0
160, 252.0, 228.0
161, 299.0, 230.0
162, 475.0, 231.0
163, 128.0, 239.0
164, 103.0, 249.0
165, 307.0, 249.0
166, 276.0, 250.0
167, 301.0, 252.0
168, 113.0, 254.0
169, 330.0, 257.0
170, 19.0, 260.0
171, 564.0, 261.0
172, 547.0, 262.0
173, 356.0, 263.0
174, 63.0, 264.0
175, 524.0, 266.0
176, 563.0, 266.0
177, 578.0, 266.0
178, 319.0, 267.0
179, 90.0, 269.0
180, 535.0, 269.0
181, 47.0, 271.0
182, 171.0, 271.0
183, 247.0, 272.0
184, 558.0, 273.0
185, 548.0, 274.0
186, 219.0, 275.0
187, 478.0, 275.0
188, 580.0, 275.0
189, 79.0, 278.0
190, 511.0, 278.0
191, 540.0, 279.0
192, 204.0, 280.0
193, 576.0, 284.0
194, 600.0, 284.0
195, 50.0, 285.0
196, 140.0, 285.0
197, 547.0, 285.0
198, 589.0, 286.0
199, 635.0, 286.0
200, 14.0, 289.0
201, 108.0, 289.0
202, 175.0, 289.0
203, 385.0, 289.0
204, 332.0, 290.0
205, 478.0, 290.0
206, 543.0, 290.0
207, 557.0, 292.0
208, 598.0, 292.0
209, 572.0, 294.0
210, 95.0, 295.0
211, 100.0, 295.0
212, 626.0, 295.0
213, 468.0, 296.0
214, 632.0, 296.0
215, 567.0, 297.0
216, 556.0, 298.0
217, 486.0, 301.0
218, 707.0, 301.0
219, 597.0, 303.0
220, 631.0, 303.0
221, 58.0, 305.0
222, 115.0, 306.0
223, 590.0, 306.0
224, 572.0, 311.0
225, 613.0, 312.0
226, 623.0, 312.0
227, 215.0, 313.0
228, 9.0, 314.0
229, 568.0, 319.0
230, 150.0, 323.0
231, 349.0, 324.0
232, 460.0, 326.0
233, 565.0, 326.0
234, 167.0, 328.0
235, 551.0, 328.0
236, 207.0, 329.0
237, 43.0, 330.0
238, 537.0, 330.0
239, 577.0, 331.0
240, 28.0, 334.0
241, 697.0, 335.0
242, 505.0, 336.0
243, 103.0, 337.0
244, 69.0, 338.0
245, 409.0, 339.0
246, 486.0, 339.0
247, 585.0, 339.0
248, 535.0, 340.0
249, 340.0, 343.0
250, 563.0, 344.0
251, 23.0, 346.0
252, 298.0, 346.0
253, 194.0, 347.0
254, 549.0, 347.0
255, 719.0, 348.0
256, 208.0, 349.0
257, 533.0, 350.0
258, 518.0, 353.0
259, 553.0, 355.0
260, 336.0, 356.0
261, 561.0, 357.0
262, 613.0, 358.0
263, 721.0, 358.0
264, 374.0, 359.0
265, 586.0, 359.0
266, 281.0, 360.0
267, 573.0, 360.0
268, 312.0, 361.0
269, 358.0, 362.0
270, 125.0, 363.0
271, 496.0, 363.0
272, 531.0, 363.0
273, 538.0, 363.0
274, 521.0, 364.0
275, 672.0, 364.0
276, 86.0, 366.0
277, 346.0, 367.0
278, 624.0, 367.0
279, 646.0, 367.0
280, 500.0, 368.0
281, 566.0, 368.0
282, 553.0, 370.0
283, 322.0, 371.0
284, 561.0, 371.0
285, 574.0, 371.0
286, 72.0, 372.0
287, 334.0, 372.0
288, 304.0, 373.0
289, 501.0, 373.0
290, 543.0, 373.0
291, 642.0, 373.0
292, 89.0, 374.0
293, 712.0, 374.0
294, 520.0, 375.0
295, 605.0, 375.0
296, 24.0, 377.0
297, 39.0, 377.0
298, 531.0, 378.0
299, 568.0, 378.0
300, 199.0, 380.0
301, 231.0, 380.0
302, 343.0, 380.0
303, 254.0, 381.0
304, 332.0, 381.0
305, 337.0, 381.0
306, 327.0, 382.0
307, 549.0, 383.0
308, 225.0, 384.0
309, 359.0, 384.0
310, 378.0, 384.0
311, 132.0, 385.0
312, 25.0, 387.0
313, 515.0, 387.0
314, 592.0, 387.0
315, 671.0, 388.0
316, 336.0, 389.0
317, 573.0, 389.0
318, 346.0, 391.0
319, 583.0, 391.0
320, 146.0, 392.0
321, 594.0, 392.0
322, 558.0, 393.0
323, 63.0, 394.0
324, 351.0, 394.0
325, 576.0, 395.0
326, 704.0, 395.0
327, 324.0, 397.0
328, 675.0, 397.0
329, 95.0, 398.0
330, 132.0, 399.0
331, 159.0, 399.0
332, 687.0, 399.0
333, 442.0, 400.0
334, 591.0, 400.0
335, 662.0, 400.0
336, 113.0, 402.0
337, 184.0, 402.0
338, 657.0, 402.0
339, 616.0, 403.0
340, 626.0, 403.0
341, 123.0, 404.0
342, 695.0, 404.0
343, 49.0, 405.0
344, 308.0, 405.0
345, 672.0, 406.0
346, 228.0, 407.0
347, 15.0, 408.0
348, 292.0, 408.0
349, 287.0, 409.0
350, 279.0, 410.0
351, 539.0, 411.0
352, 624.0, 415.0
353, 704.0, 415.0
354, 113.0, 416.0
355, 257.0, 416.0
356, 629.0, 416.0
357, 142.0, 417.0
358, 637.0, 418.0
359, 238.0, 420.0
360, 80.0, 423.0
361, 61.0, 427.0
362, 224.0, 427.0
363, 71.0, 428.0
364, 201.0, 428.0
365, 219.0, 430.0
366, 565.0, 430.0
367, 189.0, 431.0
368, 214.0, 431.0
369, 544.0, 431.0
370, 227.0, 432.0
371, 174.0, 433.0
372, 401.0, 433.0
373, 165.0, 435.0
374, 74.0, 436.0
375, 53.0, 440.0
376, 76.0, 441.0
377, 166.0, 441.0
378, 127.0, 444.0
379, 43.0, 446.0
380, 56.0, 447.0
381, 110.0, 447.0
382, 101.0, 449.0
383, 110.0, 453.0
384, 81.0, 455.0
385, 61.0, 460.0
386, 81.0, 460.0
387, 189.0, 461.0
388, 276.0, 461.0
389, 76.0, 463.0
390, 63.0, 466.0
391, 266.0, 466.0
392, 15.0, 471.0
393, 281.0, 471.0
