0, 155.0, 408.0
1, 395.0, 376.0
2, 396.0, 222.0
3, 248.0, 269.0
4, 119.0, 371.0
5, 693.0, 391.0
6, 117.0, 357.0
7, 365.0, 231.0
8, 480.0, 211.0
9, 124.0, 275.0
10, 173.0, 182.0
11, 199.0, 393.0
12, 164.0, 386.0
13, 379.0, 208.0
14, 207.0, 186.0
15, 137.0, 403.0
16, 323.0, 374.0
17, 644.0, 378.0
18, 139.0, 338.0
19, 219.0, 158.0
20, 534.0, 284.0
21, 337.0, 321.0
22, 426.0, 218.0
23, 150.0, 392.0
24, 358.0, 351.0
25, 510.0, 235.0
26, 211.0, 290.0
27, 287.0, 48.0
28, 675.0, 448.0
29, 588.0, 401.0
30, 135.0, 384.0
31, 561.0, 251.0
32, 278.0, 298.0
33, 254.0, 323.0
34, 546.0, 291.0
35, 198.0, 294.0
36, 378.0, 193.0
37, 610.0, 217.0
38, 586.0, 411.0
39, 103.0, 197.0
40, 392.0, 413.0
41, 597.0, 213.0
42, 480.0, 421.0
43, 575.0, 189.0
44, 264.0, 407.0
45, 561.0, 291.0
46, 522.0, 187.0
47, 593.0, 315.0
48, 88.0, 320.0
49, 607.0, 235.0
50, 535.0, 208.0
51, 462.0, 255.0
52, 150.0, 280.0
53, 528.0, 395.0
54, 323.0, 327.0
55, 421.0, 185.0
56, 377.0, 384.0
57, 551.0, 221.0
58, 65.0, 29.0
59, 624.0, 424.0
60, 310.0, 324.0
61, 541.0, 325.0
62, 398.0, 284.0
63, 125.0, 210.0
64, 533.0, 296.0
65, 63.0, 204.0
66, 481.0, 196.0
67, 148.0, 375.0
68, 360.0, 150.0
69, 663.0, 450.0
70, 336.0, 275.0
71, 130.0, 367.0
72, 112.0, 344.0
73, 138.0, 277.0
74, 401.0, 269.0
75, 167.0, 395.0
76, 43.0, 14.0
77, 161.0, 359.0
78, 129.0, 353.0
79, 232.0, 273.0
80, 626.0, 377.0
81, 347.0, 331.0
82, 38.0, 139.0
83, 606.0, 395.0
84, 456.0, 283.0
85, 229.0, 208.0
86, 548.0, 211.0
87, 385.0, 275.0
88, 184.0, 275.0
89, 122.0, 389.0
90, 560.0, 184.0
91, 416.0, 272.0
92, 368.0, 67.0
93, 581.0, 384.0
94, 536.0, 191.0
95, 128.0, 432.0
96, 140.0, 426.0
97, 239.0, 295.0
98, 187.0, 447.0
99, 565.0, 202.0
100, 177.0, 201.0
101, 394.0, 198.0
102, 16.0, 435.0
103, 621.0, 434.0
104, 126.0, 408.0
105, 149.0, 335.0
106, 563.0, 443.0
107, 127.0, 339.0
108, 306.0, 57.0
109, 302.0, 37.0
110, 388.0, 266.0
111, 592.0, 383.0
112, 294.0, 21.0
113, 497.0, 217.0
114, 409.0, 390.0
115, 418.0, 234.0
116, 238.0, 345.0
117, 208.0, 336.0
118, 545.0, 179.0
119, 256.0, 339.0
120, 380.0, 342.0
121, 298.0, 343.0
122, 388.0, 176.0
123, 697.0, 380.0
124, 533.0, 221.0
125, 496.0, 256.0
126, 236.0, 309.0
127, 578.0, 301.0
128, 186.0, 367.0
129, 240.0, 283.0
130, 327.0, 21.0
131, 628.0, 446.0
132, 509.0, 317.0
133, 180.0, 166.0
134, 100.0, 186.0
135, 143.0, 161.0
136, 208.0, 159.0
137, 587.0, 126.0
138, 555.0, 303.0
139, 585.0, 287.0
140, 399.0, 388.0
141, 189.0, 431.0
142, 412.0, 180.0
143, 241.0, 215.0
144, 579.0, 206.0
145, 215.0, 375.0
146, 334.0, 362.0
147, 110.0, 319.0
148, 48.0, 139.0
149, 558.0, 279.0
150, 219.0, 221.0
151, 124.0, 316.0
152, 684.0, 403.0
153, 331.0, 337.0
154, 367.0, 281.0
155, 211.0, 214.0
156, 387.0, 240.0
157, 685.0, 384.0
158, 177.0, 330.0
159, 512.0, 184.0
160, 544.0, 228.0
161, 569.0, 396.0
162, 605.0, 409.0
163, 470.0, 407.0
164, 552.0, 261.0
165, 602.0, 259.0
166, 165.0, 293.0
167, 602.0, 433.0
168, 570.0, 336.0
169, 179.0, 108.0
170, 112.0, 331.0
171, 32.0, 99.0
172, 393.0, 157.0
173, 453.0, 190.0
174, 168.0, 318.0
175, 439.0, 86.0
176, 416.0, 290.0
177, 605.0, 471.0
178, 95.0, 203.0
179, 536.0, 239.0
180, 465.0, 298.0
181, 527.0, 323.0
182, 159.0, 372.0
183, 391.0, 400.0
184, 572.0, 267.0
185, 430.0, 240.0
186, 264.0, 448.0
187, 252.0, 447.0
188, 452.0, 86.0
189, 457.0, 111.0
190, 492.0, 227.0
191, 242.0, 319.0
192, 132.0, 458.0
193, 167.0, 214.0
194, 635.0, 464.0
195, 199.0, 383.0
196, 468.0, 264.0
197, 125.0, 327.0
198, 129.0, 223.0
199, 573.0, 220.0
200, 490.0, 252.0
201, 51.0, 21.0
202, 437.0, 232.0
203, 499.0, 199.0
204, 515.0, 224.0
205, 94.0, 175.0
206, 400.0, 296.0
207, 493.0, 300.0
208, 666.0, 376.0
209, 622.0, 254.0
210, 310.0, 343.0
211, 251.0, 400.0
212, 414.0, 162.0
213, 449.0, 232.0
214, 607.0, 421.0
215, 481.0, 223.0
216, 440.0, 429.0
217, 192.0, 285.0
218, 179.0, 397.0
219, 552.0, 197.0
220, 450.0, 276.0
221, 316.0, 362.0
222, 580.0, 454.0
223, 548.0, 244.0
224, 11.0, 393.0
225, 477.0, 318.0
226, 72.0, 325.0
227, 502.0, 179.0
228, 25.0, 163.0
229, 173.0, 419.0
230, 234.0, 29.0
231, 179.0, 214.0
232, 465.0, 227.0
233, 431.0, 289.0
234, 173.0, 345.0
235, 283.0, 387.0
236, 299.0, 331.0
237, 509.0, 115.0
238, 698.0, 450.0
239, 490.0, 237.0
240, 225.0, 146.0
241, 430.0, 250.0
242, 446.0, 219.0
243, 148.0, 205.0
244, 245.0, 255.0
245, 344.0, 273.0
246, 557.0, 430.0
247, 336.0, 20.0
248, 367.0, 181.0
249, 420.0, 254.0
250, 623.0, 126.0
251, 604.0, 293.0
252, 311.0, 77.0
253, 184.0, 301.0
254, 545.0, 392.0
255, 347.0, 98.0
256, 334.0, 44.0
257, 192.0, 226.0
258, 602.0, 329.0
259, 663.0, 465.0
260, 517.0, 279.0
261, 204.0, 197.0
262, 647.0, 368.0
263, 400.0, 209.0
264, 318.0, 100.0
265, 219.0, 417.0
266, 42.0, 442.0
267, 34.0, 455.0
268, 569.0, 386.0
269, 591.0, 266.0
270, 215.0, 278.0
271, 312.0, 335.0
272, 214.0, 366.0
273, 12.0, 417.0
274, 340.0, 38.0
275, 487.0, 116.0
276, 531.0, 175.0
277, 721.0, 373.0
278, 52.0, 435.0
279, 370.0, 402.0
280, 231.0, 16.0
281, 366.0, 207.0
282, 554.0, 418.0
283, 537.0, 133.0
284, 142.0, 255.0
285, 354.0, 264.0
286, 614.0, 201.0
287, 366.0, 310.0
288, 416.0, 247.0
289, 488.0, 266.0
290, 554.0, 323.0
291, 58.0, 12.0
292, 197.0, 248.0
293, 236.0, 410.0
294, 609.0, 381.0
295, 531.0, 253.0
296, 18.0, 373.0
297, 369.0, 130.0
298, 371.0, 154.0
299, 147.0, 297.0
300, 257.0, 355.0
301, 594.0, 197.0
302, 258.0, 209.0
303, 737.0, 451.0
304, 254.0, 412.0
305, 335.0, 286.0
306, 356.0, 67.0
307, 244.0, 246.0
308, 367.0, 245.0
309, 527.0, 268.0
310, 443.0, 201.0
311, 351.0, 280.0
312, 179.0, 143.0
313, 708.0, 385.0
314, 361.0, 262.0
315, 584.0, 276.0
316, 542.0, 255.0
317, 478.0, 283.0
318, 47.0, 29.0
319, 636.0, 254.0
320, 664.0, 431.0
321, 717.0, 391.0
322, 444.0, 188.0
323, 450.0, 415.0
324, 26.0, 427.0
325, 639.0, 266.0
326, 431.0, 183.0
327, 493.0, 312.0
328, 478.0, 297.0
329, 307.0, 270.0
330, 222.0, 301.0
331, 460.0, 55.0
332, 222.0, 196.0
333, 434.0, 165.0
334, 506.0, 223.0
335, 145.0, 450.0
336, 138.0, 233.0
337, 354.0, 408.0
338, 616.0, 445.0
339, 626.0, 362.0
340, 538.0, 114.0
341, 315.0, 270.0
342, 127.0, 193.0
343, 335.0, 154.0
344, 330.0, 77.0
345, 347.0, 55.0
346, 457.0, 265.0
347, 701.0, 402.0
348, 266.0, 309.0
349, 266.0, 382.0
350, 536.0, 342.0
351, 455.0, 341.0
352, 371.0, 270.0
353, 53.0, 168.0
354, 417.0, 154.0
355, 176.0, 438.0
356, 191.0, 394.0
357, 241.0, 231.0
358, 726.0, 306.0
359, 36.0, 169.0
360, 742.0, 328.0
361, 232.0, 284.0
362, 396.0, 180.0
363, 572.0, 320.0
364, 366.0, 419.0
365, 549.0, 331.0
366, 370.0, 366.0
367, 609.0, 271.0
368, 376.0, 435.0
369, 153.0, 233.0
370, 682.0, 426.0
371, 99.0, 471.0
372, 444.0, 246.0
373, 174.0, 462.0
374, 437.0, 294.0
375, 376.0, 122.0
376, 614.0, 466.0
377, 202.0, 259.0
378, 544.0, 312.0
379, 211.0, 356.0
380, 331.0, 36.0
381, 362.0, 402.0
382, 347.0, 124.0
383, 228.0, 350.0
384, 486.0, 285.0
385, 626.0, 341.0
386, 115.0, 445.0
387, 386.0, 307.0
388, 356.0, 219.0
389, 203.0, 319.0
390, 574.0, 258.0
391, 378.0, 227.0
392, 328.0, 62.0
393, 169.0, 230.0
394, 421.0, 407.0
395, 225.0, 329.0
396, 193.0, 209.0
397, 147.0, 147.0
398, 89.0, 389.0
399, 256.0, 171.0
400, 518.0, 244.0
401, 507.0, 394.0
402, 484.0, 335.0
403, 402.0, 358.0
404, 230.0, 175.0
405, 327.0, 127.0
406, 457.0, 174.0
407, 588.0, 433.0
408, 264.0, 265.0
409, 247.0, 361.0
410, 220.0, 183.0
411, 312.0, 306.0
412, 368.0, 196.0
413, 347.0, 185.0
414, 499.0, 448.0
415, 262.0, 242.0
416, 454.0, 294.0
417, 114.0, 284.0
418, 349.0, 151.0
419, 203.0, 180.0
420, 663.0, 403.0
421, 408.0, 193.0
422, 514.0, 287.0
423, 417.0, 142.0
424, 411.0, 241.0
425, 71.0, 447.0
426, 227.0, 255.0
427, 259.0, 194.0
428, 243.0, 46.0
429, 103.0, 213.0
430, 545.0, 304.0
431, 725.0, 323.0
432, 212.0, 466.0
433, 406.0, 222.0
434, 421.0, 419.0
435, 370.0, 169.0
436, 609.0, 303.0
437, 529.0, 233.0
438, 572.0, 462.0
439, 349.0, 252.0
440, 512.0, 453.0
441, 513.0, 298.0
442, 446.0, 211.0
443, 472.0, 380.0
444, 572.0, 426.0
445, 413.0, 213.0
446, 478.0, 400.0
447, 476.0, 338.0
448, 262.0, 248.0
449, 365.0, 120.0
450, 544.0, 202.0
451, 465.0, 235.0
452, 618.0, 274.0
453, 671.0, 408.0
454, 115.0, 148.0
455, 634.0, 365.0
456, 590.0, 299.0
457, 110.0, 448.0
458, 134.0, 259.0
459, 59.0, 183.0
460, 101.0, 257.0
461, 287.0, 94.0
462, 502.0, 290.0
463, 634.0, 436.0
464, 205.0, 141.0
465, 362.0, 161.0
466, 521.0, 316.0
467, 38.0, 362.0
468, 339.0, 135.0
469, 570.0, 243.0
470, 222.0, 290.0
471, 351.0, 76.0
472, 370.0, 100.0
473, 358.0, 273.0
474, 77.0, 442.0
475, 182.0, 456.0
476, 179.0, 176.0
477, 362.0, 98.0
478, 662.0, 439.0
479, 353.0, 141.0
480, 504.0, 281.0
481, 334.0, 296.0
482, 517.0, 305.0
483, 536.0, 331.0
484, 367.0, 257.0
485, 191.0, 324.0
486, 372.0, 263.0
487, 201.0, 216.0
488, 637.0, 385.0
489, 330.0, 259.0
490, 638.0, 201.0
491, 128.0, 184.0
492, 82.0, 440.0
493, 52.0, 213.0
494, 325.0, 316.0
495, 458.0, 205.0
496, 517.0, 177.0
497, 663.0, 207.0
498, 463.0, 462.0
499, 199.0, 236.0
