0, 430.0, 40.0
1, 139.0, 42.0
2, 291.0, 43.0
3, 734.0, 46.0
4, 606.0, 57.0
5, 244.0, 62.0
6, 43.0, 65.0
7, 17.0, 66.0
8, 353.0, 66.0
9, 620.0, 66.0
10, 129.0, 80.0
11, 142.0, 81.0
12, 278.0, 87.0
13, 393.0, 87.0
14, 724.0, 90.0
15, 411.0, 91.0
16, 250.0, 94.0
17, 262.0, 94.0
18, 336.0, 95.0
19, 616.0, 104.0
20, 432.0, 111.0
21, 424.0, 112.0
22, 593.0, 117.0
23, 27.0, 118.0
24, 720.0, 118.0
25, 719.0, 123.0
26, 133.0, 126.0
27, 718.0, 128.0
28, 536.0, 129.0
29, 31.0, 135.0
30, 146.0, 137.0
31, 30.0, 140.0
32, 159.0, 142.0
33, 9.0, 143.0
34, 337.0, 143.0
35, 27.0, 145.0
36, 249.0, 149.0
37, 259.0, 149.0
38, 272.0, 150.0
39, 419.0, 154.0
40, 356.0, 155.0
41, 712.0, 157.0
42, 418.0, 159.0
43, 607.0, 159.0
44, 438.0, 160.0
45, 474.0, 160.0
46, 520.0, 163.0
47, 12.0, 165.0
48, 417.0, 170.0
49, 427.0, 170.0
50, 711.0, 170.0
51, 394.0, 171.0
52, 473.0, 171.0
53, 143.0, 172.0
54, 482.0, 173.0
55, 454.0, 174.0
56, 421.0, 175.0
57, 149.0, 176.0
58, 437.0, 176.0
59, 139.0, 177.0
60, 491.0, 177.0
61, 392.0, 178.0
62, 426.0, 178.0
63, 223.0, 179.0
64, 334.0, 179.0
65, 408.0, 179.0
66, 460.0, 180.0
67, 36.0, 181.0
68, 477.0, 181.0
69, 232.0, 182.0
70, 708.0, 183.0
71, 141.0, 184.0
72, 150.0, 184.0
73, 18.0, 185.0
74, 196.0, 186.0
75, 379.0, 189.0
76, 604.0, 190.0
77, 194.0, 191.0
78, 175.0, 193.0
79, 396.0, 193.0
80, 705.0, 193.0
81, 210.0, 194.0
82, 308.0, 194.0
83, 446.0, 194.0
84, 215.0, 195.0
85, 231.0, 195.0
86, 264.0, 195.0
87, 191.0, 196.0
88, 196.0, 196.0
89, 281.0, 196.0
90, 743.0, 197.0
91, 147.0, 200.0
92, 20.0, 203.0
93, 397.0, 207.0
94, 35.0, 208.0
95, 312.0, 208.0
96, 411.0, 208.0
97, 577.0, 208.0
98, 696.0, 208.0
99, 432.0, 209.0
100, 667.0, 209.0
101, 460.0, 210.0
102, 474.0, 210.0
103, 740.0, 210.0
104, 109.0, 211.0
105, 467.0, 211.0
106, 531.0, 212.0
107, 362.0, 213.0
108, 409.0, 214.0
109, 600.0, 214.0
110, 682.0, 214.0
111, 396.0, 215.0
112, 461.0, 215.0
113, 466.0, 216.0
114, 88.0, 218.0
115, 437.0, 219.0
116, 739.0, 219.0
117, 411.0, 221.0
118, 467.0, 221.0
119, 576.0, 221.0
120, 680.0, 221.0
121, 67.0, 222.0
122, 526.0, 222.0
123, 550.0, 222.0
124, 563.0, 223.0
125, 568.0, 223.0
126, 695.0, 223.0
127, 475.0, 224.0
128, 487.0, 224.0
129, 496.0, 224.0
130, 539.0, 224.0
131, 503.0, 225.0
132, 509.0, 225.0
133, 669.0, 225.0
134, 722.0, 225.0
135, 421.0, 226.0
136, 518.0, 226.0
137, 345.0, 227.0
138, 360.0, 227.0
139, 435.0, 227.0
140, 524.0, 227.0
141, 589.0, 227.0
142, 613.0, 227.0
143, 637.0, 227.0
144, 46.0, 228.0
145, 395.0, 228.0
146, 446.0, 228.0
147, 455.0, 228.0
148, 660.0, 228.0
149, 463.0, 229.0
150, 90.0, 230.0
151, 79.0, 231.0
152, 206.0, 231.0
153, 620.0, 232.0
154, 689.0, 232.0
155, 425.0, 234.0
156, 600.0, 234.0
157, 699.0, 234.0
158, 669.0, 235.0
159, 23.0, 236.0
160, 232.0, 236.0
161, 94.0, 237.0
162, 245.0, 237.0
163, 630.0, 237.0
164, 711.0, 238.0
165, 199.0, 239.0
166, 619.0, 239.0
167, 641.0, 239.0
168, 650.0, 239.0
169, 58.0, 240.0
170, 81.0, 240.0
171, 211.0, 240.0
172, 188.0, 242.0
173, 687.0, 242.0
174, 17.0, 243.0
175, 657.0, 243.0
176, 666.0, 243.0
177, 221.0, 244.0
178, 348.0, 245.0
179, 388.0, 245.0
180, 433.0, 245.0
181, 455.0, 245.0
182, 586.0, 245.0
183, 610.0, 245.0
184, 412.0, 246.0
185, 180.0, 247.0
186, 192.0, 247.0
187, 207.0, 247.0
188, 462.0, 247.0
189, 235.0, 248.0
190, 708.0, 248.0
191, 720.0, 249.0
192, 731.0, 249.0
193, 640.0, 250.0
194, 87.0, 251.0
195, 444.0, 252.0
196, 684.0, 252.0
197, 119.0, 253.0
198, 167.0, 253.0
199, 247.0, 253.0
200, 454.0, 253.0
201, 306.0, 255.0
202, 692.0, 255.0
203, 224.0, 256.0
204, 412.0, 256.0
205, 605.0, 256.0
206, 237.0, 257.0
207, 706.0, 257.0
208, 257.0, 258.0
209, 406.0, 258.0
210, 616.0, 258.0
211, 351.0, 259.0
212, 584.0, 259.0
213, 638.0, 259.0
214, 655.0, 259.0
215, 470.0, 261.0
216, 376.0, 262.0
217, 224.0, 263.0
218, 245.0, 263.0
219, 510.0, 263.0
220, 532.0, 263.0
221, 674.0, 263.0
222, 717.0, 263.0
223, 400.0, 264.0
224, 460.0, 264.0
225, 569.0, 264.0
226, 611.0, 264.0
227, 727.0, 264.0
228, 201.0, 265.0
229, 652.0, 266.0
230, 735.0, 266.0
231, 240.0, 267.0
232, 171.0, 268.0
233, 223.0, 268.0
234, 255.0, 268.0
235, 414.0, 268.0
236, 713.0, 268.0
237, 462.0, 269.0
238, 392.0, 270.0
239, 689.0, 270.0
240, 743.0, 271.0
241, 164.0, 273.0
242, 222.0, 273.0
243, 247.0, 273.0
244, 159.0, 274.0
245, 403.0, 276.0
246, 414.0, 276.0
247, 419.0, 276.0
248, 425.0, 276.0
249, 171.0, 277.0
250, 259.0, 277.0
251, 222.0, 278.0
252, 465.0, 278.0
253, 678.0, 280.0
254, 452.0, 281.0
255, 708.0, 282.0
256, 722.0, 282.0
257, 241.0, 283.0
258, 375.0, 283.0
259, 355.0, 284.0
260, 489.0, 285.0
261, 256.0, 287.0
262, 391.0, 289.0
263, 404.0, 290.0
264, 227.0, 291.0
265, 410.0, 291.0
266, 458.0, 294.0
267, 463.0, 294.0
268, 706.0, 294.0
269, 720.0, 294.0
270, 215.0, 295.0
271, 347.0, 297.0
272, 168.0, 300.0
273, 556.0, 302.0
274, 231.0, 303.0
275, 735.0, 303.0
276, 719.0, 305.0
277, 534.0, 308.0
278, 222.0, 309.0
279, 423.0, 312.0
280, 337.0, 314.0
281, 148.0, 317.0
282, 303.0, 324.0
283, 217.0, 332.0
284, 374.0, 332.0
285, 637.0, 333.0
286, 676.0, 335.0
287, 328.0, 336.0
288, 687.0, 337.0
289, 459.0, 340.0
290, 326.0, 342.0
291, 685.0, 345.0
292, 324.0, 347.0
293, 700.0, 347.0
294, 688.0, 358.0
295, 680.0, 365.0
296, 220.0, 371.0
297, 384.0, 371.0
298, 365.0, 376.0
299, 668.0, 376.0
300, 696.0, 377.0
301, 194.0, 388.0
302, 346.0, 390.0
303, 637.0, 393.0
304, 222.0, 402.0
305, 359.0, 402.0
306, 614.0, 408.0
307, 352.0, 413.0
308, 637.0, 420.0
309, 636.0, 425.0
310, 362.0, 426.0
311, 681.0, 431.0
312, 222.0, 434.0
313, 604.0, 437.0
314, 367.0, 442.0
315, 614.0, 442.0
316, 652.0, 444.0
317, 246.0, 451.0
318, 252.0, 451.0
319, 381.0, 451.0
320, 268.0, 453.0
321, 602.0, 455.0
322, 403.0, 457.0
323, 661.0, 457.0
324, 595.0, 458.0
325, 674.0, 458.0
326, 601.0, 463.0
327, 606.0, 463.0
328, 560.0, 468.0
