0, 699.0, 8.0
1, 290.0, 51.0
2, 732.0, 53.0
3, 727.0, 56.0
4, 512.0, 67.0
5, 18.0, 72.0
6, 353.0, 72.0
7, 618.0, 73.0
8, 129.0, 87.0
9, 143.0, 87.0
10, 532.0, 88.0
11, 278.0, 93.0
12, 392.0, 94.0
13, 722.0, 96.0
14, 263.0, 100.0
15, 250.0, 101.0
16, 614.0, 110.0
17, 720.0, 110.0
18, 423.0, 118.0
19, 431.0, 118.0
20, 28.0, 124.0
21, 716.0, 128.0
22, 717.0, 133.0
23, 536.0, 134.0
24, 32.0, 141.0
25, 146.0, 144.0
26, 31.0, 146.0
27, 9.0, 149.0
28, 29.0, 151.0
29, 249.0, 155.0
30, 260.0, 155.0
31, 271.0, 156.0
32, 712.0, 157.0
33, 293.0, 160.0
34, 475.0, 160.0
35, 356.0, 161.0
36, 711.0, 162.0
37, 418.0, 164.0
38, 606.0, 164.0
39, 438.0, 166.0
40, 710.0, 168.0
41, 519.0, 169.0
42, 12.0, 172.0
43, 407.0, 176.0
44, 417.0, 176.0
45, 427.0, 176.0
46, 710.0, 176.0
47, 394.0, 177.0
48, 472.0, 177.0
49, 438.0, 179.0
50, 482.0, 179.0
51, 292.0, 180.0
52, 454.0, 180.0
53, 418.0, 181.0
54, 139.0, 182.0
55, 36.0, 183.0
56, 149.0, 183.0
57, 392.0, 183.0
58, 491.0, 183.0
59, 425.0, 184.0
60, 223.0, 185.0
61, 333.0, 185.0
62, 407.0, 185.0
63, 412.0, 185.0
64, 228.0, 186.0
65, 460.0, 186.0
66, 476.0, 187.0
67, 212.0, 188.0
68, 233.0, 188.0
69, 706.0, 189.0
70, 141.0, 190.0
71, 150.0, 190.0
72, 18.0, 191.0
73, 37.0, 192.0
74, 476.0, 192.0
75, 196.0, 193.0
76, 603.0, 195.0
77, 377.0, 197.0
78, 175.0, 199.0
79, 210.0, 199.0
80, 704.0, 199.0
81, 200.0, 200.0
82, 215.0, 200.0
83, 308.0, 200.0
84, 231.0, 201.0
85, 264.0, 201.0
86, 396.0, 201.0
87, 191.0, 202.0
88, 281.0, 202.0
89, 742.0, 203.0
90, 147.0, 206.0
91, 20.0, 208.0
92, 312.0, 213.0
93, 577.0, 213.0
94, 35.0, 214.0
95, 397.0, 214.0
96, 411.0, 214.0
97, 666.0, 214.0
98, 695.0, 214.0
99, 432.0, 215.0
100, 739.0, 215.0
101, 365.0, 216.0
102, 459.0, 216.0
103, 471.0, 216.0
104, 111.0, 217.0
105, 530.0, 217.0
106, 600.0, 219.0
107, 460.0, 221.0
108, 465.0, 221.0
109, 409.0, 222.0
110, 396.0, 223.0
111, 436.0, 225.0
112, 738.0, 225.0
113, 466.0, 226.0
114, 679.0, 226.0
115, 309.0, 227.0
116, 410.0, 227.0
117, 575.0, 227.0
118, 687.0, 227.0
119, 67.0, 228.0
120, 526.0, 228.0
121, 550.0, 228.0
122, 474.0, 229.0
123, 565.0, 229.0
124, 694.0, 229.0
125, 488.0, 230.0
126, 496.0, 230.0
127, 501.0, 230.0
128, 539.0, 230.0
129, 721.0, 230.0
130, 421.0, 231.0
131, 508.0, 231.0
132, 514.0, 231.0
133, 669.0, 231.0
134, 46.0, 233.0
135, 396.0, 233.0
136, 434.0, 233.0
137, 446.0, 233.0
138, 588.0, 233.0
139, 612.0, 233.0
140, 635.0, 233.0
141, 660.0, 233.0
142, 344.0, 234.0
143, 411.0, 234.0
144, 455.0, 234.0
145, 463.0, 234.0
146, 89.0, 235.0
147, 78.0, 237.0
148, 620.0, 237.0
149, 687.0, 237.0
150, 206.0, 238.0
151, 425.0, 239.0
152, 599.0, 239.0
153, 668.0, 241.0
154, 12.0, 242.0
155, 231.0, 242.0
156, 244.0, 242.0
157, 22.0, 243.0
158, 94.0, 243.0
159, 641.0, 243.0
160, 711.0, 244.0
161, 58.0, 245.0
162, 199.0, 245.0
163, 649.0, 245.0
164, 80.0, 246.0
165, 211.0, 246.0
166, 618.0, 246.0
167, 687.0, 247.0
168, 666.0, 248.0
169, 16.0, 249.0
170, 187.0, 249.0
171, 656.0, 249.0
172, 222.0, 250.0
173, 609.0, 250.0
174, 348.0, 251.0
175, 387.0, 251.0
176, 433.0, 251.0
177, 454.0, 251.0
178, 585.0, 251.0
179, 207.0, 252.0
180, 412.0, 252.0
181, 640.0, 252.0
182, 179.0, 253.0
183, 192.0, 253.0
184, 462.0, 253.0
185, 235.0, 254.0
186, 707.0, 254.0
187, 249.0, 255.0
188, 719.0, 255.0
189, 730.0, 255.0
190, 684.0, 257.0
191, 166.0, 258.0
192, 439.0, 258.0
193, 444.0, 258.0
194, 454.0, 259.0
195, 244.0, 261.0
196, 692.0, 261.0
197, 605.0, 262.0
198, 706.0, 262.0
199, 223.0, 263.0
200, 236.0, 263.0
201, 407.0, 263.0
202, 412.0, 263.0
203, 615.0, 263.0
204, 256.0, 264.0
205, 584.0, 265.0
206, 639.0, 265.0
207, 654.0, 265.0
208, 351.0, 266.0
209, 470.0, 266.0
210, 376.0, 267.0
211, 510.0, 267.0
212, 412.0, 268.0
213, 461.0, 268.0
214, 716.0, 268.0
215, 170.0, 269.0
216, 224.0, 269.0
217, 245.0, 269.0
218, 610.0, 269.0
219, 673.0, 269.0
220, 726.0, 269.0
221, 400.0, 270.0
222, 570.0, 270.0
223, 466.0, 271.0
224, 652.0, 271.0
225, 735.0, 272.0
226, 240.0, 273.0
227, 414.0, 273.0
228, 713.0, 273.0
229, 163.0, 274.0
230, 170.0, 274.0
231, 448.0, 275.0
232, 689.0, 275.0
233, 391.0, 276.0
234, 462.0, 276.0
235, 743.0, 276.0
236, 230.0, 277.0
237, 247.0, 278.0
238, 222.0, 279.0
239, 163.0, 280.0
240, 192.0, 280.0
241, 208.0, 280.0
242, 158.0, 281.0
243, 424.0, 281.0
244, 414.0, 282.0
245, 170.0, 283.0
246, 259.0, 283.0
247, 402.0, 283.0
248, 465.0, 283.0
249, 221.0, 286.0
250, 452.0, 286.0
251, 677.0, 286.0
252, 706.0, 288.0
253, 721.0, 288.0
254, 241.0, 289.0
255, 355.0, 290.0
256, 489.0, 291.0
257, 255.0, 293.0
258, 171.0, 294.0
259, 391.0, 295.0
260, 402.0, 295.0
261, 227.0, 297.0
262, 407.0, 297.0
263, 412.0, 297.0
264, 453.0, 299.0
265, 705.0, 299.0
266, 458.0, 300.0
267, 719.0, 300.0
268, 215.0, 301.0
269, 463.0, 301.0
270, 347.0, 303.0
271, 736.0, 305.0
272, 167.0, 306.0
273, 556.0, 308.0
274, 230.0, 309.0
275, 734.0, 310.0
276, 720.0, 311.0
277, 535.0, 314.0
278, 221.0, 315.0
279, 423.0, 318.0
280, 714.0, 319.0
281, 148.0, 323.0
282, 303.0, 333.0
283, 373.0, 337.0
284, 216.0, 338.0
285, 642.0, 338.0
286, 661.0, 339.0
287, 677.0, 340.0
288, 688.0, 343.0
289, 326.0, 347.0
290, 456.0, 347.0
291, 686.0, 352.0
292, 701.0, 353.0
293, 672.0, 355.0
294, 322.0, 356.0
295, 743.0, 363.0
296, 689.0, 364.0
297, 681.0, 371.0
298, 385.0, 377.0
299, 688.0, 377.0
300, 669.0, 382.0
301, 697.0, 382.0
302, 365.0, 383.0
303, 682.0, 387.0
304, 193.0, 394.0
305, 345.0, 397.0
306, 638.0, 400.0
307, 673.0, 400.0
308, 220.0, 409.0
309, 359.0, 409.0
310, 616.0, 414.0
311, 352.0, 419.0
312, 639.0, 426.0
313, 282.0, 432.0
314, 682.0, 437.0
315, 220.0, 441.0
316, 606.0, 443.0
317, 366.0, 448.0
318, 616.0, 448.0
319, 653.0, 450.0
320, 244.0, 457.0
321, 251.0, 457.0
322, 380.0, 458.0
323, 267.0, 461.0
324, 603.0, 461.0
325, 662.0, 463.0
326, 404.0, 465.0
327, 596.0, 465.0
328, 676.0, 465.0
329, 610.0, 470.0
