0, 521.0, 236.0
1, 132.0, 342.0
2, 457.0, 193.0
3, 409.0, 251.0
4, 127.0, 362.0
5, 118.0, 319.0
6, 363.0, 198.0
7, 534.0, 240.0
8, 556.0, 263.0
9, 183.0, 394.0
10, 366.0, 145.0
11, 640.0, 346.0
12, 184.0, 296.0
13, 135.0, 377.0
14, 195.0, 344.0
15, 551.0, 179.0
16, 551.0, 343.0
17, 552.0, 194.0
18, 470.0, 195.0
19, 454.0, 356.0
20, 110.0, 335.0
21, 543.0, 260.0
22, 203.0, 139.0
23, 222.0, 257.0
24, 545.0, 244.0
25, 423.0, 73.0
26, 197.0, 386.0
27, 269.0, 255.0
28, 568.0, 277.0
29, 630.0, 362.0
30, 550.0, 208.0
31, 624.0, 392.0
32, 171.0, 407.0
33, 202.0, 190.0
34, 384.0, 135.0
35, 341.0, 14.0
36, 543.0, 367.0
37, 336.0, 435.0
38, 236.0, 279.0
39, 394.0, 263.0
40, 461.0, 361.0
41, 396.0, 330.0
42, 197.0, 157.0
43, 414.0, 203.0
44, 709.0, 336.0
45, 623.0, 176.0
46, 243.0, 131.0
47, 725.0, 318.0
48, 363.0, 320.0
49, 509.0, 244.0
50, 336.0, 310.0
51, 260.0, 185.0
52, 194.0, 410.0
53, 351.0, 311.0
54, 326.0, 318.0
55, 141.0, 356.0
56, 588.0, 299.0
57, 128.0, 166.0
58, 702.0, 456.0
59, 272.0, 295.0
60, 507.0, 174.0
61, 614.0, 192.0
62, 173.0, 377.0
63, 232.0, 131.0
64, 359.0, 250.0
65, 533.0, 153.0
66, 586.0, 170.0
67, 652.0, 466.0
68, 443.0, 360.0
69, 185.0, 374.0
70, 62.0, 186.0
71, 573.0, 107.0
72, 178.0, 258.0
73, 182.0, 244.0
74, 377.0, 146.0
75, 513.0, 284.0
76, 198.0, 355.0
77, 246.0, 183.0
78, 575.0, 247.0
79, 114.0, 221.0
80, 149.0, 169.0
81, 311.0, 259.0
82, 570.0, 366.0
83, 411.0, 266.0
84, 148.0, 371.0
85, 375.0, 343.0
86, 205.0, 395.0
87, 157.0, 250.0
88, 157.0, 201.0
89, 537.0, 213.0
90, 251.0, 360.0
91, 13.0, 362.0
92, 270.0, 267.0
93, 558.0, 306.0
94, 74.0, 327.0
95, 370.0, 254.0
96, 245.0, 428.0
97, 116.0, 349.0
98, 159.0, 415.0
99, 155.0, 237.0
100, 563.0, 243.0
101, 396.0, 249.0
102, 187.0, 465.0
103, 500.0, 98.0
104, 125.0, 330.0
105, 103.0, 324.0
106, 31.0, 195.0
107, 157.0, 337.0
108, 151.0, 218.0
109, 215.0, 321.0
110, 548.0, 225.0
111, 363.0, 304.0
112, 443.0, 350.0
113, 361.0, 265.0
114, 160.0, 388.0
115, 510.0, 230.0
116, 290.0, 327.0
117, 583.0, 285.0
118, 520.0, 247.0
119, 556.0, 376.0
120, 183.0, 320.0
121, 177.0, 365.0
122, 628.0, 354.0
123, 547.0, 188.0
124, 638.0, 178.0
125, 592.0, 223.0
126, 526.0, 198.0
127, 250.0, 444.0
128, 252.0, 369.0
129, 172.0, 439.0
130, 249.0, 274.0
131, 146.0, 340.0
132, 240.0, 308.0
133, 555.0, 387.0
134, 219.0, 395.0
135, 510.0, 155.0
136, 610.0, 350.0
137, 440.0, 97.0
138, 613.0, 218.0
139, 680.0, 428.0
140, 512.0, 216.0
141, 347.0, 272.0
142, 120.0, 116.0
143, 527.0, 433.0
144, 355.0, 48.0
145, 670.0, 412.0
146, 597.0, 265.0
147, 586.0, 266.0
148, 737.0, 385.0
149, 276.0, 266.0
150, 516.0, 197.0
151, 619.0, 228.0
152, 646.0, 359.0
153, 539.0, 202.0
154, 590.0, 206.0
155, 141.0, 149.0
156, 231.0, 202.0
157, 487.0, 274.0
158, 203.0, 278.0
159, 429.0, 216.0
160, 567.0, 291.0
161, 257.0, 197.0
162, 27.0, 461.0
163, 322.0, 436.0
164, 675.0, 460.0
165, 237.0, 378.0
166, 148.0, 158.0
167, 534.0, 339.0
168, 673.0, 469.0
169, 502.0, 226.0
170, 223.0, 362.0
171, 408.0, 225.0
172, 289.0, 401.0
173, 528.0, 275.0
174, 246.0, 326.0
175, 301.0, 389.0
176, 385.0, 146.0
177, 344.0, 262.0
178, 470.0, 181.0
179, 276.0, 279.0
180, 535.0, 161.0
181, 330.0, 329.0
182, 617.0, 257.0
183, 368.0, 356.0
184, 213.0, 329.0
185, 244.0, 161.0
186, 319.0, 396.0
187, 274.0, 335.0
188, 561.0, 297.0
189, 140.0, 95.0
190, 187.0, 264.0
191, 499.0, 243.0
192, 413.0, 215.0
193, 711.0, 408.0
194, 416.0, 151.0
195, 367.0, 51.0
196, 607.0, 278.0
197, 601.0, 223.0
198, 377.0, 313.0
199, 543.0, 285.0
200, 643.0, 400.0
201, 231.0, 163.0
202, 168.0, 230.0
203, 180.0, 235.0
204, 281.0, 229.0
205, 222.0, 287.0
206, 589.0, 349.0
207, 309.0, 294.0
208, 606.0, 262.0
209, 79.0, 256.0
210, 549.0, 290.0
211, 256.0, 19.0
212, 165.0, 131.0
213, 644.0, 229.0
214, 107.0, 464.0
215, 555.0, 249.0
216, 332.0, 372.0
217, 707.0, 388.0
218, 368.0, 70.0
219, 9.0, 173.0
220, 229.0, 175.0
221, 582.0, 188.0
222, 429.0, 359.0
223, 148.0, 394.0
224, 56.0, 334.0
225, 598.0, 446.0
226, 528.0, 116.0
227, 353.0, 146.0
228, 200.0, 178.0
229, 574.0, 403.0
230, 412.0, 319.0
231, 259.0, 286.0
232, 352.0, 260.0
233, 562.0, 172.0
234, 148.0, 203.0
235, 310.0, 400.0
236, 565.0, 322.0
237, 253.0, 260.0
238, 634.0, 194.0
239, 343.0, 328.0
240, 575.0, 334.0
241, 232.0, 392.0
242, 278.0, 306.0
243, 65.0, 464.0
244, 436.0, 184.0
245, 236.0, 185.0
246, 353.0, 30.0
247, 634.0, 459.0
248, 596.0, 189.0
249, 468.0, 340.0
250, 247.0, 172.0
251, 443.0, 42.0
252, 305.0, 11.0
253, 624.0, 337.0
254, 242.0, 191.0
255, 692.0, 349.0
256, 580.0, 301.0
257, 477.0, 100.0
258, 173.0, 338.0
259, 162.0, 124.0
260, 386.0, 124.0
261, 571.0, 168.0
262, 646.0, 216.0
263, 398.0, 121.0
264, 262.0, 318.0
265, 71.0, 175.0
266, 188.0, 152.0
267, 503.0, 212.0
268, 670.0, 388.0
269, 432.0, 282.0
270, 193.0, 328.0
271, 582.0, 218.0
272, 354.0, 74.0
273, 241.0, 390.0
274, 613.0, 291.0
275, 280.0, 201.0
276, 211.0, 338.0
277, 573.0, 351.0
278, 567.0, 181.0
279, 8.0, 347.0
280, 571.0, 257.0
281, 184.0, 430.0
282, 170.0, 208.0
283, 209.0, 77.0
284, 97.0, 185.0
285, 264.0, 234.0
286, 220.0, 419.0
287, 385.0, 160.0
288, 576.0, 203.0
289, 628.0, 221.0
290, 215.0, 388.0
291, 170.0, 183.0
292, 623.0, 208.0
293, 463.0, 235.0
294, 241.0, 114.0
295, 390.0, 105.0
296, 607.0, 208.0
297, 637.0, 202.0
298, 206.0, 307.0
299, 689.0, 467.0
300, 569.0, 189.0
301, 342.0, 320.0
302, 519.0, 438.0
303, 227.0, 115.0
304, 343.0, 45.0
305, 64.0, 163.0
306, 537.0, 223.0
307, 529.0, 96.0
308, 17.0, 428.0
309, 262.0, 209.0
310, 146.0, 190.0
311, 259.0, 274.0
312, 622.0, 234.0
313, 12.0, 226.0
314, 433.0, 205.0
315, 141.0, 116.0
316, 531.0, 258.0
317, 605.0, 386.0
318, 617.0, 468.0
319, 588.0, 235.0
320, 639.0, 300.0
321, 167.0, 249.0
322, 274.0, 411.0
323, 586.0, 407.0
324, 636.0, 220.0
325, 565.0, 405.0
326, 284.0, 249.0
327, 395.0, 96.0
328, 41.0, 429.0
329, 320.0, 259.0
330, 379.0, 72.0
331, 160.0, 264.0
332, 229.0, 269.0
333, 430.0, 197.0
334, 684.0, 326.0
335, 708.0, 326.0
336, 555.0, 404.0
337, 77.0, 146.0
338, 170.0, 116.0
339, 667.0, 330.0
340, 362.0, 58.0
341, 238.0, 213.0
342, 201.0, 115.0
343, 103.0, 199.0
344, 247.0, 349.0
345, 659.0, 431.0
346, 696.0, 471.0
347, 20.0, 441.0
348, 440.0, 72.0
349, 607.0, 105.0
350, 324.0, 51.0
351, 277.0, 191.0
352, 468.0, 325.0
353, 563.0, 230.0
354, 248.0, 455.0
355, 139.0, 246.0
356, 190.0, 209.0
357, 228.0, 313.0
358, 208.0, 205.0
359, 497.0, 372.0
360, 399.0, 130.0
361, 423.0, 159.0
362, 217.0, 188.0
363, 535.0, 354.0
364, 578.0, 315.0
365, 70.0, 194.0
366, 331.0, 11.0
367, 403.0, 282.0
368, 29.0, 169.0
369, 504.0, 200.0
370, 653.0, 329.0
371, 131.0, 179.0
372, 353.0, 218.0
373, 172.0, 309.0
374, 595.0, 213.0
375, 720.0, 330.0
376, 326.0, 281.0
377, 421.0, 187.0
378, 415.0, 385.0
379, 331.0, 463.0
380, 566.0, 390.0
381, 105.0, 400.0
382, 109.0, 209.0
383, 440.0, 216.0
384, 168.0, 196.0
385, 412.0, 123.0
386, 449.0, 179.0
387, 725.0, 281.0
388, 178.0, 346.0
389, 311.0, 370.0
390, 523.0, 154.0
391, 505.0, 377.0
392, 544.0, 420.0
393, 421.0, 167.0
394, 385.0, 209.0
395, 568.0, 161.0
396, 375.0, 81.0
397, 76.0, 455.0
398, 336.0, 26.0
399, 445.0, 337.0
400, 396.0, 191.0
401, 727.0, 396.0
402, 464.0, 404.0
403, 352.0, 183.0
404, 163.0, 219.0
405, 287.0, 23.0
406, 434.0, 384.0
407, 144.0, 133.0
408, 344.0, 352.0
409, 513.0, 308.0
410, 400.0, 258.0
411, 418.0, 232.0
412, 232.0, 192.0
413, 382.0, 226.0
414, 354.0, 241.0
415, 506.0, 255.0
416, 235.0, 227.0
417, 388.0, 273.0
418, 401.0, 157.0
419, 674.0, 375.0
420, 298.0, 401.0
421, 539.0, 298.0
422, 600.0, 164.0
423, 701.0, 420.0
424, 240.0, 20.0
425, 171.0, 326.0
426, 522.0, 455.0
427, 362.0, 97.0
428, 432.0, 152.0
429, 227.0, 155.0
430, 638.0, 269.0
431, 131.0, 115.0
432, 551.0, 158.0
433, 275.0, 240.0
434, 21.0, 388.0
435, 199.0, 454.0
436, 148.0, 249.0
437, 166.0, 302.0
438, 418.0, 469.0
439, 551.0, 361.0
440, 484.0, 262.0
441, 735.0, 423.0
442, 17.0, 414.0
443, 331.0, 246.0
444, 254.0, 322.0
445, 75.0, 188.0
446, 644.0, 378.0
447, 288.0, 288.0
448, 499.0, 386.0
449, 430.0, 394.0
450, 287.0, 460.0
451, 157.0, 459.0
452, 242.0, 459.0
453, 568.0, 207.0
454, 137.0, 256.0
455, 200.0, 11.0
456, 206.0, 153.0
457, 220.0, 233.0
458, 291.0, 346.0
459, 362.0, 126.0
460, 449.0, 372.0
461, 651.0, 368.0
462, 443.0, 170.0
463, 608.0, 343.0
464, 383.0, 104.0
465, 514.0, 320.0
466, 27.0, 182.0
467, 556.0, 430.0
468, 215.0, 131.0
469, 570.0, 269.0
470, 636.0, 250.0
471, 240.0, 240.0
472, 348.0, 301.0
473, 466.0, 226.0
474, 382.0, 95.0
475, 353.0, 208.0
476, 725.0, 386.0
477, 607.0, 457.0
478, 690.0, 153.0
479, 459.0, 221.0
480, 350.0, 100.0
481, 463.0, 471.0
482, 393.0, 174.0
483, 332.0, 74.0
484, 9.0, 415.0
485, 8.0, 385.0
486, 442.0, 290.0
487, 653.0, 379.0
488, 615.0, 453.0
489, 172.0, 171.0
490, 504.0, 303.0
491, 562.0, 416.0
492, 289.0, 311.0
493, 184.0, 284.0
494, 52.0, 371.0
495, 612.0, 22.0
496, 216.0, 113.0
497, 443.0, 202.0
498, 659.0, 418.0
499, 313.0, 31.0
