0, 308.0, 9.0
1, 361.0, 17.0
2, 666.0, 24.0
3, 673.0, 28.0
4, 48.0, 35.0
5, 58.0, 35.0
6, 659.0, 56.0
7, 662.0, 61.0
8, 667.0, 62.0
9, 657.0, 63.0
10, 39.0, 69.0
11, 616.0, 70.0
12, 663.0, 82.0
13, 64.0, 86.0
14, 32.0, 87.0
15, 53.0, 87.0
16, 686.0, 96.0
17, 42.0, 97.0
18, 652.0, 103.0
19, 63.0, 131.0
20, 134.0, 135.0
21, 75.0, 137.0
22, 100.0, 137.0
23, 644.0, 144.0
24, 169.0, 146.0
25, 651.0, 147.0
26, 644.0, 149.0
27, 184.0, 150.0
28, 635.0, 152.0
29, 224.0, 157.0
30, 648.0, 159.0
31, 259.0, 165.0
32, 141.0, 168.0
33, 181.0, 168.0
34, 604.0, 169.0
35, 89.0, 170.0
36, 105.0, 171.0
37, 197.0, 172.0
38, 202.0, 174.0
39, 274.0, 181.0
40, 109.0, 182.0
41, 304.0, 183.0
42, 83.0, 184.0
43, 644.0, 184.0
44, 316.0, 185.0
45, 125.0, 187.0
46, 274.0, 190.0
47, 108.0, 191.0
48, 124.0, 192.0
49, 124.0, 197.0
50, 628.0, 197.0
51, 640.0, 197.0
52, 669.0, 199.0
53, 683.0, 200.0
54, 627.0, 202.0
55, 43.0, 204.0
56, 113.0, 204.0
57, 124.0, 205.0
58, 23.0, 206.0
59, 599.0, 206.0
60, 103.0, 209.0
61, 225.0, 211.0
62, 36.0, 212.0
63, 58.0, 215.0
64, 122.0, 216.0
65, 53.0, 218.0
66, 570.0, 218.0
67, 90.0, 219.0
68, 634.0, 219.0
69, 79.0, 220.0
70, 85.0, 220.0
71, 46.0, 223.0
72, 597.0, 223.0
73, 67.0, 224.0
74, 86.0, 225.0
75, 123.0, 227.0
76, 740.0, 227.0
77, 282.0, 228.0
78, 263.0, 230.0
79, 561.0, 230.0
80, 92.0, 231.0
81, 277.0, 231.0
82, 335.0, 232.0
83, 102.0, 234.0
84, 80.0, 235.0
85, 112.0, 235.0
86, 151.0, 237.0
87, 70.0, 240.0
88, 124.0, 241.0
89, 133.0, 245.0
90, 32.0, 246.0
91, 193.0, 246.0
92, 104.0, 247.0
93, 198.0, 248.0
94, 270.0, 248.0
95, 294.0, 248.0
96, 338.0, 248.0
97, 203.0, 249.0
98, 319.0, 251.0
99, 53.0, 252.0
100, 40.0, 253.0
101, 503.0, 255.0
102, 82.0, 258.0
103, 115.0, 260.0
104, 23.0, 262.0
105, 99.0, 263.0
106, 300.0, 263.0
107, 106.0, 264.0
108, 136.0, 264.0
109, 272.0, 268.0
110, 344.0, 268.0
111, 418.0, 268.0
112, 313.0, 271.0
113, 329.0, 271.0
114, 50.0, 272.0
115, 137.0, 272.0
116, 101.0, 273.0
117, 8.0, 274.0
118, 19.0, 274.0
119, 85.0, 277.0
120, 443.0, 277.0
121, 120.0, 278.0
122, 305.0, 278.0
123, 158.0, 281.0
124, 318.0, 281.0
125, 48.0, 282.0
126, 367.0, 282.0
127, 276.0, 283.0
128, 284.0, 283.0
129, 294.0, 283.0
130, 67.0, 284.0
131, 102.0, 284.0
132, 289.0, 284.0
133, 139.0, 286.0
134, 329.0, 286.0
135, 338.0, 287.0
136, 275.0, 288.0
137, 309.0, 288.0
138, 344.0, 288.0
139, 349.0, 288.0
140, 581.0, 288.0
141, 26.0, 289.0
142, 75.0, 289.0
143, 314.0, 289.0
144, 354.0, 289.0
145, 87.0, 290.0
146, 284.0, 292.0
147, 326.0, 292.0
148, 359.0, 292.0
149, 617.0, 292.0
150, 13.0, 293.0
151, 95.0, 293.0
152, 192.0, 293.0
153, 272.0, 293.0
154, 60.0, 294.0
155, 197.0, 294.0
156, 289.0, 294.0
157, 368.0, 294.0
158, 8.0, 295.0
159, 104.0, 295.0
160, 118.0, 295.0
161, 253.0, 295.0
162, 296.0, 295.0
163, 336.0, 296.0
164, 374.0, 296.0
165, 219.0, 297.0
166, 302.0, 297.0
167, 342.0, 297.0
168, 383.0, 297.0
169, 78.0, 298.0
170, 224.0, 298.0
171, 49.0, 299.0
172, 309.0, 299.0
173, 96.0, 300.0
174, 351.0, 300.0
175, 391.0, 300.0
176, 315.0, 301.0
177, 358.0, 301.0
178, 400.0, 302.0
179, 591.0, 302.0
180, 65.0, 303.0
181, 324.0, 303.0
182, 367.0, 304.0
183, 606.0, 304.0
184, 107.0, 305.0
185, 160.0, 305.0
186, 407.0, 305.0
187, 332.0, 306.0
188, 358.0, 306.0
189, 375.0, 306.0
190, 23.0, 307.0
191, 93.0, 307.0
192, 416.0, 307.0
193, 339.0, 308.0
194, 383.0, 308.0
195, 18.0, 309.0
196, 75.0, 309.0
197, 121.0, 309.0
198, 138.0, 309.0
199, 222.0, 309.0
200, 425.0, 309.0
201, 347.0, 310.0
202, 86.0, 311.0
203, 392.0, 311.0
204, 434.0, 311.0
205, 355.0, 313.0
206, 400.0, 313.0
207, 444.0, 313.0
208, 237.0, 314.0
209, 363.0, 315.0
210, 409.0, 316.0
211, 453.0, 316.0
212, 17.0, 318.0
213, 50.0, 318.0
214, 248.0, 318.0
215, 372.0, 318.0
216, 418.0, 318.0
217, 462.0, 318.0
218, 163.0, 319.0
219, 282.0, 319.0
220, 225.0, 320.0
221, 381.0, 320.0
222, 255.0, 321.0
223, 428.0, 321.0
224, 473.0, 321.0
225, 390.0, 323.0
226, 438.0, 323.0
227, 203.0, 324.0
228, 483.0, 324.0
229, 265.0, 325.0
230, 399.0, 325.0
231, 113.0, 326.0
232, 238.0, 326.0
233, 447.0, 326.0
234, 493.0, 326.0
235, 17.0, 327.0
236, 272.0, 327.0
237, 217.0, 328.0
238, 409.0, 328.0
239, 457.0, 328.0
240, 504.0, 329.0
241, 186.0, 330.0
242, 247.0, 330.0
243, 163.0, 331.0
244, 468.0, 331.0
245, 620.0, 331.0
246, 257.0, 332.0
247, 419.0, 332.0
248, 515.0, 332.0
249, 45.0, 333.0
250, 478.0, 334.0
251, 233.0, 335.0
252, 429.0, 335.0
253, 483.0, 335.0
254, 526.0, 335.0
255, 16.0, 336.0
256, 170.0, 337.0
257, 197.0, 337.0
258, 489.0, 337.0
259, 205.0, 338.0
260, 538.0, 338.0
261, 440.0, 339.0
262, 64.0, 340.0
263, 502.0, 340.0
264, 250.0, 341.0
265, 449.0, 341.0
266, 507.0, 341.0
267, 550.0, 341.0
268, 573.0, 341.0
269, 215.0, 342.0
270, 512.0, 342.0
271, 88.0, 343.0
272, 460.0, 343.0
273, 471.0, 343.0
274, 518.0, 344.0
275, 120.0, 345.0
276, 181.0, 345.0
277, 187.0, 345.0
278, 196.0, 345.0
279, 523.0, 345.0
280, 563.0, 345.0
281, 80.0, 346.0
282, 159.0, 346.0
283, 223.0, 346.0
284, 482.0, 347.0
285, 266.0, 348.0
286, 535.0, 348.0
287, 147.0, 349.0
288, 55.0, 350.0
289, 202.0, 350.0
290, 493.0, 350.0
291, 541.0, 350.0
292, 573.0, 350.0
293, 68.0, 351.0
294, 169.0, 351.0
295, 546.0, 351.0
296, 274.0, 352.0
297, 138.0, 353.0
298, 506.0, 353.0
299, 551.0, 353.0
300, 94.0, 354.0
301, 189.0, 354.0
302, 216.0, 354.0
303, 556.0, 355.0
304, 565.0, 356.0
305, 583.0, 356.0
306, 518.0, 357.0
307, 13.0, 358.0
308, 153.0, 361.0
309, 518.0, 362.0
310, 531.0, 362.0
311, 121.0, 363.0
312, 56.0, 364.0
313, 116.0, 364.0
314, 574.0, 364.0
315, 88.0, 365.0
316, 110.0, 366.0
317, 545.0, 366.0
318, 167.0, 368.0
319, 582.0, 368.0
320, 555.0, 369.0
321, 67.0, 370.0
322, 591.0, 370.0
323, 279.0, 371.0
324, 560.0, 371.0
325, 55.0, 372.0
326, 9.0, 373.0
327, 112.0, 374.0
328, 274.0, 374.0
329, 571.0, 374.0
330, 128.0, 375.0
331, 284.0, 375.0
332, 68.0, 378.0
333, 278.0, 380.0
334, 47.0, 382.0
335, 142.0, 383.0
336, 122.0, 386.0
337, 47.0, 387.0
338, 280.0, 387.0
339, 92.0, 388.0
340, 48.0, 393.0
341, 113.0, 393.0
342, 130.0, 393.0
343, 118.0, 399.0
344, 62.0, 400.0
345, 568.0, 400.0
346, 288.0, 403.0
347, 300.0, 406.0
348, 78.0, 408.0
349, 576.0, 408.0
350, 307.0, 410.0
351, 313.0, 413.0
352, 49.0, 414.0
353, 319.0, 415.0
354, 64.0, 417.0
355, 100.0, 417.0
356, 326.0, 419.0
357, 89.0, 421.0
358, 333.0, 422.0
359, 77.0, 424.0
360, 341.0, 425.0
361, 348.0, 429.0
362, 70.0, 430.0
363, 355.0, 433.0
364, 593.0, 435.0
365, 69.0, 436.0
366, 363.0, 436.0
367, 371.0, 439.0
368, 379.0, 443.0
369, 387.0, 447.0
370, 108.0, 451.0
371, 395.0, 451.0
372, 431.0, 453.0
373, 50.0, 455.0
374, 404.0, 455.0
375, 421.0, 455.0
376, 90.0, 459.0
377, 413.0, 459.0
378, 442.0, 460.0
379, 432.0, 462.0
380, 71.0, 466.0
381, 50.0, 470.0
382, 408.0, 471.0
383, 439.0, 471.0
384, 449.0, 471.0
385, 460.0, 471.0
