0, 265.0, 10.0
1, 601.0, 12.0
2, 702.0, 13.0
3, 715.0, 13.0
4, 691.0, 14.0
5, 724.0, 16.0
6, 436.0, 19.0
7, 710.0, 19.0
8, 646.0, 25.0
9, 695.0, 26.0
10, 700.0, 26.0
11, 705.0, 26.0
12, 641.0, 27.0
13, 635.0, 32.0
14, 599.0, 45.0
15, 604.0, 45.0
16, 736.0, 45.0
17, 571.0, 60.0
18, 273.0, 61.0
19, 546.0, 63.0
20, 592.0, 63.0
21, 516.0, 67.0
22, 742.0, 81.0
23, 562.0, 86.0
24, 677.0, 89.0
25, 138.0, 94.0
26, 471.0, 100.0
27, 567.0, 100.0
28, 311.0, 103.0
29, 251.0, 104.0
30, 242.0, 107.0
31, 512.0, 108.0
32, 738.0, 111.0
33, 371.0, 112.0
34, 376.0, 112.0
35, 512.0, 113.0
36, 566.0, 113.0
37, 140.0, 114.0
38, 565.0, 118.0
39, 564.0, 123.0
40, 583.0, 123.0
41, 142.0, 125.0
42, 511.0, 128.0
43, 563.0, 130.0
44, 658.0, 130.0
45, 512.0, 133.0
46, 562.0, 135.0
47, 512.0, 138.0
48, 15.0, 143.0
49, 369.0, 144.0
50, 561.0, 146.0
51, 511.0, 147.0
52, 327.0, 149.0
53, 251.0, 152.0
54, 262.0, 152.0
55, 244.0, 153.0
56, 149.0, 154.0
57, 416.0, 154.0
58, 400.0, 155.0
59, 405.0, 155.0
60, 560.0, 155.0
61, 380.0, 156.0
62, 433.0, 156.0
63, 728.0, 157.0
64, 368.0, 158.0
65, 359.0, 159.0
66, 416.0, 159.0
67, 395.0, 160.0
68, 715.0, 160.0
69, 21.0, 161.0
70, 504.0, 161.0
71, 582.0, 162.0
72, 377.0, 163.0
73, 540.0, 165.0
74, 559.0, 165.0
75, 552.0, 166.0
76, 335.0, 168.0
77, 528.0, 168.0
78, 386.0, 169.0
79, 327.0, 171.0
80, 683.0, 172.0
81, 502.0, 173.0
82, 8.0, 174.0
83, 346.0, 174.0
84, 439.0, 175.0
85, 468.0, 175.0
86, 497.0, 175.0
87, 575.0, 175.0
88, 524.0, 176.0
89, 703.0, 176.0
90, 717.0, 177.0
91, 727.0, 177.0
92, 743.0, 178.0
93, 329.0, 179.0
94, 476.0, 179.0
95, 557.0, 179.0
96, 405.0, 180.0
97, 467.0, 180.0
98, 735.0, 180.0
99, 356.0, 181.0
100, 450.0, 181.0
101, 531.0, 181.0
102, 573.0, 181.0
103, 240.0, 182.0
104, 351.0, 182.0
105, 388.0, 182.0
106, 540.0, 182.0
107, 346.0, 183.0
108, 436.0, 183.0
109, 500.0, 183.0
110, 12.0, 184.0
111, 362.0, 184.0
112, 376.0, 184.0
113, 367.0, 185.0
114, 564.0, 185.0
115, 704.0, 185.0
116, 329.0, 186.0
117, 421.0, 186.0
118, 523.0, 187.0
119, 247.0, 188.0
120, 253.0, 188.0
121, 729.0, 189.0
122, 474.0, 190.0
123, 554.0, 191.0
124, 388.0, 192.0
125, 403.0, 192.0
126, 463.0, 192.0
127, 539.0, 193.0
128, 506.0, 194.0
129, 571.0, 194.0
130, 155.0, 195.0
131, 267.0, 195.0
132, 249.0, 196.0
133, 254.0, 196.0
134, 515.0, 196.0
135, 680.0, 197.0
136, 495.0, 198.0
137, 525.0, 199.0
138, 552.0, 199.0
139, 723.0, 199.0
140, 741.0, 199.0
141, 311.0, 200.0
142, 406.0, 202.0
143, 477.0, 202.0
144, 509.0, 203.0
145, 537.0, 203.0
146, 390.0, 204.0
147, 549.0, 204.0
148, 569.0, 204.0
149, 458.0, 205.0
150, 731.0, 206.0
151, 524.0, 207.0
152, 158.0, 208.0
153, 722.0, 208.0
154, 383.0, 209.0
155, 420.0, 209.0
156, 150.0, 210.0
157, 389.0, 210.0
158, 577.0, 210.0
159, 400.0, 211.0
160, 738.0, 211.0
161, 20.0, 212.0
162, 427.0, 213.0
163, 397.0, 218.0
164, 243.0, 221.0
165, 429.0, 221.0
166, 232.0, 223.0
167, 397.0, 223.0
168, 156.0, 224.0
169, 707.0, 224.0
170, 223.0, 225.0
171, 316.0, 225.0
172, 476.0, 225.0
173, 215.0, 226.0
174, 278.0, 226.0
175, 471.0, 226.0
176, 526.0, 228.0
177, 232.0, 229.0
178, 399.0, 229.0
179, 196.0, 230.0
180, 205.0, 230.0
181, 272.0, 230.0
182, 305.0, 230.0
183, 429.0, 230.0
184, 298.0, 231.0
185, 188.0, 232.0
186, 183.0, 233.0
187, 546.0, 233.0
188, 42.0, 234.0
189, 178.0, 234.0
190, 265.0, 234.0
191, 419.0, 234.0
192, 270.0, 235.0
193, 275.0, 235.0
194, 464.0, 235.0
195, 726.0, 235.0
196, 163.0, 236.0
197, 168.0, 236.0
198, 173.0, 236.0
199, 669.0, 238.0
200, 82.0, 239.0
201, 149.0, 240.0
202, 216.0, 241.0
203, 221.0, 241.0
204, 226.0, 241.0
205, 231.0, 241.0
206, 680.0, 241.0
207, 28.0, 242.0
208, 282.0, 242.0
209, 460.0, 242.0
210, 129.0, 243.0
211, 134.0, 243.0
212, 668.0, 243.0
213, 720.0, 243.0
214, 124.0, 244.0
215, 197.0, 244.0
216, 400.0, 244.0
217, 118.0, 246.0
218, 187.0, 246.0
219, 171.0, 247.0
220, 176.0, 247.0
221, 181.0, 247.0
222, 571.0, 248.0
223, 101.0, 249.0
224, 160.0, 249.0
225, 674.0, 249.0
226, 62.0, 250.0
227, 95.0, 250.0
228, 155.0, 250.0
229, 689.0, 250.0
230, 128.0, 251.0
231, 427.0, 251.0
232, 88.0, 252.0
233, 15.0, 253.0
234, 33.0, 253.0
235, 45.0, 253.0
236, 76.0, 253.0
237, 120.0, 254.0
238, 664.0, 254.0
239, 64.0, 255.0
240, 114.0, 256.0
241, 449.0, 256.0
242, 439.0, 257.0
243, 389.0, 258.0
244, 684.0, 258.0
245, 109.0, 260.0
246, 62.0, 261.0
247, 37.0, 264.0
248, 544.0, 264.0
249, 705.0, 264.0
250, 715.0, 264.0
251, 571.0, 266.0
252, 557.0, 271.0
253, 49.0, 272.0
254, 428.0, 273.0
255, 67.0, 277.0
256, 72.0, 277.0
257, 78.0, 277.0
258, 106.0, 277.0
259, 540.0, 278.0
260, 548.0, 279.0
261, 678.0, 279.0
262, 53.0, 281.0
263, 41.0, 282.0
264, 48.0, 282.0
265, 94.0, 282.0
266, 147.0, 284.0
267, 116.0, 285.0
268, 75.0, 286.0
269, 432.0, 287.0
270, 63.0, 288.0
271, 715.0, 290.0
272, 43.0, 292.0
273, 52.0, 292.0
274, 430.0, 292.0
275, 546.0, 292.0
276, 443.0, 293.0
277, 86.0, 294.0
278, 74.0, 296.0
279, 232.0, 296.0
280, 448.0, 296.0
281, 706.0, 296.0
282, 100.0, 297.0
283, 673.0, 297.0
284, 127.0, 298.0
285, 179.0, 298.0
286, 432.0, 300.0
287, 73.0, 301.0
288, 487.0, 301.0
289, 544.0, 301.0
290, 47.0, 303.0
291, 91.0, 303.0
292, 446.0, 303.0
293, 704.0, 303.0
294, 648.0, 304.0
295, 492.0, 306.0
296, 598.0, 306.0
297, 56.0, 307.0
298, 415.0, 307.0
299, 453.0, 307.0
300, 542.0, 307.0
301, 669.0, 307.0
302, 102.0, 309.0
303, 520.0, 309.0
304, 684.0, 310.0
305, 234.0, 311.0
306, 509.0, 311.0
307, 532.0, 311.0
308, 588.0, 311.0
309, 72.0, 312.0
310, 429.0, 312.0
311, 659.0, 313.0
312, 92.0, 314.0
313, 107.0, 316.0
314, 496.0, 316.0
315, 501.0, 317.0
316, 665.0, 318.0
317, 56.0, 319.0
318, 513.0, 319.0
319, 41.0, 320.0
320, 51.0, 320.0
321, 99.0, 322.0
322, 535.0, 322.0
323, 707.0, 322.0
324, 82.0, 324.0
325, 111.0, 324.0
326, 416.0, 324.0
327, 69.0, 325.0
328, 617.0, 325.0
329, 149.0, 326.0
330, 154.0, 328.0
331, 592.0, 328.0
332, 668.0, 329.0
333, 47.0, 330.0
334, 603.0, 330.0
335, 695.0, 330.0
336, 92.0, 331.0
337, 114.0, 333.0
338, 156.0, 333.0
339, 378.0, 333.0
340, 131.0, 334.0
341, 61.0, 336.0
342, 235.0, 336.0
343, 661.0, 336.0
344, 52.0, 337.0
345, 690.0, 340.0
346, 60.0, 341.0
347, 90.0, 343.0
348, 168.0, 349.0
349, 434.0, 349.0
350, 288.0, 350.0
351, 688.0, 350.0
352, 35.0, 351.0
353, 727.0, 352.0
354, 239.0, 357.0
355, 729.0, 357.0
356, 655.0, 359.0
357, 144.0, 360.0
358, 400.0, 360.0
359, 736.0, 361.0
360, 602.0, 363.0
361, 101.0, 366.0
362, 215.0, 366.0
363, 610.0, 367.0
364, 601.0, 368.0
365, 596.0, 369.0
366, 341.0, 375.0
367, 723.0, 375.0
368, 106.0, 376.0
369, 242.0, 376.0
370, 336.0, 376.0
371, 190.0, 378.0
372, 611.0, 378.0
373, 651.0, 378.0
374, 197.0, 381.0
375, 219.0, 384.0
376, 743.0, 387.0
377, 19.0, 391.0
378, 247.0, 399.0
379, 219.0, 405.0
380, 689.0, 405.0
381, 511.0, 407.0
382, 742.0, 408.0
383, 476.0, 410.0
384, 645.0, 414.0
385, 463.0, 418.0
386, 706.0, 418.0
387, 127.0, 420.0
388, 215.0, 424.0
389, 278.0, 426.0
390, 473.0, 428.0
391, 541.0, 430.0
392, 220.0, 431.0
393, 732.0, 434.0
394, 197.0, 438.0
395, 680.0, 438.0
396, 138.0, 440.0
397, 347.0, 443.0
398, 679.0, 443.0
399, 641.0, 446.0
400, 606.0, 449.0
401, 580.0, 450.0
402, 598.0, 450.0
403, 738.0, 452.0
404, 519.0, 453.0
405, 586.0, 454.0
406, 579.0, 455.0
407, 238.0, 456.0
408, 607.0, 456.0
409, 280.0, 458.0
410, 575.0, 461.0
411, 695.0, 466.0
412, 247.0, 469.0
413, 671.0, 471.0
414, 743.0, 471.0
