0, 361.0, 215.0
1, 134.0, 405.0
2, 122.0, 432.0
3, 384.0, 211.0
4, 150.0, 399.0
5, 106.0, 217.0
6, 232.0, 390.0
7, 359.0, 342.0
8, 221.0, 327.0
9, 344.0, 309.0
10, 619.0, 355.0
11, 208.0, 362.0
12, 180.0, 319.0
13, 368.0, 337.0
14, 140.0, 377.0
15, 155.0, 385.0
16, 436.0, 322.0
17, 439.0, 366.0
18, 30.0, 235.0
19, 427.0, 310.0
20, 233.0, 172.0
21, 382.0, 247.0
22, 481.0, 449.0
23, 389.0, 360.0
24, 334.0, 253.0
25, 594.0, 350.0
26, 505.0, 441.0
27, 75.0, 368.0
28, 406.0, 211.0
29, 345.0, 230.0
30, 210.0, 323.0
31, 202.0, 289.0
32, 396.0, 217.0
33, 68.0, 399.0
34, 367.0, 351.0
35, 594.0, 460.0
36, 372.0, 222.0
37, 309.0, 97.0
38, 463.0, 298.0
39, 201.0, 205.0
40, 737.0, 423.0
41, 196.0, 319.0
42, 82.0, 341.0
43, 364.0, 266.0
44, 536.0, 442.0
45, 255.0, 200.0
46, 90.0, 20.0
47, 328.0, 125.0
48, 418.0, 354.0
49, 352.0, 283.0
50, 659.0, 371.0
51, 257.0, 213.0
52, 201.0, 332.0
53, 345.0, 215.0
54, 205.0, 313.0
55, 92.0, 45.0
56, 351.0, 338.0
57, 150.0, 83.0
58, 110.0, 268.0
59, 556.0, 456.0
60, 50.0, 438.0
61, 145.0, 58.0
62, 259.0, 316.0
63, 213.0, 183.0
64, 39.0, 447.0
65, 92.0, 342.0
66, 356.0, 258.0
67, 216.0, 280.0
68, 96.0, 379.0
69, 301.0, 243.0
70, 575.0, 337.0
71, 108.0, 405.0
72, 213.0, 346.0
73, 77.0, 406.0
74, 391.0, 332.0
75, 67.0, 445.0
76, 431.0, 259.0
77, 498.0, 404.0
78, 183.0, 269.0
79, 696.0, 358.0
80, 201.0, 369.0
81, 327.0, 349.0
82, 405.0, 317.0
83, 396.0, 345.0
84, 429.0, 281.0
85, 316.0, 197.0
86, 630.0, 360.0
87, 115.0, 152.0
88, 324.0, 243.0
89, 112.0, 136.0
90, 17.0, 202.0
91, 404.0, 233.0
92, 20.0, 216.0
93, 454.0, 234.0
94, 328.0, 210.0
95, 175.0, 223.0
96, 448.0, 145.0
97, 217.0, 213.0
98, 522.0, 450.0
99, 147.0, 425.0
100, 373.0, 277.0
101, 420.0, 253.0
102, 113.0, 327.0
103, 322.0, 97.0
104, 96.0, 101.0
105, 282.0, 223.0
106, 586.0, 471.0
107, 571.0, 356.0
108, 164.0, 442.0
109, 372.0, 258.0
110, 213.0, 175.0
111, 394.0, 295.0
112, 265.0, 279.0
113, 224.0, 311.0
114, 87.0, 357.0
115, 582.0, 345.0
116, 529.0, 459.0
117, 419.0, 217.0
118, 632.0, 377.0
119, 487.0, 432.0
120, 79.0, 33.0
121, 407.0, 225.0
122, 324.0, 234.0
123, 568.0, 465.0
124, 352.0, 131.0
125, 432.0, 349.0
126, 63.0, 385.0
127, 142.0, 389.0
128, 384.0, 258.0
129, 272.0, 272.0
130, 153.0, 469.0
131, 306.0, 204.0
132, 415.0, 392.0
133, 111.0, 435.0
134, 97.0, 120.0
135, 138.0, 198.0
136, 377.0, 372.0
137, 186.0, 292.0
138, 296.0, 206.0
139, 458.0, 317.0
140, 102.0, 173.0
141, 546.0, 449.0
142, 176.0, 426.0
143, 361.0, 411.0
144, 282.0, 236.0
145, 346.0, 241.0
146, 168.0, 462.0
147, 108.0, 284.0
148, 365.0, 295.0
149, 589.0, 363.0
150, 457.0, 267.0
151, 619.0, 374.0
152, 94.0, 333.0
153, 369.0, 242.0
154, 65.0, 32.0
155, 191.0, 329.0
156, 161.0, 145.0
157, 166.0, 46.0
158, 583.0, 329.0
159, 451.0, 378.0
160, 399.0, 151.0
161, 222.0, 157.0
162, 187.0, 309.0
163, 89.0, 306.0
164, 651.0, 354.0
165, 37.0, 332.0
166, 342.0, 272.0
167, 398.0, 130.0
168, 230.0, 336.0
169, 221.0, 141.0
170, 562.0, 428.0
171, 201.0, 190.0
172, 377.0, 346.0
173, 244.0, 273.0
174, 155.0, 112.0
175, 404.0, 305.0
176, 360.0, 375.0
177, 386.0, 392.0
178, 669.0, 360.0
179, 332.0, 262.0
180, 627.0, 347.0
181, 378.0, 311.0
182, 223.0, 386.0
183, 100.0, 137.0
184, 182.0, 185.0
185, 51.0, 370.0
186, 445.0, 257.0
187, 198.0, 269.0
188, 515.0, 443.0
189, 451.0, 301.0
190, 396.0, 204.0
191, 384.0, 287.0
192, 106.0, 363.0
193, 377.0, 362.0
194, 333.0, 192.0
195, 328.0, 64.0
196, 625.0, 415.0
197, 278.0, 352.0
198, 485.0, 250.0
199, 239.0, 258.0
200, 395.0, 238.0
201, 404.0, 242.0
202, 492.0, 227.0
203, 332.0, 278.0
204, 130.0, 452.0
205, 237.0, 211.0
206, 127.0, 421.0
207, 92.0, 401.0
208, 200.0, 171.0
209, 33.0, 245.0
210, 479.0, 146.0
211, 218.0, 121.0
212, 372.0, 130.0
213, 133.0, 55.0
214, 55.0, 457.0
215, 94.0, 71.0
216, 736.0, 331.0
217, 61.0, 317.0
218, 388.0, 224.0
219, 417.0, 341.0
220, 131.0, 216.0
221, 385.0, 232.0
222, 117.0, 397.0
223, 159.0, 103.0
224, 333.0, 366.0
225, 376.0, 387.0
226, 471.0, 400.0
227, 105.0, 234.0
228, 112.0, 303.0
229, 205.0, 351.0
230, 132.0, 173.0
231, 221.0, 169.0
232, 253.0, 338.0
233, 309.0, 182.0
234, 120.0, 241.0
235, 320.0, 222.0
236, 415.0, 374.0
237, 675.0, 399.0
238, 611.0, 344.0
239, 462.0, 446.0
240, 266.0, 248.0
241, 267.0, 290.0
242, 253.0, 245.0
243, 448.0, 319.0
244, 111.0, 450.0
245, 619.0, 345.0
246, 241.0, 313.0
247, 135.0, 247.0
248, 432.0, 102.0
249, 108.0, 385.0
250, 355.0, 366.0
251, 284.0, 248.0
252, 32.0, 187.0
253, 368.0, 383.0
254, 212.0, 76.0
255, 602.0, 362.0
256, 221.0, 188.0
257, 332.0, 293.0
258, 385.0, 200.0
259, 252.0, 232.0
260, 373.0, 202.0
261, 154.0, 75.0
262, 150.0, 449.0
263, 333.0, 329.0
264, 138.0, 82.0
265, 358.0, 323.0
266, 150.0, 340.0
267, 152.0, 373.0
268, 485.0, 277.0
269, 94.0, 410.0
270, 88.0, 394.0
271, 118.0, 372.0
272, 68.0, 466.0
273, 265.0, 432.0
274, 100.0, 153.0
275, 395.0, 381.0
276, 233.0, 372.0
277, 476.0, 389.0
278, 597.0, 334.0
279, 201.0, 181.0
280, 120.0, 23.0
281, 288.0, 179.0
282, 346.0, 250.0
283, 15.0, 160.0
284, 294.0, 170.0
285, 708.0, 280.0
286, 373.0, 409.0
287, 213.0, 408.0
288, 253.0, 171.0
289, 287.0, 200.0
290, 140.0, 333.0
291, 423.0, 323.0
292, 179.0, 210.0
293, 349.0, 205.0
294, 501.0, 341.0
295, 141.0, 25.0
296, 84.0, 104.0
297, 44.0, 30.0
298, 210.0, 387.0
299, 266.0, 261.0
300, 229.0, 349.0
301, 472.0, 313.0
302, 488.0, 441.0
303, 41.0, 223.0
304, 305.0, 267.0
305, 73.0, 431.0
306, 89.0, 139.0
307, 91.0, 134.0
308, 654.0, 385.0
309, 241.0, 129.0
310, 729.0, 244.0
311, 478.0, 227.0
312, 423.0, 237.0
313, 149.0, 438.0
314, 106.0, 345.0
315, 82.0, 73.0
316, 229.0, 357.0
317, 432.0, 228.0
318, 45.0, 251.0
319, 469.0, 423.0
320, 513.0, 467.0
321, 344.0, 349.0
322, 628.0, 369.0
323, 659.0, 358.0
324, 603.0, 342.0
325, 98.0, 277.0
326, 63.0, 430.0
327, 381.0, 268.0
328, 481.0, 303.0
329, 401.0, 330.0
330, 293.0, 256.0
331, 51.0, 425.0
332, 308.0, 258.0
333, 248.0, 196.0
334, 39.0, 410.0
335, 150.0, 42.0
336, 192.0, 378.0
337, 86.0, 319.0
338, 445.0, 330.0
339, 232.0, 399.0
340, 130.0, 74.0
341, 558.0, 467.0
342, 562.0, 332.0
343, 146.0, 17.0
344, 214.0, 194.0
345, 274.0, 290.0
346, 220.0, 452.0
347, 466.0, 253.0
348, 44.0, 384.0
349, 168.0, 182.0
350, 20.0, 391.0
351, 679.0, 382.0
352, 334.0, 219.0
353, 212.0, 26.0
354, 187.0, 258.0
355, 140.0, 34.0
356, 93.0, 63.0
357, 482.0, 238.0
358, 168.0, 428.0
359, 389.0, 383.0
360, 318.0, 209.0
361, 252.0, 186.0
362, 157.0, 414.0
363, 56.0, 298.0
364, 161.0, 302.0
365, 449.0, 341.0
366, 82.0, 48.0
367, 53.0, 286.0
368, 275.0, 280.0
369, 524.0, 432.0
370, 600.0, 403.0
371, 174.0, 170.0
372, 92.0, 82.0
373, 91.0, 224.0
374, 402.0, 259.0
375, 319.0, 262.0
376, 91.0, 32.0
377, 58.0, 10.0
378, 147.0, 319.0
379, 166.0, 134.0
380, 376.0, 395.0
381, 148.0, 47.0
382, 100.0, 187.0
383, 690.0, 407.0
384, 431.0, 236.0
385, 695.0, 271.0
386, 137.0, 40.0
387, 317.0, 230.0
388, 242.0, 73.0
389, 351.0, 354.0
390, 65.0, 15.0
391, 53.0, 447.0
392, 25.0, 158.0
393, 643.0, 352.0
394, 466.0, 436.0
395, 134.0, 428.0
396, 304.0, 232.0
397, 103.0, 332.0
398, 635.0, 351.0
399, 641.0, 179.0
400, 456.0, 349.0
401, 738.0, 175.0
402, 414.0, 299.0
403, 54.0, 292.0
404, 588.0, 354.0
405, 663.0, 382.0
406, 131.0, 104.0
407, 247.0, 70.0
408, 131.0, 444.0
409, 550.0, 327.0
410, 380.0, 231.0
411, 337.0, 299.0
412, 335.0, 338.0
413, 100.0, 269.0
414, 242.0, 346.0
415, 88.0, 179.0
416, 467.0, 431.0
417, 453.0, 250.0
418, 216.0, 101.0
419, 222.0, 376.0
420, 109.0, 338.0
421, 454.0, 338.0
422, 240.0, 306.0
423, 683.0, 368.0
424, 556.0, 330.0
425, 519.0, 429.0
426, 145.0, 8.0
427, 605.0, 229.0
428, 39.0, 404.0
429, 133.0, 236.0
430, 642.0, 383.0
431, 622.0, 364.0
432, 678.0, 364.0
433, 243.0, 163.0
434, 63.0, 469.0
435, 631.0, 176.0
436, 448.0, 248.0
437, 494.0, 190.0
438, 83.0, 471.0
439, 171.0, 328.0
440, 189.0, 301.0
441, 415.0, 384.0
442, 26.0, 391.0
443, 646.0, 145.0
444, 126.0, 103.0
445, 160.0, 396.0
446, 539.0, 324.0
447, 334.0, 344.0
448, 576.0, 471.0
449, 81.0, 26.0
450, 160.0, 419.0
451, 476.0, 425.0
452, 247.0, 209.0
453, 426.0, 154.0
454, 256.0, 298.0
455, 67.0, 328.0
456, 364.0, 227.0
457, 243.0, 153.0
458, 407.0, 340.0
459, 447.0, 93.0
460, 363.0, 202.0
461, 504.0, 471.0
462, 384.0, 263.0
463, 392.0, 352.0
464, 705.0, 274.0
465, 235.0, 275.0
466, 243.0, 158.0
467, 323.0, 184.0
468, 591.0, 332.0
469, 94.0, 112.0
470, 162.0, 430.0
471, 369.0, 271.0
472, 77.0, 11.0
473, 272.0, 248.0
474, 422.0, 260.0
475, 400.0, 286.0
476, 156.0, 43.0
477, 372.0, 159.0
478, 476.0, 302.0
479, 377.0, 236.0
480, 659.0, 260.0
481, 107.0, 374.0
482, 393.0, 261.0
483, 240.0, 113.0
484, 488.0, 403.0
485, 397.0, 273.0
486, 95.0, 89.0
487, 381.0, 130.0
488, 354.0, 318.0
489, 124.0, 251.0
490, 420.0, 318.0
491, 556.0, 240.0
492, 458.0, 251.0
493, 142.0, 48.0
494, 83.0, 349.0
495, 555.0, 209.0
496, 386.0, 269.0
497, 62.0, 425.0
498, 84.0, 142.0
499, 132.0, 322.0
