0, 295.0, 10.0
1, 220.0, 19.0
2, 245.0, 19.0
3, 250.0, 19.0
4, 267.0, 22.0
5, 356.0, 22.0
6, 272.0, 23.0
7, 328.0, 23.0
8, 244.0, 24.0
9, 277.0, 24.0
10, 294.0, 28.0
11, 261.0, 31.0
12, 271.0, 32.0
13, 279.0, 36.0
14, 698.0, 39.0
15, 245.0, 40.0
16, 256.0, 41.0
17, 301.0, 41.0
18, 623.0, 41.0
19, 499.0, 44.0
20, 427.0, 45.0
21, 450.0, 45.0
22, 476.0, 45.0
23, 212.0, 47.0
24, 272.0, 47.0
25, 194.0, 48.0
26, 221.0, 48.0
27, 254.0, 52.0
28, 449.0, 52.0
29, 241.0, 54.0
30, 264.0, 54.0
31, 476.0, 54.0
32, 279.0, 56.0
33, 292.0, 60.0
34, 426.0, 66.0
35, 473.0, 67.0
36, 486.0, 68.0
37, 553.0, 68.0
38, 446.0, 70.0
39, 608.0, 79.0
40, 474.0, 82.0
41, 553.0, 83.0
42, 606.0, 84.0
43, 578.0, 86.0
44, 450.0, 87.0
45, 544.0, 87.0
46, 473.0, 91.0
47, 543.0, 92.0
48, 491.0, 93.0
49, 511.0, 95.0
50, 506.0, 96.0
51, 523.0, 97.0
52, 543.0, 97.0
53, 421.0, 103.0
54, 187.0, 104.0
55, 201.0, 105.0
56, 171.0, 106.0
57, 472.0, 106.0
58, 134.0, 109.0
59, 483.0, 110.0
60, 205.0, 111.0
61, 421.0, 111.0
62, 472.0, 113.0
63, 537.0, 113.0
64, 523.0, 114.0
65, 206.0, 116.0
66, 215.0, 120.0
67, 631.0, 120.0
68, 535.0, 121.0
69, 420.0, 123.0
70, 198.0, 125.0
71, 469.0, 126.0
72, 525.0, 127.0
73, 420.0, 128.0
74, 589.0, 129.0
75, 508.0, 131.0
76, 137.0, 134.0
77, 533.0, 136.0
78, 121.0, 138.0
79, 186.0, 138.0
80, 201.0, 139.0
81, 586.0, 139.0
82, 171.0, 140.0
83, 256.0, 140.0
84, 524.0, 140.0
85, 263.0, 141.0
86, 364.0, 141.0
87, 467.0, 141.0
88, 251.0, 142.0
89, 359.0, 142.0
90, 346.0, 143.0
91, 478.0, 143.0
92, 615.0, 143.0
93, 221.0, 144.0
94, 531.0, 144.0
95, 156.0, 145.0
96, 308.0, 145.0
97, 313.0, 145.0
98, 318.0, 145.0
99, 625.0, 145.0
100, 93.0, 146.0
101, 631.0, 146.0
102, 57.0, 147.0
103, 465.0, 148.0
104, 18.0, 149.0
105, 337.0, 150.0
106, 517.0, 150.0
107, 346.0, 152.0
108, 530.0, 152.0
109, 581.0, 152.0
110, 172.0, 153.0
111, 464.0, 153.0
112, 184.0, 154.0
113, 158.0, 156.0
114, 485.0, 156.0
115, 80.0, 159.0
116, 479.0, 159.0
117, 294.0, 160.0
118, 366.0, 160.0
119, 489.0, 161.0
120, 494.0, 161.0
121, 38.0, 162.0
122, 160.0, 162.0
123, 299.0, 162.0
124, 508.0, 162.0
125, 345.0, 163.0
126, 463.0, 163.0
127, 150.0, 164.0
128, 417.0, 164.0
129, 189.0, 166.0
130, 207.0, 168.0
131, 412.0, 168.0
132, 507.0, 168.0
133, 528.0, 169.0
134, 245.0, 171.0
135, 258.0, 171.0
136, 181.0, 173.0
137, 268.0, 174.0
138, 408.0, 175.0
139, 54.0, 176.0
140, 64.0, 176.0
141, 89.0, 176.0
142, 98.0, 176.0
143, 290.0, 176.0
144, 283.0, 177.0
145, 349.0, 178.0
146, 527.0, 178.0
147, 21.0, 180.0
148, 37.0, 181.0
149, 277.0, 181.0
150, 257.0, 182.0
151, 360.0, 182.0
152, 431.0, 182.0
153, 299.0, 183.0
154, 626.0, 183.0
155, 237.0, 184.0
156, 195.0, 185.0
157, 647.0, 186.0
158, 163.0, 187.0
159, 433.0, 187.0
160, 44.0, 188.0
161, 273.0, 190.0
162, 449.0, 190.0
163, 625.0, 190.0
164, 94.0, 191.0
165, 99.0, 191.0
166, 248.0, 191.0
167, 25.0, 193.0
168, 283.0, 193.0
169, 292.0, 194.0
170, 650.0, 194.0
171, 400.0, 196.0
172, 601.0, 196.0
173, 464.0, 197.0
174, 40.0, 198.0
175, 247.0, 198.0
176, 237.0, 200.0
177, 299.0, 200.0
178, 84.0, 202.0
179, 242.0, 202.0
180, 621.0, 202.0
181, 74.0, 203.0
182, 267.0, 203.0
183, 424.0, 203.0
184, 104.0, 204.0
185, 184.0, 204.0
186, 217.0, 204.0
187, 629.0, 204.0
188, 64.0, 205.0
189, 286.0, 206.0
190, 517.0, 207.0
191, 641.0, 207.0
192, 240.0, 208.0
193, 646.0, 208.0
194, 300.0, 210.0
195, 250.0, 212.0
196, 149.0, 213.0
197, 618.0, 213.0
198, 38.0, 215.0
199, 33.0, 216.0
200, 127.0, 216.0
201, 203.0, 216.0
202, 231.0, 216.0
203, 560.0, 216.0
204, 258.0, 217.0
205, 273.0, 217.0
206, 463.0, 217.0
207, 250.0, 218.0
208, 512.0, 218.0
209, 108.0, 219.0
210, 642.0, 220.0
211, 238.0, 221.0
212, 300.0, 222.0
213, 149.0, 223.0
214, 216.0, 223.0
215, 229.0, 223.0
216, 287.0, 226.0
217, 159.0, 227.0
218, 145.0, 228.0
219, 507.0, 228.0
220, 229.0, 229.0
221, 235.0, 230.0
222, 252.0, 230.0
223, 223.0, 231.0
224, 592.0, 231.0
225, 272.0, 232.0
226, 607.0, 232.0
227, 242.0, 233.0
228, 230.0, 234.0
229, 97.0, 236.0
230, 461.0, 236.0
231, 110.0, 237.0
232, 212.0, 237.0
233, 312.0, 238.0
234, 162.0, 239.0
235, 562.0, 239.0
236, 252.0, 240.0
237, 299.0, 240.0
238, 40.0, 241.0
239, 459.0, 241.0
240, 567.0, 241.0
241, 572.0, 241.0
242, 618.0, 241.0
243, 8.0, 242.0
244, 287.0, 244.0
245, 17.0, 245.0
246, 459.0, 246.0
247, 166.0, 249.0
248, 275.0, 249.0
249, 650.0, 251.0
250, 624.0, 253.0
251, 17.0, 255.0
252, 45.0, 259.0
253, 288.0, 260.0
254, 656.0, 260.0
255, 358.0, 263.0
256, 17.0, 266.0
257, 457.0, 266.0
258, 348.0, 268.0
259, 278.0, 270.0
260, 304.0, 272.0
261, 299.0, 273.0
262, 455.0, 275.0
263, 330.0, 276.0
264, 454.0, 280.0
265, 307.0, 281.0
266, 322.0, 281.0
267, 282.0, 282.0
268, 453.0, 286.0
269, 278.0, 291.0
270, 453.0, 291.0
271, 234.0, 293.0
272, 297.0, 293.0
273, 339.0, 294.0
274, 314.0, 295.0
275, 451.0, 296.0
276, 507.0, 299.0
277, 424.0, 300.0
278, 339.0, 303.0
279, 296.0, 304.0
280, 276.0, 305.0
281, 329.0, 305.0
282, 347.0, 305.0
283, 314.0, 306.0
284, 451.0, 307.0
285, 301.0, 310.0
286, 337.0, 311.0
287, 356.0, 312.0
288, 404.0, 312.0
289, 256.0, 313.0
290, 276.0, 314.0
291, 266.0, 315.0
292, 314.0, 316.0
293, 291.0, 318.0
294, 276.0, 319.0
295, 348.0, 319.0
296, 333.0, 320.0
297, 365.0, 321.0
298, 448.0, 322.0
299, 71.0, 323.0
300, 385.0, 323.0
301, 325.0, 326.0
302, 150.0, 327.0
303, 448.0, 327.0
304, 480.0, 327.0
305, 143.0, 328.0
306, 303.0, 328.0
307, 330.0, 328.0
308, 361.0, 328.0
309, 348.0, 331.0
310, 33.0, 332.0
311, 112.0, 335.0
312, 265.0, 336.0
313, 446.0, 338.0
314, 52.0, 339.0
315, 61.0, 339.0
316, 296.0, 339.0
317, 375.0, 339.0
318, 407.0, 340.0
319, 418.0, 341.0
320, 141.0, 344.0
321, 53.0, 345.0
322, 132.0, 345.0
323, 120.0, 346.0
324, 83.0, 347.0
325, 349.0, 347.0
326, 474.0, 347.0
327, 369.0, 348.0
328, 111.0, 349.0
329, 38.0, 350.0
330, 394.0, 350.0
331, 355.0, 352.0
332, 76.0, 353.0
333, 333.0, 353.0
334, 406.0, 354.0
335, 420.0, 354.0
336, 384.0, 355.0
337, 444.0, 357.0
338, 320.0, 358.0
339, 31.0, 361.0
340, 373.0, 362.0
341, 21.0, 363.0
342, 119.0, 364.0
343, 128.0, 364.0
344, 600.0, 365.0
345, 415.0, 366.0
346, 431.0, 366.0
347, 393.0, 368.0
348, 469.0, 370.0
349, 10.0, 372.0
350, 439.0, 372.0
351, 287.0, 373.0
352, 383.0, 373.0
353, 449.0, 373.0
354, 459.0, 373.0
355, 429.0, 376.0
356, 381.0, 380.0
357, 603.0, 380.0
358, 535.0, 381.0
359, 348.0, 382.0
360, 444.0, 382.0
361, 367.0, 383.0
362, 503.0, 385.0
363, 112.0, 386.0
364, 106.0, 387.0
365, 454.0, 387.0
366, 101.0, 388.0
367, 466.0, 388.0
368, 508.0, 388.0
369, 262.0, 389.0
370, 606.0, 392.0
371, 435.0, 394.0
372, 88.0, 395.0
373, 408.0, 395.0
374, 464.0, 395.0
375, 501.0, 397.0
376, 408.0, 400.0
377, 443.0, 400.0
378, 462.0, 400.0
379, 510.0, 400.0
380, 480.0, 401.0
381, 523.0, 401.0
382, 452.0, 402.0
383, 643.0, 404.0
384, 234.0, 407.0
385, 651.0, 407.0
386, 411.0, 408.0
387, 495.0, 408.0
388, 542.0, 409.0
389, 659.0, 409.0
390, 377.0, 410.0
391, 567.0, 410.0
392, 743.0, 411.0
393, 89.0, 412.0
394, 95.0, 412.0
395, 398.0, 412.0
396, 610.0, 412.0
397, 412.0, 414.0
398, 84.0, 415.0
399, 553.0, 415.0
400, 480.0, 417.0
401, 520.0, 419.0
402, 30.0, 420.0
403, 435.0, 421.0
404, 564.0, 421.0
405, 401.0, 422.0
406, 424.0, 422.0
407, 610.0, 422.0
408, 406.0, 424.0
409, 495.0, 424.0
410, 532.0, 424.0
411, 205.0, 426.0
412, 598.0, 427.0
413, 421.0, 429.0
414, 439.0, 429.0
415, 476.0, 429.0
416, 552.0, 429.0
417, 388.0, 431.0
418, 428.0, 431.0
419, 393.0, 432.0
420, 679.0, 432.0
421, 459.0, 433.0
422, 526.0, 433.0
423, 487.0, 434.0
424, 687.0, 434.0
425, 609.0, 437.0
426, 428.0, 439.0
427, 500.0, 439.0
428, 436.0, 440.0
429, 579.0, 440.0
430, 697.0, 440.0
431, 660.0, 442.0
432, 67.0, 443.0
433, 511.0, 445.0
434, 550.0, 445.0
435, 169.0, 447.0
436, 367.0, 447.0
437, 559.0, 449.0
438, 519.0, 451.0
439, 652.0, 454.0
440, 574.0, 455.0
441, 36.0, 456.0
442, 530.0, 456.0
443, 621.0, 456.0
444, 665.0, 460.0
445, 680.0, 460.0
446, 543.0, 461.0
447, 453.0, 464.0
448, 497.0, 464.0
449, 558.0, 464.0
450, 570.0, 466.0
451, 646.0, 468.0
452, 25.0, 469.0
453, 130.0, 471.0
454, 513.0, 471.0
455, 585.0, 471.0
456, 705.0, 471.0
