0, 425.0, 8.0
1, 451.0, 8.0
2, 456.0, 8.0
3, 527.0, 8.0
4, 536.0, 8.0
5, 301.0, 11.0
6, 548.0, 11.0
7, 500.0, 13.0
8, 158.0, 14.0
9, 448.0, 14.0
10, 179.0, 18.0
11, 145.0, 19.0
12, 159.0, 19.0
13, 168.0, 22.0
14, 535.0, 27.0
15, 559.0, 32.0
16, 27.0, 35.0
17, 32.0, 35.0
18, 50.0, 35.0
19, 591.0, 35.0
20, 730.0, 35.0
21, 39.0, 36.0
22, 64.0, 36.0
23, 77.0, 37.0
24, 430.0, 38.0
25, 368.0, 39.0
26, 592.0, 40.0
27, 113.0, 41.0
28, 447.0, 41.0
29, 665.0, 41.0
30, 420.0, 42.0
31, 675.0, 42.0
32, 127.0, 43.0
33, 136.0, 43.0
34, 147.0, 43.0
35, 632.0, 43.0
36, 164.0, 44.0
37, 466.0, 44.0
38, 172.0, 45.0
39, 559.0, 45.0
40, 178.0, 46.0
41, 187.0, 46.0
42, 202.0, 47.0
43, 433.0, 47.0
44, 657.0, 47.0
45, 446.0, 49.0
46, 456.0, 49.0
47, 177.0, 51.0
48, 543.0, 51.0
49, 42.0, 56.0
50, 542.0, 56.0
51, 285.0, 58.0
52, 67.0, 61.0
53, 139.0, 63.0
54, 462.0, 63.0
55, 169.0, 64.0
56, 56.0, 65.0
57, 128.0, 70.0
58, 541.0, 71.0
59, 554.0, 72.0
60, 140.0, 73.0
61, 593.0, 74.0
62, 129.0, 75.0
63, 649.0, 75.0
64, 182.0, 76.0
65, 439.0, 76.0
66, 460.0, 76.0
67, 13.0, 79.0
68, 667.0, 80.0
69, 427.0, 81.0
70, 738.0, 81.0
71, 474.0, 82.0
72, 446.0, 85.0
73, 459.0, 86.0
74, 493.0, 86.0
75, 539.0, 86.0
76, 552.0, 89.0
77, 645.0, 90.0
78, 583.0, 91.0
79, 665.0, 91.0
80, 516.0, 94.0
81, 584.0, 96.0
82, 492.0, 99.0
83, 470.0, 101.0
84, 484.0, 101.0
85, 724.0, 102.0
86, 227.0, 105.0
87, 662.0, 105.0
88, 622.0, 106.0
89, 63.0, 108.0
90, 43.0, 112.0
91, 97.0, 112.0
92, 641.0, 112.0
93, 134.0, 113.0
94, 34.0, 114.0
95, 466.0, 115.0
96, 546.0, 116.0
97, 448.0, 117.0
98, 640.0, 117.0
99, 514.0, 118.0
100, 230.0, 122.0
101, 482.0, 122.0
102, 583.0, 122.0
103, 639.0, 122.0
104, 435.0, 123.0
105, 513.0, 123.0
106, 368.0, 124.0
107, 464.0, 124.0
108, 66.0, 125.0
109, 659.0, 125.0
110, 638.0, 128.0
111, 595.0, 129.0
112, 209.0, 131.0
113, 490.0, 131.0
114, 536.0, 131.0
115, 46.0, 132.0
116, 556.0, 132.0
117, 638.0, 134.0
118, 137.0, 136.0
119, 434.0, 136.0
120, 367.0, 138.0
121, 386.0, 139.0
122, 637.0, 139.0
123, 140.0, 141.0
124, 655.0, 141.0
125, 477.0, 142.0
126, 583.0, 142.0
127, 699.0, 143.0
128, 48.0, 144.0
129, 636.0, 147.0
130, 653.0, 150.0
131, 571.0, 152.0
132, 576.0, 152.0
133, 635.0, 152.0
134, 561.0, 153.0
135, 566.0, 153.0
136, 38.0, 155.0
137, 511.0, 156.0
138, 531.0, 156.0
139, 456.0, 157.0
140, 474.0, 157.0
141, 438.0, 158.0
142, 215.0, 159.0
143, 220.0, 159.0
144, 225.0, 159.0
145, 274.0, 159.0
146, 429.0, 159.0
147, 650.0, 159.0
148, 177.0, 160.0
149, 182.0, 160.0
150, 230.0, 160.0
151, 301.0, 160.0
152, 492.0, 160.0
153, 636.0, 160.0
154, 146.0, 161.0
155, 162.0, 161.0
156, 71.0, 162.0
157, 87.0, 162.0
158, 104.0, 162.0
159, 126.0, 162.0
160, 171.0, 162.0
161, 452.0, 162.0
162, 25.0, 163.0
163, 51.0, 163.0
164, 742.0, 164.0
165, 465.0, 166.0
166, 579.0, 166.0
167, 388.0, 169.0
168, 648.0, 171.0
169, 713.0, 172.0
170, 604.0, 173.0
171, 636.0, 173.0
172, 642.0, 174.0
173, 644.0, 179.0
174, 504.0, 182.0
175, 458.0, 184.0
176, 579.0, 184.0
177, 706.0, 184.0
178, 615.0, 187.0
179, 642.0, 190.0
180, 562.0, 192.0
181, 580.0, 194.0
182, 277.0, 196.0
183, 701.0, 196.0
184, 426.0, 198.0
185, 402.0, 199.0
186, 636.0, 201.0
187, 503.0, 202.0
188, 699.0, 202.0
189, 462.0, 206.0
190, 635.0, 206.0
191, 696.0, 208.0
192, 432.0, 209.0
193, 424.0, 210.0
194, 444.0, 210.0
195, 579.0, 210.0
196, 723.0, 210.0
197, 392.0, 211.0
198, 400.0, 211.0
199, 408.0, 212.0
200, 692.0, 217.0
201, 419.0, 220.0
202, 280.0, 221.0
203, 432.0, 227.0
204, 425.0, 228.0
205, 713.0, 228.0
206, 418.0, 229.0
207, 465.0, 229.0
208, 686.0, 229.0
209, 290.0, 231.0
210, 633.0, 233.0
211, 681.0, 239.0
212, 294.0, 240.0
213, 421.0, 240.0
214, 431.0, 240.0
215, 280.0, 241.0
216, 578.0, 241.0
217, 386.0, 243.0
218, 445.0, 245.0
219, 518.0, 247.0
220, 528.0, 248.0
221, 510.0, 249.0
222, 394.0, 250.0
223, 674.0, 250.0
224, 298.0, 253.0
225, 303.0, 253.0
226, 470.0, 254.0
227, 282.0, 255.0
228, 346.0, 255.0
229, 387.0, 257.0
230, 307.0, 258.0
231, 317.0, 258.0
232, 442.0, 259.0
233, 698.0, 260.0
234, 295.0, 261.0
235, 336.0, 263.0
236, 534.0, 264.0
237, 329.0, 265.0
238, 295.0, 266.0
239, 515.0, 267.0
240, 282.0, 268.0
241, 302.0, 268.0
242, 320.0, 273.0
243, 309.0, 274.0
244, 475.0, 278.0
245, 285.0, 279.0
246, 280.0, 280.0
247, 301.0, 280.0
248, 243.0, 281.0
249, 248.0, 281.0
250, 664.0, 281.0
251, 238.0, 282.0
252, 618.0, 283.0
253, 652.0, 283.0
254, 576.0, 284.0
255, 595.0, 284.0
256, 605.0, 284.0
257, 199.0, 287.0
258, 679.0, 287.0
259, 684.0, 289.0
260, 541.0, 291.0
261, 583.0, 291.0
262, 654.0, 291.0
263, 636.0, 293.0
264, 519.0, 295.0
265, 596.0, 295.0
266, 8.0, 296.0
267, 501.0, 297.0
268, 356.0, 299.0
269, 477.0, 302.0
270, 225.0, 303.0
271, 464.0, 306.0
272, 50.0, 307.0
273, 443.0, 310.0
274, 12.0, 311.0
275, 524.0, 313.0
276, 48.0, 315.0
277, 28.0, 320.0
278, 547.0, 325.0
279, 556.0, 333.0
280, 222.0, 337.0
281, 468.0, 338.0
282, 185.0, 339.0
283, 527.0, 342.0
284, 443.0, 343.0
285, 528.0, 347.0
286, 460.0, 348.0
287, 486.0, 354.0
288, 442.0, 362.0
289, 219.0, 369.0
290, 639.0, 376.0
291, 659.0, 376.0
292, 628.0, 404.0
293, 15.0, 405.0
294, 646.0, 416.0
295, 607.0, 418.0
296, 232.0, 442.0
