0, 258.0, 8.0
1, 362.0, 8.0
2, 269.0, 10.0
3, 292.0, 10.0
4, 293.0, 15.0
5, 102.0, 16.0
6, 113.0, 21.0
7, 271.0, 31.0
8, 368.0, 33.0
9, 179.0, 37.0
10, 131.0, 39.0
11, 382.0, 40.0
12, 77.0, 41.0
13, 30.0, 43.0
14, 432.0, 43.0
15, 20.0, 44.0
16, 412.0, 45.0
17, 369.0, 46.0
18, 382.0, 46.0
19, 398.0, 46.0
20, 164.0, 47.0
21, 180.0, 48.0
22, 131.0, 49.0
23, 155.0, 49.0
24, 58.0, 52.0
25, 70.0, 52.0
26, 110.0, 52.0
27, 383.0, 52.0
28, 34.0, 55.0
29, 292.0, 55.0
30, 161.0, 56.0
31, 370.0, 56.0
32, 179.0, 57.0
33, 311.0, 58.0
34, 65.0, 59.0
35, 411.0, 59.0
36, 273.0, 60.0
37, 47.0, 62.0
38, 292.0, 63.0
39, 16.0, 66.0
40, 371.0, 67.0
41, 431.0, 71.0
42, 177.0, 72.0
43, 350.0, 73.0
44, 113.0, 75.0
45, 119.0, 75.0
46, 125.0, 75.0
47, 140.0, 75.0
48, 414.0, 75.0
49, 432.0, 76.0
50, 91.0, 77.0
51, 104.0, 77.0
52, 187.0, 79.0
53, 50.0, 80.0
54, 274.0, 82.0
55, 294.0, 82.0
56, 116.0, 84.0
57, 21.0, 85.0
58, 39.0, 85.0
59, 99.0, 85.0
60, 126.0, 86.0
61, 247.0, 86.0
62, 275.0, 87.0
63, 137.0, 90.0
64, 98.0, 91.0
65, 108.0, 91.0
66, 248.0, 91.0
67, 87.0, 92.0
68, 118.0, 92.0
69, 128.0, 92.0
70, 149.0, 93.0
71, 275.0, 94.0
72, 97.0, 96.0
73, 295.0, 97.0
74, 107.0, 98.0
75, 118.0, 98.0
76, 45.0, 103.0
77, 131.0, 103.0
78, 143.0, 103.0
79, 374.0, 103.0
80, 27.0, 104.0
81, 119.0, 104.0
82, 83.0, 105.0
83, 95.0, 105.0
84, 107.0, 105.0
85, 465.0, 107.0
86, 95.0, 110.0
87, 160.0, 112.0
88, 134.0, 113.0
89, 147.0, 113.0
90, 414.0, 113.0
91, 386.0, 114.0
92, 107.0, 115.0
93, 120.0, 115.0
94, 93.0, 116.0
95, 79.0, 117.0
96, 194.0, 119.0
97, 386.0, 120.0
98, 462.0, 121.0
99, 162.0, 122.0
100, 467.0, 122.0
101, 353.0, 126.0
102, 136.0, 127.0
103, 109.0, 129.0
104, 464.0, 129.0
105, 55.0, 132.0
106, 74.0, 132.0
107, 87.0, 138.0
108, 110.0, 138.0
109, 16.0, 139.0
110, 42.0, 140.0
111, 190.0, 141.0
112, 177.0, 143.0
113, 31.0, 144.0
114, 199.0, 144.0
115, 402.0, 144.0
116, 152.0, 147.0
117, 15.0, 148.0
118, 179.0, 148.0
119, 190.0, 148.0
120, 280.0, 148.0
121, 738.0, 148.0
122, 113.0, 150.0
123, 78.0, 153.0
124, 88.0, 153.0
125, 158.0, 153.0
126, 68.0, 155.0
127, 149.0, 156.0
128, 19.0, 157.0
129, 44.0, 157.0
130, 281.0, 159.0
131, 78.0, 160.0
132, 83.0, 160.0
133, 138.0, 160.0
134, 368.0, 162.0
135, 125.0, 163.0
136, 160.0, 164.0
137, 187.0, 164.0
138, 281.0, 164.0
139, 91.0, 165.0
140, 301.0, 165.0
141, 25.0, 166.0
142, 143.0, 166.0
143, 522.0, 167.0
144, 81.0, 168.0
145, 282.0, 169.0
146, 43.0, 170.0
147, 462.0, 172.0
148, 22.0, 173.0
149, 451.0, 173.0
150, 282.0, 174.0
151, 441.0, 174.0
152, 446.0, 174.0
153, 16.0, 176.0
154, 134.0, 178.0
155, 408.0, 178.0
156, 399.0, 179.0
157, 391.0, 182.0
158, 371.0, 184.0
159, 354.0, 185.0
160, 332.0, 187.0
161, 507.0, 187.0
162, 327.0, 188.0
163, 342.0, 188.0
164, 313.0, 190.0
165, 318.0, 190.0
166, 180.0, 191.0
167, 303.0, 192.0
168, 445.0, 192.0
169, 166.0, 193.0
170, 284.0, 194.0
171, 262.0, 196.0
172, 245.0, 198.0
173, 153.0, 200.0
174, 233.0, 201.0
175, 726.0, 201.0
176, 228.0, 202.0
177, 168.0, 206.0
178, 183.0, 206.0
179, 184.0, 211.0
180, 198.0, 214.0
181, 157.0, 221.0
182, 173.0, 225.0
183, 336.0, 227.0
184, 686.0, 227.0
185, 719.0, 229.0
186, 160.0, 231.0
187, 228.0, 240.0
188, 529.0, 245.0
189, 178.0, 249.0
190, 724.0, 249.0
191, 221.0, 250.0
192, 163.0, 252.0
193, 528.0, 255.0
194, 204.0, 256.0
195, 237.0, 260.0
196, 230.0, 262.0
197, 52.0, 263.0
198, 47.0, 264.0
199, 743.0, 266.0
200, 537.0, 267.0
201, 216.0, 268.0
202, 664.0, 270.0
203, 530.0, 271.0
204, 651.0, 275.0
205, 210.0, 276.0
206, 239.0, 277.0
207, 531.0, 278.0
208, 643.0, 278.0
209, 681.0, 280.0
210, 210.0, 281.0
211, 632.0, 282.0
212, 226.0, 283.0
213, 603.0, 284.0
214, 704.0, 284.0
215, 655.0, 285.0
216, 552.0, 286.0
217, 621.0, 286.0
218, 531.0, 287.0
219, 211.0, 288.0
220, 230.0, 288.0
221, 564.0, 290.0
222, 656.0, 290.0
223, 588.0, 291.0
224, 607.0, 292.0
225, 212.0, 293.0
226, 539.0, 293.0
227, 641.0, 294.0
228, 676.0, 295.0
229, 556.0, 296.0
230, 569.0, 298.0
231, 593.0, 299.0
232, 613.0, 299.0
233, 242.0, 301.0
234, 539.0, 301.0
235, 230.0, 302.0
236, 214.0, 305.0
237, 231.0, 307.0
238, 532.0, 308.0
239, 541.0, 314.0
240, 567.0, 314.0
241, 243.0, 316.0
242, 520.0, 317.0
243, 585.0, 318.0
244, 568.0, 319.0
245, 216.0, 320.0
246, 231.0, 320.0
247, 489.0, 322.0
248, 529.0, 325.0
249, 567.0, 325.0
250, 477.0, 326.0
251, 483.0, 326.0
252, 453.0, 327.0
253, 562.0, 328.0
254, 231.0, 330.0
255, 491.0, 330.0
256, 544.0, 330.0
257, 477.0, 331.0
258, 200.0, 337.0
259, 210.0, 337.0
260, 156.0, 339.0
261, 228.0, 340.0
262, 187.0, 342.0
263, 34.0, 345.0
264, 224.0, 346.0
265, 185.0, 347.0
266, 157.0, 348.0
267, 165.0, 350.0
268, 222.0, 351.0
269, 283.0, 352.0
270, 26.0, 353.0
271, 141.0, 353.0
272, 249.0, 353.0
273, 476.0, 353.0
274, 675.0, 358.0
275, 45.0, 363.0
276, 168.0, 363.0
277, 281.0, 365.0
278, 477.0, 365.0
279, 32.0, 366.0
280, 690.0, 368.0
281, 269.0, 369.0
282, 23.0, 370.0
283, 99.0, 373.0
284, 116.0, 373.0
285, 24.0, 375.0
286, 321.0, 375.0
287, 126.0, 377.0
288, 171.0, 377.0
289, 32.0, 381.0
290, 109.0, 382.0
291, 321.0, 383.0
292, 91.0, 385.0
293, 22.0, 391.0
294, 84.0, 391.0
295, 102.0, 392.0
296, 143.0, 392.0
297, 70.0, 394.0
298, 174.0, 394.0
299, 92.0, 397.0
300, 60.0, 399.0
301, 103.0, 402.0
302, 58.0, 405.0
303, 85.0, 406.0
304, 166.0, 407.0
305, 130.0, 408.0
306, 178.0, 409.0
307, 423.0, 410.0
308, 89.0, 416.0
309, 55.0, 418.0
310, 95.0, 421.0
311, 68.0, 423.0
312, 30.0, 424.0
313, 118.0, 424.0
314, 91.0, 426.0
315, 60.0, 437.0
316, 80.0, 437.0
317, 158.0, 437.0
318, 28.0, 438.0
319, 40.0, 438.0
320, 102.0, 440.0
321, 75.0, 447.0
322, 54.0, 449.0
323, 30.0, 450.0
324, 91.0, 453.0
325, 107.0, 455.0
326, 105.0, 460.0
327, 57.0, 464.0
328, 80.0, 465.0
329, 29.0, 471.0
330, 534.0, 471.0
