0, 382.0, 345.0
1, 687.0, 192.0
2, 330.0, 272.0
3, 305.0, 310.0
4, 152.0, 363.0
5, 378.0, 316.0
6, 239.0, 444.0
7, 399.0, 332.0
8, 325.0, 330.0
9, 279.0, 323.0
10, 406.0, 309.0
11, 309.0, 404.0
12, 362.0, 281.0
13, 371.0, 353.0
14, 149.0, 373.0
15, 352.0, 368.0
16, 84.0, 327.0
17, 361.0, 188.0
18, 674.0, 189.0
19, 186.0, 378.0
20, 330.0, 387.0
21, 307.0, 391.0
22, 111.0, 351.0
23, 287.0, 377.0
24, 683.0, 347.0
25, 273.0, 311.0
26, 697.0, 368.0
27, 679.0, 264.0
28, 269.0, 424.0
29, 160.0, 381.0
30, 223.0, 93.0
31, 342.0, 377.0
32, 636.0, 266.0
33, 126.0, 356.0
34, 324.0, 392.0
35, 735.0, 308.0
36, 274.0, 342.0
37, 725.0, 253.0
38, 632.0, 326.0
39, 288.0, 433.0
40, 280.0, 415.0
41, 607.0, 307.0
42, 287.0, 389.0
43, 674.0, 283.0
44, 570.0, 299.0
45, 383.0, 327.0
46, 365.0, 338.0
47, 656.0, 282.0
48, 375.0, 336.0
49, 300.0, 349.0
50, 315.0, 367.0
51, 366.0, 256.0
52, 311.0, 192.0
53, 572.0, 288.0
54, 530.0, 289.0
55, 317.0, 263.0
56, 126.0, 320.0
57, 296.0, 415.0
58, 276.0, 280.0
59, 683.0, 362.0
60, 216.0, 392.0
61, 729.0, 173.0
62, 311.0, 202.0
63, 145.0, 346.0
64, 517.0, 284.0
65, 261.0, 418.0
66, 306.0, 274.0
67, 325.0, 253.0
68, 235.0, 386.0
69, 139.0, 370.0
70, 79.0, 340.0
71, 361.0, 197.0
72, 211.0, 403.0
73, 159.0, 371.0
74, 392.0, 337.0
75, 227.0, 423.0
76, 211.0, 304.0
77, 297.0, 374.0
78, 209.0, 411.0
79, 318.0, 377.0
80, 336.0, 371.0
81, 15.0, 140.0
82, 340.0, 199.0
83, 301.0, 382.0
84, 356.0, 223.0
85, 404.0, 438.0
86, 268.0, 436.0
87, 243.0, 336.0
88, 330.0, 339.0
89, 261.0, 311.0
90, 315.0, 399.0
91, 213.0, 372.0
92, 594.0, 286.0
93, 238.0, 100.0
94, 375.0, 325.0
95, 322.0, 219.0
96, 247.0, 419.0
97, 254.0, 345.0
98, 253.0, 288.0
99, 203.0, 397.0
100, 24.0, 458.0
101, 305.0, 323.0
102, 227.0, 357.0
103, 357.0, 248.0
104, 240.0, 406.0
105, 271.0, 383.0
106, 284.0, 303.0
107, 315.0, 246.0
108, 320.0, 201.0
109, 177.0, 379.0
110, 275.0, 394.0
111, 409.0, 324.0
112, 493.0, 280.0
113, 743.0, 385.0
114, 364.0, 230.0
115, 363.0, 213.0
116, 386.0, 278.0
117, 351.0, 178.0
118, 292.0, 313.0
119, 216.0, 315.0
120, 212.0, 85.0
121, 255.0, 271.0
122, 341.0, 287.0
123, 500.0, 287.0
124, 107.0, 332.0
125, 224.0, 344.0
126, 316.0, 254.0
127, 402.0, 271.0
128, 171.0, 139.0
129, 113.0, 140.0
130, 199.0, 330.0
131, 268.0, 403.0
132, 103.0, 341.0
133, 355.0, 214.0
134, 443.0, 138.0
135, 267.0, 326.0
136, 387.0, 318.0
137, 707.0, 23.0
138, 314.0, 237.0
139, 312.0, 211.0
140, 222.0, 415.0
141, 419.0, 316.0
142, 298.0, 297.0
143, 242.0, 149.0
144, 174.0, 400.0
145, 348.0, 309.0
146, 142.0, 360.0
147, 567.0, 272.0
148, 668.0, 205.0
149, 665.0, 353.0
150, 130.0, 140.0
151, 192.0, 408.0
152, 697.0, 286.0
153, 199.0, 381.0
154, 345.0, 277.0
155, 215.0, 420.0
156, 743.0, 137.0
157, 238.0, 84.0
158, 356.0, 231.0
159, 114.0, 323.0
160, 314.0, 228.0
161, 254.0, 430.0
162, 365.0, 238.0
163, 332.0, 261.0
164, 617.0, 332.0
165, 722.0, 303.0
166, 430.0, 316.0
167, 354.0, 206.0
168, 169.0, 363.0
169, 341.0, 190.0
170, 348.0, 198.0
171, 342.0, 216.0
172, 256.0, 370.0
173, 92.0, 139.0
174, 268.0, 357.0
175, 513.0, 325.0
176, 627.0, 219.0
177, 107.0, 314.0
178, 223.0, 405.0
179, 128.0, 340.0
180, 441.0, 155.0
181, 317.0, 349.0
182, 705.0, 344.0
183, 243.0, 160.0
184, 243.0, 169.0
185, 338.0, 251.0
186, 574.0, 281.0
187, 660.0, 256.0
188, 366.0, 243.0
189, 739.0, 121.0
190, 41.0, 437.0
191, 348.0, 207.0
192, 351.0, 75.0
193, 194.0, 397.0
194, 332.0, 398.0
195, 393.0, 455.0
196, 709.0, 62.0
197, 251.0, 297.0
198, 181.0, 404.0
199, 738.0, 25.0
200, 346.0, 259.0
201, 352.0, 12.0
202, 558.0, 282.0
203, 242.0, 321.0
204, 321.0, 210.0
205, 701.0, 94.0
206, 332.0, 190.0
207, 339.0, 260.0
208, 615.0, 260.0
209, 683.0, 208.0
210, 384.0, 354.0
211, 350.0, 157.0
212, 285.0, 278.0
213, 364.0, 222.0
214, 248.0, 197.0
215, 169.0, 376.0
216, 333.0, 316.0
217, 255.0, 402.0
218, 342.0, 242.0
219, 304.0, 262.0
220, 439.0, 208.0
221, 326.0, 262.0
222, 394.0, 308.0
223, 438.0, 232.0
224, 318.0, 306.0
225, 261.0, 456.0
226, 312.0, 416.0
227, 362.0, 373.0
228, 324.0, 244.0
229, 634.0, 196.0
230, 353.0, 198.0
231, 369.0, 413.0
232, 286.0, 338.0
233, 349.0, 224.0
234, 618.0, 299.0
235, 732.0, 283.0
236, 280.0, 291.0
237, 350.0, 121.0
238, 350.0, 141.0
239, 238.0, 430.0
240, 415.0, 370.0
241, 167.0, 386.0
242, 303.0, 284.0
243, 351.0, 106.0
244, 350.0, 240.0
245, 276.0, 402.0
246, 373.0, 206.0
247, 352.0, 189.0
248, 218.0, 375.0
249, 450.0, 30.0
250, 229.0, 292.0
251, 223.0, 137.0
252, 362.0, 202.0
253, 352.0, 33.0
254, 291.0, 327.0
255, 359.0, 299.0
256, 470.0, 279.0
257, 634.0, 307.0
258, 352.0, 248.0
259, 328.0, 200.0
260, 351.0, 166.0
261, 332.0, 218.0
262, 324.0, 317.0
263, 358.0, 239.0
264, 517.0, 269.0
265, 450.0, 42.0
266, 328.0, 362.0
267, 334.0, 234.0
268, 725.0, 337.0
269, 328.0, 463.0
270, 323.0, 235.0
271, 488.0, 469.0
272, 254.0, 336.0
273, 331.0, 252.0
274, 521.0, 293.0
275, 356.0, 257.0
276, 271.0, 292.0
277, 282.0, 328.0
278, 413.0, 141.0
279, 377.0, 360.0
280, 250.0, 221.0
281, 693.0, 267.0
282, 737.0, 324.0
283, 123.0, 345.0
284, 350.0, 130.0
285, 340.0, 225.0
286, 735.0, 274.0
287, 390.0, 349.0
288, 202.0, 26.0
289, 207.0, 48.0
290, 542.0, 279.0
291, 340.0, 327.0
292, 319.0, 193.0
293, 667.0, 87.0
294, 347.0, 249.0
295, 346.0, 189.0
296, 152.0, 353.0
297, 611.0, 316.0
298, 124.0, 350.0
299, 251.0, 318.0
300, 682.0, 21.0
301, 8.0, 466.0
302, 339.0, 233.0
303, 681.0, 332.0
304, 249.0, 213.0
305, 330.0, 226.0
306, 285.0, 296.0
307, 249.0, 466.0
308, 692.0, 314.0
309, 129.0, 363.0
310, 313.0, 219.0
311, 451.0, 14.0
312, 170.0, 368.0
313, 252.0, 245.0
314, 269.0, 301.0
315, 232.0, 322.0
316, 332.0, 209.0
317, 252.0, 257.0
318, 718.0, 320.0
319, 341.0, 208.0
320, 349.0, 232.0
321, 250.0, 240.0
322, 294.0, 334.0
323, 291.0, 345.0
324, 710.0, 51.0
325, 666.0, 294.0
326, 440.0, 187.0
327, 689.0, 22.0
328, 246.0, 183.0
329, 205.0, 384.0
330, 331.0, 243.0
331, 394.0, 244.0
332, 715.0, 288.0
333, 13.0, 131.0
334, 308.0, 471.0
335, 337.0, 242.0
336, 743.0, 157.0
337, 283.0, 406.0
338, 187.0, 139.0
339, 236.0, 115.0
340, 351.0, 258.0
341, 680.0, 293.0
342, 448.0, 75.0
343, 344.0, 233.0
344, 327.0, 191.0
345, 277.0, 353.0
346, 511.0, 265.0
347, 238.0, 343.0
348, 443.0, 126.0
349, 413.0, 444.0
350, 207.0, 36.0
351, 90.0, 335.0
352, 420.0, 325.0
353, 348.0, 215.0
354, 246.0, 355.0
355, 689.0, 275.0
356, 697.0, 402.0
357, 384.0, 436.0
358, 116.0, 339.0
359, 367.0, 368.0
360, 239.0, 138.0
361, 322.0, 227.0
362, 445.0, 107.0
363, 258.0, 412.0
364, 236.0, 58.0
365, 228.0, 137.0
366, 456.0, 394.0
367, 713.0, 358.0
368, 343.0, 390.0
369, 366.0, 248.0
370, 259.0, 359.0
371, 351.0, 58.0
372, 383.0, 307.0
373, 350.0, 89.0
374, 650.0, 315.0
375, 335.0, 226.0
376, 308.0, 285.0
377, 439.0, 308.0
378, 712.0, 308.0
379, 587.0, 353.0
380, 439.0, 182.0
381, 273.0, 435.0
382, 230.0, 368.0
383, 85.0, 334.0
384, 326.0, 210.0
385, 640.0, 323.0
386, 443.0, 132.0
387, 243.0, 306.0
388, 391.0, 303.0
389, 325.0, 357.0
390, 271.0, 332.0
391, 314.0, 341.0
392, 337.0, 216.0
393, 352.0, 27.0
394, 370.0, 303.0
395, 640.0, 333.0
396, 293.0, 305.0
397, 551.0, 252.0
398, 709.0, 56.0
399, 136.0, 352.0
400, 268.0, 450.0
401, 346.0, 335.0
402, 335.0, 199.0
403, 292.0, 405.0
404, 364.0, 452.0
405, 582.0, 380.0
406, 274.0, 445.0
407, 738.0, 363.0
408, 355.0, 353.0
409, 448.0, 80.0
410, 316.0, 450.0
411, 710.0, 281.0
412, 251.0, 383.0
413, 558.0, 297.0
414, 739.0, 294.0
415, 389.0, 422.0
416, 290.0, 320.0
417, 543.0, 287.0
418, 279.0, 266.0
419, 402.0, 340.0
420, 711.0, 9.0
421, 286.0, 343.0
422, 261.0, 380.0
423, 566.0, 15.0
424, 510.0, 361.0
425, 120.0, 329.0
426, 350.0, 171.0
427, 242.0, 315.0
428, 346.0, 288.0
429, 250.0, 309.0
430, 362.0, 309.0
431, 250.0, 230.0
432, 396.0, 318.0
433, 230.0, 301.0
434, 729.0, 12.0
435, 223.0, 124.0
436, 237.0, 316.0
437, 360.0, 359.0
438, 718.0, 95.0
439, 521.0, 429.0
440, 252.0, 412.0
441, 225.0, 350.0
442, 256.0, 407.0
443, 515.0, 465.0
444, 662.0, 91.0
445, 212.0, 50.0
446, 320.0, 312.0
447, 601.0, 314.0
448, 520.0, 277.0
449, 450.0, 35.0
450, 258.0, 158.0
451, 334.0, 357.0
452, 241.0, 354.0
453, 156.0, 413.0
454, 581.0, 292.0
455, 327.0, 56.0
456, 352.0, 38.0
457, 328.0, 309.0
458, 165.0, 381.0
459, 439.0, 299.0
460, 207.0, 43.0
461, 268.0, 282.0
462, 449.0, 70.0
463, 398.0, 358.0
464, 290.0, 368.0
465, 628.0, 304.0
466, 202.0, 47.0
467, 210.0, 72.0
468, 246.0, 178.0
469, 429.0, 136.0
470, 399.0, 243.0
471, 212.0, 425.0
472, 728.0, 294.0
473, 634.0, 314.0
474, 414.0, 342.0
475, 282.0, 348.0
476, 252.0, 388.0
477, 361.0, 255.0
478, 363.0, 208.0
479, 231.0, 116.0
480, 530.0, 300.0
481, 647.0, 251.0
482, 594.0, 455.0
483, 350.0, 136.0
484, 203.0, 403.0
485, 205.0, 31.0
486, 293.0, 293.0
487, 607.0, 327.0
488, 645.0, 312.0
489, 444.0, 121.0
490, 226.0, 318.0
491, 687.0, 309.0
492, 706.0, 96.0
493, 352.0, 43.0
494, 350.0, 152.0
495, 397.0, 337.0
496, 353.0, 19.0
497, 465.0, 280.0
498, 234.0, 309.0
499, 451.0, 25.0
