0, 17.0, 8.0
1, 235.0, 8.0
2, 607.0, 10.0
3, 683.0, 10.0
4, 401.0, 11.0
5, 464.0, 11.0
6, 384.0, 13.0
7, 424.0, 14.0
8, 121.0, 16.0
9, 680.0, 16.0
10, 703.0, 18.0
11, 471.0, 19.0
12, 679.0, 21.0
13, 470.0, 24.0
14, 479.0, 26.0
15, 677.0, 27.0
16, 29.0, 29.0
17, 44.0, 29.0
18, 8.0, 30.0
19, 376.0, 31.0
20, 479.0, 31.0
21, 69.0, 33.0
22, 96.0, 34.0
23, 113.0, 35.0
24, 145.0, 35.0
25, 173.0, 35.0
26, 429.0, 35.0
27, 601.0, 35.0
28, 124.0, 36.0
29, 135.0, 36.0
30, 162.0, 36.0
31, 478.0, 36.0
32, 186.0, 38.0
33, 195.0, 38.0
34, 201.0, 38.0
35, 228.0, 38.0
36, 233.0, 39.0
37, 598.0, 40.0
38, 695.0, 40.0
39, 270.0, 42.0
40, 673.0, 42.0
41, 448.0, 45.0
42, 465.0, 46.0
43, 567.0, 46.0
44, 477.0, 47.0
45, 590.0, 47.0
46, 671.0, 47.0
47, 504.0, 48.0
48, 33.0, 49.0
49, 530.0, 49.0
50, 585.0, 49.0
51, 424.0, 50.0
52, 380.0, 51.0
53, 17.0, 52.0
54, 670.0, 52.0
55, 259.0, 54.0
56, 409.0, 54.0
57, 689.0, 55.0
58, 590.0, 56.0
59, 670.0, 57.0
60, 687.0, 60.0
61, 528.0, 66.0
62, 22.0, 67.0
63, 36.0, 67.0
64, 56.0, 72.0
65, 680.0, 74.0
66, 665.0, 76.0
67, 676.0, 79.0
68, 732.0, 80.0
69, 63.0, 81.0
70, 83.0, 84.0
71, 583.0, 84.0
72, 675.0, 84.0
73, 85.0, 89.0
74, 649.0, 89.0
75, 431.0, 90.0
76, 385.0, 91.0
77, 409.0, 91.0
78, 425.0, 92.0
79, 67.0, 93.0
80, 86.0, 94.0
81, 438.0, 94.0
82, 722.0, 94.0
83, 368.0, 95.0
84, 276.0, 96.0
85, 670.0, 96.0
86, 410.0, 101.0
87, 288.0, 105.0
88, 661.0, 105.0
89, 714.0, 105.0
90, 556.0, 108.0
91, 72.0, 110.0
92, 88.0, 111.0
93, 294.0, 113.0
94, 424.0, 113.0
95, 277.0, 114.0
96, 365.0, 114.0
97, 385.0, 114.0
98, 408.0, 114.0
99, 658.0, 114.0
100, 516.0, 115.0
101, 578.0, 115.0
102, 708.0, 116.0
103, 20.0, 118.0
104, 91.0, 119.0
105, 278.0, 119.0
106, 76.0, 120.0
107, 373.0, 123.0
108, 93.0, 124.0
109, 278.0, 125.0
110, 289.0, 125.0
111, 299.0, 125.0
112, 361.0, 125.0
113, 701.0, 125.0
114, 51.0, 126.0
115, 58.0, 126.0
116, 216.0, 126.0
117, 445.0, 126.0
118, 30.0, 128.0
119, 46.0, 129.0
120, 409.0, 129.0
121, 425.0, 129.0
122, 311.0, 130.0
123, 335.0, 130.0
124, 326.0, 132.0
125, 385.0, 132.0
126, 277.0, 135.0
127, 397.0, 135.0
128, 374.0, 137.0
129, 87.0, 138.0
130, 317.0, 138.0
131, 360.0, 138.0
132, 650.0, 138.0
133, 92.0, 139.0
134, 82.0, 140.0
135, 249.0, 141.0
136, 99.0, 142.0
137, 119.0, 142.0
138, 298.0, 142.0
139, 35.0, 143.0
140, 274.0, 143.0
141, 476.0, 143.0
142, 317.0, 144.0
143, 274.0, 148.0
144, 684.0, 148.0
145, 108.0, 149.0
146, 218.0, 157.0
147, 202.0, 160.0
148, 44.0, 163.0
149, 741.0, 167.0
150, 29.0, 170.0
151, 12.0, 181.0
152, 721.0, 196.0
153, 269.0, 198.0
154, 298.0, 209.0
155, 740.0, 219.0
156, 718.0, 223.0
157, 710.0, 225.0
158, 190.0, 227.0
159, 680.0, 229.0
160, 732.0, 232.0
161, 644.0, 234.0
162, 670.0, 236.0
163, 740.0, 238.0
164, 663.0, 240.0
165, 711.0, 244.0
166, 684.0, 247.0
167, 656.0, 248.0
168, 182.0, 249.0
169, 673.0, 252.0
170, 516.0, 253.0
171, 648.0, 257.0
172, 607.0, 258.0
173, 495.0, 260.0
174, 703.0, 266.0
175, 474.0, 267.0
176, 501.0, 268.0
177, 435.0, 272.0
178, 635.0, 272.0
179, 698.0, 275.0
180, 638.0, 277.0
181, 478.0, 278.0
182, 727.0, 278.0
183, 444.0, 279.0
184, 468.0, 282.0
185, 650.0, 283.0
186, 698.0, 284.0
187, 427.0, 285.0
188, 733.0, 285.0
189, 566.0, 286.0
190, 722.0, 290.0
191, 646.0, 291.0
192, 239.0, 292.0
193, 406.0, 294.0
194, 715.0, 294.0
195, 646.0, 296.0
196, 555.0, 302.0
197, 411.0, 303.0
198, 523.0, 306.0
199, 549.0, 312.0
200, 527.0, 314.0
201, 376.0, 316.0
202, 618.0, 320.0
203, 496.0, 321.0
204, 524.0, 325.0
205, 429.0, 326.0
206, 499.0, 327.0
207, 349.0, 328.0
208, 324.0, 336.0
209, 495.0, 339.0
210, 468.0, 343.0
211, 387.0, 344.0
212, 547.0, 344.0
213, 484.0, 345.0
214, 555.0, 346.0
215, 611.0, 346.0
216, 258.0, 350.0
217, 600.0, 353.0
218, 225.0, 354.0
219, 260.0, 355.0
220, 464.0, 355.0
221, 522.0, 355.0
222, 437.0, 356.0
223, 357.0, 357.0
224, 596.0, 358.0
225, 432.0, 359.0
226, 263.0, 360.0
227, 502.0, 362.0
228, 434.0, 364.0
229, 541.0, 365.0
230, 441.0, 369.0
231, 615.0, 369.0
232, 188.0, 370.0
233, 495.0, 370.0
234, 430.0, 372.0
235, 222.0, 373.0
236, 400.0, 374.0
237, 421.0, 376.0
238, 588.0, 376.0
239, 547.0, 377.0
240, 392.0, 378.0
241, 175.0, 379.0
242, 537.0, 380.0
243, 409.0, 382.0
244, 630.0, 383.0
245, 164.0, 385.0
246, 403.0, 386.0
247, 466.0, 386.0
248, 425.0, 387.0
249, 519.0, 387.0
250, 216.0, 390.0
251, 270.0, 390.0
252, 392.0, 390.0
253, 582.0, 391.0
254, 336.0, 392.0
255, 460.0, 392.0
256, 575.0, 393.0
257, 358.0, 394.0
258, 382.0, 395.0
259, 149.0, 396.0
260, 735.0, 396.0
261, 406.0, 397.0
262, 577.0, 398.0
263, 349.0, 399.0
264, 428.0, 399.0
265, 433.0, 403.0
266, 493.0, 403.0
267, 727.0, 404.0
268, 362.0, 407.0
269, 249.0, 408.0
270, 532.0, 408.0
271, 542.0, 408.0
272, 118.0, 409.0
273, 414.0, 409.0
274, 583.0, 409.0
275, 352.0, 410.0
276, 335.0, 412.0
277, 162.0, 415.0
278, 402.0, 415.0
279, 516.0, 415.0
280, 718.0, 416.0
281, 467.0, 419.0
282, 391.0, 420.0
283, 514.0, 420.0
284, 462.0, 421.0
285, 397.0, 422.0
286, 681.0, 423.0
287, 564.0, 424.0
288, 622.0, 424.0
289, 370.0, 426.0
290, 186.0, 427.0
291, 686.0, 427.0
292, 59.0, 428.0
293, 54.0, 429.0
294, 706.0, 430.0
295, 393.0, 433.0
296, 268.0, 435.0
297, 489.0, 436.0
298, 539.0, 436.0
299, 433.0, 438.0
300, 23.0, 439.0
301, 428.0, 439.0
302, 695.0, 439.0
303, 267.0, 440.0
304, 363.0, 440.0
305, 381.0, 440.0
306, 484.0, 440.0
307, 357.0, 441.0
308, 352.0, 442.0
309, 353.0, 447.0
310, 511.0, 447.0
311, 427.0, 448.0
312, 711.0, 449.0
313, 365.0, 450.0
314, 354.0, 452.0
315, 461.0, 453.0
316, 403.0, 455.0
317, 391.0, 457.0
318, 597.0, 458.0
319, 382.0, 460.0
320, 403.0, 460.0
321, 272.0, 461.0
322, 396.0, 461.0
323, 738.0, 461.0
324, 534.0, 463.0
325, 485.0, 465.0
326, 371.0, 466.0
327, 393.0, 466.0
328, 404.0, 466.0
329, 435.0, 468.0
330, 482.0, 470.0
331, 155.0, 471.0
332, 392.0, 471.0
333, 508.0, 471.0
334, 610.0, 471.0
