0, 172.0, 8.0
1, 33.0, 9.0
2, 120.0, 9.0
3, 402.0, 10.0
4, 215.0, 12.0
5, 33.0, 14.0
6, 292.0, 14.0
7, 687.0, 15.0
8, 393.0, 16.0
9, 171.0, 17.0
10, 159.0, 18.0
11, 565.0, 18.0
12, 636.0, 22.0
13, 159.0, 23.0
14, 303.0, 27.0
15, 159.0, 29.0
16, 387.0, 29.0
17, 545.0, 31.0
18, 200.0, 35.0
19, 58.0, 36.0
20, 159.0, 37.0
21, 718.0, 38.0
22, 200.0, 40.0
23, 662.0, 41.0
24, 200.0, 45.0
25, 31.0, 47.0
26, 378.0, 50.0
27, 138.0, 54.0
28, 389.0, 55.0
29, 57.0, 57.0
30, 136.0, 59.0
31, 402.0, 60.0
32, 671.0, 60.0
33, 452.0, 61.0
34, 243.0, 64.0
35, 391.0, 64.0
36, 604.0, 64.0
37, 136.0, 66.0
38, 452.0, 66.0
39, 252.0, 68.0
40, 723.0, 68.0
41, 425.0, 70.0
42, 30.0, 74.0
43, 56.0, 74.0
44, 704.0, 78.0
45, 592.0, 85.0
46, 636.0, 87.0
47, 666.0, 87.0
48, 101.0, 90.0
49, 397.0, 92.0
50, 422.0, 93.0
51, 718.0, 93.0
52, 616.0, 95.0
53, 441.0, 96.0
54, 133.0, 98.0
55, 654.0, 99.0
56, 139.0, 100.0
57, 645.0, 100.0
58, 671.0, 103.0
59, 598.0, 109.0
60, 395.0, 110.0
61, 605.0, 110.0
62, 410.0, 112.0
63, 621.0, 112.0
64, 430.0, 113.0
65, 439.0, 113.0
66, 214.0, 118.0
67, 131.0, 125.0
68, 394.0, 127.0
69, 405.0, 127.0
70, 629.0, 127.0
71, 400.0, 129.0
72, 436.0, 130.0
73, 689.0, 131.0
74, 430.0, 132.0
75, 392.0, 134.0
76, 407.0, 136.0
77, 417.0, 136.0
78, 235.0, 137.0
79, 658.0, 138.0
80, 609.0, 139.0
81, 626.0, 140.0
82, 398.0, 152.0
83, 428.0, 155.0
84, 243.0, 159.0
85, 337.0, 160.0
86, 398.0, 165.0
87, 387.0, 166.0
88, 414.0, 168.0
89, 242.0, 172.0
90, 433.0, 172.0
91, 318.0, 173.0
92, 326.0, 175.0
93, 335.0, 176.0
94, 677.0, 176.0
95, 317.0, 183.0
96, 412.0, 183.0
97, 325.0, 184.0
98, 670.0, 184.0
99, 334.0, 188.0
100, 239.0, 196.0
101, 410.0, 200.0
102, 238.0, 201.0
103, 316.0, 205.0
104, 239.0, 208.0
105, 121.0, 209.0
106, 265.0, 210.0
107, 331.0, 211.0
108, 76.0, 213.0
109, 305.0, 215.0
110, 331.0, 216.0
111, 408.0, 216.0
112, 314.0, 217.0
113, 319.0, 217.0
114, 324.0, 217.0
115, 652.0, 218.0
116, 95.0, 219.0
117, 129.0, 224.0
118, 407.0, 224.0
119, 331.0, 226.0
120, 601.0, 229.0
121, 651.0, 229.0
122, 660.0, 229.0
123, 235.0, 233.0
124, 698.0, 235.0
125, 313.0, 237.0
126, 649.0, 238.0
127, 237.0, 241.0
128, 320.0, 242.0
129, 736.0, 247.0
130, 328.0, 248.0
131, 236.0, 251.0
132, 566.0, 253.0
133, 646.0, 254.0
134, 311.0, 256.0
135, 584.0, 256.0
136, 117.0, 258.0
137, 640.0, 258.0
138, 666.0, 258.0
139, 715.0, 258.0
140, 19.0, 261.0
141, 249.0, 261.0
142, 229.0, 262.0
143, 92.0, 263.0
144, 370.0, 265.0
145, 326.0, 266.0
146, 116.0, 267.0
147, 353.0, 271.0
148, 378.0, 271.0
149, 572.0, 272.0
150, 743.0, 273.0
151, 404.0, 274.0
152, 392.0, 275.0
153, 429.0, 275.0
154, 282.0, 276.0
155, 640.0, 276.0
156, 369.0, 278.0
157, 428.0, 280.0
158, 207.0, 281.0
159, 612.0, 282.0
160, 225.0, 285.0
161, 224.0, 290.0
162, 412.0, 290.0
163, 601.0, 290.0
164, 427.0, 296.0
165, 432.0, 297.0
166, 116.0, 299.0
167, 438.0, 300.0
168, 186.0, 303.0
169, 508.0, 303.0
170, 51.0, 304.0
171, 64.0, 304.0
172, 450.0, 305.0
173, 678.0, 305.0
174, 112.0, 308.0
175, 187.0, 308.0
176, 200.0, 308.0
177, 30.0, 309.0
178, 459.0, 310.0
179, 87.0, 311.0
180, 464.0, 311.0
181, 105.0, 313.0
182, 111.0, 313.0
183, 471.0, 314.0
184, 659.0, 314.0
185, 215.0, 317.0
186, 225.0, 317.0
187, 479.0, 317.0
188, 523.0, 318.0
189, 394.0, 319.0
190, 109.0, 320.0
191, 119.0, 320.0
192, 487.0, 321.0
193, 738.0, 321.0
194, 655.0, 322.0
195, 168.0, 324.0
196, 606.0, 324.0
197, 58.0, 325.0
198, 159.0, 325.0
199, 8.0, 326.0
200, 146.0, 326.0
201, 179.0, 326.0
202, 192.0, 326.0
203, 496.0, 326.0
204, 504.0, 327.0
205, 577.0, 327.0
206, 698.0, 327.0
207, 233.0, 328.0
208, 25.0, 331.0
209, 122.0, 332.0
210, 514.0, 332.0
211, 437.0, 333.0
212, 564.0, 333.0
213, 26.0, 336.0
214, 523.0, 336.0
215, 575.0, 337.0
216, 212.0, 339.0
217, 204.0, 340.0
218, 612.0, 340.0
219, 534.0, 341.0
220, 634.0, 341.0
221, 463.0, 342.0
222, 170.0, 345.0
223, 204.0, 345.0
224, 544.0, 346.0
225, 133.0, 347.0
226, 11.0, 348.0
227, 599.0, 348.0
228, 560.0, 349.0
229, 193.0, 352.0
230, 198.0, 352.0
231, 185.0, 353.0
232, 176.0, 354.0
233, 151.0, 355.0
234, 159.0, 355.0
235, 164.0, 355.0
236, 169.0, 355.0
237, 142.0, 356.0
238, 113.0, 358.0
239, 123.0, 358.0
240, 132.0, 358.0
241, 103.0, 359.0
242, 94.0, 360.0
243, 180.0, 360.0
244, 72.0, 361.0
245, 83.0, 361.0
246, 210.0, 361.0
247, 215.0, 361.0
248, 62.0, 362.0
249, 162.0, 362.0
250, 50.0, 363.0
251, 28.0, 364.0
252, 143.0, 364.0
253, 124.0, 365.0
254, 129.0, 365.0
255, 134.0, 365.0
256, 15.0, 366.0
257, 38.0, 366.0
258, 114.0, 366.0
259, 204.0, 366.0
260, 446.0, 366.0
261, 530.0, 366.0
262, 99.0, 367.0
263, 105.0, 367.0
264, 195.0, 367.0
265, 91.0, 368.0
266, 189.0, 368.0
267, 382.0, 368.0
268, 537.0, 368.0
269, 606.0, 368.0
270, 620.0, 368.0
271, 172.0, 369.0
272, 180.0, 369.0
273, 64.0, 370.0
274, 81.0, 370.0
275, 165.0, 370.0
276, 54.0, 371.0
277, 155.0, 371.0
278, 160.0, 371.0
279, 150.0, 372.0
280, 141.0, 373.0
281, 34.0, 374.0
282, 131.0, 374.0
283, 136.0, 374.0
284, 492.0, 374.0
285, 22.0, 375.0
286, 125.0, 375.0
287, 579.0, 375.0
288, 11.0, 376.0
289, 110.0, 376.0
290, 120.0, 376.0
291, 99.0, 377.0
292, 88.0, 378.0
293, 76.0, 379.0
294, 490.0, 379.0
295, 64.0, 380.0
296, 52.0, 382.0
297, 41.0, 383.0
298, 29.0, 384.0
299, 18.0, 385.0
300, 465.0, 388.0
301, 622.0, 402.0
302, 448.0, 405.0
303, 692.0, 408.0
304, 598.0, 413.0
305, 629.0, 416.0
306, 512.0, 419.0
307, 606.0, 422.0
308, 432.0, 425.0
309, 475.0, 427.0
310, 571.0, 427.0
311, 639.0, 427.0
312, 578.0, 436.0
313, 653.0, 437.0
314, 614.0, 442.0
315, 489.0, 444.0
316, 393.0, 445.0
317, 225.0, 448.0
318, 490.0, 449.0
319, 216.0, 450.0
320, 383.0, 452.0
321, 207.0, 453.0
322, 494.0, 454.0
323, 543.0, 455.0
324, 623.0, 455.0
325, 516.0, 458.0
326, 463.0, 460.0
327, 350.0, 461.0
328, 392.0, 461.0
329, 207.0, 462.0
330, 518.0, 463.0
331, 388.0, 467.0
332, 666.0, 468.0
333, 197.0, 471.0
334, 310.0, 471.0
