0, 302.0, 8.0
1, 608.0, 9.0
2, 602.0, 11.0
3, 594.0, 13.0
4, 676.0, 13.0
5, 724.0, 16.0
6, 553.0, 18.0
7, 674.0, 18.0
8, 528.0, 22.0
9, 134.0, 23.0
10, 673.0, 23.0
11, 678.0, 25.0
12, 508.0, 27.0
13, 671.0, 28.0
14, 668.0, 33.0
15, 316.0, 39.0
16, 686.0, 44.0
17, 529.0, 45.0
18, 725.0, 46.0
19, 725.0, 51.0
20, 309.0, 53.0
21, 604.0, 57.0
22, 558.0, 58.0
23, 553.0, 59.0
24, 596.0, 61.0
25, 356.0, 63.0
26, 342.0, 64.0
27, 527.0, 64.0
28, 606.0, 64.0
29, 167.0, 66.0
30, 149.0, 67.0
31, 331.0, 67.0
32, 511.0, 67.0
33, 318.0, 68.0
34, 150.0, 72.0
35, 520.0, 79.0
36, 553.0, 81.0
37, 202.0, 83.0
38, 197.0, 85.0
39, 314.0, 85.0
40, 320.0, 88.0
41, 153.0, 94.0
42, 188.0, 94.0
43, 296.0, 97.0
44, 608.0, 97.0
45, 558.0, 98.0
46, 731.0, 98.0
47, 112.0, 100.0
48, 531.0, 101.0
49, 147.0, 102.0
50, 197.0, 102.0
51, 134.0, 103.0
52, 701.0, 103.0
53, 250.0, 104.0
54, 360.0, 105.0
55, 547.0, 105.0
56, 508.0, 106.0
57, 202.0, 107.0
58, 234.0, 107.0
59, 514.0, 107.0
60, 181.0, 108.0
61, 341.0, 108.0
62, 122.0, 109.0
63, 169.0, 109.0
64, 174.0, 109.0
65, 655.0, 109.0
66, 661.0, 109.0
67, 666.0, 109.0
68, 158.0, 111.0
69, 476.0, 113.0
70, 623.0, 113.0
71, 143.0, 114.0
72, 372.0, 114.0
73, 239.0, 115.0
74, 607.0, 116.0
75, 137.0, 118.0
76, 584.0, 118.0
77, 359.0, 119.0
78, 156.0, 120.0
79, 568.0, 121.0
80, 252.0, 122.0
81, 558.0, 123.0
82, 121.0, 124.0
83, 191.0, 124.0
84, 544.0, 126.0
85, 131.0, 127.0
86, 141.0, 127.0
87, 173.0, 127.0
88, 208.0, 127.0
89, 504.0, 127.0
90, 193.0, 129.0
91, 155.0, 131.0
92, 248.0, 133.0
93, 171.0, 134.0
94, 211.0, 134.0
95, 510.0, 136.0
96, 212.0, 139.0
97, 147.0, 140.0
98, 562.0, 141.0
99, 538.0, 144.0
100, 129.0, 145.0
101, 391.0, 145.0
102, 569.0, 145.0
103, 172.0, 146.0
104, 513.0, 146.0
105, 208.0, 148.0
106, 355.0, 148.0
107, 160.0, 149.0
108, 252.0, 149.0
109, 578.0, 149.0
110, 152.0, 151.0
111, 328.0, 152.0
112, 306.0, 153.0
113, 323.0, 153.0
114, 140.0, 154.0
115, 317.0, 155.0
116, 298.0, 156.0
117, 178.0, 157.0
118, 383.0, 157.0
119, 119.0, 159.0
120, 164.0, 159.0
121, 277.0, 159.0
122, 145.0, 160.0
123, 249.0, 163.0
124, 136.0, 164.0
125, 562.0, 164.0
126, 126.0, 165.0
127, 212.0, 165.0
128, 543.0, 165.0
129, 113.0, 166.0
130, 231.0, 166.0
131, 203.0, 167.0
132, 519.0, 167.0
133, 193.0, 170.0
134, 115.0, 171.0
135, 539.0, 177.0
136, 514.0, 180.0
137, 499.0, 181.0
138, 509.0, 181.0
139, 205.0, 182.0
140, 504.0, 182.0
141, 576.0, 183.0
142, 583.0, 183.0
143, 567.0, 184.0
144, 541.0, 186.0
145, 193.0, 187.0
146, 518.0, 189.0
147, 397.0, 192.0
148, 504.0, 192.0
149, 518.0, 194.0
150, 206.0, 195.0
151, 541.0, 195.0
152, 220.0, 196.0
153, 526.0, 197.0
154, 197.0, 198.0
155, 498.0, 199.0
156, 409.0, 200.0
157, 237.0, 203.0
158, 569.0, 206.0
159, 137.0, 209.0
160, 148.0, 209.0
161, 239.0, 209.0
162, 293.0, 209.0
163, 398.0, 209.0
164, 542.0, 209.0
165, 225.0, 210.0
166, 519.0, 210.0
167, 497.0, 211.0
168, 130.0, 212.0
169, 212.0, 212.0
170, 99.0, 214.0
171, 398.0, 214.0
172, 87.0, 217.0
173, 506.0, 217.0
174, 399.0, 219.0
175, 458.0, 220.0
176, 431.0, 222.0
177, 493.0, 222.0
178, 228.0, 223.0
179, 242.0, 224.0
180, 92.0, 225.0
181, 411.0, 225.0
182, 598.0, 226.0
183, 726.0, 227.0
184, 571.0, 228.0
185, 398.0, 229.0
186, 544.0, 229.0
187, 439.0, 230.0
188, 86.0, 231.0
189, 230.0, 231.0
190, 243.0, 232.0
191, 521.0, 232.0
192, 104.0, 233.0
193, 73.0, 235.0
194, 91.0, 235.0
195, 494.0, 235.0
196, 50.0, 236.0
197, 420.0, 236.0
198, 429.0, 236.0
199, 19.0, 238.0
200, 27.0, 238.0
201, 36.0, 239.0
202, 370.0, 239.0
203, 219.0, 240.0
204, 397.0, 240.0
205, 195.0, 243.0
206, 210.0, 244.0
207, 185.0, 245.0
208, 204.0, 245.0
209, 143.0, 247.0
210, 235.0, 248.0
211, 240.0, 248.0
212, 573.0, 248.0
213, 246.0, 249.0
214, 97.0, 252.0
215, 169.0, 253.0
216, 177.0, 253.0
217, 254.0, 256.0
218, 166.0, 258.0
219, 202.0, 258.0
220, 609.0, 259.0
221, 446.0, 261.0
222, 156.0, 262.0
223, 575.0, 269.0
224, 168.0, 270.0
225, 66.0, 272.0
226, 105.0, 273.0
227, 134.0, 273.0
228, 208.0, 273.0
229, 53.0, 275.0
230, 117.0, 275.0
231, 152.0, 275.0
232, 548.0, 278.0
233, 488.0, 279.0
234, 524.0, 279.0
235, 22.0, 280.0
236, 65.0, 283.0
237, 197.0, 283.0
238, 101.0, 284.0
239, 172.0, 284.0
240, 486.0, 288.0
241, 123.0, 290.0
242, 154.0, 290.0
243, 187.0, 292.0
244, 571.0, 294.0
245, 68.0, 295.0
246, 486.0, 295.0
247, 166.0, 296.0
248, 110.0, 299.0
249, 175.0, 303.0
250, 202.0, 303.0
251, 170.0, 305.0
252, 35.0, 306.0
253, 152.0, 307.0
254, 55.0, 308.0
255, 71.0, 308.0
256, 169.0, 310.0
257, 66.0, 319.0
258, 81.0, 320.0
259, 119.0, 320.0
260, 57.0, 324.0
261, 85.0, 327.0
262, 46.0, 330.0
263, 133.0, 330.0
264, 73.0, 332.0
265, 68.0, 333.0
266, 84.0, 333.0
267, 63.0, 334.0
268, 346.0, 334.0
269, 47.0, 336.0
270, 321.0, 342.0
271, 23.0, 343.0
272, 133.0, 343.0
273, 90.0, 346.0
274, 68.0, 352.0
275, 658.0, 352.0
276, 86.0, 360.0
277, 36.0, 369.0
278, 315.0, 369.0
279, 63.0, 370.0
280, 91.0, 374.0
281, 53.0, 380.0
282, 103.0, 380.0
283, 98.0, 383.0
284, 39.0, 386.0
285, 109.0, 387.0
286, 493.0, 389.0
287, 47.0, 392.0
288, 121.0, 393.0
289, 359.0, 394.0
290, 42.0, 396.0
291, 88.0, 401.0
292, 319.0, 407.0
293, 12.0, 412.0
294, 119.0, 412.0
295, 77.0, 415.0
296, 351.0, 418.0
297, 37.0, 421.0
298, 94.0, 422.0
299, 20.0, 423.0
300, 45.0, 433.0
301, 86.0, 435.0
302, 52.0, 442.0
303, 77.0, 448.0
304, 13.0, 451.0
305, 96.0, 451.0
306, 270.0, 457.0
307, 38.0, 465.0
308, 43.0, 468.0
309, 20.0, 469.0
310, 252.0, 471.0
