0, 279.0, 8.0
1, 336.0, 14.0
2, 476.0, 15.0
3, 234.0, 20.0
4, 246.0, 20.0
5, 261.0, 20.0
6, 223.0, 21.0
7, 270.0, 24.0
8, 261.0, 25.0
9, 275.0, 25.0
10, 280.0, 25.0
11, 465.0, 25.0
12, 288.0, 27.0
13, 306.0, 28.0
14, 320.0, 29.0
15, 337.0, 30.0
16, 349.0, 31.0
17, 359.0, 31.0
18, 382.0, 32.0
19, 461.0, 32.0
20, 366.0, 33.0
21, 341.0, 40.0
22, 456.0, 41.0
23, 705.0, 48.0
24, 281.0, 50.0
25, 676.0, 52.0
26, 681.0, 52.0
27, 605.0, 59.0
28, 466.0, 60.0
29, 229.0, 61.0
30, 241.0, 61.0
31, 255.0, 62.0
32, 265.0, 62.0
33, 286.0, 63.0
34, 560.0, 63.0
35, 313.0, 64.0
36, 320.0, 64.0
37, 579.0, 64.0
38, 307.0, 66.0
39, 342.0, 66.0
40, 706.0, 66.0
41, 264.0, 68.0
42, 528.0, 68.0
43, 394.0, 69.0
44, 567.0, 69.0
45, 237.0, 70.0
46, 249.0, 70.0
47, 367.0, 70.0
48, 448.0, 71.0
49, 470.0, 71.0
50, 465.0, 72.0
51, 375.0, 73.0
52, 357.0, 74.0
53, 488.0, 74.0
54, 726.0, 75.0
55, 293.0, 77.0
56, 637.0, 80.0
57, 320.0, 81.0
58, 309.0, 82.0
59, 309.0, 88.0
60, 715.0, 90.0
61, 501.0, 94.0
62, 675.0, 94.0
63, 471.0, 95.0
64, 486.0, 95.0
65, 309.0, 100.0
66, 719.0, 103.0
67, 498.0, 105.0
68, 591.0, 106.0
69, 596.0, 106.0
70, 394.0, 107.0
71, 471.0, 107.0
72, 478.0, 115.0
73, 498.0, 118.0
74, 470.0, 119.0
75, 594.0, 120.0
76, 668.0, 121.0
77, 378.0, 130.0
78, 476.0, 130.0
79, 393.0, 131.0
80, 120.0, 139.0
81, 309.0, 139.0
82, 481.0, 141.0
83, 468.0, 142.0
84, 277.0, 143.0
85, 496.0, 143.0
86, 441.0, 147.0
87, 309.0, 152.0
88, 393.0, 152.0
89, 124.0, 153.0
90, 328.0, 154.0
91, 277.0, 157.0
92, 239.0, 160.0
93, 432.0, 160.0
94, 214.0, 162.0
95, 440.0, 163.0
96, 479.0, 164.0
97, 409.0, 165.0
98, 163.0, 166.0
99, 394.0, 166.0
100, 700.0, 166.0
101, 649.0, 167.0
102, 144.0, 168.0
103, 587.0, 168.0
104, 478.0, 169.0
105, 439.0, 172.0
106, 430.0, 173.0
107, 327.0, 174.0
108, 410.0, 174.0
109, 425.0, 174.0
110, 479.0, 175.0
111, 393.0, 176.0
112, 439.0, 177.0
113, 618.0, 179.0
114, 391.0, 182.0
115, 439.0, 182.0
116, 207.0, 185.0
117, 409.0, 185.0
118, 393.0, 187.0
119, 130.0, 188.0
120, 182.0, 188.0
121, 154.0, 191.0
122, 711.0, 192.0
123, 582.0, 193.0
124, 132.0, 197.0
125, 433.0, 197.0
126, 438.0, 197.0
127, 143.0, 198.0
128, 394.0, 198.0
129, 612.0, 199.0
130, 694.0, 200.0
131, 133.0, 202.0
132, 149.0, 202.0
133, 590.0, 203.0
134, 460.0, 204.0
135, 611.0, 204.0
136, 479.0, 206.0
137, 438.0, 210.0
138, 135.0, 214.0
139, 486.0, 215.0
140, 496.0, 217.0
141, 388.0, 218.0
142, 689.0, 218.0
143, 393.0, 219.0
144, 504.0, 219.0
145, 513.0, 223.0
146, 520.0, 225.0
147, 330.0, 226.0
148, 525.0, 226.0
149, 536.0, 230.0
150, 577.0, 231.0
151, 709.0, 231.0
152, 544.0, 232.0
153, 161.0, 233.0
154, 553.0, 235.0
155, 599.0, 236.0
156, 506.0, 238.0
157, 563.0, 238.0
158, 574.0, 241.0
159, 523.0, 242.0
160, 599.0, 246.0
161, 680.0, 246.0
162, 393.0, 248.0
163, 562.0, 250.0
164, 372.0, 256.0
165, 511.0, 256.0
166, 628.0, 256.0
167, 540.0, 257.0
168, 587.0, 257.0
169, 650.0, 257.0
170, 358.0, 258.0
171, 602.0, 261.0
172, 344.0, 262.0
173, 525.0, 266.0
174, 583.0, 267.0
175, 596.0, 269.0
176, 336.0, 270.0
177, 378.0, 273.0
178, 334.0, 276.0
179, 515.0, 276.0
180, 554.0, 278.0
181, 599.0, 278.0
182, 334.0, 281.0
183, 569.0, 281.0
184, 148.0, 282.0
185, 531.0, 284.0
186, 621.0, 284.0
187, 505.0, 288.0
188, 171.0, 293.0
189, 392.0, 293.0
190, 540.0, 293.0
191, 151.0, 296.0
192, 479.0, 296.0
193, 555.0, 296.0
194, 525.0, 302.0
195, 151.0, 304.0
196, 472.0, 310.0
197, 154.0, 312.0
198, 659.0, 312.0
199, 565.0, 313.0
200, 743.0, 315.0
201, 542.0, 316.0
202, 602.0, 316.0
203, 453.0, 317.0
204, 672.0, 317.0
205, 478.0, 320.0
206, 434.0, 323.0
207, 462.0, 323.0
208, 457.0, 328.0
209, 157.0, 330.0
210, 592.0, 332.0
211, 461.0, 333.0
212, 378.0, 334.0
213, 383.0, 334.0
214, 616.0, 335.0
215, 390.0, 337.0
216, 394.0, 342.0
217, 600.0, 342.0
218, 613.0, 344.0
219, 337.0, 346.0
220, 582.0, 346.0
221, 669.0, 352.0
222, 9.0, 353.0
223, 492.0, 353.0
224, 538.0, 358.0
225, 162.0, 360.0
226, 10.0, 362.0
227, 546.0, 362.0
228, 552.0, 364.0
229, 557.0, 366.0
230, 666.0, 366.0
231, 385.0, 371.0
232, 390.0, 371.0
233, 395.0, 371.0
234, 13.0, 374.0
235, 627.0, 375.0
236, 577.0, 377.0
237, 167.0, 379.0
238, 16.0, 386.0
239, 652.0, 387.0
240, 637.0, 391.0
241, 497.0, 392.0
242, 435.0, 395.0
243, 25.0, 398.0
244, 171.0, 398.0
245, 477.0, 398.0
246, 13.0, 402.0
247, 421.0, 403.0
248, 648.0, 403.0
249, 397.0, 404.0
250, 522.0, 405.0
251, 173.0, 406.0
252, 554.0, 407.0
253, 27.0, 409.0
254, 549.0, 409.0
255, 403.0, 411.0
256, 535.0, 412.0
257, 16.0, 413.0
258, 527.0, 414.0
259, 500.0, 415.0
260, 406.0, 416.0
261, 461.0, 416.0
262, 702.0, 416.0
263, 511.0, 417.0
264, 30.0, 418.0
265, 568.0, 419.0
266, 484.0, 420.0
267, 489.0, 420.0
268, 17.0, 422.0
269, 476.0, 422.0
270, 549.0, 422.0
271, 537.0, 424.0
272, 8.0, 425.0
273, 431.0, 425.0
274, 457.0, 425.0
275, 466.0, 425.0
276, 526.0, 426.0
277, 397.0, 427.0
278, 447.0, 427.0
279, 31.0, 428.0
280, 504.0, 428.0
281, 515.0, 429.0
282, 361.0, 430.0
283, 457.0, 430.0
284, 412.0, 431.0
285, 499.0, 431.0
286, 20.0, 432.0
287, 552.0, 432.0
288, 423.0, 433.0
289, 479.0, 433.0
290, 452.0, 434.0
291, 489.0, 434.0
292, 9.0, 435.0
293, 457.0, 435.0
294, 434.0, 436.0
295, 33.0, 437.0
296, 343.0, 437.0
297, 470.0, 438.0
298, 102.0, 439.0
299, 364.0, 440.0
300, 22.0, 441.0
301, 452.0, 441.0
302, 460.0, 441.0
303, 719.0, 441.0
304, 96.0, 442.0
305, 444.0, 443.0
306, 491.0, 443.0
307, 11.0, 444.0
308, 421.0, 444.0
309, 437.0, 444.0
310, 35.0, 446.0
311, 391.0, 447.0
312, 431.0, 447.0
313, 537.0, 447.0
314, 437.0, 449.0
315, 451.0, 449.0
316, 24.0, 450.0
317, 469.0, 451.0
318, 518.0, 451.0
319, 474.0, 452.0
320, 407.0, 453.0
321, 422.0, 453.0
322, 505.0, 453.0
323, 13.0, 454.0
324, 437.0, 454.0
325, 738.0, 455.0
326, 37.0, 456.0
327, 60.0, 456.0
328, 243.0, 456.0
329, 525.0, 456.0
330, 83.0, 458.0
331, 446.0, 459.0
332, 456.0, 459.0
333, 26.0, 460.0
334, 554.0, 460.0
335, 150.0, 461.0
336, 403.0, 462.0
337, 426.0, 462.0
338, 435.0, 462.0
339, 501.0, 462.0
340, 16.0, 463.0
341, 39.0, 464.0
342, 273.0, 464.0
343, 523.0, 465.0
344, 512.0, 467.0
345, 566.0, 468.0
346, 28.0, 469.0
347, 443.0, 469.0
348, 543.0, 469.0
349, 274.0, 470.0
350, 394.0, 470.0
351, 18.0, 471.0
352, 199.0, 471.0
353, 383.0, 471.0
354, 431.0, 471.0
355, 478.0, 471.0
356, 525.0, 471.0
