0, 353.0, 354.0
1, 411.0, 225.0
2, 321.0, 352.0
3, 371.0, 273.0
4, 435.0, 380.0
5, 253.0, 448.0
6, 327.0, 367.0
7, 372.0, 290.0
8, 326.0, 461.0
9, 423.0, 404.0
10, 89.0, 163.0
11, 361.0, 228.0
12, 458.0, 361.0
13, 376.0, 446.0
14, 434.0, 467.0
15, 265.0, 443.0
16, 347.0, 430.0
17, 203.0, 404.0
18, 315.0, 370.0
19, 709.0, 428.0
20, 351.0, 441.0
21, 340.0, 374.0
22, 688.0, 377.0
23, 369.0, 435.0
24, 260.0, 455.0
25, 615.0, 393.0
26, 220.0, 420.0
27, 434.0, 401.0
28, 377.0, 312.0
29, 544.0, 373.0
30, 166.0, 386.0
31, 593.0, 347.0
32, 402.0, 427.0
33, 550.0, 333.0
34, 211.0, 425.0
35, 532.0, 367.0
36, 365.0, 423.0
37, 561.0, 339.0
38, 178.0, 351.0
39, 411.0, 324.0
40, 291.0, 380.0
41, 280.0, 363.0
42, 191.0, 410.0
43, 425.0, 470.0
44, 349.0, 401.0
45, 638.0, 21.0
46, 727.0, 412.0
47, 276.0, 403.0
48, 430.0, 367.0
49, 607.0, 335.0
50, 487.0, 450.0
51, 447.0, 462.0
52, 319.0, 377.0
53, 517.0, 16.0
54, 337.0, 446.0
55, 91.0, 175.0
56, 358.0, 452.0
57, 141.0, 357.0
58, 613.0, 420.0
59, 677.0, 418.0
60, 624.0, 406.0
61, 162.0, 364.0
62, 261.0, 341.0
63, 402.0, 226.0
64, 515.0, 364.0
65, 643.0, 349.0
66, 324.0, 451.0
67, 370.0, 238.0
68, 588.0, 414.0
69, 624.0, 339.0
70, 242.0, 460.0
71, 462.0, 457.0
72, 628.0, 424.0
73, 653.0, 420.0
74, 298.0, 360.0
75, 197.0, 383.0
76, 466.0, 421.0
77, 413.0, 295.0
78, 650.0, 438.0
79, 439.0, 447.0
80, 317.0, 463.0
81, 647.0, 339.0
82, 332.0, 316.0
83, 374.0, 412.0
84, 496.0, 441.0
85, 323.0, 318.0
86, 638.0, 426.0
87, 201.0, 414.0
88, 662.0, 442.0
89, 635.0, 416.0
90, 581.0, 432.0
91, 75.0, 176.0
92, 426.0, 390.0
93, 581.0, 385.0
94, 177.0, 385.0
95, 604.0, 406.0
96, 284.0, 438.0
97, 554.0, 363.0
98, 646.0, 428.0
99, 362.0, 265.0
100, 210.0, 413.0
101, 273.0, 460.0
102, 404.0, 235.0
103, 244.0, 175.0
104, 388.0, 329.0
105, 294.0, 137.0
106, 719.0, 402.0
107, 291.0, 343.0
108, 717.0, 325.0
109, 411.0, 235.0
110, 273.0, 388.0
111, 356.0, 425.0
112, 193.0, 176.0
113, 530.0, 452.0
114, 419.0, 421.0
115, 340.0, 334.0
116, 327.0, 329.0
117, 613.0, 403.0
118, 318.0, 331.0
119, 382.0, 363.0
120, 380.0, 299.0
121, 303.0, 305.0
122, 351.0, 324.0
123, 655.0, 394.0
124, 271.0, 17.0
125, 353.0, 369.0
126, 224.0, 447.0
127, 405.0, 465.0
128, 305.0, 460.0
129, 638.0, 446.0
130, 331.0, 375.0
131, 267.0, 423.0
132, 388.0, 430.0
133, 520.0, 447.0
134, 472.0, 412.0
135, 203.0, 391.0
136, 414.0, 285.0
137, 180.0, 392.0
138, 168.0, 354.0
139, 493.0, 384.0
140, 259.0, 465.0
141, 337.0, 432.0
142, 579.0, 339.0
143, 346.0, 343.0
144, 375.0, 380.0
145, 317.0, 407.0
146, 373.0, 300.0
147, 322.0, 390.0
148, 517.0, 467.0
149, 361.0, 238.0
150, 493.0, 357.0
151, 417.0, 391.0
152, 568.0, 402.0
153, 374.0, 365.0
154, 177.0, 175.0
155, 651.0, 452.0
156, 303.0, 392.0
157, 367.0, 350.0
158, 340.0, 347.0
159, 361.0, 436.0
160, 742.0, 348.0
161, 438.0, 370.0
162, 683.0, 441.0
163, 301.0, 324.0
164, 371.0, 264.0
165, 335.0, 386.0
166, 668.0, 347.0
167, 350.0, 298.0
168, 548.0, 348.0
169, 362.0, 256.0
170, 392.0, 318.0
171, 469.0, 452.0
172, 56.0, 175.0
173, 136.0, 370.0
174, 585.0, 321.0
175, 445.0, 359.0
176, 248.0, 428.0
177, 459.0, 411.0
178, 158.0, 375.0
179, 372.0, 282.0
180, 555.0, 379.0
181, 426.0, 378.0
182, 572.0, 335.0
183, 363.0, 283.0
184, 605.0, 380.0
185, 576.0, 349.0
186, 605.0, 416.0
187, 663.0, 405.0
188, 562.0, 358.0
189, 451.0, 388.0
190, 182.0, 401.0
191, 570.0, 445.0
192, 578.0, 417.0
193, 624.0, 418.0
194, 230.0, 176.0
195, 419.0, 382.0
196, 338.0, 365.0
197, 379.0, 281.0
198, 332.0, 344.0
199, 364.0, 301.0
200, 296.0, 195.0
201, 642.0, 363.0
202, 281.0, 126.0
203, 226.0, 149.0
204, 299.0, 335.0
205, 609.0, 346.0
206, 583.0, 404.0
207, 196.0, 398.0
208, 452.0, 315.0
209, 298.0, 347.0
210, 495.0, 194.0
211, 312.0, 433.0
212, 479.0, 461.0
213, 370.0, 247.0
214, 554.0, 392.0
215, 366.0, 403.0
216, 402.0, 214.0
217, 300.0, 277.0
218, 379.0, 289.0
219, 289.0, 463.0
220, 271.0, 471.0
221, 414.0, 23.0
222, 544.0, 389.0
223, 362.0, 274.0
224, 186.0, 380.0
225, 600.0, 386.0
226, 412.0, 251.0
227, 405.0, 286.0
228, 231.0, 454.0
229, 348.0, 90.0
230, 688.0, 431.0
231, 353.0, 312.0
232, 699.0, 365.0
233, 405.0, 252.0
234, 712.0, 444.0
235, 518.0, 397.0
236, 158.0, 175.0
237, 442.0, 352.0
238, 303.0, 381.0
239, 646.0, 406.0
240, 378.0, 246.0
241, 413.0, 268.0
242, 665.0, 424.0
243, 542.0, 367.0
244, 498.0, 176.0
245, 299.0, 232.0
246, 716.0, 255.0
247, 623.0, 395.0
248, 391.0, 227.0
249, 413.0, 277.0
250, 308.0, 352.0
251, 70.0, 143.0
252, 379.0, 272.0
253, 379.0, 237.0
254, 279.0, 338.0
255, 649.0, 19.0
256, 248.0, 368.0
257, 636.0, 329.0
258, 694.0, 389.0
259, 220.0, 403.0
260, 243.0, 447.0
261, 277.0, 328.0
262, 228.0, 424.0
263, 398.0, 357.0
264, 392.0, 288.0
265, 405.0, 261.0
266, 220.0, 410.0
267, 370.0, 256.0
268, 422.0, 244.0
269, 451.0, 403.0
270, 413.0, 260.0
271, 261.0, 418.0
272, 732.0, 441.0
273, 331.0, 397.0
274, 468.0, 367.0
275, 378.0, 390.0
276, 384.0, 237.0
277, 408.0, 345.0
278, 320.0, 438.0
279, 398.0, 235.0
280, 403.0, 159.0
281, 693.0, 399.0
282, 369.0, 358.0
283, 371.0, 228.0
284, 295.0, 122.0
285, 391.0, 262.0
286, 390.0, 340.0
287, 401.0, 203.0
288, 399.0, 287.0
289, 333.0, 337.0
290, 406.0, 113.0
291, 664.0, 461.0
292, 343.0, 466.0
293, 189.0, 389.0
294, 711.0, 268.0
295, 278.0, 174.0
296, 409.0, 72.0
297, 632.0, 403.0
298, 398.0, 244.0
299, 412.0, 244.0
300, 652.0, 383.0
301, 290.0, 364.0
302, 533.0, 403.0
303, 594.0, 409.0
304, 257.0, 44.0
305, 705.0, 439.0
306, 511.0, 378.0
307, 147.0, 367.0
308, 391.0, 279.0
309, 588.0, 392.0
310, 334.0, 468.0
311, 296.0, 205.0
312, 692.0, 318.0
313, 291.0, 154.0
314, 384.0, 374.0
315, 265.0, 355.0
316, 595.0, 422.0
317, 386.0, 289.0
318, 400.0, 296.0
319, 405.0, 269.0
320, 361.0, 342.0
321, 394.0, 331.0
322, 394.0, 297.0
323, 174.0, 362.0
324, 378.0, 255.0
325, 722.0, 442.0
326, 643.0, 418.0
327, 492.0, 226.0
328, 354.0, 411.0
329, 377.0, 228.0
330, 565.0, 467.0
331, 411.0, 49.0
332, 433.0, 357.0
333, 386.0, 298.0
334, 364.0, 291.0
335, 386.0, 280.0
336, 307.0, 407.0
337, 469.0, 379.0
338, 590.0, 377.0
339, 293.0, 174.0
340, 383.0, 263.0
341, 545.0, 398.0
342, 489.0, 271.0
343, 162.0, 346.0
344, 720.0, 453.0
345, 284.0, 40.0
346, 531.0, 412.0
347, 559.0, 402.0
348, 308.0, 467.0
349, 572.0, 317.0
350, 398.0, 345.0
351, 361.0, 248.0
352, 270.0, 130.0
353, 490.0, 247.0
354, 30.0, 175.0
355, 412.0, 357.0
356, 404.0, 144.0
357, 485.0, 372.0
358, 681.0, 471.0
359, 236.0, 424.0
360, 391.0, 254.0
361, 695.0, 445.0
362, 507.0, 362.0
363, 402.0, 178.0
364, 731.0, 456.0
365, 399.0, 270.0
366, 680.0, 383.0
367, 520.0, 387.0
368, 391.0, 245.0
369, 419.0, 440.0
370, 106.0, 175.0
371, 579.0, 322.0
372, 405.0, 274.0
373, 581.0, 330.0
374, 554.0, 373.0
375, 300.0, 255.0
376, 509.0, 78.0
377, 738.0, 390.0
378, 706.0, 464.0
379, 340.0, 394.0
380, 162.0, 340.0
381, 404.0, 243.0
382, 317.0, 341.0
383, 305.0, 421.0
384, 183.0, 372.0
385, 510.0, 66.0
386, 711.0, 373.0
387, 487.0, 467.0
388, 631.0, 433.0
389, 391.0, 271.0
390, 300.0, 249.0
391, 342.0, 381.0
392, 396.0, 226.0
393, 280.0, 157.0
394, 221.0, 430.0
395, 501.0, 380.0
396, 702.0, 408.0
397, 447.0, 375.0
398, 599.0, 365.0
399, 568.0, 351.0
400, 347.0, 313.0
401, 424.0, 450.0
402, 377.0, 355.0
403, 721.0, 379.0
404, 383.0, 255.0
405, 339.0, 357.0
406, 619.0, 426.0
407, 415.0, 433.0
408, 300.0, 266.0
409, 399.0, 278.0
410, 33.0, 75.0
411, 396.0, 262.0
412, 564.0, 381.0
413, 701.0, 450.0
414, 326.0, 426.0
415, 270.0, 125.0
416, 393.0, 236.0
417, 527.0, 362.0
418, 668.0, 438.0
419, 497.0, 171.0
420, 215.0, 434.0
421, 326.0, 402.0
422, 581.0, 349.0
423, 441.0, 283.0
424, 405.0, 291.0
425, 296.0, 185.0
426, 658.0, 354.0
427, 619.0, 350.0
428, 301.0, 293.0
429, 720.0, 387.0
430, 282.0, 346.0
431, 174.0, 370.0
432, 399.0, 253.0
433, 552.0, 411.0
434, 614.0, 363.0
435, 476.0, 370.0
436, 460.0, 377.0
437, 492.0, 221.0
438, 619.0, 380.0
439, 622.0, 439.0
440, 406.0, 409.0
441, 409.0, 67.0
442, 718.0, 431.0
443, 250.0, 439.0
444, 334.0, 423.0
445, 387.0, 471.0
446, 298.0, 219.0
447, 284.0, 173.0
448, 428.0, 455.0
449, 512.0, 50.0
450, 402.0, 192.0
451, 381.0, 94.0
452, 627.0, 358.0
453, 575.0, 396.0
454, 445.0, 407.0
455, 428.0, 343.0
456, 506.0, 393.0
457, 396.0, 447.0
458, 715.0, 392.0
459, 314.0, 451.0
460, 675.0, 440.0
461, 265.0, 88.0
462, 435.0, 321.0
463, 302.0, 387.0
464, 562.0, 352.0
465, 506.0, 114.0
466, 434.0, 390.0
467, 381.0, 400.0
468, 471.0, 440.0
469, 353.0, 388.0
470, 177.0, 380.0
471, 378.0, 264.0
472, 383.0, 246.0
473, 663.0, 391.0
474, 301.0, 437.0
475, 385.0, 272.0
476, 386.0, 227.0
477, 499.0, 160.0
478, 73.0, 158.0
479, 290.0, 355.0
480, 246.0, 405.0
481, 501.0, 144.0
482, 420.0, 349.0
483, 510.0, 71.0
484, 275.0, 396.0
485, 652.0, 411.0
486, 380.0, 418.0
487, 663.0, 454.0
488, 263.0, 58.0
489, 637.0, 370.0
490, 690.0, 465.0
491, 562.0, 395.0
492, 480.0, 381.0
493, 637.0, 380.0
494, 141.0, 364.0
495, 743.0, 313.0
496, 264.0, 350.0
497, 549.0, 390.0
498, 618.0, 408.0
499, 411.0, 44.0
