0, 133.0, 8.0
1, 261.0, 8.0
2, 583.0, 8.0
3, 710.0, 8.0
4, 588.0, 9.0
5, 142.0, 10.0
6, 604.0, 10.0
7, 150.0, 11.0
8, 353.0, 12.0
9, 575.0, 12.0
10, 159.0, 13.0
11, 167.0, 13.0
12, 172.0, 14.0
13, 643.0, 14.0
14, 91.0, 15.0
15, 623.0, 15.0
16, 116.0, 16.0
17, 588.0, 16.0
18, 185.0, 17.0
19, 597.0, 17.0
20, 129.0, 18.0
21, 150.0, 21.0
22, 86.0, 22.0
23, 168.0, 23.0
24, 186.0, 23.0
25, 719.0, 23.0
26, 707.0, 24.0
27, 207.0, 26.0
28, 77.0, 29.0
29, 94.0, 29.0
30, 583.0, 29.0
31, 86.0, 32.0
32, 107.0, 32.0
33, 336.0, 32.0
34, 373.0, 32.0
35, 124.0, 34.0
36, 129.0, 35.0
37, 136.0, 35.0
38, 153.0, 36.0
39, 66.0, 38.0
40, 348.0, 38.0
41, 175.0, 39.0
42, 713.0, 39.0
43, 623.0, 40.0
44, 194.0, 41.0
45, 86.0, 42.0
46, 200.0, 42.0
47, 67.0, 43.0
48, 76.0, 43.0
49, 98.0, 43.0
50, 159.0, 43.0
51, 109.0, 44.0
52, 129.0, 44.0
53, 209.0, 44.0
54, 712.0, 44.0
55, 729.0, 44.0
56, 124.0, 45.0
57, 611.0, 46.0
58, 589.0, 47.0
59, 150.0, 48.0
60, 581.0, 48.0
61, 574.0, 49.0
62, 632.0, 49.0
63, 174.0, 51.0
64, 166.0, 52.0
65, 353.0, 52.0
66, 186.0, 53.0
67, 345.0, 53.0
68, 199.0, 55.0
69, 389.0, 55.0
70, 623.0, 55.0
71, 593.0, 56.0
72, 607.0, 56.0
73, 405.0, 57.0
74, 175.0, 61.0
75, 334.0, 63.0
76, 724.0, 64.0
77, 400.0, 67.0
78, 335.0, 68.0
79, 388.0, 68.0
80, 718.0, 72.0
81, 193.0, 73.0
82, 616.0, 73.0
83, 179.0, 76.0
84, 262.0, 80.0
85, 630.0, 81.0
86, 506.0, 82.0
87, 194.0, 84.0
88, 601.0, 85.0
89, 609.0, 85.0
90, 228.0, 86.0
91, 236.0, 86.0
92, 241.0, 86.0
93, 587.0, 86.0
94, 577.0, 87.0
95, 182.0, 88.0
96, 203.0, 90.0
97, 263.0, 90.0
98, 274.0, 90.0
99, 285.0, 91.0
100, 296.0, 91.0
101, 572.0, 91.0
102, 309.0, 93.0
103, 320.0, 93.0
104, 605.0, 93.0
105, 57.0, 94.0
106, 33.0, 95.0
107, 504.0, 95.0
108, 624.0, 95.0
109, 570.0, 96.0
110, 183.0, 97.0
111, 334.0, 97.0
112, 347.0, 97.0
113, 522.0, 97.0
114, 101.0, 98.0
115, 377.0, 100.0
116, 665.0, 100.0
117, 80.0, 101.0
118, 522.0, 102.0
119, 143.0, 103.0
120, 418.0, 106.0
121, 630.0, 106.0
122, 588.0, 107.0
123, 71.0, 108.0
124, 76.0, 108.0
125, 40.0, 112.0
126, 124.0, 112.0
127, 580.0, 112.0
128, 73.0, 113.0
129, 184.0, 113.0
130, 192.0, 113.0
131, 66.0, 115.0
132, 221.0, 115.0
133, 98.0, 117.0
134, 126.0, 117.0
135, 407.0, 117.0
136, 616.0, 117.0
137, 83.0, 118.0
138, 215.0, 118.0
139, 629.0, 118.0
140, 205.0, 120.0
141, 12.0, 123.0
142, 569.0, 123.0
143, 560.0, 124.0
144, 593.0, 124.0
145, 611.0, 127.0
146, 224.0, 129.0
147, 655.0, 130.0
148, 213.0, 131.0
149, 586.0, 131.0
150, 626.0, 131.0
151, 683.0, 134.0
152, 226.0, 135.0
153, 599.0, 136.0
154, 721.0, 136.0
155, 731.0, 137.0
156, 741.0, 137.0
157, 16.0, 138.0
158, 208.0, 141.0
159, 227.0, 141.0
160, 131.0, 142.0
161, 554.0, 143.0
162, 218.0, 147.0
163, 47.0, 148.0
164, 432.0, 148.0
165, 77.0, 149.0
166, 451.0, 149.0
167, 82.0, 150.0
168, 91.0, 151.0
169, 507.0, 153.0
170, 528.0, 154.0
171, 120.0, 155.0
172, 125.0, 155.0
173, 133.0, 157.0
174, 209.0, 157.0
175, 219.0, 158.0
176, 228.0, 159.0
177, 550.0, 159.0
178, 85.0, 160.0
179, 415.0, 160.0
180, 511.0, 160.0
181, 78.0, 163.0
182, 176.0, 164.0
183, 123.0, 165.0
184, 128.0, 166.0
185, 450.0, 166.0
186, 210.0, 167.0
187, 147.0, 168.0
188, 219.0, 168.0
189, 228.0, 168.0
190, 567.0, 168.0
191, 735.0, 168.0
192, 164.0, 169.0
193, 421.0, 169.0
194, 521.0, 169.0
195, 87.0, 170.0
196, 528.0, 171.0
197, 584.0, 171.0
198, 54.0, 172.0
199, 181.0, 172.0
200, 199.0, 172.0
201, 508.0, 172.0
202, 545.0, 172.0
203, 147.0, 173.0
204, 193.0, 173.0
205, 540.0, 173.0
206, 734.0, 173.0
207, 565.0, 174.0
208, 627.0, 174.0
209, 84.0, 175.0
210, 98.0, 175.0
211, 142.0, 177.0
212, 413.0, 177.0
213, 130.0, 179.0
214, 83.0, 180.0
215, 228.0, 180.0
216, 238.0, 180.0
217, 141.0, 182.0
218, 152.0, 182.0
219, 163.0, 182.0
220, 413.0, 182.0
221, 42.0, 184.0
222, 63.0, 186.0
223, 213.0, 186.0
224, 71.0, 187.0
225, 154.0, 187.0
226, 170.0, 188.0
227, 221.0, 188.0
228, 412.0, 188.0
229, 81.0, 189.0
230, 182.0, 189.0
231, 536.0, 189.0
232, 11.0, 190.0
233, 229.0, 190.0
234, 422.0, 190.0
235, 431.0, 190.0
236, 549.0, 190.0
237, 101.0, 191.0
238, 36.0, 192.0
239, 110.0, 192.0
240, 148.0, 193.0
241, 502.0, 195.0
242, 46.0, 196.0
243, 129.0, 196.0
244, 21.0, 197.0
245, 66.0, 197.0
246, 439.0, 197.0
247, 159.0, 198.0
248, 240.0, 198.0
249, 410.0, 198.0
250, 420.0, 198.0
251, 464.0, 199.0
252, 537.0, 200.0
253, 547.0, 202.0
254, 120.0, 203.0
255, 144.0, 203.0
256, 376.0, 203.0
257, 381.0, 203.0
258, 115.0, 204.0
259, 149.0, 204.0
260, 454.0, 204.0
261, 509.0, 204.0
262, 8.0, 206.0
263, 135.0, 206.0
264, 483.0, 206.0
265, 407.0, 208.0
266, 58.0, 209.0
267, 185.0, 209.0
268, 502.0, 209.0
269, 81.0, 210.0
270, 271.0, 210.0
271, 431.0, 210.0
272, 441.0, 210.0
273, 558.0, 210.0
274, 154.0, 211.0
275, 112.0, 212.0
276, 571.0, 213.0
277, 159.0, 214.0
278, 552.0, 214.0
279, 582.0, 215.0
280, 60.0, 216.0
281, 130.0, 217.0
282, 175.0, 217.0
283, 625.0, 218.0
284, 644.0, 218.0
285, 160.0, 219.0
286, 553.0, 219.0
287, 635.0, 219.0
288, 159.0, 224.0
289, 552.0, 224.0
290, 583.0, 224.0
291, 146.0, 225.0
292, 645.0, 225.0
293, 164.0, 228.0
294, 619.0, 228.0
295, 638.0, 230.0
296, 647.0, 230.0
297, 626.0, 231.0
298, 121.0, 234.0
299, 530.0, 234.0
300, 719.0, 234.0
301, 470.0, 235.0
302, 136.0, 237.0
303, 153.0, 238.0
304, 148.0, 240.0
305, 581.0, 240.0
306, 19.0, 244.0
307, 93.0, 244.0
308, 48.0, 245.0
309, 143.0, 246.0
310, 246.0, 246.0
311, 101.0, 247.0
312, 133.0, 248.0
313, 547.0, 255.0
314, 713.0, 256.0
315, 568.0, 257.0
316, 580.0, 257.0
317, 624.0, 260.0
318, 106.0, 264.0
319, 651.0, 268.0
320, 554.0, 271.0
321, 596.0, 272.0
322, 643.0, 272.0
323, 89.0, 273.0
324, 627.0, 280.0
325, 108.0, 283.0
326, 636.0, 286.0
327, 103.0, 287.0
328, 566.0, 287.0
329, 92.0, 289.0
330, 85.0, 294.0
331, 538.0, 296.0
332, 579.0, 299.0
333, 376.0, 301.0
334, 663.0, 303.0
335, 94.0, 305.0
336, 628.0, 307.0
337, 78.0, 308.0
338, 106.0, 308.0
339, 632.0, 312.0
340, 69.0, 313.0
341, 87.0, 323.0
342, 112.0, 323.0
343, 72.0, 324.0
344, 70.0, 329.0
345, 385.0, 330.0
346, 83.0, 332.0
347, 619.0, 332.0
348, 91.0, 340.0
349, 121.0, 344.0
350, 616.0, 345.0
351, 104.0, 347.0
352, 26.0, 348.0
353, 42.0, 349.0
354, 333.0, 349.0
355, 611.0, 351.0
356, 70.0, 354.0
357, 251.0, 360.0
358, 620.0, 362.0
359, 295.0, 364.0
360, 96.0, 367.0
361, 125.0, 367.0
362, 64.0, 368.0
363, 47.0, 369.0
364, 601.0, 371.0
365, 40.0, 372.0
366, 411.0, 372.0
367, 108.0, 377.0
368, 306.0, 379.0
369, 315.0, 379.0
370, 461.0, 381.0
371, 87.0, 383.0
372, 489.0, 385.0
373, 71.0, 388.0
374, 589.0, 388.0
375, 502.0, 393.0
376, 589.0, 393.0
377, 102.0, 395.0
378, 82.0, 397.0
379, 76.0, 400.0
380, 591.0, 400.0
381, 76.0, 405.0
382, 595.0, 405.0
383, 19.0, 409.0
384, 76.0, 411.0
385, 107.0, 411.0
386, 97.0, 413.0
387, 290.0, 413.0
388, 41.0, 414.0
389, 523.0, 417.0
390, 23.0, 418.0
391, 109.0, 418.0
392, 546.0, 420.0
393, 552.0, 422.0
394, 108.0, 423.0
395, 583.0, 423.0
396, 63.0, 431.0
397, 16.0, 434.0
398, 566.0, 436.0
399, 574.0, 436.0
400, 584.0, 436.0
401, 47.0, 441.0
402, 365.0, 443.0
403, 69.0, 444.0
404, 580.0, 444.0
405, 567.0, 447.0
406, 22.0, 456.0
407, 54.0, 457.0
408, 39.0, 460.0
409, 573.0, 462.0
410, 703.0, 463.0
411, 549.0, 464.0
412, 35.0, 470.0
413, 14.0, 471.0
