0, 29.0, 14.0
1, 378.0, 19.0
2, 105.0, 20.0
3, 44.0, 23.0
4, 108.0, 25.0
5, 131.0, 25.0
6, 122.0, 27.0
7, 45.0, 28.0
8, 71.0, 29.0
9, 64.0, 30.0
10, 14.0, 31.0
11, 56.0, 31.0
12, 76.0, 31.0
13, 8.0, 33.0
14, 45.0, 36.0
15, 93.0, 36.0
16, 228.0, 37.0
17, 379.0, 38.0
18, 64.0, 39.0
19, 83.0, 39.0
20, 30.0, 40.0
21, 113.0, 41.0
22, 103.0, 42.0
23, 437.0, 42.0
24, 121.0, 45.0
25, 44.0, 54.0
26, 23.0, 55.0
27, 114.0, 56.0
28, 252.0, 61.0
29, 230.0, 62.0
30, 436.0, 63.0
31, 432.0, 69.0
32, 231.0, 74.0
33, 110.0, 77.0
34, 97.0, 78.0
35, 77.0, 79.0
36, 231.0, 79.0
37, 252.0, 80.0
38, 68.0, 81.0
39, 86.0, 88.0
40, 97.0, 91.0
41, 324.0, 91.0
42, 114.0, 92.0
43, 70.0, 96.0
44, 75.0, 96.0
45, 188.0, 97.0
46, 193.0, 97.0
47, 175.0, 98.0
48, 169.0, 99.0
49, 84.0, 100.0
50, 324.0, 100.0
51, 233.0, 102.0
52, 253.0, 103.0
53, 95.0, 104.0
54, 285.0, 104.0
55, 615.0, 104.0
56, 117.0, 105.0
57, 268.0, 105.0
58, 275.0, 105.0
59, 307.0, 106.0
60, 76.0, 107.0
61, 327.0, 109.0
62, 367.0, 111.0
63, 347.0, 112.0
64, 134.0, 113.0
65, 103.0, 114.0
66, 402.0, 114.0
67, 407.0, 114.0
68, 412.0, 115.0
69, 420.0, 116.0
70, 425.0, 117.0
71, 86.0, 118.0
72, 77.0, 119.0
73, 62.0, 123.0
74, 483.0, 124.0
75, 512.0, 125.0
76, 277.0, 127.0
77, 80.0, 136.0
78, 94.0, 137.0
79, 172.0, 141.0
80, 81.0, 142.0
81, 106.0, 142.0
82, 365.0, 142.0
83, 469.0, 143.0
84, 164.0, 145.0
85, 172.0, 146.0
86, 719.0, 146.0
87, 740.0, 146.0
88, 703.0, 147.0
89, 73.0, 148.0
90, 83.0, 148.0
91, 133.0, 151.0
92, 600.0, 152.0
93, 140.0, 159.0
94, 175.0, 161.0
95, 102.0, 163.0
96, 714.0, 165.0
97, 113.0, 168.0
98, 144.0, 168.0
99, 712.0, 170.0
100, 149.0, 172.0
101, 478.0, 174.0
102, 131.0, 177.0
103, 116.0, 178.0
104, 146.0, 179.0
105, 710.0, 179.0
106, 525.0, 180.0
107, 177.0, 182.0
108, 367.0, 190.0
109, 147.0, 191.0
110, 134.0, 192.0
111, 157.0, 192.0
112, 170.0, 194.0
113, 177.0, 195.0
114, 676.0, 198.0
115, 111.0, 199.0
116, 120.0, 199.0
117, 496.0, 201.0
118, 694.0, 203.0
119, 137.0, 204.0
120, 149.0, 204.0
121, 705.0, 204.0
122, 475.0, 205.0
123, 169.0, 206.0
124, 179.0, 207.0
125, 612.0, 210.0
126, 526.0, 212.0
127, 615.0, 215.0
128, 139.0, 216.0
129, 636.0, 216.0
130, 124.0, 217.0
131, 152.0, 217.0
132, 473.0, 217.0
133, 171.0, 218.0
134, 180.0, 219.0
135, 481.0, 219.0
136, 669.0, 219.0
137, 690.0, 220.0
138, 141.0, 225.0
139, 154.0, 229.0
140, 180.0, 229.0
141, 472.0, 230.0
142, 671.0, 231.0
143, 662.0, 232.0
144, 169.0, 233.0
145, 155.0, 234.0
146, 521.0, 234.0
147, 69.0, 238.0
148, 128.0, 238.0
149, 143.0, 238.0
150, 168.0, 238.0
151, 473.0, 238.0
152, 181.0, 239.0
153, 119.0, 241.0
154, 158.0, 242.0
155, 168.0, 243.0
156, 656.0, 243.0
157, 675.0, 244.0
158, 196.0, 245.0
159, 471.0, 245.0
160, 686.0, 245.0
161, 54.0, 246.0
162, 107.0, 246.0
163, 72.0, 247.0
164, 488.0, 247.0
165, 698.0, 247.0
166, 182.0, 248.0
167, 81.0, 249.0
168, 159.0, 251.0
169, 44.0, 252.0
170, 469.0, 253.0
171, 122.0, 254.0
172, 480.0, 254.0
173, 601.0, 254.0
174, 71.0, 256.0
175, 155.0, 256.0
176, 168.0, 256.0
177, 503.0, 256.0
178, 495.0, 257.0
179, 527.0, 258.0
180, 479.0, 259.0
181, 542.0, 259.0
182, 549.0, 259.0
183, 183.0, 260.0
184, 581.0, 260.0
185, 655.0, 260.0
186, 49.0, 261.0
187, 111.0, 261.0
188, 215.0, 261.0
189, 509.0, 261.0
190, 571.0, 261.0
191, 590.0, 261.0
192, 84.0, 262.0
193, 559.0, 262.0
194, 238.0, 263.0
195, 467.0, 263.0
196, 683.0, 263.0
197, 54.0, 266.0
198, 598.0, 266.0
199, 614.0, 266.0
200, 18.0, 267.0
201, 191.0, 268.0
202, 467.0, 268.0
203, 492.0, 268.0
204, 546.0, 270.0
205, 476.0, 271.0
206, 528.0, 271.0
207, 533.0, 271.0
208, 574.0, 271.0
209, 216.0, 272.0
210, 590.0, 272.0
211, 27.0, 273.0
212, 72.0, 274.0
213, 198.0, 275.0
214, 413.0, 275.0
215, 418.0, 275.0
216, 424.0, 276.0
217, 633.0, 276.0
218, 605.0, 277.0
219, 694.0, 277.0
220, 88.0, 278.0
221, 500.0, 280.0
222, 461.0, 282.0
223, 31.0, 283.0
224, 514.0, 284.0
225, 681.0, 284.0
226, 45.0, 285.0
227, 56.0, 286.0
228, 76.0, 287.0
229, 496.0, 287.0
230, 474.0, 289.0
231, 488.0, 289.0
232, 692.0, 289.0
233, 483.0, 290.0
234, 148.0, 292.0
235, 408.0, 292.0
236, 92.0, 293.0
237, 686.0, 298.0
238, 247.0, 300.0
239, 691.0, 301.0
240, 81.0, 302.0
241, 731.0, 302.0
242, 736.0, 303.0
243, 29.0, 305.0
244, 401.0, 306.0
245, 98.0, 307.0
246, 16.0, 316.0
247, 86.0, 317.0
248, 64.0, 319.0
249, 400.0, 325.0
250, 69.0, 332.0
251, 282.0, 332.0
252, 578.0, 342.0
253, 585.0, 347.0
254, 360.0, 354.0
255, 37.0, 362.0
256, 10.0, 365.0
257, 407.0, 365.0
258, 536.0, 368.0
259, 250.0, 369.0
260, 67.0, 389.0
261, 62.0, 390.0
262, 54.0, 392.0
263, 184.0, 408.0
264, 413.0, 429.0
265, 206.0, 471.0
