0, 287.0, 284.0
1, 250.0, 332.0
2, 271.0, 356.0
3, 291.0, 295.0
4, 255.0, 342.0
5, 264.0, 363.0
6, 299.0, 314.0
7, 241.0, 340.0
8, 471.0, 300.0
9, 295.0, 304.0
10, 269.0, 329.0
11, 259.0, 353.0
12, 607.0, 101.0
13, 245.0, 351.0
14, 273.0, 384.0
15, 307.0, 332.0
16, 245.0, 320.0
17, 683.0, 412.0
18, 502.0, 392.0
19, 727.0, 264.0
20, 264.0, 393.0
21, 255.0, 372.0
22, 277.0, 307.0
23, 529.0, 198.0
24, 352.0, 399.0
25, 462.0, 301.0
26, 609.0, 229.0
27, 579.0, 186.0
28, 262.0, 335.0
29, 629.0, 197.0
30, 634.0, 234.0
31, 283.0, 301.0
32, 653.0, 79.0
33, 273.0, 339.0
34, 235.0, 328.0
35, 275.0, 323.0
36, 314.0, 351.0
37, 585.0, 312.0
38, 257.0, 325.0
39, 451.0, 310.0
40, 584.0, 238.0
41, 371.0, 456.0
42, 267.0, 345.0
43, 555.0, 323.0
44, 252.0, 313.0
45, 90.0, 328.0
46, 686.0, 288.0
47, 284.0, 385.0
48, 269.0, 403.0
49, 245.0, 33.0
50, 449.0, 463.0
51, 482.0, 336.0
52, 539.0, 327.0
53, 260.0, 382.0
54, 581.0, 213.0
55, 281.0, 317.0
56, 277.0, 394.0
57, 516.0, 321.0
58, 291.0, 320.0
59, 479.0, 309.0
60, 583.0, 346.0
61, 531.0, 384.0
62, 287.0, 311.0
63, 549.0, 471.0
64, 302.0, 323.0
65, 501.0, 279.0
66, 665.0, 365.0
67, 404.0, 464.0
68, 601.0, 352.0
69, 615.0, 347.0
70, 539.0, 89.0
71, 411.0, 401.0
72, 511.0, 329.0
73, 260.0, 308.0
74, 280.0, 376.0
75, 296.0, 461.0
76, 269.0, 373.0
77, 492.0, 457.0
78, 582.0, 227.0
79, 712.0, 237.0
80, 567.0, 186.0
81, 309.0, 457.0
82, 295.0, 330.0
83, 462.0, 436.0
84, 280.0, 332.0
85, 729.0, 460.0
86, 614.0, 292.0
87, 563.0, 211.0
88, 514.0, 141.0
89, 276.0, 366.0
90, 701.0, 300.0
91, 348.0, 449.0
92, 510.0, 114.0
93, 303.0, 349.0
94, 479.0, 283.0
95, 597.0, 222.0
96, 592.0, 295.0
97, 386.0, 430.0
98, 618.0, 98.0
99, 251.0, 362.0
100, 534.0, 112.0
101, 494.0, 346.0
102, 277.0, 349.0
103, 317.0, 360.0
104, 501.0, 445.0
105, 285.0, 326.0
106, 264.0, 319.0
107, 708.0, 252.0
108, 531.0, 242.0
109, 527.0, 362.0
110, 689.0, 381.0
111, 307.0, 358.0
112, 310.0, 342.0
113, 468.0, 469.0
114, 735.0, 314.0
115, 723.0, 441.0
116, 395.0, 427.0
117, 303.0, 415.0
118, 481.0, 464.0
119, 652.0, 306.0
120, 547.0, 134.0
121, 116.0, 318.0
122, 714.0, 313.0
123, 669.0, 331.0
124, 290.0, 378.0
125, 651.0, 131.0
126, 286.0, 454.0
127, 447.0, 370.0
128, 333.0, 337.0
129, 289.0, 336.0
130, 743.0, 284.0
131, 681.0, 263.0
132, 542.0, 345.0
133, 556.0, 362.0
134, 215.0, 33.0
135, 556.0, 298.0
136, 278.0, 291.0
137, 481.0, 266.0
138, 301.0, 364.0
139, 85.0, 297.0
140, 621.0, 365.0
141, 545.0, 455.0
142, 651.0, 196.0
143, 384.0, 450.0
144, 475.0, 321.0
145, 463.0, 311.0
146, 531.0, 143.0
147, 507.0, 125.0
148, 644.0, 372.0
149, 540.0, 247.0
150, 571.0, 300.0
151, 566.0, 198.0
152, 595.0, 465.0
153, 421.0, 451.0
154, 720.0, 378.0
155, 499.0, 80.0
156, 678.0, 192.0
157, 676.0, 204.0
158, 725.0, 317.0
159, 623.0, 220.0
160, 520.0, 464.0
161, 553.0, 390.0
162, 727.0, 296.0
163, 680.0, 328.0
164, 335.0, 185.0
165, 330.0, 152.0
166, 301.0, 381.0
167, 608.0, 383.0
168, 337.0, 204.0
169, 372.0, 353.0
170, 299.0, 339.0
171, 284.0, 403.0
172, 499.0, 127.0
173, 286.0, 369.0
174, 653.0, 359.0
175, 396.0, 436.0
176, 511.0, 268.0
177, 560.0, 437.0
178, 372.0, 437.0
179, 274.0, 414.0
180, 678.0, 344.0
181, 288.0, 352.0
182, 691.0, 251.0
183, 585.0, 322.0
184, 482.0, 348.0
185, 455.0, 348.0
186, 320.0, 468.0
187, 337.0, 470.0
188, 546.0, 159.0
189, 550.0, 72.0
190, 72.0, 337.0
191, 713.0, 89.0
192, 358.0, 438.0
193, 368.0, 421.0
194, 271.0, 313.0
195, 613.0, 339.0
196, 574.0, 257.0
197, 651.0, 342.0
198, 256.0, 424.0
199, 284.0, 342.0
200, 459.0, 467.0
201, 636.0, 247.0
202, 290.0, 395.0
203, 488.0, 280.0
204, 735.0, 68.0
205, 498.0, 235.0
206, 715.0, 457.0
207, 621.0, 283.0
208, 536.0, 125.0
209, 325.0, 118.0
210, 293.0, 346.0
211, 292.0, 361.0
212, 444.0, 8.0
213, 695.0, 327.0
214, 573.0, 236.0
215, 468.0, 402.0
216, 354.0, 283.0
217, 724.0, 88.0
218, 282.0, 359.0
219, 348.0, 258.0
220, 708.0, 393.0
221, 458.0, 288.0
222, 296.0, 371.0
223, 656.0, 375.0
224, 295.0, 388.0
225, 497.0, 180.0
226, 305.0, 9.0
227, 478.0, 399.0
228, 297.0, 355.0
229, 438.0, 418.0
230, 522.0, 102.0
231, 262.0, 264.0
232, 236.0, 145.0
233, 543.0, 271.0
234, 499.0, 350.0
235, 669.0, 279.0
236, 414.0, 418.0
237, 317.0, 79.0
238, 617.0, 382.0
239, 730.0, 14.0
240, 254.0, 233.0
241, 270.0, 276.0
242, 341.0, 426.0
243, 551.0, 211.0
244, 251.0, 218.0
245, 678.0, 389.0
246, 266.0, 302.0
247, 328.0, 325.0
248, 412.0, 456.0
249, 469.0, 352.0
250, 86.0, 219.0
251, 92.0, 242.0
252, 627.0, 341.0
253, 283.0, 466.0
254, 595.0, 362.0
255, 695.0, 316.0
256, 477.0, 380.0
257, 731.0, 369.0
258, 629.0, 289.0
259, 228.0, 19.0
260, 526.0, 392.0
261, 513.0, 340.0
262, 522.0, 123.0
263, 567.0, 333.0
264, 713.0, 355.0
265, 558.0, 345.0
266, 543.0, 174.0
267, 690.0, 353.0
268, 604.0, 300.0
269, 500.0, 111.0
270, 315.0, 66.0
271, 436.0, 401.0
272, 628.0, 377.0
273, 656.0, 97.0
274, 722.0, 246.0
275, 333.0, 432.0
276, 443.0, 442.0
277, 691.0, 238.0
278, 701.0, 228.0
279, 499.0, 300.0
280, 685.0, 228.0
281, 586.0, 387.0
282, 110.0, 295.0
283, 509.0, 97.0
284, 610.0, 264.0
285, 99.0, 277.0
286, 598.0, 197.0
287, 326.0, 408.0
288, 44.0, 288.0
289, 565.0, 358.0
290, 299.0, 471.0
291, 310.0, 27.0
292, 375.0, 424.0
293, 465.0, 327.0
294, 286.0, 364.0
295, 320.0, 451.0
296, 332.0, 168.0
297, 204.0, 40.0
298, 740.0, 167.0
299, 507.0, 347.0
300, 244.0, 187.0
301, 539.0, 110.0
302, 729.0, 275.0
303, 732.0, 412.0
304, 404.0, 442.0
305, 524.0, 352.0
306, 269.0, 288.0
307, 58.0, 253.0
308, 311.0, 45.0
309, 571.0, 40.0
310, 219.0, 63.0
311, 359.0, 420.0
312, 576.0, 305.0
313, 517.0, 125.0
314, 223.0, 200.0
315, 630.0, 385.0
316, 716.0, 401.0
317, 574.0, 340.0
318, 28.0, 65.0
319, 421.0, 433.0
320, 592.0, 252.0
321, 653.0, 27.0
322, 484.0, 299.0
323, 497.0, 270.0
324, 423.0, 408.0
325, 105.0, 331.0
326, 431.0, 430.0
327, 596.0, 323.0
328, 708.0, 345.0
329, 527.0, 100.0
330, 292.0, 58.0
331, 534.0, 358.0
332, 467.0, 392.0
333, 209.0, 24.0
334, 507.0, 365.0
335, 503.0, 313.0
336, 505.0, 460.0
337, 249.0, 206.0
338, 690.0, 141.0
339, 224.0, 91.0
340, 464.0, 361.0
341, 531.0, 175.0
342, 659.0, 399.0
343, 343.0, 237.0
344, 630.0, 210.0
345, 574.0, 152.0
346, 68.0, 320.0
347, 548.0, 108.0
348, 319.0, 460.0
349, 653.0, 411.0
350, 701.0, 378.0
351, 69.0, 306.0
352, 503.0, 375.0
353, 740.0, 339.0
354, 262.0, 252.0
355, 388.0, 407.0
356, 445.0, 58.0
357, 312.0, 470.0
358, 310.0, 369.0
359, 592.0, 276.0
360, 633.0, 355.0
361, 195.0, 97.0
362, 399.0, 411.0
363, 538.0, 210.0
364, 237.0, 47.0
365, 601.0, 399.0
366, 514.0, 290.0
367, 515.0, 390.0
368, 224.0, 96.0
369, 105.0, 309.0
370, 545.0, 123.0
371, 674.0, 426.0
372, 512.0, 416.0
373, 506.0, 218.0
374, 526.0, 128.0
375, 559.0, 218.0
376, 659.0, 248.0
377, 622.0, 23.0
378, 669.0, 233.0
379, 358.0, 456.0
380, 335.0, 408.0
381, 272.0, 296.0
382, 578.0, 292.0
383, 711.0, 274.0
384, 535.0, 369.0
385, 672.0, 23.0
386, 586.0, 337.0
387, 264.0, 269.0
388, 501.0, 217.0
389, 738.0, 294.0
390, 532.0, 223.0
391, 331.0, 454.0
392, 570.0, 83.0
393, 549.0, 332.0
394, 637.0, 62.0
395, 108.0, 283.0
396, 401.0, 452.0
397, 354.0, 463.0
398, 217.0, 57.0
399, 429.0, 413.0
400, 295.0, 383.0
401, 585.0, 357.0
402, 641.0, 280.0
403, 368.0, 375.0
404, 513.0, 223.0
405, 69.0, 170.0
406, 240.0, 163.0
407, 242.0, 176.0
408, 279.0, 443.0
409, 602.0, 12.0
410, 662.0, 281.0
411, 307.0, 374.0
412, 319.0, 91.0
413, 362.0, 449.0
414, 604.0, 371.0
415, 350.0, 422.0
416, 417.0, 464.0
417, 672.0, 406.0
418, 322.0, 443.0
419, 341.0, 306.0
420, 722.0, 337.0
421, 715.0, 260.0
422, 434.0, 461.0
423, 597.0, 340.0
424, 552.0, 21.0
425, 45.0, 110.0
426, 222.0, 76.0
427, 152.0, 365.0
428, 508.0, 234.0
429, 540.0, 369.0
430, 190.0, 195.0
431, 674.0, 304.0
432, 452.0, 396.0
433, 667.0, 298.0
434, 634.0, 370.0
435, 663.0, 378.0
436, 316.0, 71.0
437, 573.0, 351.0
438, 446.0, 413.0
439, 366.0, 471.0
440, 725.0, 344.0
441, 727.0, 403.0
442, 224.0, 85.0
443, 667.0, 93.0
444, 340.0, 442.0
445, 703.0, 345.0
446, 290.0, 471.0
447, 667.0, 314.0
448, 288.0, 347.0
449, 336.0, 450.0
450, 679.0, 420.0
451, 539.0, 282.0
452, 557.0, 95.0
453, 545.0, 309.0
454, 56.0, 135.0
455, 314.0, 56.0
456, 652.0, 396.0
457, 522.0, 331.0
458, 598.0, 236.0
459, 231.0, 124.0
460, 661.0, 345.0
461, 590.0, 71.0
462, 688.0, 132.0
463, 480.0, 453.0
464, 343.0, 461.0
465, 546.0, 148.0
466, 462.0, 282.0
467, 282.0, 354.0
468, 556.0, 353.0
469, 105.0, 301.0
470, 735.0, 167.0
471, 225.0, 464.0
472, 564.0, 386.0
473, 563.0, 155.0
474, 547.0, 87.0
475, 702.0, 261.0
476, 232.0, 132.0
477, 343.0, 232.0
478, 676.0, 378.0
479, 604.0, 310.0
480, 512.0, 364.0
481, 447.0, 452.0
482, 284.0, 337.0
483, 733.0, 295.0
484, 255.0, 69.0
485, 295.0, 366.0
486, 449.0, 8.0
487, 436.0, 428.0
488, 585.0, 365.0
489, 251.0, 255.0
490, 689.0, 22.0
491, 690.0, 105.0
492, 594.0, 25.0
493, 452.0, 99.0
494, 693.0, 265.0
495, 388.0, 456.0
496, 393.0, 404.0
497, 228.0, 107.0
498, 459.0, 409.0
499, 259.0, 240.0
