0, 263.0, 444.0
1, 266.0, 430.0
2, 280.0, 464.0
3, 284.0, 396.0
4, 476.0, 314.0
5, 536.0, 346.0
6, 523.0, 385.0
7, 479.0, 337.0
8, 381.0, 384.0
9, 467.0, 380.0
10, 513.0, 378.0
11, 342.0, 391.0
12, 53.0, 128.0
13, 472.0, 363.0
14, 522.0, 351.0
15, 516.0, 369.0
16, 529.0, 366.0
17, 501.0, 415.0
18, 365.0, 464.0
19, 372.0, 394.0
20, 510.0, 355.0
21, 504.0, 405.0
22, 466.0, 349.0
23, 277.0, 388.0
24, 482.0, 328.0
25, 502.0, 382.0
26, 532.0, 357.0
27, 461.0, 366.0
28, 484.0, 381.0
29, 192.0, 229.0
30, 289.0, 440.0
31, 182.0, 243.0
32, 385.0, 427.0
33, 298.0, 451.0
34, 394.0, 219.0
35, 223.0, 339.0
36, 308.0, 306.0
37, 510.0, 387.0
38, 316.0, 453.0
39, 193.0, 240.0
40, 271.0, 453.0
41, 474.0, 324.0
42, 507.0, 396.0
43, 402.0, 437.0
44, 400.0, 366.0
45, 484.0, 350.0
46, 519.0, 360.0
47, 363.0, 409.0
48, 502.0, 350.0
49, 391.0, 420.0
50, 348.0, 385.0
51, 180.0, 231.0
52, 471.0, 333.0
53, 356.0, 345.0
54, 337.0, 195.0
55, 493.0, 409.0
56, 500.0, 360.0
57, 356.0, 392.0
58, 426.0, 147.0
59, 489.0, 394.0
60, 275.0, 245.0
61, 499.0, 391.0
62, 376.0, 361.0
63, 412.0, 259.0
64, 494.0, 377.0
65, 284.0, 376.0
66, 514.0, 411.0
67, 505.0, 342.0
68, 505.0, 373.0
69, 474.0, 384.0
70, 492.0, 355.0
71, 331.0, 417.0
72, 305.0, 338.0
73, 494.0, 346.0
74, 507.0, 364.0
75, 497.0, 337.0
76, 276.0, 424.0
77, 307.0, 173.0
78, 108.0, 117.0
79, 296.0, 326.0
80, 475.0, 354.0
81, 537.0, 302.0
82, 363.0, 375.0
83, 328.0, 353.0
84, 176.0, 114.0
85, 525.0, 340.0
86, 463.0, 357.0
87, 409.0, 350.0
88, 486.0, 404.0
89, 215.0, 466.0
90, 401.0, 427.0
91, 338.0, 137.0
92, 262.0, 382.0
93, 513.0, 346.0
94, 486.0, 320.0
95, 520.0, 394.0
96, 493.0, 323.0
97, 422.0, 305.0
98, 252.0, 459.0
99, 332.0, 399.0
100, 526.0, 376.0
101, 288.0, 425.0
102, 456.0, 383.0
103, 292.0, 334.0
104, 497.0, 368.0
105, 297.0, 408.0
106, 470.0, 371.0
107, 251.0, 444.0
108, 492.0, 385.0
109, 323.0, 391.0
110, 443.0, 23.0
111, 468.0, 341.0
112, 268.0, 372.0
113, 50.0, 114.0
114, 479.0, 368.0
115, 458.0, 436.0
116, 545.0, 296.0
117, 226.0, 468.0
118, 496.0, 400.0
119, 508.0, 331.0
120, 262.0, 457.0
121, 171.0, 49.0
122, 234.0, 465.0
123, 487.0, 372.0
124, 465.0, 389.0
125, 416.0, 388.0
126, 269.0, 135.0
127, 511.0, 422.0
128, 377.0, 420.0
129, 388.0, 357.0
130, 296.0, 179.0
131, 342.0, 18.0
132, 369.0, 382.0
133, 414.0, 180.0
134, 375.0, 433.0
135, 378.0, 374.0
136, 478.0, 399.0
137, 376.0, 347.0
138, 516.0, 336.0
139, 350.0, 398.0
140, 396.0, 374.0
141, 296.0, 354.0
142, 490.0, 333.0
143, 254.0, 144.0
144, 328.0, 439.0
145, 264.0, 239.0
146, 476.0, 345.0
147, 390.0, 381.0
148, 477.0, 376.0
149, 546.0, 444.0
150, 287.0, 156.0
151, 269.0, 183.0
152, 516.0, 402.0
153, 431.0, 262.0
154, 319.0, 373.0
155, 352.0, 433.0
156, 77.0, 175.0
157, 282.0, 225.0
158, 489.0, 364.0
159, 488.0, 342.0
160, 391.0, 460.0
161, 263.0, 214.0
162, 339.0, 70.0
163, 432.0, 419.0
164, 290.0, 196.0
165, 179.0, 215.0
166, 320.0, 188.0
167, 429.0, 250.0
168, 254.0, 434.0
169, 155.0, 452.0
170, 264.0, 57.0
171, 426.0, 285.0
172, 482.0, 359.0
173, 378.0, 464.0
174, 442.0, 461.0
175, 400.0, 349.0
176, 452.0, 400.0
177, 90.0, 417.0
178, 237.0, 423.0
179, 312.0, 396.0
180, 333.0, 383.0
181, 576.0, 93.0
182, 271.0, 261.0
183, 197.0, 254.0
184, 441.0, 205.0
185, 552.0, 266.0
186, 362.0, 427.0
187, 209.0, 445.0
188, 175.0, 102.0
189, 416.0, 433.0
190, 481.0, 389.0
191, 435.0, 87.0
192, 425.0, 168.0
193, 419.0, 413.0
194, 283.0, 346.0
195, 242.0, 418.0
196, 213.0, 454.0
197, 253.0, 122.0
198, 550.0, 377.0
199, 304.0, 427.0
200, 373.0, 471.0
201, 263.0, 204.0
202, 330.0, 460.0
203, 185.0, 261.0
204, 309.0, 57.0
205, 32.0, 105.0
206, 419.0, 424.0
207, 420.0, 233.0
208, 543.0, 285.0
209, 188.0, 214.0
210, 216.0, 54.0
211, 400.0, 335.0
212, 415.0, 160.0
213, 501.0, 328.0
214, 18.0, 181.0
215, 588.0, 118.0
216, 88.0, 385.0
217, 269.0, 416.0
218, 361.0, 205.0
219, 311.0, 432.0
220, 383.0, 414.0
221, 471.0, 394.0
222, 735.0, 346.0
223, 235.0, 441.0
224, 173.0, 84.0
225, 434.0, 233.0
226, 353.0, 363.0
227, 101.0, 176.0
228, 364.0, 399.0
229, 423.0, 457.0
230, 93.0, 337.0
231, 268.0, 103.0
232, 294.0, 121.0
233, 431.0, 104.0
234, 539.0, 320.0
235, 148.0, 170.0
236, 270.0, 165.0
237, 247.0, 411.0
238, 43.0, 128.0
239, 274.0, 362.0
240, 67.0, 113.0
241, 375.0, 213.0
242, 217.0, 311.0
243, 451.0, 420.0
244, 405.0, 467.0
245, 433.0, 383.0
246, 433.0, 180.0
247, 425.0, 33.0
248, 308.0, 160.0
249, 316.0, 401.0
250, 554.0, 451.0
251, 416.0, 401.0
252, 181.0, 155.0
253, 386.0, 445.0
254, 95.0, 448.0
255, 438.0, 224.0
256, 227.0, 456.0
257, 562.0, 213.0
258, 459.0, 374.0
259, 300.0, 422.0
260, 250.0, 59.0
261, 428.0, 272.0
262, 730.0, 368.0
263, 400.0, 415.0
264, 535.0, 313.0
265, 178.0, 133.0
266, 454.0, 62.0
267, 277.0, 357.0
268, 305.0, 441.0
269, 590.0, 108.0
270, 597.0, 68.0
271, 587.0, 97.0
272, 59.0, 177.0
273, 256.0, 168.0
274, 257.0, 56.0
275, 254.0, 155.0
276, 380.0, 401.0
277, 309.0, 379.0
278, 245.0, 195.0
279, 359.0, 468.0
280, 435.0, 471.0
281, 410.0, 368.0
282, 433.0, 432.0
283, 426.0, 134.0
284, 258.0, 181.0
285, 253.0, 88.0
286, 174.0, 165.0
287, 335.0, 430.0
288, 534.0, 160.0
289, 121.0, 120.0
290, 450.0, 119.0
291, 397.0, 318.0
292, 240.0, 447.0
293, 107.0, 46.0
294, 278.0, 116.0
295, 218.0, 458.0
296, 263.0, 414.0
297, 699.0, 439.0
298, 564.0, 66.0
299, 285.0, 213.0
300, 327.0, 469.0
301, 47.0, 99.0
302, 201.0, 462.0
303, 119.0, 40.0
304, 353.0, 374.0
305, 716.0, 397.0
306, 171.0, 170.0
307, 301.0, 344.0
308, 256.0, 405.0
309, 554.0, 246.0
310, 262.0, 471.0
311, 110.0, 337.0
312, 449.0, 411.0
313, 323.0, 304.0
314, 18.0, 105.0
315, 263.0, 164.0
316, 625.0, 156.0
317, 578.0, 141.0
318, 270.0, 401.0
319, 291.0, 185.0
320, 100.0, 437.0
321, 309.0, 328.0
322, 310.0, 421.0
323, 393.0, 410.0
324, 402.0, 452.0
325, 359.0, 458.0
326, 493.0, 174.0
327, 286.0, 203.0
328, 410.0, 457.0
329, 227.0, 449.0
330, 573.0, 167.0
331, 579.0, 150.0
332, 245.0, 451.0
333, 243.0, 460.0
334, 332.0, 378.0
335, 439.0, 192.0
336, 397.0, 389.0
337, 430.0, 110.0
338, 364.0, 351.0
339, 23.0, 158.0
340, 450.0, 431.0
341, 98.0, 443.0
342, 137.0, 116.0
343, 459.0, 63.0
344, 409.0, 270.0
345, 106.0, 326.0
346, 83.0, 44.0
347, 278.0, 40.0
348, 536.0, 330.0
349, 487.0, 359.0
350, 553.0, 251.0
351, 178.0, 140.0
352, 545.0, 273.0
353, 257.0, 427.0
354, 323.0, 405.0
355, 225.0, 116.0
356, 433.0, 424.0
357, 486.0, 389.0
358, 274.0, 436.0
359, 565.0, 122.0
360, 284.0, 218.0
361, 492.0, 372.0
362, 408.0, 448.0
363, 568.0, 189.0
364, 255.0, 373.0
365, 251.0, 422.0
366, 95.0, 332.0
367, 269.0, 118.0
368, 417.0, 274.0
369, 267.0, 95.0
370, 355.0, 444.0
371, 305.0, 232.0
372, 260.0, 400.0
373, 414.0, 377.0
374, 559.0, 169.0
375, 384.0, 392.0
376, 176.0, 171.0
377, 367.0, 207.0
378, 328.0, 136.0
379, 419.0, 462.0
380, 550.0, 276.0
381, 235.0, 197.0
382, 285.0, 367.0
383, 447.0, 258.0
384, 320.0, 313.0
385, 235.0, 455.0
386, 421.0, 73.0
387, 299.0, 435.0
388, 316.0, 61.0
389, 426.0, 439.0
390, 314.0, 375.0
391, 190.0, 257.0
392, 307.0, 109.0
393, 199.0, 53.0
394, 270.0, 152.0
395, 532.0, 324.0
396, 385.0, 403.0
397, 697.0, 444.0
398, 218.0, 201.0
399, 260.0, 133.0
400, 527.0, 296.0
401, 607.0, 64.0
402, 143.0, 331.0
403, 263.0, 169.0
404, 330.0, 116.0
405, 579.0, 136.0
406, 224.0, 434.0
407, 324.0, 396.0
408, 432.0, 464.0
409, 424.0, 406.0
410, 294.0, 379.0
411, 478.0, 259.0
412, 464.0, 63.0
413, 415.0, 442.0
414, 254.0, 127.0
415, 197.0, 142.0
416, 64.0, 177.0
417, 101.0, 471.0
418, 403.0, 210.0
419, 421.0, 437.0
420, 472.0, 376.0
421, 263.0, 20.0
422, 311.0, 389.0
423, 563.0, 200.0
424, 84.0, 348.0
425, 416.0, 395.0
426, 390.0, 343.0
427, 336.0, 466.0
428, 323.0, 70.0
429, 313.0, 320.0
430, 13.0, 181.0
431, 411.0, 437.0
432, 406.0, 337.0
433, 431.0, 437.0
434, 208.0, 94.0
435, 286.0, 208.0
436, 560.0, 230.0
437, 12.0, 15.0
438, 569.0, 184.0
439, 318.0, 301.0
440, 342.0, 403.0
441, 440.0, 214.0
442, 516.0, 112.0
443, 716.0, 402.0
444, 262.0, 392.0
445, 259.0, 90.0
446, 183.0, 181.0
447, 423.0, 220.0
448, 389.0, 452.0
449, 100.0, 334.0
450, 380.0, 379.0
451, 599.0, 143.0
452, 598.0, 81.0
453, 484.0, 337.0
454, 111.0, 77.0
455, 562.0, 208.0
456, 259.0, 422.0
457, 649.0, 337.0
458, 439.0, 187.0
459, 341.0, 439.0
460, 374.0, 406.0
461, 39.0, 114.0
462, 582.0, 96.0
463, 575.0, 161.0
464, 482.0, 373.0
465, 348.0, 363.0
466, 612.0, 63.0
467, 263.0, 209.0
468, 238.0, 338.0
469, 235.0, 436.0
470, 430.0, 412.0
471, 450.0, 227.0
472, 467.0, 362.0
473, 394.0, 431.0
474, 308.0, 134.0
475, 358.0, 361.0
476, 48.0, 364.0
477, 448.0, 371.0
478, 265.0, 247.0
479, 416.0, 144.0
480, 502.0, 246.0
481, 554.0, 241.0
482, 531.0, 421.0
483, 172.0, 183.0
484, 151.0, 213.0
485, 234.0, 431.0
486, 564.0, 151.0
487, 286.0, 56.0
488, 24.0, 163.0
489, 725.0, 366.0
490, 494.0, 360.0
491, 68.0, 373.0
492, 414.0, 171.0
493, 422.0, 68.0
494, 422.0, 274.0
495, 454.0, 413.0
496, 491.0, 400.0
497, 406.0, 424.0
498, 308.0, 146.0
499, 444.0, 224.0
