0, 179.0, 439.0
1, 485.0, 408.0
2, 472.0, 415.0
3, 145.0, 450.0
4, 412.0, 467.0
5, 161.0, 449.0
6, 580.0, 454.0
7, 108.0, 429.0
8, 408.0, 405.0
9, 665.0, 427.0
10, 627.0, 446.0
11, 185.0, 353.0
12, 92.0, 431.0
13, 210.0, 375.0
14, 441.0, 446.0
15, 106.0, 414.0
16, 313.0, 418.0
17, 124.0, 445.0
18, 449.0, 397.0
19, 198.0, 375.0
20, 621.0, 424.0
21, 445.0, 458.0
22, 68.0, 377.0
23, 69.0, 354.0
24, 722.0, 453.0
25, 433.0, 458.0
26, 133.0, 471.0
27, 650.0, 420.0
28, 126.0, 402.0
29, 173.0, 383.0
30, 587.0, 407.0
31, 279.0, 358.0
32, 342.0, 448.0
33, 236.0, 469.0
34, 367.0, 413.0
35, 150.0, 470.0
36, 134.0, 443.0
37, 87.0, 444.0
38, 156.0, 52.0
39, 260.0, 270.0
40, 206.0, 398.0
41, 379.0, 409.0
42, 111.0, 463.0
43, 115.0, 223.0
44, 155.0, 354.0
45, 463.0, 403.0
46, 69.0, 439.0
47, 637.0, 455.0
48, 157.0, 34.0
49, 220.0, 342.0
50, 144.0, 193.0
51, 305.0, 270.0
52, 167.0, 468.0
53, 149.0, 400.0
54, 359.0, 432.0
55, 129.0, 374.0
56, 592.0, 452.0
57, 452.0, 429.0
58, 92.0, 418.0
59, 477.0, 398.0
60, 356.0, 422.0
61, 193.0, 345.0
62, 255.0, 440.0
63, 588.0, 462.0
64, 611.0, 252.0
65, 628.0, 409.0
66, 270.0, 351.0
67, 400.0, 89.0
68, 164.0, 131.0
69, 150.0, 441.0
70, 241.0, 340.0
71, 89.0, 458.0
72, 249.0, 467.0
73, 624.0, 459.0
74, 243.0, 444.0
75, 709.0, 455.0
76, 89.0, 379.0
77, 164.0, 41.0
78, 60.0, 364.0
79, 82.0, 432.0
80, 192.0, 249.0
81, 350.0, 471.0
82, 397.0, 436.0
83, 310.0, 441.0
84, 486.0, 450.0
85, 398.0, 414.0
86, 245.0, 435.0
87, 157.0, 203.0
88, 305.0, 331.0
89, 90.0, 397.0
90, 568.0, 77.0
91, 117.0, 453.0
92, 378.0, 398.0
93, 277.0, 376.0
94, 699.0, 448.0
95, 211.0, 471.0
96, 154.0, 225.0
97, 231.0, 351.0
98, 260.0, 331.0
99, 322.0, 355.0
100, 298.0, 279.0
101, 431.0, 445.0
102, 336.0, 461.0
103, 158.0, 20.0
104, 133.0, 391.0
105, 587.0, 41.0
106, 317.0, 398.0
107, 643.0, 438.0
108, 102.0, 222.0
109, 556.0, 12.0
110, 426.0, 471.0
111, 286.0, 279.0
112, 175.0, 345.0
113, 96.0, 354.0
114, 622.0, 359.0
115, 292.0, 271.0
116, 534.0, 11.0
117, 626.0, 39.0
118, 495.0, 79.0
119, 512.0, 463.0
120, 203.0, 459.0
121, 377.0, 437.0
122, 636.0, 181.0
123, 149.0, 81.0
124, 199.0, 386.0
125, 104.0, 452.0
126, 700.0, 463.0
127, 456.0, 410.0
128, 297.0, 75.0
129, 390.0, 463.0
130, 88.0, 357.0
131, 209.0, 356.0
132, 386.0, 432.0
133, 694.0, 432.0
134, 84.0, 412.0
135, 396.0, 388.0
136, 655.0, 169.0
137, 610.0, 443.0
138, 258.0, 418.0
139, 587.0, 434.0
140, 179.0, 370.0
141, 421.0, 406.0
142, 298.0, 174.0
143, 67.0, 429.0
144, 299.0, 201.0
145, 664.0, 466.0
146, 165.0, 400.0
147, 182.0, 382.0
148, 306.0, 308.0
149, 258.0, 361.0
150, 395.0, 230.0
151, 97.0, 463.0
152, 558.0, 37.0
153, 387.0, 441.0
154, 241.0, 383.0
155, 262.0, 401.0
156, 716.0, 436.0
157, 186.0, 389.0
158, 455.0, 467.0
159, 292.0, 331.0
160, 280.0, 270.0
161, 251.0, 408.0
162, 480.0, 461.0
163, 249.0, 327.0
164, 645.0, 471.0
165, 743.0, 418.0
166, 348.0, 461.0
167, 302.0, 450.0
168, 437.0, 407.0
169, 173.0, 410.0
170, 127.0, 224.0
171, 607.0, 356.0
172, 297.0, 123.0
173, 79.0, 394.0
174, 688.0, 10.0
175, 429.0, 417.0
176, 300.0, 260.0
177, 596.0, 471.0
178, 274.0, 323.0
179, 661.0, 399.0
180, 642.0, 414.0
181, 299.0, 214.0
182, 262.0, 342.0
183, 706.0, 174.0
184, 69.0, 398.0
185, 97.0, 469.0
186, 484.0, 442.0
187, 300.0, 251.0
188, 298.0, 323.0
189, 415.0, 392.0
190, 260.0, 317.0
191, 329.0, 409.0
192, 465.0, 471.0
193, 617.0, 77.0
194, 586.0, 247.0
195, 399.0, 78.0
196, 734.0, 329.0
197, 579.0, 13.0
198, 618.0, 331.0
199, 497.0, 471.0
200, 394.0, 319.0
201, 361.0, 467.0
202, 210.0, 344.0
203, 297.0, 140.0
204, 469.0, 456.0
205, 520.0, 13.0
206, 267.0, 279.0
207, 337.0, 438.0
208, 592.0, 12.0
209, 303.0, 434.0
210, 404.0, 423.0
211, 661.0, 144.0
212, 299.0, 229.0
213, 668.0, 107.0
214, 298.0, 315.0
215, 339.0, 429.0
216, 203.0, 364.0
217, 217.0, 386.0
218, 186.0, 414.0
219, 472.0, 80.0
220, 314.0, 470.0
221, 259.0, 280.0
222, 95.0, 447.0
223, 666.0, 127.0
224, 560.0, 394.0
225, 80.0, 450.0
226, 234.0, 423.0
227, 297.0, 102.0
228, 714.0, 189.0
229, 145.0, 45.0
230, 49.0, 222.0
231, 268.0, 323.0
232, 31.0, 156.0
233, 259.0, 301.0
234, 443.0, 421.0
235, 733.0, 110.0
236, 123.0, 161.0
237, 444.0, 81.0
238, 280.0, 331.0
239, 594.0, 443.0
240, 394.0, 276.0
241, 668.0, 118.0
242, 600.0, 318.0
243, 187.0, 73.0
244, 274.0, 331.0
245, 703.0, 435.0
246, 318.0, 454.0
247, 279.0, 279.0
248, 189.0, 369.0
249, 268.0, 270.0
250, 502.0, 419.0
251, 154.0, 119.0
252, 18.0, 221.0
253, 280.0, 384.0
254, 139.0, 411.0
255, 650.0, 89.0
256, 14.0, 75.0
257, 268.0, 331.0
258, 118.0, 471.0
259, 199.0, 195.0
260, 367.0, 457.0
261, 574.0, 316.0
262, 225.0, 386.0
263, 88.0, 343.0
264, 600.0, 459.0
265, 743.0, 309.0
266, 298.0, 301.0
267, 161.0, 431.0
268, 329.0, 422.0
269, 347.0, 398.0
270, 201.0, 329.0
271, 428.0, 381.0
272, 41.0, 75.0
273, 287.0, 416.0
274, 248.0, 367.0
275, 286.0, 323.0
276, 499.0, 11.0
277, 454.0, 452.0
278, 268.0, 305.0
279, 586.0, 51.0
280, 285.0, 270.0
281, 48.0, 439.0
282, 398.0, 405.0
283, 395.0, 248.0
284, 650.0, 187.0
285, 292.0, 287.0
286, 68.0, 414.0
287, 375.0, 471.0
288, 439.0, 434.0
289, 199.0, 183.0
290, 306.0, 290.0
291, 208.0, 331.0
292, 191.0, 439.0
293, 223.0, 373.0
294, 298.0, 309.0
295, 358.0, 445.0
296, 604.0, 13.0
297, 298.0, 287.0
298, 259.0, 289.0
299, 204.0, 437.0
300, 612.0, 101.0
301, 652.0, 438.0
302, 631.0, 465.0
303, 147.0, 162.0
304, 292.0, 301.0
305, 306.0, 297.0
306, 193.0, 224.0
307, 459.0, 79.0
308, 317.0, 324.0
309, 680.0, 57.0
310, 238.0, 408.0
311, 305.0, 279.0
312, 268.0, 315.0
313, 191.0, 260.0
314, 189.0, 464.0
315, 203.0, 241.0
316, 628.0, 389.0
317, 237.0, 413.0
318, 462.0, 395.0
319, 741.0, 468.0
320, 171.0, 365.0
321, 658.0, 121.0
322, 70.0, 459.0
323, 611.0, 229.0
324, 149.0, 411.0
325, 352.0, 449.0
326, 286.0, 331.0
327, 398.0, 131.0
328, 260.0, 306.0
329, 310.0, 323.0
330, 267.0, 297.0
331, 163.0, 367.0
332, 409.0, 423.0
333, 278.0, 392.0
334, 194.0, 451.0
335, 223.0, 471.0
336, 466.0, 438.0
337, 155.0, 425.0
338, 128.0, 429.0
339, 59.0, 222.0
340, 488.0, 394.0
341, 479.0, 431.0
342, 298.0, 294.0
343, 154.0, 388.0
344, 286.0, 308.0
345, 723.0, 151.0
346, 634.0, 15.0
347, 445.0, 411.0
348, 351.0, 414.0
349, 76.0, 445.0
350, 200.0, 264.0
351, 54.0, 156.0
352, 150.0, 433.0
353, 399.0, 454.0
354, 271.0, 287.0
355, 488.0, 389.0
356, 79.0, 424.0
357, 33.0, 76.0
358, 292.0, 323.0
359, 727.0, 132.0
360, 700.0, 145.0
361, 496.0, 437.0
362, 678.0, 424.0
363, 422.0, 443.0
364, 385.0, 419.0
365, 222.0, 425.0
366, 280.0, 315.0
367, 183.0, 423.0
368, 482.0, 422.0
369, 273.0, 301.0
370, 259.0, 294.0
371, 533.0, 19.0
372, 344.0, 408.0
373, 286.0, 300.0
374, 188.0, 223.0
375, 143.0, 392.0
376, 168.0, 77.0
377, 107.0, 83.0
378, 36.0, 221.0
379, 320.0, 432.0
380, 279.0, 294.0
381, 717.0, 122.0
382, 292.0, 312.0
383, 168.0, 149.0
384, 273.0, 270.0
385, 74.0, 469.0
386, 200.0, 259.0
387, 398.0, 143.0
388, 85.0, 470.0
389, 149.0, 388.0
390, 293.0, 279.0
391, 286.0, 316.0
392, 638.0, 400.0
393, 153.0, 138.0
394, 272.0, 75.0
395, 87.0, 386.0
396, 267.0, 383.0
397, 285.0, 287.0
398, 157.0, 409.0
399, 398.0, 119.0
400, 728.0, 439.0
401, 33.0, 34.0
402, 196.0, 471.0
403, 298.0, 331.0
404, 134.0, 42.0
405, 322.0, 425.0
406, 226.0, 366.0
407, 369.0, 446.0
408, 427.0, 430.0
409, 279.0, 308.0
410, 436.0, 109.0
411, 672.0, 152.0
412, 124.0, 460.0
413, 351.0, 454.0
414, 393.0, 271.0
415, 69.0, 388.0
416, 357.0, 460.0
417, 260.0, 311.0
418, 160.0, 439.0
419, 643.0, 169.0
420, 274.0, 279.0
421, 278.0, 301.0
422, 147.0, 365.0
423, 423.0, 373.0
424, 743.0, 440.0
425, 41.0, 157.0
426, 630.0, 191.0
427, 394.0, 243.0
428, 607.0, 221.0
429, 396.0, 202.0
430, 666.0, 445.0
431, 163.0, 76.0
432, 593.0, 230.0
433, 258.0, 396.0
434, 287.0, 294.0
435, 549.0, 78.0
436, 401.0, 394.0
437, 192.0, 121.0
438, 280.0, 289.0
439, 151.0, 96.0
440, 191.0, 331.0
441, 647.0, 146.0
442, 280.0, 323.0
443, 271.0, 180.0
444, 341.0, 416.0
445, 193.0, 306.0
446, 297.0, 270.0
447, 293.0, 421.0
448, 395.0, 223.0
449, 219.0, 414.0
450, 334.0, 446.0
451, 461.0, 460.0
452, 397.0, 175.0
453, 199.0, 302.0
454, 341.0, 41.0
455, 122.0, 435.0
456, 306.0, 313.0
457, 296.0, 113.0
458, 80.0, 372.0
459, 215.0, 212.0
460, 671.0, 89.0
461, 379.0, 448.0
462, 711.0, 464.0
463, 397.0, 159.0
464, 636.0, 42.0
465, 193.0, 237.0
466, 600.0, 464.0
467, 190.0, 459.0
468, 102.0, 208.0
469, 306.0, 284.0
470, 396.0, 216.0
471, 399.0, 83.0
472, 303.0, 320.0
473, 273.0, 308.0
474, 215.0, 364.0
475, 273.0, 316.0
476, 225.0, 328.0
477, 298.0, 184.0
478, 342.0, 323.0
479, 228.0, 414.0
480, 463.0, 427.0
481, 393.0, 296.0
482, 173.0, 453.0
483, 297.0, 145.0
484, 513.0, 441.0
485, 494.0, 428.0
486, 616.0, 455.0
487, 642.0, 222.0
488, 403.0, 449.0
489, 297.0, 107.0
490, 202.0, 221.0
491, 292.0, 293.0
492, 201.0, 336.0
493, 607.0, 455.0
494, 138.0, 80.0
495, 505.0, 11.0
496, 306.0, 302.0
497, 298.0, 160.0
498, 267.0, 292.0
499, 378.0, 94.0
