0, 421.0, 8.0
1, 607.0, 8.0
2, 151.0, 10.0
3, 524.0, 10.0
4, 481.0, 13.0
5, 602.0, 13.0
6, 529.0, 14.0
7, 523.0, 15.0
8, 551.0, 18.0
9, 152.0, 19.0
10, 544.0, 20.0
11, 521.0, 23.0
12, 274.0, 24.0
13, 301.0, 24.0
14, 292.0, 25.0
15, 301.0, 29.0
16, 332.0, 29.0
17, 315.0, 33.0
18, 293.0, 34.0
19, 301.0, 35.0
20, 519.0, 35.0
21, 283.0, 37.0
22, 615.0, 37.0
23, 272.0, 39.0
24, 293.0, 39.0
25, 491.0, 39.0
26, 496.0, 39.0
27, 79.0, 41.0
28, 259.0, 41.0
29, 388.0, 41.0
30, 84.0, 42.0
31, 470.0, 42.0
32, 250.0, 44.0
33, 266.0, 44.0
34, 442.0, 47.0
35, 300.0, 50.0
36, 385.0, 50.0
37, 153.0, 51.0
38, 278.0, 52.0
39, 160.0, 55.0
40, 513.0, 57.0
41, 534.0, 57.0
42, 539.0, 57.0
43, 597.0, 58.0
44, 331.0, 59.0
45, 544.0, 59.0
46, 314.0, 62.0
47, 300.0, 63.0
48, 278.0, 65.0
49, 291.0, 65.0
50, 284.0, 66.0
51, 511.0, 66.0
52, 593.0, 66.0
53, 598.0, 66.0
54, 255.0, 70.0
55, 213.0, 71.0
56, 246.0, 71.0
57, 510.0, 72.0
58, 517.0, 72.0
59, 602.0, 73.0
60, 591.0, 74.0
61, 152.0, 76.0
62, 543.0, 76.0
63, 508.0, 78.0
64, 275.0, 79.0
65, 299.0, 80.0
66, 152.0, 81.0
67, 290.0, 81.0
68, 366.0, 85.0
69, 488.0, 87.0
70, 499.0, 118.0
71, 510.0, 119.0
72, 520.0, 119.0
73, 537.0, 122.0
74, 715.0, 122.0
75, 583.0, 125.0
76, 715.0, 127.0
77, 174.0, 128.0
78, 496.0, 128.0
79, 198.0, 129.0
80, 593.0, 130.0
81, 495.0, 133.0
82, 560.0, 133.0
83, 573.0, 133.0
84, 199.0, 134.0
85, 602.0, 135.0
86, 410.0, 136.0
87, 155.0, 137.0
88, 327.0, 138.0
89, 494.0, 139.0
90, 580.0, 141.0
91, 591.0, 141.0
92, 565.0, 142.0
93, 492.0, 147.0
94, 102.0, 150.0
95, 654.0, 153.0
96, 153.0, 154.0
97, 175.0, 156.0
98, 118.0, 157.0
99, 129.0, 159.0
100, 550.0, 161.0
101, 165.0, 162.0
102, 489.0, 168.0
103, 120.0, 171.0
104, 136.0, 171.0
105, 104.0, 172.0
106, 146.0, 173.0
107, 170.0, 173.0
108, 284.0, 173.0
109, 155.0, 174.0
110, 197.0, 174.0
111, 323.0, 176.0
112, 104.0, 177.0
113, 175.0, 178.0
114, 336.0, 178.0
115, 133.0, 179.0
116, 118.0, 181.0
117, 158.0, 182.0
118, 305.0, 185.0
119, 486.0, 186.0
120, 205.0, 187.0
121, 376.0, 188.0
122, 130.0, 189.0
123, 388.0, 189.0
124, 145.0, 191.0
125, 292.0, 193.0
126, 161.0, 194.0
127, 213.0, 194.0
128, 106.0, 195.0
129, 121.0, 196.0
130, 144.0, 196.0
131, 481.0, 196.0
132, 476.0, 197.0
133, 732.0, 197.0
134, 643.0, 198.0
135, 524.0, 199.0
136, 570.0, 199.0
137, 106.0, 201.0
138, 176.0, 201.0
139, 273.0, 203.0
140, 489.0, 203.0
141, 264.0, 204.0
142, 479.0, 204.0
143, 570.0, 204.0
144, 575.0, 204.0
145, 88.0, 206.0
146, 581.0, 206.0
147, 107.0, 207.0
148, 591.0, 207.0
149, 642.0, 208.0
150, 519.0, 209.0
151, 126.0, 210.0
152, 528.0, 210.0
153, 569.0, 210.0
154, 574.0, 210.0
155, 78.0, 211.0
156, 177.0, 214.0
157, 568.0, 215.0
158, 374.0, 216.0
159, 579.0, 216.0
160, 640.0, 216.0
161, 93.0, 217.0
162, 115.0, 217.0
163, 177.0, 219.0
164, 144.0, 220.0
165, 517.0, 220.0
166, 291.0, 221.0
167, 527.0, 221.0
168, 604.0, 221.0
169, 110.0, 222.0
170, 476.0, 222.0
171, 153.0, 223.0
172, 214.0, 223.0
173, 226.0, 223.0
174, 124.0, 224.0
175, 177.0, 224.0
176, 273.0, 224.0
177, 263.0, 225.0
178, 516.0, 225.0
179, 255.0, 227.0
180, 653.0, 228.0
181, 169.0, 229.0
182, 531.0, 229.0
183, 112.0, 230.0
184, 333.0, 230.0
185, 321.0, 238.0
186, 423.0, 239.0
187, 514.0, 239.0
188, 163.0, 241.0
189, 154.0, 242.0
190, 524.0, 242.0
191, 470.0, 243.0
192, 112.0, 246.0
193, 344.0, 248.0
194, 142.0, 250.0
195, 256.0, 251.0
196, 323.0, 252.0
197, 195.0, 253.0
198, 203.0, 253.0
199, 80.0, 254.0
200, 676.0, 254.0
201, 214.0, 257.0
202, 164.0, 258.0
203, 429.0, 258.0
204, 150.0, 260.0
205, 224.0, 260.0
206, 194.0, 262.0
207, 466.0, 262.0
208, 179.0, 264.0
209, 236.0, 264.0
210, 264.0, 264.0
211, 13.0, 266.0
212, 459.0, 267.0
213, 257.0, 270.0
214, 507.0, 271.0
215, 462.0, 272.0
216, 739.0, 272.0
217, 20.0, 273.0
218, 724.0, 273.0
219, 134.0, 274.0
220, 153.0, 274.0
221, 518.0, 274.0
222, 275.0, 276.0
223, 171.0, 278.0
224, 182.0, 278.0
225, 507.0, 278.0
226, 512.0, 279.0
227, 288.0, 280.0
228, 398.0, 282.0
229, 170.0, 283.0
230, 556.0, 283.0
231, 622.0, 285.0
232, 664.0, 285.0
233, 734.0, 285.0
234, 311.0, 287.0
235, 180.0, 288.0
236, 134.0, 289.0
237, 515.0, 289.0
238, 557.0, 289.0
239, 567.0, 289.0
240, 319.0, 290.0
241, 562.0, 290.0
242, 333.0, 292.0
243, 191.0, 293.0
244, 155.0, 294.0
245, 599.0, 296.0
246, 166.0, 297.0
247, 504.0, 298.0
248, 135.0, 299.0
249, 155.0, 299.0
250, 352.0, 299.0
251, 515.0, 300.0
252, 566.0, 300.0
253, 116.0, 303.0
254, 179.0, 303.0
255, 503.0, 303.0
256, 84.0, 305.0
257, 393.0, 306.0
258, 484.0, 306.0
259, 492.0, 306.0
260, 143.0, 307.0
261, 502.0, 308.0
262, 166.0, 309.0
263, 156.0, 310.0
264, 179.0, 311.0
265, 515.0, 313.0
266, 188.0, 314.0
267, 23.0, 316.0
268, 57.0, 318.0
269, 108.0, 320.0
270, 44.0, 321.0
271, 103.0, 321.0
272, 8.0, 323.0
273, 167.0, 323.0
274, 86.0, 325.0
275, 75.0, 327.0
276, 116.0, 327.0
277, 147.0, 327.0
278, 156.0, 328.0
279, 66.0, 330.0
280, 139.0, 330.0
281, 186.0, 330.0
282, 53.0, 331.0
283, 96.0, 332.0
284, 20.0, 333.0
285, 80.0, 337.0
286, 135.0, 337.0
287, 116.0, 338.0
288, 27.0, 339.0
289, 46.0, 340.0
290, 503.0, 341.0
291, 181.0, 342.0
292, 344.0, 343.0
293, 58.0, 344.0
294, 95.0, 344.0
295, 117.0, 344.0
296, 446.0, 346.0
297, 108.0, 347.0
298, 11.0, 348.0
299, 118.0, 349.0
300, 38.0, 350.0
301, 184.0, 350.0
302, 25.0, 351.0
303, 441.0, 351.0
304, 20.0, 352.0
305, 66.0, 353.0
306, 471.0, 353.0
307, 604.0, 353.0
308, 544.0, 355.0
309, 109.0, 356.0
310, 52.0, 357.0
311, 197.0, 357.0
312, 37.0, 360.0
313, 345.0, 361.0
314, 647.0, 362.0
315, 119.0, 363.0
316, 180.0, 363.0
317, 192.0, 363.0
318, 466.0, 364.0
319, 53.0, 365.0
320, 19.0, 368.0
321, 41.0, 369.0
322, 96.0, 371.0
323, 53.0, 375.0
324, 351.0, 375.0
325, 27.0, 376.0
326, 427.0, 377.0
327, 72.0, 379.0
328, 541.0, 379.0
329, 23.0, 381.0
330, 40.0, 381.0
331, 583.0, 382.0
332, 597.0, 382.0
333, 340.0, 383.0
334, 552.0, 383.0
335, 32.0, 384.0
336, 368.0, 384.0
337, 541.0, 384.0
338, 546.0, 384.0
339, 11.0, 385.0
340, 56.0, 385.0
341, 348.0, 385.0
342, 182.0, 386.0
343, 562.0, 387.0
344, 423.0, 388.0
345, 722.0, 389.0
346, 22.0, 390.0
347, 31.0, 390.0
348, 41.0, 390.0
349, 339.0, 390.0
350, 362.0, 393.0
351, 550.0, 393.0
352, 367.0, 394.0
353, 344.0, 395.0
354, 430.0, 396.0
355, 637.0, 396.0
356, 696.0, 396.0
357, 12.0, 397.0
358, 24.0, 397.0
359, 579.0, 398.0
360, 352.0, 399.0
361, 579.0, 404.0
362, 656.0, 405.0
363, 62.0, 406.0
364, 336.0, 406.0
365, 57.0, 407.0
366, 280.0, 407.0
367, 357.0, 407.0
368, 675.0, 407.0
369, 680.0, 408.0
370, 578.0, 409.0
371, 421.0, 411.0
372, 295.0, 414.0
373, 345.0, 414.0
374, 412.0, 416.0
375, 300.0, 417.0
376, 707.0, 417.0
377, 375.0, 418.0
378, 336.0, 419.0
379, 341.0, 419.0
380, 362.0, 421.0
381, 576.0, 421.0
382, 428.0, 423.0
383, 726.0, 423.0
384, 369.0, 424.0
385, 374.0, 424.0
386, 731.0, 424.0
387, 333.0, 425.0
388, 382.0, 426.0
389, 575.0, 426.0
390, 736.0, 426.0
391, 387.0, 427.0
392, 407.0, 427.0
393, 81.0, 430.0
394, 328.0, 431.0
395, 354.0, 431.0
396, 322.0, 432.0
397, 573.0, 432.0
398, 403.0, 434.0
399, 375.0, 436.0
400, 423.0, 439.0
401, 324.0, 440.0
402, 358.0, 440.0
403, 394.0, 440.0
404, 410.0, 440.0
405, 418.0, 442.0
406, 535.0, 442.0
407, 540.0, 443.0
408, 383.0, 444.0
409, 325.0, 446.0
410, 552.0, 446.0
411, 420.0, 448.0
412, 360.0, 449.0
413, 570.0, 451.0
414, 343.0, 453.0
415, 348.0, 453.0
416, 360.0, 454.0
417, 384.0, 455.0
418, 552.0, 455.0
419, 395.0, 456.0
420, 569.0, 456.0
421, 365.0, 458.0
422, 561.0, 460.0
423, 445.0, 461.0
424, 422.0, 464.0
425, 450.0, 467.0
426, 198.0, 468.0
427, 434.0, 469.0
428, 526.0, 470.0
