0, 466.0, 8.0
1, 482.0, 8.0
2, 502.0, 8.0
3, 293.0, 10.0
4, 222.0, 12.0
5, 205.0, 13.0
6, 338.0, 14.0
7, 438.0, 14.0
8, 612.0, 14.0
9, 294.0, 15.0
10, 37.0, 18.0
11, 337.0, 19.0
12, 592.0, 19.0
13, 653.0, 19.0
14, 414.0, 21.0
15, 554.0, 22.0
16, 338.0, 24.0
17, 118.0, 25.0
18, 643.0, 25.0
19, 414.0, 26.0
20, 437.0, 27.0
21, 487.0, 28.0
22, 584.0, 28.0
23, 223.0, 29.0
24, 462.0, 30.0
25, 608.0, 33.0
26, 568.0, 37.0
27, 295.0, 39.0
28, 225.0, 42.0
29, 295.0, 44.0
30, 204.0, 46.0
31, 626.0, 46.0
32, 641.0, 46.0
33, 675.0, 46.0
34, 337.0, 47.0
35, 145.0, 48.0
36, 659.0, 50.0
37, 697.0, 50.0
38, 134.0, 51.0
39, 247.0, 51.0
40, 226.0, 52.0
41, 337.0, 52.0
42, 427.0, 52.0
43, 459.0, 52.0
44, 714.0, 54.0
45, 637.0, 56.0
46, 685.0, 56.0
47, 337.0, 57.0
48, 485.0, 57.0
49, 126.0, 58.0
50, 136.0, 61.0
51, 655.0, 62.0
52, 544.0, 63.0
53, 227.0, 64.0
54, 295.0, 64.0
55, 491.0, 65.0
56, 146.0, 66.0
57, 157.0, 72.0
58, 227.0, 74.0
59, 296.0, 74.0
60, 498.0, 76.0
61, 512.0, 76.0
62, 531.0, 77.0
63, 539.0, 77.0
64, 630.0, 78.0
65, 296.0, 79.0
66, 49.0, 82.0
67, 59.0, 82.0
68, 72.0, 82.0
69, 103.0, 82.0
70, 135.0, 82.0
71, 140.0, 82.0
72, 412.0, 82.0
73, 297.0, 84.0
74, 520.0, 84.0
75, 229.0, 86.0
76, 413.0, 87.0
77, 501.0, 88.0
78, 540.0, 89.0
79, 512.0, 92.0
80, 566.0, 92.0
81, 407.0, 93.0
82, 554.0, 93.0
83, 418.0, 95.0
84, 296.0, 96.0
85, 524.0, 96.0
86, 529.0, 96.0
87, 615.0, 96.0
88, 537.0, 97.0
89, 501.0, 101.0
90, 150.0, 102.0
91, 229.0, 104.0
92, 515.0, 105.0
93, 579.0, 105.0
94, 587.0, 105.0
95, 686.0, 107.0
96, 532.0, 109.0
97, 516.0, 110.0
98, 156.0, 111.0
99, 297.0, 111.0
100, 495.0, 111.0
101, 614.0, 114.0
102, 297.0, 116.0
103, 508.0, 117.0
104, 241.0, 118.0
105, 213.0, 119.0
106, 218.0, 119.0
107, 224.0, 119.0
108, 229.0, 119.0
109, 202.0, 120.0
110, 532.0, 120.0
111, 424.0, 121.0
112, 158.0, 122.0
113, 662.0, 122.0
114, 450.0, 123.0
115, 480.0, 124.0
116, 516.0, 124.0
117, 521.0, 124.0
118, 671.0, 124.0
119, 241.0, 126.0
120, 643.0, 130.0
121, 161.0, 132.0
122, 298.0, 132.0
123, 203.0, 133.0
124, 416.0, 133.0
125, 713.0, 134.0
126, 219.0, 135.0
127, 471.0, 135.0
128, 726.0, 135.0
129, 405.0, 137.0
130, 176.0, 139.0
131, 418.0, 139.0
132, 423.0, 141.0
133, 241.0, 142.0
134, 526.0, 142.0
135, 738.0, 142.0
136, 159.0, 143.0
137, 743.0, 143.0
138, 154.0, 144.0
139, 603.0, 145.0
140, 142.0, 146.0
141, 148.0, 146.0
142, 547.0, 146.0
143, 587.0, 146.0
144, 301.0, 147.0
145, 638.0, 148.0
146, 703.0, 148.0
147, 708.0, 148.0
148, 307.0, 151.0
149, 404.0, 151.0
150, 418.0, 151.0
151, 511.0, 152.0
152, 322.0, 153.0
153, 518.0, 153.0
154, 719.0, 154.0
155, 523.0, 155.0
156, 290.0, 158.0
157, 299.0, 158.0
158, 633.0, 158.0
159, 743.0, 158.0
160, 589.0, 159.0
161, 323.0, 160.0
162, 697.0, 160.0
163, 474.0, 161.0
164, 564.0, 161.0
165, 571.0, 162.0
166, 402.0, 163.0
167, 308.0, 164.0
168, 57.0, 165.0
169, 434.0, 165.0
170, 369.0, 167.0
171, 415.0, 167.0
172, 446.0, 168.0
173, 494.0, 168.0
174, 500.0, 168.0
175, 593.0, 168.0
176, 525.0, 169.0
177, 336.0, 170.0
178, 575.0, 174.0
179, 447.0, 176.0
180, 417.0, 177.0
181, 513.0, 177.0
182, 457.0, 179.0
183, 478.0, 179.0
184, 490.0, 179.0
185, 683.0, 182.0
186, 82.0, 183.0
187, 87.0, 183.0
188, 388.0, 183.0
189, 469.0, 183.0
190, 444.0, 184.0
191, 529.0, 184.0
192, 375.0, 186.0
193, 418.0, 186.0
194, 503.0, 186.0
195, 432.0, 187.0
196, 397.0, 188.0
197, 59.0, 190.0
198, 384.0, 190.0
199, 511.0, 190.0
200, 546.0, 190.0
201, 68.0, 191.0
202, 525.0, 193.0
203, 304.0, 194.0
204, 202.0, 195.0
205, 557.0, 195.0
206, 476.0, 196.0
207, 457.0, 197.0
208, 572.0, 197.0
209, 411.0, 198.0
210, 486.0, 198.0
211, 58.0, 199.0
212, 416.0, 199.0
213, 542.0, 199.0
214, 492.0, 200.0
215, 423.0, 202.0
216, 670.0, 202.0
217, 656.0, 204.0
218, 661.0, 205.0
219, 508.0, 206.0
220, 534.0, 206.0
221, 497.0, 208.0
222, 482.0, 210.0
223, 67.0, 211.0
224, 738.0, 212.0
225, 510.0, 214.0
226, 467.0, 216.0
227, 627.0, 217.0
228, 713.0, 217.0
229, 498.0, 219.0
230, 544.0, 219.0
231, 559.0, 219.0
232, 82.0, 221.0
233, 655.0, 223.0
234, 496.0, 224.0
235, 571.0, 224.0
236, 532.0, 228.0
237, 540.0, 229.0
238, 651.0, 229.0
239, 90.0, 232.0
240, 557.0, 236.0
241, 533.0, 237.0
242, 570.0, 237.0
243, 565.0, 238.0
244, 46.0, 239.0
245, 542.0, 239.0
246, 37.0, 240.0
247, 377.0, 243.0
248, 568.0, 243.0
249, 536.0, 248.0
250, 567.0, 248.0
251, 544.0, 249.0
252, 98.0, 253.0
253, 538.0, 258.0
254, 546.0, 260.0
255, 743.0, 261.0
256, 738.0, 263.0
257, 627.0, 264.0
258, 558.0, 266.0
259, 459.0, 269.0
260, 540.0, 270.0
261, 127.0, 273.0
262, 550.0, 273.0
263, 648.0, 274.0
264, 484.0, 275.0
265, 447.0, 281.0
266, 106.0, 283.0
267, 543.0, 283.0
268, 667.0, 284.0
269, 705.0, 284.0
270, 532.0, 286.0
271, 552.0, 286.0
272, 488.0, 288.0
273, 494.0, 290.0
274, 388.0, 291.0
275, 685.0, 293.0
276, 510.0, 295.0
277, 635.0, 295.0
278, 728.0, 296.0
279, 549.0, 299.0
280, 645.0, 299.0
281, 676.0, 299.0
282, 479.0, 302.0
283, 557.0, 302.0
284, 623.0, 303.0
285, 513.0, 304.0
286, 578.0, 304.0
287, 673.0, 304.0
288, 519.0, 305.0
289, 699.0, 305.0
290, 632.0, 307.0
291, 605.0, 308.0
292, 709.0, 309.0
293, 721.0, 309.0
294, 103.0, 310.0
295, 566.0, 311.0
296, 581.0, 314.0
297, 587.0, 314.0
298, 598.0, 316.0
299, 620.0, 316.0
300, 554.0, 318.0
301, 110.0, 319.0
302, 267.0, 320.0
303, 535.0, 320.0
304, 564.0, 322.0
305, 500.0, 323.0
306, 585.0, 323.0
307, 477.0, 324.0
308, 604.0, 324.0
309, 546.0, 326.0
310, 578.0, 327.0
311, 480.0, 329.0
312, 621.0, 331.0
313, 531.0, 332.0
314, 588.0, 332.0
315, 116.0, 333.0
316, 491.0, 334.0
317, 536.0, 334.0
318, 509.0, 335.0
319, 736.0, 335.0
320, 608.0, 337.0
321, 741.0, 337.0
322, 354.0, 338.0
323, 562.0, 340.0
324, 621.0, 340.0
325, 302.0, 342.0
326, 492.0, 343.0
327, 556.0, 343.0
328, 590.0, 343.0
329, 632.0, 343.0
330, 445.0, 344.0
331, 595.0, 346.0
332, 645.0, 346.0
333, 574.0, 347.0
334, 528.0, 349.0
335, 600.0, 350.0
336, 625.0, 351.0
337, 546.0, 352.0
338, 476.0, 355.0
339, 379.0, 358.0
340, 634.0, 358.0
341, 659.0, 358.0
342, 557.0, 359.0
343, 512.0, 360.0
344, 713.0, 360.0
345, 665.0, 361.0
346, 570.0, 362.0
347, 595.0, 363.0
348, 691.0, 363.0
349, 670.0, 364.0
350, 478.0, 365.0
351, 527.0, 365.0
352, 292.0, 366.0
353, 580.0, 366.0
354, 696.0, 367.0
355, 725.0, 368.0
356, 458.0, 370.0
357, 492.0, 371.0
358, 439.0, 372.0
359, 538.0, 372.0
360, 705.0, 372.0
361, 731.0, 372.0
362, 474.0, 373.0
363, 736.0, 376.0
364, 506.0, 379.0
365, 518.0, 387.0
366, 631.0, 388.0
367, 580.0, 391.0
368, 382.0, 392.0
369, 586.0, 394.0
370, 486.0, 397.0
371, 592.0, 397.0
372, 124.0, 401.0
373, 119.0, 402.0
374, 490.0, 402.0
375, 495.0, 406.0
376, 463.0, 414.0
377, 668.0, 415.0
378, 381.0, 416.0
379, 673.0, 417.0
380, 467.0, 419.0
381, 373.0, 423.0
382, 472.0, 423.0
383, 590.0, 423.0
384, 383.0, 426.0
385, 596.0, 426.0
386, 394.0, 430.0
387, 255.0, 432.0
388, 715.0, 448.0
389, 377.0, 455.0
390, 306.0, 459.0
391, 600.0, 460.0
392, 608.0, 464.0
393, 616.0, 469.0
