0, 90.0, 8.0
1, 105.0, 8.0
2, 116.0, 8.0
3, 261.0, 11.0
4, 128.0, 12.0
5, 161.0, 20.0
6, 377.0, 23.0
7, 189.0, 30.0
8, 207.0, 32.0
9, 699.0, 34.0
10, 168.0, 36.0
11, 177.0, 36.0
12, 361.0, 36.0
13, 228.0, 38.0
14, 636.0, 45.0
15, 248.0, 46.0
16, 357.0, 46.0
17, 191.0, 50.0
18, 261.0, 50.0
19, 292.0, 50.0
20, 729.0, 50.0
21, 573.0, 52.0
22, 271.0, 53.0
23, 568.0, 53.0
24, 557.0, 55.0
25, 191.0, 56.0
26, 547.0, 56.0
27, 552.0, 56.0
28, 526.0, 59.0
29, 491.0, 63.0
30, 191.0, 64.0
31, 352.0, 67.0
32, 471.0, 67.0
33, 585.0, 68.0
34, 367.0, 72.0
35, 424.0, 72.0
36, 461.0, 72.0
37, 727.0, 73.0
38, 537.0, 74.0
39, 591.0, 75.0
40, 42.0, 76.0
41, 63.0, 78.0
42, 389.0, 78.0
43, 82.0, 81.0
44, 520.0, 82.0
45, 683.0, 88.0
46, 291.0, 90.0
47, 548.0, 94.0
48, 618.0, 94.0
49, 196.0, 95.0
50, 372.0, 96.0
51, 537.0, 96.0
52, 564.0, 96.0
53, 401.0, 97.0
54, 610.0, 97.0
55, 499.0, 100.0
56, 584.0, 100.0
57, 595.0, 101.0
58, 486.0, 106.0
59, 372.0, 108.0
60, 399.0, 109.0
61, 595.0, 111.0
62, 678.0, 112.0
63, 663.0, 113.0
64, 371.0, 119.0
65, 586.0, 119.0
66, 272.0, 120.0
67, 398.0, 120.0
68, 485.0, 120.0
69, 544.0, 120.0
70, 190.0, 121.0
71, 198.0, 121.0
72, 575.0, 122.0
73, 289.0, 123.0
74, 590.0, 132.0
75, 370.0, 133.0
76, 397.0, 134.0
77, 514.0, 135.0
78, 574.0, 135.0
79, 284.0, 138.0
80, 289.0, 138.0
81, 311.0, 141.0
82, 369.0, 143.0
83, 579.0, 143.0
84, 341.0, 144.0
85, 398.0, 145.0
86, 295.0, 149.0
87, 309.0, 149.0
88, 288.0, 152.0
89, 333.0, 152.0
90, 290.0, 157.0
91, 295.0, 157.0
92, 310.0, 157.0
93, 708.0, 158.0
94, 572.0, 159.0
95, 341.0, 160.0
96, 480.0, 162.0
97, 480.0, 167.0
98, 543.0, 167.0
99, 502.0, 168.0
100, 652.0, 168.0
101, 657.0, 168.0
102, 381.0, 169.0
103, 296.0, 171.0
104, 326.0, 172.0
105, 288.0, 173.0
106, 405.0, 173.0
107, 652.0, 173.0
108, 381.0, 174.0
109, 311.0, 175.0
110, 340.0, 175.0
111, 381.0, 179.0
112, 666.0, 179.0
113, 295.0, 180.0
114, 310.0, 180.0
115, 605.0, 180.0
116, 647.0, 180.0
117, 533.0, 184.0
118, 199.0, 189.0
119, 567.0, 190.0
120, 477.0, 191.0
121, 503.0, 192.0
122, 715.0, 192.0
123, 487.0, 193.0
124, 663.0, 193.0
125, 311.0, 194.0
126, 289.0, 195.0
127, 568.0, 195.0
128, 338.0, 197.0
129, 688.0, 197.0
130, 675.0, 199.0
131, 546.0, 200.0
132, 662.0, 202.0
133, 362.0, 207.0
134, 564.0, 208.0
135, 579.0, 208.0
136, 338.0, 210.0
137, 381.0, 211.0
138, 640.0, 212.0
139, 279.0, 213.0
140, 284.0, 213.0
141, 625.0, 213.0
142, 289.0, 214.0
143, 618.0, 215.0
144, 656.0, 215.0
145, 389.0, 219.0
146, 416.0, 225.0
147, 681.0, 226.0
148, 667.0, 228.0
149, 271.0, 229.0
150, 430.0, 229.0
151, 473.0, 230.0
152, 633.0, 230.0
153, 440.0, 231.0
154, 558.0, 234.0
155, 287.0, 236.0
156, 651.0, 236.0
157, 664.0, 239.0
158, 405.0, 242.0
159, 410.0, 242.0
160, 423.0, 244.0
161, 692.0, 244.0
162, 641.0, 245.0
163, 288.0, 248.0
164, 462.0, 248.0
165, 457.0, 249.0
166, 632.0, 251.0
167, 482.0, 253.0
168, 497.0, 256.0
169, 440.0, 257.0
170, 267.0, 258.0
171, 413.0, 259.0
172, 249.0, 261.0
173, 570.0, 262.0
174, 589.0, 262.0
175, 627.0, 262.0
176, 208.0, 264.0
177, 233.0, 265.0
178, 645.0, 265.0
179, 480.0, 266.0
180, 424.0, 268.0
181, 208.0, 269.0
182, 701.0, 269.0
183, 607.0, 270.0
184, 691.0, 270.0
185, 225.0, 271.0
186, 493.0, 273.0
187, 451.0, 277.0
188, 456.0, 277.0
189, 272.0, 278.0
190, 512.0, 278.0
191, 698.0, 278.0
192, 207.0, 279.0
193, 467.0, 279.0
194, 707.0, 279.0
195, 415.0, 280.0
196, 420.0, 280.0
197, 643.0, 284.0
198, 435.0, 286.0
199, 208.0, 287.0
200, 430.0, 287.0
201, 407.0, 294.0
202, 626.0, 294.0
203, 439.0, 295.0
204, 466.0, 295.0
205, 444.0, 296.0
206, 455.0, 296.0
207, 614.0, 297.0
208, 543.0, 302.0
209, 555.0, 304.0
210, 639.0, 305.0
211, 382.0, 306.0
212, 426.0, 306.0
213, 740.0, 307.0
214, 637.0, 310.0
215, 464.0, 313.0
216, 690.0, 315.0
217, 382.0, 319.0
218, 443.0, 319.0
219, 664.0, 319.0
220, 288.0, 323.0
221, 376.0, 323.0
222, 690.0, 325.0
223, 704.0, 326.0
224, 543.0, 327.0
225, 620.0, 327.0
226, 721.0, 329.0
227, 735.0, 329.0
228, 276.0, 331.0
229, 381.0, 331.0
230, 634.0, 331.0
231, 462.0, 335.0
232, 335.0, 336.0
233, 496.0, 339.0
234, 552.0, 339.0
235, 540.0, 340.0
236, 720.0, 340.0
237, 741.0, 341.0
238, 361.0, 342.0
239, 378.0, 342.0
240, 277.0, 344.0
241, 640.0, 347.0
242, 271.0, 348.0
243, 279.0, 351.0
244, 461.0, 351.0
245, 285.0, 352.0
246, 702.0, 352.0
247, 290.0, 354.0
248, 495.0, 356.0
249, 638.0, 360.0
250, 628.0, 361.0
251, 727.0, 361.0
252, 440.0, 363.0
253, 447.0, 365.0
254, 210.0, 366.0
255, 453.0, 367.0
256, 458.0, 369.0
257, 617.0, 370.0
258, 636.0, 370.0
259, 207.0, 371.0
260, 543.0, 378.0
261, 583.0, 378.0
262, 664.0, 378.0
263, 607.0, 380.0
264, 624.0, 381.0
265, 733.0, 381.0
266, 290.0, 385.0
267, 283.0, 386.0
268, 569.0, 386.0
269, 278.0, 387.0
270, 537.0, 394.0
271, 622.0, 394.0
272, 398.0, 399.0
273, 582.0, 401.0
274, 357.0, 402.0
275, 689.0, 403.0
276, 621.0, 404.0
277, 631.0, 404.0
278, 725.0, 407.0
279, 380.0, 408.0
280, 456.0, 408.0
281, 424.0, 411.0
282, 463.0, 415.0
283, 290.0, 416.0
284, 433.0, 416.0
285, 438.0, 416.0
286, 317.0, 417.0
287, 469.0, 418.0
288, 671.0, 418.0
289, 713.0, 418.0
290, 452.0, 422.0
291, 601.0, 422.0
292, 404.0, 423.0
293, 726.0, 425.0
294, 731.0, 425.0
295, 443.0, 427.0
296, 706.0, 428.0
297, 412.0, 431.0
298, 299.0, 432.0
299, 455.0, 432.0
300, 375.0, 433.0
301, 417.0, 434.0
302, 347.0, 438.0
303, 326.0, 441.0
304, 393.0, 442.0
305, 287.0, 446.0
306, 372.0, 447.0
307, 305.0, 448.0
308, 316.0, 450.0
309, 393.0, 452.0
310, 356.0, 453.0
311, 449.0, 455.0
312, 702.0, 455.0
313, 299.0, 458.0
314, 326.0, 458.0
315, 216.0, 460.0
316, 335.0, 460.0
317, 407.0, 460.0
318, 717.0, 461.0
319, 316.0, 462.0
320, 458.0, 462.0
321, 282.0, 463.0
322, 348.0, 463.0
323, 372.0, 463.0
324, 216.0, 465.0
325, 245.0, 466.0
326, 332.0, 469.0
327, 403.0, 470.0
328, 276.0, 471.0
329, 301.0, 471.0
330, 315.0, 471.0
331, 446.0, 471.0
332, 492.0, 471.0
