0, 175.0, 466.0
1, 375.0, 372.0
2, 150.0, 424.0
3, 141.0, 341.0
4, 108.0, 390.0
5, 266.0, 251.0
6, 556.0, 387.0
7, 432.0, 375.0
8, 47.0, 426.0
9, 87.0, 463.0
10, 114.0, 439.0
11, 584.0, 370.0
12, 564.0, 393.0
13, 556.0, 358.0
14, 287.0, 391.0
15, 338.0, 382.0
16, 418.0, 460.0
17, 66.0, 423.0
18, 450.0, 437.0
19, 540.0, 228.0
20, 318.0, 415.0
21, 100.0, 433.0
22, 123.0, 457.0
23, 402.0, 415.0
24, 229.0, 442.0
25, 727.0, 432.0
26, 82.0, 394.0
27, 664.0, 397.0
28, 175.0, 453.0
29, 201.0, 324.0
30, 737.0, 467.0
31, 216.0, 446.0
32, 570.0, 406.0
33, 189.0, 463.0
34, 524.0, 360.0
35, 338.0, 440.0
36, 336.0, 455.0
37, 572.0, 365.0
38, 442.0, 368.0
39, 452.0, 460.0
40, 228.0, 305.0
41, 551.0, 370.0
42, 174.0, 360.0
43, 173.0, 383.0
44, 48.0, 205.0
45, 529.0, 454.0
46, 34.0, 348.0
47, 395.0, 381.0
48, 368.0, 399.0
49, 179.0, 326.0
50, 288.0, 373.0
51, 142.0, 452.0
52, 384.0, 424.0
53, 220.0, 314.0
54, 88.0, 437.0
55, 349.0, 378.0
56, 603.0, 441.0
57, 420.0, 448.0
58, 627.0, 387.0
59, 301.0, 381.0
60, 161.0, 361.0
61, 365.0, 423.0
62, 107.0, 344.0
63, 366.0, 454.0
64, 446.0, 403.0
65, 451.0, 428.0
66, 655.0, 25.0
67, 104.0, 460.0
68, 375.0, 437.0
69, 423.0, 366.0
70, 685.0, 268.0
71, 231.0, 417.0
72, 44.0, 414.0
73, 231.0, 397.0
74, 222.0, 387.0
75, 646.0, 278.0
76, 568.0, 379.0
77, 163.0, 423.0
78, 410.0, 361.0
79, 522.0, 398.0
80, 99.0, 383.0
81, 721.0, 218.0
82, 294.0, 437.0
83, 218.0, 252.0
84, 61.0, 409.0
85, 223.0, 343.0
86, 476.0, 469.0
87, 711.0, 284.0
88, 442.0, 470.0
89, 244.0, 339.0
90, 150.0, 376.0
91, 365.0, 442.0
92, 132.0, 371.0
93, 669.0, 441.0
94, 680.0, 55.0
95, 131.0, 436.0
96, 400.0, 449.0
97, 36.0, 429.0
98, 387.0, 372.0
99, 435.0, 360.0
100, 138.0, 356.0
101, 431.0, 422.0
102, 187.0, 358.0
103, 328.0, 434.0
104, 168.0, 330.0
105, 456.0, 375.0
106, 245.0, 356.0
107, 486.0, 471.0
108, 85.0, 172.0
109, 496.0, 10.0
110, 191.0, 450.0
111, 90.0, 52.0
112, 553.0, 75.0
113, 76.0, 456.0
114, 149.0, 356.0
115, 537.0, 317.0
116, 232.0, 379.0
117, 332.0, 400.0
118, 731.0, 456.0
119, 544.0, 386.0
120, 587.0, 88.0
121, 55.0, 442.0
122, 500.0, 29.0
123, 287.0, 413.0
124, 653.0, 417.0
125, 66.0, 446.0
126, 88.0, 383.0
127, 51.0, 453.0
128, 192.0, 335.0
129, 643.0, 360.0
130, 15.0, 410.0
131, 634.0, 107.0
132, 455.0, 451.0
133, 37.0, 392.0
134, 208.0, 311.0
135, 603.0, 18.0
136, 611.0, 395.0
137, 268.0, 312.0
138, 163.0, 455.0
139, 256.0, 81.0
140, 703.0, 255.0
141, 701.0, 232.0
142, 743.0, 235.0
143, 82.0, 445.0
144, 359.0, 405.0
145, 312.0, 406.0
146, 736.0, 276.0
147, 260.0, 241.0
148, 536.0, 460.0
149, 737.0, 407.0
150, 354.0, 210.0
151, 280.0, 421.0
152, 467.0, 14.0
153, 408.0, 405.0
154, 559.0, 166.0
155, 96.0, 206.0
156, 11.0, 396.0
157, 31.0, 375.0
158, 314.0, 427.0
159, 398.0, 427.0
160, 720.0, 244.0
161, 733.0, 300.0
162, 111.0, 107.0
163, 32.0, 204.0
164, 732.0, 443.0
165, 249.0, 451.0
166, 526.0, 223.0
167, 585.0, 103.0
168, 346.0, 368.0
169, 169.0, 343.0
170, 507.0, 461.0
171, 398.0, 437.0
172, 151.0, 332.0
173, 258.0, 260.0
174, 570.0, 87.0
175, 234.0, 333.0
176, 223.0, 325.0
177, 532.0, 284.0
178, 220.0, 299.0
179, 588.0, 413.0
180, 630.0, 125.0
181, 252.0, 252.0
182, 226.0, 261.0
183, 246.0, 261.0
184, 469.0, 413.0
185, 582.0, 431.0
186, 393.0, 461.0
187, 362.0, 358.0
188, 182.0, 370.0
189, 79.0, 367.0
190, 359.0, 73.0
191, 578.0, 416.0
192, 138.0, 398.0
193, 353.0, 226.0
194, 479.0, 441.0
195, 677.0, 28.0
196, 413.0, 413.0
197, 89.0, 422.0
198, 527.0, 382.0
199, 595.0, 57.0
200, 514.0, 285.0
201, 114.0, 124.0
202, 257.0, 154.0
203, 235.0, 314.0
204, 208.0, 365.0
205, 279.0, 304.0
206, 398.0, 403.0
207, 528.0, 404.0
208, 110.0, 401.0
209, 686.0, 466.0
210, 375.0, 452.0
211, 644.0, 377.0
212, 329.0, 391.0
213, 720.0, 443.0
214, 342.0, 420.0
215, 258.0, 181.0
216, 256.0, 53.0
217, 235.0, 305.0
218, 259.0, 232.0
219, 207.0, 404.0
220, 163.0, 351.0
221, 516.0, 452.0
222, 343.0, 434.0
223, 511.0, 48.0
224, 426.0, 69.0
225, 673.0, 82.0
226, 267.0, 268.0
227, 666.0, 105.0
228, 407.0, 458.0
229, 738.0, 428.0
230, 380.0, 361.0
231, 457.0, 419.0
232, 554.0, 30.0
233, 259.0, 267.0
234, 718.0, 55.0
235, 342.0, 464.0
236, 549.0, 319.0
237, 260.0, 304.0
238, 180.0, 440.0
239, 530.0, 394.0
240, 63.0, 205.0
241, 127.0, 333.0
242, 528.0, 465.0
243, 24.0, 339.0
244, 145.0, 232.0
245, 267.0, 260.0
246, 26.0, 351.0
247, 136.0, 468.0
248, 177.0, 349.0
249, 678.0, 409.0
250, 94.0, 77.0
251, 144.0, 370.0
252, 364.0, 432.0
253, 579.0, 135.0
254, 219.0, 292.0
255, 267.0, 278.0
256, 259.0, 210.0
257, 92.0, 450.0
258, 44.0, 440.0
259, 433.0, 409.0
260, 352.0, 253.0
261, 347.0, 444.0
262, 716.0, 460.0
263, 358.0, 440.0
264, 99.0, 357.0
265, 429.0, 462.0
266, 331.0, 414.0
267, 442.0, 413.0
268, 97.0, 93.0
269, 246.0, 252.0
270, 228.0, 298.0
271, 219.0, 421.0
272, 696.0, 213.0
273, 298.0, 471.0
274, 504.0, 350.0
275, 612.0, 161.0
276, 537.0, 443.0
277, 162.0, 372.0
278, 481.0, 417.0
279, 574.0, 157.0
280, 16.0, 428.0
281, 463.0, 427.0
282, 545.0, 296.0
283, 218.0, 269.0
284, 358.0, 63.0
285, 617.0, 173.0
286, 355.0, 385.0
287, 345.0, 454.0
288, 528.0, 424.0
289, 353.0, 295.0
290, 153.0, 400.0
291, 479.0, 9.0
292, 570.0, 171.0
293, 637.0, 273.0
294, 126.0, 390.0
295, 703.0, 108.0
296, 61.0, 457.0
297, 607.0, 372.0
298, 725.0, 264.0
299, 357.0, 115.0
300, 97.0, 470.0
301, 260.0, 289.0
302, 385.0, 456.0
303, 585.0, 399.0
304, 352.0, 460.0
305, 234.0, 276.0
306, 692.0, 394.0
307, 314.0, 392.0
308, 219.0, 284.0
309, 248.0, 313.0
310, 359.0, 465.0
311, 584.0, 120.0
312, 704.0, 34.0
313, 253.0, 312.0
314, 248.0, 364.0
315, 227.0, 283.0
316, 571.0, 424.0
317, 493.0, 452.0
318, 134.0, 42.0
319, 255.0, 103.0
320, 357.0, 397.0
321, 96.0, 124.0
322, 507.0, 72.0
323, 630.0, 290.0
324, 536.0, 16.0
325, 443.0, 352.0
326, 230.0, 160.0
327, 527.0, 14.0
328, 374.0, 388.0
329, 702.0, 460.0
330, 156.0, 315.0
331, 445.0, 70.0
332, 117.0, 430.0
333, 671.0, 144.0
334, 664.0, 178.0
335, 516.0, 14.0
336, 551.0, 435.0
337, 609.0, 384.0
338, 22.0, 437.0
339, 279.0, 408.0
340, 524.0, 32.0
341, 622.0, 374.0
342, 253.0, 296.0
343, 101.0, 183.0
344, 296.0, 423.0
345, 628.0, 439.0
346, 26.0, 454.0
347, 547.0, 96.0
348, 382.0, 470.0
349, 268.0, 299.0
350, 151.0, 409.0
351, 742.0, 357.0
352, 417.0, 389.0
353, 555.0, 342.0
354, 127.0, 354.0
355, 359.0, 450.0
356, 32.0, 465.0
357, 554.0, 397.0
358, 112.0, 377.0
359, 138.0, 205.0
360, 268.0, 293.0
361, 366.0, 381.0
362, 437.0, 448.0
363, 287.0, 333.0
364, 227.0, 291.0
365, 317.0, 370.0
366, 191.0, 369.0
367, 390.0, 349.0
368, 267.0, 283.0
369, 372.0, 415.0
370, 408.0, 69.0
371, 256.0, 121.0
372, 37.0, 454.0
373, 35.0, 408.0
374, 545.0, 442.0
375, 700.0, 380.0
376, 560.0, 441.0
377, 691.0, 445.0
378, 247.0, 276.0
379, 669.0, 378.0
380, 253.0, 275.0
381, 335.0, 470.0
382, 164.0, 318.0
383, 719.0, 345.0
384, 240.0, 267.0
385, 231.0, 252.0
386, 213.0, 349.0
387, 123.0, 471.0
388, 259.0, 194.0
389, 203.0, 450.0
390, 315.0, 461.0
391, 149.0, 163.0
392, 228.0, 464.0
393, 154.0, 368.0
394, 227.0, 272.0
395, 353.0, 412.0
396, 326.0, 425.0
397, 610.0, 419.0
398, 63.0, 466.0
399, 258.0, 252.0
400, 89.0, 149.0
401, 523.0, 470.0
402, 247.0, 297.0
403, 260.0, 296.0
404, 258.0, 418.0
405, 673.0, 187.0
406, 218.0, 261.0
407, 172.0, 421.0
408, 714.0, 69.0
409, 561.0, 403.0
410, 288.0, 461.0
411, 473.0, 406.0
412, 238.0, 261.0
413, 209.0, 389.0
414, 646.0, 433.0
415, 720.0, 414.0
416, 375.0, 425.0
417, 594.0, 368.0
418, 259.0, 275.0
419, 233.0, 51.0
420, 612.0, 444.0
421, 24.0, 392.0
422, 234.0, 291.0
423, 219.0, 414.0
424, 490.0, 431.0
425, 643.0, 291.0
426, 677.0, 68.0
427, 523.0, 38.0
428, 470.0, 428.0
429, 600.0, 450.0
430, 238.0, 283.0
431, 584.0, 383.0
432, 530.0, 207.0
433, 253.0, 304.0
434, 370.0, 471.0
435, 711.0, 196.0
436, 37.0, 447.0
437, 152.0, 207.0
438, 642.0, 449.0
439, 155.0, 223.0
440, 240.0, 297.0
441, 350.0, 403.0
442, 391.0, 403.0
443, 303.0, 393.0
444, 240.0, 305.0
445, 381.0, 446.0
446, 132.0, 427.0
447, 338.0, 427.0
448, 106.0, 378.0
449, 715.0, 397.0
450, 141.0, 376.0
451, 556.0, 414.0
452, 199.0, 136.0
453, 652.0, 439.0
454, 254.0, 282.0
455, 556.0, 423.0
456, 430.0, 433.0
457, 247.0, 283.0
458, 154.0, 248.0
459, 168.0, 353.0
460, 538.0, 401.0
461, 365.0, 411.0
462, 395.0, 418.0
463, 352.0, 272.0
464, 228.0, 471.0
465, 248.0, 304.0
466, 240.0, 275.0
467, 219.0, 277.0
468, 10.0, 386.0
469, 531.0, 389.0
470, 24.0, 367.0
471, 662.0, 460.0
472, 621.0, 116.0
473, 639.0, 386.0
474, 405.0, 394.0
475, 31.0, 442.0
476, 535.0, 408.0
477, 220.0, 305.0
478, 239.0, 252.0
479, 246.0, 268.0
480, 147.0, 292.0
481, 169.0, 338.0
482, 157.0, 231.0
483, 604.0, 414.0
484, 641.0, 398.0
485, 579.0, 443.0
486, 268.0, 288.0
487, 239.0, 291.0
488, 259.0, 282.0
489, 8.0, 375.0
490, 247.0, 290.0
491, 254.0, 289.0
492, 625.0, 140.0
493, 354.0, 204.0
494, 610.0, 137.0
495, 401.0, 93.0
496, 637.0, 446.0
497, 154.0, 457.0
498, 97.0, 407.0
499, 671.0, 138.0
