0, 428.0, 8.0
1, 475.0, 8.0
2, 487.0, 8.0
3, 96.0, 10.0
4, 499.0, 10.0
5, 529.0, 11.0
6, 152.0, 13.0
7, 144.0, 14.0
8, 169.0, 14.0
9, 464.0, 15.0
10, 511.0, 15.0
11, 131.0, 16.0
12, 67.0, 18.0
13, 136.0, 19.0
14, 453.0, 20.0
15, 467.0, 20.0
16, 149.0, 24.0
17, 487.0, 26.0
18, 472.0, 27.0
19, 139.0, 30.0
20, 499.0, 30.0
21, 172.0, 32.0
22, 422.0, 34.0
23, 463.0, 35.0
24, 414.0, 36.0
25, 477.0, 36.0
26, 150.0, 37.0
27, 427.0, 37.0
28, 497.0, 37.0
29, 96.0, 39.0
30, 163.0, 39.0
31, 446.0, 39.0
32, 121.0, 40.0
33, 395.0, 41.0
34, 513.0, 41.0
35, 84.0, 42.0
36, 128.0, 42.0
37, 150.0, 42.0
38, 78.0, 43.0
39, 140.0, 47.0
40, 106.0, 48.0
41, 115.0, 50.0
42, 120.0, 51.0
43, 125.0, 51.0
44, 96.0, 52.0
45, 154.0, 52.0
46, 17.0, 53.0
47, 176.0, 54.0
48, 30.0, 56.0
49, 413.0, 56.0
50, 99.0, 62.0
51, 157.0, 62.0
52, 49.0, 64.0
53, 112.0, 64.0
54, 141.0, 64.0
55, 146.0, 64.0
56, 151.0, 64.0
57, 515.0, 66.0
58, 100.0, 70.0
59, 82.0, 71.0
60, 92.0, 71.0
61, 109.0, 73.0
62, 122.0, 74.0
63, 131.0, 75.0
64, 139.0, 77.0
65, 146.0, 78.0
66, 30.0, 82.0
67, 122.0, 82.0
68, 156.0, 82.0
69, 94.0, 84.0
70, 51.0, 85.0
71, 78.0, 85.0
72, 110.0, 88.0
73, 134.0, 89.0
74, 18.0, 90.0
75, 120.0, 90.0
76, 146.0, 91.0
77, 127.0, 97.0
78, 31.0, 98.0
79, 100.0, 100.0
80, 8.0, 102.0
81, 120.0, 103.0
82, 379.0, 104.0
83, 35.0, 105.0
84, 395.0, 105.0
85, 152.0, 106.0
86, 360.0, 106.0
87, 137.0, 107.0
88, 94.0, 110.0
89, 324.0, 110.0
90, 102.0, 112.0
91, 396.0, 117.0
92, 390.0, 120.0
93, 12.0, 121.0
94, 185.0, 121.0
95, 39.0, 122.0
96, 406.0, 122.0
97, 378.0, 123.0
98, 388.0, 126.0
99, 40.0, 127.0
100, 72.0, 127.0
101, 388.0, 131.0
102, 181.0, 132.0
103, 342.0, 138.0
104, 623.0, 140.0
105, 373.0, 141.0
106, 157.0, 142.0
107, 367.0, 142.0
108, 192.0, 143.0
109, 313.0, 143.0
110, 357.0, 143.0
111, 631.0, 143.0
112, 172.0, 144.0
113, 187.0, 144.0
114, 616.0, 144.0
115, 45.0, 146.0
116, 390.0, 146.0
117, 342.0, 148.0
118, 455.0, 148.0
119, 586.0, 148.0
120, 447.0, 149.0
121, 462.0, 149.0
122, 58.0, 150.0
123, 288.0, 150.0
124, 411.0, 150.0
125, 230.0, 151.0
126, 259.0, 151.0
127, 613.0, 151.0
128, 198.0, 152.0
129, 139.0, 153.0
130, 521.0, 153.0
131, 623.0, 153.0
132, 526.0, 154.0
133, 531.0, 154.0
134, 39.0, 158.0
135, 570.0, 158.0
136, 359.0, 159.0
137, 364.0, 159.0
138, 499.0, 160.0
139, 612.0, 160.0
140, 626.0, 160.0
141, 370.0, 161.0
142, 584.0, 161.0
143, 343.0, 162.0
144, 277.0, 163.0
145, 505.0, 163.0
146, 243.0, 164.0
147, 161.0, 165.0
148, 187.0, 166.0
149, 344.0, 167.0
150, 610.0, 169.0
151, 221.0, 170.0
152, 578.0, 170.0
153, 112.0, 171.0
154, 197.0, 171.0
155, 42.0, 172.0
156, 54.0, 172.0
157, 144.0, 173.0
158, 289.0, 173.0
159, 624.0, 173.0
160, 100.0, 174.0
161, 127.0, 174.0
162, 372.0, 174.0
163, 91.0, 175.0
164, 424.0, 175.0
165, 86.0, 176.0
166, 255.0, 178.0
167, 260.0, 178.0
168, 399.0, 178.0
169, 392.0, 179.0
170, 454.0, 179.0
171, 228.0, 180.0
172, 283.0, 180.0
173, 288.0, 180.0
174, 387.0, 181.0
175, 365.0, 182.0
176, 581.0, 182.0
177, 63.0, 183.0
178, 240.0, 183.0
179, 290.0, 185.0
180, 481.0, 186.0
181, 278.0, 187.0
182, 450.0, 187.0
183, 437.0, 190.0
184, 469.0, 190.0
185, 611.0, 190.0
186, 619.0, 191.0
187, 229.0, 192.0
188, 445.0, 192.0
189, 88.0, 194.0
190, 111.0, 195.0
191, 289.0, 195.0
192, 409.0, 195.0
193, 467.0, 195.0
194, 284.0, 196.0
195, 344.0, 196.0
196, 34.0, 197.0
197, 477.0, 197.0
198, 241.0, 198.0
199, 445.0, 198.0
200, 64.0, 199.0
201, 730.0, 199.0
202, 424.0, 201.0
203, 458.0, 204.0
204, 274.0, 205.0
205, 259.0, 206.0
206, 444.0, 208.0
207, 96.0, 209.0
208, 291.0, 209.0
209, 418.0, 209.0
210, 437.0, 211.0
211, 474.0, 211.0
212, 490.0, 212.0
213, 234.0, 213.0
214, 239.0, 213.0
215, 661.0, 216.0
216, 715.0, 216.0
217, 492.0, 217.0
218, 363.0, 218.0
219, 420.0, 218.0
220, 410.0, 219.0
221, 484.0, 219.0
222, 497.0, 220.0
223, 397.0, 222.0
224, 312.0, 223.0
225, 327.0, 223.0
226, 446.0, 223.0
227, 42.0, 224.0
228, 34.0, 225.0
229, 292.0, 225.0
230, 425.0, 225.0
231, 498.0, 225.0
232, 403.0, 227.0
233, 413.0, 228.0
234, 669.0, 229.0
235, 475.0, 230.0
236, 498.0, 230.0
237, 114.0, 231.0
238, 168.0, 231.0
239, 326.0, 231.0
240, 158.0, 232.0
241, 239.0, 232.0
242, 434.0, 232.0
243, 149.0, 233.0
244, 382.0, 233.0
245, 404.0, 233.0
246, 423.0, 236.0
247, 444.0, 237.0
248, 174.0, 238.0
249, 194.0, 238.0
250, 324.0, 238.0
251, 117.0, 239.0
252, 140.0, 239.0
253, 484.0, 239.0
254, 336.0, 240.0
255, 489.0, 240.0
256, 495.0, 240.0
257, 507.0, 240.0
258, 281.0, 241.0
259, 375.0, 241.0
260, 174.0, 243.0
261, 428.0, 243.0
262, 151.0, 244.0
263, 292.0, 244.0
264, 404.0, 244.0
265, 418.0, 244.0
266, 433.0, 244.0
267, 394.0, 245.0
268, 30.0, 246.0
269, 161.0, 246.0
270, 441.0, 246.0
271, 117.0, 247.0
272, 203.0, 247.0
273, 456.0, 247.0
274, 139.0, 248.0
275, 379.0, 248.0
276, 341.0, 249.0
277, 190.0, 250.0
278, 335.0, 250.0
279, 241.0, 251.0
280, 395.0, 252.0
281, 474.0, 252.0
282, 124.0, 253.0
283, 483.0, 253.0
284, 41.0, 254.0
285, 449.0, 254.0
286, 66.0, 256.0
287, 232.0, 256.0
288, 385.0, 256.0
289, 400.0, 256.0
290, 156.0, 258.0
291, 185.0, 259.0
292, 227.0, 259.0
293, 393.0, 259.0
294, 449.0, 259.0
295, 495.0, 260.0
296, 205.0, 261.0
297, 419.0, 261.0
298, 459.0, 261.0
299, 474.0, 262.0
300, 156.0, 263.0
301, 172.0, 263.0
302, 407.0, 264.0
303, 39.0, 266.0
304, 335.0, 266.0
305, 474.0, 267.0
306, 494.0, 267.0
307, 119.0, 268.0
308, 482.0, 269.0
309, 74.0, 270.0
310, 450.0, 270.0
311, 473.0, 274.0
312, 101.0, 275.0
313, 417.0, 277.0
314, 456.0, 277.0
315, 384.0, 278.0
316, 189.0, 282.0
317, 537.0, 282.0
318, 527.0, 286.0
319, 471.0, 287.0
320, 180.0, 289.0
321, 491.0, 289.0
322, 514.0, 289.0
323, 123.0, 290.0
324, 462.0, 294.0
325, 122.0, 295.0
326, 536.0, 296.0
327, 106.0, 297.0
328, 448.0, 297.0
329, 527.0, 300.0
330, 165.0, 304.0
331, 165.0, 309.0
332, 42.0, 310.0
333, 543.0, 312.0
334, 39.0, 315.0
335, 127.0, 319.0
336, 466.0, 323.0
337, 625.0, 323.0
338, 110.0, 328.0
339, 166.0, 328.0
340, 218.0, 332.0
341, 615.0, 332.0
342, 169.0, 333.0
343, 186.0, 333.0
344, 447.0, 333.0
345, 452.0, 333.0
346, 174.0, 334.0
347, 465.0, 335.0
348, 158.0, 337.0
349, 575.0, 337.0
350, 127.0, 338.0
351, 474.0, 339.0
352, 391.0, 340.0
353, 459.0, 344.0
354, 167.0, 348.0
355, 131.0, 349.0
356, 203.0, 350.0
357, 483.0, 352.0
358, 189.0, 353.0
359, 622.0, 353.0
360, 453.0, 354.0
361, 496.0, 357.0
362, 175.0, 358.0
363, 114.0, 359.0
364, 245.0, 360.0
365, 279.0, 361.0
366, 473.0, 363.0
367, 167.0, 366.0
368, 214.0, 366.0
369, 237.0, 366.0
370, 610.0, 366.0
371, 83.0, 367.0
372, 449.0, 367.0
373, 208.0, 368.0
374, 615.0, 368.0
375, 643.0, 368.0
376, 134.0, 369.0
377, 158.0, 369.0
378, 593.0, 371.0
379, 111.0, 372.0
380, 495.0, 372.0
381, 581.0, 373.0
382, 82.0, 374.0
383, 205.0, 374.0
384, 576.0, 374.0
385, 145.0, 376.0
386, 568.0, 376.0
387, 245.0, 377.0
388, 441.0, 378.0
389, 500.0, 378.0
390, 81.0, 379.0
391, 124.0, 379.0
392, 552.0, 379.0
393, 236.0, 380.0
394, 411.0, 382.0
395, 262.0, 383.0
396, 475.0, 383.0
397, 489.0, 383.0
398, 139.0, 384.0
399, 49.0, 386.0
400, 129.0, 387.0
401, 525.0, 387.0
402, 425.0, 391.0
403, 127.0, 394.0
404, 440.0, 395.0
405, 470.0, 403.0
406, 237.0, 406.0
407, 489.0, 406.0
408, 506.0, 406.0
409, 439.0, 408.0
410, 542.0, 408.0
411, 492.0, 411.0
412, 476.0, 413.0
413, 548.0, 415.0
414, 91.0, 416.0
415, 535.0, 416.0
416, 460.0, 417.0
417, 82.0, 419.0
418, 76.0, 422.0
419, 502.0, 423.0
420, 483.0, 424.0
421, 416.0, 430.0
422, 468.0, 432.0
423, 208.0, 435.0
424, 186.0, 438.0
425, 563.0, 438.0
426, 536.0, 441.0
427, 501.0, 445.0
428, 681.0, 445.0
429, 571.0, 446.0
430, 467.0, 447.0
431, 478.0, 447.0
432, 712.0, 447.0
433, 71.0, 449.0
434, 126.0, 449.0
435, 558.0, 449.0
436, 64.0, 453.0
437, 690.0, 453.0
438, 539.0, 455.0
439, 56.0, 457.0
440, 466.0, 457.0
441, 568.0, 460.0
442, 550.0, 462.0
443, 699.0, 462.0
444, 171.0, 470.0
445, 176.0, 470.0
446, 585.0, 471.0
447, 740.0, 471.0
