0, 356.0, 10.0
1, 595.0, 26.0
2, 99.0, 35.0
3, 135.0, 35.0
4, 143.0, 35.0
5, 188.0, 35.0
6, 199.0, 35.0
7, 87.0, 36.0
8, 114.0, 36.0
9, 221.0, 36.0
10, 74.0, 37.0
11, 157.0, 37.0
12, 162.0, 37.0
13, 174.0, 37.0
14, 231.0, 37.0
15, 236.0, 39.0
16, 554.0, 39.0
17, 610.0, 39.0
18, 682.0, 39.0
19, 565.0, 40.0
20, 593.0, 40.0
21, 646.0, 40.0
22, 653.0, 40.0
23, 661.0, 40.0
24, 668.0, 40.0
25, 687.0, 40.0
26, 693.0, 40.0
27, 580.0, 41.0
28, 620.0, 41.0
29, 718.0, 41.0
30, 736.0, 41.0
31, 700.0, 42.0
32, 705.0, 42.0
33, 177.0, 44.0
34, 553.0, 44.0
35, 738.0, 46.0
36, 99.0, 47.0
37, 611.0, 47.0
38, 590.0, 49.0
39, 681.0, 50.0
40, 572.0, 53.0
41, 219.0, 57.0
42, 558.0, 57.0
43, 668.0, 59.0
44, 221.0, 69.0
45, 382.0, 73.0
46, 220.0, 74.0
47, 358.0, 75.0
48, 698.0, 76.0
49, 200.0, 81.0
50, 207.0, 82.0
51, 220.0, 82.0
52, 212.0, 87.0
53, 37.0, 91.0
54, 67.0, 91.0
55, 237.0, 102.0
56, 635.0, 102.0
57, 642.0, 102.0
58, 652.0, 102.0
59, 681.0, 102.0
60, 612.0, 103.0
61, 90.0, 104.0
62, 265.0, 104.0
63, 486.0, 104.0
64, 582.0, 104.0
65, 103.0, 105.0
66, 123.0, 105.0
67, 316.0, 105.0
68, 530.0, 105.0
69, 546.0, 105.0
70, 337.0, 106.0
71, 471.0, 106.0
72, 516.0, 106.0
73, 134.0, 108.0
74, 197.0, 108.0
75, 700.0, 108.0
76, 208.0, 109.0
77, 440.0, 109.0
78, 177.0, 110.0
79, 68.0, 112.0
80, 441.0, 114.0
81, 440.0, 120.0
82, 740.0, 126.0
83, 691.0, 127.0
84, 523.0, 128.0
85, 668.0, 130.0
86, 337.0, 131.0
87, 460.0, 137.0
88, 71.0, 138.0
89, 336.0, 138.0
90, 55.0, 143.0
91, 240.0, 145.0
92, 437.0, 145.0
93, 689.0, 145.0
94, 213.0, 148.0
95, 74.0, 150.0
96, 437.0, 150.0
97, 334.0, 151.0
98, 24.0, 158.0
99, 52.0, 160.0
100, 275.0, 163.0
101, 335.0, 163.0
102, 436.0, 163.0
103, 335.0, 168.0
104, 467.0, 168.0
105, 228.0, 171.0
106, 111.0, 172.0
107, 128.0, 173.0
108, 334.0, 173.0
109, 142.0, 175.0
110, 436.0, 175.0
111, 181.0, 179.0
112, 201.0, 180.0
113, 8.0, 182.0
114, 283.0, 183.0
115, 79.0, 186.0
116, 741.0, 192.0
117, 334.0, 200.0
118, 81.0, 201.0
119, 46.0, 202.0
120, 194.0, 203.0
121, 11.0, 204.0
122, 242.0, 205.0
123, 83.0, 208.0
124, 433.0, 210.0
125, 242.0, 213.0
126, 687.0, 213.0
127, 710.0, 214.0
128, 81.0, 216.0
129, 13.0, 218.0
130, 171.0, 218.0
131, 735.0, 218.0
132, 206.0, 220.0
133, 741.0, 221.0
134, 162.0, 222.0
135, 152.0, 223.0
136, 64.0, 225.0
137, 97.0, 226.0
138, 186.0, 226.0
139, 333.0, 227.0
140, 464.0, 227.0
141, 243.0, 228.0
142, 110.0, 229.0
143, 120.0, 230.0
144, 129.0, 230.0
145, 256.0, 231.0
146, 333.0, 232.0
147, 726.0, 232.0
148, 60.0, 233.0
149, 161.0, 233.0
150, 170.0, 235.0
151, 431.0, 236.0
152, 14.0, 237.0
153, 181.0, 237.0
154, 202.0, 239.0
155, 219.0, 239.0
156, 229.0, 239.0
157, 243.0, 239.0
158, 333.0, 239.0
159, 743.0, 240.0
160, 234.0, 241.0
161, 15.0, 245.0
162, 718.0, 245.0
163, 58.0, 246.0
164, 332.0, 250.0
165, 430.0, 250.0
166, 738.0, 250.0
167, 287.0, 251.0
168, 332.0, 255.0
169, 688.0, 256.0
170, 242.0, 257.0
171, 429.0, 257.0
172, 15.0, 260.0
173, 700.0, 262.0
174, 229.0, 264.0
175, 429.0, 265.0
176, 8.0, 266.0
177, 332.0, 267.0
178, 714.0, 267.0
179, 55.0, 268.0
180, 236.0, 272.0
181, 661.0, 272.0
182, 53.0, 273.0
183, 236.0, 277.0
184, 11.0, 278.0
185, 331.0, 278.0
186, 52.0, 281.0
187, 649.0, 281.0
188, 733.0, 281.0
189, 236.0, 282.0
190, 428.0, 283.0
191, 696.0, 283.0
192, 682.0, 284.0
193, 243.0, 286.0
194, 668.0, 286.0
195, 731.0, 286.0
196, 331.0, 287.0
197, 234.0, 288.0
198, 694.0, 288.0
199, 291.0, 292.0
200, 298.0, 293.0
201, 303.0, 293.0
202, 309.0, 294.0
203, 316.0, 295.0
204, 322.0, 296.0
205, 327.0, 296.0
206, 335.0, 297.0
207, 48.0, 298.0
208, 290.0, 301.0
209, 298.0, 301.0
210, 303.0, 302.0
211, 242.0, 303.0
212, 309.0, 303.0
213, 315.0, 303.0
214, 328.0, 305.0
215, 641.0, 305.0
216, 334.0, 307.0
217, 18.0, 308.0
218, 321.0, 308.0
219, 425.0, 308.0
220, 290.0, 309.0
221, 297.0, 309.0
222, 303.0, 309.0
223, 309.0, 310.0
224, 45.0, 311.0
225, 315.0, 311.0
226, 326.0, 312.0
227, 334.0, 312.0
228, 426.0, 313.0
229, 694.0, 314.0
230, 290.0, 315.0
231, 296.0, 316.0
232, 302.0, 317.0
233, 308.0, 317.0
234, 334.0, 317.0
235, 225.0, 318.0
236, 315.0, 319.0
237, 321.0, 319.0
238, 326.0, 320.0
239, 240.0, 322.0
240, 288.0, 322.0
241, 296.0, 323.0
242, 301.0, 324.0
243, 333.0, 324.0
244, 308.0, 325.0
245, 44.0, 326.0
246, 319.0, 327.0
247, 326.0, 327.0
248, 288.0, 330.0
249, 295.0, 330.0
250, 425.0, 330.0
251, 332.0, 331.0
252, 301.0, 332.0
253, 306.0, 332.0
254, 314.0, 333.0
255, 319.0, 333.0
256, 325.0, 335.0
257, 287.0, 337.0
258, 295.0, 338.0
259, 332.0, 339.0
260, 129.0, 340.0
261, 230.0, 340.0
262, 301.0, 340.0
263, 306.0, 340.0
264, 134.0, 341.0
265, 312.0, 341.0
266, 325.0, 341.0
267, 287.0, 342.0
268, 319.0, 342.0
269, 239.0, 345.0
270, 263.0, 346.0
271, 294.0, 346.0
272, 300.0, 346.0
273, 277.0, 347.0
274, 306.0, 347.0
275, 312.0, 348.0
276, 119.0, 349.0
277, 318.0, 349.0
278, 324.0, 349.0
279, 231.0, 350.0
280, 332.0, 350.0
281, 134.0, 352.0
282, 139.0, 352.0
283, 287.0, 352.0
284, 343.0, 353.0
285, 206.0, 354.0
286, 300.0, 355.0
287, 108.0, 356.0
288, 223.0, 356.0
289, 305.0, 356.0
290, 367.0, 356.0
291, 247.0, 357.0
292, 312.0, 357.0
293, 317.0, 357.0
294, 237.0, 358.0
295, 322.0, 358.0
296, 268.0, 359.0
297, 330.0, 359.0
298, 424.0, 359.0
299, 188.0, 360.0
300, 213.0, 363.0
301, 285.0, 364.0
302, 122.0, 366.0
303, 255.0, 368.0
304, 112.0, 369.0
305, 233.0, 371.0
306, 197.0, 372.0
307, 219.0, 372.0
308, 127.0, 374.0
309, 188.0, 374.0
310, 291.0, 374.0
311, 161.0, 375.0
312, 213.0, 377.0
313, 226.0, 377.0
314, 204.0, 378.0
315, 689.0, 378.0
316, 709.0, 378.0
317, 246.0, 382.0
318, 299.0, 382.0
319, 278.0, 383.0
320, 341.0, 385.0
321, 115.0, 386.0
322, 220.0, 386.0
323, 267.0, 386.0
324, 319.0, 386.0
325, 625.0, 387.0
326, 229.0, 388.0
327, 279.0, 388.0
328, 106.0, 389.0
329, 195.0, 389.0
330, 240.0, 389.0
331, 651.0, 389.0
332, 123.0, 390.0
333, 204.0, 390.0
334, 658.0, 390.0
335, 176.0, 391.0
336, 212.0, 391.0
337, 663.0, 391.0
338, 159.0, 392.0
339, 167.0, 393.0
340, 688.0, 393.0
341, 236.0, 394.0
342, 675.0, 394.0
343, 680.0, 394.0
344, 156.0, 397.0
345, 200.0, 397.0
346, 205.0, 397.0
347, 216.0, 397.0
348, 274.0, 398.0
349, 256.0, 399.0
350, 702.0, 399.0
351, 151.0, 400.0
352, 233.0, 400.0
353, 291.0, 400.0
354, 103.0, 401.0
355, 240.0, 401.0
356, 170.0, 402.0
357, 114.0, 403.0
358, 279.0, 404.0
359, 157.0, 405.0
360, 183.0, 406.0
361, 131.0, 408.0
362, 291.0, 408.0
363, 231.0, 409.0
364, 270.0, 409.0
365, 158.0, 410.0
366, 14.0, 411.0
367, 118.0, 411.0
368, 220.0, 411.0
369, 174.0, 412.0
370, 169.0, 413.0
371, 700.0, 414.0
372, 252.0, 415.0
373, 96.0, 416.0
374, 188.0, 416.0
375, 267.0, 416.0
376, 288.0, 416.0
377, 740.0, 417.0
378, 106.0, 421.0
379, 270.0, 421.0
380, 80.0, 422.0
381, 115.0, 422.0
382, 196.0, 422.0
383, 255.0, 422.0
384, 129.0, 423.0
385, 180.0, 424.0
386, 247.0, 424.0
387, 94.0, 426.0
388, 105.0, 426.0
389, 144.0, 426.0
390, 168.0, 427.0
391, 259.0, 427.0
392, 226.0, 428.0
393, 325.0, 429.0
394, 339.0, 431.0
395, 448.0, 431.0
396, 108.0, 433.0
397, 161.0, 433.0
398, 300.0, 433.0
399, 350.0, 433.0
400, 411.0, 433.0
401, 198.0, 434.0
402, 355.0, 434.0
403, 98.0, 437.0
404, 113.0, 438.0
405, 262.0, 439.0
406, 283.0, 439.0
407, 146.0, 440.0
408, 198.0, 440.0
409, 227.0, 440.0
410, 237.0, 440.0
411, 447.0, 440.0
412, 302.0, 441.0
413, 388.0, 441.0
414, 407.0, 441.0
415, 430.0, 441.0
416, 159.0, 442.0
417, 169.0, 442.0
418, 291.0, 442.0
419, 335.0, 442.0
420, 415.0, 442.0
421, 681.0, 442.0
422, 119.0, 444.0
423, 349.0, 444.0
424, 89.0, 445.0
425, 185.0, 445.0
426, 431.0, 446.0
427, 105.0, 447.0
428, 129.0, 448.0
429, 201.0, 448.0
430, 206.0, 448.0
431, 296.0, 448.0
432, 703.0, 449.0
433, 153.0, 450.0
434, 316.0, 450.0
435, 167.0, 451.0
436, 404.0, 451.0
437, 356.0, 452.0
438, 399.0, 452.0
439, 410.0, 452.0
440, 109.0, 453.0
441, 388.0, 453.0
442, 133.0, 454.0
443, 245.0, 454.0
444, 419.0, 454.0
445, 467.0, 454.0
446, 516.0, 454.0
447, 331.0, 455.0
448, 484.0, 455.0
449, 121.0, 456.0
450, 373.0, 456.0
451, 99.0, 457.0
452, 351.0, 458.0
453, 322.0, 459.0
454, 433.0, 459.0
455, 108.0, 460.0
456, 515.0, 460.0
457, 84.0, 461.0
458, 253.0, 461.0
459, 397.0, 461.0
460, 241.0, 462.0
461, 406.0, 462.0
462, 359.0, 463.0
463, 503.0, 463.0
464, 453.0, 464.0
465, 108.0, 465.0
466, 301.0, 465.0
467, 390.0, 465.0
468, 483.0, 465.0
469, 495.0, 465.0
470, 124.0, 466.0
471, 319.0, 466.0
472, 339.0, 466.0
473, 419.0, 466.0
474, 82.0, 467.0
475, 353.0, 467.0
476, 72.0, 468.0
477, 138.0, 468.0
478, 524.0, 468.0
479, 96.0, 469.0
480, 152.0, 470.0
481, 199.0, 470.0
482, 472.0, 470.0
483, 496.0, 470.0
484, 107.0, 471.0
485, 167.0, 471.0
486, 332.0, 471.0
487, 439.0, 471.0
488, 460.0, 471.0
489, 609.0, 471.0
