0, 166.0, 8.0
1, 508.0, 8.0
2, 151.0, 9.0
3, 609.0, 10.0
4, 685.0, 10.0
5, 133.0, 13.0
6, 477.0, 14.0
7, 482.0, 14.0
8, 622.0, 14.0
9, 119.0, 16.0
10, 567.0, 16.0
11, 610.0, 16.0
12, 109.0, 18.0
13, 471.0, 18.0
14, 541.0, 18.0
15, 94.0, 19.0
16, 463.0, 19.0
17, 167.0, 20.0
18, 610.0, 21.0
19, 504.0, 22.0
20, 525.0, 23.0
21, 574.0, 23.0
22, 682.0, 23.0
23, 621.0, 26.0
24, 49.0, 27.0
25, 156.0, 27.0
26, 554.0, 27.0
27, 37.0, 30.0
28, 549.0, 30.0
29, 615.0, 30.0
30, 171.0, 31.0
31, 125.0, 32.0
32, 158.0, 32.0
33, 21.0, 33.0
34, 618.0, 35.0
35, 565.0, 37.0
36, 678.0, 38.0
37, 194.0, 39.0
38, 480.0, 39.0
39, 519.0, 40.0
40, 587.0, 40.0
41, 175.0, 41.0
42, 529.0, 42.0
43, 508.0, 43.0
44, 727.0, 43.0
45, 676.0, 46.0
46, 618.0, 49.0
47, 674.0, 51.0
48, 487.0, 52.0
49, 492.0, 52.0
50, 526.0, 52.0
51, 474.0, 54.0
52, 482.0, 54.0
53, 501.0, 54.0
54, 133.0, 55.0
55, 570.0, 56.0
56, 673.0, 56.0
57, 182.0, 59.0
58, 135.0, 60.0
59, 392.0, 60.0
60, 615.0, 60.0
61, 13.0, 61.0
62, 454.0, 61.0
63, 459.0, 61.0
64, 504.0, 61.0
65, 374.0, 64.0
66, 449.0, 64.0
67, 233.0, 65.0
68, 615.0, 65.0
69, 36.0, 71.0
70, 435.0, 71.0
71, 669.0, 71.0
72, 17.0, 73.0
73, 509.0, 73.0
74, 185.0, 77.0
75, 236.0, 77.0
76, 39.0, 78.0
77, 616.0, 80.0
78, 667.0, 80.0
79, 13.0, 81.0
80, 310.0, 81.0
81, 239.0, 82.0
82, 441.0, 82.0
83, 42.0, 83.0
84, 173.0, 83.0
85, 550.0, 83.0
86, 15.0, 86.0
87, 239.0, 88.0
88, 46.0, 92.0
89, 437.0, 92.0
90, 617.0, 92.0
91, 177.0, 95.0
92, 662.0, 95.0
93, 518.0, 96.0
94, 8.0, 97.0
95, 75.0, 97.0
96, 162.0, 98.0
97, 10.0, 102.0
98, 50.0, 102.0
99, 549.0, 103.0
100, 79.0, 105.0
101, 314.0, 106.0
102, 502.0, 106.0
103, 446.0, 110.0
104, 437.0, 112.0
105, 574.0, 112.0
106, 294.0, 113.0
107, 556.0, 117.0
108, 569.0, 120.0
109, 142.0, 121.0
110, 170.0, 121.0
111, 415.0, 121.0
112, 576.0, 121.0
113, 449.0, 122.0
114, 444.0, 123.0
115, 684.0, 123.0
116, 689.0, 123.0
117, 672.0, 124.0
118, 679.0, 124.0
119, 695.0, 124.0
120, 567.0, 125.0
121, 245.0, 126.0
122, 435.0, 126.0
123, 559.0, 126.0
124, 144.0, 128.0
125, 237.0, 129.0
126, 231.0, 130.0
127, 399.0, 130.0
128, 226.0, 131.0
129, 583.0, 131.0
130, 727.0, 131.0
131, 300.0, 132.0
132, 64.0, 133.0
133, 151.0, 133.0
134, 191.0, 133.0
135, 416.0, 133.0
136, 421.0, 133.0
137, 411.0, 134.0
138, 145.0, 135.0
139, 434.0, 136.0
140, 635.0, 136.0
141, 13.0, 137.0
142, 564.0, 137.0
143, 535.0, 138.0
144, 450.0, 139.0
145, 527.0, 139.0
146, 654.0, 139.0
147, 67.0, 140.0
148, 197.0, 140.0
149, 434.0, 146.0
150, 180.0, 147.0
151, 18.0, 148.0
152, 527.0, 148.0
153, 511.0, 149.0
154, 306.0, 151.0
155, 453.0, 151.0
156, 596.0, 152.0
157, 622.0, 152.0
158, 45.0, 153.0
159, 160.0, 153.0
160, 610.0, 153.0
161, 73.0, 155.0
162, 459.0, 155.0
163, 438.0, 157.0
164, 142.0, 159.0
165, 485.0, 159.0
166, 597.0, 159.0
167, 573.0, 160.0
168, 48.0, 161.0
169, 349.0, 164.0
170, 51.0, 166.0
171, 117.0, 166.0
172, 583.0, 167.0
173, 408.0, 169.0
174, 575.0, 169.0
175, 104.0, 170.0
176, 109.0, 170.0
177, 512.0, 170.0
178, 462.0, 171.0
179, 99.0, 173.0
180, 418.0, 173.0
181, 520.0, 175.0
182, 314.0, 176.0
183, 529.0, 176.0
184, 84.0, 177.0
185, 544.0, 177.0
186, 575.0, 178.0
187, 35.0, 179.0
188, 136.0, 180.0
189, 519.0, 180.0
190, 415.0, 182.0
191, 553.0, 183.0
192, 60.0, 185.0
193, 321.0, 185.0
194, 314.0, 186.0
195, 551.0, 188.0
196, 584.0, 188.0
197, 386.0, 189.0
198, 517.0, 189.0
199, 594.0, 190.0
200, 606.0, 191.0
201, 616.0, 192.0
202, 374.0, 193.0
203, 544.0, 193.0
204, 22.0, 194.0
205, 27.0, 194.0
206, 319.0, 196.0
207, 743.0, 200.0
208, 337.0, 202.0
209, 527.0, 202.0
210, 588.0, 202.0
211, 321.0, 203.0
212, 601.0, 204.0
213, 350.0, 205.0
214, 367.0, 205.0
215, 563.0, 205.0
216, 742.0, 205.0
217, 593.0, 208.0
218, 323.0, 209.0
219, 598.0, 211.0
220, 332.0, 212.0
221, 362.0, 217.0
222, 353.0, 220.0
223, 326.0, 223.0
224, 334.0, 223.0
225, 534.0, 223.0
226, 417.0, 227.0
227, 349.0, 229.0
228, 569.0, 230.0
229, 339.0, 234.0
230, 327.0, 236.0
231, 706.0, 243.0
232, 723.0, 244.0
233, 298.0, 247.0
234, 289.0, 251.0
235, 537.0, 251.0
236, 291.0, 262.0
237, 291.0, 274.0
238, 25.0, 279.0
239, 12.0, 284.0
240, 295.0, 285.0
241, 29.0, 288.0
242, 18.0, 300.0
243, 314.0, 303.0
244, 26.0, 306.0
245, 19.0, 310.0
246, 45.0, 314.0
247, 26.0, 321.0
248, 51.0, 325.0
249, 8.0, 330.0
250, 33.0, 334.0
251, 111.0, 338.0
252, 45.0, 341.0
253, 14.0, 342.0
254, 60.0, 343.0
255, 160.0, 345.0
256, 207.0, 345.0
257, 114.0, 347.0
258, 22.0, 353.0
259, 38.0, 354.0
260, 69.0, 358.0
261, 96.0, 359.0
262, 14.0, 362.0
263, 28.0, 362.0
264, 34.0, 366.0
265, 51.0, 366.0
266, 32.0, 371.0
267, 403.0, 385.0
268, 720.0, 395.0
269, 715.0, 396.0
270, 743.0, 398.0
271, 625.0, 400.0
272, 645.0, 400.0
273, 439.0, 405.0
274, 464.0, 413.0
275, 453.0, 415.0
276, 697.0, 416.0
277, 293.0, 420.0
278, 450.0, 420.0
279, 453.0, 427.0
280, 464.0, 430.0
281, 155.0, 437.0
282, 23.0, 451.0
283, 202.0, 452.0
284, 543.0, 466.0
