0, 491.0, 8.0
1, 195.0, 19.0
2, 88.0, 21.0
3, 207.0, 21.0
4, 106.0, 24.0
5, 323.0, 24.0
6, 14.0, 25.0
7, 296.0, 25.0
8, 301.0, 25.0
9, 318.0, 26.0
10, 443.0, 29.0
11, 320.0, 35.0
12, 332.0, 35.0
13, 447.0, 36.0
14, 497.0, 38.0
15, 446.0, 41.0
16, 312.0, 48.0
17, 479.0, 53.0
18, 318.0, 58.0
19, 420.0, 60.0
20, 438.0, 61.0
21, 319.0, 66.0
22, 348.0, 66.0
23, 301.0, 69.0
24, 314.0, 72.0
25, 201.0, 75.0
26, 440.0, 79.0
27, 315.0, 80.0
28, 315.0, 85.0
29, 440.0, 87.0
30, 402.0, 88.0
31, 294.0, 91.0
32, 346.0, 92.0
33, 440.0, 93.0
34, 316.0, 95.0
35, 439.0, 98.0
36, 482.0, 98.0
37, 315.0, 102.0
38, 117.0, 104.0
39, 287.0, 105.0
40, 315.0, 107.0
41, 436.0, 112.0
42, 255.0, 122.0
43, 488.0, 123.0
44, 287.0, 127.0
45, 315.0, 128.0
46, 314.0, 134.0
47, 435.0, 137.0
48, 314.0, 139.0
49, 314.0, 144.0
50, 210.0, 149.0
51, 314.0, 149.0
52, 205.0, 150.0
53, 293.0, 151.0
54, 15.0, 152.0
55, 298.0, 152.0
56, 434.0, 152.0
57, 314.0, 154.0
58, 315.0, 159.0
59, 211.0, 162.0
60, 16.0, 164.0
61, 314.0, 165.0
62, 65.0, 170.0
63, 194.0, 171.0
64, 314.0, 171.0
65, 415.0, 171.0
66, 114.0, 172.0
67, 211.0, 172.0
68, 483.0, 174.0
69, 37.0, 176.0
70, 48.0, 176.0
71, 315.0, 176.0
72, 42.0, 177.0
73, 70.0, 180.0
74, 222.0, 182.0
75, 213.0, 183.0
76, 113.0, 185.0
77, 123.0, 186.0
78, 276.0, 186.0
79, 313.0, 186.0
80, 431.0, 186.0
81, 133.0, 189.0
82, 154.0, 191.0
83, 160.0, 191.0
84, 206.0, 191.0
85, 315.0, 191.0
86, 197.0, 195.0
87, 313.0, 198.0
88, 479.0, 199.0
89, 429.0, 202.0
90, 213.0, 204.0
91, 258.0, 205.0
92, 314.0, 205.0
93, 429.0, 207.0
94, 313.0, 210.0
95, 204.0, 212.0
96, 213.0, 213.0
97, 428.0, 214.0
98, 406.0, 216.0
99, 318.0, 217.0
100, 388.0, 220.0
101, 192.0, 221.0
102, 212.0, 222.0
103, 428.0, 222.0
104, 303.0, 223.0
105, 314.0, 225.0
106, 202.0, 229.0
107, 191.0, 233.0
108, 201.0, 234.0
109, 212.0, 234.0
110, 312.0, 234.0
111, 33.0, 236.0
112, 200.0, 240.0
113, 313.0, 242.0
114, 426.0, 243.0
115, 715.0, 243.0
116, 213.0, 245.0
117, 315.0, 247.0
118, 265.0, 253.0
119, 721.0, 254.0
120, 274.0, 255.0
121, 285.0, 256.0
122, 292.0, 257.0
123, 299.0, 257.0
124, 213.0, 258.0
125, 311.0, 259.0
126, 320.0, 260.0
127, 264.0, 263.0
128, 275.0, 264.0
129, 281.0, 265.0
130, 286.0, 265.0
131, 213.0, 266.0
132, 292.0, 266.0
133, 298.0, 267.0
134, 303.0, 267.0
135, 264.0, 268.0
136, 309.0, 268.0
137, 319.0, 269.0
138, 701.0, 270.0
139, 423.0, 271.0
140, 273.0, 273.0
141, 278.0, 273.0
142, 284.0, 273.0
143, 289.0, 274.0
144, 341.0, 274.0
145, 263.0, 275.0
146, 294.0, 275.0
147, 302.0, 276.0
148, 309.0, 277.0
149, 423.0, 277.0
150, 318.0, 278.0
151, 263.0, 280.0
152, 334.0, 280.0
153, 273.0, 281.0
154, 282.0, 282.0
155, 734.0, 282.0
156, 287.0, 283.0
157, 190.0, 284.0
158, 294.0, 284.0
159, 308.0, 285.0
160, 318.0, 286.0
161, 212.0, 287.0
162, 170.0, 288.0
163, 263.0, 288.0
164, 300.0, 288.0
165, 271.0, 289.0
166, 276.0, 289.0
167, 283.0, 291.0
168, 294.0, 292.0
169, 300.0, 293.0
170, 308.0, 294.0
171, 317.0, 295.0
172, 262.0, 296.0
173, 272.0, 297.0
174, 277.0, 298.0
175, 422.0, 298.0
176, 282.0, 299.0
177, 287.0, 300.0
178, 293.0, 300.0
179, 299.0, 301.0
180, 307.0, 302.0
181, 317.0, 303.0
182, 262.0, 305.0
183, 195.0, 306.0
184, 272.0, 306.0
185, 277.0, 307.0
186, 286.0, 308.0
187, 200.0, 309.0
188, 297.0, 309.0
189, 83.0, 310.0
190, 466.0, 310.0
191, 88.0, 311.0
192, 307.0, 311.0
193, 420.0, 311.0
194, 205.0, 312.0
195, 316.0, 312.0
196, 210.0, 313.0
197, 292.0, 313.0
198, 271.0, 314.0
199, 280.0, 316.0
200, 285.0, 316.0
201, 200.0, 318.0
202, 298.0, 318.0
203, 306.0, 319.0
204, 311.0, 319.0
205, 64.0, 320.0
206, 316.0, 320.0
207, 262.0, 321.0
208, 90.0, 323.0
209, 332.0, 323.0
210, 276.0, 324.0
211, 170.0, 325.0
212, 315.0, 325.0
213, 285.0, 326.0
214, 290.0, 326.0
215, 358.0, 326.0
216, 298.0, 327.0
217, 56.0, 328.0
218, 188.0, 328.0
219, 219.0, 328.0
220, 303.0, 328.0
221, 464.0, 328.0
222, 420.0, 329.0
223, 80.0, 330.0
224, 203.0, 330.0
225, 241.0, 330.0
226, 314.0, 330.0
227, 148.0, 333.0
228, 178.0, 336.0
229, 261.0, 336.0
230, 78.0, 339.0
231, 202.0, 339.0
232, 227.0, 342.0
233, 62.0, 344.0
234, 52.0, 346.0
235, 158.0, 346.0
236, 180.0, 346.0
237, 199.0, 346.0
238, 148.0, 347.0
239, 266.0, 347.0
240, 74.0, 351.0
241, 112.0, 352.0
242, 145.0, 352.0
243, 189.0, 352.0
244, 50.0, 353.0
245, 135.0, 354.0
246, 165.0, 354.0
247, 174.0, 356.0
248, 251.0, 357.0
249, 69.0, 358.0
250, 276.0, 358.0
251, 47.0, 359.0
252, 314.0, 361.0
253, 319.0, 361.0
254, 325.0, 361.0
255, 672.0, 361.0
256, 302.0, 363.0
257, 182.0, 364.0
258, 192.0, 365.0
259, 58.0, 366.0
260, 708.0, 367.0
261, 43.0, 368.0
262, 151.0, 369.0
263, 156.0, 369.0
264, 67.0, 370.0
265, 219.0, 370.0
266, 128.0, 372.0
267, 40.0, 373.0
268, 199.0, 375.0
269, 211.0, 375.0
270, 221.0, 375.0
271, 730.0, 375.0
272, 107.0, 376.0
273, 250.0, 376.0
274, 144.0, 377.0
275, 161.0, 379.0
276, 176.0, 379.0
277, 243.0, 380.0
278, 195.0, 381.0
279, 324.0, 381.0
280, 49.0, 382.0
281, 226.0, 382.0
282, 206.0, 383.0
283, 36.0, 385.0
284, 95.0, 385.0
285, 58.0, 387.0
286, 119.0, 387.0
287, 305.0, 387.0
288, 727.0, 389.0
289, 48.0, 390.0
290, 137.0, 391.0
291, 33.0, 392.0
292, 268.0, 392.0
293, 132.0, 393.0
294, 193.0, 393.0
295, 230.0, 393.0
296, 74.0, 394.0
297, 188.0, 394.0
298, 213.0, 395.0
299, 182.0, 396.0
300, 249.0, 396.0
301, 57.0, 397.0
302, 126.0, 398.0
303, 107.0, 399.0
304, 112.0, 399.0
305, 261.0, 402.0
306, 28.0, 403.0
307, 442.0, 403.0
308, 237.0, 404.0
309, 23.0, 406.0
310, 442.0, 408.0
311, 239.0, 409.0
312, 264.0, 409.0
313, 8.0, 411.0
314, 51.0, 411.0
315, 147.0, 413.0
316, 210.0, 413.0
317, 66.0, 414.0
318, 498.0, 415.0
319, 93.0, 416.0
320, 159.0, 416.0
321, 223.0, 416.0
322, 399.0, 416.0
323, 88.0, 417.0
324, 304.0, 417.0
325, 22.0, 418.0
326, 405.0, 418.0
327, 111.0, 419.0
328, 197.0, 420.0
329, 439.0, 420.0
330, 447.0, 420.0
331, 81.0, 421.0
332, 146.0, 421.0
333, 332.0, 422.0
334, 248.0, 423.0
335, 337.0, 423.0
336, 710.0, 423.0
337, 275.0, 424.0
338, 715.0, 425.0
339, 27.0, 426.0
340, 45.0, 426.0
341, 122.0, 427.0
342, 190.0, 427.0
343, 107.0, 428.0
344, 202.0, 428.0
345, 400.0, 428.0
346, 426.0, 429.0
347, 448.0, 429.0
348, 228.0, 430.0
349, 410.0, 430.0
350, 315.0, 431.0
351, 374.0, 431.0
352, 31.0, 433.0
353, 275.0, 433.0
354, 432.0, 433.0
355, 185.0, 434.0
356, 197.0, 434.0
357, 263.0, 434.0
358, 736.0, 434.0
359, 18.0, 436.0
360, 175.0, 436.0
361, 85.0, 437.0
362, 152.0, 437.0
363, 112.0, 438.0
364, 433.0, 438.0
365, 117.0, 439.0
366, 26.0, 441.0
367, 53.0, 441.0
368, 134.0, 441.0
369, 385.0, 442.0
370, 330.0, 443.0
371, 14.0, 444.0
372, 47.0, 444.0
373, 196.0, 444.0
374, 279.0, 444.0
375, 291.0, 444.0
376, 395.0, 444.0
377, 155.0, 445.0
378, 160.0, 445.0
379, 38.0, 446.0
380, 66.0, 446.0
381, 376.0, 446.0
382, 471.0, 446.0
383, 340.0, 447.0
384, 415.0, 448.0
385, 491.0, 448.0
386, 93.0, 449.0
387, 110.0, 450.0
388, 360.0, 450.0
389, 461.0, 451.0
390, 431.0, 452.0
391, 203.0, 453.0
392, 389.0, 453.0
393, 491.0, 453.0
394, 527.0, 453.0
395, 333.0, 454.0
396, 10.0, 456.0
397, 299.0, 456.0
398, 28.0, 457.0
399, 52.0, 457.0
400, 399.0, 458.0
401, 511.0, 458.0
402, 343.0, 459.0
403, 368.0, 459.0
404, 455.0, 459.0
405, 215.0, 460.0
406, 427.0, 460.0
407, 503.0, 460.0
408, 416.0, 461.0
409, 484.0, 461.0
410, 492.0, 461.0
411, 20.0, 462.0
412, 35.0, 462.0
413, 8.0, 463.0
414, 198.0, 463.0
415, 537.0, 463.0
416, 273.0, 465.0
417, 294.0, 465.0
418, 336.0, 465.0
419, 477.0, 466.0
420, 461.0, 468.0
421, 30.0, 470.0
422, 440.0, 470.0
423, 53.0, 471.0
424, 242.0, 471.0
425, 308.0, 471.0
426, 328.0, 471.0
427, 397.0, 471.0
428, 407.0, 471.0
429, 518.0, 471.0
430, 638.0, 471.0
