0, 596.0, 10.0
1, 612.0, 11.0
2, 269.0, 15.0
3, 620.0, 16.0
4, 98.0, 20.0
5, 269.0, 20.0
6, 365.0, 24.0
7, 594.0, 25.0
8, 609.0, 25.0
9, 337.0, 26.0
10, 450.0, 27.0
11, 365.0, 32.0
12, 450.0, 32.0
13, 553.0, 32.0
14, 75.0, 35.0
15, 270.0, 35.0
16, 573.0, 36.0
17, 591.0, 36.0
18, 617.0, 36.0
19, 713.0, 36.0
20, 365.0, 38.0
21, 76.0, 40.0
22, 270.0, 40.0
23, 448.0, 40.0
24, 712.0, 41.0
25, 366.0, 43.0
26, 270.0, 45.0
27, 76.0, 46.0
28, 551.0, 49.0
29, 561.0, 49.0
30, 127.0, 50.0
31, 366.0, 50.0
32, 117.0, 52.0
33, 122.0, 52.0
34, 570.0, 53.0
35, 105.0, 54.0
36, 209.0, 57.0
37, 223.0, 58.0
38, 79.0, 60.0
39, 366.0, 60.0
40, 594.0, 61.0
41, 734.0, 63.0
42, 593.0, 66.0
43, 548.0, 67.0
44, 559.0, 68.0
45, 567.0, 69.0
46, 366.0, 71.0
47, 593.0, 71.0
48, 271.0, 76.0
49, 366.0, 76.0
50, 447.0, 79.0
51, 272.0, 81.0
52, 366.0, 81.0
53, 128.0, 83.0
54, 447.0, 84.0
55, 546.0, 84.0
56, 556.0, 85.0
57, 564.0, 85.0
58, 251.0, 87.0
59, 153.0, 88.0
60, 366.0, 88.0
61, 543.0, 94.0
62, 563.0, 95.0
63, 273.0, 96.0
64, 699.0, 97.0
65, 590.0, 98.0
66, 595.0, 98.0
67, 135.0, 102.0
68, 273.0, 103.0
69, 154.0, 104.0
70, 74.0, 107.0
71, 273.0, 110.0
72, 365.0, 112.0
73, 684.0, 115.0
74, 723.0, 115.0
75, 93.0, 116.0
76, 155.0, 116.0
77, 640.0, 118.0
78, 274.0, 120.0
79, 620.0, 120.0
80, 177.0, 125.0
81, 366.0, 127.0
82, 658.0, 127.0
83, 157.0, 128.0
84, 274.0, 128.0
85, 720.0, 132.0
86, 274.0, 133.0
87, 365.0, 133.0
88, 626.0, 133.0
89, 352.0, 137.0
90, 275.0, 138.0
91, 142.0, 139.0
92, 640.0, 139.0
93, 158.0, 140.0
94, 366.0, 140.0
95, 99.0, 141.0
96, 671.0, 141.0
97, 36.0, 143.0
98, 83.0, 143.0
99, 275.0, 143.0
100, 336.0, 143.0
101, 15.0, 144.0
102, 222.0, 146.0
103, 628.0, 151.0
104, 162.0, 152.0
105, 647.0, 153.0
106, 366.0, 156.0
107, 673.0, 157.0
108, 276.0, 158.0
109, 656.0, 159.0
110, 182.0, 161.0
111, 164.0, 163.0
112, 615.0, 165.0
113, 277.0, 168.0
114, 162.0, 169.0
115, 637.0, 171.0
116, 680.0, 172.0
117, 277.0, 173.0
118, 166.0, 174.0
119, 679.0, 177.0
120, 278.0, 179.0
121, 365.0, 179.0
122, 656.0, 179.0
123, 707.0, 180.0
124, 167.0, 181.0
125, 159.0, 182.0
126, 575.0, 182.0
127, 366.0, 184.0
128, 584.0, 184.0
129, 168.0, 186.0
130, 715.0, 186.0
131, 288.0, 188.0
132, 531.0, 188.0
133, 274.0, 189.0
134, 280.0, 189.0
135, 349.0, 189.0
136, 168.0, 191.0
137, 260.0, 191.0
138, 268.0, 191.0
139, 549.0, 191.0
140, 254.0, 192.0
141, 238.0, 193.0
142, 246.0, 193.0
143, 530.0, 193.0
144, 263.0, 196.0
145, 289.0, 197.0
146, 573.0, 197.0
147, 582.0, 197.0
148, 281.0, 198.0
149, 695.0, 198.0
150, 268.0, 199.0
151, 276.0, 199.0
152, 170.0, 200.0
153, 257.0, 201.0
154, 262.0, 201.0
155, 247.0, 202.0
156, 239.0, 204.0
157, 367.0, 204.0
158, 290.0, 205.0
159, 574.0, 205.0
160, 255.0, 206.0
161, 283.0, 206.0
162, 301.0, 206.0
163, 276.0, 207.0
164, 261.0, 208.0
165, 269.0, 208.0
166, 527.0, 209.0
167, 249.0, 210.0
168, 240.0, 212.0
169, 291.0, 212.0
170, 261.0, 213.0
171, 171.0, 214.0
172, 283.0, 214.0
173, 317.0, 214.0
174, 366.0, 214.0
175, 277.0, 215.0
176, 269.0, 216.0
177, 644.0, 216.0
178, 649.0, 217.0
179, 260.0, 218.0
180, 250.0, 219.0
181, 284.0, 219.0
182, 241.0, 220.0
183, 275.0, 220.0
184, 668.0, 220.0
185, 346.0, 221.0
186, 534.0, 221.0
187, 292.0, 222.0
188, 526.0, 222.0
189, 173.0, 224.0
190, 281.0, 224.0
191, 556.0, 224.0
192, 264.0, 225.0
193, 269.0, 225.0
194, 367.0, 225.0
195, 690.0, 225.0
196, 258.0, 226.0
197, 251.0, 227.0
198, 173.0, 229.0
199, 242.0, 229.0
200, 273.0, 230.0
201, 612.0, 232.0
202, 266.0, 234.0
203, 173.0, 235.0
204, 253.0, 237.0
205, 561.0, 237.0
206, 511.0, 240.0
207, 654.0, 240.0
208, 694.0, 240.0
209, 174.0, 241.0
210, 521.0, 242.0
211, 244.0, 243.0
212, 572.0, 243.0
213, 438.0, 244.0
214, 316.0, 245.0
215, 582.0, 245.0
216, 588.0, 245.0
217, 539.0, 246.0
218, 577.0, 246.0
219, 176.0, 247.0
220, 562.0, 247.0
221, 641.0, 247.0
222, 550.0, 248.0
223, 614.0, 248.0
224, 619.0, 248.0
225, 594.0, 249.0
226, 462.0, 250.0
227, 467.0, 250.0
228, 657.0, 251.0
229, 220.0, 252.0
230, 543.0, 253.0
231, 613.0, 253.0
232, 556.0, 254.0
233, 634.0, 255.0
234, 697.0, 255.0
235, 482.0, 256.0
236, 668.0, 257.0
237, 596.0, 258.0
238, 711.0, 258.0
239, 585.0, 260.0
240, 613.0, 260.0
241, 657.0, 260.0
242, 728.0, 260.0
243, 199.0, 261.0
244, 627.0, 263.0
245, 280.0, 264.0
246, 553.0, 265.0
247, 447.0, 266.0
248, 570.0, 266.0
249, 738.0, 266.0
250, 602.0, 267.0
251, 706.0, 268.0
252, 178.0, 269.0
253, 534.0, 269.0
254, 614.0, 269.0
255, 636.0, 269.0
256, 647.0, 273.0
257, 652.0, 273.0
258, 689.0, 275.0
259, 718.0, 275.0
260, 618.0, 277.0
261, 678.0, 278.0
262, 629.0, 279.0
263, 580.0, 280.0
264, 620.0, 289.0
265, 625.0, 291.0
266, 685.0, 293.0
267, 650.0, 294.0
268, 700.0, 294.0
269, 715.0, 297.0
270, 701.0, 301.0
271, 727.0, 303.0
272, 138.0, 306.0
273, 702.0, 306.0
274, 742.0, 317.0
275, 13.0, 324.0
276, 18.0, 332.0
277, 675.0, 371.0
278, 457.0, 396.0
279, 322.0, 424.0
280, 721.0, 450.0
281, 177.0, 471.0
