0, 123.0, 8.0
1, 206.0, 12.0
2, 221.0, 13.0
3, 674.0, 14.0
4, 697.0, 14.0
5, 319.0, 18.0
6, 334.0, 19.0
7, 307.0, 20.0
8, 648.0, 20.0
9, 298.0, 21.0
10, 127.0, 25.0
11, 288.0, 25.0
12, 347.0, 26.0
13, 330.0, 27.0
14, 300.0, 30.0
15, 355.0, 30.0
16, 523.0, 30.0
17, 529.0, 30.0
18, 293.0, 31.0
19, 518.0, 31.0
20, 540.0, 32.0
21, 327.0, 35.0
22, 298.0, 37.0
23, 534.0, 41.0
24, 289.0, 44.0
25, 533.0, 46.0
26, 731.0, 47.0
27, 692.0, 51.0
28, 453.0, 53.0
29, 284.0, 55.0
30, 130.0, 56.0
31, 452.0, 58.0
32, 245.0, 61.0
33, 303.0, 61.0
34, 253.0, 62.0
35, 498.0, 67.0
36, 159.0, 71.0
37, 291.0, 72.0
38, 276.0, 73.0
39, 244.0, 74.0
40, 284.0, 75.0
41, 312.0, 75.0
42, 266.0, 77.0
43, 582.0, 78.0
44, 252.0, 81.0
45, 324.0, 83.0
46, 361.0, 85.0
47, 85.0, 86.0
48, 333.0, 86.0
49, 276.0, 89.0
50, 290.0, 89.0
51, 305.0, 89.0
52, 447.0, 89.0
53, 134.0, 90.0
54, 139.0, 90.0
55, 579.0, 90.0
56, 97.0, 92.0
57, 257.0, 94.0
58, 289.0, 100.0
59, 666.0, 101.0
60, 98.0, 104.0
61, 110.0, 104.0
62, 244.0, 104.0
63, 118.0, 105.0
64, 252.0, 105.0
65, 87.0, 106.0
66, 289.0, 109.0
67, 109.0, 112.0
68, 556.0, 112.0
69, 98.0, 113.0
70, 444.0, 113.0
71, 575.0, 113.0
72, 290.0, 114.0
73, 235.0, 118.0
74, 404.0, 118.0
75, 443.0, 118.0
76, 210.0, 119.0
77, 223.0, 119.0
78, 246.0, 119.0
79, 632.0, 119.0
80, 197.0, 121.0
81, 429.0, 122.0
82, 100.0, 125.0
83, 340.0, 126.0
84, 130.0, 127.0
85, 251.0, 129.0
86, 89.0, 130.0
87, 144.0, 130.0
88, 260.0, 131.0
89, 242.0, 132.0
90, 415.0, 132.0
91, 251.0, 134.0
92, 90.0, 135.0
93, 65.0, 137.0
94, 286.0, 137.0
95, 628.0, 137.0
96, 660.0, 137.0
97, 440.0, 139.0
98, 681.0, 139.0
99, 702.0, 140.0
100, 249.0, 141.0
101, 301.0, 141.0
102, 421.0, 141.0
103, 254.0, 142.0
104, 144.0, 143.0
105, 479.0, 143.0
106, 309.0, 145.0
107, 85.0, 146.0
108, 97.0, 146.0
109, 281.0, 146.0
110, 123.0, 148.0
111, 145.0, 149.0
112, 483.0, 149.0
113, 85.0, 151.0
114, 256.0, 151.0
115, 678.0, 151.0
116, 250.0, 159.0
117, 133.0, 165.0
118, 601.0, 165.0
119, 244.0, 168.0
120, 253.0, 168.0
121, 456.0, 169.0
122, 116.0, 172.0
123, 68.0, 174.0
124, 8.0, 175.0
125, 162.0, 177.0
126, 104.0, 178.0
127, 599.0, 178.0
128, 170.0, 179.0
129, 126.0, 180.0
130, 175.0, 180.0
131, 509.0, 180.0
132, 134.0, 181.0
133, 180.0, 181.0
134, 238.0, 181.0
135, 185.0, 182.0
136, 619.0, 183.0
137, 190.0, 184.0
138, 246.0, 184.0
139, 227.0, 188.0
140, 203.0, 189.0
141, 108.0, 191.0
142, 214.0, 191.0
143, 607.0, 191.0
144, 124.0, 193.0
145, 242.0, 194.0
146, 254.0, 194.0
147, 224.0, 196.0
148, 140.0, 201.0
149, 258.0, 203.0
150, 269.0, 203.0
151, 108.0, 206.0
152, 354.0, 206.0
153, 597.0, 208.0
154, 613.0, 208.0
155, 273.0, 209.0
156, 283.0, 209.0
157, 9.0, 210.0
158, 149.0, 210.0
159, 108.0, 211.0
160, 556.0, 211.0
161, 156.0, 213.0
162, 296.0, 214.0
163, 281.0, 216.0
164, 678.0, 216.0
165, 127.0, 218.0
166, 155.0, 218.0
167, 75.0, 219.0
168, 92.0, 219.0
169, 252.0, 219.0
170, 116.0, 220.0
171, 610.0, 221.0
172, 14.0, 225.0
173, 83.0, 227.0
174, 602.0, 228.0
175, 57.0, 229.0
176, 40.0, 231.0
177, 92.0, 233.0
178, 74.0, 234.0
179, 424.0, 235.0
180, 60.0, 237.0
181, 122.0, 237.0
182, 682.0, 238.0
183, 129.0, 239.0
184, 42.0, 240.0
185, 23.0, 241.0
186, 114.0, 241.0
187, 652.0, 241.0
188, 704.0, 241.0
189, 11.0, 242.0
190, 316.0, 243.0
191, 259.0, 244.0
192, 74.0, 245.0
193, 268.0, 247.0
194, 49.0, 248.0
195, 93.0, 248.0
196, 190.0, 249.0
197, 85.0, 250.0
198, 195.0, 250.0
199, 24.0, 251.0
200, 200.0, 253.0
201, 11.0, 254.0
202, 646.0, 255.0
203, 38.0, 256.0
204, 151.0, 256.0
205, 26.0, 257.0
206, 292.0, 257.0
207, 404.0, 259.0
208, 420.0, 262.0
209, 15.0, 263.0
210, 39.0, 264.0
211, 95.0, 264.0
212, 264.0, 264.0
213, 158.0, 265.0
214, 26.0, 266.0
215, 76.0, 267.0
216, 271.0, 267.0
217, 144.0, 268.0
218, 232.0, 268.0
219, 445.0, 270.0
220, 54.0, 271.0
221, 243.0, 271.0
222, 399.0, 272.0
223, 41.0, 273.0
224, 461.0, 273.0
225, 23.0, 275.0
226, 28.0, 275.0
227, 241.0, 276.0
228, 269.0, 276.0
229, 14.0, 277.0
230, 177.0, 277.0
231, 474.0, 277.0
232, 479.0, 278.0
233, 397.0, 280.0
234, 278.0, 282.0
235, 488.0, 282.0
236, 187.0, 284.0
237, 248.0, 284.0
238, 581.0, 284.0
239, 259.0, 285.0
240, 396.0, 285.0
241, 493.0, 285.0
242, 237.0, 286.0
243, 498.0, 286.0
244, 503.0, 287.0
245, 271.0, 288.0
246, 395.0, 290.0
247, 279.0, 292.0
248, 527.0, 295.0
249, 638.0, 295.0
250, 583.0, 298.0
251, 255.0, 299.0
252, 273.0, 300.0
253, 217.0, 303.0
254, 302.0, 304.0
255, 391.0, 306.0
256, 262.0, 307.0
257, 201.0, 309.0
258, 252.0, 310.0
259, 576.0, 310.0
260, 161.0, 311.0
261, 227.0, 311.0
262, 174.0, 313.0
263, 239.0, 316.0
264, 271.0, 316.0
265, 591.0, 316.0
266, 634.0, 317.0
267, 262.0, 319.0
268, 292.0, 319.0
269, 386.0, 321.0
270, 612.0, 322.0
271, 726.0, 322.0
272, 170.0, 323.0
273, 277.0, 323.0
274, 221.0, 325.0
275, 620.0, 325.0
276, 625.0, 326.0
277, 295.0, 329.0
278, 260.0, 330.0
279, 247.0, 331.0
280, 307.0, 334.0
281, 205.0, 335.0
282, 263.0, 335.0
283, 289.0, 335.0
284, 279.0, 336.0
285, 284.0, 336.0
286, 322.0, 336.0
287, 298.0, 338.0
288, 203.0, 340.0
289, 666.0, 340.0
290, 330.0, 342.0
291, 215.0, 343.0
292, 723.0, 343.0
293, 310.0, 344.0
294, 201.0, 345.0
295, 353.0, 346.0
296, 382.0, 346.0
297, 340.0, 348.0
298, 361.0, 349.0
299, 695.0, 349.0
300, 229.0, 351.0
301, 213.0, 352.0
302, 332.0, 355.0
303, 346.0, 355.0
304, 229.0, 356.0
305, 720.0, 356.0
306, 337.0, 357.0
307, 327.0, 360.0
308, 346.0, 360.0
309, 378.0, 360.0
310, 227.0, 361.0
311, 138.0, 367.0
312, 361.0, 367.0
313, 125.0, 368.0
314, 343.0, 368.0
315, 130.0, 371.0
316, 375.0, 371.0
317, 133.0, 376.0
318, 146.0, 380.0
319, 367.0, 380.0
320, 132.0, 384.0
321, 339.0, 384.0
322, 155.0, 390.0
323, 371.0, 390.0
324, 141.0, 395.0
325, 175.0, 405.0
326, 365.0, 411.0
327, 174.0, 415.0
328, 186.0, 419.0
329, 178.0, 422.0
330, 93.0, 423.0
331, 167.0, 423.0
332, 194.0, 426.0
333, 103.0, 427.0
334, 91.0, 428.0
335, 182.0, 431.0
336, 108.0, 434.0
337, 206.0, 438.0
338, 121.0, 439.0
339, 409.0, 440.0
340, 101.0, 444.0
341, 205.0, 446.0
342, 93.0, 447.0
343, 202.0, 452.0
344, 113.0, 455.0
345, 118.0, 455.0
346, 123.0, 455.0
347, 102.0, 459.0
348, 214.0, 459.0
349, 185.0, 463.0
350, 397.0, 467.0
351, 108.0, 470.0
352, 210.0, 470.0
