0, 11.0, 8.0
1, 430.0, 8.0
2, 332.0, 9.0
3, 520.0, 10.0
4, 440.0, 11.0
5, 563.0, 11.0
6, 192.0, 15.0
7, 107.0, 16.0
8, 441.0, 16.0
9, 568.0, 16.0
10, 19.0, 17.0
11, 116.0, 17.0
12, 126.0, 17.0
13, 135.0, 17.0
14, 480.0, 17.0
15, 519.0, 19.0
16, 466.0, 20.0
17, 501.0, 20.0
18, 568.0, 21.0
19, 567.0, 26.0
20, 593.0, 26.0
21, 176.0, 27.0
22, 192.0, 29.0
23, 204.0, 31.0
24, 592.0, 31.0
25, 67.0, 32.0
26, 212.0, 32.0
27, 217.0, 33.0
28, 518.0, 35.0
29, 535.0, 35.0
30, 243.0, 36.0
31, 607.0, 37.0
32, 518.0, 40.0
33, 535.0, 40.0
34, 395.0, 42.0
35, 607.0, 42.0
36, 576.0, 43.0
37, 184.0, 45.0
38, 435.0, 46.0
39, 460.0, 46.0
40, 440.0, 47.0
41, 607.0, 47.0
42, 23.0, 48.0
43, 77.0, 49.0
44, 83.0, 50.0
45, 119.0, 52.0
46, 178.0, 52.0
47, 314.0, 52.0
48, 442.0, 52.0
49, 481.0, 52.0
50, 486.0, 54.0
51, 458.0, 55.0
52, 575.0, 56.0
53, 176.0, 57.0
54, 184.0, 57.0
55, 203.0, 57.0
56, 473.0, 57.0
57, 645.0, 60.0
58, 605.0, 61.0
59, 656.0, 61.0
60, 175.0, 62.0
61, 431.0, 65.0
62, 681.0, 66.0
63, 9.0, 67.0
64, 26.0, 68.0
65, 695.0, 68.0
66, 373.0, 72.0
67, 458.0, 72.0
68, 582.0, 72.0
69, 736.0, 73.0
70, 726.0, 75.0
71, 509.0, 77.0
72, 520.0, 80.0
73, 18.0, 81.0
74, 487.0, 81.0
75, 104.0, 82.0
76, 452.0, 83.0
77, 432.0, 84.0
78, 437.0, 84.0
79, 598.0, 84.0
80, 444.0, 85.0
81, 467.0, 85.0
82, 507.0, 87.0
83, 579.0, 89.0
84, 597.0, 89.0
85, 121.0, 90.0
86, 258.0, 90.0
87, 483.0, 90.0
88, 444.0, 91.0
89, 454.0, 92.0
90, 506.0, 92.0
91, 292.0, 93.0
92, 516.0, 93.0
93, 466.0, 94.0
94, 523.0, 97.0
95, 645.0, 97.0
96, 739.0, 97.0
97, 488.0, 100.0
98, 514.0, 102.0
99, 10.0, 103.0
100, 106.0, 104.0
101, 257.0, 106.0
102, 513.0, 107.0
103, 549.0, 107.0
104, 715.0, 107.0
105, 591.0, 108.0
106, 177.0, 109.0
107, 10.0, 111.0
108, 237.0, 111.0
109, 123.0, 112.0
110, 736.0, 113.0
111, 494.0, 114.0
112, 98.0, 115.0
113, 631.0, 115.0
114, 180.0, 116.0
115, 640.0, 116.0
116, 53.0, 118.0
117, 58.0, 119.0
118, 710.0, 119.0
119, 630.0, 120.0
120, 87.0, 121.0
121, 92.0, 121.0
122, 439.0, 123.0
123, 107.0, 124.0
124, 434.0, 124.0
125, 444.0, 124.0
126, 122.0, 125.0
127, 458.0, 125.0
128, 472.0, 125.0
129, 732.0, 125.0
130, 135.0, 126.0
131, 25.0, 127.0
132, 149.0, 128.0
133, 637.0, 128.0
134, 545.0, 129.0
135, 166.0, 130.0
136, 484.0, 130.0
137, 572.0, 130.0
138, 182.0, 131.0
139, 445.0, 131.0
140, 456.0, 133.0
141, 196.0, 134.0
142, 471.0, 134.0
143, 499.0, 134.0
144, 584.0, 134.0
145, 208.0, 135.0
146, 213.0, 135.0
147, 646.0, 135.0
148, 203.0, 136.0
149, 387.0, 136.0
150, 677.0, 136.0
151, 247.0, 138.0
152, 515.0, 139.0
153, 252.0, 140.0
154, 634.0, 140.0
155, 407.0, 141.0
156, 727.0, 143.0
157, 292.0, 144.0
158, 436.0, 146.0
159, 702.0, 146.0
160, 632.0, 147.0
161, 320.0, 148.0
162, 624.0, 149.0
163, 501.0, 152.0
164, 484.0, 153.0
165, 207.0, 154.0
166, 512.0, 154.0
167, 18.0, 155.0
168, 699.0, 156.0
169, 281.0, 157.0
170, 629.0, 157.0
171, 643.0, 158.0
172, 697.0, 161.0
173, 721.0, 162.0
174, 439.0, 164.0
175, 444.0, 165.0
176, 464.0, 166.0
177, 478.0, 167.0
178, 33.0, 168.0
179, 496.0, 169.0
180, 626.0, 169.0
181, 695.0, 169.0
182, 490.0, 170.0
183, 509.0, 170.0
184, 536.0, 173.0
185, 58.0, 174.0
186, 616.0, 176.0
187, 561.0, 177.0
188, 598.0, 178.0
189, 59.0, 179.0
190, 21.0, 180.0
191, 609.0, 180.0
192, 614.0, 181.0
193, 693.0, 181.0
194, 34.0, 182.0
195, 60.0, 184.0
196, 624.0, 185.0
197, 446.0, 186.0
198, 691.0, 186.0
199, 711.0, 189.0
200, 42.0, 190.0
201, 690.0, 191.0
202, 616.0, 194.0
203, 690.0, 197.0
204, 24.0, 198.0
205, 708.0, 198.0
206, 37.0, 202.0
207, 414.0, 202.0
208, 58.0, 203.0
209, 292.0, 203.0
210, 397.0, 207.0
211, 445.0, 211.0
212, 703.0, 211.0
213, 399.0, 212.0
214, 408.0, 212.0
215, 425.0, 212.0
216, 435.0, 212.0
217, 39.0, 213.0
218, 688.0, 213.0
219, 55.0, 214.0
220, 303.0, 214.0
221, 60.0, 215.0
222, 491.0, 215.0
223, 496.0, 216.0
224, 502.0, 217.0
225, 15.0, 220.0
226, 699.0, 220.0
227, 291.0, 222.0
228, 42.0, 223.0
229, 308.0, 223.0
230, 647.0, 223.0
231, 674.0, 223.0
232, 432.0, 224.0
233, 612.0, 224.0
234, 54.0, 226.0
235, 291.0, 228.0
236, 52.0, 231.0
237, 423.0, 232.0
238, 439.0, 233.0
239, 445.0, 233.0
240, 692.0, 233.0
241, 290.0, 234.0
242, 47.0, 236.0
243, 315.0, 237.0
244, 42.0, 238.0
245, 52.0, 238.0
246, 687.0, 239.0
247, 395.0, 240.0
248, 64.0, 241.0
249, 304.0, 242.0
250, 611.0, 242.0
251, 92.0, 243.0
252, 326.0, 243.0
253, 420.0, 243.0
254, 343.0, 244.0
255, 415.0, 244.0
256, 354.0, 245.0
257, 439.0, 245.0
258, 289.0, 246.0
259, 307.0, 249.0
260, 402.0, 249.0
261, 74.0, 251.0
262, 88.0, 251.0
263, 248.0, 251.0
264, 343.0, 251.0
265, 256.0, 252.0
266, 334.0, 252.0
267, 706.0, 254.0
268, 394.0, 255.0
269, 285.0, 256.0
270, 314.0, 256.0
271, 323.0, 257.0
272, 418.0, 258.0
273, 447.0, 258.0
274, 308.0, 259.0
275, 435.0, 259.0
276, 492.0, 261.0
277, 512.0, 262.0
278, 676.0, 262.0
279, 110.0, 263.0
280, 743.0, 266.0
281, 514.0, 267.0
282, 516.0, 272.0
283, 222.0, 275.0
284, 625.0, 275.0
285, 607.0, 276.0
286, 415.0, 280.0
287, 347.0, 286.0
288, 519.0, 287.0
289, 594.0, 299.0
290, 733.0, 301.0
291, 522.0, 305.0
292, 410.0, 306.0
293, 447.0, 306.0
294, 434.0, 308.0
295, 494.0, 309.0
296, 541.0, 315.0
297, 442.0, 316.0
298, 652.0, 326.0
299, 448.0, 328.0
300, 404.0, 338.0
301, 365.0, 344.0
302, 352.0, 347.0
303, 335.0, 351.0
304, 334.0, 356.0
305, 188.0, 377.0
306, 445.0, 383.0
307, 491.0, 402.0
308, 326.0, 404.0
309, 328.0, 409.0
310, 179.0, 418.0
311, 335.0, 418.0
312, 193.0, 421.0
313, 178.0, 431.0
314, 334.0, 432.0
315, 611.0, 432.0
316, 471.0, 442.0
317, 12.0, 454.0
318, 448.0, 460.0
319, 463.0, 469.0
