0, 537.0, 264.0
1, 254.0, 328.0
2, 242.0, 391.0
3, 343.0, 241.0
4, 286.0, 145.0
5, 488.0, 287.0
6, 328.0, 246.0
7, 259.0, 145.0
8, 481.0, 213.0
9, 458.0, 279.0
10, 593.0, 288.0
11, 118.0, 416.0
12, 495.0, 199.0
13, 245.0, 405.0
14, 392.0, 154.0
15, 329.0, 260.0
16, 627.0, 164.0
17, 613.0, 161.0
18, 503.0, 298.0
19, 517.0, 252.0
20, 548.0, 271.0
21, 480.0, 225.0
22, 366.0, 380.0
23, 93.0, 108.0
24, 618.0, 281.0
25, 243.0, 107.0
26, 451.0, 197.0
27, 322.0, 276.0
28, 257.0, 399.0
29, 397.0, 296.0
30, 77.0, 116.0
31, 373.0, 267.0
32, 256.0, 376.0
33, 627.0, 273.0
34, 266.0, 313.0
35, 228.0, 253.0
36, 464.0, 203.0
37, 381.0, 386.0
38, 403.0, 218.0
39, 351.0, 253.0
40, 59.0, 126.0
41, 260.0, 108.0
42, 565.0, 207.0
43, 715.0, 274.0
44, 211.0, 248.0
45, 600.0, 181.0
46, 262.0, 425.0
47, 723.0, 282.0
48, 473.0, 159.0
49, 726.0, 355.0
50, 512.0, 264.0
51, 248.0, 419.0
52, 280.0, 136.0
53, 594.0, 204.0
54, 171.0, 269.0
55, 254.0, 237.0
56, 163.0, 284.0
57, 461.0, 262.0
58, 644.0, 231.0
59, 455.0, 237.0
60, 564.0, 173.0
61, 296.0, 134.0
62, 228.0, 399.0
63, 558.0, 188.0
64, 237.0, 241.0
65, 214.0, 232.0
66, 114.0, 360.0
67, 486.0, 304.0
68, 114.0, 430.0
69, 576.0, 211.0
70, 690.0, 274.0
71, 463.0, 158.0
72, 488.0, 269.0
73, 231.0, 411.0
74, 368.0, 171.0
75, 466.0, 189.0
76, 610.0, 206.0
77, 632.0, 306.0
78, 714.0, 322.0
79, 50.0, 163.0
80, 136.0, 147.0
81, 270.0, 206.0
82, 535.0, 278.0
83, 306.0, 135.0
84, 362.0, 239.0
85, 621.0, 49.0
86, 445.0, 216.0
87, 662.0, 364.0
88, 99.0, 234.0
89, 252.0, 156.0
90, 350.0, 179.0
91, 229.0, 77.0
92, 237.0, 423.0
93, 247.0, 127.0
94, 434.0, 177.0
95, 361.0, 188.0
96, 339.0, 135.0
97, 494.0, 226.0
98, 357.0, 134.0
99, 633.0, 265.0
100, 39.0, 137.0
101, 572.0, 270.0
102, 361.0, 388.0
103, 248.0, 437.0
104, 336.0, 233.0
105, 482.0, 201.0
106, 700.0, 284.0
107, 334.0, 55.0
108, 444.0, 30.0
109, 737.0, 292.0
110, 35.0, 173.0
111, 230.0, 123.0
112, 329.0, 104.0
113, 346.0, 107.0
114, 144.0, 321.0
115, 679.0, 272.0
116, 141.0, 423.0
117, 665.0, 228.0
118, 268.0, 175.0
119, 499.0, 254.0
120, 195.0, 251.0
121, 155.0, 301.0
122, 369.0, 59.0
123, 177.0, 253.0
124, 176.0, 471.0
125, 371.0, 391.0
126, 363.0, 109.0
127, 469.0, 234.0
128, 605.0, 265.0
129, 168.0, 172.0
130, 110.0, 110.0
131, 595.0, 40.0
132, 415.0, 141.0
133, 273.0, 218.0
134, 356.0, 397.0
135, 225.0, 190.0
136, 471.0, 273.0
137, 610.0, 216.0
138, 532.0, 187.0
139, 374.0, 179.0
140, 122.0, 140.0
141, 631.0, 380.0
142, 441.0, 187.0
143, 203.0, 221.0
144, 131.0, 402.0
145, 127.0, 417.0
146, 581.0, 241.0
147, 127.0, 434.0
148, 177.0, 222.0
149, 484.0, 174.0
150, 188.0, 155.0
151, 621.0, 194.0
152, 339.0, 270.0
153, 682.0, 292.0
154, 127.0, 306.0
155, 256.0, 311.0
156, 61.0, 160.0
157, 648.0, 355.0
158, 200.0, 45.0
159, 253.0, 189.0
160, 172.0, 48.0
161, 589.0, 267.0
162, 731.0, 223.0
163, 153.0, 106.0
164, 575.0, 308.0
165, 657.0, 70.0
166, 310.0, 110.0
167, 127.0, 124.0
168, 399.0, 205.0
169, 351.0, 190.0
170, 468.0, 449.0
171, 346.0, 56.0
172, 133.0, 342.0
173, 227.0, 232.0
174, 620.0, 369.0
175, 397.0, 142.0
176, 288.0, 468.0
177, 660.0, 212.0
178, 634.0, 207.0
179, 110.0, 88.0
180, 307.0, 261.0
181, 604.0, 281.0
182, 93.0, 325.0
183, 418.0, 183.0
184, 685.0, 353.0
185, 534.0, 205.0
186, 356.0, 342.0
187, 490.0, 247.0
188, 485.0, 151.0
189, 82.0, 203.0
190, 590.0, 250.0
191, 83.0, 252.0
192, 367.0, 23.0
193, 150.0, 186.0
194, 557.0, 235.0
195, 239.0, 335.0
196, 44.0, 147.0
197, 331.0, 81.0
198, 123.0, 447.0
199, 570.0, 447.0
200, 82.0, 306.0
201, 375.0, 332.0
202, 371.0, 288.0
203, 548.0, 183.0
204, 43.0, 186.0
205, 247.0, 374.0
206, 369.0, 371.0
207, 701.0, 225.0
208, 519.0, 431.0
209, 316.0, 154.0
210, 379.0, 278.0
211, 398.0, 254.0
212, 99.0, 334.0
213, 450.0, 413.0
214, 361.0, 177.0
215, 174.0, 67.0
216, 229.0, 276.0
217, 366.0, 400.0
218, 164.0, 415.0
219, 208.0, 423.0
220, 170.0, 21.0
221, 548.0, 202.0
222, 117.0, 101.0
223, 57.0, 268.0
224, 186.0, 67.0
225, 707.0, 309.0
226, 169.0, 232.0
227, 407.0, 237.0
228, 543.0, 162.0
229, 621.0, 260.0
230, 228.0, 93.0
231, 685.0, 454.0
232, 64.0, 185.0
233, 217.0, 255.0
234, 228.0, 429.0
235, 16.0, 151.0
236, 30.0, 227.0
237, 603.0, 250.0
238, 446.0, 203.0
239, 730.0, 259.0
240, 376.0, 375.0
241, 386.0, 371.0
242, 739.0, 353.0
243, 76.0, 210.0
244, 274.0, 412.0
245, 148.0, 54.0
246, 406.0, 152.0
247, 257.0, 219.0
248, 506.0, 259.0
249, 136.0, 451.0
250, 148.0, 83.0
251, 342.0, 421.0
252, 491.0, 317.0
253, 709.0, 262.0
254, 350.0, 412.0
255, 559.0, 216.0
256, 435.0, 424.0
257, 403.0, 176.0
258, 66.0, 462.0
259, 265.0, 367.0
260, 112.0, 382.0
261, 273.0, 125.0
262, 192.0, 191.0
263, 439.0, 140.0
264, 550.0, 283.0
265, 41.0, 240.0
266, 593.0, 273.0
267, 460.0, 230.0
268, 238.0, 302.0
269, 362.0, 151.0
270, 356.0, 372.0
271, 87.0, 215.0
272, 718.0, 208.0
273, 740.0, 432.0
274, 166.0, 152.0
275, 319.0, 268.0
276, 331.0, 471.0
277, 334.0, 113.0
278, 165.0, 125.0
279, 729.0, 273.0
280, 321.0, 217.0
281, 554.0, 130.0
282, 263.0, 8.0
283, 260.0, 129.0
284, 349.0, 422.0
285, 63.0, 276.0
286, 701.0, 303.0
287, 577.0, 199.0
288, 100.0, 282.0
289, 219.0, 51.0
290, 374.0, 157.0
291, 67.0, 336.0
292, 362.0, 161.0
293, 360.0, 203.0
294, 476.0, 276.0
295, 118.0, 18.0
296, 76.0, 191.0
297, 294.0, 219.0
298, 269.0, 134.0
299, 56.0, 229.0
300, 272.0, 146.0
301, 525.0, 258.0
302, 355.0, 216.0
303, 99.0, 253.0
304, 672.0, 312.0
305, 639.0, 149.0
306, 33.0, 191.0
307, 393.0, 110.0
308, 477.0, 443.0
309, 17.0, 204.0
310, 223.0, 154.0
311, 233.0, 220.0
312, 578.0, 293.0
313, 648.0, 296.0
314, 411.0, 170.0
315, 114.0, 263.0
316, 172.0, 194.0
317, 26.0, 216.0
318, 438.0, 113.0
319, 330.0, 92.0
320, 288.0, 101.0
321, 145.0, 167.0
322, 611.0, 174.0
323, 99.0, 300.0
324, 108.0, 351.0
325, 354.0, 378.0
326, 383.0, 193.0
327, 48.0, 254.0
328, 17.0, 446.0
329, 589.0, 389.0
330, 608.0, 251.0
331, 64.0, 221.0
332, 735.0, 420.0
333, 235.0, 229.0
334, 140.0, 179.0
335, 158.0, 209.0
336, 275.0, 320.0
337, 210.0, 82.0
338, 21.0, 351.0
339, 317.0, 184.0
340, 96.0, 344.0
341, 64.0, 238.0
342, 20.0, 161.0
343, 368.0, 77.0
344, 571.0, 59.0
345, 586.0, 298.0
346, 341.0, 106.0
347, 37.0, 14.0
348, 83.0, 270.0
349, 503.0, 243.0
350, 60.0, 433.0
351, 282.0, 117.0
352, 738.0, 284.0
353, 367.0, 90.0
354, 505.0, 269.0
355, 475.0, 462.0
356, 365.0, 42.0
357, 50.0, 409.0
358, 506.0, 209.0
359, 280.0, 188.0
360, 557.0, 409.0
361, 473.0, 316.0
362, 476.0, 456.0
363, 81.0, 125.0
364, 642.0, 55.0
365, 379.0, 172.0
366, 81.0, 173.0
367, 579.0, 33.0
368, 594.0, 394.0
369, 385.0, 147.0
370, 562.0, 249.0
371, 697.0, 411.0
372, 660.0, 50.0
373, 97.0, 205.0
374, 395.0, 279.0
375, 228.0, 220.0
376, 114.0, 327.0
377, 331.0, 73.0
378, 511.0, 428.0
379, 736.0, 327.0
380, 612.0, 188.0
381, 331.0, 125.0
382, 140.0, 311.0
383, 15.0, 217.0
384, 347.0, 341.0
385, 47.0, 213.0
386, 135.0, 168.0
387, 680.0, 262.0
388, 129.0, 333.0
389, 35.0, 384.0
390, 735.0, 425.0
391, 364.0, 394.0
392, 579.0, 298.0
393, 576.0, 252.0
394, 611.0, 196.0
395, 347.0, 169.0
396, 520.0, 436.0
397, 146.0, 193.0
398, 528.0, 250.0
399, 64.0, 136.0
400, 402.0, 278.0
401, 339.0, 116.0
402, 398.0, 184.0
403, 291.0, 8.0
404, 106.0, 100.0
405, 292.0, 125.0
406, 46.0, 199.0
407, 500.0, 264.0
408, 735.0, 373.0
409, 482.0, 456.0
410, 148.0, 461.0
411, 237.0, 137.0
412, 342.0, 347.0
413, 368.0, 8.0
414, 257.0, 369.0
415, 291.0, 42.0
416, 409.0, 160.0
417, 122.0, 9.0
418, 366.0, 47.0
419, 356.0, 58.0
420, 653.0, 294.0
421, 80.0, 317.0
422, 213.0, 221.0
423, 236.0, 171.0
424, 83.0, 134.0
425, 655.0, 359.0
426, 560.0, 414.0
427, 427.0, 205.0
428, 64.0, 170.0
429, 172.0, 56.0
430, 464.0, 216.0
431, 268.0, 108.0
432, 384.0, 184.0
433, 156.0, 218.0
434, 470.0, 307.0
435, 367.0, 72.0
436, 326.0, 135.0
437, 475.0, 451.0
438, 224.0, 88.0
439, 126.0, 262.0
440, 612.0, 183.0
441, 332.0, 66.0
442, 439.0, 73.0
443, 61.0, 288.0
444, 703.0, 238.0
445, 516.0, 421.0
446, 246.0, 242.0
447, 264.0, 411.0
448, 334.0, 20.0
449, 418.0, 149.0
450, 399.0, 234.0
451, 352.0, 107.0
452, 442.0, 44.0
453, 127.0, 150.0
454, 298.0, 66.0
455, 350.0, 242.0
456, 127.0, 288.0
457, 384.0, 269.0
458, 735.0, 267.0
459, 211.0, 304.0
460, 186.0, 57.0
461, 387.0, 178.0
462, 616.0, 259.0
463, 611.0, 53.0
464, 552.0, 406.0
465, 740.0, 322.0
466, 123.0, 344.0
467, 95.0, 377.0
468, 699.0, 419.0
469, 279.0, 344.0
470, 659.0, 294.0
471, 72.0, 230.0
472, 229.0, 104.0
473, 675.0, 206.0
474, 93.0, 195.0
475, 350.0, 430.0
476, 281.0, 446.0
477, 715.0, 260.0
478, 31.0, 389.0
479, 452.0, 151.0
480, 17.0, 397.0
481, 446.0, 16.0
482, 36.0, 282.0
483, 218.0, 144.0
484, 324.0, 119.0
485, 223.0, 428.0
486, 138.0, 281.0
487, 362.0, 156.0
488, 129.0, 448.0
489, 112.0, 235.0
490, 156.0, 8.0
491, 73.0, 295.0
492, 71.0, 180.0
493, 20.0, 248.0
494, 374.0, 338.0
495, 598.0, 399.0
496, 693.0, 430.0
497, 542.0, 187.0
498, 379.0, 76.0
499, 538.0, 197.0
