0, 654.0, 8.0
1, 306.0, 10.0
2, 389.0, 11.0
3, 437.0, 11.0
4, 203.0, 15.0
5, 429.0, 15.0
6, 140.0, 16.0
7, 185.0, 16.0
8, 723.0, 17.0
9, 316.0, 18.0
10, 392.0, 19.0
11, 423.0, 23.0
12, 152.0, 27.0
13, 181.0, 30.0
14, 307.0, 31.0
15, 709.0, 32.0
16, 189.0, 34.0
17, 139.0, 36.0
18, 306.0, 36.0
19, 194.0, 37.0
20, 152.0, 38.0
21, 139.0, 41.0
22, 163.0, 42.0
23, 310.0, 43.0
24, 173.0, 46.0
25, 150.0, 47.0
26, 376.0, 49.0
27, 698.0, 52.0
28, 192.0, 53.0
29, 364.0, 53.0
30, 708.0, 54.0
31, 140.0, 57.0
32, 368.0, 59.0
33, 406.0, 59.0
34, 593.0, 59.0
35, 152.0, 60.0
36, 698.0, 60.0
37, 309.0, 61.0
38, 693.0, 62.0
39, 116.0, 63.0
40, 403.0, 64.0
41, 703.0, 65.0
42, 139.0, 66.0
43, 263.0, 66.0
44, 398.0, 67.0
45, 127.0, 72.0
46, 192.0, 74.0
47, 663.0, 76.0
48, 137.0, 77.0
49, 297.0, 78.0
50, 302.0, 80.0
51, 663.0, 81.0
52, 138.0, 82.0
53, 148.0, 82.0
54, 308.0, 82.0
55, 297.0, 83.0
56, 59.0, 87.0
57, 137.0, 87.0
58, 171.0, 88.0
59, 297.0, 88.0
60, 191.0, 92.0
61, 338.0, 92.0
62, 351.0, 92.0
63, 66.0, 93.0
64, 298.0, 93.0
65, 361.0, 96.0
66, 8.0, 98.0
67, 114.0, 98.0
68, 344.0, 101.0
69, 116.0, 103.0
70, 51.0, 104.0
71, 177.0, 105.0
72, 379.0, 105.0
73, 359.0, 107.0
74, 385.0, 107.0
75, 8.0, 108.0
76, 161.0, 109.0
77, 374.0, 112.0
78, 52.0, 114.0
79, 394.0, 116.0
80, 167.0, 118.0
81, 176.0, 120.0
82, 554.0, 121.0
83, 291.0, 122.0
84, 209.0, 125.0
85, 300.0, 125.0
86, 153.0, 126.0
87, 353.0, 126.0
88, 616.0, 127.0
89, 541.0, 129.0
90, 595.0, 129.0
91, 65.0, 130.0
92, 167.0, 130.0
93, 218.0, 130.0
94, 361.0, 131.0
95, 549.0, 131.0
96, 8.0, 133.0
97, 555.0, 133.0
98, 23.0, 134.0
99, 276.0, 135.0
100, 660.0, 136.0
101, 229.0, 137.0
102, 68.0, 138.0
103, 283.0, 138.0
104, 314.0, 138.0
105, 40.0, 139.0
106, 149.0, 139.0
107, 175.0, 140.0
108, 183.0, 141.0
109, 294.0, 141.0
110, 447.0, 142.0
111, 609.0, 142.0
112, 114.0, 143.0
113, 135.0, 143.0
114, 319.0, 144.0
115, 242.0, 145.0
116, 551.0, 146.0
117, 344.0, 147.0
118, 608.0, 147.0
119, 185.0, 149.0
120, 247.0, 149.0
121, 85.0, 150.0
122, 9.0, 151.0
123, 463.0, 151.0
124, 252.0, 152.0
125, 105.0, 153.0
126, 164.0, 154.0
127, 353.0, 154.0
128, 586.0, 154.0
129, 64.0, 156.0
130, 69.0, 156.0
131, 192.0, 156.0
132, 343.0, 156.0
133, 348.0, 156.0
134, 172.0, 157.0
135, 76.0, 158.0
136, 82.0, 159.0
137, 87.0, 159.0
138, 353.0, 159.0
139, 92.0, 160.0
140, 133.0, 162.0
141, 366.0, 163.0
142, 9.0, 164.0
143, 600.0, 165.0
144, 276.0, 166.0
145, 59.0, 167.0
146, 74.0, 167.0
147, 342.0, 167.0
148, 544.0, 167.0
149, 99.0, 169.0
150, 114.0, 170.0
151, 11.0, 172.0
152, 72.0, 172.0
153, 151.0, 172.0
154, 157.0, 172.0
155, 86.0, 174.0
156, 164.0, 174.0
157, 576.0, 175.0
158, 66.0, 176.0
159, 124.0, 176.0
160, 133.0, 176.0
161, 52.0, 177.0
162, 72.0, 177.0
163, 284.0, 178.0
164, 298.0, 178.0
165, 72.0, 182.0
166, 539.0, 184.0
167, 591.0, 186.0
168, 63.0, 188.0
169, 68.0, 188.0
170, 8.0, 189.0
171, 74.0, 189.0
172, 97.0, 190.0
173, 112.0, 190.0
174, 133.0, 191.0
175, 589.0, 191.0
176, 182.0, 193.0
177, 306.0, 195.0
178, 633.0, 198.0
179, 567.0, 200.0
180, 291.0, 203.0
181, 383.0, 203.0
182, 323.0, 204.0
183, 175.0, 205.0
184, 338.0, 212.0
185, 503.0, 212.0
186, 402.0, 214.0
187, 271.0, 223.0
188, 257.0, 225.0
189, 285.0, 225.0
190, 623.0, 226.0
191, 613.0, 234.0
192, 304.0, 238.0
193, 660.0, 238.0
194, 291.0, 241.0
195, 453.0, 241.0
196, 279.0, 242.0
197, 598.0, 242.0
198, 603.0, 242.0
199, 608.0, 242.0
200, 619.0, 244.0
201, 314.0, 247.0
202, 236.0, 248.0
203, 319.0, 251.0
204, 295.0, 254.0
205, 614.0, 254.0
206, 603.0, 256.0
207, 248.0, 259.0
208, 307.0, 259.0
209, 612.0, 259.0
210, 559.0, 261.0
211, 421.0, 264.0
212, 271.0, 265.0
213, 557.0, 266.0
214, 597.0, 268.0
215, 607.0, 268.0
216, 307.0, 269.0
217, 227.0, 270.0
218, 316.0, 270.0
219, 286.0, 271.0
220, 265.0, 272.0
221, 443.0, 272.0
222, 643.0, 272.0
223, 260.0, 275.0
224, 586.0, 275.0
225, 243.0, 279.0
226, 312.0, 279.0
227, 593.0, 279.0
228, 259.0, 280.0
229, 413.0, 280.0
230, 602.0, 280.0
231, 457.0, 282.0
232, 410.0, 288.0
233, 274.0, 289.0
234, 283.0, 294.0
235, 478.0, 294.0
236, 293.0, 297.0
237, 305.0, 298.0
238, 631.0, 298.0
239, 487.0, 300.0
240, 265.0, 305.0
241, 192.0, 306.0
242, 496.0, 306.0
243, 712.0, 307.0
244, 324.0, 310.0
245, 504.0, 310.0
246, 192.0, 311.0
247, 276.0, 311.0
248, 398.0, 311.0
249, 673.0, 311.0
250, 205.0, 312.0
251, 197.0, 313.0
252, 341.0, 313.0
253, 274.0, 317.0
254, 243.0, 320.0
255, 337.0, 320.0
256, 520.0, 320.0
257, 201.0, 321.0
258, 351.0, 322.0
259, 616.0, 322.0
260, 285.0, 323.0
261, 368.0, 326.0
262, 704.0, 327.0
263, 284.0, 328.0
264, 391.0, 330.0
265, 563.0, 334.0
266, 506.0, 336.0
267, 212.0, 338.0
268, 351.0, 338.0
269, 367.0, 341.0
270, 385.0, 341.0
271, 558.0, 342.0
272, 732.0, 343.0
273, 160.0, 347.0
274, 381.0, 350.0
275, 608.0, 350.0
276, 568.0, 351.0
277, 573.0, 353.0
278, 371.0, 354.0
279, 712.0, 354.0
280, 235.0, 358.0
281, 582.0, 359.0
282, 604.0, 359.0
283, 376.0, 360.0
284, 175.0, 361.0
285, 706.0, 362.0
286, 239.0, 363.0
287, 592.0, 364.0
288, 378.0, 365.0
289, 244.0, 367.0
290, 173.0, 372.0
291, 243.0, 372.0
292, 185.0, 376.0
293, 701.0, 376.0
294, 367.0, 380.0
295, 142.0, 383.0
296, 619.0, 384.0
297, 260.0, 386.0
298, 128.0, 387.0
299, 193.0, 387.0
300, 629.0, 389.0
301, 181.0, 390.0
302, 692.0, 393.0
303, 640.0, 395.0
304, 156.0, 399.0
305, 162.0, 403.0
306, 263.0, 403.0
307, 681.0, 404.0
308, 206.0, 406.0
309, 396.0, 406.0
310, 219.0, 409.0
311, 201.0, 411.0
312, 400.0, 411.0
313, 206.0, 413.0
314, 252.0, 413.0
315, 261.0, 414.0
316, 365.0, 416.0
317, 676.0, 416.0
318, 199.0, 417.0
319, 248.0, 418.0
320, 207.0, 419.0
321, 302.0, 421.0
322, 155.0, 422.0
323, 144.0, 424.0
324, 214.0, 424.0
325, 247.0, 426.0
326, 255.0, 429.0
327, 392.0, 431.0
328, 143.0, 432.0
329, 249.0, 442.0
330, 235.0, 448.0
331, 373.0, 453.0
332, 244.0, 454.0
333, 232.0, 455.0
334, 168.0, 471.0
