0, 251.0, 8.0
1, 256.0, 8.0
2, 567.0, 8.0
3, 573.0, 8.0
4, 578.0, 8.0
5, 304.0, 11.0
6, 78.0, 12.0
7, 285.0, 12.0
8, 322.0, 12.0
9, 586.0, 15.0
10, 79.0, 17.0
11, 258.0, 17.0
12, 514.0, 17.0
13, 132.0, 18.0
14, 412.0, 18.0
15, 313.0, 19.0
16, 224.0, 20.0
17, 463.0, 21.0
18, 483.0, 22.0
19, 575.0, 22.0
20, 132.0, 23.0
21, 369.0, 24.0
22, 225.0, 25.0
23, 312.0, 25.0
24, 434.0, 25.0
25, 583.0, 28.0
26, 563.0, 29.0
27, 572.0, 30.0
28, 259.0, 31.0
29, 248.0, 32.0
30, 461.0, 32.0
31, 286.0, 33.0
32, 543.0, 33.0
33, 410.0, 35.0
34, 528.0, 35.0
35, 382.0, 38.0
36, 510.0, 38.0
37, 517.0, 38.0
38, 579.0, 40.0
39, 570.0, 41.0
40, 551.0, 43.0
41, 436.0, 44.0
42, 460.0, 44.0
43, 424.0, 45.0
44, 475.0, 45.0
45, 260.0, 46.0
46, 488.0, 48.0
47, 87.0, 50.0
48, 544.0, 50.0
49, 558.0, 51.0
50, 138.0, 52.0
51, 567.0, 52.0
52, 228.0, 54.0
53, 288.0, 56.0
54, 475.0, 56.0
55, 139.0, 57.0
56, 254.0, 57.0
57, 404.0, 57.0
58, 460.0, 57.0
59, 228.0, 59.0
60, 314.0, 60.0
61, 542.0, 61.0
62, 140.0, 62.0
63, 366.0, 63.0
64, 467.0, 63.0
65, 432.0, 70.0
66, 532.0, 71.0
67, 544.0, 71.0
68, 418.0, 72.0
69, 564.0, 72.0
70, 357.0, 75.0
71, 88.0, 76.0
72, 328.0, 77.0
73, 342.0, 77.0
74, 457.0, 79.0
75, 348.0, 83.0
76, 353.0, 84.0
77, 367.0, 86.0
78, 733.0, 86.0
79, 233.0, 87.0
80, 333.0, 87.0
81, 338.0, 87.0
82, 426.0, 88.0
83, 95.0, 90.0
84, 248.0, 90.0
85, 437.0, 90.0
86, 344.0, 92.0
87, 447.0, 92.0
88, 349.0, 93.0
89, 475.0, 93.0
90, 354.0, 94.0
91, 364.0, 94.0
92, 97.0, 95.0
93, 234.0, 95.0
94, 400.0, 97.0
95, 101.0, 100.0
96, 258.0, 100.0
97, 335.0, 100.0
98, 541.0, 100.0
99, 234.0, 101.0
100, 253.0, 101.0
101, 349.0, 101.0
102, 344.0, 102.0
103, 428.0, 103.0
104, 436.0, 103.0
105, 364.0, 104.0
106, 570.0, 105.0
107, 351.0, 106.0
108, 356.0, 106.0
109, 468.0, 108.0
110, 572.0, 110.0
111, 330.0, 111.0
112, 336.0, 111.0
113, 100.0, 114.0
114, 605.0, 114.0
115, 342.0, 115.0
116, 365.0, 115.0
117, 503.0, 115.0
118, 510.0, 115.0
119, 550.0, 115.0
120, 106.0, 116.0
121, 347.0, 116.0
122, 531.0, 118.0
123, 630.0, 118.0
124, 540.0, 119.0
125, 352.0, 120.0
126, 364.0, 120.0
127, 702.0, 120.0
128, 357.0, 121.0
129, 719.0, 121.0
130, 380.0, 122.0
131, 414.0, 123.0
132, 481.0, 123.0
133, 671.0, 123.0
134, 265.0, 127.0
135, 365.0, 127.0
136, 567.0, 127.0
137, 505.0, 128.0
138, 610.0, 128.0
139, 587.0, 129.0
140, 9.0, 130.0
141, 449.0, 130.0
142, 518.0, 131.0
143, 253.0, 133.0
144, 413.0, 133.0
145, 651.0, 133.0
146, 102.0, 136.0
147, 107.0, 136.0
148, 316.0, 136.0
149, 364.0, 136.0
150, 381.0, 137.0
151, 448.0, 140.0
152, 316.0, 141.0
153, 589.0, 141.0
154, 618.0, 143.0
155, 532.0, 144.0
156, 602.0, 145.0
157, 21.0, 146.0
158, 8.0, 147.0
159, 265.0, 147.0
160, 351.0, 147.0
161, 240.0, 148.0
162, 362.0, 148.0
163, 397.0, 148.0
164, 652.0, 152.0
165, 657.0, 152.0
166, 421.0, 153.0
167, 111.0, 154.0
168, 12.0, 155.0
169, 471.0, 156.0
170, 24.0, 157.0
171, 266.0, 158.0
172, 591.0, 158.0
173, 641.0, 158.0
174, 259.0, 159.0
175, 408.0, 159.0
176, 596.0, 159.0
177, 245.0, 160.0
178, 365.0, 161.0
179, 413.0, 161.0
180, 16.0, 162.0
181, 111.0, 163.0
182, 525.0, 163.0
183, 338.0, 165.0
184, 443.0, 168.0
185, 538.0, 168.0
186, 648.0, 168.0
187, 10.0, 169.0
188, 30.0, 169.0
189, 277.0, 170.0
190, 355.0, 170.0
191, 511.0, 170.0
192, 611.0, 171.0
193, 288.0, 172.0
194, 89.0, 173.0
195, 120.0, 173.0
196, 243.0, 173.0
197, 525.0, 173.0
198, 538.0, 173.0
199, 550.0, 174.0
200, 632.0, 174.0
201, 21.0, 175.0
202, 125.0, 175.0
203, 257.0, 175.0
204, 320.0, 175.0
205, 368.0, 175.0
206, 465.0, 175.0
207, 279.0, 176.0
208, 558.0, 176.0
209, 382.0, 177.0
210, 112.0, 178.0
211, 471.0, 178.0
212, 496.0, 178.0
213, 26.0, 179.0
214, 298.0, 179.0
215, 8.0, 180.0
216, 21.0, 180.0
217, 290.0, 180.0
218, 405.0, 180.0
219, 31.0, 181.0
220, 347.0, 181.0
221, 391.0, 181.0
222, 206.0, 182.0
223, 281.0, 182.0
224, 526.0, 182.0
225, 51.0, 183.0
226, 644.0, 183.0
227, 57.0, 184.0
228, 62.0, 184.0
229, 257.0, 184.0
230, 365.0, 184.0
231, 460.0, 184.0
232, 380.0, 187.0
233, 544.0, 187.0
234, 584.0, 188.0
235, 202.0, 191.0
236, 165.0, 192.0
237, 170.0, 192.0
238, 188.0, 192.0
239, 355.0, 192.0
240, 274.0, 193.0
241, 443.0, 193.0
242, 118.0, 194.0
243, 374.0, 194.0
244, 229.0, 196.0
245, 458.0, 196.0
246, 301.0, 198.0
247, 362.0, 198.0
248, 350.0, 199.0
249, 642.0, 199.0
250, 191.0, 201.0
251, 430.0, 201.0
252, 171.0, 202.0
253, 338.0, 202.0
254, 395.0, 202.0
255, 545.0, 202.0
256, 381.0, 205.0
257, 405.0, 205.0
258, 352.0, 206.0
259, 565.0, 206.0
260, 570.0, 206.0
261, 579.0, 206.0
262, 216.0, 208.0
263, 324.0, 208.0
264, 347.0, 208.0
265, 342.0, 209.0
266, 454.0, 209.0
267, 687.0, 210.0
268, 622.0, 211.0
269, 252.0, 212.0
270, 498.0, 212.0
271, 534.0, 212.0
272, 264.0, 213.0
273, 523.0, 213.0
274, 371.0, 214.0
275, 379.0, 215.0
276, 405.0, 216.0
277, 635.0, 216.0
278, 344.0, 217.0
279, 99.0, 218.0
280, 115.0, 218.0
281, 288.0, 218.0
282, 323.0, 218.0
283, 393.0, 218.0
284, 400.0, 219.0
285, 743.0, 220.0
286, 515.0, 222.0
287, 158.0, 223.0
288, 372.0, 223.0
289, 381.0, 223.0
290, 676.0, 224.0
291, 80.0, 226.0
292, 236.0, 226.0
293, 305.0, 227.0
294, 402.0, 227.0
295, 690.0, 228.0
296, 248.0, 229.0
297, 317.0, 231.0
298, 375.0, 232.0
299, 382.0, 232.0
300, 447.0, 232.0
301, 548.0, 232.0
302, 292.0, 233.0
303, 464.0, 235.0
304, 503.0, 235.0
305, 682.0, 235.0
306, 112.0, 236.0
307, 304.0, 238.0
308, 513.0, 238.0
309, 694.0, 238.0
310, 334.0, 239.0
311, 319.0, 240.0
312, 329.0, 240.0
313, 518.0, 240.0
314, 476.0, 241.0
315, 377.0, 242.0
316, 384.0, 242.0
317, 394.0, 245.0
318, 488.0, 246.0
319, 285.0, 251.0
320, 484.0, 251.0
321, 516.0, 252.0
322, 546.0, 252.0
323, 677.0, 252.0
324, 132.0, 253.0
325, 379.0, 253.0
326, 387.0, 253.0
327, 500.0, 253.0
328, 507.0, 255.0
329, 528.0, 255.0
330, 199.0, 256.0
331, 209.0, 256.0
332, 214.0, 256.0
333, 455.0, 256.0
334, 483.0, 256.0
335, 225.0, 257.0
336, 302.0, 258.0
337, 463.0, 258.0
338, 118.0, 259.0
339, 285.0, 262.0
340, 140.0, 263.0
341, 383.0, 265.0
342, 388.0, 265.0
343, 447.0, 265.0
344, 289.0, 267.0
345, 453.0, 267.0
346, 170.0, 268.0
347, 186.0, 268.0
348, 371.0, 269.0
349, 530.0, 271.0
350, 135.0, 272.0
351, 195.0, 272.0
352, 206.0, 272.0
353, 313.0, 272.0
354, 322.0, 272.0
355, 432.0, 274.0
356, 215.0, 276.0
357, 411.0, 276.0
358, 316.0, 277.0
359, 118.0, 278.0
360, 445.0, 278.0
361, 387.0, 279.0
362, 394.0, 279.0
363, 561.0, 279.0
364, 318.0, 282.0
365, 428.0, 282.0
366, 139.0, 283.0
367, 289.0, 283.0
368, 296.0, 283.0
369, 335.0, 283.0
370, 352.0, 283.0
371, 400.0, 285.0
372, 415.0, 285.0
373, 549.0, 285.0
374, 432.0, 288.0
375, 558.0, 288.0
376, 583.0, 290.0
377, 361.0, 291.0
378, 446.0, 291.0
379, 353.0, 292.0
380, 588.0, 292.0
381, 564.0, 294.0
382, 391.0, 295.0
383, 593.0, 295.0
384, 399.0, 296.0
385, 512.0, 296.0
386, 542.0, 297.0
387, 463.0, 298.0
388, 293.0, 299.0
389, 411.0, 299.0
390, 573.0, 299.0
391, 419.0, 300.0
392, 435.0, 300.0
393, 519.0, 300.0
394, 276.0, 301.0
395, 550.0, 301.0
396, 374.0, 302.0
397, 525.0, 302.0
398, 379.0, 303.0
399, 496.0, 303.0
400, 384.0, 304.0
401, 501.0, 305.0
402, 506.0, 307.0
403, 479.0, 308.0
404, 425.0, 311.0
405, 455.0, 312.0
406, 343.0, 313.0
407, 399.0, 313.0
408, 371.0, 314.0
409, 314.0, 315.0
410, 408.0, 317.0
411, 393.0, 318.0
412, 282.0, 319.0
413, 296.0, 319.0
414, 350.0, 322.0
415, 262.0, 323.0
416, 279.0, 324.0
417, 324.0, 325.0
418, 425.0, 326.0
419, 333.0, 327.0
420, 305.0, 330.0
421, 385.0, 330.0
422, 368.0, 331.0
423, 394.0, 332.0
424, 407.0, 333.0
425, 413.0, 333.0
426, 714.0, 334.0
427, 253.0, 336.0
428, 334.0, 336.0
429, 269.0, 338.0
430, 454.0, 339.0
431, 353.0, 347.0
432, 366.0, 347.0
433, 376.0, 351.0
434, 321.0, 352.0
435, 481.0, 353.0
436, 363.0, 355.0
437, 252.0, 357.0
438, 417.0, 357.0
439, 235.0, 359.0
440, 117.0, 361.0
441, 335.0, 363.0
442, 302.0, 367.0
443, 348.0, 367.0
444, 515.0, 369.0
445, 243.0, 370.0
446, 354.0, 370.0
447, 319.0, 371.0
448, 360.0, 371.0
449, 719.0, 372.0
450, 574.0, 378.0
451, 304.0, 383.0
452, 427.0, 384.0
453, 551.0, 387.0
454, 732.0, 388.0
455, 332.0, 395.0
456, 743.0, 396.0
457, 700.0, 399.0
458, 588.0, 405.0
459, 740.0, 405.0
460, 220.0, 412.0
461, 86.0, 413.0
462, 431.0, 415.0
463, 437.0, 416.0
464, 192.0, 420.0
465, 309.0, 422.0
466, 314.0, 424.0
467, 210.0, 428.0
468, 634.0, 428.0
469, 118.0, 447.0
470, 195.0, 449.0
471, 113.0, 450.0
472, 108.0, 452.0
473, 684.0, 454.0
474, 448.0, 455.0
475, 106.0, 457.0
476, 130.0, 459.0
477, 113.0, 468.0
478, 8.0, 469.0
