0, 441.0, 8.0
1, 707.0, 9.0
2, 131.0, 10.0
3, 604.0, 10.0
4, 95.0, 12.0
5, 151.0, 12.0
6, 350.0, 14.0
7, 100.0, 16.0
8, 557.0, 16.0
9, 449.0, 21.0
10, 621.0, 21.0
11, 677.0, 23.0
12, 743.0, 23.0
13, 602.0, 25.0
14, 120.0, 28.0
15, 151.0, 31.0
16, 443.0, 32.0
17, 458.0, 32.0
18, 515.0, 34.0
19, 437.0, 36.0
20, 471.0, 36.0
21, 551.0, 37.0
22, 619.0, 38.0
23, 458.0, 42.0
24, 552.0, 42.0
25, 427.0, 43.0
26, 447.0, 43.0
27, 585.0, 43.0
28, 180.0, 44.0
29, 270.0, 44.0
30, 143.0, 46.0
31, 165.0, 46.0
32, 158.0, 47.0
33, 125.0, 48.0
34, 111.0, 49.0
35, 336.0, 49.0
36, 564.0, 49.0
37, 601.0, 49.0
38, 101.0, 50.0
39, 88.0, 51.0
40, 703.0, 51.0
41, 45.0, 53.0
42, 157.0, 54.0
43, 600.0, 54.0
44, 618.0, 54.0
45, 458.0, 55.0
46, 15.0, 56.0
47, 445.0, 56.0
48, 159.0, 59.0
49, 600.0, 59.0
50, 701.0, 59.0
51, 523.0, 60.0
52, 617.0, 60.0
53, 555.0, 61.0
54, 116.0, 65.0
55, 148.0, 65.0
56, 130.0, 66.0
57, 454.0, 66.0
58, 554.0, 66.0
59, 600.0, 68.0
60, 473.0, 69.0
61, 439.0, 74.0
62, 485.0, 74.0
63, 730.0, 76.0
64, 600.0, 77.0
65, 743.0, 77.0
66, 186.0, 78.0
67, 449.0, 78.0
68, 699.0, 78.0
69, 724.0, 78.0
70, 440.0, 79.0
71, 454.0, 79.0
72, 600.0, 82.0
73, 24.0, 83.0
74, 446.0, 83.0
75, 615.0, 84.0
76, 556.0, 86.0
77, 601.0, 87.0
78, 607.0, 87.0
79, 25.0, 88.0
80, 123.0, 89.0
81, 185.0, 89.0
82, 614.0, 89.0
83, 170.0, 90.0
84, 464.0, 91.0
85, 674.0, 91.0
86, 124.0, 94.0
87, 548.0, 95.0
88, 602.0, 95.0
89, 607.0, 95.0
90, 473.0, 97.0
91, 543.0, 97.0
92, 538.0, 98.0
93, 612.0, 99.0
94, 29.0, 101.0
95, 607.0, 101.0
96, 219.0, 102.0
97, 13.0, 103.0
98, 451.0, 103.0
99, 671.0, 103.0
100, 515.0, 104.0
101, 556.0, 105.0
102, 31.0, 106.0
103, 695.0, 106.0
104, 608.0, 107.0
105, 195.0, 108.0
106, 491.0, 108.0
107, 504.0, 110.0
108, 556.0, 110.0
109, 473.0, 111.0
110, 576.0, 111.0
111, 379.0, 112.0
112, 361.0, 113.0
113, 159.0, 114.0
114, 608.0, 114.0
115, 667.0, 115.0
116, 448.0, 117.0
117, 454.0, 117.0
118, 460.0, 117.0
119, 734.0, 117.0
120, 61.0, 118.0
121, 465.0, 118.0
122, 470.0, 119.0
123, 224.0, 120.0
124, 436.0, 120.0
125, 665.0, 120.0
126, 609.0, 121.0
127, 422.0, 124.0
128, 222.0, 125.0
129, 559.0, 126.0
130, 663.0, 127.0
131, 661.0, 132.0
132, 40.0, 134.0
133, 606.0, 135.0
134, 727.0, 135.0
135, 426.0, 137.0
136, 41.0, 139.0
137, 174.0, 142.0
138, 426.0, 142.0
139, 731.0, 146.0
140, 299.0, 147.0
141, 125.0, 148.0
142, 363.0, 148.0
143, 423.0, 148.0
144, 606.0, 148.0
145, 656.0, 149.0
146, 520.0, 150.0
147, 275.0, 151.0
148, 404.0, 151.0
149, 130.0, 157.0
150, 48.0, 159.0
151, 485.0, 160.0
152, 223.0, 161.0
153, 228.0, 161.0
154, 133.0, 162.0
155, 172.0, 162.0
156, 218.0, 162.0
157, 607.0, 162.0
158, 209.0, 163.0
159, 24.0, 164.0
160, 424.0, 164.0
161, 400.0, 165.0
162, 468.0, 168.0
163, 25.0, 169.0
164, 180.0, 169.0
165, 649.0, 170.0
166, 167.0, 172.0
167, 172.0, 172.0
168, 159.0, 175.0
169, 432.0, 175.0
170, 420.0, 177.0
171, 140.0, 178.0
172, 564.0, 178.0
173, 134.0, 179.0
174, 120.0, 181.0
175, 408.0, 181.0
176, 392.0, 182.0
177, 397.0, 182.0
178, 402.0, 182.0
179, 731.0, 182.0
180, 96.0, 187.0
181, 546.0, 187.0
182, 418.0, 188.0
183, 86.0, 189.0
184, 284.0, 189.0
185, 538.0, 190.0
186, 76.0, 191.0
187, 435.0, 191.0
188, 533.0, 191.0
189, 18.0, 192.0
190, 430.0, 192.0
191, 60.0, 194.0
192, 419.0, 196.0
193, 432.0, 197.0
194, 35.0, 199.0
195, 409.0, 199.0
196, 653.0, 199.0
197, 662.0, 200.0
198, 667.0, 201.0
199, 672.0, 202.0
200, 8.0, 203.0
201, 437.0, 204.0
202, 501.0, 204.0
203, 554.0, 204.0
204, 422.0, 207.0
205, 615.0, 208.0
206, 646.0, 208.0
207, 728.0, 210.0
208, 632.0, 212.0
209, 707.0, 212.0
210, 475.0, 213.0
211, 290.0, 214.0
212, 390.0, 216.0
213, 579.0, 217.0
214, 591.0, 218.0
215, 400.0, 221.0
216, 598.0, 222.0
217, 298.0, 223.0
218, 443.0, 224.0
219, 539.0, 226.0
220, 564.0, 227.0
221, 394.0, 230.0
222, 548.0, 234.0
223, 294.0, 235.0
224, 354.0, 236.0
225, 723.0, 239.0
226, 343.0, 240.0
227, 295.0, 241.0
228, 314.0, 242.0
229, 328.0, 245.0
230, 541.0, 246.0
231, 318.0, 247.0
232, 344.0, 247.0
233, 297.0, 248.0
234, 479.0, 248.0
235, 515.0, 249.0
236, 308.0, 251.0
237, 504.0, 255.0
238, 308.0, 256.0
239, 573.0, 258.0
240, 337.0, 259.0
241, 298.0, 260.0
242, 308.0, 261.0
243, 509.0, 261.0
244, 327.0, 262.0
245, 583.0, 263.0
246, 485.0, 264.0
247, 324.0, 267.0
248, 706.0, 269.0
249, 550.0, 272.0
250, 311.0, 273.0
251, 300.0, 274.0
252, 564.0, 274.0
253, 384.0, 275.0
254, 563.0, 280.0
255, 268.0, 282.0
256, 263.0, 283.0
257, 256.0, 286.0
258, 705.0, 290.0
259, 530.0, 296.0
260, 257.0, 297.0
261, 253.0, 309.0
262, 494.0, 313.0
263, 251.0, 318.0
264, 660.0, 326.0
265, 8.0, 336.0
266, 13.0, 352.0
267, 63.0, 355.0
268, 16.0, 360.0
269, 66.0, 363.0
270, 110.0, 367.0
271, 21.0, 370.0
272, 46.0, 374.0
273, 329.0, 438.0
274, 76.0, 464.0
275, 357.0, 464.0
