0, 15.0, 8.0
1, 743.0, 8.0
2, 97.0, 9.0
3, 519.0, 9.0
4, 23.0, 10.0
5, 374.0, 12.0
6, 66.0, 14.0
7, 403.0, 22.0
8, 376.0, 25.0
9, 414.0, 28.0
10, 11.0, 30.0
11, 365.0, 31.0
12, 356.0, 35.0
13, 653.0, 35.0
14, 107.0, 36.0
15, 122.0, 36.0
16, 366.0, 36.0
17, 33.0, 37.0
18, 348.0, 39.0
19, 379.0, 39.0
20, 14.0, 40.0
21, 19.0, 40.0
22, 94.0, 40.0
23, 401.0, 41.0
24, 633.0, 41.0
25, 716.0, 41.0
26, 734.0, 43.0
27, 364.0, 48.0
28, 385.0, 48.0
29, 98.0, 49.0
30, 372.0, 49.0
31, 305.0, 50.0
32, 394.0, 50.0
33, 413.0, 50.0
34, 553.0, 52.0
35, 37.0, 53.0
36, 111.0, 53.0
37, 98.0, 55.0
38, 639.0, 56.0
39, 196.0, 57.0
40, 406.0, 57.0
41, 128.0, 58.0
42, 538.0, 60.0
43, 709.0, 65.0
44, 379.0, 66.0
45, 534.0, 66.0
46, 714.0, 66.0
47, 399.0, 67.0
48, 724.0, 70.0
49, 301.0, 71.0
50, 739.0, 72.0
51, 382.0, 73.0
52, 260.0, 75.0
53, 347.0, 76.0
54, 306.0, 77.0
55, 535.0, 78.0
56, 545.0, 79.0
57, 263.0, 80.0
58, 347.0, 81.0
59, 424.0, 81.0
60, 434.0, 82.0
61, 377.0, 84.0
62, 390.0, 84.0
63, 399.0, 84.0
64, 440.0, 84.0
65, 544.0, 88.0
66, 203.0, 89.0
67, 530.0, 89.0
68, 512.0, 90.0
69, 456.0, 92.0
70, 265.0, 93.0
71, 496.0, 94.0
72, 377.0, 95.0
73, 697.0, 96.0
74, 391.0, 97.0
75, 472.0, 99.0
76, 531.0, 99.0
77, 265.0, 100.0
78, 301.0, 100.0
79, 204.0, 105.0
80, 487.0, 105.0
81, 496.0, 107.0
82, 401.0, 108.0
83, 375.0, 109.0
84, 414.0, 110.0
85, 181.0, 111.0
86, 307.0, 111.0
87, 507.0, 111.0
88, 266.0, 112.0
89, 409.0, 117.0
90, 36.0, 118.0
91, 186.0, 119.0
92, 346.0, 119.0
93, 208.0, 120.0
94, 361.0, 120.0
95, 524.0, 121.0
96, 308.0, 122.0
97, 413.0, 122.0
98, 162.0, 123.0
99, 278.0, 123.0
100, 292.0, 123.0
101, 388.0, 123.0
102, 152.0, 124.0
103, 145.0, 125.0
104, 379.0, 125.0
105, 535.0, 125.0
106, 396.0, 126.0
107, 120.0, 128.0
108, 271.0, 128.0
109, 266.0, 129.0
110, 309.0, 129.0
111, 324.0, 129.0
112, 336.0, 129.0
113, 577.0, 129.0
114, 588.0, 133.0
115, 198.0, 134.0
116, 264.0, 134.0
117, 558.0, 134.0
118, 548.0, 135.0
119, 565.0, 135.0
120, 348.0, 136.0
121, 360.0, 136.0
122, 35.0, 137.0
123, 210.0, 137.0
124, 396.0, 137.0
125, 571.0, 137.0
126, 179.0, 138.0
127, 185.0, 138.0
128, 314.0, 138.0
129, 337.0, 138.0
130, 269.0, 139.0
131, 306.0, 139.0
132, 326.0, 139.0
133, 576.0, 139.0
134, 169.0, 140.0
135, 149.0, 142.0
136, 160.0, 142.0
137, 264.0, 142.0
138, 381.0, 142.0
139, 126.0, 144.0
140, 305.0, 144.0
141, 375.0, 144.0
142, 554.0, 144.0
143, 171.0, 145.0
144, 387.0, 145.0
145, 346.0, 146.0
146, 532.0, 146.0
147, 580.0, 146.0
148, 266.0, 147.0
149, 329.0, 148.0
150, 101.0, 149.0
151, 212.0, 149.0
152, 305.0, 149.0
153, 360.0, 149.0
154, 679.0, 149.0
155, 153.0, 150.0
156, 163.0, 150.0
157, 90.0, 151.0
158, 192.0, 151.0
159, 315.0, 151.0
160, 11.0, 152.0
161, 179.0, 152.0
162, 201.0, 152.0
163, 271.0, 152.0
164, 128.0, 153.0
165, 64.0, 154.0
166, 79.0, 154.0
167, 322.0, 154.0
168, 164.0, 155.0
169, 35.0, 156.0
170, 13.0, 157.0
171, 92.0, 157.0
172, 139.0, 157.0
173, 307.0, 157.0
174, 300.0, 159.0
175, 322.0, 159.0
176, 188.0, 160.0
177, 193.0, 160.0
178, 183.0, 161.0
179, 71.0, 162.0
180, 103.0, 162.0
181, 118.0, 162.0
182, 404.0, 163.0
183, 130.0, 164.0
184, 672.0, 164.0
185, 360.0, 165.0
186, 345.0, 166.0
187, 104.0, 167.0
188, 144.0, 167.0
189, 331.0, 167.0
190, 306.0, 168.0
191, 316.0, 168.0
192, 311.0, 169.0
193, 53.0, 170.0
194, 196.0, 170.0
195, 120.0, 172.0
196, 204.0, 172.0
197, 269.0, 172.0
198, 108.0, 173.0
199, 685.0, 173.0
200, 184.0, 174.0
201, 663.0, 175.0
202, 42.0, 176.0
203, 172.0, 176.0
204, 22.0, 177.0
205, 134.0, 177.0
206, 147.0, 177.0
207, 159.0, 177.0
208, 244.0, 177.0
209, 399.0, 177.0
210, 60.0, 180.0
211, 321.0, 180.0
212, 695.0, 180.0
213, 8.0, 181.0
214, 13.0, 181.0
215, 218.0, 181.0
216, 124.0, 182.0
217, 135.0, 182.0
218, 110.0, 188.0
219, 707.0, 188.0
220, 36.0, 189.0
221, 183.0, 189.0
222, 96.0, 190.0
223, 165.0, 191.0
224, 395.0, 191.0
225, 221.0, 192.0
226, 64.0, 193.0
227, 20.0, 194.0
228, 214.0, 194.0
229, 431.0, 195.0
230, 50.0, 196.0
231, 175.0, 198.0
232, 207.0, 198.0
233, 33.0, 202.0
234, 111.0, 203.0
235, 178.0, 205.0
236, 540.0, 205.0
237, 88.0, 207.0
238, 545.0, 207.0
239, 443.0, 208.0
240, 448.0, 212.0
241, 102.0, 213.0
242, 143.0, 213.0
243, 516.0, 213.0
244, 37.0, 215.0
245, 531.0, 216.0
246, 42.0, 218.0
247, 106.0, 221.0
248, 539.0, 222.0
249, 526.0, 225.0
250, 582.0, 227.0
251, 46.0, 228.0
252, 65.0, 230.0
253, 35.0, 231.0
254, 552.0, 231.0
255, 520.0, 234.0
256, 435.0, 236.0
257, 454.0, 237.0
258, 528.0, 238.0
259, 517.0, 239.0
260, 615.0, 239.0
261, 481.0, 242.0
262, 661.0, 243.0
263, 511.0, 248.0
264, 537.0, 251.0
265, 524.0, 254.0
266, 604.0, 254.0
267, 517.0, 256.0
268, 56.0, 257.0
269, 505.0, 257.0
270, 537.0, 261.0
271, 634.0, 261.0
272, 597.0, 264.0
273, 624.0, 264.0
274, 65.0, 266.0
275, 551.0, 267.0
276, 58.0, 270.0
277, 526.0, 270.0
278, 542.0, 270.0
279, 251.0, 271.0
280, 495.0, 271.0
281, 459.0, 272.0
282, 630.0, 272.0
283, 475.0, 274.0
284, 593.0, 274.0
285, 614.0, 277.0
286, 562.0, 279.0
287, 603.0, 279.0
288, 545.0, 280.0
289, 510.0, 281.0
290, 72.0, 282.0
291, 470.0, 282.0
292, 646.0, 282.0
293, 625.0, 283.0
294, 523.0, 284.0
295, 584.0, 284.0
296, 471.0, 288.0
297, 610.0, 288.0
298, 209.0, 289.0
299, 484.0, 289.0
300, 551.0, 289.0
301, 74.0, 290.0
302, 564.0, 290.0
303, 526.0, 291.0
304, 578.0, 291.0
305, 620.0, 295.0
306, 546.0, 297.0
307, 573.0, 297.0
308, 600.0, 298.0
309, 554.0, 300.0
310, 630.0, 303.0
311, 567.0, 305.0
312, 613.0, 307.0
313, 572.0, 308.0
314, 594.0, 308.0
315, 72.0, 310.0
316, 640.0, 310.0
317, 199.0, 317.0
318, 609.0, 318.0
319, 77.0, 319.0
320, 585.0, 319.0
321, 596.0, 320.0
322, 417.0, 321.0
323, 557.0, 321.0
324, 621.0, 321.0
325, 632.0, 324.0
326, 474.0, 326.0
327, 601.0, 331.0
328, 91.0, 332.0
329, 435.0, 336.0
330, 194.0, 337.0
331, 626.0, 338.0
332, 432.0, 342.0
333, 30.0, 343.0
334, 639.0, 345.0
335, 620.0, 346.0
336, 432.0, 347.0
337, 30.0, 348.0
338, 536.0, 351.0
339, 102.0, 352.0
340, 431.0, 352.0
341, 72.0, 354.0
342, 632.0, 354.0
343, 616.0, 355.0
344, 157.0, 356.0
345, 535.0, 356.0
346, 644.0, 356.0
347, 658.0, 356.0
348, 449.0, 359.0
349, 536.0, 361.0
350, 681.0, 363.0
351, 381.0, 364.0
352, 151.0, 366.0
353, 34.0, 368.0
354, 456.0, 369.0
355, 652.0, 369.0
356, 112.0, 370.0
357, 552.0, 370.0
358, 96.0, 371.0
359, 155.0, 374.0
360, 548.0, 375.0
361, 553.0, 375.0
362, 643.0, 376.0
363, 82.0, 381.0
364, 91.0, 383.0
365, 141.0, 383.0
366, 125.0, 384.0
367, 131.0, 386.0
368, 136.0, 386.0
369, 577.0, 386.0
370, 679.0, 386.0
371, 669.0, 387.0
372, 674.0, 387.0
373, 101.0, 390.0
374, 400.0, 391.0
375, 576.0, 391.0
376, 90.0, 396.0
377, 575.0, 396.0
378, 125.0, 398.0
379, 396.0, 398.0
380, 348.0, 399.0
381, 574.0, 401.0
382, 396.0, 403.0
383, 638.0, 403.0
384, 643.0, 403.0
385, 85.0, 405.0
386, 395.0, 408.0
387, 86.0, 410.0
388, 739.0, 414.0
389, 410.0, 415.0
390, 734.0, 418.0
391, 488.0, 419.0
392, 691.0, 419.0
393, 696.0, 420.0
394, 701.0, 422.0
395, 478.0, 424.0
396, 483.0, 427.0
397, 729.0, 427.0
398, 476.0, 429.0
399, 455.0, 431.0
400, 578.0, 433.0
401, 482.0, 439.0
402, 487.0, 439.0
403, 495.0, 441.0
404, 496.0, 446.0
405, 714.0, 448.0
406, 407.0, 449.0
407, 360.0, 455.0
408, 376.0, 457.0
409, 365.0, 458.0
410, 458.0, 461.0
411, 694.0, 469.0
