0, 253.0, 9.0
1, 135.0, 11.0
2, 708.0, 11.0
3, 728.0, 11.0
4, 273.0, 15.0
5, 135.0, 16.0
6, 155.0, 17.0
7, 344.0, 19.0
8, 335.0, 23.0
9, 714.0, 23.0
10, 136.0, 25.0
11, 659.0, 28.0
12, 690.0, 30.0
13, 615.0, 31.0
14, 640.0, 32.0
15, 633.0, 35.0
16, 593.0, 36.0
17, 614.0, 36.0
18, 207.0, 37.0
19, 175.0, 39.0
20, 136.0, 41.0
21, 89.0, 42.0
22, 110.0, 42.0
23, 353.0, 42.0
24, 612.0, 43.0
25, 620.0, 43.0
26, 687.0, 43.0
27, 579.0, 44.0
28, 600.0, 44.0
29, 176.0, 45.0
30, 275.0, 46.0
31, 656.0, 46.0
32, 163.0, 48.0
33, 263.0, 48.0
34, 687.0, 48.0
35, 698.0, 49.0
36, 118.0, 50.0
37, 193.0, 50.0
38, 352.0, 51.0
39, 655.0, 51.0
40, 137.0, 52.0
41, 95.0, 54.0
42, 106.0, 55.0
43, 125.0, 55.0
44, 627.0, 55.0
45, 644.0, 55.0
46, 685.0, 57.0
47, 203.0, 59.0
48, 165.0, 62.0
49, 151.0, 63.0
50, 180.0, 63.0
51, 277.0, 64.0
52, 127.0, 66.0
53, 370.0, 67.0
54, 111.0, 68.0
55, 116.0, 68.0
56, 264.0, 68.0
57, 121.0, 69.0
58, 99.0, 70.0
59, 621.0, 70.0
60, 252.0, 71.0
61, 167.0, 73.0
62, 173.0, 73.0
63, 682.0, 73.0
64, 156.0, 74.0
65, 161.0, 74.0
66, 98.0, 75.0
67, 148.0, 75.0
68, 600.0, 75.0
69, 278.0, 76.0
70, 640.0, 76.0
71, 619.0, 79.0
72, 102.0, 80.0
73, 125.0, 80.0
74, 115.0, 81.0
75, 630.0, 82.0
76, 154.0, 83.0
77, 391.0, 84.0
78, 583.0, 85.0
79, 180.0, 86.0
80, 193.0, 87.0
81, 155.0, 88.0
82, 160.0, 88.0
83, 169.0, 88.0
84, 356.0, 88.0
85, 145.0, 89.0
86, 216.0, 91.0
87, 194.0, 92.0
88, 649.0, 92.0
89, 389.0, 93.0
90, 178.0, 96.0
91, 635.0, 96.0
92, 162.0, 97.0
93, 131.0, 98.0
94, 142.0, 98.0
95, 391.0, 98.0
96, 108.0, 102.0
97, 587.0, 103.0
98, 726.0, 103.0
99, 682.0, 106.0
100, 705.0, 106.0
101, 104.0, 107.0
102, 203.0, 107.0
103, 218.0, 107.0
104, 182.0, 108.0
105, 187.0, 108.0
106, 211.0, 108.0
107, 670.0, 108.0
108, 677.0, 108.0
109, 165.0, 110.0
110, 150.0, 111.0
111, 326.0, 111.0
112, 608.0, 112.0
113, 630.0, 112.0
114, 111.0, 113.0
115, 144.0, 113.0
116, 124.0, 114.0
117, 139.0, 114.0
118, 649.0, 114.0
119, 96.0, 117.0
120, 172.0, 117.0
121, 586.0, 117.0
122, 144.0, 118.0
123, 209.0, 119.0
124, 574.0, 119.0
125, 185.0, 120.0
126, 197.0, 120.0
127, 603.0, 120.0
128, 616.0, 122.0
129, 139.0, 123.0
130, 144.0, 123.0
131, 126.0, 124.0
132, 117.0, 125.0
133, 86.0, 126.0
134, 105.0, 127.0
135, 426.0, 128.0
136, 188.0, 130.0
137, 383.0, 130.0
138, 388.0, 130.0
139, 87.0, 131.0
140, 271.0, 131.0
141, 355.0, 133.0
142, 343.0, 135.0
143, 305.0, 136.0
144, 318.0, 136.0
145, 329.0, 136.0
146, 203.0, 137.0
147, 293.0, 139.0
148, 248.0, 140.0
149, 256.0, 141.0
150, 272.0, 141.0
151, 192.0, 142.0
152, 243.0, 142.0
153, 571.0, 142.0
154, 229.0, 144.0
155, 193.0, 147.0
156, 207.0, 148.0
157, 660.0, 155.0
158, 668.0, 155.0
159, 655.0, 156.0
160, 569.0, 157.0
161, 543.0, 159.0
162, 198.0, 160.0
163, 592.0, 160.0
164, 610.0, 160.0
165, 591.0, 166.0
166, 524.0, 167.0
167, 531.0, 169.0
168, 575.0, 170.0
169, 536.0, 171.0
170, 160.0, 172.0
171, 235.0, 172.0
172, 544.0, 172.0
173, 565.0, 172.0
174, 560.0, 173.0
175, 122.0, 175.0
176, 200.0, 175.0
177, 230.0, 176.0
178, 80.0, 179.0
179, 220.0, 180.0
180, 101.0, 181.0
181, 467.0, 181.0
182, 142.0, 182.0
183, 430.0, 182.0
184, 58.0, 183.0
185, 236.0, 186.0
186, 575.0, 187.0
187, 97.0, 188.0
188, 560.0, 189.0
189, 437.0, 190.0
190, 118.0, 192.0
191, 97.0, 193.0
192, 106.0, 194.0
193, 90.0, 195.0
194, 242.0, 195.0
195, 66.0, 197.0
196, 17.0, 199.0
197, 224.0, 199.0
198, 685.0, 199.0
199, 430.0, 200.0
200, 561.0, 200.0
201, 675.0, 200.0
202, 37.0, 201.0
203, 572.0, 201.0
204, 664.0, 201.0
205, 524.0, 202.0
206, 235.0, 203.0
207, 430.0, 205.0
208, 512.0, 205.0
209, 504.0, 206.0
210, 602.0, 206.0
211, 616.0, 206.0
212, 688.0, 206.0
213, 588.0, 207.0
214, 450.0, 209.0
215, 533.0, 209.0
216, 431.0, 211.0
217, 441.0, 211.0
218, 691.0, 211.0
219, 586.0, 212.0
220, 681.0, 212.0
221, 42.0, 213.0
222, 236.0, 213.0
223, 245.0, 213.0
224, 226.0, 214.0
225, 659.0, 214.0
226, 459.0, 215.0
227, 669.0, 215.0
228, 506.0, 216.0
229, 525.0, 216.0
230, 586.0, 217.0
231, 618.0, 217.0
232, 474.0, 219.0
233, 439.0, 220.0
234, 269.0, 221.0
235, 430.0, 221.0
236, 583.0, 222.0
237, 11.0, 223.0
238, 246.0, 223.0
239, 238.0, 224.0
240, 228.0, 225.0
241, 142.0, 226.0
242, 147.0, 226.0
243, 155.0, 226.0
244, 671.0, 226.0
245, 116.0, 227.0
246, 103.0, 228.0
247, 111.0, 228.0
248, 197.0, 228.0
249, 453.0, 228.0
250, 463.0, 228.0
251, 74.0, 231.0
252, 217.0, 231.0
253, 401.0, 231.0
254, 427.0, 231.0
255, 258.0, 232.0
256, 396.0, 232.0
257, 447.0, 232.0
258, 184.0, 233.0
259, 201.0, 233.0
260, 212.0, 234.0
261, 170.0, 235.0
262, 147.0, 236.0
263, 152.0, 236.0
264, 137.0, 238.0
265, 17.0, 240.0
266, 103.0, 240.0
267, 239.0, 242.0
268, 270.0, 242.0
269, 232.0, 243.0
270, 700.0, 243.0
271, 726.0, 243.0
272, 249.0, 244.0
273, 112.0, 245.0
274, 164.0, 245.0
275, 185.0, 245.0
276, 721.0, 245.0
277, 672.0, 246.0
278, 497.0, 247.0
279, 19.0, 248.0
280, 124.0, 248.0
281, 153.0, 248.0
282, 175.0, 248.0
283, 204.0, 249.0
284, 623.0, 250.0
285, 192.0, 251.0
286, 87.0, 252.0
287, 108.0, 252.0
288, 608.0, 252.0
289, 82.0, 253.0
290, 35.0, 254.0
291, 584.0, 255.0
292, 24.0, 258.0
293, 172.0, 258.0
294, 183.0, 262.0
295, 127.0, 264.0
296, 154.0, 264.0
297, 91.0, 265.0
298, 99.0, 265.0
299, 73.0, 266.0
300, 108.0, 266.0
301, 678.0, 267.0
302, 32.0, 268.0
303, 209.0, 268.0
304, 711.0, 268.0
305, 173.0, 269.0
306, 148.0, 273.0
307, 160.0, 273.0
308, 141.0, 275.0
309, 180.0, 276.0
310, 44.0, 277.0
311, 75.0, 278.0
312, 200.0, 279.0
313, 35.0, 280.0
314, 52.0, 283.0
315, 139.0, 283.0
316, 109.0, 285.0
317, 156.0, 285.0
318, 184.0, 286.0
319, 711.0, 286.0
320, 679.0, 287.0
321, 172.0, 290.0
322, 189.0, 291.0
323, 712.0, 291.0
324, 679.0, 292.0
325, 161.0, 293.0
326, 38.0, 294.0
327, 90.0, 295.0
328, 628.0, 296.0
329, 270.0, 297.0
330, 582.0, 298.0
331, 179.0, 302.0
332, 150.0, 303.0
333, 163.0, 304.0
334, 170.0, 313.0
335, 161.0, 315.0
336, 124.0, 317.0
337, 94.0, 321.0
338, 701.0, 321.0
339, 77.0, 325.0
340, 51.0, 329.0
341, 411.0, 331.0
342, 701.0, 333.0
343, 135.0, 336.0
344, 699.0, 338.0
345, 23.0, 339.0
346, 695.0, 343.0
347, 706.0, 349.0
348, 137.0, 354.0
349, 133.0, 359.0
350, 424.0, 359.0
351, 689.0, 360.0
352, 79.0, 368.0
353, 115.0, 368.0
354, 687.0, 369.0
355, 144.0, 375.0
356, 695.0, 377.0
357, 125.0, 380.0
358, 138.0, 380.0
359, 109.0, 385.0
360, 145.0, 388.0
361, 373.0, 388.0
362, 98.0, 390.0
363, 674.0, 393.0
364, 144.0, 395.0
365, 675.0, 398.0
366, 119.0, 399.0
367, 105.0, 402.0
368, 459.0, 402.0
369, 549.0, 404.0
370, 516.0, 406.0
371, 509.0, 407.0
372, 114.0, 408.0
373, 681.0, 408.0
374, 101.0, 410.0
375, 563.0, 410.0
376, 686.0, 410.0
377, 335.0, 412.0
378, 156.0, 414.0
379, 679.0, 419.0
380, 137.0, 422.0
381, 358.0, 423.0
382, 349.0, 425.0
383, 105.0, 432.0
384, 73.0, 434.0
385, 674.0, 434.0
386, 594.0, 435.0
387, 616.0, 435.0
388, 621.0, 435.0
389, 56.0, 436.0
390, 626.0, 436.0
391, 51.0, 437.0
392, 162.0, 438.0
393, 38.0, 440.0
394, 613.0, 440.0
395, 82.0, 441.0
396, 131.0, 444.0
397, 677.0, 447.0
398, 646.0, 449.0
399, 657.0, 450.0
400, 81.0, 452.0
401, 98.0, 452.0
402, 145.0, 452.0
403, 73.0, 459.0
404, 670.0, 459.0
405, 336.0, 465.0
406, 122.0, 466.0
407, 141.0, 467.0
408, 656.0, 467.0
409, 107.0, 471.0
