0, 388.0, 106.0
1, 78.0, 221.0
2, 216.0, 97.0
3, 535.0, 284.0
4, 92.0, 138.0
5, 18.0, 151.0
6, 305.0, 221.0
7, 443.0, 64.0
8, 274.0, 222.0
9, 239.0, 209.0
10, 67.0, 145.0
11, 382.0, 427.0
12, 398.0, 215.0
13, 388.0, 78.0
14, 312.0, 201.0
15, 256.0, 96.0
16, 113.0, 98.0
17, 300.0, 182.0
18, 235.0, 231.0
19, 197.0, 124.0
20, 429.0, 223.0
21, 267.0, 107.0
22, 523.0, 365.0
23, 546.0, 139.0
24, 122.0, 135.0
25, 87.0, 111.0
26, 279.0, 184.0
27, 533.0, 297.0
28, 414.0, 457.0
29, 431.0, 468.0
30, 455.0, 466.0
31, 96.0, 173.0
32, 523.0, 279.0
33, 387.0, 117.0
34, 348.0, 79.0
35, 314.0, 357.0
36, 374.0, 438.0
37, 432.0, 191.0
38, 187.0, 271.0
39, 175.0, 150.0
40, 93.0, 219.0
41, 410.0, 447.0
42, 467.0, 429.0
43, 115.0, 70.0
44, 268.0, 209.0
45, 397.0, 446.0
46, 226.0, 210.0
47, 118.0, 248.0
48, 331.0, 207.0
49, 442.0, 92.0
50, 349.0, 107.0
51, 311.0, 106.0
52, 417.0, 471.0
53, 29.0, 144.0
54, 36.0, 130.0
55, 177.0, 179.0
56, 93.0, 370.0
57, 255.0, 209.0
58, 85.0, 181.0
59, 155.0, 83.0
60, 265.0, 81.0
61, 263.0, 185.0
62, 42.0, 118.0
63, 553.0, 81.0
64, 388.0, 93.0
65, 384.0, 437.0
66, 474.0, 318.0
67, 290.0, 220.0
68, 291.0, 184.0
69, 131.0, 124.0
70, 262.0, 256.0
71, 412.0, 166.0
72, 244.0, 139.0
73, 347.0, 430.0
74, 293.0, 325.0
75, 85.0, 74.0
76, 530.0, 315.0
77, 281.0, 207.0
78, 556.0, 58.0
79, 559.0, 44.0
80, 204.0, 98.0
81, 444.0, 431.0
82, 359.0, 429.0
83, 284.0, 119.0
84, 444.0, 468.0
85, 438.0, 148.0
86, 399.0, 93.0
87, 105.0, 356.0
88, 115.0, 170.0
89, 322.0, 94.0
90, 289.0, 157.0
91, 48.0, 148.0
92, 334.0, 411.0
93, 516.0, 326.0
94, 103.0, 55.0
95, 315.0, 166.0
96, 441.0, 274.0
97, 452.0, 454.0
98, 159.0, 188.0
99, 300.0, 139.0
100, 320.0, 253.0
101, 336.0, 118.0
102, 256.0, 107.0
103, 313.0, 190.0
104, 390.0, 406.0
105, 71.0, 291.0
106, 120.0, 60.0
107, 443.0, 128.0
108, 208.0, 31.0
109, 444.0, 165.0
110, 234.0, 370.0
111, 155.0, 319.0
112, 33.0, 119.0
113, 573.0, 24.0
114, 440.0, 454.0
115, 490.0, 308.0
116, 532.0, 43.0
117, 390.0, 460.0
118, 429.0, 422.0
119, 450.0, 115.0
120, 427.0, 456.0
121, 440.0, 105.0
122, 388.0, 63.0
123, 282.0, 281.0
124, 96.0, 288.0
125, 362.0, 451.0
126, 554.0, 103.0
127, 569.0, 54.0
128, 239.0, 439.0
129, 75.0, 127.0
130, 170.0, 209.0
131, 313.0, 331.0
132, 404.0, 414.0
133, 526.0, 344.0
134, 202.0, 83.0
135, 649.0, 311.0
136, 100.0, 192.0
137, 370.0, 418.0
138, 119.0, 48.0
139, 419.0, 336.0
140, 421.0, 434.0
141, 310.0, 95.0
142, 524.0, 353.0
143, 39.0, 143.0
144, 432.0, 432.0
145, 316.0, 132.0
146, 158.0, 99.0
147, 346.0, 420.0
148, 280.0, 193.0
149, 536.0, 208.0
150, 54.0, 130.0
151, 147.0, 211.0
152, 412.0, 132.0
153, 67.0, 230.0
154, 361.0, 440.0
155, 317.0, 119.0
156, 348.0, 465.0
157, 331.0, 79.0
158, 113.0, 131.0
159, 389.0, 352.0
160, 92.0, 42.0
161, 414.0, 242.0
162, 371.0, 427.0
163, 238.0, 195.0
164, 94.0, 278.0
165, 299.0, 244.0
166, 313.0, 348.0
167, 148.0, 134.0
168, 359.0, 349.0
169, 427.0, 357.0
170, 279.0, 272.0
171, 217.0, 108.0
172, 348.0, 94.0
173, 394.0, 425.0
174, 167.0, 83.0
175, 388.0, 397.0
176, 217.0, 140.0
177, 442.0, 78.0
178, 396.0, 436.0
179, 209.0, 345.0
180, 219.0, 19.0
181, 267.0, 97.0
182, 500.0, 321.0
183, 75.0, 210.0
184, 18.0, 68.0
185, 383.0, 373.0
186, 547.0, 43.0
187, 308.0, 376.0
188, 150.0, 43.0
189, 311.0, 44.0
190, 69.0, 196.0
191, 379.0, 407.0
192, 433.0, 26.0
193, 247.0, 154.0
194, 320.0, 79.0
195, 492.0, 294.0
196, 78.0, 137.0
197, 257.0, 150.0
198, 44.0, 42.0
199, 117.0, 190.0
200, 42.0, 162.0
201, 344.0, 362.0
202, 482.0, 341.0
203, 336.0, 452.0
204, 374.0, 447.0
205, 462.0, 139.0
206, 411.0, 93.0
207, 48.0, 192.0
208, 385.0, 448.0
209, 95.0, 124.0
210, 249.0, 175.0
211, 291.0, 290.0
212, 158.0, 123.0
213, 143.0, 348.0
214, 125.0, 70.0
215, 207.0, 109.0
216, 387.0, 221.0
217, 459.0, 441.0
218, 237.0, 244.0
219, 309.0, 80.0
220, 214.0, 81.0
221, 447.0, 441.0
222, 502.0, 293.0
223, 409.0, 105.0
224, 169.0, 136.0
225, 336.0, 252.0
226, 116.0, 113.0
227, 170.0, 66.0
228, 313.0, 289.0
229, 379.0, 343.0
230, 72.0, 54.0
231, 141.0, 142.0
232, 181.0, 13.0
233, 226.0, 196.0
234, 180.0, 200.0
235, 413.0, 403.0
236, 128.0, 177.0
237, 81.0, 170.0
238, 254.0, 80.0
239, 97.0, 68.0
240, 557.0, 114.0
241, 324.0, 106.0
242, 199.0, 142.0
243, 128.0, 156.0
244, 356.0, 392.0
245, 61.0, 100.0
246, 97.0, 246.0
247, 374.0, 460.0
248, 59.0, 197.0
249, 136.0, 220.0
250, 104.0, 18.0
251, 139.0, 153.0
252, 656.0, 302.0
253, 537.0, 262.0
254, 398.0, 44.0
255, 160.0, 173.0
256, 433.0, 265.0
257, 493.0, 405.0
258, 424.0, 149.0
259, 252.0, 65.0
260, 357.0, 417.0
261, 344.0, 174.0
262, 333.0, 379.0
263, 427.0, 130.0
264, 417.0, 414.0
265, 142.0, 248.0
266, 116.0, 26.0
267, 131.0, 164.0
268, 434.0, 444.0
269, 348.0, 64.0
270, 391.0, 416.0
271, 550.0, 250.0
272, 511.0, 277.0
273, 641.0, 291.0
274, 402.0, 406.0
275, 231.0, 23.0
276, 200.0, 175.0
277, 143.0, 175.0
278, 267.0, 195.0
279, 91.0, 157.0
280, 202.0, 270.0
281, 108.0, 142.0
282, 576.0, 14.0
283, 419.0, 421.0
284, 536.0, 141.0
285, 417.0, 62.0
286, 21.0, 134.0
287, 159.0, 110.0
288, 102.0, 112.0
289, 387.0, 132.0
290, 114.0, 285.0
291, 153.0, 67.0
292, 79.0, 267.0
293, 256.0, 127.0
294, 75.0, 112.0
295, 543.0, 183.0
296, 635.0, 311.0
297, 470.0, 306.0
298, 389.0, 51.0
299, 281.0, 256.0
300, 187.0, 346.0
301, 83.0, 62.0
302, 566.0, 78.0
303, 306.0, 272.0
304, 379.0, 17.0
305, 418.0, 212.0
306, 108.0, 78.0
307, 402.0, 17.0
308, 132.0, 197.0
309, 359.0, 187.0
310, 186.0, 138.0
311, 508.0, 463.0
312, 174.0, 194.0
313, 70.0, 186.0
314, 9.0, 229.0
315, 447.0, 189.0
316, 74.0, 99.0
317, 34.0, 255.0
318, 519.0, 253.0
319, 300.0, 207.0
320, 116.0, 356.0
321, 552.0, 236.0
322, 296.0, 121.0
323, 359.0, 152.0
324, 164.0, 148.0
325, 442.0, 231.0
326, 264.0, 65.0
327, 563.0, 9.0
328, 57.0, 174.0
329, 336.0, 95.0
330, 154.0, 250.0
331, 43.0, 102.0
332, 285.0, 173.0
333, 492.0, 344.0
334, 438.0, 411.0
335, 489.0, 270.0
336, 30.0, 155.0
337, 45.0, 178.0
338, 52.0, 156.0
339, 421.0, 318.0
340, 519.0, 291.0
341, 391.0, 17.0
342, 405.0, 231.0
343, 380.0, 416.0
344, 328.0, 189.0
345, 298.0, 256.0
346, 332.0, 63.0
347, 227.0, 30.0
348, 454.0, 26.0
349, 264.0, 300.0
350, 330.0, 306.0
351, 368.0, 328.0
352, 481.0, 309.0
353, 560.0, 33.0
354, 122.0, 83.0
355, 542.0, 216.0
356, 272.0, 172.0
357, 475.0, 72.0
358, 123.0, 349.0
359, 269.0, 380.0
360, 381.0, 360.0
361, 27.0, 112.0
362, 284.0, 57.0
363, 401.0, 396.0
364, 89.0, 198.0
365, 365.0, 9.0
366, 140.0, 162.0
367, 376.0, 160.0
368, 364.0, 309.0
369, 518.0, 224.0
370, 471.0, 438.0
371, 80.0, 229.0
372, 411.0, 78.0
373, 472.0, 47.0
374, 503.0, 257.0
375, 434.0, 8.0
376, 363.0, 461.0
377, 415.0, 226.0
378, 451.0, 77.0
379, 398.0, 179.0
380, 335.0, 431.0
381, 120.0, 294.0
382, 66.0, 43.0
383, 127.0, 110.0
384, 518.0, 78.0
385, 404.0, 339.0
386, 297.0, 270.0
387, 250.0, 188.0
388, 91.0, 387.0
389, 26.0, 166.0
390, 192.0, 205.0
391, 420.0, 176.0
392, 269.0, 325.0
393, 262.0, 29.0
394, 313.0, 182.0
395, 427.0, 250.0
396, 455.0, 128.0
397, 367.0, 339.0
398, 418.0, 197.0
399, 463.0, 123.0
400, 650.0, 319.0
401, 130.0, 412.0
402, 64.0, 372.0
403, 249.0, 421.0
404, 106.0, 309.0
405, 388.0, 43.0
406, 374.0, 186.0
407, 356.0, 400.0
408, 111.0, 47.0
409, 216.0, 121.0
410, 422.0, 165.0
411, 450.0, 105.0
412, 455.0, 48.0
413, 424.0, 443.0
414, 184.0, 123.0
415, 259.0, 229.0
416, 20.0, 370.0
417, 450.0, 249.0
418, 333.0, 221.0
419, 112.0, 158.0
420, 266.0, 119.0
421, 411.0, 395.0
422, 95.0, 91.0
423, 450.0, 92.0
424, 194.0, 19.0
425, 24.0, 195.0
426, 571.0, 42.0
427, 241.0, 354.0
428, 393.0, 374.0
429, 224.0, 238.0
430, 103.0, 265.0
431, 472.0, 365.0
432, 477.0, 58.0
433, 361.0, 62.0
434, 368.0, 116.0
435, 369.0, 94.0
436, 110.0, 229.0
437, 438.0, 209.0
438, 436.0, 181.0
439, 493.0, 44.0
440, 364.0, 383.0
441, 184.0, 357.0
442, 493.0, 282.0
443, 698.0, 442.0
444, 442.0, 201.0
445, 223.0, 435.0
446, 230.0, 318.0
447, 444.0, 294.0
448, 64.0, 181.0
449, 221.0, 173.0
450, 267.0, 333.0
451, 212.0, 271.0
452, 51.0, 55.0
453, 249.0, 32.0
454, 368.0, 79.0
455, 512.0, 438.0
456, 433.0, 115.0
457, 408.0, 358.0
458, 466.0, 91.0
459, 23.0, 45.0
460, 90.0, 54.0
461, 500.0, 124.0
462, 327.0, 154.0
463, 81.0, 383.0
464, 313.0, 64.0
465, 403.0, 63.0
466, 227.0, 224.0
467, 498.0, 142.0
468, 218.0, 366.0
469, 176.0, 129.0
470, 348.0, 9.0
471, 106.0, 369.0
472, 218.0, 196.0
473, 456.0, 282.0
474, 295.0, 230.0
475, 512.0, 368.0
476, 94.0, 344.0
477, 513.0, 266.0
478, 53.0, 65.0
479, 78.0, 239.0
480, 99.0, 450.0
481, 510.0, 287.0
482, 279.0, 337.0
483, 311.0, 311.0
484, 499.0, 353.0
485, 375.0, 125.0
486, 521.0, 386.0
487, 473.0, 140.0
488, 726.0, 209.0
489, 516.0, 298.0
490, 316.0, 238.0
491, 299.0, 378.0
492, 323.0, 181.0
493, 145.0, 25.0
494, 442.0, 392.0
495, 403.0, 459.0
496, 416.0, 282.0
497, 398.0, 193.0
498, 159.0, 132.0
499, 252.0, 438.0
