0, 328.0, 239.0
1, 577.0, 163.0
2, 440.0, 468.0
3, 460.0, 321.0
4, 217.0, 302.0
5, 603.0, 460.0
6, 525.0, 454.0
7, 567.0, 191.0
8, 501.0, 404.0
9, 520.0, 187.0
10, 340.0, 292.0
11, 630.0, 32.0
12, 653.0, 459.0
13, 396.0, 116.0
14, 375.0, 344.0
15, 417.0, 316.0
16, 615.0, 408.0
17, 345.0, 403.0
18, 541.0, 319.0
19, 346.0, 257.0
20, 265.0, 407.0
21, 273.0, 324.0
22, 610.0, 377.0
23, 552.0, 398.0
24, 534.0, 353.0
25, 542.0, 389.0
26, 532.0, 218.0
27, 631.0, 405.0
28, 532.0, 165.0
29, 348.0, 177.0
30, 271.0, 282.0
31, 249.0, 320.0
32, 332.0, 305.0
33, 677.0, 408.0
34, 486.0, 278.0
35, 298.0, 228.0
36, 266.0, 195.0
37, 290.0, 20.0
38, 292.0, 222.0
39, 512.0, 25.0
40, 567.0, 367.0
41, 731.0, 281.0
42, 530.0, 178.0
43, 301.0, 141.0
44, 448.0, 202.0
45, 154.0, 334.0
46, 298.0, 212.0
47, 432.0, 200.0
48, 503.0, 393.0
49, 670.0, 234.0
50, 589.0, 95.0
51, 369.0, 89.0
52, 572.0, 259.0
53, 654.0, 212.0
54, 347.0, 244.0
55, 509.0, 369.0
56, 296.0, 342.0
57, 642.0, 261.0
58, 678.0, 73.0
59, 606.0, 444.0
60, 136.0, 220.0
61, 389.0, 39.0
62, 283.0, 277.0
63, 554.0, 201.0
64, 623.0, 24.0
65, 700.0, 298.0
66, 299.0, 121.0
67, 398.0, 296.0
68, 548.0, 449.0
69, 564.0, 93.0
70, 374.0, 329.0
71, 514.0, 356.0
72, 509.0, 336.0
73, 386.0, 289.0
74, 545.0, 357.0
75, 150.0, 218.0
76, 342.0, 103.0
77, 581.0, 270.0
78, 358.0, 229.0
79, 532.0, 237.0
80, 412.0, 65.0
81, 256.0, 258.0
82, 314.0, 258.0
83, 93.0, 399.0
84, 55.0, 468.0
85, 520.0, 269.0
86, 661.0, 143.0
87, 410.0, 76.0
88, 568.0, 344.0
89, 542.0, 91.0
90, 397.0, 382.0
91, 482.0, 467.0
92, 94.0, 12.0
93, 278.0, 15.0
94, 210.0, 434.0
95, 435.0, 236.0
96, 698.0, 402.0
97, 148.0, 433.0
98, 584.0, 219.0
99, 567.0, 447.0
100, 198.0, 397.0
101, 386.0, 254.0
102, 594.0, 177.0
103, 327.0, 264.0
104, 203.0, 93.0
105, 212.0, 395.0
106, 370.0, 35.0
107, 660.0, 265.0
108, 602.0, 338.0
109, 566.0, 202.0
110, 721.0, 163.0
111, 525.0, 468.0
112, 358.0, 411.0
113, 539.0, 401.0
114, 592.0, 349.0
115, 563.0, 223.0
116, 424.0, 40.0
117, 523.0, 13.0
118, 550.0, 304.0
119, 615.0, 290.0
120, 411.0, 460.0
121, 504.0, 145.0
122, 725.0, 413.0
123, 361.0, 165.0
124, 304.0, 383.0
125, 493.0, 373.0
126, 29.0, 399.0
127, 315.0, 371.0
128, 205.0, 350.0
129, 560.0, 337.0
130, 651.0, 279.0
131, 256.0, 419.0
132, 311.0, 221.0
133, 131.0, 343.0
134, 184.0, 432.0
135, 383.0, 94.0
136, 196.0, 378.0
137, 504.0, 379.0
138, 464.0, 151.0
139, 522.0, 343.0
140, 195.0, 420.0
141, 659.0, 417.0
142, 424.0, 80.0
143, 719.0, 379.0
144, 249.0, 280.0
145, 135.0, 357.0
146, 235.0, 87.0
147, 580.0, 151.0
148, 413.0, 378.0
149, 377.0, 259.0
150, 255.0, 231.0
151, 423.0, 328.0
152, 354.0, 345.0
153, 374.0, 305.0
154, 736.0, 267.0
155, 645.0, 249.0
156, 681.0, 126.0
157, 620.0, 377.0
158, 450.0, 302.0
159, 610.0, 394.0
160, 603.0, 415.0
161, 649.0, 231.0
162, 696.0, 137.0
163, 337.0, 317.0
164, 478.0, 449.0
165, 519.0, 249.0
166, 664.0, 252.0
167, 328.0, 227.0
168, 346.0, 271.0
169, 448.0, 326.0
170, 429.0, 283.0
171, 503.0, 33.0
172, 283.0, 250.0
173, 374.0, 369.0
174, 571.0, 216.0
175, 562.0, 163.0
176, 534.0, 424.0
177, 195.0, 338.0
178, 457.0, 158.0
179, 327.0, 205.0
180, 557.0, 230.0
181, 676.0, 334.0
182, 614.0, 95.0
183, 472.0, 278.0
184, 327.0, 191.0
185, 555.0, 386.0
186, 111.0, 70.0
187, 156.0, 347.0
188, 252.0, 347.0
189, 345.0, 33.0
190, 508.0, 204.0
191, 675.0, 215.0
192, 591.0, 341.0
193, 144.0, 391.0
194, 436.0, 330.0
195, 206.0, 364.0
196, 268.0, 232.0
197, 424.0, 130.0
198, 523.0, 206.0
199, 539.0, 10.0
200, 589.0, 291.0
201, 362.0, 337.0
202, 245.0, 373.0
203, 638.0, 277.0
204, 287.0, 319.0
205, 532.0, 394.0
206, 382.0, 52.0
207, 410.0, 411.0
208, 148.0, 421.0
209, 57.0, 92.0
210, 542.0, 429.0
211, 98.0, 447.0
212, 423.0, 23.0
213, 403.0, 422.0
214, 312.0, 420.0
215, 159.0, 356.0
216, 250.0, 334.0
217, 339.0, 183.0
218, 299.0, 112.0
219, 530.0, 371.0
220, 532.0, 269.0
221, 422.0, 305.0
222, 299.0, 295.0
223, 600.0, 152.0
224, 415.0, 196.0
225, 77.0, 199.0
226, 524.0, 359.0
227, 444.0, 69.0
228, 339.0, 76.0
229, 487.0, 384.0
230, 537.0, 44.0
231, 438.0, 454.0
232, 359.0, 262.0
233, 598.0, 222.0
234, 369.0, 52.0
235, 389.0, 191.0
236, 584.0, 470.0
237, 740.0, 247.0
238, 521.0, 98.0
239, 258.0, 277.0
240, 385.0, 64.0
241, 540.0, 73.0
242, 561.0, 257.0
243, 630.0, 449.0
244, 535.0, 148.0
245, 561.0, 413.0
246, 204.0, 101.0
247, 22.0, 324.0
248, 257.0, 291.0
249, 363.0, 218.0
250, 353.0, 83.0
251, 181.0, 14.0
252, 411.0, 295.0
253, 552.0, 431.0
254, 237.0, 77.0
255, 258.0, 246.0
256, 612.0, 421.0
257, 588.0, 202.0
258, 499.0, 414.0
259, 587.0, 407.0
260, 179.0, 414.0
261, 575.0, 450.0
262, 122.0, 190.0
263, 629.0, 152.0
264, 520.0, 147.0
265, 23.0, 389.0
266, 576.0, 369.0
267, 738.0, 353.0
268, 259.0, 305.0
269, 499.0, 165.0
270, 110.0, 322.0
271, 306.0, 403.0
272, 106.0, 419.0
273, 669.0, 111.0
274, 279.0, 192.0
275, 344.0, 49.0
276, 275.0, 334.0
277, 639.0, 41.0
278, 439.0, 93.0
279, 344.0, 200.0
280, 581.0, 236.0
281, 260.0, 438.0
282, 193.0, 461.0
283, 292.0, 467.0
284, 526.0, 72.0
285, 37.0, 228.0
286, 726.0, 365.0
287, 128.0, 445.0
288, 291.0, 250.0
289, 300.0, 130.0
290, 557.0, 283.0
291, 493.0, 205.0
292, 395.0, 127.0
293, 512.0, 346.0
294, 600.0, 285.0
295, 314.0, 446.0
296, 661.0, 86.0
297, 561.0, 125.0
298, 355.0, 376.0
299, 15.0, 192.0
300, 271.0, 86.0
301, 582.0, 116.0
302, 537.0, 122.0
303, 697.0, 411.0
304, 611.0, 205.0
305, 570.0, 146.0
306, 365.0, 154.0
307, 151.0, 202.0
308, 397.0, 221.0
309, 323.0, 380.0
310, 430.0, 153.0
311, 519.0, 391.0
312, 606.0, 326.0
313, 551.0, 293.0
314, 496.0, 250.0
315, 280.0, 228.0
316, 495.0, 13.0
317, 415.0, 154.0
318, 81.0, 223.0
319, 482.0, 269.0
320, 12.0, 209.0
321, 137.0, 366.0
322, 562.0, 104.0
323, 315.0, 331.0
324, 636.0, 431.0
325, 443.0, 149.0
326, 711.0, 398.0
327, 161.0, 108.0
328, 285.0, 303.0
329, 451.0, 316.0
330, 300.0, 313.0
331, 580.0, 288.0
332, 328.0, 279.0
333, 308.0, 205.0
334, 679.0, 437.0
335, 424.0, 51.0
336, 601.0, 34.0
337, 442.0, 292.0
338, 590.0, 390.0
339, 640.0, 413.0
340, 404.0, 191.0
341, 116.0, 402.0
342, 35.0, 200.0
343, 217.0, 281.0
344, 560.0, 433.0
345, 379.0, 209.0
346, 206.0, 455.0
347, 289.0, 231.0
348, 217.0, 408.0
349, 128.0, 405.0
350, 309.0, 396.0
351, 556.0, 23.0
352, 550.0, 346.0
353, 172.0, 384.0
354, 411.0, 221.0
355, 423.0, 370.0
356, 83.0, 243.0
357, 398.0, 24.0
358, 510.0, 222.0
359, 439.0, 112.0
360, 485.0, 392.0
361, 562.0, 316.0
362, 514.0, 470.0
363, 538.0, 208.0
364, 381.0, 165.0
365, 678.0, 425.0
366, 578.0, 393.0
367, 400.0, 237.0
368, 387.0, 211.0
369, 388.0, 114.0
370, 523.0, 88.0
371, 692.0, 67.0
372, 123.0, 422.0
373, 743.0, 226.0
374, 148.0, 191.0
375, 536.0, 443.0
376, 499.0, 295.0
377, 580.0, 425.0
378, 668.0, 48.0
379, 126.0, 397.0
380, 498.0, 364.0
381, 619.0, 40.0
382, 129.0, 465.0
383, 301.0, 159.0
384, 218.0, 95.0
385, 571.0, 320.0
386, 348.0, 309.0
387, 522.0, 216.0
388, 449.0, 277.0
389, 402.0, 159.0
390, 400.0, 253.0
391, 270.0, 379.0
392, 686.0, 173.0
393, 304.0, 456.0
394, 13.0, 310.0
395, 635.0, 289.0
396, 531.0, 27.0
397, 672.0, 148.0
398, 35.0, 463.0
399, 220.0, 382.0
400, 403.0, 90.0
401, 299.0, 275.0
402, 672.0, 349.0
403, 8.0, 238.0
404, 596.0, 265.0
405, 576.0, 441.0
406, 540.0, 103.0
407, 510.0, 71.0
408, 121.0, 373.0
409, 589.0, 451.0
410, 578.0, 247.0
411, 325.0, 353.0
412, 406.0, 440.0
413, 702.0, 121.0
414, 334.0, 29.0
415, 392.0, 150.0
416, 611.0, 12.0
417, 569.0, 409.0
418, 107.0, 304.0
419, 54.0, 312.0
420, 512.0, 235.0
421, 163.0, 376.0
422, 286.0, 130.0
423, 169.0, 399.0
424, 52.0, 251.0
425, 354.0, 275.0
426, 725.0, 295.0
427, 254.0, 206.0
428, 556.0, 187.0
429, 740.0, 300.0
430, 57.0, 235.0
431, 697.0, 373.0
432, 527.0, 405.0
433, 544.0, 416.0
434, 495.0, 23.0
435, 440.0, 120.0
436, 693.0, 151.0
437, 659.0, 400.0
438, 549.0, 408.0
439, 261.0, 328.0
440, 68.0, 460.0
441, 548.0, 216.0
442, 362.0, 296.0
443, 285.0, 36.0
444, 531.0, 60.0
445, 520.0, 118.0
446, 553.0, 332.0
447, 482.0, 290.0
448, 500.0, 211.0
449, 392.0, 453.0
450, 383.0, 105.0
451, 666.0, 167.0
452, 389.0, 317.0
453, 421.0, 445.0
454, 475.0, 143.0
455, 519.0, 291.0
456, 543.0, 238.0
457, 404.0, 361.0
458, 682.0, 304.0
459, 278.0, 412.0
460, 429.0, 32.0
461, 500.0, 283.0
462, 523.0, 377.0
463, 193.0, 412.0
464, 472.0, 170.0
465, 738.0, 421.0
466, 563.0, 211.0
467, 491.0, 357.0
468, 492.0, 433.0
469, 57.0, 188.0
470, 550.0, 149.0
471, 496.0, 334.0
472, 738.0, 171.0
473, 292.0, 105.0
474, 309.0, 308.0
475, 250.0, 13.0
476, 581.0, 130.0
477, 321.0, 181.0
478, 715.0, 57.0
479, 157.0, 425.0
480, 420.0, 91.0
481, 443.0, 133.0
482, 668.0, 377.0
483, 33.0, 363.0
484, 716.0, 448.0
485, 564.0, 381.0
486, 323.0, 321.0
487, 335.0, 266.0
488, 329.0, 77.0
489, 556.0, 140.0
490, 620.0, 463.0
491, 548.0, 161.0
492, 200.0, 121.0
493, 438.0, 262.0
494, 650.0, 149.0
495, 240.0, 449.0
496, 319.0, 435.0
497, 191.0, 312.0
498, 416.0, 275.0
499, 342.0, 373.0
