0, 516.0, 87.0
1, 351.0, 89.0
2, 361.0, 80.0
3, 356.0, 29.0
4, 539.0, 35.0
5, 582.0, 44.0
6, 224.0, 12.0
7, 110.0, 47.0
8, 664.0, 165.0
9, 340.0, 11.0
10, 410.0, 51.0
11, 337.0, 394.0
12, 339.0, 100.0
13, 579.0, 247.0
14, 473.0, 124.0
15, 486.0, 144.0
16, 609.0, 39.0
17, 36.0, 235.0
18, 524.0, 55.0
19, 342.0, 386.0
20, 567.0, 41.0
21, 168.0, 276.0
22, 342.0, 118.0
23, 569.0, 76.0
24, 95.0, 206.0
25, 317.0, 88.0
26, 578.0, 108.0
27, 135.0, 305.0
28, 704.0, 90.0
29, 537.0, 65.0
30, 93.0, 347.0
31, 477.0, 56.0
32, 375.0, 86.0
33, 620.0, 102.0
34, 558.0, 39.0
35, 21.0, 41.0
36, 303.0, 133.0
37, 492.0, 131.0
38, 372.0, 22.0
39, 113.0, 243.0
40, 300.0, 116.0
41, 555.0, 127.0
42, 635.0, 125.0
43, 364.0, 95.0
44, 202.0, 24.0
45, 564.0, 214.0
46, 515.0, 14.0
47, 341.0, 27.0
48, 311.0, 126.0
49, 610.0, 91.0
50, 599.0, 97.0
51, 478.0, 112.0
52, 59.0, 444.0
53, 130.0, 64.0
54, 595.0, 37.0
55, 554.0, 405.0
56, 398.0, 47.0
57, 501.0, 81.0
58, 146.0, 57.0
59, 554.0, 90.0
60, 92.0, 11.0
61, 563.0, 226.0
62, 273.0, 22.0
63, 72.0, 389.0
64, 144.0, 296.0
65, 476.0, 141.0
66, 524.0, 101.0
67, 581.0, 237.0
68, 587.0, 169.0
69, 87.0, 200.0
70, 212.0, 197.0
71, 560.0, 159.0
72, 578.0, 55.0
73, 563.0, 200.0
74, 573.0, 66.0
75, 447.0, 218.0
76, 366.0, 204.0
77, 704.0, 104.0
78, 132.0, 169.0
79, 540.0, 137.0
80, 522.0, 43.0
81, 67.0, 30.0
82, 214.0, 410.0
83, 59.0, 399.0
84, 130.0, 414.0
85, 469.0, 155.0
86, 575.0, 181.0
87, 430.0, 466.0
88, 293.0, 24.0
89, 498.0, 60.0
90, 475.0, 349.0
91, 284.0, 430.0
92, 112.0, 65.0
93, 566.0, 142.0
94, 95.0, 361.0
95, 302.0, 458.0
96, 359.0, 16.0
97, 583.0, 228.0
98, 577.0, 256.0
99, 297.0, 271.0
100, 539.0, 421.0
101, 84.0, 433.0
102, 402.0, 133.0
103, 463.0, 164.0
104, 185.0, 326.0
105, 529.0, 33.0
106, 686.0, 232.0
107, 193.0, 403.0
108, 442.0, 88.0
109, 180.0, 207.0
110, 13.0, 155.0
111, 168.0, 436.0
112, 168.0, 258.0
113, 455.0, 178.0
114, 423.0, 39.0
115, 539.0, 17.0
116, 328.0, 318.0
117, 311.0, 386.0
118, 682.0, 121.0
119, 392.0, 203.0
120, 693.0, 168.0
121, 103.0, 405.0
122, 573.0, 277.0
123, 419.0, 439.0
124, 129.0, 76.0
125, 301.0, 376.0
126, 195.0, 343.0
127, 402.0, 60.0
128, 159.0, 269.0
129, 25.0, 60.0
130, 139.0, 42.0
131, 546.0, 442.0
132, 488.0, 78.0
133, 465.0, 136.0
134, 560.0, 375.0
135, 113.0, 347.0
136, 644.0, 44.0
137, 39.0, 379.0
138, 549.0, 196.0
139, 709.0, 174.0
140, 594.0, 74.0
141, 431.0, 147.0
142, 424.0, 117.0
143, 536.0, 45.0
144, 24.0, 435.0
145, 135.0, 101.0
146, 188.0, 272.0
147, 611.0, 118.0
148, 601.0, 16.0
149, 380.0, 205.0
150, 202.0, 208.0
151, 587.0, 57.0
152, 552.0, 25.0
153, 155.0, 96.0
154, 220.0, 109.0
155, 453.0, 105.0
156, 350.0, 37.0
157, 445.0, 180.0
158, 484.0, 354.0
159, 124.0, 52.0
160, 400.0, 30.0
161, 124.0, 23.0
162, 279.0, 295.0
163, 337.0, 287.0
164, 225.0, 426.0
165, 722.0, 268.0
166, 126.0, 313.0
167, 438.0, 42.0
168, 116.0, 325.0
169, 599.0, 64.0
170, 476.0, 162.0
171, 358.0, 424.0
172, 457.0, 469.0
173, 460.0, 70.0
174, 82.0, 66.0
175, 412.0, 73.0
176, 122.0, 235.0
177, 211.0, 458.0
178, 571.0, 326.0
179, 260.0, 440.0
180, 307.0, 449.0
181, 268.0, 309.0
182, 537.0, 333.0
183, 550.0, 422.0
184, 477.0, 94.0
185, 414.0, 445.0
186, 689.0, 39.0
187, 622.0, 50.0
188, 600.0, 117.0
189, 265.0, 430.0
190, 147.0, 184.0
191, 414.0, 211.0
192, 435.0, 210.0
193, 269.0, 452.0
194, 116.0, 393.0
195, 257.0, 268.0
196, 705.0, 214.0
197, 179.0, 267.0
198, 146.0, 349.0
199, 539.0, 225.0
200, 477.0, 27.0
201, 696.0, 244.0
202, 165.0, 336.0
203, 462.0, 120.0
204, 146.0, 315.0
205, 189.0, 451.0
206, 170.0, 464.0
207, 316.0, 43.0
208, 340.0, 214.0
209, 526.0, 72.0
210, 413.0, 134.0
211, 157.0, 467.0
212, 50.0, 389.0
213, 527.0, 294.0
214, 311.0, 280.0
215, 625.0, 194.0
216, 39.0, 67.0
217, 553.0, 230.0
218, 540.0, 54.0
219, 485.0, 104.0
220, 558.0, 248.0
221, 187.0, 74.0
222, 606.0, 110.0
223, 473.0, 80.0
224, 502.0, 166.0
225, 541.0, 164.0
226, 386.0, 75.0
227, 687.0, 173.0
228, 366.0, 34.0
229, 104.0, 187.0
230, 168.0, 370.0
231, 220.0, 347.0
232, 703.0, 140.0
233, 634.0, 106.0
234, 192.0, 331.0
235, 570.0, 288.0
236, 316.0, 144.0
237, 559.0, 332.0
238, 519.0, 29.0
239, 662.0, 142.0
240, 154.0, 422.0
241, 299.0, 56.0
242, 575.0, 304.0
243, 245.0, 464.0
244, 325.0, 65.0
245, 151.0, 65.0
246, 455.0, 201.0
247, 549.0, 287.0
248, 158.0, 44.0
249, 316.0, 298.0
250, 321.0, 251.0
251, 375.0, 234.0
252, 40.0, 328.0
253, 330.0, 378.0
254, 597.0, 213.0
255, 60.0, 218.0
256, 570.0, 29.0
257, 592.0, 112.0
258, 113.0, 311.0
259, 591.0, 231.0
260, 309.0, 31.0
261, 723.0, 135.0
262, 526.0, 452.0
263, 740.0, 468.0
264, 328.0, 134.0
265, 352.0, 393.0
266, 331.0, 226.0
267, 600.0, 186.0
268, 588.0, 250.0
269, 218.0, 29.0
270, 716.0, 102.0
271, 596.0, 107.0
272, 47.0, 241.0
273, 739.0, 445.0
274, 557.0, 388.0
275, 502.0, 101.0
276, 687.0, 96.0
277, 565.0, 307.0
278, 36.0, 191.0
279, 731.0, 232.0
280, 576.0, 267.0
281, 154.0, 356.0
282, 16.0, 299.0
283, 406.0, 84.0
284, 182.0, 42.0
285, 319.0, 100.0
286, 224.0, 237.0
287, 116.0, 83.0
288, 12.0, 53.0
289, 376.0, 134.0
290, 320.0, 426.0
291, 352.0, 261.0
292, 251.0, 277.0
293, 308.0, 151.0
294, 440.0, 262.0
295, 209.0, 396.0
296, 229.0, 386.0
297, 95.0, 44.0
298, 45.0, 58.0
299, 528.0, 469.0
300, 475.0, 443.0
301, 606.0, 162.0
302, 514.0, 150.0
303, 664.0, 182.0
304, 342.0, 273.0
305, 230.0, 404.0
306, 259.0, 9.0
307, 345.0, 417.0
308, 646.0, 377.0
309, 553.0, 278.0
310, 643.0, 390.0
311, 193.0, 214.0
312, 549.0, 68.0
313, 273.0, 405.0
314, 266.0, 258.0
315, 345.0, 41.0
316, 176.0, 220.0
317, 581.0, 76.0
318, 579.0, 441.0
319, 99.0, 418.0
320, 548.0, 80.0
321, 708.0, 60.0
322, 320.0, 14.0
323, 46.0, 466.0
324, 592.0, 46.0
325, 45.0, 148.0
326, 62.0, 111.0
327, 584.0, 90.0
328, 83.0, 339.0
329, 284.0, 286.0
330, 470.0, 208.0
331, 94.0, 467.0
332, 592.0, 152.0
333, 258.0, 47.0
334, 46.0, 30.0
335, 224.0, 180.0
336, 450.0, 77.0
337, 378.0, 30.0
338, 204.0, 118.0
339, 363.0, 228.0
340, 440.0, 112.0
341, 288.0, 127.0
342, 238.0, 416.0
343, 736.0, 345.0
344, 210.0, 8.0
345, 127.0, 334.0
346, 251.0, 133.0
347, 307.0, 421.0
348, 487.0, 257.0
349, 328.0, 289.0
350, 572.0, 232.0
351, 651.0, 110.0
352, 120.0, 199.0
353, 588.0, 27.0
354, 328.0, 254.0
355, 222.0, 416.0
356, 425.0, 54.0
357, 432.0, 102.0
358, 656.0, 226.0
359, 357.0, 199.0
360, 495.0, 360.0
361, 542.0, 24.0
362, 549.0, 37.0
363, 540.0, 318.0
364, 101.0, 459.0
365, 346.0, 206.0
366, 322.0, 57.0
367, 555.0, 49.0
368, 311.0, 363.0
369, 400.0, 113.0
370, 442.0, 202.0
371, 234.0, 429.0
372, 589.0, 131.0
373, 112.0, 160.0
374, 356.0, 143.0
375, 255.0, 391.0
376, 201.0, 187.0
377, 71.0, 242.0
378, 449.0, 232.0
379, 177.0, 23.0
380, 64.0, 64.0
381, 141.0, 172.0
382, 48.0, 413.0
383, 103.0, 430.0
384, 462.0, 58.0
385, 534.0, 440.0
386, 464.0, 342.0
387, 689.0, 249.0
388, 294.0, 435.0
389, 598.0, 134.0
390, 568.0, 299.0
391, 42.0, 268.0
392, 321.0, 286.0
393, 599.0, 173.0
394, 707.0, 266.0
395, 346.0, 253.0
396, 223.0, 396.0
397, 493.0, 150.0
398, 100.0, 383.0
399, 483.0, 267.0
400, 138.0, 20.0
401, 180.0, 361.0
402, 296.0, 411.0
403, 365.0, 455.0
404, 41.0, 433.0
405, 203.0, 172.0
406, 491.0, 243.0
407, 329.0, 434.0
408, 544.0, 301.0
409, 542.0, 408.0
410, 178.0, 347.0
411, 436.0, 74.0
412, 720.0, 40.0
413, 598.0, 178.0
414, 701.0, 43.0
415, 628.0, 177.0
416, 334.0, 248.0
417, 561.0, 28.0
418, 601.0, 59.0
419, 738.0, 358.0
420, 578.0, 398.0
421, 108.0, 393.0
422, 622.0, 435.0
423, 129.0, 266.0
424, 83.0, 13.0
425, 243.0, 327.0
426, 678.0, 192.0
427, 443.0, 470.0
428, 577.0, 88.0
429, 392.0, 188.0
430, 341.0, 457.0
431, 489.0, 93.0
432, 344.0, 219.0
433, 358.0, 248.0
434, 321.0, 116.0
435, 546.0, 295.0
436, 538.0, 194.0
437, 547.0, 391.0
438, 661.0, 128.0
439, 497.0, 110.0
440, 216.0, 277.0
441, 106.0, 255.0
442, 562.0, 319.0
443, 505.0, 131.0
444, 558.0, 450.0
445, 544.0, 47.0
446, 365.0, 58.0
447, 574.0, 226.0
448, 426.0, 59.0
449, 163.0, 349.0
450, 54.0, 455.0
451, 356.0, 105.0
452, 200.0, 388.0
453, 429.0, 108.0
454, 303.0, 276.0
455, 568.0, 59.0
456, 209.0, 341.0
457, 564.0, 51.0
458, 578.0, 165.0
459, 586.0, 220.0
460, 278.0, 225.0
461, 289.0, 279.0
462, 89.0, 452.0
463, 97.0, 56.0
464, 78.0, 446.0
465, 358.0, 236.0
466, 466.0, 264.0
467, 29.0, 448.0
468, 456.0, 87.0
469, 216.0, 424.0
470, 440.0, 149.0
471, 556.0, 347.0
472, 713.0, 241.0
473, 592.0, 332.0
474, 677.0, 137.0
475, 674.0, 151.0
476, 507.0, 140.0
477, 425.0, 136.0
478, 189.0, 470.0
479, 255.0, 362.0
480, 197.0, 420.0
481, 231.0, 262.0
482, 212.0, 432.0
483, 589.0, 241.0
484, 648.0, 151.0
485, 254.0, 207.0
486, 251.0, 157.0
487, 710.0, 257.0
488, 623.0, 144.0
489, 383.0, 218.0
490, 159.0, 159.0
491, 10.0, 267.0
492, 513.0, 304.0
493, 688.0, 263.0
494, 69.0, 459.0
495, 121.0, 320.0
496, 663.0, 468.0
497, 164.0, 299.0
498, 293.0, 389.0
499, 566.0, 351.0
