0, 375.0, 128.0
1, 240.0, 178.0
2, 457.0, 146.0
3, 66.0, 185.0
4, 344.0, 146.0
5, 376.0, 144.0
6, 315.0, 17.0
7, 76.0, 175.0
8, 415.0, 139.0
9, 265.0, 193.0
10, 429.0, 205.0
11, 456.0, 158.0
12, 221.0, 164.0
13, 299.0, 248.0
14, 598.0, 229.0
15, 117.0, 260.0
16, 469.0, 146.0
17, 298.0, 59.0
18, 95.0, 261.0
19, 459.0, 100.0
20, 196.0, 143.0
21, 221.0, 94.0
22, 252.0, 185.0
23, 346.0, 135.0
24, 84.0, 274.0
25, 160.0, 273.0
26, 691.0, 194.0
27, 329.0, 256.0
28, 467.0, 73.0
29, 196.0, 245.0
30, 544.0, 143.0
31, 302.0, 144.0
32, 181.0, 112.0
33, 198.0, 157.0
34, 226.0, 47.0
35, 377.0, 110.0
36, 509.0, 152.0
37, 350.0, 120.0
38, 528.0, 26.0
39, 192.0, 52.0
40, 239.0, 36.0
41, 464.0, 130.0
42, 190.0, 203.0
43, 139.0, 223.0
44, 120.0, 220.0
45, 420.0, 147.0
46, 370.0, 52.0
47, 621.0, 195.0
48, 161.0, 50.0
49, 177.0, 260.0
50, 642.0, 39.0
51, 33.0, 271.0
52, 427.0, 168.0
53, 344.0, 232.0
54, 255.0, 123.0
55, 178.0, 283.0
56, 428.0, 155.0
57, 175.0, 51.0
58, 352.0, 93.0
59, 152.0, 81.0
60, 408.0, 43.0
61, 190.0, 225.0
62, 79.0, 245.0
63, 489.0, 142.0
64, 486.0, 271.0
65, 192.0, 184.0
66, 279.0, 202.0
67, 171.0, 148.0
68, 390.0, 144.0
69, 448.0, 89.0
70, 557.0, 22.0
71, 330.0, 121.0
72, 96.0, 272.0
73, 62.0, 266.0
74, 441.0, 59.0
75, 231.0, 170.0
76, 422.0, 101.0
77, 82.0, 311.0
78, 222.0, 68.0
79, 390.0, 111.0
80, 248.0, 200.0
81, 486.0, 87.0
82, 115.0, 84.0
83, 734.0, 197.0
84, 233.0, 105.0
85, 518.0, 180.0
86, 737.0, 232.0
87, 544.0, 269.0
88, 485.0, 34.0
89, 191.0, 149.0
90, 294.0, 212.0
91, 232.0, 281.0
92, 610.0, 206.0
93, 186.0, 96.0
94, 390.0, 126.0
95, 409.0, 101.0
96, 368.0, 210.0
97, 226.0, 332.0
98, 119.0, 272.0
99, 536.0, 121.0
100, 94.0, 335.0
101, 120.0, 285.0
102, 178.0, 27.0
103, 564.0, 161.0
104, 642.0, 14.0
105, 375.0, 16.0
106, 484.0, 44.0
107, 106.0, 109.0
108, 144.0, 311.0
109, 397.0, 132.0
110, 195.0, 289.0
111, 657.0, 186.0
112, 207.0, 90.0
113, 641.0, 121.0
114, 242.0, 236.0
115, 428.0, 145.0
116, 404.0, 55.0
117, 141.0, 148.0
118, 504.0, 209.0
119, 373.0, 195.0
120, 320.0, 138.0
121, 266.0, 130.0
122, 86.0, 168.0
123, 435.0, 136.0
124, 250.0, 270.0
125, 546.0, 122.0
126, 447.0, 133.0
127, 405.0, 213.0
128, 66.0, 355.0
129, 135.0, 80.0
130, 131.0, 190.0
131, 173.0, 208.0
132, 153.0, 312.0
133, 284.0, 213.0
134, 484.0, 113.0
135, 210.0, 206.0
136, 244.0, 68.0
137, 144.0, 288.0
138, 294.0, 47.0
139, 481.0, 148.0
140, 483.0, 126.0
141, 646.0, 199.0
142, 447.0, 49.0
143, 266.0, 281.0
144, 686.0, 46.0
145, 416.0, 166.0
146, 129.0, 273.0
147, 163.0, 62.0
148, 195.0, 267.0
149, 416.0, 72.0
150, 244.0, 114.0
151, 175.0, 318.0
152, 575.0, 280.0
153, 142.0, 332.0
154, 356.0, 208.0
155, 199.0, 59.0
156, 700.0, 141.0
157, 509.0, 306.0
158, 565.0, 298.0
159, 547.0, 321.0
160, 177.0, 139.0
161, 109.0, 61.0
162, 449.0, 101.0
163, 45.0, 201.0
164, 216.0, 175.0
165, 504.0, 332.0
166, 96.0, 160.0
167, 165.0, 186.0
168, 137.0, 211.0
169, 475.0, 156.0
170, 92.0, 352.0
171, 641.0, 29.0
172, 31.0, 310.0
173, 649.0, 47.0
174, 350.0, 24.0
175, 429.0, 72.0
176, 625.0, 60.0
177, 232.0, 67.0
178, 131.0, 309.0
179, 333.0, 21.0
180, 177.0, 237.0
181, 355.0, 245.0
182, 139.0, 240.0
183, 669.0, 131.0
184, 340.0, 113.0
185, 154.0, 61.0
186, 553.0, 291.0
187, 599.0, 164.0
188, 69.0, 309.0
189, 732.0, 67.0
190, 213.0, 157.0
191, 303.0, 10.0
192, 434.0, 179.0
193, 735.0, 215.0
194, 126.0, 151.0
195, 275.0, 138.0
196, 185.0, 167.0
197, 107.0, 308.0
198, 186.0, 157.0
199, 137.0, 181.0
200, 179.0, 249.0
201, 157.0, 146.0
202, 301.0, 79.0
203, 324.0, 19.0
204, 273.0, 215.0
205, 102.0, 203.0
206, 370.0, 71.0
207, 119.0, 308.0
208, 334.0, 214.0
209, 332.0, 105.0
210, 131.0, 61.0
211, 583.0, 113.0
212, 149.0, 177.0
213, 393.0, 229.0
214, 637.0, 183.0
215, 459.0, 172.0
216, 538.0, 289.0
217, 259.0, 236.0
218, 530.0, 315.0
219, 131.0, 169.0
220, 160.0, 324.0
221, 204.0, 150.0
222, 607.0, 68.0
223, 458.0, 53.0
224, 517.0, 85.0
225, 563.0, 91.0
226, 46.0, 230.0
227, 599.0, 152.0
228, 712.0, 132.0
229, 628.0, 121.0
230, 436.0, 145.0
231, 375.0, 154.0
232, 378.0, 61.0
233, 133.0, 285.0
234, 446.0, 169.0
235, 170.0, 196.0
236, 378.0, 51.0
237, 215.0, 274.0
238, 456.0, 221.0
239, 232.0, 56.0
240, 593.0, 27.0
241, 107.0, 119.0
242, 378.0, 78.0
243, 598.0, 120.0
244, 95.0, 310.0
245, 501.0, 57.0
246, 647.0, 64.0
247, 630.0, 222.0
248, 682.0, 65.0
249, 626.0, 140.0
250, 478.0, 169.0
251, 302.0, 134.0
252, 464.0, 115.0
253, 127.0, 49.0
254, 183.0, 304.0
255, 658.0, 141.0
256, 268.0, 227.0
257, 403.0, 327.0
258, 391.0, 179.0
259, 174.0, 129.0
260, 491.0, 282.0
261, 407.0, 224.0
262, 688.0, 99.0
263, 581.0, 171.0
264, 234.0, 262.0
265, 624.0, 49.0
266, 675.0, 101.0
267, 482.0, 55.0
268, 398.0, 78.0
269, 579.0, 161.0
270, 47.0, 346.0
271, 576.0, 262.0
272, 281.0, 243.0
273, 615.0, 323.0
274, 153.0, 215.0
275, 529.0, 300.0
276, 357.0, 138.0
277, 707.0, 54.0
278, 506.0, 363.0
279, 446.0, 295.0
280, 625.0, 259.0
281, 513.0, 94.0
282, 339.0, 329.0
283, 703.0, 131.0
284, 35.0, 178.0
285, 120.0, 17.0
286, 326.0, 93.0
287, 202.0, 192.0
288, 73.0, 263.0
289, 397.0, 299.0
290, 525.0, 372.0
291, 521.0, 311.0
292, 573.0, 18.0
293, 627.0, 131.0
294, 492.0, 356.0
295, 46.0, 286.0
296, 231.0, 294.0
297, 247.0, 289.0
298, 399.0, 110.0
299, 499.0, 88.0
300, 286.0, 271.0
301, 468.0, 234.0
302, 742.0, 24.0
303, 140.0, 263.0
304, 163.0, 174.0
305, 467.0, 88.0
306, 155.0, 194.0
307, 33.0, 141.0
308, 281.0, 52.0
309, 294.0, 149.0
310, 69.0, 240.0
311, 244.0, 249.0
312, 529.0, 8.0
313, 640.0, 169.0
314, 173.0, 218.0
315, 134.0, 377.0
316, 96.0, 285.0
317, 253.0, 34.0
318, 225.0, 29.0
319, 659.0, 132.0
320, 404.0, 71.0
321, 606.0, 256.0
322, 155.0, 108.0
323, 430.0, 46.0
324, 495.0, 189.0
325, 518.0, 127.0
326, 159.0, 248.0
327, 24.0, 232.0
328, 19.0, 345.0
329, 577.0, 8.0
330, 207.0, 101.0
331, 46.0, 23.0
332, 555.0, 120.0
333, 488.0, 325.0
334, 188.0, 137.0
335, 166.0, 75.0
336, 445.0, 157.0
337, 482.0, 350.0
338, 303.0, 235.0
339, 588.0, 42.0
340, 620.0, 238.0
341, 105.0, 346.0
342, 379.0, 369.0
343, 83.0, 217.0
344, 743.0, 54.0
345, 391.0, 197.0
346, 230.0, 13.0
347, 137.0, 97.0
348, 216.0, 254.0
349, 310.0, 223.0
350, 198.0, 103.0
351, 120.0, 246.0
352, 209.0, 232.0
353, 542.0, 303.0
354, 497.0, 129.0
355, 226.0, 184.0
356, 101.0, 251.0
357, 560.0, 275.0
358, 201.0, 211.0
359, 135.0, 28.0
360, 277.0, 294.0
361, 18.0, 102.0
362, 405.0, 90.0
363, 587.0, 283.0
364, 208.0, 219.0
365, 546.0, 134.0
366, 316.0, 104.0
367, 415.0, 121.0
368, 389.0, 265.0
369, 142.0, 202.0
370, 23.0, 171.0
371, 49.0, 267.0
372, 600.0, 91.0
373, 466.0, 164.0
374, 296.0, 269.0
375, 214.0, 284.0
376, 537.0, 133.0
377, 45.0, 322.0
378, 434.0, 89.0
379, 128.0, 108.0
380, 166.0, 297.0
381, 187.0, 211.0
382, 42.0, 335.0
383, 11.0, 22.0
384, 336.0, 169.0
385, 495.0, 63.0
386, 354.0, 71.0
387, 535.0, 159.0
388, 439.0, 76.0
389, 732.0, 177.0
390, 261.0, 107.0
391, 207.0, 167.0
392, 178.0, 65.0
393, 553.0, 397.0
394, 255.0, 224.0
395, 197.0, 69.0
396, 349.0, 37.0
397, 631.0, 99.0
398, 350.0, 193.0
399, 160.0, 137.0
400, 697.0, 220.0
401, 464.0, 300.0
402, 712.0, 235.0
403, 377.0, 119.0
404, 12.0, 173.0
405, 334.0, 189.0
406, 708.0, 44.0
407, 225.0, 240.0
408, 483.0, 257.0
409, 230.0, 153.0
410, 28.0, 156.0
411, 234.0, 322.0
412, 91.0, 208.0
413, 502.0, 73.0
414, 129.0, 201.0
415, 11.0, 355.0
416, 667.0, 140.0
417, 461.0, 254.0
418, 667.0, 171.0
419, 260.0, 207.0
420, 529.0, 344.0
421, 71.0, 286.0
422, 422.0, 26.0
423, 106.0, 271.0
424, 595.0, 243.0
425, 640.0, 156.0
426, 106.0, 334.0
427, 449.0, 267.0
428, 233.0, 272.0
429, 304.0, 20.0
430, 672.0, 49.0
431, 283.0, 65.0
432, 616.0, 11.0
433, 286.0, 22.0
434, 544.0, 46.0
435, 158.0, 229.0
436, 612.0, 166.0
437, 514.0, 244.0
438, 81.0, 352.0
439, 546.0, 90.0
440, 495.0, 236.0
441, 672.0, 79.0
442, 208.0, 40.0
443, 237.0, 193.0
444, 16.0, 275.0
445, 55.0, 309.0
446, 631.0, 109.0
447, 41.0, 154.0
448, 329.0, 143.0
449, 139.0, 161.0
450, 578.0, 95.0
451, 533.0, 186.0
452, 110.0, 186.0
453, 507.0, 18.0
454, 337.0, 159.0
455, 140.0, 107.0
456, 465.0, 346.0
457, 365.0, 120.0
458, 492.0, 12.0
459, 514.0, 23.0
460, 472.0, 137.0
461, 413.0, 181.0
462, 48.0, 179.0
463, 740.0, 43.0
464, 375.0, 203.0
465, 249.0, 260.0
466, 155.0, 94.0
467, 734.0, 54.0
468, 371.0, 170.0
469, 206.0, 55.0
470, 49.0, 255.0
471, 400.0, 25.0
472, 68.0, 334.0
473, 489.0, 106.0
474, 104.0, 262.0
475, 355.0, 152.0
476, 702.0, 98.0
477, 522.0, 109.0
478, 634.0, 325.0
479, 101.0, 241.0
480, 142.0, 192.0
481, 194.0, 78.0
482, 474.0, 82.0
483, 553.0, 150.0
484, 209.0, 74.0
485, 734.0, 80.0
486, 231.0, 346.0
487, 366.0, 140.0
488, 274.0, 260.0
489, 723.0, 84.0
490, 106.0, 39.0
491, 714.0, 122.0
492, 426.0, 35.0
493, 14.0, 322.0
494, 322.0, 51.0
495, 543.0, 170.0
496, 563.0, 76.0
497, 274.0, 89.0
498, 486.0, 73.0
499, 83.0, 264.0
