0, 416.0, 21.0
1, 272.0, 78.0
2, 452.0, 165.0
3, 417.0, 166.0
4, 474.0, 135.0
5, 331.0, 220.0
6, 170.0, 172.0
7, 132.0, 169.0
8, 144.0, 166.0
9, 217.0, 77.0
10, 554.0, 146.0
11, 691.0, 174.0
12, 186.0, 205.0
13, 420.0, 154.0
14, 223.0, 171.0
15, 68.0, 153.0
16, 605.0, 234.0
17, 189.0, 133.0
18, 468.0, 75.0
19, 443.0, 161.0
20, 501.0, 110.0
21, 334.0, 190.0
22, 493.0, 77.0
23, 404.0, 21.0
24, 589.0, 108.0
25, 598.0, 165.0
26, 650.0, 44.0
27, 278.0, 58.0
28, 224.0, 59.0
29, 232.0, 77.0
30, 295.0, 136.0
31, 415.0, 33.0
32, 182.0, 111.0
33, 451.0, 195.0
34, 98.0, 101.0
35, 339.0, 199.0
36, 464.0, 135.0
37, 213.0, 142.0
38, 273.0, 90.0
39, 301.0, 146.0
40, 490.0, 89.0
41, 153.0, 236.0
42, 387.0, 103.0
43, 129.0, 191.0
44, 317.0, 73.0
45, 592.0, 130.0
46, 478.0, 153.0
47, 477.0, 242.0
48, 560.0, 139.0
49, 404.0, 33.0
50, 573.0, 98.0
51, 466.0, 88.0
52, 540.0, 128.0
53, 206.0, 178.0
54, 632.0, 109.0
55, 252.0, 195.0
56, 393.0, 38.0
57, 498.0, 162.0
58, 668.0, 149.0
59, 212.0, 162.0
60, 381.0, 448.0
61, 45.0, 187.0
62, 515.0, 44.0
63, 450.0, 110.0
64, 236.0, 182.0
65, 260.0, 77.0
66, 515.0, 9.0
67, 523.0, 70.0
68, 605.0, 31.0
69, 119.0, 85.0
70, 393.0, 166.0
71, 602.0, 79.0
72, 184.0, 232.0
73, 529.0, 95.0
74, 123.0, 173.0
75, 572.0, 237.0
76, 332.0, 92.0
77, 239.0, 96.0
78, 169.0, 108.0
79, 427.0, 142.0
80, 287.0, 79.0
81, 504.0, 78.0
82, 194.0, 140.0
83, 279.0, 220.0
84, 68.0, 133.0
85, 380.0, 21.0
86, 89.0, 132.0
87, 133.0, 183.0
88, 91.0, 92.0
89, 89.0, 110.0
90, 510.0, 91.0
91, 548.0, 72.0
92, 268.0, 204.0
93, 511.0, 112.0
94, 167.0, 198.0
95, 358.0, 192.0
96, 653.0, 25.0
97, 142.0, 227.0
98, 309.0, 114.0
99, 123.0, 204.0
100, 498.0, 126.0
101, 370.0, 90.0
102, 271.0, 122.0
103, 735.0, 45.0
104, 722.0, 141.0
105, 559.0, 156.0
106, 469.0, 167.0
107, 537.0, 330.0
108, 79.0, 142.0
109, 184.0, 179.0
110, 254.0, 88.0
111, 103.0, 164.0
112, 624.0, 24.0
113, 27.0, 252.0
114, 148.0, 56.0
115, 469.0, 256.0
116, 231.0, 168.0
117, 300.0, 171.0
118, 695.0, 117.0
119, 599.0, 176.0
120, 594.0, 54.0
121, 511.0, 67.0
122, 197.0, 80.0
123, 397.0, 154.0
124, 518.0, 54.0
125, 638.0, 137.0
126, 287.0, 145.0
127, 132.0, 120.0
128, 198.0, 204.0
129, 184.0, 151.0
130, 241.0, 166.0
131, 438.0, 210.0
132, 159.0, 227.0
133, 681.0, 147.0
134, 117.0, 216.0
135, 537.0, 157.0
136, 407.0, 141.0
137, 321.0, 81.0
138, 689.0, 145.0
139, 545.0, 82.0
140, 497.0, 66.0
141, 300.0, 99.0
142, 318.0, 57.0
143, 440.0, 49.0
144, 401.0, 299.0
145, 486.0, 124.0
146, 410.0, 187.0
147, 647.0, 151.0
148, 550.0, 127.0
149, 172.0, 362.0
150, 154.0, 163.0
151, 51.0, 247.0
152, 459.0, 349.0
153, 123.0, 226.0
154, 670.0, 19.0
155, 302.0, 127.0
156, 302.0, 29.0
157, 330.0, 160.0
158, 191.0, 38.0
159, 377.0, 160.0
160, 32.0, 119.0
161, 384.0, 86.0
162, 592.0, 65.0
163, 203.0, 154.0
164, 400.0, 179.0
165, 69.0, 115.0
166, 688.0, 39.0
167, 273.0, 172.0
168, 502.0, 244.0
169, 613.0, 80.0
170, 466.0, 39.0
171, 243.0, 59.0
172, 405.0, 44.0
173, 97.0, 174.0
174, 615.0, 312.0
175, 331.0, 150.0
176, 603.0, 92.0
177, 70.0, 247.0
178, 624.0, 36.0
179, 86.0, 189.0
180, 515.0, 321.0
181, 65.0, 181.0
182, 226.0, 197.0
183, 174.0, 185.0
184, 93.0, 149.0
185, 322.0, 172.0
186, 409.0, 200.0
187, 482.0, 96.0
188, 371.0, 38.0
189, 219.0, 148.0
190, 512.0, 126.0
191, 120.0, 56.0
192, 170.0, 36.0
193, 256.0, 223.0
194, 563.0, 109.0
195, 499.0, 145.0
196, 269.0, 71.0
197, 330.0, 64.0
198, 480.0, 337.0
199, 398.0, 96.0
200, 491.0, 256.0
201, 52.0, 216.0
202, 561.0, 76.0
203, 103.0, 85.0
204, 385.0, 177.0
205, 157.0, 180.0
206, 113.0, 102.0
207, 351.0, 22.0
208, 25.0, 232.0
209, 105.0, 153.0
210, 573.0, 107.0
211, 259.0, 117.0
212, 299.0, 81.0
213, 523.0, 110.0
214, 384.0, 49.0
215, 541.0, 211.0
216, 450.0, 89.0
217, 177.0, 207.0
218, 342.0, 183.0
219, 9.0, 123.0
220, 92.0, 244.0
221, 60.0, 167.0
222, 73.0, 233.0
223, 280.0, 30.0
224, 716.0, 121.0
225, 165.0, 132.0
226, 427.0, 190.0
227, 571.0, 363.0
228, 198.0, 19.0
229, 501.0, 91.0
230, 400.0, 128.0
231, 458.0, 96.0
232, 78.0, 222.0
233, 222.0, 41.0
234, 254.0, 211.0
235, 238.0, 153.0
236, 365.0, 122.0
237, 678.0, 155.0
238, 458.0, 104.0
239, 442.0, 147.0
240, 80.0, 208.0
241, 316.0, 18.0
242, 427.0, 20.0
243, 376.0, 49.0
244, 184.0, 125.0
245, 110.0, 130.0
246, 367.0, 179.0
247, 492.0, 210.0
248, 574.0, 180.0
249, 297.0, 112.0
250, 352.0, 396.0
251, 9.0, 209.0
252, 117.0, 71.0
253, 564.0, 93.0
254, 397.0, 248.0
255, 582.0, 121.0
256, 391.0, 20.0
257, 358.0, 69.0
258, 396.0, 201.0
259, 215.0, 187.0
260, 234.0, 87.0
261, 184.0, 189.0
262, 264.0, 186.0
263, 163.0, 207.0
264, 700.0, 145.0
265, 116.0, 374.0
266, 116.0, 120.0
267, 381.0, 72.0
268, 151.0, 124.0
269, 470.0, 369.0
270, 317.0, 204.0
271, 321.0, 192.0
272, 740.0, 149.0
273, 287.0, 111.0
274, 120.0, 240.0
275, 394.0, 47.0
276, 504.0, 11.0
277, 585.0, 452.0
278, 465.0, 117.0
279, 649.0, 168.0
280, 457.0, 178.0
281, 258.0, 346.0
282, 417.0, 292.0
283, 525.0, 143.0
284, 315.0, 144.0
285, 66.0, 174.0
286, 634.0, 214.0
287, 292.0, 85.0
288, 723.0, 399.0
289, 32.0, 203.0
290, 446.0, 382.0
291, 321.0, 92.0
292, 100.0, 65.0
293, 136.0, 87.0
294, 689.0, 15.0
295, 587.0, 311.0
296, 432.0, 159.0
297, 457.0, 126.0
298, 589.0, 78.0
299, 590.0, 92.0
300, 585.0, 137.0
301, 162.0, 157.0
302, 175.0, 58.0
303, 163.0, 216.0
304, 708.0, 34.0
305, 524.0, 82.0
306, 241.0, 209.0
307, 667.0, 282.0
308, 415.0, 277.0
309, 407.0, 111.0
310, 198.0, 170.0
311, 604.0, 15.0
312, 733.0, 24.0
313, 103.0, 75.0
314, 371.0, 206.0
315, 422.0, 46.0
316, 549.0, 324.0
317, 136.0, 239.0
318, 248.0, 107.0
319, 660.0, 127.0
320, 409.0, 86.0
321, 100.0, 219.0
322, 533.0, 243.0
323, 543.0, 92.0
324, 732.0, 224.0
325, 77.0, 157.0
326, 217.0, 67.0
327, 708.0, 386.0
328, 486.0, 135.0
329, 53.0, 176.0
330, 261.0, 49.0
331, 596.0, 209.0
332, 489.0, 110.0
333, 625.0, 328.0
334, 144.0, 200.0
335, 441.0, 36.0
336, 281.0, 94.0
337, 559.0, 126.0
338, 613.0, 114.0
339, 540.0, 111.0
340, 521.0, 231.0
341, 567.0, 121.0
342, 160.0, 190.0
343, 261.0, 176.0
344, 139.0, 214.0
345, 533.0, 84.0
346, 201.0, 125.0
347, 302.0, 68.0
348, 544.0, 307.0
349, 95.0, 29.0
350, 448.0, 289.0
351, 292.0, 183.0
352, 285.0, 163.0
353, 520.0, 27.0
354, 222.0, 158.0
355, 187.0, 219.0
356, 714.0, 370.0
357, 613.0, 92.0
358, 56.0, 151.0
359, 507.0, 174.0
360, 416.0, 130.0
361, 687.0, 67.0
362, 146.0, 157.0
363, 502.0, 228.0
364, 111.0, 180.0
365, 478.0, 117.0
366, 522.0, 160.0
367, 103.0, 123.0
368, 140.0, 107.0
369, 605.0, 109.0
370, 542.0, 148.0
371, 380.0, 188.0
372, 290.0, 423.0
373, 512.0, 162.0
374, 385.0, 383.0
375, 73.0, 96.0
376, 448.0, 355.0
377, 65.0, 194.0
378, 408.0, 406.0
379, 539.0, 141.0
380, 578.0, 150.0
381, 252.0, 72.0
382, 163.0, 69.0
383, 210.0, 132.0
384, 305.0, 162.0
385, 300.0, 323.0
386, 668.0, 301.0
387, 373.0, 9.0
388, 534.0, 76.0
389, 488.0, 172.0
390, 276.0, 102.0
391, 647.0, 108.0
392, 96.0, 231.0
393, 312.0, 95.0
394, 86.0, 201.0
395, 379.0, 122.0
396, 83.0, 80.0
397, 130.0, 160.0
398, 705.0, 448.0
399, 596.0, 304.0
400, 511.0, 143.0
401, 133.0, 56.0
402, 370.0, 28.0
403, 681.0, 247.0
404, 223.0, 210.0
405, 634.0, 9.0
406, 301.0, 13.0
407, 240.0, 315.0
408, 414.0, 45.0
409, 403.0, 8.0
410, 614.0, 135.0
411, 425.0, 365.0
412, 463.0, 63.0
413, 114.0, 30.0
414, 307.0, 17.0
415, 316.0, 154.0
416, 506.0, 347.0
417, 82.0, 104.0
418, 136.0, 26.0
419, 111.0, 114.0
420, 254.0, 181.0
421, 325.0, 129.0
422, 512.0, 218.0
423, 409.0, 469.0
424, 501.0, 267.0
425, 174.0, 133.0
426, 477.0, 160.0
427, 620.0, 103.0
428, 224.0, 224.0
429, 359.0, 112.0
430, 115.0, 282.0
431, 394.0, 71.0
432, 577.0, 164.0
433, 175.0, 160.0
434, 75.0, 26.0
435, 279.0, 432.0
436, 404.0, 59.0
437, 321.0, 408.0
438, 79.0, 119.0
439, 311.0, 323.0
440, 312.0, 136.0
441, 515.0, 245.0
442, 443.0, 119.0
443, 568.0, 61.0
444, 523.0, 179.0
445, 369.0, 188.0
446, 635.0, 170.0
447, 208.0, 209.0
448, 251.0, 334.0
449, 229.0, 156.0
450, 346.0, 131.0
451, 501.0, 45.0
452, 613.0, 10.0
453, 420.0, 142.0
454, 574.0, 294.0
455, 469.0, 145.0
456, 519.0, 92.0
457, 706.0, 143.0
458, 54.0, 232.0
459, 631.0, 41.0
460, 517.0, 19.0
461, 506.0, 186.0
462, 476.0, 267.0
463, 40.0, 251.0
464, 424.0, 462.0
465, 483.0, 231.0
466, 513.0, 79.0
467, 714.0, 24.0
468, 637.0, 322.0
469, 17.0, 244.0
470, 277.0, 129.0
471, 604.0, 121.0
472, 672.0, 114.0
473, 734.0, 383.0
474, 30.0, 213.0
475, 90.0, 444.0
476, 257.0, 159.0
477, 499.0, 329.0
478, 643.0, 96.0
479, 55.0, 202.0
480, 286.0, 208.0
481, 307.0, 136.0
482, 353.0, 87.0
483, 259.0, 12.0
484, 342.0, 97.0
485, 417.0, 118.0
486, 239.0, 20.0
487, 483.0, 362.0
488, 287.0, 133.0
489, 340.0, 35.0
490, 624.0, 228.0
491, 89.0, 46.0
492, 328.0, 230.0
493, 441.0, 84.0
494, 171.0, 233.0
495, 416.0, 77.0
496, 631.0, 269.0
497, 743.0, 118.0
498, 501.0, 56.0
499, 311.0, 127.0
