0, 614.0, 231.0
1, 168.0, 91.0
2, 328.0, 260.0
3, 311.0, 171.0
4, 530.0, 293.0
5, 249.0, 231.0
6, 361.0, 237.0
7, 407.0, 136.0
8, 608.0, 290.0
9, 296.0, 168.0
10, 111.0, 76.0
11, 647.0, 427.0
12, 399.0, 175.0
13, 526.0, 321.0
14, 599.0, 218.0
15, 152.0, 77.0
16, 119.0, 37.0
17, 516.0, 295.0
18, 397.0, 241.0
19, 139.0, 220.0
20, 706.0, 165.0
21, 583.0, 381.0
22, 436.0, 116.0
23, 577.0, 286.0
24, 466.0, 366.0
25, 493.0, 103.0
26, 344.0, 180.0
27, 291.0, 254.0
28, 412.0, 73.0
29, 232.0, 201.0
30, 673.0, 224.0
31, 267.0, 126.0
32, 515.0, 54.0
33, 108.0, 91.0
34, 229.0, 23.0
35, 487.0, 425.0
36, 645.0, 436.0
37, 77.0, 375.0
38, 249.0, 9.0
39, 210.0, 209.0
40, 519.0, 461.0
41, 341.0, 255.0
42, 572.0, 375.0
43, 363.0, 256.0
44, 574.0, 318.0
45, 163.0, 180.0
46, 504.0, 360.0
47, 361.0, 248.0
48, 543.0, 292.0
49, 550.0, 244.0
50, 105.0, 195.0
51, 503.0, 32.0
52, 615.0, 411.0
53, 592.0, 51.0
54, 340.0, 108.0
55, 252.0, 111.0
56, 215.0, 375.0
57, 244.0, 102.0
58, 484.0, 27.0
59, 704.0, 175.0
60, 461.0, 130.0
61, 671.0, 162.0
62, 526.0, 44.0
63, 381.0, 71.0
64, 221.0, 89.0
65, 102.0, 183.0
66, 236.0, 35.0
67, 364.0, 205.0
68, 477.0, 279.0
69, 138.0, 155.0
70, 414.0, 154.0
71, 108.0, 61.0
72, 563.0, 274.0
73, 197.0, 29.0
74, 190.0, 364.0
75, 240.0, 84.0
76, 588.0, 214.0
77, 642.0, 268.0
78, 607.0, 347.0
79, 646.0, 38.0
80, 373.0, 111.0
81, 383.0, 345.0
82, 80.0, 59.0
83, 492.0, 76.0
84, 154.0, 220.0
85, 566.0, 254.0
86, 466.0, 145.0
87, 481.0, 326.0
88, 165.0, 301.0
89, 348.0, 123.0
90, 563.0, 173.0
91, 127.0, 246.0
92, 387.0, 111.0
93, 108.0, 207.0
94, 145.0, 63.0
95, 282.0, 52.0
96, 621.0, 246.0
97, 386.0, 160.0
98, 397.0, 224.0
99, 344.0, 321.0
100, 510.0, 310.0
101, 62.0, 379.0
102, 560.0, 335.0
103, 408.0, 207.0
104, 509.0, 391.0
105, 313.0, 184.0
106, 151.0, 232.0
107, 482.0, 242.0
108, 276.0, 279.0
109, 515.0, 79.0
110, 543.0, 43.0
111, 302.0, 197.0
112, 517.0, 326.0
113, 586.0, 281.0
114, 515.0, 269.0
115, 400.0, 252.0
116, 155.0, 116.0
117, 454.0, 360.0
118, 535.0, 256.0
119, 370.0, 152.0
120, 604.0, 356.0
121, 493.0, 66.0
122, 480.0, 339.0
123, 647.0, 257.0
124, 297.0, 283.0
125, 349.0, 48.0
126, 579.0, 259.0
127, 254.0, 155.0
128, 435.0, 133.0
129, 556.0, 302.0
130, 297.0, 210.0
131, 287.0, 288.0
132, 528.0, 371.0
133, 660.0, 162.0
134, 633.0, 264.0
135, 92.0, 324.0
136, 550.0, 355.0
137, 623.0, 273.0
138, 549.0, 255.0
139, 573.0, 302.0
140, 205.0, 61.0
141, 85.0, 34.0
142, 285.0, 432.0
143, 329.0, 203.0
144, 154.0, 91.0
145, 403.0, 217.0
146, 177.0, 357.0
147, 153.0, 267.0
148, 525.0, 342.0
149, 576.0, 166.0
150, 455.0, 227.0
151, 333.0, 34.0
152, 166.0, 55.0
153, 184.0, 197.0
154, 583.0, 299.0
155, 546.0, 279.0
156, 328.0, 109.0
157, 343.0, 265.0
158, 329.0, 182.0
159, 486.0, 148.0
160, 711.0, 421.0
161, 601.0, 206.0
162, 178.0, 327.0
163, 646.0, 65.0
164, 223.0, 209.0
165, 89.0, 238.0
166, 96.0, 20.0
167, 364.0, 59.0
168, 15.0, 93.0
169, 687.0, 253.0
170, 311.0, 123.0
171, 427.0, 230.0
172, 260.0, 229.0
173, 100.0, 363.0
174, 373.0, 188.0
175, 354.0, 108.0
176, 219.0, 182.0
177, 333.0, 376.0
178, 199.0, 304.0
179, 376.0, 272.0
180, 529.0, 23.0
181, 499.0, 113.0
182, 115.0, 292.0
183, 670.0, 244.0
184, 192.0, 211.0
185, 490.0, 123.0
186, 556.0, 41.0
187, 388.0, 200.0
188, 616.0, 307.0
189, 548.0, 179.0
190, 569.0, 397.0
191, 370.0, 70.0
192, 305.0, 257.0
193, 110.0, 30.0
194, 234.0, 253.0
195, 266.0, 33.0
196, 193.0, 172.0
197, 527.0, 187.0
198, 434.0, 161.0
199, 82.0, 283.0
200, 384.0, 358.0
201, 139.0, 358.0
202, 613.0, 181.0
203, 522.0, 105.0
204, 641.0, 149.0
205, 415.0, 411.0
206, 497.0, 347.0
207, 68.0, 71.0
208, 363.0, 300.0
209, 155.0, 345.0
210, 586.0, 197.0
211, 604.0, 264.0
212, 79.0, 431.0
213, 613.0, 205.0
214, 543.0, 19.0
215, 486.0, 283.0
216, 374.0, 328.0
217, 675.0, 107.0
218, 717.0, 167.0
219, 431.0, 123.0
220, 449.0, 250.0
221, 658.0, 437.0
222, 443.0, 409.0
223, 21.0, 414.0
224, 172.0, 343.0
225, 388.0, 268.0
226, 627.0, 354.0
227, 418.0, 134.0
228, 541.0, 304.0
229, 404.0, 321.0
230, 122.0, 214.0
231, 632.0, 135.0
232, 478.0, 75.0
233, 205.0, 133.0
234, 280.0, 173.0
235, 496.0, 188.0
236, 658.0, 172.0
237, 359.0, 392.0
238, 668.0, 172.0
239, 549.0, 395.0
240, 364.0, 227.0
241, 474.0, 131.0
242, 402.0, 382.0
243, 699.0, 238.0
244, 181.0, 88.0
245, 438.0, 281.0
246, 405.0, 167.0
247, 113.0, 311.0
248, 651.0, 276.0
249, 587.0, 367.0
250, 181.0, 237.0
251, 414.0, 273.0
252, 462.0, 115.0
253, 307.0, 349.0
254, 332.0, 283.0
255, 54.0, 66.0
256, 408.0, 30.0
257, 352.0, 274.0
258, 231.0, 191.0
259, 634.0, 231.0
260, 259.0, 96.0
261, 624.0, 84.0
262, 383.0, 188.0
263, 54.0, 436.0
264, 309.0, 46.0
265, 487.0, 205.0
266, 636.0, 391.0
267, 58.0, 85.0
268, 520.0, 360.0
269, 437.0, 245.0
270, 619.0, 395.0
271, 208.0, 122.0
272, 260.0, 108.0
273, 208.0, 411.0
274, 202.0, 194.0
275, 20.0, 110.0
276, 264.0, 219.0
277, 572.0, 191.0
278, 405.0, 333.0
279, 457.0, 46.0
280, 645.0, 53.0
281, 383.0, 178.0
282, 335.0, 162.0
283, 692.0, 130.0
284, 491.0, 329.0
285, 126.0, 344.0
286, 176.0, 164.0
287, 502.0, 77.0
288, 609.0, 218.0
289, 251.0, 185.0
290, 424.0, 291.0
291, 527.0, 308.0
292, 415.0, 287.0
293, 564.0, 243.0
294, 443.0, 172.0
295, 426.0, 398.0
296, 245.0, 36.0
297, 565.0, 234.0
298, 360.0, 139.0
299, 139.0, 117.0
300, 206.0, 216.0
301, 374.0, 251.0
302, 535.0, 279.0
303, 379.0, 402.0
304, 448.0, 184.0
305, 151.0, 244.0
306, 585.0, 307.0
307, 325.0, 310.0
308, 157.0, 27.0
309, 564.0, 428.0
310, 364.0, 333.0
311, 492.0, 466.0
312, 628.0, 149.0
313, 677.0, 445.0
314, 646.0, 380.0
315, 360.0, 354.0
316, 320.0, 166.0
317, 660.0, 252.0
318, 365.0, 283.0
319, 677.0, 377.0
320, 103.0, 249.0
321, 687.0, 93.0
322, 597.0, 170.0
323, 403.0, 231.0
324, 705.0, 213.0
325, 270.0, 309.0
326, 599.0, 280.0
327, 441.0, 99.0
328, 451.0, 198.0
329, 134.0, 15.0
330, 385.0, 119.0
331, 573.0, 463.0
332, 141.0, 256.0
333, 137.0, 52.0
334, 417.0, 123.0
335, 729.0, 459.0
336, 152.0, 42.0
337, 382.0, 150.0
338, 402.0, 370.0
339, 403.0, 357.0
340, 450.0, 386.0
341, 394.0, 151.0
342, 282.0, 223.0
343, 540.0, 66.0
344, 215.0, 222.0
345, 419.0, 367.0
346, 518.0, 180.0
347, 111.0, 255.0
348, 613.0, 258.0
349, 298.0, 64.0
350, 233.0, 236.0
351, 579.0, 236.0
352, 170.0, 394.0
353, 534.0, 438.0
354, 242.0, 325.0
355, 420.0, 352.0
356, 121.0, 118.0
357, 573.0, 212.0
358, 515.0, 440.0
359, 503.0, 68.0
360, 421.0, 330.0
361, 287.0, 190.0
362, 246.0, 282.0
363, 250.0, 337.0
364, 533.0, 470.0
365, 241.0, 224.0
366, 507.0, 408.0
367, 483.0, 449.0
368, 624.0, 75.0
369, 173.0, 288.0
370, 207.0, 237.0
371, 696.0, 443.0
372, 343.0, 277.0
373, 600.0, 468.0
374, 40.0, 91.0
375, 183.0, 51.0
376, 452.0, 426.0
377, 562.0, 285.0
378, 531.0, 144.0
379, 77.0, 313.0
380, 444.0, 121.0
381, 572.0, 203.0
382, 77.0, 339.0
383, 622.0, 117.0
384, 127.0, 306.0
385, 462.0, 258.0
386, 452.0, 115.0
387, 525.0, 130.0
388, 359.0, 177.0
389, 702.0, 228.0
390, 694.0, 389.0
391, 561.0, 158.0
392, 91.0, 254.0
393, 401.0, 401.0
394, 480.0, 92.0
395, 181.0, 277.0
396, 608.0, 251.0
397, 251.0, 127.0
398, 494.0, 144.0
399, 105.0, 236.0
400, 153.0, 161.0
401, 29.0, 45.0
402, 415.0, 254.0
403, 497.0, 383.0
404, 278.0, 20.0
405, 538.0, 56.0
406, 655.0, 231.0
407, 246.0, 213.0
408, 160.0, 355.0
409, 433.0, 175.0
410, 350.0, 59.0
411, 132.0, 440.0
412, 679.0, 130.0
413, 115.0, 233.0
414, 435.0, 404.0
415, 281.0, 152.0
416, 653.0, 402.0
417, 534.0, 267.0
418, 650.0, 392.0
419, 392.0, 395.0
420, 44.0, 246.0
421, 339.0, 296.0
422, 450.0, 72.0
423, 689.0, 440.0
424, 265.0, 20.0
425, 316.0, 264.0
426, 509.0, 177.0
427, 349.0, 20.0
428, 235.0, 212.0
429, 665.0, 187.0
430, 553.0, 67.0
431, 564.0, 148.0
432, 658.0, 367.0
433, 505.0, 104.0
434, 736.0, 443.0
435, 155.0, 132.0
436, 135.0, 132.0
437, 467.0, 74.0
438, 516.0, 400.0
439, 447.0, 264.0
440, 607.0, 76.0
441, 626.0, 159.0
442, 493.0, 219.0
443, 715.0, 84.0
444, 504.0, 329.0
445, 232.0, 225.0
446, 227.0, 176.0
447, 171.0, 132.0
448, 624.0, 169.0
449, 127.0, 145.0
450, 199.0, 432.0
451, 621.0, 132.0
452, 483.0, 233.0
453, 645.0, 240.0
454, 472.0, 203.0
455, 328.0, 242.0
456, 320.0, 361.0
457, 83.0, 116.0
458, 292.0, 9.0
459, 307.0, 207.0
460, 436.0, 393.0
461, 561.0, 438.0
462, 57.0, 94.0
463, 82.0, 86.0
464, 251.0, 247.0
465, 139.0, 169.0
466, 102.0, 38.0
467, 344.0, 390.0
468, 432.0, 205.0
469, 544.0, 329.0
470, 330.0, 425.0
471, 221.0, 163.0
472, 582.0, 146.0
473, 84.0, 444.0
474, 710.0, 336.0
475, 113.0, 440.0
476, 288.0, 36.0
477, 493.0, 161.0
478, 32.0, 457.0
479, 692.0, 73.0
480, 184.0, 259.0
481, 574.0, 435.0
482, 571.0, 341.0
483, 259.0, 275.0
484, 331.0, 327.0
485, 423.0, 223.0
486, 434.0, 304.0
487, 401.0, 410.0
488, 298.0, 423.0
489, 45.0, 413.0
490, 260.0, 175.0
491, 404.0, 47.0
492, 164.0, 200.0
493, 616.0, 35.0
494, 385.0, 320.0
495, 68.0, 207.0
496, 240.0, 92.0
497, 277.0, 188.0
498, 295.0, 177.0
499, 251.0, 22.0
