0, 267.0, 263.0
1, 702.0, 443.0
2, 578.0, 401.0
3, 290.0, 280.0
4, 413.0, 322.0
5, 348.0, 313.0
6, 463.0, 204.0
7, 462.0, 215.0
8, 711.0, 293.0
9, 288.0, 322.0
10, 528.0, 433.0
11, 167.0, 137.0
12, 573.0, 436.0
13, 299.0, 185.0
14, 195.0, 402.0
15, 466.0, 331.0
16, 467.0, 409.0
17, 715.0, 356.0
18, 468.0, 346.0
19, 211.0, 246.0
20, 468.0, 397.0
21, 146.0, 360.0
22, 186.0, 377.0
23, 576.0, 367.0
24, 306.0, 437.0
25, 471.0, 122.0
26, 625.0, 141.0
27, 395.0, 301.0
28, 574.0, 211.0
29, 179.0, 136.0
30, 724.0, 372.0
31, 497.0, 245.0
32, 655.0, 365.0
33, 504.0, 408.0
34, 245.0, 388.0
35, 505.0, 269.0
36, 584.0, 255.0
37, 523.0, 422.0
38, 192.0, 386.0
39, 250.0, 228.0
40, 347.0, 48.0
41, 491.0, 311.0
42, 152.0, 380.0
43, 153.0, 411.0
44, 638.0, 410.0
45, 465.0, 162.0
46, 209.0, 325.0
47, 452.0, 222.0
48, 218.0, 187.0
49, 542.0, 362.0
50, 454.0, 378.0
51, 513.0, 113.0
52, 462.0, 245.0
53, 207.0, 227.0
54, 576.0, 193.0
55, 335.0, 306.0
56, 228.0, 285.0
57, 500.0, 347.0
58, 389.0, 211.0
59, 359.0, 401.0
60, 681.0, 426.0
61, 339.0, 233.0
62, 132.0, 32.0
63, 571.0, 239.0
64, 491.0, 196.0
65, 315.0, 126.0
66, 624.0, 333.0
67, 223.0, 315.0
68, 380.0, 146.0
69, 580.0, 453.0
70, 544.0, 144.0
71, 493.0, 125.0
72, 196.0, 253.0
73, 299.0, 407.0
74, 172.0, 123.0
75, 529.0, 209.0
76, 643.0, 261.0
77, 516.0, 267.0
78, 477.0, 340.0
79, 471.0, 104.0
80, 254.0, 216.0
81, 604.0, 120.0
82, 675.0, 296.0
83, 249.0, 43.0
84, 507.0, 158.0
85, 566.0, 367.0
86, 587.0, 241.0
87, 349.0, 59.0
88, 425.0, 209.0
89, 257.0, 288.0
90, 591.0, 212.0
91, 588.0, 229.0
92, 279.0, 304.0
93, 529.0, 38.0
94, 533.0, 378.0
95, 86.0, 124.0
96, 646.0, 337.0
97, 326.0, 324.0
98, 511.0, 375.0
99, 231.0, 243.0
100, 381.0, 247.0
101, 495.0, 158.0
102, 502.0, 428.0
103, 655.0, 306.0
104, 330.0, 364.0
105, 374.0, 393.0
106, 506.0, 206.0
107, 210.0, 150.0
108, 576.0, 414.0
109, 384.0, 383.0
110, 652.0, 323.0
111, 216.0, 471.0
112, 531.0, 22.0
113, 352.0, 90.0
114, 67.0, 417.0
115, 649.0, 233.0
116, 566.0, 408.0
117, 176.0, 417.0
118, 515.0, 31.0
119, 477.0, 244.0
120, 149.0, 30.0
121, 223.0, 265.0
122, 182.0, 259.0
123, 328.0, 205.0
124, 371.0, 331.0
125, 299.0, 248.0
126, 410.0, 149.0
127, 651.0, 215.0
128, 508.0, 147.0
129, 161.0, 27.0
130, 87.0, 464.0
131, 442.0, 243.0
132, 739.0, 255.0
133, 496.0, 266.0
134, 338.0, 190.0
135, 433.0, 27.0
136, 425.0, 37.0
137, 321.0, 442.0
138, 587.0, 101.0
139, 570.0, 452.0
140, 162.0, 122.0
141, 454.0, 235.0
142, 247.0, 249.0
143, 38.0, 436.0
144, 179.0, 396.0
145, 499.0, 389.0
146, 122.0, 401.0
147, 463.0, 235.0
148, 267.0, 211.0
149, 466.0, 149.0
150, 690.0, 121.0
151, 598.0, 398.0
152, 602.0, 364.0
153, 291.0, 296.0
154, 448.0, 445.0
155, 286.0, 350.0
156, 289.0, 46.0
157, 522.0, 147.0
158, 521.0, 352.0
159, 536.0, 409.0
160, 572.0, 228.0
161, 67.0, 147.0
162, 141.0, 435.0
163, 425.0, 221.0
164, 188.0, 440.0
165, 68.0, 158.0
166, 588.0, 391.0
167, 476.0, 261.0
168, 197.0, 36.0
169, 465.0, 264.0
170, 670.0, 119.0
171, 296.0, 198.0
172, 271.0, 292.0
173, 220.0, 395.0
174, 78.0, 446.0
175, 727.0, 295.0
176, 517.0, 207.0
177, 376.0, 340.0
178, 538.0, 91.0
179, 192.0, 232.0
180, 646.0, 246.0
181, 468.0, 369.0
182, 732.0, 435.0
183, 607.0, 299.0
184, 362.0, 379.0
185, 566.0, 266.0
186, 299.0, 47.0
187, 476.0, 42.0
188, 602.0, 133.0
189, 584.0, 132.0
190, 648.0, 76.0
191, 349.0, 293.0
192, 202.0, 365.0
193, 130.0, 19.0
194, 603.0, 426.0
195, 521.0, 167.0
196, 329.0, 136.0
197, 217.0, 371.0
198, 199.0, 271.0
199, 169.0, 457.0
200, 716.0, 437.0
201, 743.0, 406.0
202, 556.0, 445.0
203, 360.0, 146.0
204, 158.0, 465.0
205, 599.0, 57.0
206, 206.0, 443.0
207, 262.0, 452.0
208, 226.0, 255.0
209, 257.0, 206.0
210, 476.0, 163.0
211, 455.0, 75.0
212, 184.0, 327.0
213, 214.0, 163.0
214, 472.0, 356.0
215, 574.0, 254.0
216, 463.0, 447.0
217, 646.0, 392.0
218, 515.0, 223.0
219, 431.0, 274.0
220, 259.0, 431.0
221, 464.0, 174.0
222, 614.0, 367.0
223, 712.0, 455.0
224, 213.0, 264.0
225, 157.0, 61.0
226, 569.0, 471.0
227, 501.0, 196.0
228, 662.0, 275.0
229, 604.0, 316.0
230, 494.0, 282.0
231, 178.0, 454.0
232, 722.0, 423.0
233, 183.0, 273.0
234, 266.0, 129.0
235, 218.0, 287.0
236, 211.0, 421.0
237, 552.0, 385.0
238, 146.0, 126.0
239, 712.0, 366.0
240, 178.0, 106.0
241, 641.0, 147.0
242, 650.0, 142.0
243, 665.0, 236.0
244, 542.0, 351.0
245, 640.0, 352.0
246, 631.0, 360.0
247, 49.0, 466.0
248, 719.0, 404.0
249, 591.0, 449.0
250, 480.0, 356.0
251, 458.0, 13.0
252, 711.0, 58.0
253, 125.0, 413.0
254, 492.0, 183.0
255, 576.0, 328.0
256, 543.0, 437.0
257, 183.0, 469.0
258, 694.0, 409.0
259, 273.0, 468.0
260, 670.0, 217.0
261, 566.0, 252.0
262, 674.0, 197.0
263, 743.0, 431.0
264, 653.0, 196.0
265, 659.0, 155.0
266, 193.0, 321.0
267, 508.0, 313.0
268, 367.0, 170.0
269, 301.0, 77.0
270, 300.0, 299.0
271, 498.0, 221.0
272, 328.0, 349.0
273, 511.0, 247.0
274, 429.0, 18.0
275, 309.0, 374.0
276, 377.0, 435.0
277, 516.0, 443.0
278, 453.0, 88.0
279, 403.0, 313.0
280, 189.0, 301.0
281, 240.0, 204.0
282, 397.0, 286.0
283, 115.0, 16.0
284, 648.0, 420.0
285, 493.0, 114.0
286, 576.0, 125.0
287, 310.0, 49.0
288, 262.0, 226.0
289, 733.0, 111.0
290, 427.0, 9.0
291, 514.0, 234.0
292, 261.0, 46.0
293, 104.0, 56.0
294, 541.0, 452.0
295, 450.0, 391.0
296, 132.0, 107.0
297, 451.0, 28.0
298, 467.0, 287.0
299, 167.0, 405.0
300, 710.0, 378.0
301, 292.0, 306.0
302, 603.0, 350.0
303, 288.0, 267.0
304, 595.0, 435.0
305, 511.0, 128.0
306, 273.0, 345.0
307, 323.0, 279.0
308, 538.0, 470.0
309, 293.0, 442.0
310, 681.0, 464.0
311, 311.0, 318.0
312, 610.0, 439.0
313, 657.0, 262.0
314, 402.0, 160.0
315, 441.0, 212.0
316, 125.0, 465.0
317, 333.0, 392.0
318, 667.0, 430.0
319, 474.0, 234.0
320, 358.0, 159.0
321, 154.0, 391.0
322, 467.0, 383.0
323, 290.0, 64.0
324, 197.0, 450.0
325, 183.0, 32.0
326, 94.0, 133.0
327, 501.0, 185.0
328, 266.0, 253.0
329, 351.0, 102.0
330, 466.0, 418.0
331, 498.0, 461.0
332, 493.0, 95.0
333, 602.0, 46.0
334, 616.0, 388.0
335, 250.0, 306.0
336, 594.0, 193.0
337, 190.0, 55.0
338, 569.0, 385.0
339, 658.0, 131.0
340, 152.0, 453.0
341, 448.0, 204.0
342, 437.0, 388.0
343, 379.0, 292.0
344, 740.0, 306.0
345, 743.0, 242.0
346, 517.0, 190.0
347, 260.0, 120.0
348, 590.0, 121.0
349, 332.0, 272.0
350, 252.0, 396.0
351, 402.0, 388.0
352, 252.0, 62.0
353, 424.0, 284.0
354, 579.0, 78.0
355, 205.0, 215.0
356, 244.0, 438.0
357, 350.0, 39.0
358, 339.0, 211.0
359, 381.0, 162.0
360, 443.0, 15.0
361, 663.0, 248.0
362, 696.0, 454.0
363, 373.0, 211.0
364, 361.0, 310.0
365, 283.0, 244.0
366, 267.0, 390.0
367, 453.0, 101.0
368, 488.0, 231.0
369, 195.0, 337.0
370, 542.0, 278.0
371, 670.0, 350.0
372, 538.0, 191.0
373, 302.0, 237.0
374, 248.0, 96.0
375, 216.0, 174.0
376, 550.0, 403.0
377, 233.0, 260.0
378, 560.0, 88.0
379, 411.0, 159.0
380, 730.0, 57.0
381, 498.0, 370.0
382, 489.0, 139.0
383, 133.0, 449.0
384, 265.0, 370.0
385, 391.0, 314.0
386, 304.0, 64.0
387, 248.0, 168.0
388, 263.0, 63.0
389, 457.0, 366.0
390, 577.0, 386.0
391, 733.0, 270.0
392, 262.0, 93.0
393, 145.0, 386.0
394, 471.0, 92.0
395, 517.0, 252.0
396, 308.0, 79.0
397, 299.0, 339.0
398, 695.0, 376.0
399, 403.0, 334.0
400, 344.0, 30.0
401, 259.0, 109.0
402, 555.0, 465.0
403, 460.0, 45.0
404, 656.0, 90.0
405, 188.0, 288.0
406, 409.0, 168.0
407, 436.0, 147.0
408, 457.0, 184.0
409, 245.0, 467.0
410, 326.0, 305.0
411, 319.0, 136.0
412, 547.0, 300.0
413, 534.0, 264.0
414, 657.0, 50.0
415, 315.0, 360.0
416, 473.0, 215.0
417, 534.0, 356.0
418, 116.0, 379.0
419, 352.0, 353.0
420, 497.0, 400.0
421, 336.0, 87.0
422, 310.0, 107.0
423, 526.0, 301.0
424, 265.0, 316.0
425, 486.0, 382.0
426, 219.0, 438.0
427, 205.0, 393.0
428, 328.0, 226.0
429, 606.0, 104.0
430, 231.0, 401.0
431, 622.0, 155.0
432, 410.0, 222.0
433, 481.0, 149.0
434, 280.0, 421.0
435, 728.0, 463.0
436, 599.0, 154.0
437, 266.0, 443.0
438, 230.0, 387.0
439, 269.0, 416.0
440, 618.0, 431.0
441, 581.0, 150.0
442, 596.0, 470.0
443, 454.0, 135.0
444, 635.0, 82.0
445, 545.0, 316.0
446, 206.0, 407.0
447, 67.0, 187.0
448, 607.0, 273.0
449, 509.0, 304.0
450, 439.0, 467.0
451, 356.0, 209.0
452, 494.0, 68.0
453, 431.0, 228.0
454, 326.0, 48.0
455, 493.0, 41.0
456, 546.0, 36.0
457, 286.0, 453.0
458, 391.0, 340.0
459, 213.0, 349.0
460, 276.0, 99.0
461, 303.0, 283.0
462, 504.0, 449.0
463, 323.0, 62.0
464, 424.0, 448.0
465, 416.0, 16.0
466, 279.0, 293.0
467, 394.0, 41.0
468, 526.0, 270.0
469, 200.0, 56.0
470, 403.0, 458.0
471, 586.0, 438.0
472, 486.0, 372.0
473, 229.0, 347.0
474, 53.0, 13.0
475, 371.0, 81.0
476, 529.0, 248.0
477, 109.0, 434.0
478, 551.0, 269.0
479, 600.0, 381.0
480, 71.0, 16.0
481, 152.0, 138.0
482, 373.0, 131.0
483, 472.0, 76.0
484, 490.0, 349.0
485, 596.0, 73.0
486, 727.0, 23.0
487, 392.0, 468.0
488, 611.0, 412.0
489, 349.0, 305.0
490, 697.0, 390.0
491, 370.0, 103.0
492, 303.0, 398.0
493, 354.0, 367.0
494, 314.0, 64.0
495, 329.0, 145.0
496, 708.0, 121.0
497, 434.0, 281.0
498, 160.0, 17.0
499, 507.0, 441.0
