0, 229.0, 204.0
1, 436.0, 274.0
2, 181.0, 167.0
3, 414.0, 144.0
4, 282.0, 125.0
5, 576.0, 90.0
6, 328.0, 256.0
7, 438.0, 208.0
8, 288.0, 300.0
9, 283.0, 149.0
10, 468.0, 111.0
11, 514.0, 102.0
12, 323.0, 59.0
13, 682.0, 250.0
14, 215.0, 162.0
15, 241.0, 209.0
16, 364.0, 185.0
17, 426.0, 116.0
18, 314.0, 60.0
19, 284.0, 84.0
20, 328.0, 176.0
21, 331.0, 134.0
22, 325.0, 48.0
23, 451.0, 169.0
24, 568.0, 83.0
25, 684.0, 241.0
26, 256.0, 198.0
27, 606.0, 201.0
28, 437.0, 139.0
29, 516.0, 169.0
30, 364.0, 37.0
31, 622.0, 205.0
32, 502.0, 81.0
33, 282.0, 17.0
34, 381.0, 160.0
35, 468.0, 101.0
36, 689.0, 143.0
37, 350.0, 180.0
38, 493.0, 153.0
39, 128.0, 367.0
40, 535.0, 198.0
41, 309.0, 87.0
42, 507.0, 39.0
43, 463.0, 252.0
44, 316.0, 112.0
45, 396.0, 92.0
46, 144.0, 141.0
47, 78.0, 296.0
48, 96.0, 56.0
49, 595.0, 84.0
50, 446.0, 157.0
51, 203.0, 253.0
52, 401.0, 319.0
53, 644.0, 143.0
54, 692.0, 242.0
55, 217.0, 49.0
56, 132.0, 432.0
57, 89.0, 46.0
58, 553.0, 138.0
59, 549.0, 161.0
60, 590.0, 384.0
61, 544.0, 185.0
62, 193.0, 286.0
63, 108.0, 218.0
64, 274.0, 42.0
65, 196.0, 384.0
66, 200.0, 182.0
67, 74.0, 360.0
68, 457.0, 87.0
69, 689.0, 333.0
70, 245.0, 20.0
71, 103.0, 209.0
72, 476.0, 47.0
73, 594.0, 169.0
74, 348.0, 27.0
75, 57.0, 303.0
76, 327.0, 267.0
77, 585.0, 129.0
78, 395.0, 131.0
79, 92.0, 210.0
80, 141.0, 305.0
81, 665.0, 321.0
82, 103.0, 98.0
83, 592.0, 100.0
84, 419.0, 229.0
85, 630.0, 57.0
86, 387.0, 41.0
87, 271.0, 81.0
88, 175.0, 15.0
89, 639.0, 157.0
90, 390.0, 53.0
91, 20.0, 355.0
92, 212.0, 178.0
93, 220.0, 72.0
94, 116.0, 25.0
95, 227.0, 194.0
96, 479.0, 135.0
97, 335.0, 30.0
98, 447.0, 139.0
99, 395.0, 272.0
100, 457.0, 213.0
101, 535.0, 214.0
102, 51.0, 318.0
103, 294.0, 49.0
104, 397.0, 79.0
105, 198.0, 408.0
106, 281.0, 246.0
107, 284.0, 279.0
108, 499.0, 177.0
109, 85.0, 143.0
110, 465.0, 137.0
111, 431.0, 14.0
112, 162.0, 296.0
113, 111.0, 358.0
114, 320.0, 291.0
115, 554.0, 216.0
116, 548.0, 194.0
117, 634.0, 226.0
118, 730.0, 232.0
119, 481.0, 87.0
120, 469.0, 79.0
121, 268.0, 132.0
122, 67.0, 430.0
123, 252.0, 186.0
124, 193.0, 260.0
125, 575.0, 99.0
126, 576.0, 173.0
127, 387.0, 250.0
128, 582.0, 371.0
129, 412.0, 241.0
130, 284.0, 260.0
131, 512.0, 201.0
132, 670.0, 86.0
133, 731.0, 255.0
134, 43.0, 407.0
135, 183.0, 308.0
136, 688.0, 161.0
137, 537.0, 180.0
138, 218.0, 60.0
139, 268.0, 211.0
140, 91.0, 301.0
141, 632.0, 84.0
142, 448.0, 101.0
143, 717.0, 250.0
144, 94.0, 347.0
145, 330.0, 210.0
146, 636.0, 177.0
147, 89.0, 268.0
148, 112.0, 437.0
149, 593.0, 121.0
150, 141.0, 354.0
151, 101.0, 29.0
152, 672.0, 21.0
153, 463.0, 157.0
154, 415.0, 119.0
155, 555.0, 147.0
156, 163.0, 213.0
157, 438.0, 217.0
158, 701.0, 254.0
159, 252.0, 352.0
160, 283.0, 167.0
161, 724.0, 139.0
162, 541.0, 101.0
163, 722.0, 266.0
164, 512.0, 124.0
165, 531.0, 55.0
166, 560.0, 46.0
167, 665.0, 154.0
168, 467.0, 47.0
169, 200.0, 271.0
170, 620.0, 346.0
171, 27.0, 66.0
172, 514.0, 82.0
173, 536.0, 172.0
174, 69.0, 310.0
175, 238.0, 198.0
176, 429.0, 234.0
177, 522.0, 136.0
178, 451.0, 262.0
179, 149.0, 11.0
180, 592.0, 141.0
181, 293.0, 115.0
182, 582.0, 144.0
183, 159.0, 239.0
184, 236.0, 68.0
185, 705.0, 49.0
186, 677.0, 147.0
187, 188.0, 250.0
188, 583.0, 232.0
189, 185.0, 273.0
190, 153.0, 218.0
191, 103.0, 380.0
192, 456.0, 95.0
193, 23.0, 450.0
194, 275.0, 55.0
195, 131.0, 10.0
196, 98.0, 399.0
197, 257.0, 224.0
198, 144.0, 341.0
199, 338.0, 198.0
200, 153.0, 411.0
201, 79.0, 130.0
202, 72.0, 48.0
203, 115.0, 204.0
204, 411.0, 156.0
205, 173.0, 274.0
206, 163.0, 149.0
207, 296.0, 100.0
208, 723.0, 214.0
209, 87.0, 429.0
210, 405.0, 124.0
211, 710.0, 19.0
212, 58.0, 235.0
213, 513.0, 213.0
214, 446.0, 178.0
215, 10.0, 289.0
216, 615.0, 71.0
217, 323.0, 191.0
218, 192.0, 174.0
219, 348.0, 224.0
220, 197.0, 167.0
221, 671.0, 306.0
222, 490.0, 112.0
223, 39.0, 384.0
224, 105.0, 110.0
225, 129.0, 307.0
226, 252.0, 69.0
227, 335.0, 60.0
228, 88.0, 369.0
229, 505.0, 168.0
230, 179.0, 263.0
231, 490.0, 81.0
232, 618.0, 84.0
233, 323.0, 98.0
234, 323.0, 21.0
235, 524.0, 82.0
236, 609.0, 41.0
237, 162.0, 176.0
238, 739.0, 216.0
239, 86.0, 81.0
240, 180.0, 380.0
241, 430.0, 79.0
242, 82.0, 317.0
243, 384.0, 265.0
244, 565.0, 101.0
245, 151.0, 205.0
246, 446.0, 196.0
247, 150.0, 327.0
248, 364.0, 197.0
249, 714.0, 340.0
250, 496.0, 136.0
251, 117.0, 40.0
252, 652.0, 159.0
253, 646.0, 9.0
254, 486.0, 204.0
255, 657.0, 93.0
256, 66.0, 29.0
257, 544.0, 57.0
258, 254.0, 93.0
259, 421.0, 287.0
260, 265.0, 244.0
261, 647.0, 85.0
262, 361.0, 24.0
263, 58.0, 369.0
264, 319.0, 146.0
265, 550.0, 177.0
266, 487.0, 101.0
267, 146.0, 373.0
268, 65.0, 326.0
269, 379.0, 280.0
270, 642.0, 93.0
271, 413.0, 78.0
272, 450.0, 18.0
273, 526.0, 100.0
274, 558.0, 129.0
275, 80.0, 151.0
276, 302.0, 171.0
277, 417.0, 271.0
278, 433.0, 126.0
279, 64.0, 196.0
280, 366.0, 255.0
281, 17.0, 59.0
282, 138.0, 64.0
283, 527.0, 189.0
284, 502.0, 102.0
285, 318.0, 262.0
286, 167.0, 417.0
287, 312.0, 311.0
288, 437.0, 152.0
289, 573.0, 69.0
290, 325.0, 118.0
291, 389.0, 210.0
292, 536.0, 271.0
293, 233.0, 39.0
294, 58.0, 392.0
295, 254.0, 52.0
296, 320.0, 39.0
297, 348.0, 99.0
298, 368.0, 285.0
299, 401.0, 200.0
300, 578.0, 326.0
301, 165.0, 377.0
302, 288.0, 34.0
303, 298.0, 80.0
304, 95.0, 287.0
305, 347.0, 205.0
306, 606.0, 115.0
307, 170.0, 232.0
308, 289.0, 44.0
309, 419.0, 27.0
310, 37.0, 176.0
311, 346.0, 247.0
312, 487.0, 164.0
313, 110.0, 129.0
314, 731.0, 200.0
315, 271.0, 34.0
316, 143.0, 320.0
317, 63.0, 208.0
318, 635.0, 373.0
319, 108.0, 335.0
320, 179.0, 350.0
321, 404.0, 254.0
322, 175.0, 365.0
323, 188.0, 127.0
324, 602.0, 143.0
325, 711.0, 263.0
326, 537.0, 158.0
327, 208.0, 116.0
328, 623.0, 95.0
329, 161.0, 106.0
330, 287.0, 309.0
331, 588.0, 179.0
332, 95.0, 72.0
333, 286.0, 425.0
334, 626.0, 141.0
335, 380.0, 129.0
336, 588.0, 90.0
337, 59.0, 347.0
338, 442.0, 226.0
339, 293.0, 184.0
340, 14.0, 419.0
341, 213.0, 197.0
342, 559.0, 264.0
343, 728.0, 274.0
344, 483.0, 122.0
345, 190.0, 16.0
346, 636.0, 219.0
347, 449.0, 119.0
348, 19.0, 380.0
349, 130.0, 192.0
350, 445.0, 248.0
351, 167.0, 222.0
352, 715.0, 238.0
353, 303.0, 275.0
354, 498.0, 224.0
355, 26.0, 401.0
356, 321.0, 246.0
357, 173.0, 242.0
358, 195.0, 240.0
359, 523.0, 27.0
360, 116.0, 422.0
361, 364.0, 298.0
362, 307.0, 185.0
363, 42.0, 262.0
364, 120.0, 303.0
365, 482.0, 381.0
366, 203.0, 298.0
367, 308.0, 125.0
368, 668.0, 135.0
369, 109.0, 70.0
370, 73.0, 378.0
371, 391.0, 166.0
372, 367.0, 93.0
373, 188.0, 364.0
374, 291.0, 335.0
375, 705.0, 321.0
376, 129.0, 327.0
377, 73.0, 164.0
378, 416.0, 213.0
379, 319.0, 164.0
380, 86.0, 385.0
381, 161.0, 341.0
382, 87.0, 64.0
383, 342.0, 266.0
384, 413.0, 10.0
385, 652.0, 17.0
386, 97.0, 220.0
387, 473.0, 144.0
388, 574.0, 113.0
389, 634.0, 104.0
390, 163.0, 282.0
391, 268.0, 151.0
392, 583.0, 459.0
393, 591.0, 418.0
394, 546.0, 260.0
395, 354.0, 34.0
396, 130.0, 401.0
397, 424.0, 326.0
398, 293.0, 281.0
399, 39.0, 359.0
400, 123.0, 345.0
401, 438.0, 117.0
402, 397.0, 306.0
403, 408.0, 298.0
404, 707.0, 105.0
405, 159.0, 128.0
406, 333.0, 385.0
407, 218.0, 29.0
408, 564.0, 164.0
409, 456.0, 58.0
410, 120.0, 110.0
411, 112.0, 82.0
412, 265.0, 9.0
413, 132.0, 128.0
414, 291.0, 223.0
415, 215.0, 311.0
416, 478.0, 112.0
417, 334.0, 165.0
418, 630.0, 245.0
419, 449.0, 80.0
420, 32.0, 468.0
421, 732.0, 335.0
422, 384.0, 14.0
423, 204.0, 367.0
424, 98.0, 86.0
425, 571.0, 188.0
426, 544.0, 82.0
427, 235.0, 49.0
428, 404.0, 177.0
429, 577.0, 51.0
430, 513.0, 231.0
431, 80.0, 334.0
432, 527.0, 171.0
433, 363.0, 243.0
434, 203.0, 229.0
435, 227.0, 19.0
436, 304.0, 32.0
437, 121.0, 389.0
438, 459.0, 198.0
439, 439.0, 29.0
440, 134.0, 44.0
441, 577.0, 268.0
442, 390.0, 182.0
443, 500.0, 123.0
444, 539.0, 139.0
445, 321.0, 274.0
446, 659.0, 252.0
447, 638.0, 14.0
448, 598.0, 189.0
449, 357.0, 194.0
450, 82.0, 31.0
451, 149.0, 129.0
452, 476.0, 394.0
453, 475.0, 120.0
454, 175.0, 252.0
455, 291.0, 59.0
456, 626.0, 164.0
457, 451.0, 358.0
458, 145.0, 81.0
459, 49.0, 225.0
460, 589.0, 337.0
461, 603.0, 54.0
462, 449.0, 110.0
463, 311.0, 176.0
464, 301.0, 291.0
465, 731.0, 17.0
466, 742.0, 149.0
467, 114.0, 142.0
468, 140.0, 393.0
469, 144.0, 184.0
470, 301.0, 248.0
471, 291.0, 238.0
472, 531.0, 43.0
473, 662.0, 141.0
474, 163.0, 251.0
475, 42.0, 337.0
476, 561.0, 90.0
477, 41.0, 143.0
478, 86.0, 94.0
479, 117.0, 99.0
480, 357.0, 250.0
481, 102.0, 307.0
482, 339.0, 186.0
483, 615.0, 114.0
484, 255.0, 118.0
485, 727.0, 154.0
486, 357.0, 290.0
487, 441.0, 237.0
488, 358.0, 260.0
489, 401.0, 12.0
490, 518.0, 9.0
491, 595.0, 112.0
492, 134.0, 25.0
493, 90.0, 197.0
494, 268.0, 225.0
495, 322.0, 212.0
496, 540.0, 243.0
497, 437.0, 321.0
498, 313.0, 238.0
499, 502.0, 50.0
