0, 424.0, 262.0
1, 279.0, 226.0
2, 172.0, 147.0
3, 510.0, 336.0
4, 354.0, 232.0
5, 519.0, 349.0
6, 649.0, 273.0
7, 216.0, 247.0
8, 561.0, 433.0
9, 317.0, 137.0
10, 423.0, 287.0
11, 123.0, 96.0
12, 449.0, 293.0
13, 334.0, 151.0
14, 370.0, 251.0
15, 364.0, 79.0
16, 609.0, 363.0
17, 239.0, 151.0
18, 511.0, 77.0
19, 497.0, 292.0
20, 540.0, 365.0
21, 372.0, 152.0
22, 274.0, 171.0
23, 201.0, 303.0
24, 563.0, 173.0
25, 593.0, 379.0
26, 389.0, 171.0
27, 603.0, 172.0
28, 412.0, 49.0
29, 443.0, 245.0
30, 676.0, 456.0
31, 688.0, 160.0
32, 411.0, 241.0
33, 566.0, 350.0
34, 334.0, 284.0
35, 63.0, 351.0
36, 224.0, 162.0
37, 182.0, 148.0
38, 402.0, 51.0
39, 618.0, 150.0
40, 572.0, 436.0
41, 363.0, 241.0
42, 456.0, 159.0
43, 670.0, 331.0
44, 423.0, 317.0
45, 335.0, 162.0
46, 678.0, 406.0
47, 597.0, 357.0
48, 487.0, 192.0
49, 554.0, 347.0
50, 388.0, 51.0
51, 188.0, 211.0
52, 500.0, 223.0
53, 482.0, 268.0
54, 332.0, 110.0
55, 424.0, 229.0
56, 460.0, 263.0
57, 565.0, 213.0
58, 522.0, 297.0
59, 170.0, 303.0
60, 658.0, 333.0
61, 389.0, 199.0
62, 542.0, 176.0
63, 445.0, 150.0
64, 686.0, 119.0
65, 245.0, 174.0
66, 604.0, 71.0
67, 581.0, 237.0
68, 21.0, 93.0
69, 389.0, 255.0
70, 343.0, 77.0
71, 402.0, 139.0
72, 590.0, 389.0
73, 451.0, 79.0
74, 343.0, 230.0
75, 537.0, 385.0
76, 340.0, 115.0
77, 532.0, 186.0
78, 274.0, 261.0
79, 558.0, 401.0
80, 133.0, 16.0
81, 443.0, 195.0
82, 208.0, 316.0
83, 193.0, 268.0
84, 509.0, 347.0
85, 630.0, 141.0
86, 602.0, 79.0
87, 476.0, 205.0
88, 265.0, 209.0
89, 29.0, 194.0
90, 594.0, 368.0
91, 389.0, 272.0
92, 286.0, 266.0
93, 314.0, 291.0
94, 258.0, 136.0
95, 590.0, 72.0
96, 473.0, 268.0
97, 37.0, 89.0
98, 36.0, 47.0
99, 687.0, 416.0
100, 347.0, 302.0
101, 589.0, 400.0
102, 325.0, 75.0
103, 460.0, 249.0
104, 718.0, 45.0
105, 427.0, 161.0
106, 455.0, 194.0
107, 654.0, 150.0
108, 479.0, 330.0
109, 92.0, 158.0
110, 449.0, 182.0
111, 211.0, 220.0
112, 301.0, 149.0
113, 224.0, 276.0
114, 370.0, 119.0
115, 565.0, 444.0
116, 301.0, 277.0
117, 434.0, 248.0
118, 280.0, 235.0
119, 616.0, 160.0
120, 399.0, 29.0
121, 589.0, 90.0
122, 137.0, 205.0
123, 571.0, 373.0
124, 221.0, 178.0
125, 123.0, 240.0
126, 716.0, 119.0
127, 553.0, 58.0
128, 489.0, 204.0
129, 253.0, 162.0
130, 435.0, 329.0
131, 549.0, 378.0
132, 586.0, 420.0
133, 332.0, 125.0
134, 283.0, 254.0
135, 587.0, 410.0
136, 388.0, 126.0
137, 50.0, 23.0
138, 352.0, 34.0
139, 156.0, 207.0
140, 551.0, 368.0
141, 527.0, 76.0
142, 227.0, 140.0
143, 547.0, 275.0
144, 112.0, 85.0
145, 285.0, 35.0
146, 148.0, 177.0
147, 61.0, 86.0
148, 689.0, 95.0
149, 302.0, 138.0
150, 570.0, 425.0
151, 335.0, 313.0
152, 530.0, 310.0
153, 469.0, 298.0
154, 353.0, 108.0
155, 623.0, 387.0
156, 88.0, 348.0
157, 615.0, 102.0
158, 454.0, 268.0
159, 394.0, 150.0
160, 85.0, 301.0
161, 715.0, 35.0
162, 556.0, 211.0
163, 202.0, 289.0
164, 306.0, 165.0
165, 369.0, 188.0
166, 544.0, 397.0
167, 313.0, 237.0
168, 548.0, 388.0
169, 156.0, 271.0
170, 634.0, 335.0
171, 347.0, 207.0
172, 247.0, 193.0
173, 531.0, 198.0
174, 671.0, 282.0
175, 381.0, 213.0
176, 479.0, 60.0
177, 637.0, 113.0
178, 280.0, 273.0
179, 543.0, 329.0
180, 660.0, 375.0
181, 284.0, 132.0
182, 334.0, 214.0
183, 568.0, 109.0
184, 392.0, 355.0
185, 329.0, 137.0
186, 487.0, 53.0
187, 584.0, 430.0
188, 324.0, 197.0
189, 138.0, 341.0
190, 480.0, 186.0
191, 32.0, 253.0
192, 471.0, 194.0
193, 120.0, 31.0
194, 673.0, 467.0
195, 566.0, 318.0
196, 187.0, 66.0
197, 551.0, 74.0
198, 452.0, 210.0
199, 693.0, 37.0
200, 290.0, 204.0
201, 394.0, 102.0
202, 389.0, 296.0
203, 495.0, 303.0
204, 377.0, 110.0
205, 196.0, 277.0
206, 91.0, 126.0
207, 262.0, 255.0
208, 219.0, 347.0
209, 87.0, 141.0
210, 513.0, 269.0
211, 475.0, 156.0
212, 153.0, 168.0
213, 602.0, 238.0
214, 484.0, 139.0
215, 101.0, 99.0
216, 313.0, 218.0
217, 650.0, 319.0
218, 382.0, 187.0
219, 283.0, 110.0
220, 470.0, 248.0
221, 241.0, 139.0
222, 211.0, 205.0
223, 677.0, 155.0
224, 441.0, 58.0
225, 144.0, 198.0
226, 454.0, 335.0
227, 567.0, 128.0
228, 628.0, 150.0
229, 187.0, 283.0
230, 269.0, 149.0
231, 388.0, 33.0
232, 586.0, 20.0
233, 560.0, 43.0
234, 443.0, 139.0
235, 432.0, 259.0
236, 252.0, 91.0
237, 565.0, 303.0
238, 310.0, 129.0
239, 95.0, 425.0
240, 156.0, 228.0
241, 722.0, 95.0
242, 322.0, 91.0
243, 437.0, 157.0
244, 24.0, 347.0
245, 693.0, 274.0
246, 552.0, 410.0
247, 571.0, 94.0
248, 199.0, 344.0
249, 578.0, 149.0
250, 298.0, 195.0
251, 348.0, 174.0
252, 79.0, 237.0
253, 161.0, 21.0
254, 144.0, 247.0
255, 317.0, 116.0
256, 256.0, 29.0
257, 697.0, 150.0
258, 408.0, 323.0
259, 287.0, 164.0
260, 405.0, 13.0
261, 501.0, 204.0
262, 111.0, 301.0
263, 310.0, 110.0
264, 336.0, 200.0
265, 251.0, 251.0
266, 310.0, 227.0
267, 10.0, 448.0
268, 269.0, 132.0
269, 532.0, 374.0
270, 571.0, 384.0
271, 475.0, 139.0
272, 205.0, 371.0
273, 696.0, 436.0
274, 352.0, 248.0
275, 471.0, 96.0
276, 443.0, 216.0
277, 302.0, 232.0
278, 449.0, 260.0
279, 460.0, 141.0
280, 557.0, 422.0
281, 484.0, 18.0
282, 196.0, 255.0
283, 709.0, 51.0
284, 182.0, 160.0
285, 666.0, 254.0
286, 419.0, 15.0
287, 510.0, 93.0
288, 189.0, 227.0
289, 560.0, 187.0
290, 302.0, 262.0
291, 526.0, 362.0
292, 186.0, 187.0
293, 529.0, 351.0
294, 237.0, 164.0
295, 673.0, 163.0
296, 434.0, 218.0
297, 495.0, 241.0
298, 135.0, 278.0
299, 413.0, 395.0
300, 675.0, 264.0
301, 274.0, 184.0
302, 665.0, 204.0
303, 364.0, 69.0
304, 441.0, 36.0
305, 202.0, 160.0
306, 413.0, 277.0
307, 441.0, 272.0
308, 120.0, 251.0
309, 705.0, 96.0
310, 333.0, 262.0
311, 651.0, 83.0
312, 572.0, 202.0
313, 256.0, 76.0
314, 141.0, 167.0
315, 85.0, 16.0
316, 578.0, 158.0
317, 168.0, 104.0
318, 483.0, 298.0
319, 324.0, 274.0
320, 103.0, 452.0
321, 344.0, 94.0
322, 404.0, 83.0
323, 423.0, 239.0
324, 583.0, 213.0
325, 130.0, 416.0
326, 114.0, 95.0
327, 162.0, 284.0
328, 158.0, 239.0
329, 292.0, 74.0
330, 194.0, 108.0
331, 119.0, 58.0
332, 159.0, 176.0
333, 240.0, 91.0
334, 65.0, 59.0
335, 622.0, 126.0
336, 11.0, 360.0
337, 482.0, 307.0
338, 527.0, 287.0
339, 171.0, 208.0
340, 213.0, 34.0
341, 313.0, 261.0
342, 587.0, 189.0
343, 484.0, 77.0
344, 112.0, 438.0
345, 564.0, 224.0
346, 276.0, 195.0
347, 258.0, 47.0
348, 380.0, 168.0
349, 149.0, 185.0
350, 165.0, 219.0
351, 285.0, 150.0
352, 478.0, 48.0
353, 464.0, 34.0
354, 68.0, 335.0
355, 310.0, 157.0
356, 185.0, 175.0
357, 352.0, 122.0
358, 560.0, 381.0
359, 634.0, 234.0
360, 577.0, 172.0
361, 503.0, 140.0
362, 424.0, 46.0
363, 513.0, 197.0
364, 335.0, 275.0
365, 380.0, 226.0
366, 411.0, 252.0
367, 517.0, 121.0
368, 89.0, 90.0
369, 349.0, 185.0
370, 728.0, 20.0
371, 692.0, 54.0
372, 525.0, 227.0
373, 490.0, 253.0
374, 570.0, 11.0
375, 274.0, 65.0
376, 675.0, 31.0
377, 175.0, 373.0
378, 306.0, 70.0
379, 434.0, 227.0
380, 251.0, 108.0
381, 470.0, 185.0
382, 454.0, 95.0
383, 250.0, 242.0
384, 743.0, 81.0
385, 507.0, 356.0
386, 411.0, 27.0
387, 528.0, 95.0
388, 469.0, 167.0
389, 100.0, 19.0
390, 316.0, 280.0
391, 221.0, 321.0
392, 525.0, 216.0
393, 382.0, 81.0
394, 248.0, 338.0
395, 620.0, 140.0
396, 530.0, 299.0
397, 617.0, 89.0
398, 335.0, 191.0
399, 180.0, 48.0
400, 161.0, 294.0
401, 131.0, 175.0
402, 471.0, 234.0
403, 152.0, 115.0
404, 117.0, 20.0
405, 70.0, 319.0
406, 149.0, 18.0
407, 628.0, 366.0
408, 359.0, 182.0
409, 515.0, 177.0
410, 361.0, 315.0
411, 736.0, 120.0
412, 595.0, 214.0
413, 452.0, 113.0
414, 458.0, 45.0
415, 369.0, 102.0
416, 380.0, 59.0
417, 427.0, 36.0
418, 675.0, 76.0
419, 619.0, 71.0
420, 437.0, 291.0
421, 312.0, 149.0
422, 589.0, 149.0
423, 644.0, 295.0
424, 591.0, 467.0
425, 302.0, 90.0
426, 15.0, 224.0
427, 204.0, 73.0
428, 496.0, 212.0
429, 76.0, 90.0
430, 228.0, 150.0
431, 292.0, 229.0
432, 374.0, 47.0
433, 552.0, 457.0
434, 468.0, 113.0
435, 298.0, 182.0
436, 405.0, 172.0
437, 240.0, 47.0
438, 248.0, 402.0
439, 70.0, 304.0
440, 547.0, 84.0
441, 661.0, 162.0
442, 743.0, 96.0
443, 144.0, 392.0
444, 356.0, 210.0
445, 323.0, 220.0
446, 187.0, 311.0
447, 420.0, 114.0
448, 194.0, 247.0
449, 383.0, 153.0
450, 120.0, 105.0
451, 149.0, 279.0
452, 207.0, 144.0
453, 113.0, 217.0
454, 207.0, 182.0
455, 364.0, 146.0
456, 328.0, 253.0
457, 78.0, 399.0
458, 345.0, 275.0
459, 448.0, 357.0
460, 495.0, 347.0
461, 708.0, 19.0
462, 689.0, 110.0
463, 83.0, 252.0
464, 576.0, 73.0
465, 507.0, 122.0
466, 573.0, 249.0
467, 397.0, 163.0
468, 15.0, 469.0
469, 563.0, 150.0
470, 442.0, 321.0
471, 161.0, 35.0
472, 327.0, 236.0
473, 119.0, 170.0
474, 590.0, 137.0
475, 633.0, 243.0
476, 616.0, 211.0
477, 412.0, 286.0
478, 176.0, 65.0
479, 535.0, 140.0
480, 559.0, 391.0
481, 389.0, 264.0
482, 566.0, 333.0
483, 528.0, 85.0
484, 667.0, 65.0
485, 354.0, 265.0
486, 544.0, 344.0
487, 531.0, 26.0
488, 207.0, 17.0
489, 699.0, 28.0
490, 700.0, 119.0
491, 237.0, 117.0
492, 553.0, 358.0
493, 216.0, 104.0
494, 258.0, 151.0
495, 108.0, 125.0
496, 41.0, 30.0
497, 357.0, 201.0
498, 245.0, 61.0
499, 302.0, 206.0
