0, 668.0, 148.0
1, 464.0, 134.0
2, 272.0, 78.0
3, 217.0, 76.0
4, 451.0, 195.0
5, 452.0, 164.0
6, 592.0, 129.0
7, 387.0, 102.0
8, 602.0, 78.0
9, 184.0, 125.0
10, 212.0, 161.0
11, 203.0, 153.0
12, 469.0, 166.0
13, 68.0, 152.0
14, 144.0, 165.0
15, 573.0, 236.0
16, 303.0, 28.0
17, 123.0, 204.0
18, 119.0, 84.0
19, 404.0, 21.0
20, 118.0, 70.0
21, 516.0, 8.0
22, 224.0, 59.0
23, 231.0, 168.0
24, 420.0, 153.0
25, 735.0, 44.0
26, 174.0, 184.0
27, 359.0, 112.0
28, 279.0, 219.0
29, 154.0, 162.0
30, 98.0, 100.0
31, 310.0, 113.0
32, 198.0, 19.0
33, 681.0, 146.0
34, 169.0, 107.0
35, 690.0, 145.0
36, 232.0, 76.0
37, 162.0, 206.0
38, 381.0, 71.0
39, 632.0, 109.0
40, 268.0, 204.0
41, 189.0, 132.0
42, 358.0, 192.0
43, 582.0, 218.0
44, 605.0, 30.0
45, 260.0, 76.0
46, 301.0, 145.0
47, 417.0, 166.0
48, 407.0, 111.0
49, 132.0, 119.0
50, 51.0, 247.0
51, 478.0, 153.0
52, 194.0, 140.0
53, 254.0, 87.0
54, 459.0, 95.0
55, 394.0, 37.0
56, 103.0, 75.0
57, 498.0, 161.0
58, 97.0, 174.0
59, 186.0, 204.0
60, 416.0, 20.0
61, 550.0, 126.0
62, 386.0, 176.0
63, 280.0, 28.0
64, 417.0, 117.0
65, 226.0, 196.0
66, 397.0, 153.0
67, 605.0, 233.0
68, 410.0, 86.0
69, 332.0, 91.0
70, 722.0, 140.0
71, 359.0, 69.0
72, 32.0, 118.0
73, 501.0, 109.0
74, 153.0, 236.0
75, 474.0, 134.0
76, 89.0, 131.0
77, 110.0, 129.0
78, 323.0, 171.0
79, 565.0, 91.0
80, 490.0, 88.0
81, 70.0, 246.0
82, 197.0, 79.0
83, 381.0, 448.0
84, 133.0, 182.0
85, 213.0, 141.0
86, 129.0, 190.0
87, 120.0, 239.0
88, 278.0, 57.0
89, 515.0, 43.0
90, 410.0, 186.0
91, 287.0, 145.0
92, 523.0, 69.0
93, 466.0, 87.0
94, 405.0, 43.0
95, 330.0, 63.0
96, 73.0, 233.0
97, 91.0, 91.0
98, 574.0, 97.0
99, 450.0, 110.0
100, 504.0, 78.0
101, 498.0, 125.0
102, 593.0, 64.0
103, 322.0, 81.0
104, 103.0, 85.0
105, 525.0, 143.0
106, 370.0, 89.0
107, 256.0, 223.0
108, 269.0, 70.0
109, 330.0, 160.0
110, 540.0, 127.0
111, 182.0, 111.0
112, 428.0, 20.0
113, 650.0, 44.0
114, 287.0, 78.0
115, 271.0, 122.0
116, 391.0, 19.0
117, 122.0, 225.0
118, 254.0, 210.0
119, 92.0, 243.0
120, 295.0, 136.0
121, 64.0, 181.0
122, 522.0, 231.0
123, 79.0, 141.0
124, 546.0, 82.0
125, 575.0, 179.0
126, 493.0, 209.0
127, 512.0, 125.0
128, 598.0, 164.0
129, 393.0, 166.0
130, 654.0, 24.0
131, 297.0, 112.0
132, 206.0, 178.0
133, 243.0, 59.0
134, 468.0, 75.0
135, 272.0, 172.0
136, 136.0, 86.0
137, 89.0, 109.0
138, 273.0, 89.0
139, 589.0, 107.0
140, 559.0, 155.0
141, 396.0, 201.0
142, 438.0, 210.0
143, 486.0, 134.0
144, 512.0, 217.0
145, 433.0, 158.0
146, 69.0, 114.0
147, 410.0, 200.0
148, 186.0, 218.0
149, 648.0, 150.0
150, 466.0, 39.0
151, 252.0, 195.0
152, 511.0, 111.0
153, 560.0, 139.0
154, 165.0, 131.0
155, 524.0, 109.0
156, 259.0, 116.0
157, 149.0, 56.0
158, 470.0, 255.0
159, 122.0, 172.0
160, 672.0, 17.0
161, 709.0, 33.0
162, 518.0, 53.0
163, 487.0, 123.0
164, 498.0, 65.0
165, 689.0, 38.0
166, 517.0, 18.0
167, 159.0, 227.0
168, 183.0, 232.0
169, 119.0, 56.0
170, 648.0, 107.0
171, 248.0, 107.0
172, 548.0, 71.0
173, 239.0, 95.0
174, 427.0, 189.0
175, 582.0, 121.0
176, 142.0, 227.0
177, 223.0, 171.0
178, 215.0, 186.0
179, 599.0, 176.0
180, 499.0, 144.0
181, 613.0, 92.0
182, 100.0, 218.0
183, 79.0, 221.0
184, 25.0, 232.0
185, 401.0, 299.0
186, 696.0, 116.0
187, 302.0, 67.0
188, 317.0, 204.0
189, 564.0, 108.0
190, 613.0, 79.0
191, 615.0, 311.0
192, 170.0, 172.0
193, 385.0, 85.0
194, 494.0, 76.0
195, 45.0, 187.0
196, 404.0, 32.0
197, 459.0, 349.0
198, 572.0, 362.0
199, 371.0, 37.0
200, 222.0, 40.0
201, 443.0, 161.0
202, 95.0, 28.0
203, 221.0, 157.0
204, 144.0, 156.0
205, 537.0, 329.0
206, 160.0, 190.0
207, 236.0, 182.0
208, 377.0, 159.0
209, 299.0, 80.0
210, 331.0, 220.0
211, 167.0, 198.0
212, 379.0, 121.0
213, 449.0, 289.0
214, 415.0, 32.0
215, 692.0, 174.0
216, 52.0, 216.0
217, 594.0, 53.0
218, 482.0, 96.0
219, 319.0, 56.0
220, 339.0, 199.0
221, 511.0, 142.0
222, 450.0, 88.0
223, 335.0, 190.0
224, 667.0, 281.0
225, 613.0, 113.0
226, 286.0, 207.0
227, 352.0, 395.0
228, 300.0, 99.0
229, 151.0, 123.0
230, 26.0, 251.0
231, 261.0, 49.0
232, 416.0, 129.0
233, 407.0, 141.0
234, 440.0, 48.0
235, 312.0, 93.0
236, 365.0, 122.0
237, 504.0, 10.0
238, 258.0, 346.0
239, 533.0, 228.0
240, 184.0, 179.0
241, 459.0, 104.0
242, 624.0, 23.0
243, 301.0, 170.0
244, 170.0, 35.0
245, 292.0, 183.0
246, 340.0, 182.0
247, 162.0, 157.0
248, 589.0, 77.0
249, 373.0, 9.0
250, 573.0, 107.0
251, 425.0, 364.0
252, 524.0, 81.0
253, 523.0, 159.0
254, 9.0, 123.0
255, 217.0, 67.0
256, 417.0, 291.0
257, 555.0, 146.0
258, 210.0, 131.0
259, 529.0, 95.0
260, 53.0, 202.0
261, 624.0, 227.0
262, 241.0, 208.0
263, 53.0, 176.0
264, 316.0, 18.0
265, 741.0, 149.0
266, 605.0, 120.0
267, 422.0, 46.0
268, 164.0, 68.0
269, 587.0, 310.0
270, 103.0, 164.0
271, 234.0, 86.0
272, 590.0, 91.0
273, 502.0, 243.0
274, 511.0, 135.0
275, 352.0, 22.0
276, 238.0, 152.0
277, 511.0, 66.0
278, 191.0, 38.0
279, 394.0, 46.0
280, 100.0, 64.0
281, 427.0, 141.0
282, 60.0, 166.0
283, 515.0, 244.0
284, 613.0, 9.0
285, 481.0, 336.0
286, 9.0, 209.0
287, 250.0, 175.0
288, 367.0, 178.0
289, 700.0, 173.0
290, 515.0, 321.0
291, 380.0, 20.0
292, 624.0, 35.0
293, 105.0, 152.0
294, 559.0, 125.0
295, 85.0, 188.0
296, 457.0, 178.0
297, 157.0, 180.0
298, 116.0, 119.0
299, 331.0, 148.0
300, 586.0, 137.0
301, 385.0, 48.0
302, 360.0, 311.0
303, 541.0, 110.0
304, 115.0, 282.0
305, 50.0, 62.0
306, 394.0, 71.0
307, 301.0, 13.0
308, 470.0, 368.0
309, 502.0, 90.0
310, 86.0, 200.0
311, 625.0, 328.0
312, 562.0, 75.0
313, 465.0, 116.0
314, 183.0, 150.0
315, 537.0, 157.0
316, 276.0, 102.0
317, 520.0, 27.0
318, 371.0, 206.0
319, 69.0, 133.0
320, 47.0, 170.0
321, 315.0, 144.0
322, 377.0, 49.0
323, 544.0, 92.0
324, 615.0, 134.0
325, 688.0, 66.0
326, 113.0, 100.0
327, 116.0, 215.0
328, 163.0, 216.0
329, 717.0, 121.0
330, 510.0, 90.0
331, 441.0, 35.0
332, 707.0, 142.0
333, 79.0, 207.0
334, 678.0, 154.0
335, 65.0, 193.0
336, 442.0, 146.0
337, 79.0, 119.0
338, 209.0, 38.0
339, 457.0, 126.0
340, 31.0, 203.0
341, 689.0, 14.0
342, 401.0, 127.0
343, 440.0, 61.0
344, 15.0, 85.0
345, 723.0, 398.0
346, 175.0, 160.0
347, 321.0, 92.0
348, 252.0, 72.0
349, 699.0, 145.0
350, 92.0, 149.0
351, 307.0, 16.0
352, 175.0, 56.0
353, 135.0, 238.0
354, 539.0, 140.0
355, 414.0, 44.0
356, 177.0, 207.0
357, 184.0, 187.0
358, 138.0, 214.0
359, 144.0, 199.0
360, 317.0, 72.0
361, 244.0, 116.0
362, 321.0, 408.0
363, 287.0, 133.0
364, 328.0, 229.0
365, 409.0, 406.0
366, 40.0, 250.0
367, 353.0, 86.0
368, 144.0, 33.0
369, 222.0, 209.0
370, 733.0, 223.0
371, 357.0, 120.0
372, 287.0, 110.0
373, 257.0, 157.0
374, 733.0, 23.0
375, 170.0, 233.0
376, 606.0, 108.0
377, 73.0, 96.0
378, 604.0, 14.0
379, 277.0, 128.0
380, 136.0, 26.0
381, 321.0, 191.0
382, 111.0, 171.0
383, 681.0, 247.0
384, 491.0, 256.0
385, 715.0, 370.0
386, 292.0, 83.0
387, 449.0, 354.0
388, 56.0, 150.0
389, 285.0, 162.0
390, 290.0, 422.0
391, 241.0, 315.0
392, 534.0, 76.0
393, 598.0, 223.0
394, 219.0, 147.0
395, 386.0, 383.0
396, 469.0, 145.0
397, 533.0, 84.0
398, 506.0, 186.0
399, 239.0, 19.0
400, 140.0, 107.0
401, 638.0, 137.0
402, 595.0, 303.0
403, 506.0, 347.0
404, 199.0, 171.0
405, 116.0, 373.0
406, 87.0, 45.0
407, 578.0, 150.0
408, 479.0, 116.0
409, 596.0, 208.0
410, 171.0, 361.0
411, 380.0, 187.0
412, 446.0, 382.0
413, 404.0, 59.0
414, 489.0, 108.0
415, 584.0, 146.0
416, 577.0, 164.0
417, 502.0, 41.0
418, 549.0, 324.0
419, 76.0, 156.0
420, 110.0, 113.0
421, 302.0, 126.0
422, 251.0, 333.0
423, 96.0, 230.0
424, 415.0, 277.0
425, 489.0, 170.0
426, 200.0, 124.0
427, 316.0, 163.0
428, 208.0, 209.0
429, 734.0, 465.0
430, 241.0, 166.0
431, 513.0, 160.0
432, 566.0, 46.0
433, 702.0, 23.0
434, 103.0, 121.0
435, 569.0, 223.0
436, 509.0, 27.0
437, 672.0, 114.0
438, 305.0, 162.0
439, 615.0, 66.0
440, 111.0, 179.0
441, 464.0, 63.0
442, 667.0, 301.0
443, 696.0, 103.0
444, 574.0, 294.0
445, 637.0, 321.0
446, 515.0, 401.0
447, 635.0, 170.0
448, 225.0, 84.0
449, 409.0, 469.0
450, 507.0, 173.0
451, 327.0, 199.0
452, 644.0, 127.0
453, 742.0, 134.0
454, 48.0, 351.0
455, 594.0, 120.0
456, 131.0, 161.0
457, 585.0, 452.0
458, 299.0, 323.0
459, 631.0, 268.0
460, 323.0, 183.0
461, 82.0, 103.0
462, 316.0, 153.0
463, 382.0, 202.0
464, 397.0, 247.0
465, 318.0, 120.0
466, 657.0, 95.0
467, 318.0, 43.0
468, 443.0, 118.0
469, 709.0, 386.0
470, 477.0, 267.0
471, 612.0, 37.0
472, 310.0, 322.0
473, 651.0, 327.0
474, 441.0, 83.0
475, 55.0, 194.0
476, 542.0, 210.0
477, 434.0, 148.0
478, 228.0, 219.0
479, 349.0, 186.0
480, 703.0, 375.0
481, 325.0, 128.0
482, 136.0, 65.0
483, 400.0, 179.0
484, 282.0, 123.0
485, 603.0, 90.0
486, 195.0, 185.0
487, 279.0, 431.0
488, 102.0, 199.0
489, 568.0, 60.0
490, 281.0, 94.0
491, 17.0, 99.0
492, 414.0, 178.0
493, 532.0, 164.0
494, 572.0, 205.0
495, 21.0, 174.0
496, 263.0, 98.0
497, 307.0, 135.0
498, 703.0, 278.0
499, 732.0, 30.0
