0, 220.0, 297.0
1, 327.0, 183.0
2, 208.0, 195.0
3, 228.0, 202.0
4, 327.0, 257.0
5, 586.0, 300.0
6, 325.0, 233.0
7, 494.0, 308.0
8, 149.0, 298.0
9, 337.0, 78.0
10, 294.0, 74.0
11, 327.0, 269.0
12, 548.0, 189.0
13, 254.0, 188.0
14, 224.0, 164.0
15, 433.0, 330.0
16, 539.0, 393.0
17, 444.0, 82.0
18, 108.0, 327.0
19, 606.0, 415.0
20, 337.0, 299.0
21, 575.0, 220.0
22, 169.0, 232.0
23, 327.0, 193.0
24, 44.0, 23.0
25, 624.0, 177.0
26, 670.0, 182.0
27, 265.0, 216.0
28, 255.0, 218.0
29, 568.0, 395.0
30, 496.0, 299.0
31, 67.0, 37.0
32, 526.0, 231.0
33, 141.0, 191.0
34, 483.0, 281.0
35, 189.0, 309.0
36, 454.0, 360.0
37, 550.0, 211.0
38, 398.0, 468.0
39, 286.0, 264.0
40, 272.0, 269.0
41, 439.0, 177.0
42, 148.0, 441.0
43, 238.0, 128.0
44, 487.0, 341.0
45, 461.0, 309.0
46, 594.0, 460.0
47, 242.0, 305.0
48, 234.0, 283.0
49, 187.0, 423.0
50, 58.0, 343.0
51, 390.0, 201.0
52, 317.0, 194.0
53, 637.0, 283.0
54, 308.0, 205.0
55, 572.0, 97.0
56, 283.0, 211.0
57, 443.0, 212.0
58, 239.0, 68.0
59, 609.0, 200.0
60, 217.0, 213.0
61, 348.0, 185.0
62, 364.0, 190.0
63, 231.0, 308.0
64, 279.0, 223.0
65, 436.0, 187.0
66, 667.0, 193.0
67, 46.0, 35.0
68, 202.0, 216.0
69, 210.0, 131.0
70, 351.0, 274.0
71, 153.0, 323.0
72, 244.0, 91.0
73, 317.0, 254.0
74, 412.0, 386.0
75, 528.0, 350.0
76, 357.0, 22.0
77, 243.0, 199.0
78, 402.0, 317.0
79, 458.0, 403.0
80, 556.0, 277.0
81, 494.0, 193.0
82, 308.0, 238.0
83, 211.0, 118.0
84, 280.0, 136.0
85, 252.0, 139.0
86, 200.0, 102.0
87, 437.0, 162.0
88, 230.0, 108.0
89, 221.0, 274.0
90, 457.0, 447.0
91, 281.0, 178.0
92, 654.0, 135.0
93, 220.0, 396.0
94, 510.0, 453.0
95, 436.0, 29.0
96, 512.0, 293.0
97, 627.0, 203.0
98, 180.0, 287.0
99, 560.0, 316.0
100, 256.0, 229.0
101, 568.0, 212.0
102, 500.0, 446.0
103, 549.0, 293.0
104, 94.0, 265.0
105, 382.0, 223.0
106, 712.0, 330.0
107, 459.0, 321.0
108, 111.0, 224.0
109, 272.0, 144.0
110, 505.0, 22.0
111, 502.0, 48.0
112, 70.0, 210.0
113, 492.0, 154.0
114, 595.0, 245.0
115, 524.0, 239.0
116, 614.0, 428.0
117, 520.0, 256.0
118, 515.0, 284.0
119, 98.0, 229.0
120, 508.0, 336.0
121, 500.0, 274.0
122, 467.0, 337.0
123, 96.0, 96.0
124, 576.0, 315.0
125, 582.0, 451.0
126, 144.0, 124.0
127, 540.0, 203.0
128, 314.0, 328.0
129, 85.0, 229.0
130, 327.0, 151.0
131, 312.0, 372.0
132, 622.0, 187.0
133, 485.0, 188.0
134, 608.0, 46.0
135, 542.0, 221.0
136, 54.0, 87.0
137, 462.0, 115.0
138, 607.0, 212.0
139, 396.0, 89.0
140, 82.0, 84.0
141, 217.0, 27.0
142, 425.0, 443.0
143, 244.0, 147.0
144, 433.0, 465.0
145, 195.0, 208.0
146, 471.0, 202.0
147, 624.0, 52.0
148, 117.0, 353.0
149, 583.0, 130.0
150, 187.0, 104.0
151, 276.0, 278.0
152, 247.0, 279.0
153, 550.0, 57.0
154, 562.0, 255.0
155, 474.0, 283.0
156, 164.0, 164.0
157, 189.0, 285.0
158, 296.0, 170.0
159, 406.0, 179.0
160, 121.0, 379.0
161, 261.0, 322.0
162, 255.0, 124.0
163, 153.0, 410.0
164, 231.0, 324.0
165, 185.0, 183.0
166, 375.0, 419.0
167, 594.0, 286.0
168, 503.0, 232.0
169, 528.0, 459.0
170, 723.0, 341.0
171, 577.0, 18.0
172, 590.0, 172.0
173, 94.0, 387.0
174, 552.0, 435.0
175, 20.0, 40.0
176, 592.0, 162.0
177, 316.0, 274.0
178, 394.0, 433.0
179, 613.0, 36.0
180, 411.0, 190.0
181, 184.0, 234.0
182, 430.0, 354.0
183, 663.0, 106.0
184, 512.0, 368.0
185, 439.0, 430.0
186, 194.0, 141.0
187, 82.0, 381.0
188, 440.0, 360.0
189, 541.0, 234.0
190, 94.0, 207.0
191, 211.0, 442.0
192, 495.0, 258.0
193, 325.0, 210.0
194, 319.0, 120.0
195, 435.0, 298.0
196, 132.0, 348.0
197, 403.0, 410.0
198, 714.0, 281.0
199, 316.0, 299.0
200, 318.0, 203.0
201, 374.0, 81.0
202, 565.0, 406.0
203, 311.0, 163.0
204, 349.0, 353.0
205, 468.0, 411.0
206, 663.0, 257.0
207, 133.0, 399.0
208, 407.0, 250.0
209, 107.0, 380.0
210, 422.0, 172.0
211, 111.0, 340.0
212, 458.0, 35.0
213, 256.0, 175.0
214, 723.0, 99.0
215, 263.0, 394.0
216, 344.0, 243.0
217, 314.0, 75.0
218, 393.0, 182.0
219, 550.0, 350.0
220, 652.0, 106.0
221, 429.0, 204.0
222, 175.0, 196.0
223, 725.0, 65.0
224, 566.0, 336.0
225, 454.0, 349.0
226, 190.0, 60.0
227, 596.0, 148.0
228, 712.0, 293.0
229, 394.0, 420.0
230, 185.0, 19.0
231, 120.0, 421.0
232, 298.0, 205.0
233, 419.0, 463.0
234, 578.0, 169.0
235, 564.0, 282.0
236, 497.0, 61.0
237, 115.0, 129.0
238, 373.0, 116.0
239, 691.0, 275.0
240, 370.0, 229.0
241, 375.0, 106.0
242, 571.0, 193.0
243, 482.0, 299.0
244, 232.0, 264.0
245, 483.0, 197.0
246, 508.0, 177.0
247, 479.0, 75.0
248, 497.0, 470.0
249, 98.0, 409.0
250, 57.0, 24.0
251, 422.0, 209.0
252, 187.0, 320.0
253, 678.0, 195.0
254, 44.0, 355.0
255, 564.0, 270.0
256, 609.0, 75.0
257, 517.0, 120.0
258, 681.0, 184.0
259, 281.0, 157.0
260, 219.0, 426.0
261, 119.0, 249.0
262, 262.0, 377.0
263, 542.0, 32.0
264, 465.0, 362.0
265, 127.0, 259.0
266, 242.0, 173.0
267, 447.0, 156.0
268, 309.0, 186.0
269, 226.0, 439.0
270, 45.0, 214.0
271, 557.0, 455.0
272, 216.0, 186.0
273, 383.0, 210.0
274, 381.0, 21.0
275, 86.0, 405.0
276, 78.0, 276.0
277, 206.0, 141.0
278, 586.0, 269.0
279, 648.0, 254.0
280, 570.0, 117.0
281, 269.0, 343.0
282, 129.0, 362.0
283, 163.0, 463.0
284, 357.0, 405.0
285, 134.0, 228.0
286, 583.0, 146.0
287, 679.0, 281.0
288, 722.0, 223.0
289, 493.0, 320.0
290, 120.0, 154.0
291, 532.0, 260.0
292, 535.0, 43.0
293, 140.0, 365.0
294, 379.0, 74.0
295, 425.0, 405.0
296, 338.0, 267.0
297, 255.0, 357.0
298, 63.0, 357.0
299, 657.0, 145.0
300, 407.0, 160.0
301, 570.0, 444.0
302, 251.0, 256.0
303, 640.0, 121.0
304, 436.0, 111.0
305, 736.0, 191.0
306, 286.0, 61.0
307, 643.0, 145.0
308, 257.0, 402.0
309, 494.0, 366.0
310, 593.0, 309.0
311, 220.0, 242.0
312, 608.0, 63.0
313, 336.0, 284.0
314, 396.0, 376.0
315, 511.0, 321.0
316, 490.0, 48.0
317, 474.0, 9.0
318, 313.0, 423.0
319, 150.0, 313.0
320, 470.0, 322.0
321, 244.0, 390.0
322, 618.0, 248.0
323, 373.0, 147.0
324, 691.0, 218.0
325, 531.0, 372.0
326, 415.0, 135.0
327, 454.0, 391.0
328, 224.0, 38.0
329, 231.0, 121.0
330, 462.0, 282.0
331, 491.0, 177.0
332, 347.0, 173.0
333, 672.0, 230.0
334, 70.0, 260.0
335, 34.0, 21.0
336, 406.0, 225.0
337, 181.0, 46.0
338, 360.0, 224.0
339, 210.0, 206.0
340, 83.0, 198.0
341, 249.0, 287.0
342, 117.0, 87.0
343, 354.0, 432.0
344, 288.0, 149.0
345, 467.0, 45.0
346, 286.0, 254.0
347, 83.0, 94.0
348, 306.0, 248.0
349, 386.0, 149.0
350, 540.0, 256.0
351, 423.0, 184.0
352, 105.0, 434.0
353, 581.0, 466.0
354, 23.0, 238.0
355, 325.0, 328.0
356, 162.0, 452.0
357, 63.0, 201.0
358, 296.0, 220.0
359, 32.0, 267.0
360, 201.0, 30.0
361, 376.0, 95.0
362, 525.0, 160.0
363, 441.0, 450.0
364, 427.0, 47.0
365, 67.0, 12.0
366, 426.0, 34.0
367, 184.0, 220.0
368, 185.0, 193.0
369, 17.0, 84.0
370, 582.0, 85.0
371, 579.0, 431.0
372, 492.0, 27.0
373, 525.0, 206.0
374, 294.0, 141.0
375, 425.0, 143.0
376, 443.0, 39.0
377, 177.0, 341.0
378, 258.0, 333.0
379, 606.0, 460.0
380, 185.0, 298.0
381, 211.0, 166.0
382, 178.0, 212.0
383, 298.0, 252.0
384, 330.0, 29.0
385, 220.0, 313.0
386, 491.0, 330.0
387, 506.0, 130.0
388, 549.0, 450.0
389, 327.0, 132.0
390, 445.0, 69.0
391, 590.0, 93.0
392, 368.0, 130.0
393, 407.0, 17.0
394, 666.0, 248.0
395, 240.0, 462.0
396, 333.0, 215.0
397, 459.0, 190.0
398, 743.0, 225.0
399, 596.0, 421.0
400, 390.0, 65.0
401, 145.0, 392.0
402, 348.0, 365.0
403, 429.0, 428.0
404, 625.0, 280.0
405, 301.0, 466.0
406, 228.0, 91.0
407, 600.0, 12.0
408, 477.0, 340.0
409, 472.0, 351.0
410, 114.0, 267.0
411, 635.0, 178.0
412, 22.0, 16.0
413, 482.0, 448.0
414, 233.0, 170.0
415, 198.0, 167.0
416, 196.0, 187.0
417, 703.0, 340.0
418, 451.0, 200.0
419, 28.0, 54.0
420, 480.0, 156.0
421, 562.0, 184.0
422, 521.0, 387.0
423, 578.0, 295.0
424, 50.0, 263.0
425, 448.0, 186.0
426, 471.0, 59.0
427, 194.0, 230.0
428, 712.0, 98.0
429, 298.0, 382.0
430, 586.0, 207.0
431, 345.0, 19.0
432, 173.0, 316.0
433, 408.0, 457.0
434, 410.0, 63.0
435, 361.0, 70.0
436, 247.0, 337.0
437, 359.0, 416.0
438, 254.0, 197.0
439, 359.0, 146.0
440, 117.0, 205.0
441, 231.0, 223.0
442, 536.0, 404.0
443, 406.0, 201.0
444, 605.0, 164.0
445, 460.0, 207.0
446, 101.0, 281.0
447, 146.0, 19.0
448, 656.0, 85.0
449, 433.0, 340.0
450, 590.0, 253.0
451, 511.0, 60.0
452, 217.0, 288.0
453, 580.0, 43.0
454, 356.0, 173.0
455, 725.0, 190.0
456, 341.0, 182.0
457, 581.0, 96.0
458, 139.0, 203.0
459, 166.0, 292.0
460, 434.0, 313.0
461, 52.0, 201.0
462, 493.0, 270.0
463, 114.0, 99.0
464, 302.0, 309.0
465, 65.0, 99.0
466, 327.0, 45.0
467, 122.0, 171.0
468, 163.0, 354.0
469, 684.0, 173.0
470, 387.0, 345.0
471, 681.0, 97.0
472, 498.0, 286.0
473, 427.0, 22.0
474, 283.0, 453.0
475, 696.0, 132.0
476, 513.0, 220.0
477, 91.0, 243.0
478, 522.0, 334.0
479, 632.0, 188.0
480, 472.0, 390.0
481, 624.0, 216.0
482, 451.0, 141.0
483, 184.0, 89.0
484, 244.0, 354.0
485, 143.0, 257.0
486, 314.0, 471.0
487, 135.0, 51.0
488, 479.0, 85.0
489, 295.0, 182.0
490, 479.0, 319.0
491, 489.0, 380.0
492, 268.0, 194.0
493, 56.0, 133.0
494, 308.0, 265.0
495, 253.0, 369.0
496, 506.0, 278.0
497, 411.0, 366.0
498, 447.0, 395.0
499, 508.0, 471.0
