0, 329.0, 79.0
1, 451.0, 152.0
2, 307.0, 102.0
3, 680.0, 132.0
4, 651.0, 28.0
5, 62.0, 142.0
6, 118.0, 163.0
7, 51.0, 186.0
8, 60.0, 185.0
9, 602.0, 64.0
10, 159.0, 197.0
11, 416.0, 154.0
12, 418.0, 141.0
13, 119.0, 196.0
14, 92.0, 89.0
15, 560.0, 125.0
16, 298.0, 134.0
17, 111.0, 58.0
18, 166.0, 162.0
19, 598.0, 151.0
20, 252.0, 201.0
21, 356.0, 181.0
22, 408.0, 189.0
23, 85.0, 80.0
24, 473.0, 121.0
25, 465.0, 24.0
26, 129.0, 173.0
27, 180.0, 141.0
28, 589.0, 93.0
29, 450.0, 183.0
30, 330.0, 210.0
31, 511.0, 112.0
32, 735.0, 29.0
33, 522.0, 220.0
34, 591.0, 116.0
35, 539.0, 114.0
36, 667.0, 134.0
37, 83.0, 121.0
38, 402.0, 17.0
39, 235.0, 83.0
40, 298.0, 160.0
41, 403.0, 29.0
42, 562.0, 61.0
43, 99.0, 143.0
44, 213.0, 64.0
45, 605.0, 222.0
46, 573.0, 225.0
47, 113.0, 207.0
48, 328.0, 149.0
49, 497.0, 149.0
50, 313.0, 132.0
51, 692.0, 160.0
52, 379.0, 58.0
53, 581.0, 107.0
54, 92.0, 165.0
55, 413.0, 18.0
56, 594.0, 38.0
57, 178.0, 100.0
58, 277.0, 210.0
59, 105.0, 119.0
60, 275.0, 43.0
61, 328.0, 50.0
62, 401.0, 290.0
63, 314.0, 58.0
64, 476.0, 140.0
65, 449.0, 96.0
66, 233.0, 172.0
67, 421.0, 32.0
68, 180.0, 114.0
69, 296.0, 67.0
70, 140.0, 155.0
71, 228.0, 63.0
72, 458.0, 82.0
73, 151.0, 228.0
74, 319.0, 67.0
75, 48.0, 240.0
76, 500.0, 96.0
77, 395.0, 190.0
78, 239.0, 46.0
79, 466.0, 61.0
80, 548.0, 57.0
81, 321.0, 161.0
82, 276.0, 14.0
83, 89.0, 236.0
84, 497.0, 112.0
85, 391.0, 154.0
86, 563.0, 95.0
87, 209.0, 151.0
88, 283.0, 65.0
89, 437.0, 199.0
90, 203.0, 169.0
91, 171.0, 175.0
92, 185.0, 122.0
93, 219.0, 46.0
94, 384.0, 164.0
95, 497.0, 51.0
96, 156.0, 218.0
97, 190.0, 129.0
98, 151.0, 153.0
99, 168.0, 225.0
100, 493.0, 62.0
101, 265.0, 57.0
102, 368.0, 76.0
103, 299.0, 115.0
104, 333.0, 179.0
105, 395.0, 141.0
106, 49.0, 194.0
107, 212.0, 177.0
108, 613.0, 299.0
109, 570.0, 211.0
110, 511.0, 98.0
111, 624.0, 215.0
112, 292.0, 124.0
113, 573.0, 83.0
114, 498.0, 131.0
115, 502.0, 233.0
116, 545.0, 67.0
117, 221.0, 72.0
118, 415.0, 105.0
119, 139.0, 219.0
120, 614.0, 64.0
121, 523.0, 55.0
122, 59.0, 173.0
123, 76.0, 92.0
124, 721.0, 126.0
125, 127.0, 109.0
126, 266.0, 194.0
127, 492.0, 198.0
128, 180.0, 179.0
129, 267.0, 110.0
130, 632.0, 95.0
131, 481.0, 83.0
132, 269.0, 65.0
133, 689.0, 23.0
134, 442.0, 148.0
135, 220.0, 161.0
136, 558.0, 113.0
137, 382.0, 72.0
138, 605.0, 15.0
139, 67.0, 239.0
140, 554.0, 132.0
141, 572.0, 93.0
142, 695.0, 102.0
143, 117.0, 231.0
144, 285.0, 134.0
145, 214.0, 137.0
146, 515.0, 29.0
147, 376.0, 148.0
148, 125.0, 181.0
149, 200.0, 143.0
150, 209.0, 131.0
151, 523.0, 96.0
152, 374.0, 35.0
153, 549.0, 113.0
154, 356.0, 55.0
155, 250.0, 74.0
156, 515.0, 311.0
157, 459.0, 340.0
158, 448.0, 75.0
159, 238.0, 199.0
160, 557.0, 142.0
161, 120.0, 217.0
162, 96.0, 210.0
163, 23.0, 245.0
164, 73.0, 132.0
165, 299.0, 14.0
166, 63.0, 103.0
167, 185.0, 24.0
168, 270.0, 162.0
169, 655.0, 8.0
170, 357.0, 99.0
171, 180.0, 169.0
172, 462.0, 121.0
173, 406.0, 128.0
174, 564.0, 77.0
175, 96.0, 73.0
176, 468.0, 154.0
177, 113.0, 276.0
178, 648.0, 93.0
179, 165.0, 22.0
180, 439.0, 34.0
181, 282.0, 152.0
182, 161.0, 121.0
183, 250.0, 185.0
184, 716.0, 106.0
185, 113.0, 73.0
186, 164.0, 96.0
187, 69.0, 225.0
188, 585.0, 123.0
189, 163.0, 189.0
190, 157.0, 180.0
191, 481.0, 327.0
192, 221.0, 200.0
193, 81.0, 180.0
194, 68.0, 82.0
195, 477.0, 103.0
196, 369.0, 23.0
197, 408.0, 175.0
198, 40.0, 179.0
199, 328.0, 137.0
200, 337.0, 188.0
201, 603.0, 76.0
202, 254.0, 214.0
203, 382.0, 439.0
204, 192.0, 67.0
205, 48.0, 209.0
206, 536.0, 144.0
207, 81.0, 192.0
208, 489.0, 74.0
209, 174.0, 198.0
210, 689.0, 131.0
211, 294.0, 100.0
212, 231.0, 74.0
213, 303.0, 151.0
214, 181.0, 223.0
215, 537.0, 320.0
216, 599.0, 162.0
217, 465.0, 74.0
218, 239.0, 155.0
219, 491.0, 246.0
220, 224.0, 187.0
221, 613.0, 78.0
222, 97.0, 62.0
223, 316.0, 194.0
224, 213.0, 54.0
225, 256.0, 105.0
226, 257.0, 340.0
227, 740.0, 134.0
228, 593.0, 50.0
229, 457.0, 90.0
230, 26.0, 108.0
231, 299.0, 54.0
232, 74.0, 214.0
233, 132.0, 231.0
234, 517.0, 39.0
235, 244.0, 96.0
236, 681.0, 234.0
237, 573.0, 354.0
238, 283.0, 99.0
239, 528.0, 81.0
240, 320.0, 181.0
241, 540.0, 96.0
242, 228.0, 158.0
243, 353.0, 388.0
244, 21.0, 225.0
245, 574.0, 167.0
246, 405.0, 99.0
247, 107.0, 89.0
248, 284.0, 197.0
249, 140.0, 147.0
250, 511.0, 52.0
251, 463.0, 104.0
252, 113.0, 44.0
253, 590.0, 77.0
254, 550.0, 313.0
255, 218.0, 147.0
256, 130.0, 74.0
257, 183.0, 195.0
258, 195.0, 195.0
259, 522.0, 146.0
260, 471.0, 245.0
261, 625.0, 19.0
262, 500.0, 77.0
263, 142.0, 42.0
264, 441.0, 133.0
265, 60.0, 165.0
266, 63.0, 122.0
267, 398.0, 115.0
268, 515.0, 234.0
269, 95.0, 114.0
270, 145.0, 112.0
271, 648.0, 137.0
272, 279.0, 425.0
273, 545.0, 296.0
274, 418.0, 283.0
275, 319.0, 79.0
276, 391.0, 22.0
277, 542.0, 199.0
278, 419.0, 129.0
279, 297.0, 87.0
280, 115.0, 368.0
281, 206.0, 120.0
282, 489.0, 96.0
283, 582.0, 207.0
284, 523.0, 130.0
285, 75.0, 200.0
286, 605.0, 94.0
287, 469.0, 360.0
288, 226.0, 178.0
289, 370.0, 196.0
290, 158.0, 146.0
291, 510.0, 122.0
292, 304.0, 124.0
293, 240.0, 308.0
294, 486.0, 110.0
295, 512.0, 207.0
296, 88.0, 15.0
297, 111.0, 109.0
298, 271.0, 184.0
299, 409.0, 398.0
300, 586.0, 299.0
301, 196.0, 113.0
302, 634.0, 157.0
303, 366.0, 167.0
304, 631.0, 270.0
305, 284.0, 122.0
306, 396.0, 82.0
307, 352.0, 231.0
308, 724.0, 389.0
309, 261.0, 175.0
310, 129.0, 56.0
311, 512.0, 148.0
312, 338.0, 171.0
313, 55.0, 154.0
314, 519.0, 12.0
315, 327.0, 220.0
316, 589.0, 62.0
317, 234.0, 143.0
318, 325.0, 188.0
319, 256.0, 64.0
320, 315.0, 44.0
321, 509.0, 77.0
322, 665.0, 268.0
323, 449.0, 280.0
324, 430.0, 146.0
325, 93.0, 222.0
326, 543.0, 78.0
327, 26.0, 195.0
328, 43.0, 161.0
329, 288.0, 172.0
330, 126.0, 151.0
331, 87.0, 140.0
332, 82.0, 97.0
333, 128.0, 159.0
334, 503.0, 64.0
335, 507.0, 337.0
336, 532.0, 69.0
337, 523.0, 67.0
338, 377.0, 110.0
339, 241.0, 105.0
340, 677.0, 140.0
341, 140.0, 190.0
342, 548.0, 158.0
343, 153.0, 171.0
344, 291.0, 415.0
345, 531.0, 303.0
346, 487.0, 158.0
347, 258.0, 37.0
348, 408.0, 73.0
349, 134.0, 93.0
350, 248.0, 165.0
351, 238.0, 216.0
352, 99.0, 155.0
353, 500.0, 30.0
354, 413.0, 166.0
355, 625.0, 8.0
356, 559.0, 291.0
357, 709.0, 17.0
358, 455.0, 166.0
359, 732.0, 210.0
360, 184.0, 210.0
361, 159.0, 208.0
362, 171.0, 75.0
363, 340.0, 83.0
364, 127.0, 43.0
365, 448.0, 345.0
366, 392.0, 31.0
367, 393.0, 59.0
368, 635.0, 201.0
369, 383.0, 34.0
370, 412.0, 30.0
371, 341.0, 47.0
372, 533.0, 217.0
373, 341.0, 98.0
374, 137.0, 206.0
375, 615.0, 121.0
376, 270.0, 77.0
377, 640.0, 114.0
378, 36.0, 243.0
379, 386.0, 375.0
380, 58.0, 34.0
381, 426.0, 129.0
382, 510.0, 129.0
383, 105.0, 102.0
384, 430.0, 74.0
385, 579.0, 364.0
386, 640.0, 311.0
387, 672.0, 100.0
388, 397.0, 238.0
389, 262.0, 184.0
390, 368.0, 13.0
391, 170.0, 356.0
392, 627.0, 318.0
393, 348.0, 73.0
394, 416.0, 268.0
395, 662.0, 176.0
396, 345.0, 118.0
397, 426.0, 178.0
398, 521.0, 165.0
399, 584.0, 470.0
400, 506.0, 160.0
401, 321.0, 173.0
402, 545.0, 239.0
403, 379.0, 176.0
404, 476.0, 147.0
405, 667.0, 292.0
406, 540.0, 166.0
407, 217.0, 27.0
408, 613.0, 99.0
409, 440.0, 21.0
410, 379.0, 23.0
411, 506.0, 173.0
412, 274.0, 117.0
413, 204.0, 24.0
414, 485.0, 121.0
415, 706.0, 128.0
416, 425.0, 356.0
417, 426.0, 457.0
418, 659.0, 103.0
419, 195.0, 160.0
420, 442.0, 257.0
421, 720.0, 254.0
422, 318.0, 464.0
423, 93.0, 52.0
424, 278.0, 82.0
425, 385.0, 89.0
426, 664.0, 151.0
427, 309.0, 162.0
428, 305.0, 190.0
429, 626.0, 104.0
430, 175.0, 130.0
431, 477.0, 257.0
432, 140.0, 178.0
433, 450.0, 438.0
434, 583.0, 133.0
435, 138.0, 20.0
436, 335.0, 41.0
437, 48.0, 168.0
438, 456.0, 113.0
439, 225.0, 80.0
440, 106.0, 169.0
441, 446.0, 373.0
442, 279.0, 335.0
443, 426.0, 162.0
444, 125.0, 140.0
445, 132.0, 85.0
446, 106.0, 162.0
447, 164.0, 141.0
448, 76.0, 68.0
449, 40.0, 29.0
450, 574.0, 283.0
451, 568.0, 47.0
452, 577.0, 151.0
453, 51.0, 140.0
454, 500.0, 40.0
455, 246.0, 340.0
456, 411.0, 464.0
457, 299.0, 316.0
458, 594.0, 102.0
459, 683.0, 300.0
460, 130.0, 12.0
461, 502.0, 216.0
462, 732.0, 15.0
463, 280.0, 30.0
464, 468.0, 133.0
465, 463.0, 49.0
466, 463.0, 467.0
467, 415.0, 117.0
468, 360.0, 303.0
469, 310.0, 82.0
470, 538.0, 127.0
471, 169.0, 44.0
472, 401.0, 45.0
473, 192.0, 97.0
474, 394.0, 172.0
475, 362.0, 110.0
476, 735.0, 372.0
477, 716.0, 361.0
478, 260.0, 165.0
479, 435.0, 179.0
480, 441.0, 272.0
481, 583.0, 222.0
482, 520.0, 77.0
483, 588.0, 446.0
484, 710.0, 376.0
485, 248.0, 60.0
486, 74.0, 109.0
487, 596.0, 197.0
488, 205.0, 182.0
489, 427.0, 385.0
490, 350.0, 32.0
491, 522.0, 173.0
492, 180.0, 38.0
493, 632.0, 25.0
494, 386.0, 121.0
495, 309.0, 124.0
496, 141.0, 229.0
497, 671.0, 50.0
498, 254.0, 147.0
499, 414.0, 39.0
