0, 381.0, 370.0
1, 405.0, 373.0
2, 180.0, 397.0
3, 390.0, 385.0
4, 269.0, 179.0
5, 545.0, 357.0
6, 326.0, 178.0
7, 87.0, 119.0
8, 431.0, 230.0
9, 421.0, 435.0
10, 430.0, 355.0
11, 101.0, 415.0
12, 109.0, 126.0
13, 632.0, 242.0
14, 508.0, 156.0
15, 166.0, 393.0
16, 597.0, 74.0
17, 542.0, 367.0
18, 242.0, 435.0
19, 196.0, 274.0
20, 343.0, 286.0
21, 129.0, 172.0
22, 261.0, 366.0
23, 387.0, 334.0
24, 407.0, 411.0
25, 400.0, 177.0
26, 599.0, 295.0
27, 71.0, 140.0
28, 112.0, 418.0
29, 505.0, 175.0
30, 326.0, 393.0
31, 269.0, 194.0
32, 352.0, 50.0
33, 121.0, 125.0
34, 577.0, 155.0
35, 669.0, 250.0
36, 551.0, 277.0
37, 232.0, 356.0
38, 462.0, 34.0
39, 232.0, 309.0
40, 217.0, 235.0
41, 372.0, 417.0
42, 408.0, 215.0
43, 620.0, 293.0
44, 361.0, 246.0
45, 250.0, 345.0
46, 224.0, 35.0
47, 453.0, 176.0
48, 141.0, 390.0
49, 223.0, 50.0
50, 267.0, 158.0
51, 336.0, 390.0
52, 429.0, 243.0
53, 548.0, 344.0
54, 687.0, 389.0
55, 220.0, 276.0
56, 562.0, 43.0
57, 411.0, 283.0
58, 522.0, 292.0
59, 552.0, 287.0
60, 292.0, 71.0
61, 441.0, 177.0
62, 606.0, 270.0
63, 598.0, 418.0
64, 538.0, 343.0
65, 518.0, 225.0
66, 344.0, 271.0
67, 443.0, 157.0
68, 482.0, 397.0
69, 558.0, 311.0
70, 379.0, 42.0
71, 251.0, 180.0
72, 277.0, 225.0
73, 193.0, 283.0
74, 494.0, 240.0
75, 161.0, 256.0
76, 254.0, 194.0
77, 335.0, 425.0
78, 440.0, 191.0
79, 414.0, 340.0
80, 226.0, 379.0
81, 240.0, 388.0
82, 52.0, 325.0
83, 399.0, 190.0
84, 584.0, 201.0
85, 526.0, 190.0
86, 364.0, 380.0
87, 600.0, 138.0
88, 212.0, 283.0
89, 433.0, 136.0
90, 50.0, 309.0
91, 131.0, 241.0
92, 552.0, 322.0
93, 418.0, 242.0
94, 417.0, 176.0
95, 130.0, 110.0
96, 360.0, 433.0
97, 486.0, 203.0
98, 326.0, 192.0
99, 432.0, 156.0
100, 379.0, 395.0
101, 326.0, 157.0
102, 392.0, 44.0
103, 615.0, 255.0
104, 663.0, 443.0
105, 561.0, 245.0
106, 642.0, 308.0
107, 616.0, 107.0
108, 402.0, 157.0
109, 400.0, 346.0
110, 479.0, 30.0
111, 207.0, 295.0
112, 42.0, 189.0
113, 519.0, 107.0
114, 66.0, 252.0
115, 500.0, 224.0
116, 548.0, 302.0
117, 500.0, 135.0
118, 492.0, 105.0
119, 621.0, 439.0
120, 712.0, 138.0
121, 655.0, 388.0
122, 192.0, 312.0
123, 331.0, 433.0
124, 121.0, 158.0
125, 397.0, 236.0
126, 340.0, 192.0
127, 236.0, 330.0
128, 388.0, 344.0
129, 124.0, 143.0
130, 99.0, 381.0
131, 397.0, 285.0
132, 406.0, 358.0
133, 32.0, 363.0
134, 672.0, 364.0
135, 260.0, 447.0
136, 587.0, 53.0
137, 408.0, 204.0
138, 693.0, 310.0
139, 416.0, 355.0
140, 428.0, 319.0
141, 556.0, 52.0
142, 596.0, 155.0
143, 27.0, 458.0
144, 454.0, 157.0
145, 602.0, 53.0
146, 511.0, 138.0
147, 421.0, 408.0
148, 416.0, 371.0
149, 355.0, 343.0
150, 137.0, 139.0
151, 94.0, 274.0
152, 26.0, 192.0
153, 535.0, 26.0
154, 392.0, 28.0
155, 632.0, 187.0
156, 302.0, 18.0
157, 494.0, 469.0
158, 512.0, 268.0
159, 569.0, 189.0
160, 369.0, 363.0
161, 531.0, 72.0
162, 275.0, 337.0
163, 374.0, 456.0
164, 133.0, 315.0
165, 560.0, 230.0
166, 86.0, 302.0
167, 269.0, 211.0
168, 612.0, 312.0
169, 385.0, 309.0
170, 93.0, 138.0
171, 144.0, 317.0
172, 66.0, 167.0
173, 608.0, 284.0
174, 636.0, 173.0
175, 536.0, 355.0
176, 260.0, 48.0
177, 309.0, 471.0
178, 106.0, 395.0
179, 564.0, 327.0
180, 248.0, 137.0
181, 636.0, 88.0
182, 188.0, 295.0
183, 346.0, 400.0
184, 168.0, 268.0
185, 162.0, 352.0
186, 583.0, 389.0
187, 154.0, 394.0
188, 378.0, 434.0
189, 212.0, 49.0
190, 117.0, 403.0
191, 340.0, 157.0
192, 730.0, 135.0
193, 655.0, 312.0
194, 340.0, 178.0
195, 92.0, 49.0
196, 26.0, 290.0
197, 501.0, 203.0
198, 418.0, 424.0
199, 395.0, 226.0
200, 577.0, 242.0
201, 223.0, 61.0
202, 504.0, 115.0
203, 506.0, 454.0
204, 374.0, 347.0
205, 402.0, 440.0
206, 23.0, 175.0
207, 85.0, 394.0
208, 112.0, 142.0
209, 623.0, 138.0
210, 384.0, 358.0
211, 654.0, 424.0
212, 497.0, 410.0
213, 388.0, 455.0
214, 581.0, 137.0
215, 659.0, 409.0
216, 482.0, 137.0
217, 203.0, 212.0
218, 730.0, 77.0
219, 502.0, 190.0
220, 579.0, 349.0
221, 45.0, 343.0
222, 692.0, 403.0
223, 24.0, 275.0
224, 104.0, 288.0
225, 57.0, 229.0
226, 254.0, 356.0
227, 361.0, 402.0
228, 418.0, 206.0
229, 182.0, 257.0
230, 65.0, 307.0
231, 644.0, 264.0
232, 289.0, 210.0
233, 286.0, 225.0
234, 488.0, 269.0
235, 505.0, 51.0
236, 250.0, 159.0
237, 629.0, 283.0
238, 704.0, 108.0
239, 549.0, 267.0
240, 242.0, 420.0
241, 175.0, 294.0
242, 361.0, 51.0
243, 519.0, 175.0
244, 445.0, 138.0
245, 67.0, 48.0
246, 469.0, 149.0
247, 70.0, 440.0
248, 620.0, 275.0
249, 191.0, 329.0
250, 693.0, 91.0
251, 404.0, 427.0
252, 398.0, 359.0
253, 184.0, 196.0
254, 651.0, 362.0
255, 592.0, 396.0
256, 451.0, 191.0
257, 706.0, 153.0
258, 68.0, 287.0
259, 590.0, 40.0
260, 68.0, 224.0
261, 599.0, 65.0
262, 372.0, 52.0
263, 260.0, 62.0
264, 109.0, 90.0
265, 178.0, 159.0
266, 427.0, 199.0
267, 696.0, 75.0
268, 139.0, 303.0
269, 312.0, 341.0
270, 464.0, 62.0
271, 413.0, 320.0
272, 325.0, 247.0
273, 713.0, 339.0
274, 691.0, 171.0
275, 393.0, 52.0
276, 457.0, 13.0
277, 675.0, 30.0
278, 263.0, 87.0
279, 431.0, 176.0
280, 116.0, 277.0
281, 291.0, 87.0
282, 617.0, 346.0
283, 369.0, 10.0
284, 300.0, 249.0
285, 420.0, 45.0
286, 520.0, 32.0
287, 55.0, 418.0
288, 641.0, 284.0
289, 76.0, 414.0
290, 415.0, 156.0
291, 316.0, 75.0
292, 78.0, 255.0
293, 83.0, 291.0
294, 698.0, 338.0
295, 411.0, 297.0
296, 397.0, 205.0
297, 701.0, 171.0
298, 370.0, 127.0
299, 500.0, 279.0
300, 611.0, 55.0
301, 20.0, 43.0
302, 506.0, 41.0
303, 92.0, 441.0
304, 198.0, 21.0
305, 239.0, 211.0
306, 395.0, 273.0
307, 504.0, 107.0
308, 616.0, 361.0
309, 279.0, 210.0
310, 552.0, 336.0
311, 396.0, 306.0
312, 475.0, 116.0
313, 593.0, 240.0
314, 674.0, 164.0
315, 135.0, 159.0
316, 196.0, 160.0
317, 200.0, 466.0
318, 514.0, 470.0
319, 180.0, 241.0
320, 568.0, 308.0
321, 592.0, 336.0
322, 14.0, 315.0
323, 482.0, 309.0
324, 641.0, 155.0
325, 26.0, 443.0
326, 528.0, 256.0
327, 334.0, 469.0
328, 76.0, 185.0
329, 462.0, 440.0
330, 100.0, 265.0
331, 662.0, 354.0
332, 639.0, 11.0
333, 206.0, 322.0
334, 25.0, 345.0
335, 157.0, 325.0
336, 408.0, 228.0
337, 337.0, 209.0
338, 536.0, 136.0
339, 644.0, 186.0
340, 141.0, 407.0
341, 483.0, 228.0
342, 273.0, 63.0
343, 109.0, 155.0
344, 441.0, 431.0
345, 252.0, 379.0
346, 68.0, 323.0
347, 358.0, 42.0
348, 515.0, 249.0
349, 720.0, 254.0
350, 733.0, 344.0
351, 409.0, 191.0
352, 696.0, 236.0
353, 125.0, 422.0
354, 284.0, 78.0
355, 134.0, 289.0
356, 410.0, 270.0
357, 542.0, 290.0
358, 689.0, 106.0
359, 408.0, 54.0
360, 700.0, 281.0
361, 262.0, 434.0
362, 48.0, 234.0
363, 431.0, 426.0
364, 580.0, 17.0
365, 75.0, 312.0
366, 319.0, 87.0
367, 174.0, 380.0
368, 90.0, 173.0
369, 175.0, 471.0
370, 679.0, 196.0
371, 658.0, 459.0
372, 84.0, 367.0
373, 79.0, 50.0
374, 521.0, 317.0
375, 618.0, 154.0
376, 471.0, 137.0
377, 713.0, 210.0
378, 89.0, 461.0
379, 134.0, 271.0
380, 95.0, 155.0
381, 613.0, 173.0
382, 607.0, 404.0
383, 522.0, 136.0
384, 419.0, 190.0
385, 536.0, 156.0
386, 354.0, 311.0
387, 28.0, 224.0
388, 252.0, 412.0
389, 98.0, 190.0
390, 565.0, 341.0
391, 573.0, 173.0
392, 515.0, 238.0
393, 161.0, 408.0
394, 44.0, 250.0
395, 207.0, 60.0
396, 714.0, 22.0
397, 510.0, 347.0
398, 102.0, 202.0
399, 445.0, 128.0
400, 225.0, 459.0
401, 302.0, 266.0
402, 424.0, 464.0
403, 614.0, 89.0
404, 38.0, 175.0
405, 73.0, 303.0
406, 176.0, 225.0
407, 697.0, 250.0
408, 162.0, 43.0
409, 742.0, 184.0
410, 22.0, 100.0
411, 184.0, 212.0
412, 374.0, 234.0
413, 682.0, 273.0
414, 510.0, 409.0
415, 297.0, 430.0
416, 18.0, 29.0
417, 580.0, 88.0
418, 137.0, 190.0
419, 209.0, 253.0
420, 266.0, 136.0
421, 527.0, 41.0
422, 595.0, 361.0
423, 618.0, 45.0
424, 387.0, 260.0
425, 163.0, 285.0
426, 720.0, 327.0
427, 634.0, 406.0
428, 123.0, 133.0
429, 441.0, 32.0
430, 30.0, 133.0
431, 578.0, 227.0
432, 45.0, 45.0
433, 429.0, 190.0
434, 680.0, 132.0
435, 599.0, 107.0
436, 94.0, 111.0
437, 723.0, 92.0
438, 591.0, 410.0
439, 342.0, 301.0
440, 334.0, 312.0
441, 322.0, 341.0
442, 82.0, 33.0
443, 222.0, 15.0
444, 40.0, 268.0
445, 631.0, 392.0
446, 670.0, 294.0
447, 74.0, 341.0
448, 174.0, 103.0
449, 49.0, 384.0
450, 701.0, 323.0
451, 602.0, 89.0
452, 538.0, 204.0
453, 13.0, 260.0
454, 657.0, 240.0
455, 565.0, 281.0
456, 145.0, 244.0
457, 691.0, 33.0
458, 715.0, 12.0
459, 74.0, 154.0
460, 283.0, 432.0
461, 333.0, 320.0
462, 60.0, 271.0
463, 645.0, 355.0
464, 695.0, 198.0
465, 62.0, 193.0
466, 629.0, 352.0
467, 90.0, 233.0
468, 204.0, 452.0
469, 321.0, 322.0
470, 113.0, 250.0
471, 157.0, 216.0
472, 433.0, 210.0
473, 266.0, 342.0
474, 138.0, 181.0
475, 644.0, 393.0
476, 632.0, 312.0
477, 628.0, 413.0
478, 421.0, 214.0
479, 415.0, 461.0
480, 242.0, 235.0
481, 442.0, 371.0
482, 510.0, 98.0
483, 36.0, 209.0
484, 389.0, 470.0
485, 269.0, 237.0
486, 48.0, 440.0
487, 677.0, 285.0
488, 518.0, 42.0
489, 502.0, 418.0
490, 423.0, 30.0
491, 324.0, 287.0
492, 98.0, 254.0
493, 45.0, 31.0
494, 646.0, 138.0
495, 121.0, 389.0
496, 108.0, 382.0
497, 129.0, 438.0
498, 242.0, 51.0
499, 549.0, 429.0
