0, 478.0, 131.0
1, 33.0, 143.0
2, 541.0, 246.0
3, 338.0, 96.0
4, 606.0, 255.0
5, 243.0, 26.0
6, 465.0, 366.0
7, 83.0, 19.0
8, 419.0, 386.0
9, 466.0, 130.0
10, 476.0, 377.0
11, 287.0, 78.0
12, 501.0, 208.0
13, 561.0, 270.0
14, 275.0, 77.0
15, 204.0, 30.0
16, 595.0, 186.0
17, 282.0, 397.0
18, 274.0, 160.0
19, 470.0, 388.0
20, 590.0, 224.0
21, 259.0, 112.0
22, 545.0, 286.0
23, 515.0, 175.0
24, 523.0, 296.0
25, 520.0, 314.0
26, 470.0, 9.0
27, 274.0, 125.0
28, 470.0, 198.0
29, 120.0, 160.0
30, 474.0, 398.0
31, 284.0, 144.0
32, 591.0, 206.0
33, 602.0, 268.0
34, 538.0, 100.0
35, 189.0, 42.0
36, 85.0, 34.0
37, 636.0, 42.0
38, 647.0, 91.0
39, 516.0, 282.0
40, 529.0, 137.0
41, 645.0, 102.0
42, 514.0, 23.0
43, 73.0, 274.0
44, 285.0, 125.0
45, 263.0, 75.0
46, 213.0, 67.0
47, 327.0, 98.0
48, 205.0, 84.0
49, 508.0, 374.0
50, 412.0, 182.0
51, 216.0, 84.0
52, 629.0, 101.0
53, 264.0, 130.0
54, 657.0, 57.0
55, 442.0, 409.0
56, 234.0, 139.0
57, 581.0, 263.0
58, 455.0, 138.0
59, 554.0, 14.0
60, 222.0, 109.0
61, 475.0, 68.0
62, 342.0, 158.0
63, 520.0, 64.0
64, 301.0, 14.0
65, 529.0, 307.0
66, 425.0, 378.0
67, 515.0, 435.0
68, 201.0, 64.0
69, 57.0, 40.0
70, 269.0, 27.0
71, 639.0, 57.0
72, 437.0, 381.0
73, 520.0, 214.0
74, 598.0, 287.0
75, 97.0, 271.0
76, 87.0, 51.0
77, 623.0, 195.0
78, 193.0, 60.0
79, 526.0, 286.0
80, 440.0, 321.0
81, 578.0, 166.0
82, 567.0, 320.0
83, 631.0, 91.0
84, 491.0, 375.0
85, 505.0, 173.0
86, 433.0, 74.0
87, 684.0, 17.0
88, 611.0, 188.0
89, 458.0, 194.0
90, 161.0, 128.0
91, 70.0, 16.0
92, 392.0, 98.0
93, 649.0, 28.0
94, 530.0, 242.0
95, 517.0, 165.0
96, 254.0, 23.0
97, 209.0, 103.0
98, 103.0, 142.0
99, 585.0, 285.0
100, 293.0, 152.0
101, 36.0, 158.0
102, 119.0, 369.0
103, 274.0, 143.0
104, 125.0, 294.0
105, 571.0, 245.0
106, 110.0, 253.0
107, 424.0, 17.0
108, 479.0, 366.0
109, 343.0, 183.0
110, 248.0, 73.0
111, 454.0, 317.0
112, 429.0, 348.0
113, 80.0, 238.0
114, 243.0, 94.0
115, 624.0, 281.0
116, 611.0, 169.0
117, 22.0, 459.0
118, 302.0, 377.0
119, 507.0, 163.0
120, 74.0, 50.0
121, 64.0, 70.0
122, 216.0, 29.0
123, 48.0, 143.0
124, 209.0, 46.0
125, 76.0, 180.0
126, 383.0, 170.0
127, 285.0, 101.0
128, 614.0, 264.0
129, 575.0, 220.0
130, 235.0, 375.0
131, 81.0, 96.0
132, 635.0, 142.0
133, 602.0, 207.0
134, 404.0, 25.0
135, 371.0, 59.0
136, 273.0, 101.0
137, 607.0, 155.0
138, 30.0, 128.0
139, 489.0, 280.0
140, 379.0, 68.0
141, 112.0, 15.0
142, 53.0, 384.0
143, 52.0, 26.0
144, 681.0, 26.0
145, 487.0, 203.0
146, 549.0, 266.0
147, 482.0, 95.0
148, 94.0, 214.0
149, 355.0, 197.0
150, 661.0, 41.0
151, 532.0, 300.0
152, 150.0, 91.0
153, 601.0, 170.0
154, 496.0, 67.0
155, 607.0, 289.0
156, 622.0, 207.0
157, 636.0, 71.0
158, 346.0, 89.0
159, 232.0, 71.0
160, 729.0, 249.0
161, 389.0, 204.0
162, 566.0, 257.0
163, 71.0, 38.0
164, 540.0, 39.0
165, 584.0, 249.0
166, 341.0, 26.0
167, 456.0, 399.0
168, 333.0, 449.0
169, 500.0, 367.0
170, 412.0, 409.0
171, 274.0, 394.0
172, 457.0, 71.0
173, 253.0, 8.0
174, 429.0, 104.0
175, 247.0, 143.0
176, 468.0, 105.0
177, 217.0, 136.0
178, 70.0, 78.0
179, 74.0, 29.0
180, 119.0, 384.0
181, 695.0, 297.0
182, 480.0, 344.0
183, 164.0, 92.0
184, 648.0, 41.0
185, 316.0, 57.0
186, 92.0, 195.0
187, 715.0, 30.0
188, 90.0, 134.0
189, 476.0, 164.0
190, 177.0, 22.0
191, 601.0, 114.0
192, 529.0, 448.0
193, 577.0, 177.0
194, 107.0, 237.0
195, 338.0, 173.0
196, 474.0, 412.0
197, 99.0, 300.0
198, 181.0, 53.0
199, 652.0, 70.0
200, 490.0, 399.0
201, 78.0, 357.0
202, 431.0, 360.0
203, 104.0, 351.0
204, 442.0, 37.0
205, 290.0, 56.0
206, 130.0, 328.0
207, 104.0, 156.0
208, 454.0, 124.0
209, 109.0, 219.0
210, 495.0, 355.0
211, 625.0, 267.0
212, 514.0, 251.0
213, 718.0, 17.0
214, 213.0, 16.0
215, 117.0, 137.0
216, 613.0, 228.0
217, 433.0, 374.0
218, 604.0, 228.0
219, 489.0, 420.0
220, 424.0, 186.0
221, 391.0, 63.0
222, 424.0, 199.0
223, 573.0, 188.0
224, 416.0, 361.0
225, 631.0, 9.0
226, 425.0, 405.0
227, 30.0, 380.0
228, 676.0, 274.0
229, 434.0, 459.0
230, 703.0, 30.0
231, 714.0, 324.0
232, 580.0, 232.0
233, 398.0, 75.0
234, 438.0, 335.0
235, 236.0, 122.0
236, 21.0, 183.0
237, 495.0, 166.0
238, 347.0, 456.0
239, 324.0, 413.0
240, 276.0, 65.0
241, 168.0, 386.0
242, 112.0, 88.0
243, 188.0, 383.0
244, 359.0, 445.0
245, 109.0, 265.0
246, 308.0, 29.0
247, 514.0, 295.0
248, 39.0, 183.0
249, 111.0, 194.0
250, 495.0, 120.0
251, 458.0, 95.0
252, 653.0, 260.0
253, 491.0, 28.0
254, 35.0, 458.0
255, 199.0, 73.0
256, 743.0, 32.0
257, 111.0, 469.0
258, 180.0, 65.0
259, 156.0, 225.0
260, 104.0, 167.0
261, 198.0, 134.0
262, 535.0, 218.0
263, 453.0, 351.0
264, 134.0, 283.0
265, 173.0, 223.0
266, 142.0, 20.0
267, 634.0, 21.0
268, 325.0, 394.0
269, 437.0, 394.0
270, 167.0, 24.0
271, 130.0, 338.0
272, 18.0, 420.0
273, 229.0, 28.0
274, 459.0, 207.0
275, 530.0, 260.0
276, 200.0, 44.0
277, 136.0, 125.0
278, 635.0, 231.0
279, 28.0, 213.0
280, 410.0, 82.0
281, 554.0, 246.0
282, 441.0, 365.0
283, 223.0, 438.0
284, 164.0, 63.0
285, 550.0, 222.0
286, 237.0, 167.0
287, 218.0, 349.0
288, 372.0, 82.0
289, 358.0, 24.0
290, 695.0, 31.0
291, 500.0, 307.0
292, 180.0, 41.0
293, 255.0, 99.0
294, 474.0, 294.0
295, 271.0, 53.0
296, 73.0, 260.0
297, 729.0, 303.0
298, 230.0, 50.0
299, 553.0, 258.0
300, 293.0, 89.0
301, 408.0, 173.0
302, 723.0, 279.0
303, 98.0, 285.0
304, 11.0, 81.0
305, 472.0, 31.0
306, 23.0, 9.0
307, 134.0, 305.0
308, 208.0, 38.0
309, 42.0, 63.0
310, 119.0, 279.0
311, 504.0, 296.0
312, 548.0, 313.0
313, 389.0, 184.0
314, 575.0, 205.0
315, 167.0, 161.0
316, 713.0, 222.0
317, 202.0, 157.0
318, 344.0, 426.0
319, 214.0, 122.0
320, 276.0, 378.0
321, 45.0, 80.0
322, 94.0, 80.0
323, 579.0, 111.0
324, 308.0, 129.0
325, 189.0, 403.0
326, 33.0, 243.0
327, 583.0, 197.0
328, 10.0, 471.0
329, 702.0, 276.0
330, 66.0, 241.0
331, 695.0, 245.0
332, 191.0, 19.0
333, 493.0, 268.0
334, 118.0, 149.0
335, 119.0, 263.0
336, 250.0, 50.0
337, 706.0, 16.0
338, 113.0, 310.0
339, 120.0, 223.0
340, 456.0, 299.0
341, 528.0, 216.0
342, 190.0, 34.0
343, 402.0, 157.0
344, 317.0, 405.0
345, 367.0, 133.0
346, 401.0, 195.0
347, 581.0, 8.0
348, 190.0, 8.0
349, 249.0, 466.0
350, 686.0, 270.0
351, 214.0, 329.0
352, 97.0, 13.0
353, 523.0, 414.0
354, 407.0, 351.0
355, 547.0, 62.0
356, 26.0, 440.0
357, 597.0, 151.0
358, 220.0, 102.0
359, 370.0, 202.0
360, 166.0, 37.0
361, 530.0, 21.0
362, 511.0, 263.0
363, 595.0, 252.0
364, 60.0, 284.0
365, 440.0, 189.0
366, 9.0, 396.0
367, 171.0, 338.0
368, 258.0, 160.0
369, 163.0, 329.0
370, 449.0, 191.0
371, 138.0, 90.0
372, 421.0, 34.0
373, 489.0, 109.0
374, 302.0, 397.0
375, 619.0, 144.0
376, 488.0, 293.0
377, 677.0, 293.0
378, 681.0, 217.0
379, 709.0, 271.0
380, 722.0, 268.0
381, 412.0, 332.0
382, 341.0, 62.0
383, 502.0, 11.0
384, 114.0, 243.0
385, 25.0, 104.0
386, 568.0, 150.0
387, 138.0, 34.0
388, 626.0, 171.0
389, 462.0, 409.0
390, 47.0, 128.0
391, 182.0, 305.0
392, 173.0, 93.0
393, 445.0, 372.0
394, 182.0, 94.0
395, 375.0, 385.0
396, 169.0, 149.0
397, 177.0, 278.0
398, 260.0, 143.0
399, 454.0, 208.0
400, 276.0, 407.0
401, 170.0, 313.0
402, 39.0, 108.0
403, 114.0, 229.0
404, 402.0, 129.0
405, 130.0, 19.0
406, 698.0, 17.0
407, 728.0, 43.0
408, 193.0, 443.0
409, 530.0, 275.0
410, 399.0, 440.0
411, 488.0, 436.0
412, 329.0, 145.0
413, 159.0, 453.0
414, 166.0, 361.0
415, 137.0, 161.0
416, 191.0, 95.0
417, 287.0, 17.0
418, 52.0, 180.0
419, 413.0, 60.0
420, 278.0, 471.0
421, 312.0, 69.0
422, 296.0, 27.0
423, 151.0, 443.0
424, 275.0, 170.0
425, 391.0, 193.0
426, 464.0, 353.0
427, 416.0, 374.0
428, 458.0, 130.0
429, 119.0, 434.0
430, 560.0, 218.0
431, 407.0, 100.0
432, 190.0, 436.0
433, 477.0, 271.0
434, 257.0, 85.0
435, 154.0, 283.0
436, 275.0, 13.0
437, 510.0, 464.0
438, 189.0, 115.0
439, 199.0, 19.0
440, 187.0, 362.0
441, 159.0, 36.0
442, 643.0, 284.0
443, 64.0, 231.0
444, 618.0, 199.0
445, 123.0, 17.0
446, 37.0, 168.0
447, 459.0, 16.0
448, 429.0, 8.0
449, 66.0, 27.0
450, 516.0, 325.0
451, 313.0, 11.0
452, 534.0, 233.0
453, 464.0, 299.0
454, 332.0, 118.0
455, 175.0, 129.0
456, 489.0, 323.0
457, 597.0, 45.0
458, 544.0, 295.0
459, 565.0, 188.0
460, 61.0, 179.0
461, 100.0, 425.0
462, 174.0, 327.0
463, 182.0, 13.0
464, 110.0, 338.0
465, 231.0, 9.0
466, 46.0, 11.0
467, 442.0, 386.0
468, 351.0, 435.0
469, 446.0, 205.0
470, 64.0, 409.0
471, 246.0, 357.0
472, 463.0, 244.0
473, 452.0, 9.0
474, 161.0, 343.0
475, 143.0, 329.0
476, 521.0, 258.0
477, 92.0, 259.0
478, 95.0, 97.0
479, 192.0, 428.0
480, 93.0, 225.0
481, 64.0, 128.0
482, 620.0, 292.0
483, 196.0, 455.0
484, 28.0, 116.0
485, 549.0, 248.0
486, 588.0, 164.0
487, 351.0, 68.0
488, 142.0, 161.0
489, 129.0, 396.0
490, 85.0, 364.0
491, 9.0, 67.0
492, 381.0, 101.0
493, 56.0, 129.0
494, 561.0, 175.0
495, 413.0, 396.0
496, 180.0, 129.0
497, 687.0, 59.0
498, 287.0, 32.0
499, 672.0, 310.0
