0, 68.0, 152.0
1, 451.0, 195.0
2, 464.0, 134.0
3, 404.0, 21.0
4, 272.0, 78.0
5, 387.0, 102.0
6, 417.0, 166.0
7, 668.0, 148.0
8, 144.0, 165.0
9, 278.0, 57.0
10, 217.0, 76.0
11, 232.0, 76.0
12, 231.0, 168.0
13, 123.0, 204.0
14, 690.0, 145.0
15, 119.0, 84.0
16, 133.0, 182.0
17, 605.0, 233.0
18, 582.0, 218.0
19, 469.0, 166.0
20, 212.0, 161.0
21, 330.0, 63.0
22, 416.0, 21.0
23, 174.0, 184.0
24, 97.0, 174.0
25, 169.0, 107.0
26, 397.0, 153.0
27, 332.0, 91.0
28, 478.0, 153.0
29, 452.0, 164.0
30, 358.0, 192.0
31, 735.0, 44.0
32, 203.0, 153.0
33, 268.0, 204.0
34, 359.0, 69.0
35, 632.0, 109.0
36, 592.0, 129.0
37, 224.0, 59.0
38, 186.0, 205.0
39, 184.0, 125.0
40, 295.0, 136.0
41, 189.0, 132.0
42, 279.0, 219.0
43, 89.0, 131.0
44, 287.0, 145.0
45, 420.0, 153.0
46, 322.0, 81.0
47, 504.0, 78.0
48, 194.0, 140.0
49, 468.0, 75.0
50, 407.0, 111.0
51, 182.0, 111.0
52, 254.0, 87.0
53, 98.0, 100.0
54, 540.0, 127.0
55, 466.0, 39.0
56, 498.0, 125.0
57, 339.0, 199.0
58, 226.0, 196.0
59, 103.0, 75.0
60, 474.0, 134.0
61, 170.0, 172.0
62, 381.0, 448.0
63, 129.0, 190.0
64, 448.0, 289.0
65, 443.0, 161.0
66, 550.0, 126.0
67, 501.0, 109.0
68, 381.0, 71.0
69, 614.0, 79.0
70, 409.0, 200.0
71, 498.0, 161.0
72, 450.0, 110.0
73, 598.0, 164.0
74, 70.0, 246.0
75, 103.0, 85.0
76, 317.0, 204.0
77, 602.0, 78.0
78, 65.0, 181.0
79, 197.0, 79.0
80, 149.0, 56.0
81, 560.0, 139.0
82, 154.0, 162.0
83, 159.0, 227.0
84, 379.0, 122.0
85, 91.0, 91.0
86, 260.0, 76.0
87, 315.0, 144.0
88, 523.0, 69.0
89, 410.0, 86.0
90, 123.0, 172.0
91, 516.0, 8.0
92, 593.0, 65.0
93, 490.0, 88.0
94, 132.0, 119.0
95, 548.0, 71.0
96, 396.0, 201.0
97, 499.0, 144.0
98, 236.0, 182.0
99, 280.0, 28.0
100, 206.0, 178.0
101, 537.0, 329.0
102, 175.0, 57.0
103, 271.0, 122.0
104, 482.0, 96.0
105, 329.0, 162.0
106, 73.0, 233.0
107, 89.0, 109.0
108, 407.0, 141.0
109, 92.0, 243.0
110, 248.0, 107.0
111, 301.0, 145.0
112, 427.0, 142.0
113, 393.0, 166.0
114, 605.0, 30.0
115, 273.0, 89.0
116, 546.0, 82.0
117, 722.0, 140.0
118, 334.0, 190.0
119, 594.0, 54.0
120, 624.0, 227.0
121, 79.0, 221.0
122, 470.0, 255.0
123, 405.0, 43.0
124, 648.0, 107.0
125, 118.0, 70.0
126, 330.0, 219.0
127, 565.0, 92.0
128, 222.0, 171.0
129, 384.0, 85.0
130, 120.0, 239.0
131, 650.0, 44.0
132, 542.0, 210.0
133, 352.0, 395.0
134, 415.0, 32.0
135, 32.0, 118.0
136, 252.0, 195.0
137, 572.0, 236.0
138, 254.0, 210.0
139, 117.0, 215.0
140, 371.0, 38.0
141, 522.0, 231.0
142, 432.0, 158.0
143, 318.0, 57.0
144, 103.0, 163.0
145, 300.0, 170.0
146, 165.0, 131.0
147, 162.0, 157.0
148, 45.0, 187.0
149, 554.0, 146.0
150, 68.0, 132.0
151, 401.0, 298.0
152, 171.0, 35.0
153, 292.0, 84.0
154, 100.0, 64.0
155, 487.0, 123.0
156, 695.0, 116.0
157, 691.0, 174.0
158, 511.0, 111.0
159, 119.0, 56.0
160, 198.0, 19.0
161, 26.0, 251.0
162, 287.0, 78.0
163, 327.0, 229.0
164, 256.0, 223.0
165, 161.0, 190.0
166, 437.0, 210.0
167, 299.0, 81.0
168, 56.0, 151.0
169, 493.0, 209.0
170, 144.0, 157.0
171, 377.0, 160.0
172, 428.0, 20.0
173, 214.0, 142.0
174, 689.0, 39.0
175, 417.0, 117.0
176, 529.0, 95.0
177, 386.0, 176.0
178, 164.0, 68.0
179, 157.0, 180.0
180, 741.0, 149.0
181, 142.0, 227.0
182, 272.0, 172.0
183, 380.0, 20.0
184, 417.0, 291.0
185, 515.0, 320.0
186, 259.0, 116.0
187, 653.0, 24.0
188, 309.0, 113.0
189, 243.0, 59.0
190, 322.0, 171.0
191, 167.0, 198.0
192, 572.0, 362.0
193, 404.0, 33.0
194, 502.0, 243.0
195, 297.0, 112.0
196, 481.0, 336.0
197, 667.0, 281.0
198, 316.0, 18.0
199, 136.0, 86.0
200, 647.0, 150.0
201, 525.0, 143.0
202, 486.0, 134.0
203, 302.0, 29.0
204, 587.0, 310.0
205, 613.0, 92.0
206, 400.0, 179.0
207, 302.0, 67.0
208, 515.0, 43.0
209, 261.0, 49.0
210, 589.0, 107.0
211, 504.0, 10.0
212, 123.0, 225.0
213, 186.0, 217.0
214, 105.0, 152.0
215, 86.0, 200.0
216, 52.0, 216.0
217, 269.0, 71.0
218, 493.0, 77.0
219, 51.0, 247.0
220, 624.0, 23.0
221, 394.0, 37.0
222, 113.0, 101.0
223, 300.0, 100.0
224, 615.0, 311.0
225, 93.0, 149.0
226, 410.0, 186.0
227, 709.0, 33.0
228, 699.0, 145.0
229, 321.0, 92.0
230, 241.0, 208.0
231, 427.0, 189.0
232, 533.0, 228.0
233, 184.0, 179.0
234, 680.0, 147.0
235, 511.0, 67.0
236, 184.0, 151.0
237, 458.0, 95.0
238, 100.0, 218.0
239, 459.0, 104.0
240, 110.0, 129.0
241, 422.0, 46.0
242, 574.0, 179.0
243, 215.0, 186.0
244, 466.0, 87.0
245, 574.0, 98.0
246, 162.0, 206.0
247, 316.0, 72.0
248, 599.0, 175.0
249, 341.0, 183.0
250, 9.0, 209.0
251, 518.0, 54.0
252, 517.0, 18.0
253, 9.0, 123.0
254, 524.0, 109.0
255, 292.0, 183.0
256, 440.0, 48.0
257, 287.0, 110.0
258, 689.0, 14.0
259, 150.0, 123.0
260, 559.0, 155.0
261, 394.0, 46.0
262, 25.0, 232.0
263, 559.0, 125.0
264, 290.0, 422.0
265, 537.0, 157.0
266, 239.0, 96.0
267, 331.0, 151.0
268, 624.0, 35.0
269, 373.0, 9.0
270, 512.0, 126.0
271, 369.0, 89.0
272, 371.0, 206.0
273, 135.0, 26.0
274, 191.0, 38.0
275, 589.0, 77.0
276, 88.0, 45.0
277, 65.0, 193.0
278, 414.0, 44.0
279, 391.0, 19.0
280, 79.0, 141.0
281, 498.0, 65.0
282, 733.0, 23.0
283, 163.0, 216.0
284, 60.0, 167.0
285, 351.0, 22.0
286, 183.0, 232.0
287, 241.0, 166.0
288, 502.0, 90.0
289, 237.0, 153.0
290, 200.0, 125.0
291, 515.0, 244.0
292, 586.0, 137.0
293, 564.0, 108.0
294, 69.0, 114.0
295, 153.0, 235.0
296, 573.0, 107.0
297, 367.0, 178.0
298, 581.0, 121.0
299, 416.0, 130.0
300, 541.0, 110.0
301, 86.0, 189.0
302, 258.0, 346.0
303, 376.0, 49.0
304, 523.0, 159.0
305, 441.0, 36.0
306, 543.0, 92.0
307, 144.0, 33.0
308, 590.0, 91.0
309, 116.0, 120.0
310, 511.0, 143.0
311, 450.0, 88.0
312, 234.0, 86.0
313, 397.0, 247.0
314, 327.0, 199.0
315, 177.0, 207.0
316, 457.0, 178.0
317, 95.0, 28.0
318, 252.0, 72.0
319, 208.0, 209.0
320, 132.0, 169.0
321, 459.0, 349.0
322, 307.0, 16.0
323, 81.0, 103.0
324, 510.0, 90.0
325, 539.0, 140.0
326, 144.0, 199.0
327, 512.0, 161.0
328, 442.0, 146.0
329, 520.0, 27.0
330, 470.0, 368.0
331, 465.0, 117.0
332, 276.0, 102.0
333, 287.0, 133.0
334, 364.0, 122.0
335, 217.0, 67.0
336, 448.0, 354.0
337, 115.0, 282.0
338, 302.0, 126.0
339, 394.0, 71.0
340, 478.0, 116.0
341, 533.0, 242.0
342, 511.0, 135.0
343, 80.0, 208.0
344, 32.0, 203.0
345, 172.0, 361.0
346, 524.0, 81.0
347, 562.0, 76.0
348, 139.0, 214.0
349, 512.0, 217.0
350, 384.0, 48.0
351, 286.0, 207.0
352, 613.0, 9.0
353, 722.0, 398.0
354, 477.0, 241.0
355, 77.0, 157.0
356, 635.0, 213.0
357, 257.0, 157.0
358, 360.0, 311.0
359, 222.0, 41.0
360, 570.0, 222.0
361, 671.0, 66.0
362, 613.0, 113.0
363, 624.0, 328.0
364, 671.0, 18.0
365, 135.0, 238.0
366, 548.0, 171.0
367, 409.0, 406.0
368, 615.0, 134.0
369, 322.0, 192.0
370, 442.0, 280.0
371, 606.0, 108.0
372, 660.0, 127.0
373, 221.0, 157.0
374, 307.0, 136.0
375, 401.0, 127.0
376, 505.0, 186.0
377, 199.0, 171.0
378, 136.0, 65.0
379, 424.0, 461.0
380, 210.0, 131.0
381, 15.0, 85.0
382, 285.0, 162.0
383, 489.0, 109.0
384, 733.0, 223.0
385, 301.0, 13.0
386, 534.0, 76.0
387, 501.0, 44.0
388, 532.0, 164.0
389, 40.0, 249.0
390, 305.0, 162.0
391, 672.0, 114.0
392, 250.0, 175.0
393, 244.0, 116.0
394, 578.0, 150.0
395, 681.0, 246.0
396, 222.0, 209.0
397, 48.0, 41.0
398, 359.0, 112.0
399, 219.0, 147.0
400, 706.0, 143.0
401, 408.0, 469.0
402, 469.0, 145.0
403, 111.0, 179.0
404, 131.0, 161.0
405, 382.0, 202.0
406, 604.0, 14.0
407, 54.0, 232.0
408, 489.0, 171.0
409, 547.0, 347.0
410, 605.0, 120.0
411, 79.0, 119.0
412, 657.0, 95.0
413, 638.0, 137.0
414, 53.0, 175.0
415, 96.0, 230.0
416, 650.0, 328.0
417, 701.0, 23.0
418, 83.0, 80.0
419, 714.0, 370.0
420, 446.0, 381.0
421, 596.0, 208.0
422, 678.0, 154.0
423, 450.0, 43.0
424, 463.0, 63.0
425, 688.0, 66.0
426, 700.0, 173.0
427, 103.0, 121.0
428, 386.0, 383.0
429, 184.0, 187.0
430, 282.0, 94.0
431, 140.0, 108.0
432, 116.0, 373.0
433, 708.0, 386.0
434, 545.0, 249.0
435, 403.0, 59.0
436, 574.0, 294.0
437, 634.0, 170.0
438, 729.0, 61.0
439, 240.0, 314.0
440, 666.0, 302.0
441, 631.0, 268.0
442, 506.0, 347.0
443, 170.0, 233.0
444, 584.0, 146.0
445, 637.0, 81.0
446, 73.0, 96.0
447, 352.0, 86.0
448, 440.0, 61.0
449, 442.0, 266.0
450, 208.0, 38.0
451, 637.0, 321.0
452, 316.0, 154.0
453, 507.0, 173.0
454, 414.0, 178.0
455, 603.0, 91.0
456, 717.0, 121.0
457, 321.0, 408.0
458, 353.0, 240.0
459, 278.0, 431.0
460, 239.0, 19.0
461, 325.0, 128.0
462, 443.0, 118.0
463, 457.0, 126.0
464, 615.0, 66.0
465, 261.0, 176.0
466, 595.0, 303.0
467, 498.0, 329.0
468, 567.0, 120.0
469, 312.0, 93.0
470, 533.0, 83.0
471, 530.0, 313.0
472, 282.0, 123.0
473, 442.0, 84.0
474, 544.0, 307.0
475, 111.0, 171.0
476, 416.0, 276.0
477, 380.0, 188.0
478, 54.0, 202.0
479, 702.0, 278.0
480, 114.0, 157.0
481, 620.0, 103.0
482, 675.0, 41.0
483, 311.0, 322.0
484, 641.0, 54.0
485, 347.0, 130.0
486, 398.0, 95.0
487, 420.0, 313.0
488, 253.0, 181.0
489, 353.0, 45.0
490, 175.0, 160.0
491, 549.0, 323.0
492, 47.0, 169.0
493, 523.0, 178.0
494, 29.0, 212.0
495, 569.0, 60.0
496, 366.0, 110.0
497, 525.0, 335.0
498, 228.0, 219.0
499, 594.0, 120.0
