0, 473.0, 220.0
1, 120.0, 342.0
2, 354.0, 393.0
3, 481.0, 298.0
4, 691.0, 284.0
5, 384.0, 407.0
6, 417.0, 193.0
7, 586.0, 225.0
8, 512.0, 358.0
9, 650.0, 195.0
10, 413.0, 52.0
11, 460.0, 329.0
12, 318.0, 349.0
13, 148.0, 414.0
14, 329.0, 322.0
15, 109.0, 337.0
16, 384.0, 279.0
17, 430.0, 192.0
18, 268.0, 312.0
19, 354.0, 324.0
20, 508.0, 402.0
21, 531.0, 390.0
22, 635.0, 96.0
23, 154.0, 23.0
24, 288.0, 259.0
25, 507.0, 104.0
26, 369.0, 192.0
27, 487.0, 194.0
28, 646.0, 212.0
29, 375.0, 327.0
30, 639.0, 238.0
31, 533.0, 235.0
32, 520.0, 371.0
33, 138.0, 402.0
34, 343.0, 130.0
35, 384.0, 317.0
36, 475.0, 192.0
37, 695.0, 357.0
38, 566.0, 276.0
39, 656.0, 239.0
40, 384.0, 392.0
41, 532.0, 367.0
42, 453.0, 128.0
43, 528.0, 417.0
44, 558.0, 333.0
45, 623.0, 46.0
46, 627.0, 303.0
47, 329.0, 430.0
48, 500.0, 447.0
49, 341.0, 446.0
50, 369.0, 176.0
51, 474.0, 208.0
52, 150.0, 385.0
53, 400.0, 351.0
54, 594.0, 93.0
55, 177.0, 126.0
56, 417.0, 218.0
57, 165.0, 302.0
58, 141.0, 284.0
59, 383.0, 347.0
60, 133.0, 302.0
61, 355.0, 300.0
62, 538.0, 445.0
63, 148.0, 248.0
64, 406.0, 435.0
65, 389.0, 443.0
66, 372.0, 450.0
67, 426.0, 341.0
68, 293.0, 221.0
69, 315.0, 150.0
70, 314.0, 132.0
71, 379.0, 71.0
72, 450.0, 423.0
73, 429.0, 219.0
74, 427.0, 327.0
75, 498.0, 367.0
76, 451.0, 141.0
77, 558.0, 363.0
78, 642.0, 226.0
79, 690.0, 335.0
80, 577.0, 212.0
81, 421.0, 378.0
82, 337.0, 459.0
83, 299.0, 208.0
84, 346.0, 160.0
85, 278.0, 134.0
86, 525.0, 103.0
87, 300.0, 13.0
88, 683.0, 401.0
89, 493.0, 398.0
90, 734.0, 196.0
91, 505.0, 387.0
92, 423.0, 52.0
93, 579.0, 195.0
94, 346.0, 254.0
95, 671.0, 282.0
96, 38.0, 298.0
97, 321.0, 337.0
98, 347.0, 293.0
99, 227.0, 326.0
100, 86.0, 333.0
101, 589.0, 212.0
102, 591.0, 195.0
103, 372.0, 252.0
104, 197.0, 307.0
105, 357.0, 410.0
106, 544.0, 391.0
107, 481.0, 446.0
108, 384.0, 371.0
109, 107.0, 56.0
110, 545.0, 372.0
111, 583.0, 88.0
112, 364.0, 303.0
113, 80.0, 78.0
114, 335.0, 354.0
115, 430.0, 208.0
116, 486.0, 210.0
117, 356.0, 112.0
118, 542.0, 404.0
119, 35.0, 411.0
120, 219.0, 144.0
121, 62.0, 371.0
122, 60.0, 110.0
123, 675.0, 39.0
124, 559.0, 373.0
125, 325.0, 269.0
126, 526.0, 325.0
127, 378.0, 284.0
128, 607.0, 436.0
129, 380.0, 193.0
130, 480.0, 467.0
131, 298.0, 25.0
132, 364.0, 314.0
133, 518.0, 387.0
134, 416.0, 208.0
135, 448.0, 327.0
136, 158.0, 453.0
137, 729.0, 214.0
138, 323.0, 109.0
139, 544.0, 421.0
140, 357.0, 447.0
141, 123.0, 293.0
142, 523.0, 359.0
143, 554.0, 275.0
144, 520.0, 58.0
145, 304.0, 174.0
146, 726.0, 425.0
147, 618.0, 178.0
148, 429.0, 442.0
149, 92.0, 37.0
150, 306.0, 200.0
151, 737.0, 435.0
152, 249.0, 379.0
153, 465.0, 360.0
154, 611.0, 456.0
155, 470.0, 443.0
156, 47.0, 325.0
157, 553.0, 193.0
158, 544.0, 267.0
159, 97.0, 52.0
160, 355.0, 460.0
161, 212.0, 296.0
162, 331.0, 180.0
163, 479.0, 313.0
164, 621.0, 343.0
165, 485.0, 220.0
166, 724.0, 229.0
167, 544.0, 257.0
168, 389.0, 86.0
169, 470.0, 130.0
170, 323.0, 383.0
171, 417.0, 176.0
172, 147.0, 370.0
173, 449.0, 345.0
174, 90.0, 80.0
175, 420.0, 103.0
176, 486.0, 452.0
177, 129.0, 369.0
178, 676.0, 64.0
179, 144.0, 356.0
180, 193.0, 399.0
181, 99.0, 173.0
182, 307.0, 121.0
183, 532.0, 265.0
184, 243.0, 462.0
185, 497.0, 272.0
186, 228.0, 287.0
187, 110.0, 18.0
188, 409.0, 108.0
189, 499.0, 244.0
190, 627.0, 28.0
191, 481.0, 233.0
192, 343.0, 390.0
193, 184.0, 102.0
194, 74.0, 110.0
195, 65.0, 381.0
196, 370.0, 230.0
197, 286.0, 314.0
198, 353.0, 191.0
199, 98.0, 269.0
200, 250.0, 308.0
201, 687.0, 298.0
202, 56.0, 414.0
203, 529.0, 344.0
204, 400.0, 44.0
205, 168.0, 338.0
206, 486.0, 371.0
207, 219.0, 286.0
208, 195.0, 201.0
209, 278.0, 335.0
210, 643.0, 175.0
211, 324.0, 249.0
212, 370.0, 153.0
213, 88.0, 53.0
214, 498.0, 427.0
215, 337.0, 229.0
216, 340.0, 179.0
217, 365.0, 381.0
218, 264.0, 290.0
219, 77.0, 416.0
220, 488.0, 321.0
221, 589.0, 42.0
222, 363.0, 163.0
223, 553.0, 210.0
224, 564.0, 53.0
225, 444.0, 390.0
226, 540.0, 194.0
227, 320.0, 122.0
228, 306.0, 435.0
229, 568.0, 264.0
230, 158.0, 35.0
231, 369.0, 404.0
232, 648.0, 95.0
233, 432.0, 141.0
234, 387.0, 176.0
235, 327.0, 195.0
236, 689.0, 379.0
237, 544.0, 360.0
238, 139.0, 24.0
239, 195.0, 370.0
240, 594.0, 447.0
241, 167.0, 418.0
242, 184.0, 288.0
243, 41.0, 268.0
244, 676.0, 266.0
245, 544.0, 235.0
246, 544.0, 310.0
247, 463.0, 305.0
248, 261.0, 304.0
249, 555.0, 223.0
250, 75.0, 374.0
251, 281.0, 300.0
252, 506.0, 59.0
253, 248.0, 276.0
254, 644.0, 280.0
255, 238.0, 391.0
256, 538.0, 211.0
257, 157.0, 405.0
258, 178.0, 68.0
259, 64.0, 253.0
260, 333.0, 398.0
261, 692.0, 93.0
262, 298.0, 76.0
263, 665.0, 150.0
264, 487.0, 434.0
265, 346.0, 368.0
266, 145.0, 304.0
267, 21.0, 163.0
268, 677.0, 311.0
269, 279.0, 72.0
270, 337.0, 110.0
271, 346.0, 241.0
272, 570.0, 176.0
273, 631.0, 268.0
274, 433.0, 78.0
275, 483.0, 286.0
276, 727.0, 266.0
277, 697.0, 372.0
278, 622.0, 157.0
279, 96.0, 258.0
280, 291.0, 132.0
281, 334.0, 386.0
282, 261.0, 55.0
283, 471.0, 327.0
284, 191.0, 354.0
285, 28.0, 263.0
286, 550.0, 112.0
287, 167.0, 248.0
288, 418.0, 59.0
289, 530.0, 306.0
290, 91.0, 440.0
291, 479.0, 353.0
292, 146.0, 343.0
293, 390.0, 64.0
294, 232.0, 335.0
295, 81.0, 459.0
296, 615.0, 94.0
297, 136.0, 140.0
298, 114.0, 180.0
299, 654.0, 179.0
300, 331.0, 144.0
301, 474.0, 140.0
302, 169.0, 199.0
303, 719.0, 329.0
304, 70.0, 72.0
305, 315.0, 374.0
306, 734.0, 58.0
307, 276.0, 56.0
308, 712.0, 378.0
309, 104.0, 38.0
310, 266.0, 337.0
311, 526.0, 448.0
312, 419.0, 120.0
313, 272.0, 300.0
314, 355.0, 151.0
315, 57.0, 174.0
316, 342.0, 206.0
317, 77.0, 127.0
318, 635.0, 148.0
319, 567.0, 109.0
320, 143.0, 423.0
321, 192.0, 133.0
322, 707.0, 88.0
323, 696.0, 318.0
324, 461.0, 435.0
325, 388.0, 330.0
326, 415.0, 468.0
327, 381.0, 303.0
328, 354.0, 275.0
329, 680.0, 81.0
330, 612.0, 340.0
331, 185.0, 327.0
332, 156.0, 369.0
333, 120.0, 361.0
334, 407.0, 386.0
335, 428.0, 299.0
336, 118.0, 423.0
337, 51.0, 379.0
338, 575.0, 224.0
339, 580.0, 110.0
340, 159.0, 346.0
341, 586.0, 71.0
342, 55.0, 99.0
343, 243.0, 302.0
344, 687.0, 37.0
345, 61.0, 331.0
346, 503.0, 352.0
347, 66.0, 46.0
348, 323.0, 446.0
349, 563.0, 165.0
350, 219.0, 202.0
351, 359.0, 77.0
352, 636.0, 335.0
353, 226.0, 135.0
354, 366.0, 283.0
355, 67.0, 422.0
356, 340.0, 75.0
357, 529.0, 438.0
358, 682.0, 242.0
359, 629.0, 68.0
360, 252.0, 294.0
361, 416.0, 415.0
362, 370.0, 465.0
363, 55.0, 44.0
364, 467.0, 371.0
365, 89.0, 232.0
366, 662.0, 106.0
367, 286.0, 269.0
368, 731.0, 41.0
369, 320.0, 231.0
370, 432.0, 110.0
371, 736.0, 372.0
372, 98.0, 229.0
373, 427.0, 232.0
374, 369.0, 111.0
375, 34.0, 335.0
376, 544.0, 279.0
377, 703.0, 298.0
378, 698.0, 418.0
379, 369.0, 128.0
380, 82.0, 356.0
381, 466.0, 297.0
382, 386.0, 102.0
383, 651.0, 264.0
384, 331.0, 216.0
385, 404.0, 470.0
386, 261.0, 81.0
387, 489.0, 177.0
388, 159.0, 152.0
389, 242.0, 338.0
390, 14.0, 450.0
391, 12.0, 348.0
392, 544.0, 289.0
393, 566.0, 239.0
394, 670.0, 292.0
395, 662.0, 37.0
396, 82.0, 429.0
397, 462.0, 408.0
398, 320.0, 327.0
399, 710.0, 341.0
400, 176.0, 455.0
401, 243.0, 444.0
402, 321.0, 97.0
403, 265.0, 455.0
404, 412.0, 342.0
405, 514.0, 169.0
406, 609.0, 71.0
407, 179.0, 83.0
408, 303.0, 408.0
409, 190.0, 458.0
410, 648.0, 380.0
411, 449.0, 247.0
412, 725.0, 279.0
413, 303.0, 155.0
414, 29.0, 85.0
415, 577.0, 423.0
416, 340.0, 330.0
417, 352.0, 229.0
418, 41.0, 213.0
419, 87.0, 223.0
420, 565.0, 43.0
421, 23.0, 301.0
422, 571.0, 438.0
423, 320.0, 79.0
424, 180.0, 146.0
425, 418.0, 76.0
426, 510.0, 378.0
427, 315.0, 25.0
428, 733.0, 242.0
429, 152.0, 143.0
430, 220.0, 402.0
431, 302.0, 109.0
432, 347.0, 14.0
433, 70.0, 183.0
434, 431.0, 176.0
435, 360.0, 14.0
436, 396.0, 103.0
437, 449.0, 280.0
438, 36.0, 189.0
439, 682.0, 105.0
440, 166.0, 361.0
441, 138.0, 125.0
442, 61.0, 284.0
443, 432.0, 122.0
444, 279.0, 9.0
445, 564.0, 223.0
446, 738.0, 179.0
447, 688.0, 176.0
448, 54.0, 263.0
449, 543.0, 177.0
450, 54.0, 158.0
451, 672.0, 227.0
452, 104.0, 323.0
453, 151.0, 440.0
454, 369.0, 217.0
455, 679.0, 377.0
456, 738.0, 126.0
457, 715.0, 23.0
458, 96.0, 164.0
459, 323.0, 211.0
460, 113.0, 37.0
461, 379.0, 31.0
462, 505.0, 417.0
463, 400.0, 371.0
464, 58.0, 71.0
465, 34.0, 431.0
466, 659.0, 56.0
467, 366.0, 28.0
468, 371.0, 420.0
469, 397.0, 405.0
470, 112.0, 172.0
471, 116.0, 57.0
472, 80.0, 37.0
473, 78.0, 51.0
474, 568.0, 32.0
475, 268.0, 28.0
476, 185.0, 226.0
477, 498.0, 324.0
478, 255.0, 162.0
479, 271.0, 471.0
480, 583.0, 171.0
481, 648.0, 158.0
482, 529.0, 403.0
483, 563.0, 72.0
484, 567.0, 211.0
485, 349.0, 347.0
486, 116.0, 300.0
487, 516.0, 442.0
488, 128.0, 277.0
489, 390.0, 454.0
490, 555.0, 80.0
491, 279.0, 282.0
492, 570.0, 194.0
493, 451.0, 382.0
494, 311.0, 221.0
495, 385.0, 425.0
496, 156.0, 13.0
497, 253.0, 333.0
498, 299.0, 367.0
499, 270.0, 119.0
