0, 274.0, 255.0
1, 304.0, 159.0
2, 196.0, 63.0
3, 345.0, 129.0
4, 550.0, 274.0
5, 538.0, 256.0
6, 553.0, 211.0
7, 504.0, 306.0
8, 485.0, 336.0
9, 63.0, 194.0
10, 417.0, 203.0
11, 425.0, 160.0
12, 148.0, 379.0
13, 495.0, 60.0
14, 30.0, 466.0
15, 225.0, 366.0
16, 496.0, 281.0
17, 492.0, 195.0
18, 157.0, 73.0
19, 514.0, 287.0
20, 105.0, 269.0
21, 309.0, 264.0
22, 424.0, 197.0
23, 200.0, 196.0
24, 185.0, 75.0
25, 373.0, 198.0
26, 376.0, 66.0
27, 486.0, 156.0
28, 139.0, 367.0
29, 504.0, 231.0
30, 95.0, 170.0
31, 547.0, 199.0
32, 553.0, 68.0
33, 608.0, 293.0
34, 430.0, 105.0
35, 286.0, 32.0
36, 377.0, 101.0
37, 21.0, 243.0
38, 420.0, 172.0
39, 475.0, 155.0
40, 429.0, 208.0
41, 611.0, 279.0
42, 136.0, 261.0
43, 159.0, 192.0
44, 397.0, 150.0
45, 183.0, 365.0
46, 82.0, 219.0
47, 348.0, 223.0
48, 61.0, 68.0
49, 203.0, 380.0
50, 305.0, 276.0
51, 559.0, 237.0
52, 326.0, 166.0
53, 302.0, 120.0
54, 521.0, 60.0
55, 376.0, 166.0
56, 90.0, 227.0
57, 87.0, 79.0
58, 160.0, 63.0
59, 248.0, 62.0
60, 599.0, 447.0
61, 73.0, 283.0
62, 269.0, 92.0
63, 298.0, 11.0
64, 58.0, 34.0
65, 87.0, 247.0
66, 444.0, 157.0
67, 360.0, 434.0
68, 158.0, 297.0
69, 95.0, 259.0
70, 337.0, 181.0
71, 190.0, 54.0
72, 368.0, 100.0
73, 597.0, 259.0
74, 302.0, 171.0
75, 235.0, 250.0
76, 443.0, 208.0
77, 143.0, 286.0
78, 266.0, 72.0
79, 147.0, 255.0
80, 255.0, 204.0
81, 449.0, 120.0
82, 120.0, 356.0
83, 166.0, 285.0
84, 111.0, 256.0
85, 345.0, 99.0
86, 98.0, 237.0
87, 704.0, 272.0
88, 178.0, 129.0
89, 604.0, 423.0
90, 622.0, 346.0
91, 150.0, 145.0
92, 163.0, 382.0
93, 71.0, 225.0
94, 445.0, 144.0
95, 266.0, 268.0
96, 104.0, 391.0
97, 62.0, 450.0
98, 429.0, 120.0
99, 387.0, 120.0
100, 630.0, 111.0
101, 385.0, 180.0
102, 495.0, 168.0
103, 333.0, 192.0
104, 216.0, 223.0
105, 504.0, 339.0
106, 330.0, 219.0
107, 484.0, 257.0
108, 539.0, 129.0
109, 325.0, 154.0
110, 168.0, 95.0
111, 175.0, 393.0
112, 643.0, 289.0
113, 690.0, 178.0
114, 411.0, 103.0
115, 286.0, 262.0
116, 331.0, 228.0
117, 254.0, 191.0
118, 185.0, 353.0
119, 106.0, 379.0
120, 339.0, 172.0
121, 403.0, 342.0
122, 699.0, 178.0
123, 352.0, 268.0
124, 180.0, 373.0
125, 76.0, 192.0
126, 197.0, 20.0
127, 157.0, 267.0
128, 732.0, 285.0
129, 120.0, 266.0
130, 294.0, 216.0
131, 678.0, 103.0
132, 341.0, 278.0
133, 141.0, 400.0
134, 63.0, 369.0
135, 497.0, 43.0
136, 720.0, 293.0
137, 345.0, 119.0
138, 469.0, 87.0
139, 325.0, 245.0
140, 393.0, 403.0
141, 85.0, 284.0
142, 18.0, 364.0
143, 556.0, 184.0
144, 64.0, 214.0
145, 251.0, 21.0
146, 524.0, 304.0
147, 450.0, 84.0
148, 270.0, 177.0
149, 617.0, 170.0
150, 40.0, 317.0
151, 316.0, 163.0
152, 119.0, 364.0
153, 396.0, 82.0
154, 67.0, 235.0
155, 190.0, 285.0
156, 244.0, 244.0
157, 303.0, 452.0
158, 396.0, 417.0
159, 199.0, 175.0
160, 538.0, 151.0
161, 36.0, 385.0
162, 509.0, 40.0
163, 586.0, 212.0
164, 395.0, 103.0
165, 22.0, 312.0
166, 117.0, 50.0
167, 71.0, 316.0
168, 533.0, 294.0
169, 688.0, 76.0
170, 274.0, 25.0
171, 228.0, 52.0
172, 250.0, 77.0
173, 615.0, 379.0
174, 34.0, 407.0
175, 173.0, 347.0
176, 597.0, 61.0
177, 187.0, 205.0
178, 104.0, 247.0
179, 551.0, 158.0
180, 513.0, 327.0
181, 227.0, 219.0
182, 737.0, 301.0
183, 357.0, 158.0
184, 147.0, 100.0
185, 211.0, 198.0
186, 698.0, 155.0
187, 398.0, 119.0
188, 59.0, 312.0
189, 297.0, 23.0
190, 311.0, 252.0
191, 408.0, 161.0
192, 522.0, 38.0
193, 429.0, 94.0
194, 370.0, 440.0
195, 172.0, 308.0
196, 373.0, 210.0
197, 488.0, 276.0
198, 706.0, 205.0
199, 54.0, 212.0
200, 40.0, 360.0
201, 101.0, 414.0
202, 564.0, 107.0
203, 128.0, 252.0
204, 293.0, 95.0
205, 42.0, 461.0
206, 56.0, 344.0
207, 80.0, 235.0
208, 134.0, 53.0
209, 85.0, 375.0
210, 645.0, 217.0
211, 23.0, 296.0
212, 620.0, 328.0
213, 124.0, 184.0
214, 131.0, 276.0
215, 544.0, 210.0
216, 302.0, 302.0
217, 610.0, 314.0
218, 595.0, 75.0
219, 206.0, 45.0
220, 83.0, 432.0
221, 430.0, 80.0
222, 285.0, 9.0
223, 524.0, 126.0
224, 165.0, 137.0
225, 74.0, 210.0
226, 147.0, 270.0
227, 206.0, 355.0
228, 322.0, 42.0
229, 487.0, 347.0
230, 207.0, 16.0
231, 592.0, 190.0
232, 21.0, 281.0
233, 311.0, 213.0
234, 432.0, 174.0
235, 426.0, 145.0
236, 731.0, 36.0
237, 602.0, 92.0
238, 627.0, 371.0
239, 395.0, 181.0
240, 376.0, 434.0
241, 51.0, 444.0
242, 346.0, 37.0
243, 106.0, 81.0
244, 603.0, 246.0
245, 220.0, 43.0
246, 127.0, 8.0
247, 186.0, 147.0
248, 537.0, 268.0
249, 582.0, 157.0
250, 433.0, 132.0
251, 344.0, 254.0
252, 539.0, 48.0
253, 99.0, 358.0
254, 18.0, 351.0
255, 331.0, 81.0
256, 283.0, 226.0
257, 27.0, 214.0
258, 344.0, 138.0
259, 599.0, 108.0
260, 228.0, 353.0
261, 130.0, 43.0
262, 141.0, 27.0
263, 470.0, 249.0
264, 15.0, 377.0
265, 384.0, 462.0
266, 475.0, 202.0
267, 22.0, 424.0
268, 65.0, 82.0
269, 265.0, 34.0
270, 486.0, 183.0
271, 535.0, 57.0
272, 711.0, 190.0
273, 80.0, 398.0
274, 452.0, 73.0
275, 633.0, 94.0
276, 349.0, 171.0
277, 121.0, 342.0
278, 461.0, 44.0
279, 724.0, 181.0
280, 286.0, 436.0
281, 411.0, 120.0
282, 386.0, 410.0
283, 360.0, 150.0
284, 158.0, 402.0
285, 284.0, 119.0
286, 52.0, 416.0
287, 730.0, 114.0
288, 393.0, 367.0
289, 580.0, 175.0
290, 332.0, 98.0
291, 599.0, 362.0
292, 637.0, 303.0
293, 387.0, 140.0
294, 100.0, 402.0
295, 653.0, 103.0
296, 509.0, 81.0
297, 248.0, 261.0
298, 167.0, 172.0
299, 260.0, 148.0
300, 156.0, 36.0
301, 79.0, 442.0
302, 474.0, 238.0
303, 215.0, 190.0
304, 189.0, 319.0
305, 340.0, 71.0
306, 565.0, 300.0
307, 506.0, 262.0
308, 73.0, 424.0
309, 105.0, 68.0
310, 71.0, 180.0
311, 153.0, 55.0
312, 660.0, 319.0
313, 553.0, 436.0
314, 361.0, 258.0
315, 394.0, 209.0
316, 564.0, 158.0
317, 332.0, 313.0
318, 498.0, 153.0
319, 574.0, 434.0
320, 57.0, 106.0
321, 397.0, 221.0
322, 593.0, 158.0
323, 417.0, 74.0
324, 591.0, 229.0
325, 581.0, 167.0
326, 109.0, 61.0
327, 15.0, 460.0
328, 442.0, 189.0
329, 285.0, 22.0
330, 561.0, 263.0
331, 435.0, 253.0
332, 229.0, 279.0
333, 275.0, 34.0
334, 310.0, 12.0
335, 311.0, 144.0
336, 15.0, 400.0
337, 675.0, 245.0
338, 507.0, 212.0
339, 518.0, 22.0
340, 622.0, 268.0
341, 702.0, 133.0
342, 646.0, 173.0
343, 86.0, 425.0
344, 79.0, 333.0
345, 326.0, 295.0
346, 698.0, 187.0
347, 372.0, 247.0
348, 653.0, 93.0
349, 50.0, 225.0
350, 389.0, 55.0
351, 350.0, 152.0
352, 126.0, 288.0
353, 209.0, 77.0
354, 618.0, 235.0
355, 319.0, 278.0
356, 80.0, 47.0
357, 533.0, 10.0
358, 453.0, 250.0
359, 56.0, 437.0
360, 160.0, 211.0
361, 293.0, 79.0
362, 236.0, 200.0
363, 552.0, 56.0
364, 60.0, 322.0
365, 521.0, 251.0
366, 360.0, 106.0
367, 622.0, 29.0
368, 487.0, 137.0
369, 255.0, 215.0
370, 573.0, 56.0
371, 91.0, 435.0
372, 152.0, 157.0
373, 435.0, 14.0
374, 208.0, 248.0
375, 225.0, 117.0
376, 310.0, 429.0
377, 733.0, 94.0
378, 407.0, 412.0
379, 321.0, 341.0
380, 336.0, 236.0
381, 684.0, 93.0
382, 698.0, 195.0
383, 77.0, 412.0
384, 442.0, 182.0
385, 178.0, 334.0
386, 413.0, 188.0
387, 82.0, 108.0
388, 485.0, 209.0
389, 477.0, 125.0
390, 168.0, 59.0
391, 97.0, 286.0
392, 377.0, 119.0
393, 22.0, 261.0
394, 306.0, 325.0
395, 238.0, 54.0
396, 656.0, 165.0
397, 594.0, 296.0
398, 646.0, 142.0
399, 172.0, 119.0
400, 448.0, 105.0
401, 256.0, 33.0
402, 607.0, 323.0
403, 323.0, 30.0
404, 518.0, 233.0
405, 687.0, 205.0
406, 437.0, 111.0
407, 91.0, 413.0
408, 607.0, 64.0
409, 454.0, 409.0
410, 520.0, 83.0
411, 18.0, 329.0
412, 392.0, 338.0
413, 695.0, 279.0
414, 150.0, 310.0
415, 281.0, 142.0
416, 481.0, 117.0
417, 597.0, 318.0
418, 304.0, 37.0
419, 585.0, 59.0
420, 635.0, 142.0
421, 189.0, 161.0
422, 111.0, 109.0
423, 627.0, 299.0
424, 424.0, 186.0
425, 154.0, 175.0
426, 32.0, 444.0
427, 386.0, 231.0
428, 476.0, 40.0
429, 407.0, 308.0
430, 210.0, 212.0
431, 506.0, 296.0
432, 683.0, 219.0
433, 716.0, 94.0
434, 366.0, 131.0
435, 137.0, 301.0
436, 380.0, 319.0
437, 191.0, 35.0
438, 455.0, 15.0
439, 620.0, 122.0
440, 189.0, 249.0
441, 59.0, 56.0
442, 240.0, 101.0
443, 720.0, 199.0
444, 92.0, 25.0
445, 428.0, 264.0
446, 595.0, 84.0
447, 315.0, 240.0
448, 12.0, 226.0
449, 448.0, 394.0
450, 311.0, 225.0
451, 434.0, 68.0
452, 580.0, 46.0
453, 324.0, 136.0
454, 115.0, 137.0
455, 80.0, 314.0
456, 714.0, 25.0
457, 660.0, 205.0
458, 186.0, 376.0
459, 463.0, 212.0
460, 278.0, 64.0
461, 230.0, 26.0
462, 18.0, 443.0
463, 607.0, 30.0
464, 237.0, 223.0
465, 573.0, 383.0
466, 454.0, 64.0
467, 675.0, 115.0
468, 317.0, 436.0
469, 114.0, 389.0
470, 347.0, 81.0
471, 557.0, 176.0
472, 294.0, 271.0
473, 189.0, 386.0
474, 182.0, 314.0
475, 92.0, 273.0
476, 609.0, 170.0
477, 488.0, 240.0
478, 532.0, 25.0
479, 171.0, 45.0
480, 54.0, 149.0
481, 315.0, 96.0
482, 294.0, 192.0
483, 239.0, 359.0
484, 458.0, 140.0
485, 385.0, 286.0
486, 84.0, 58.0
487, 376.0, 150.0
488, 572.0, 187.0
489, 261.0, 287.0
490, 119.0, 63.0
491, 315.0, 321.0
492, 554.0, 48.0
493, 306.0, 235.0
494, 525.0, 389.0
495, 350.0, 207.0
496, 651.0, 113.0
497, 695.0, 240.0
498, 742.0, 209.0
499, 687.0, 104.0
