0, 230.0, 209.0
1, 240.0, 191.0
2, 311.0, 208.0
3, 552.0, 254.0
4, 383.0, 71.0
5, 367.0, 237.0
6, 656.0, 401.0
7, 707.0, 164.0
8, 117.0, 77.0
9, 422.0, 124.0
10, 226.0, 372.0
11, 533.0, 292.0
12, 644.0, 267.0
13, 174.0, 92.0
14, 578.0, 285.0
15, 611.0, 217.0
16, 486.0, 232.0
17, 115.0, 208.0
18, 369.0, 205.0
19, 368.0, 60.0
20, 568.0, 253.0
21, 180.0, 342.0
22, 601.0, 280.0
23, 334.0, 259.0
24, 493.0, 416.0
25, 369.0, 294.0
26, 369.0, 227.0
27, 170.0, 181.0
28, 616.0, 230.0
29, 241.0, 201.0
30, 281.0, 188.0
31, 244.0, 85.0
32, 548.0, 278.0
33, 190.0, 198.0
34, 672.0, 161.0
35, 464.0, 130.0
36, 332.0, 283.0
37, 357.0, 273.0
38, 298.0, 253.0
39, 516.0, 54.0
40, 374.0, 152.0
41, 135.0, 246.0
42, 585.0, 380.0
43, 529.0, 320.0
44, 285.0, 53.0
45, 528.0, 340.0
46, 606.0, 264.0
47, 121.0, 311.0
48, 452.0, 184.0
49, 617.0, 409.0
50, 578.0, 166.0
51, 98.0, 426.0
52, 407.0, 313.0
53, 696.0, 387.0
54, 120.0, 278.0
55, 545.0, 291.0
56, 243.0, 212.0
57, 501.0, 346.0
58, 188.0, 52.0
59, 588.0, 280.0
60, 629.0, 453.0
61, 391.0, 160.0
62, 573.0, 374.0
63, 272.0, 218.0
64, 234.0, 176.0
65, 504.0, 32.0
66, 523.0, 358.0
67, 354.0, 319.0
68, 212.0, 123.0
69, 495.0, 103.0
70, 676.0, 106.0
71, 544.0, 18.0
72, 638.0, 390.0
73, 623.0, 117.0
74, 319.0, 184.0
75, 514.0, 309.0
76, 569.0, 295.0
77, 348.0, 180.0
78, 452.0, 250.0
79, 661.0, 161.0
80, 538.0, 277.0
81, 186.0, 89.0
82, 649.0, 256.0
83, 537.0, 266.0
84, 489.0, 282.0
85, 544.0, 43.0
86, 405.0, 251.0
87, 112.0, 195.0
88, 648.0, 378.0
89, 587.0, 196.0
90, 347.0, 255.0
91, 404.0, 382.0
92, 427.0, 397.0
93, 314.0, 171.0
94, 483.0, 337.0
95, 96.0, 336.0
96, 494.0, 66.0
97, 414.0, 73.0
98, 288.0, 223.0
99, 128.0, 129.0
100, 406.0, 362.0
101, 408.0, 216.0
102, 109.0, 184.0
103, 202.0, 31.0
104, 532.0, 143.0
105, 158.0, 232.0
106, 113.0, 236.0
107, 171.0, 57.0
108, 412.0, 377.0
109, 395.0, 396.0
110, 439.0, 133.0
111, 647.0, 37.0
112, 493.0, 76.0
113, 422.0, 134.0
114, 530.0, 23.0
115, 391.0, 112.0
116, 642.0, 149.0
117, 642.0, 454.0
118, 590.0, 428.0
119, 189.0, 236.0
120, 341.0, 298.0
121, 581.0, 258.0
122, 285.0, 278.0
123, 465.0, 115.0
124, 223.0, 125.0
125, 553.0, 409.0
126, 458.0, 351.0
127, 354.0, 60.0
128, 563.0, 334.0
129, 441.0, 245.0
130, 377.0, 363.0
131, 407.0, 231.0
132, 50.0, 410.0
133, 240.0, 37.0
134, 270.0, 34.0
135, 132.0, 435.0
136, 454.0, 425.0
137, 522.0, 179.0
138, 562.0, 455.0
139, 207.0, 378.0
140, 389.0, 327.0
141, 699.0, 441.0
142, 649.0, 425.0
143, 544.0, 463.0
144, 422.0, 371.0
145, 529.0, 307.0
146, 408.0, 332.0
147, 85.0, 312.0
148, 617.0, 306.0
149, 252.0, 324.0
150, 547.0, 446.0
151, 314.0, 156.0
152, 466.0, 257.0
153, 389.0, 314.0
154, 577.0, 317.0
155, 519.0, 294.0
156, 615.0, 257.0
157, 492.0, 123.0
158, 485.0, 325.0
159, 129.0, 215.0
160, 590.0, 213.0
161, 449.0, 122.0
162, 223.0, 201.0
163, 269.0, 21.0
164, 513.0, 388.0
165, 295.0, 191.0
166, 158.0, 79.0
167, 403.0, 175.0
168, 381.0, 271.0
169, 614.0, 205.0
170, 252.0, 95.0
171, 365.0, 140.0
172, 610.0, 289.0
173, 144.0, 155.0
174, 520.0, 429.0
175, 670.0, 171.0
176, 566.0, 243.0
177, 299.0, 168.0
178, 419.0, 286.0
179, 585.0, 298.0
180, 332.0, 110.0
181, 627.0, 158.0
182, 146.0, 220.0
183, 653.0, 391.0
184, 565.0, 173.0
185, 133.0, 306.0
186, 706.0, 212.0
187, 527.0, 44.0
188, 405.0, 372.0
189, 598.0, 170.0
190, 622.0, 131.0
191, 544.0, 303.0
192, 567.0, 426.0
193, 410.0, 31.0
194, 404.0, 391.0
195, 606.0, 355.0
196, 468.0, 145.0
197, 490.0, 204.0
198, 661.0, 251.0
199, 485.0, 27.0
200, 455.0, 197.0
201, 519.0, 268.0
202, 375.0, 386.0
203, 504.0, 460.0
204, 378.0, 188.0
205, 432.0, 229.0
206, 348.0, 292.0
207, 524.0, 104.0
208, 629.0, 353.0
209, 138.0, 17.0
210, 499.0, 187.0
211, 407.0, 349.0
212, 225.0, 90.0
213, 564.0, 273.0
214, 359.0, 109.0
215, 61.0, 67.0
216, 444.0, 418.0
217, 418.0, 273.0
218, 269.0, 274.0
219, 645.0, 52.0
220, 480.0, 278.0
221, 299.0, 177.0
222, 553.0, 353.0
223, 103.0, 21.0
224, 205.0, 86.0
225, 476.0, 130.0
226, 245.0, 305.0
227, 370.0, 109.0
228, 496.0, 219.0
229, 283.0, 153.0
230, 392.0, 267.0
231, 209.0, 62.0
232, 178.0, 319.0
233, 174.0, 300.0
234, 493.0, 342.0
235, 123.0, 233.0
236, 91.0, 36.0
237, 653.0, 275.0
238, 92.0, 373.0
239, 335.0, 182.0
240, 248.0, 103.0
241, 715.0, 83.0
242, 115.0, 93.0
243, 198.0, 172.0
244, 451.0, 72.0
245, 162.0, 29.0
246, 671.0, 244.0
247, 89.0, 88.0
248, 689.0, 453.0
249, 249.0, 224.0
250, 680.0, 130.0
251, 440.0, 116.0
252, 94.0, 238.0
253, 187.0, 355.0
254, 507.0, 328.0
255, 418.0, 155.0
256, 212.0, 337.0
257, 258.0, 36.0
258, 128.0, 354.0
259, 679.0, 443.0
260, 521.0, 325.0
261, 593.0, 51.0
262, 344.0, 109.0
263, 624.0, 272.0
264, 515.0, 444.0
265, 75.0, 72.0
266, 283.0, 173.0
267, 90.0, 117.0
268, 554.0, 265.0
269, 278.0, 308.0
270, 318.0, 124.0
271, 374.0, 71.0
272, 412.0, 136.0
273, 679.0, 375.0
274, 531.0, 455.0
275, 447.0, 172.0
276, 323.0, 205.0
277, 224.0, 272.0
278, 322.0, 263.0
279, 353.0, 123.0
280, 336.0, 308.0
281, 538.0, 255.0
282, 267.0, 9.0
283, 688.0, 252.0
284, 625.0, 74.0
285, 573.0, 211.0
286, 557.0, 41.0
287, 122.0, 291.0
288, 450.0, 263.0
289, 630.0, 467.0
290, 530.0, 187.0
291, 616.0, 35.0
292, 446.0, 110.0
293, 691.0, 438.0
294, 124.0, 39.0
295, 366.0, 22.0
296, 324.0, 86.0
297, 507.0, 376.0
298, 419.0, 254.0
299, 421.0, 384.0
300, 122.0, 197.0
301, 259.0, 245.0
302, 512.0, 177.0
303, 693.0, 129.0
304, 438.0, 161.0
305, 426.0, 207.0
306, 424.0, 323.0
307, 263.0, 155.0
308, 305.0, 283.0
309, 266.0, 229.0
310, 281.0, 9.0
311, 456.0, 115.0
312, 555.0, 53.0
313, 141.0, 132.0
314, 469.0, 75.0
315, 495.0, 144.0
316, 137.0, 59.0
317, 422.0, 358.0
318, 516.0, 79.0
319, 388.0, 350.0
320, 387.0, 338.0
321, 162.0, 266.0
322, 225.0, 222.0
323, 494.0, 328.0
324, 240.0, 11.0
325, 299.0, 273.0
326, 185.0, 326.0
327, 678.0, 90.0
328, 606.0, 150.0
329, 143.0, 53.0
330, 296.0, 11.0
331, 233.0, 24.0
332, 452.0, 61.0
333, 603.0, 303.0
334, 439.0, 383.0
335, 115.0, 32.0
336, 446.0, 399.0
337, 600.0, 217.0
338, 614.0, 180.0
339, 563.0, 379.0
340, 501.0, 113.0
341, 602.0, 402.0
342, 349.0, 275.0
343, 518.0, 399.0
344, 349.0, 264.0
345, 475.0, 204.0
346, 336.0, 34.0
347, 601.0, 431.0
348, 85.0, 72.0
349, 234.0, 97.0
350, 151.0, 64.0
351, 80.0, 369.0
352, 479.0, 163.0
353, 256.0, 25.0
354, 341.0, 280.0
355, 185.0, 391.0
356, 482.0, 91.0
357, 192.0, 259.0
358, 493.0, 161.0
359, 419.0, 233.0
360, 65.0, 86.0
361, 35.0, 412.0
362, 297.0, 212.0
363, 436.0, 123.0
364, 270.0, 127.0
365, 393.0, 200.0
366, 430.0, 67.0
367, 717.0, 166.0
368, 256.0, 199.0
369, 551.0, 178.0
370, 552.0, 243.0
371, 412.0, 207.0
372, 396.0, 386.0
373, 615.0, 156.0
374, 623.0, 245.0
375, 660.0, 42.0
376, 386.0, 151.0
377, 388.0, 178.0
378, 446.0, 232.0
379, 377.0, 354.0
380, 688.0, 93.0
381, 625.0, 83.0
382, 434.0, 280.0
383, 158.0, 244.0
384, 634.0, 264.0
385, 203.0, 361.0
386, 367.0, 247.0
387, 636.0, 230.0
388, 605.0, 94.0
389, 167.0, 352.0
390, 487.0, 148.0
391, 589.0, 366.0
392, 335.0, 203.0
393, 226.0, 182.0
394, 389.0, 305.0
395, 149.0, 256.0
396, 603.0, 206.0
397, 106.0, 71.0
398, 674.0, 224.0
399, 182.0, 288.0
400, 582.0, 417.0
401, 660.0, 365.0
402, 509.0, 409.0
403, 510.0, 40.0
404, 333.0, 159.0
405, 383.0, 211.0
406, 474.0, 288.0
407, 84.0, 61.0
408, 23.0, 94.0
409, 398.0, 431.0
410, 389.0, 188.0
411, 567.0, 265.0
412, 582.0, 235.0
413, 222.0, 385.0
414, 648.0, 93.0
415, 427.0, 290.0
416, 263.0, 97.0
417, 359.0, 164.0
418, 390.0, 413.0
419, 716.0, 72.0
420, 219.0, 409.0
421, 407.0, 323.0
422, 701.0, 237.0
423, 609.0, 345.0
424, 52.0, 451.0
425, 518.0, 458.0
426, 477.0, 32.0
427, 655.0, 230.0
428, 28.0, 111.0
429, 402.0, 265.0
430, 455.0, 156.0
431, 495.0, 441.0
432, 633.0, 135.0
433, 240.0, 250.0
434, 275.0, 113.0
435, 145.0, 170.0
436, 455.0, 405.0
437, 426.0, 305.0
438, 514.0, 467.0
439, 354.0, 22.0
440, 161.0, 93.0
441, 517.0, 162.0
442, 252.0, 10.0
443, 206.0, 194.0
444, 410.0, 418.0
445, 319.0, 348.0
446, 340.0, 163.0
447, 626.0, 168.0
448, 128.0, 58.0
449, 518.0, 282.0
450, 228.0, 193.0
451, 416.0, 329.0
452, 176.0, 217.0
453, 371.0, 407.0
454, 228.0, 162.0
455, 621.0, 288.0
456, 485.0, 242.0
457, 308.0, 219.0
458, 646.0, 65.0
459, 353.0, 49.0
460, 370.0, 281.0
461, 331.0, 322.0
462, 592.0, 342.0
463, 299.0, 126.0
464, 161.0, 220.0
465, 506.0, 361.0
466, 161.0, 133.0
467, 731.0, 457.0
468, 636.0, 159.0
469, 88.0, 219.0
470, 198.0, 212.0
471, 86.0, 338.0
472, 498.0, 51.0
473, 692.0, 73.0
474, 429.0, 388.0
475, 339.0, 368.0
476, 186.0, 221.0
477, 646.0, 239.0
478, 626.0, 206.0
479, 190.0, 277.0
480, 134.0, 147.0
481, 713.0, 418.0
482, 544.0, 314.0
483, 637.0, 279.0
484, 355.0, 354.0
485, 279.0, 294.0
486, 458.0, 226.0
487, 600.0, 117.0
488, 430.0, 378.0
489, 178.0, 9.0
490, 608.0, 441.0
491, 334.0, 17.0
492, 705.0, 175.0
493, 256.0, 213.0
494, 51.0, 80.0
495, 342.0, 148.0
496, 79.0, 122.0
497, 116.0, 17.0
498, 436.0, 392.0
499, 284.0, 43.0
