0, 520.0, 219.0
1, 269.0, 269.0
2, 307.0, 305.0
3, 559.0, 194.0
4, 256.0, 262.0
5, 190.0, 204.0
6, 603.0, 263.0
7, 303.0, 396.0
8, 348.0, 327.0
9, 572.0, 298.0
10, 701.0, 31.0
11, 348.0, 340.0
12, 260.0, 221.0
13, 216.0, 356.0
14, 513.0, 172.0
15, 339.0, 181.0
16, 354.0, 185.0
17, 180.0, 147.0
18, 161.0, 155.0
19, 100.0, 469.0
20, 679.0, 403.0
21, 545.0, 446.0
22, 300.0, 113.0
23, 319.0, 52.0
24, 534.0, 333.0
25, 272.0, 392.0
26, 358.0, 325.0
27, 619.0, 336.0
28, 260.0, 207.0
29, 631.0, 332.0
30, 548.0, 401.0
31, 550.0, 412.0
32, 586.0, 100.0
33, 312.0, 295.0
34, 284.0, 290.0
35, 152.0, 304.0
36, 655.0, 79.0
37, 270.0, 367.0
38, 628.0, 319.0
39, 705.0, 358.0
40, 507.0, 133.0
41, 129.0, 238.0
42, 607.0, 238.0
43, 124.0, 427.0
44, 357.0, 298.0
45, 282.0, 264.0
46, 610.0, 33.0
47, 507.0, 206.0
48, 572.0, 245.0
49, 624.0, 14.0
50, 491.0, 213.0
51, 283.0, 447.0
52, 538.0, 194.0
53, 270.0, 255.0
54, 504.0, 115.0
55, 95.0, 302.0
56, 566.0, 276.0
57, 493.0, 117.0
58, 339.0, 254.0
59, 653.0, 325.0
60, 669.0, 289.0
61, 57.0, 271.0
62, 225.0, 243.0
63, 559.0, 58.0
64, 132.0, 255.0
65, 103.0, 426.0
66, 139.0, 447.0
67, 522.0, 300.0
68, 594.0, 275.0
69, 228.0, 261.0
70, 462.0, 444.0
71, 66.0, 252.0
72, 553.0, 286.0
73, 529.0, 342.0
74, 313.0, 99.0
75, 156.0, 30.0
76, 278.0, 186.0
77, 634.0, 68.0
78, 491.0, 106.0
79, 570.0, 311.0
80, 664.0, 22.0
81, 586.0, 165.0
82, 336.0, 139.0
83, 574.0, 165.0
84, 633.0, 398.0
85, 709.0, 332.0
86, 502.0, 177.0
87, 535.0, 216.0
88, 68.0, 319.0
89, 112.0, 417.0
90, 195.0, 251.0
91, 51.0, 412.0
92, 578.0, 377.0
93, 80.0, 427.0
94, 513.0, 323.0
95, 177.0, 79.0
96, 526.0, 282.0
97, 47.0, 400.0
98, 552.0, 182.0
99, 257.0, 175.0
100, 125.0, 217.0
101, 369.0, 451.0
102, 356.0, 139.0
103, 210.0, 33.0
104, 511.0, 420.0
105, 151.0, 290.0
106, 719.0, 43.0
107, 334.0, 50.0
108, 276.0, 172.0
109, 297.0, 259.0
110, 565.0, 287.0
111, 246.0, 28.0
112, 699.0, 44.0
113, 245.0, 270.0
114, 592.0, 377.0
115, 486.0, 458.0
116, 665.0, 316.0
117, 320.0, 244.0
118, 548.0, 339.0
119, 240.0, 58.0
120, 192.0, 223.0
121, 297.0, 222.0
122, 532.0, 368.0
123, 498.0, 147.0
124, 300.0, 197.0
125, 581.0, 350.0
126, 611.0, 391.0
127, 55.0, 427.0
128, 293.0, 312.0
129, 334.0, 128.0
130, 693.0, 89.0
131, 336.0, 379.0
132, 354.0, 159.0
133, 170.0, 31.0
134, 574.0, 389.0
135, 667.0, 401.0
136, 32.0, 403.0
137, 598.0, 35.0
138, 516.0, 263.0
139, 660.0, 463.0
140, 591.0, 199.0
141, 213.0, 269.0
142, 509.0, 145.0
143, 535.0, 311.0
144, 382.0, 410.0
145, 300.0, 182.0
146, 149.0, 466.0
147, 97.0, 245.0
148, 632.0, 174.0
149, 675.0, 190.0
150, 568.0, 439.0
151, 528.0, 388.0
152, 194.0, 20.0
153, 92.0, 222.0
154, 577.0, 150.0
155, 601.0, 150.0
156, 134.0, 310.0
157, 561.0, 244.0
158, 595.0, 246.0
159, 36.0, 446.0
160, 548.0, 467.0
161, 725.0, 282.0
162, 565.0, 372.0
163, 571.0, 322.0
164, 244.0, 256.0
165, 323.0, 256.0
166, 734.0, 89.0
167, 172.0, 106.0
168, 678.0, 316.0
169, 226.0, 278.0
170, 248.0, 306.0
171, 218.0, 23.0
172, 485.0, 413.0
173, 282.0, 41.0
174, 181.0, 326.0
175, 681.0, 447.0
176, 531.0, 415.0
177, 296.0, 349.0
178, 541.0, 418.0
179, 529.0, 134.0
180, 707.0, 278.0
181, 328.0, 309.0
182, 291.0, 184.0
183, 594.0, 324.0
184, 194.0, 238.0
185, 300.0, 165.0
186, 237.0, 318.0
187, 234.0, 385.0
188, 339.0, 43.0
189, 244.0, 115.0
190, 553.0, 428.0
191, 543.0, 429.0
192, 258.0, 191.0
193, 258.0, 332.0
194, 276.0, 62.0
195, 677.0, 279.0
196, 584.0, 290.0
197, 153.0, 190.0
198, 641.0, 272.0
199, 538.0, 457.0
200, 313.0, 397.0
201, 207.0, 52.0
202, 355.0, 103.0
203, 100.0, 261.0
204, 642.0, 343.0
205, 70.0, 268.0
206, 685.0, 350.0
207, 101.0, 271.0
208, 457.0, 76.0
209, 580.0, 465.0
210, 292.0, 96.0
211, 58.0, 78.0
212, 131.0, 193.0
213, 642.0, 79.0
214, 156.0, 44.0
215, 94.0, 86.0
216, 625.0, 420.0
217, 162.0, 84.0
218, 565.0, 15.0
219, 107.0, 222.0
220, 512.0, 235.0
221, 542.0, 370.0
222, 213.0, 247.0
223, 608.0, 252.0
224, 703.0, 19.0
225, 300.0, 37.0
226, 642.0, 388.0
227, 221.0, 231.0
228, 664.0, 263.0
229, 274.0, 89.0
230, 251.0, 320.0
231, 679.0, 385.0
232, 486.0, 144.0
233, 654.0, 385.0
234, 718.0, 117.0
235, 538.0, 301.0
236, 93.0, 445.0
237, 546.0, 350.0
238, 227.0, 298.0
239, 661.0, 35.0
240, 165.0, 58.0
241, 146.0, 265.0
242, 40.0, 423.0
243, 595.0, 185.0
244, 607.0, 297.0
245, 347.0, 294.0
246, 300.0, 19.0
247, 621.0, 156.0
248, 345.0, 138.0
249, 510.0, 220.0
250, 320.0, 315.0
251, 651.0, 366.0
252, 612.0, 100.0
253, 354.0, 171.0
254, 261.0, 146.0
255, 503.0, 219.0
256, 722.0, 29.0
257, 259.0, 305.0
258, 243.0, 237.0
259, 171.0, 196.0
260, 341.0, 388.0
261, 525.0, 316.0
262, 192.0, 106.0
263, 91.0, 360.0
264, 299.0, 53.0
265, 316.0, 82.0
266, 295.0, 336.0
267, 291.0, 168.0
268, 601.0, 100.0
269, 517.0, 199.0
270, 658.0, 45.0
271, 462.0, 462.0
272, 118.0, 273.0
273, 52.0, 255.0
274, 218.0, 217.0
275, 110.0, 408.0
276, 200.0, 37.0
277, 657.0, 402.0
278, 149.0, 12.0
279, 551.0, 455.0
280, 97.0, 393.0
281, 354.0, 351.0
282, 321.0, 359.0
283, 125.0, 95.0
284, 223.0, 80.0
285, 261.0, 74.0
286, 552.0, 321.0
287, 620.0, 63.0
288, 273.0, 331.0
289, 248.0, 450.0
290, 52.0, 340.0
291, 496.0, 64.0
292, 710.0, 262.0
293, 608.0, 185.0
294, 81.0, 314.0
295, 510.0, 372.0
296, 330.0, 79.0
297, 545.0, 14.0
298, 466.0, 146.0
299, 514.0, 293.0
300, 208.0, 359.0
301, 298.0, 285.0
302, 86.0, 458.0
303, 594.0, 350.0
304, 79.0, 249.0
305, 86.0, 120.0
306, 295.0, 299.0
307, 236.0, 305.0
308, 125.0, 457.0
309, 694.0, 408.0
310, 653.0, 89.0
311, 191.0, 154.0
312, 557.0, 383.0
313, 241.0, 360.0
314, 528.0, 266.0
315, 310.0, 38.0
316, 111.0, 243.0
317, 305.0, 323.0
318, 87.0, 264.0
319, 548.0, 389.0
320, 567.0, 336.0
321, 527.0, 192.0
322, 97.0, 26.0
323, 666.0, 10.0
324, 532.0, 355.0
325, 328.0, 338.0
326, 621.0, 173.0
327, 247.0, 281.0
328, 695.0, 78.0
329, 627.0, 201.0
330, 77.0, 296.0
331, 612.0, 377.0
332, 580.0, 363.0
333, 332.0, 421.0
334, 143.0, 25.0
335, 240.0, 391.0
336, 210.0, 316.0
337, 380.0, 458.0
338, 601.0, 362.0
339, 440.0, 362.0
340, 650.0, 408.0
341, 575.0, 58.0
342, 627.0, 33.0
343, 80.0, 97.0
344, 41.0, 388.0
345, 114.0, 258.0
346, 511.0, 44.0
347, 211.0, 75.0
348, 589.0, 334.0
349, 733.0, 250.0
350, 150.0, 94.0
351, 224.0, 178.0
352, 30.0, 439.0
353, 172.0, 15.0
354, 648.0, 417.0
355, 620.0, 242.0
356, 285.0, 357.0
357, 428.0, 16.0
358, 342.0, 209.0
359, 335.0, 158.0
360, 440.0, 207.0
361, 514.0, 306.0
362, 41.0, 207.0
363, 667.0, 331.0
364, 229.0, 350.0
365, 197.0, 50.0
366, 310.0, 180.0
367, 580.0, 269.0
368, 730.0, 269.0
369, 355.0, 235.0
370, 738.0, 17.0
371, 564.0, 462.0
372, 345.0, 69.0
373, 448.0, 147.0
374, 47.0, 441.0
375, 356.0, 112.0
376, 445.0, 16.0
377, 477.0, 48.0
378, 516.0, 55.0
379, 251.0, 95.0
380, 554.0, 33.0
381, 313.0, 114.0
382, 47.0, 232.0
383, 267.0, 131.0
384, 19.0, 443.0
385, 705.0, 343.0
386, 284.0, 79.0
387, 485.0, 397.0
388, 297.0, 129.0
389, 261.0, 371.0
390, 197.0, 65.0
391, 173.0, 42.0
392, 242.0, 44.0
393, 717.0, 381.0
394, 97.0, 60.0
395, 307.0, 89.0
396, 581.0, 125.0
397, 383.0, 19.0
398, 736.0, 78.0
399, 721.0, 364.0
400, 111.0, 298.0
401, 151.0, 420.0
402, 718.0, 306.0
403, 473.0, 168.0
404, 231.0, 18.0
405, 353.0, 197.0
406, 262.0, 56.0
407, 350.0, 431.0
408, 696.0, 200.0
409, 100.0, 190.0
410, 541.0, 245.0
411, 464.0, 360.0
412, 521.0, 377.0
413, 47.0, 93.0
414, 539.0, 180.0
415, 743.0, 185.0
416, 343.0, 350.0
417, 150.0, 451.0
418, 662.0, 351.0
419, 95.0, 377.0
420, 564.0, 35.0
421, 620.0, 51.0
422, 209.0, 413.0
423, 87.0, 414.0
424, 434.0, 39.0
425, 271.0, 79.0
426, 102.0, 199.0
427, 276.0, 316.0
428, 338.0, 358.0
429, 502.0, 318.0
430, 299.0, 248.0
431, 263.0, 316.0
432, 657.0, 437.0
433, 467.0, 207.0
434, 684.0, 366.0
435, 523.0, 8.0
436, 689.0, 218.0
437, 496.0, 133.0
438, 70.0, 97.0
439, 99.0, 416.0
440, 331.0, 213.0
441, 90.0, 420.0
442, 497.0, 44.0
443, 593.0, 261.0
444, 611.0, 215.0
445, 285.0, 397.0
446, 582.0, 245.0
447, 292.0, 105.0
448, 628.0, 407.0
449, 341.0, 114.0
450, 392.0, 465.0
451, 170.0, 416.0
452, 479.0, 428.0
453, 638.0, 90.0
454, 502.0, 22.0
455, 543.0, 155.0
456, 70.0, 226.0
457, 356.0, 279.0
458, 659.0, 113.0
459, 280.0, 215.0
460, 521.0, 229.0
461, 224.0, 321.0
462, 617.0, 255.0
463, 529.0, 253.0
464, 251.0, 11.0
465, 644.0, 325.0
466, 589.0, 318.0
467, 295.0, 63.0
468, 148.0, 242.0
469, 354.0, 255.0
470, 315.0, 66.0
471, 690.0, 454.0
472, 175.0, 156.0
473, 553.0, 305.0
474, 132.0, 66.0
475, 10.0, 433.0
476, 614.0, 203.0
477, 112.0, 462.0
478, 677.0, 468.0
479, 332.0, 62.0
480, 632.0, 303.0
481, 500.0, 86.0
482, 201.0, 88.0
483, 132.0, 9.0
484, 345.0, 264.0
485, 558.0, 450.0
486, 334.0, 168.0
487, 264.0, 383.0
488, 54.0, 58.0
489, 731.0, 141.0
490, 603.0, 13.0
491, 549.0, 195.0
492, 541.0, 287.0
493, 268.0, 406.0
494, 188.0, 187.0
495, 270.0, 14.0
496, 502.0, 361.0
497, 738.0, 203.0
498, 60.0, 203.0
499, 134.0, 318.0
