0, 86.0, 424.0
1, 161.0, 226.0
2, 321.0, 302.0
3, 356.0, 115.0
4, 273.0, 186.0
5, 459.0, 172.0
6, 420.0, 266.0
7, 464.0, 408.0
8, 336.0, 276.0
9, 337.0, 258.0
10, 352.0, 76.0
11, 365.0, 259.0
12, 145.0, 144.0
13, 419.0, 285.0
14, 356.0, 59.0
15, 589.0, 355.0
16, 302.0, 315.0
17, 509.0, 413.0
18, 347.0, 90.0
19, 494.0, 438.0
20, 208.0, 226.0
21, 91.0, 403.0
22, 225.0, 335.0
23, 341.0, 73.0
24, 351.0, 186.0
25, 242.0, 167.0
26, 465.0, 152.0
27, 310.0, 225.0
28, 549.0, 368.0
29, 381.0, 170.0
30, 393.0, 189.0
31, 429.0, 186.0
32, 94.0, 385.0
33, 648.0, 282.0
34, 408.0, 262.0
35, 338.0, 211.0
36, 632.0, 402.0
37, 424.0, 245.0
38, 474.0, 185.0
39, 674.0, 191.0
40, 84.0, 395.0
41, 716.0, 281.0
42, 340.0, 268.0
43, 370.0, 364.0
44, 411.0, 247.0
45, 124.0, 189.0
46, 294.0, 282.0
47, 357.0, 308.0
48, 335.0, 342.0
49, 308.0, 295.0
50, 300.0, 140.0
51, 213.0, 169.0
52, 315.0, 173.0
53, 584.0, 310.0
54, 137.0, 163.0
55, 587.0, 382.0
56, 390.0, 203.0
57, 452.0, 336.0
58, 517.0, 208.0
59, 214.0, 335.0
60, 487.0, 110.0
61, 348.0, 125.0
62, 95.0, 24.0
63, 446.0, 373.0
64, 383.0, 356.0
65, 287.0, 387.0
66, 342.0, 176.0
67, 311.0, 50.0
68, 544.0, 391.0
69, 221.0, 307.0
70, 561.0, 382.0
71, 348.0, 302.0
72, 294.0, 296.0
73, 417.0, 209.0
74, 566.0, 398.0
75, 710.0, 152.0
76, 71.0, 407.0
77, 686.0, 257.0
78, 268.0, 153.0
79, 385.0, 372.0
80, 485.0, 425.0
81, 532.0, 428.0
82, 568.0, 344.0
83, 445.0, 362.0
84, 333.0, 309.0
85, 537.0, 440.0
86, 56.0, 338.0
87, 307.0, 68.0
88, 413.0, 306.0
89, 274.0, 462.0
90, 389.0, 408.0
91, 187.0, 381.0
92, 674.0, 255.0
93, 196.0, 156.0
94, 283.0, 68.0
95, 312.0, 127.0
96, 330.0, 175.0
97, 357.0, 126.0
98, 43.0, 234.0
99, 312.0, 307.0
100, 298.0, 222.0
101, 244.0, 189.0
102, 332.0, 84.0
103, 226.0, 140.0
104, 554.0, 391.0
105, 498.0, 466.0
106, 200.0, 298.0
107, 309.0, 390.0
108, 296.0, 193.0
109, 414.0, 327.0
110, 279.0, 104.0
111, 444.0, 170.0
112, 456.0, 357.0
113, 507.0, 441.0
114, 357.0, 105.0
115, 701.0, 177.0
116, 379.0, 193.0
117, 384.0, 338.0
118, 679.0, 277.0
119, 282.0, 164.0
120, 259.0, 187.0
121, 319.0, 435.0
122, 56.0, 449.0
123, 363.0, 158.0
124, 466.0, 135.0
125, 120.0, 396.0
126, 221.0, 289.0
127, 366.0, 333.0
128, 56.0, 232.0
129, 245.0, 280.0
130, 504.0, 424.0
131, 412.0, 339.0
132, 188.0, 148.0
133, 354.0, 174.0
134, 136.0, 233.0
135, 104.0, 458.0
136, 84.0, 355.0
137, 278.0, 338.0
138, 174.0, 152.0
139, 320.0, 289.0
140, 457.0, 196.0
141, 537.0, 332.0
142, 503.0, 374.0
143, 482.0, 155.0
144, 128.0, 374.0
145, 632.0, 416.0
146, 398.0, 341.0
147, 342.0, 453.0
148, 288.0, 441.0
149, 459.0, 182.0
150, 214.0, 322.0
151, 73.0, 219.0
152, 102.0, 349.0
153, 526.0, 267.0
154, 160.0, 157.0
155, 393.0, 265.0
156, 518.0, 423.0
157, 532.0, 374.0
158, 226.0, 154.0
159, 295.0, 63.0
160, 214.0, 220.0
161, 418.0, 451.0
162, 258.0, 153.0
163, 588.0, 190.0
164, 114.0, 325.0
165, 415.0, 224.0
166, 429.0, 306.0
167, 205.0, 54.0
168, 466.0, 389.0
169, 413.0, 361.0
170, 484.0, 136.0
171, 602.0, 315.0
172, 128.0, 216.0
173, 65.0, 60.0
174, 400.0, 198.0
175, 313.0, 378.0
176, 344.0, 161.0
177, 299.0, 382.0
178, 298.0, 177.0
179, 535.0, 343.0
180, 87.0, 37.0
181, 312.0, 39.0
182, 82.0, 385.0
183, 693.0, 151.0
184, 670.0, 265.0
185, 353.0, 212.0
186, 483.0, 396.0
187, 237.0, 454.0
188, 20.0, 109.0
189, 143.0, 47.0
190, 357.0, 371.0
191, 557.0, 141.0
192, 339.0, 413.0
193, 61.0, 221.0
194, 111.0, 189.0
195, 543.0, 11.0
196, 345.0, 12.0
197, 509.0, 399.0
198, 225.0, 324.0
199, 582.0, 366.0
200, 401.0, 146.0
201, 398.0, 352.0
202, 693.0, 276.0
203, 694.0, 444.0
204, 251.0, 253.0
205, 426.0, 324.0
206, 440.0, 310.0
207, 403.0, 107.0
208, 297.0, 202.0
209, 345.0, 58.0
210, 284.0, 262.0
211, 400.0, 330.0
212, 305.0, 362.0
213, 206.0, 65.0
214, 479.0, 10.0
215, 374.0, 68.0
216, 523.0, 406.0
217, 465.0, 369.0
218, 356.0, 200.0
219, 286.0, 130.0
220, 538.0, 384.0
221, 495.0, 395.0
222, 354.0, 425.0
223, 287.0, 362.0
224, 276.0, 74.0
225, 642.0, 353.0
226, 468.0, 111.0
227, 532.0, 208.0
228, 325.0, 228.0
229, 648.0, 300.0
230, 107.0, 221.0
231, 368.0, 142.0
232, 410.0, 402.0
233, 85.0, 267.0
234, 126.0, 205.0
235, 232.0, 246.0
236, 332.0, 431.0
237, 108.0, 379.0
238, 412.0, 165.0
239, 220.0, 189.0
240, 330.0, 116.0
241, 376.0, 275.0
242, 126.0, 356.0
243, 298.0, 129.0
244, 189.0, 60.0
245, 549.0, 176.0
246, 304.0, 273.0
247, 347.0, 115.0
248, 298.0, 163.0
249, 393.0, 317.0
250, 253.0, 133.0
251, 201.0, 286.0
252, 284.0, 180.0
253, 419.0, 109.0
254, 356.0, 249.0
255, 383.0, 265.0
256, 265.0, 79.0
257, 279.0, 229.0
258, 315.0, 80.0
259, 443.0, 188.0
260, 232.0, 124.0
261, 111.0, 296.0
262, 268.0, 167.0
263, 123.0, 226.0
264, 661.0, 460.0
265, 562.0, 409.0
266, 313.0, 332.0
267, 351.0, 262.0
268, 133.0, 405.0
269, 65.0, 273.0
270, 271.0, 247.0
271, 562.0, 112.0
272, 331.0, 69.0
273, 531.0, 294.0
274, 356.0, 95.0
275, 607.0, 207.0
276, 232.0, 267.0
277, 408.0, 384.0
278, 40.0, 197.0
279, 344.0, 24.0
280, 645.0, 68.0
281, 126.0, 460.0
282, 490.0, 83.0
283, 76.0, 302.0
284, 429.0, 84.0
285, 53.0, 203.0
286, 625.0, 293.0
287, 197.0, 186.0
288, 687.0, 175.0
289, 141.0, 182.0
290, 296.0, 106.0
291, 512.0, 340.0
292, 647.0, 400.0
293, 247.0, 87.0
294, 245.0, 66.0
295, 369.0, 458.0
296, 348.0, 338.0
297, 560.0, 302.0
298, 692.0, 291.0
299, 311.0, 105.0
300, 402.0, 130.0
301, 258.0, 232.0
302, 304.0, 442.0
303, 243.0, 295.0
304, 68.0, 234.0
305, 104.0, 252.0
306, 58.0, 459.0
307, 324.0, 337.0
308, 438.0, 243.0
309, 81.0, 247.0
310, 443.0, 201.0
311, 81.0, 237.0
312, 79.0, 370.0
313, 190.0, 201.0
314, 227.0, 367.0
315, 656.0, 444.0
316, 636.0, 434.0
317, 658.0, 253.0
318, 365.0, 77.0
319, 410.0, 50.0
320, 566.0, 178.0
321, 252.0, 268.0
322, 325.0, 53.0
323, 332.0, 241.0
324, 251.0, 460.0
325, 411.0, 463.0
326, 215.0, 72.0
327, 152.0, 181.0
328, 370.0, 169.0
329, 198.0, 456.0
330, 554.0, 161.0
331, 290.0, 328.0
332, 665.0, 406.0
333, 328.0, 95.0
334, 214.0, 240.0
335, 46.0, 244.0
336, 644.0, 466.0
337, 90.0, 173.0
338, 238.0, 135.0
339, 579.0, 430.0
340, 279.0, 53.0
341, 401.0, 307.0
342, 497.0, 24.0
343, 724.0, 375.0
344, 414.0, 186.0
345, 322.0, 106.0
346, 392.0, 220.0
347, 84.0, 11.0
348, 604.0, 387.0
349, 38.0, 187.0
350, 736.0, 311.0
351, 471.0, 84.0
352, 285.0, 280.0
353, 334.0, 56.0
354, 552.0, 452.0
355, 226.0, 54.0
356, 442.0, 351.0
357, 695.0, 217.0
358, 113.0, 243.0
359, 166.0, 276.0
360, 225.0, 21.0
361, 469.0, 462.0
362, 684.0, 458.0
363, 284.0, 196.0
364, 585.0, 114.0
365, 580.0, 144.0
366, 214.0, 142.0
367, 364.0, 90.0
368, 478.0, 25.0
369, 283.0, 249.0
370, 336.0, 41.0
371, 303.0, 424.0
372, 321.0, 127.0
373, 631.0, 450.0
374, 219.0, 274.0
375, 105.0, 365.0
376, 61.0, 435.0
377, 21.0, 55.0
378, 190.0, 398.0
379, 476.0, 449.0
380, 386.0, 323.0
381, 59.0, 29.0
382, 311.0, 11.0
383, 342.0, 326.0
384, 598.0, 426.0
385, 577.0, 164.0
386, 51.0, 440.0
387, 397.0, 242.0
388, 575.0, 19.0
389, 298.0, 9.0
390, 141.0, 28.0
391, 69.0, 375.0
392, 96.0, 222.0
393, 286.0, 153.0
394, 321.0, 221.0
395, 396.0, 172.0
396, 38.0, 352.0
397, 488.0, 362.0
398, 276.0, 288.0
399, 37.0, 223.0
400, 598.0, 410.0
401, 201.0, 22.0
402, 357.0, 317.0
403, 561.0, 16.0
404, 170.0, 189.0
405, 78.0, 316.0
406, 527.0, 383.0
407, 42.0, 210.0
408, 609.0, 466.0
409, 329.0, 321.0
410, 597.0, 324.0
411, 731.0, 153.0
412, 547.0, 284.0
413, 217.0, 396.0
414, 384.0, 255.0
415, 456.0, 443.0
416, 565.0, 278.0
417, 704.0, 117.0
418, 242.0, 373.0
419, 562.0, 293.0
420, 338.0, 353.0
421, 547.0, 378.0
422, 335.0, 24.0
423, 672.0, 448.0
424, 348.0, 292.0
425, 359.0, 342.0
426, 682.0, 381.0
427, 377.0, 216.0
428, 173.0, 57.0
429, 566.0, 82.0
430, 375.0, 89.0
431, 662.0, 240.0
432, 324.0, 23.0
433, 474.0, 393.0
434, 559.0, 421.0
435, 470.0, 281.0
436, 347.0, 104.0
437, 185.0, 247.0
438, 130.0, 436.0
439, 234.0, 211.0
440, 649.0, 199.0
441, 158.0, 133.0
442, 21.0, 188.0
443, 330.0, 104.0
444, 363.0, 287.0
445, 239.0, 320.0
446, 109.0, 167.0
447, 303.0, 151.0
448, 295.0, 47.0
449, 548.0, 185.0
450, 613.0, 422.0
451, 321.0, 115.0
452, 661.0, 342.0
453, 234.0, 194.0
454, 495.0, 10.0
455, 299.0, 86.0
456, 476.0, 202.0
457, 525.0, 447.0
458, 390.0, 298.0
459, 66.0, 195.0
460, 148.0, 158.0
461, 143.0, 270.0
462, 655.0, 360.0
463, 346.0, 48.0
464, 335.0, 126.0
465, 583.0, 229.0
466, 385.0, 280.0
467, 80.0, 456.0
468, 434.0, 447.0
469, 508.0, 214.0
470, 422.0, 394.0
471, 42.0, 380.0
472, 416.0, 181.0
473, 93.0, 431.0
474, 330.0, 193.0
475, 393.0, 393.0
476, 391.0, 228.0
477, 63.0, 332.0
478, 742.0, 198.0
479, 368.0, 269.0
480, 372.0, 381.0
481, 365.0, 390.0
482, 607.0, 433.0
483, 712.0, 81.0
484, 300.0, 345.0
485, 688.0, 384.0
486, 147.0, 217.0
487, 148.0, 69.0
488, 620.0, 209.0
489, 304.0, 238.0
490, 183.0, 197.0
491, 284.0, 85.0
492, 556.0, 436.0
493, 74.0, 450.0
494, 434.0, 273.0
495, 320.0, 71.0
496, 44.0, 171.0
497, 213.0, 453.0
498, 619.0, 397.0
499, 733.0, 118.0
