0, 117.0, 208.0
1, 399.0, 144.0
2, 352.0, 379.0
3, 168.0, 154.0
4, 363.0, 329.0
5, 363.0, 447.0
6, 124.0, 103.0
7, 532.0, 197.0
8, 124.0, 195.0
9, 146.0, 166.0
10, 378.0, 274.0
11, 346.0, 67.0
12, 354.0, 297.0
13, 245.0, 72.0
14, 452.0, 265.0
15, 344.0, 92.0
16, 436.0, 410.0
17, 176.0, 199.0
18, 130.0, 19.0
19, 115.0, 252.0
20, 254.0, 216.0
21, 319.0, 352.0
22, 420.0, 424.0
23, 428.0, 223.0
24, 184.0, 227.0
25, 274.0, 290.0
26, 269.0, 148.0
27, 275.0, 190.0
28, 374.0, 351.0
29, 141.0, 111.0
30, 400.0, 159.0
31, 429.0, 201.0
32, 613.0, 85.0
33, 579.0, 264.0
34, 408.0, 269.0
35, 425.0, 308.0
36, 657.0, 368.0
37, 281.0, 224.0
38, 484.0, 367.0
39, 178.0, 161.0
40, 262.0, 173.0
41, 441.0, 363.0
42, 393.0, 16.0
43, 579.0, 185.0
44, 293.0, 471.0
45, 84.0, 130.0
46, 392.0, 299.0
47, 270.0, 209.0
48, 510.0, 208.0
49, 459.0, 330.0
50, 160.0, 192.0
51, 380.0, 38.0
52, 543.0, 186.0
53, 423.0, 215.0
54, 385.0, 371.0
55, 147.0, 178.0
56, 443.0, 302.0
57, 335.0, 110.0
58, 433.0, 360.0
59, 243.0, 219.0
60, 275.0, 139.0
61, 186.0, 250.0
62, 598.0, 96.0
63, 167.0, 111.0
64, 338.0, 359.0
65, 626.0, 164.0
66, 560.0, 59.0
67, 205.0, 409.0
68, 582.0, 160.0
69, 103.0, 146.0
70, 272.0, 230.0
71, 477.0, 331.0
72, 453.0, 310.0
73, 305.0, 48.0
74, 154.0, 273.0
75, 121.0, 120.0
76, 216.0, 453.0
77, 264.0, 291.0
78, 285.0, 75.0
79, 433.0, 318.0
80, 78.0, 294.0
81, 275.0, 175.0
82, 394.0, 272.0
83, 563.0, 396.0
84, 353.0, 311.0
85, 394.0, 39.0
86, 315.0, 166.0
87, 39.0, 217.0
88, 371.0, 405.0
89, 451.0, 445.0
90, 609.0, 187.0
91, 105.0, 160.0
92, 159.0, 425.0
93, 565.0, 186.0
94, 195.0, 263.0
95, 200.0, 94.0
96, 496.0, 377.0
97, 626.0, 111.0
98, 491.0, 403.0
99, 512.0, 94.0
100, 450.0, 162.0
101, 150.0, 216.0
102, 221.0, 315.0
103, 269.0, 129.0
104, 538.0, 395.0
105, 275.0, 302.0
106, 246.0, 134.0
107, 235.0, 21.0
108, 138.0, 463.0
109, 188.0, 152.0
110, 67.0, 165.0
111, 456.0, 339.0
112, 495.0, 367.0
113, 284.0, 266.0
114, 429.0, 289.0
115, 458.0, 205.0
116, 435.0, 49.0
117, 344.0, 123.0
118, 61.0, 140.0
119, 380.0, 165.0
120, 391.0, 137.0
121, 243.0, 209.0
122, 334.0, 16.0
123, 351.0, 367.0
124, 359.0, 69.0
125, 380.0, 139.0
126, 95.0, 273.0
127, 273.0, 88.0
128, 677.0, 70.0
129, 531.0, 98.0
130, 159.0, 416.0
131, 465.0, 127.0
132, 404.0, 356.0
133, 240.0, 258.0
134, 687.0, 85.0
135, 329.0, 149.0
136, 455.0, 386.0
137, 485.0, 436.0
138, 157.0, 262.0
139, 578.0, 99.0
140, 288.0, 108.0
141, 713.0, 183.0
142, 336.0, 52.0
143, 181.0, 270.0
144, 616.0, 76.0
145, 478.0, 56.0
146, 518.0, 233.0
147, 443.0, 353.0
148, 204.0, 45.0
149, 133.0, 81.0
150, 482.0, 143.0
151, 318.0, 287.0
152, 456.0, 430.0
153, 226.0, 94.0
154, 514.0, 77.0
155, 193.0, 195.0
156, 491.0, 356.0
157, 668.0, 92.0
158, 390.0, 51.0
159, 463.0, 217.0
160, 427.0, 415.0
161, 114.0, 188.0
162, 136.0, 297.0
163, 183.0, 284.0
164, 393.0, 235.0
165, 93.0, 144.0
166, 416.0, 263.0
167, 279.0, 213.0
168, 91.0, 79.0
169, 714.0, 325.0
170, 374.0, 62.0
171, 639.0, 271.0
172, 546.0, 451.0
173, 406.0, 38.0
174, 121.0, 235.0
175, 612.0, 97.0
176, 373.0, 72.0
177, 392.0, 286.0
178, 658.0, 307.0
179, 563.0, 384.0
180, 440.0, 267.0
181, 721.0, 336.0
182, 248.0, 378.0
183, 308.0, 156.0
184, 395.0, 246.0
185, 381.0, 342.0
186, 353.0, 266.0
187, 236.0, 231.0
188, 462.0, 272.0
189, 472.0, 142.0
190, 585.0, 229.0
191, 727.0, 191.0
192, 261.0, 234.0
193, 195.0, 281.0
194, 215.0, 289.0
195, 620.0, 192.0
196, 570.0, 42.0
197, 441.0, 453.0
198, 490.0, 451.0
199, 397.0, 257.0
200, 197.0, 236.0
201, 557.0, 43.0
202, 474.0, 438.0
203, 206.0, 258.0
204, 563.0, 241.0
205, 265.0, 394.0
206, 560.0, 412.0
207, 131.0, 165.0
208, 180.0, 379.0
209, 304.0, 247.0
210, 433.0, 299.0
211, 247.0, 94.0
212, 186.0, 8.0
213, 260.0, 249.0
214, 319.0, 421.0
215, 421.0, 141.0
216, 597.0, 409.0
217, 134.0, 121.0
218, 154.0, 250.0
219, 319.0, 338.0
220, 303.0, 304.0
221, 263.0, 193.0
222, 158.0, 155.0
223, 288.0, 120.0
224, 246.0, 51.0
225, 256.0, 108.0
226, 464.0, 242.0
227, 544.0, 359.0
228, 89.0, 413.0
229, 166.0, 223.0
230, 411.0, 213.0
231, 121.0, 277.0
232, 518.0, 126.0
233, 376.0, 249.0
234, 564.0, 230.0
235, 355.0, 174.0
236, 233.0, 86.0
237, 591.0, 179.0
238, 263.0, 304.0
239, 574.0, 116.0
240, 9.0, 206.0
241, 72.0, 282.0
242, 255.0, 87.0
243, 521.0, 383.0
244, 466.0, 172.0
245, 416.0, 274.0
246, 287.0, 86.0
247, 173.0, 347.0
248, 668.0, 168.0
249, 285.0, 97.0
250, 537.0, 306.0
251, 470.0, 374.0
252, 224.0, 185.0
253, 38.0, 167.0
254, 450.0, 421.0
255, 485.0, 249.0
256, 457.0, 466.0
257, 679.0, 292.0
258, 384.0, 153.0
259, 371.0, 93.0
260, 194.0, 217.0
261, 532.0, 86.0
262, 738.0, 58.0
263, 435.0, 140.0
264, 486.0, 11.0
265, 241.0, 200.0
266, 222.0, 204.0
267, 206.0, 439.0
268, 438.0, 285.0
269, 650.0, 334.0
270, 82.0, 142.0
271, 377.0, 261.0
272, 44.0, 290.0
273, 159.0, 444.0
274, 523.0, 398.0
275, 360.0, 60.0
276, 343.0, 178.0
277, 270.0, 49.0
278, 25.0, 315.0
279, 617.0, 300.0
280, 490.0, 223.0
281, 367.0, 47.0
282, 72.0, 344.0
283, 259.0, 363.0
284, 538.0, 373.0
285, 101.0, 461.0
286, 198.0, 302.0
287, 376.0, 119.0
288, 471.0, 160.0
289, 372.0, 363.0
290, 480.0, 261.0
291, 466.0, 394.0
292, 303.0, 59.0
293, 488.0, 238.0
294, 404.0, 63.0
295, 300.0, 229.0
296, 350.0, 140.0
297, 441.0, 252.0
298, 641.0, 155.0
299, 430.0, 385.0
300, 572.0, 137.0
301, 708.0, 165.0
302, 347.0, 458.0
303, 583.0, 171.0
304, 214.0, 86.0
305, 442.0, 441.0
306, 716.0, 123.0
307, 497.0, 214.0
308, 362.0, 397.0
309, 194.0, 467.0
310, 126.0, 148.0
311, 419.0, 35.0
312, 348.0, 101.0
313, 141.0, 326.0
314, 411.0, 384.0
315, 233.0, 378.0
316, 451.0, 458.0
317, 39.0, 271.0
318, 630.0, 96.0
319, 711.0, 135.0
320, 650.0, 124.0
321, 690.0, 309.0
322, 590.0, 204.0
323, 462.0, 192.0
324, 247.0, 241.0
325, 360.0, 462.0
326, 585.0, 77.0
327, 53.0, 229.0
328, 239.0, 267.0
329, 284.0, 128.0
330, 330.0, 132.0
331, 274.0, 108.0
332, 571.0, 431.0
333, 604.0, 260.0
334, 474.0, 130.0
335, 168.0, 140.0
336, 319.0, 437.0
337, 409.0, 233.0
338, 187.0, 410.0
339, 654.0, 224.0
340, 453.0, 143.0
341, 667.0, 274.0
342, 298.0, 129.0
343, 190.0, 176.0
344, 447.0, 92.0
345, 624.0, 175.0
346, 498.0, 296.0
347, 117.0, 16.0
348, 432.0, 239.0
349, 379.0, 409.0
350, 133.0, 243.0
351, 149.0, 397.0
352, 97.0, 170.0
353, 305.0, 70.0
354, 202.0, 107.0
355, 375.0, 426.0
356, 382.0, 19.0
357, 375.0, 290.0
358, 437.0, 466.0
359, 405.0, 15.0
360, 70.0, 151.0
361, 694.0, 185.0
362, 725.0, 171.0
363, 454.0, 249.0
364, 356.0, 24.0
365, 333.0, 340.0
366, 572.0, 169.0
367, 134.0, 388.0
368, 302.0, 22.0
369, 501.0, 175.0
370, 152.0, 140.0
371, 415.0, 172.0
372, 273.0, 253.0
373, 488.0, 421.0
374, 417.0, 287.0
375, 196.0, 314.0
376, 575.0, 217.0
377, 659.0, 206.0
378, 327.0, 122.0
379, 286.0, 186.0
380, 494.0, 336.0
381, 434.0, 181.0
382, 94.0, 131.0
383, 166.0, 392.0
384, 181.0, 84.0
385, 210.0, 354.0
386, 478.0, 451.0
387, 379.0, 282.0
388, 270.0, 200.0
389, 104.0, 366.0
390, 328.0, 164.0
391, 441.0, 421.0
392, 649.0, 205.0
393, 210.0, 322.0
394, 468.0, 288.0
395, 262.0, 221.0
396, 283.0, 164.0
397, 594.0, 162.0
398, 374.0, 80.0
399, 173.0, 422.0
400, 394.0, 28.0
401, 249.0, 187.0
402, 250.0, 197.0
403, 335.0, 65.0
404, 528.0, 354.0
405, 183.0, 145.0
406, 353.0, 282.0
407, 184.0, 109.0
408, 514.0, 345.0
409, 238.0, 145.0
410, 479.0, 202.0
411, 430.0, 430.0
412, 20.0, 76.0
413, 283.0, 245.0
414, 355.0, 429.0
415, 680.0, 391.0
416, 370.0, 169.0
417, 342.0, 25.0
418, 457.0, 236.0
419, 315.0, 61.0
420, 600.0, 76.0
421, 495.0, 466.0
422, 598.0, 231.0
423, 475.0, 342.0
424, 304.0, 258.0
425, 457.0, 36.0
426, 84.0, 311.0
427, 154.0, 236.0
428, 592.0, 171.0
429, 450.0, 170.0
430, 333.0, 81.0
431, 551.0, 464.0
432, 430.0, 274.0
433, 411.0, 249.0
434, 646.0, 194.0
435, 167.0, 406.0
436, 720.0, 41.0
437, 681.0, 231.0
438, 285.0, 284.0
439, 548.0, 382.0
440, 301.0, 292.0
441, 368.0, 471.0
442, 195.0, 33.0
443, 478.0, 42.0
444, 543.0, 114.0
445, 355.0, 415.0
446, 530.0, 210.0
447, 182.0, 218.0
448, 173.0, 319.0
449, 266.0, 117.0
450, 346.0, 55.0
451, 464.0, 113.0
452, 500.0, 411.0
453, 676.0, 181.0
454, 319.0, 152.0
455, 717.0, 105.0
456, 375.0, 320.0
457, 629.0, 153.0
458, 399.0, 397.0
459, 419.0, 243.0
460, 396.0, 113.0
461, 502.0, 267.0
462, 732.0, 86.0
463, 266.0, 471.0
464, 263.0, 182.0
465, 510.0, 10.0
466, 636.0, 297.0
467, 507.0, 126.0
468, 408.0, 294.0
469, 411.0, 329.0
470, 408.0, 408.0
471, 531.0, 76.0
472, 164.0, 17.0
473, 709.0, 337.0
474, 516.0, 247.0
475, 582.0, 18.0
476, 254.0, 463.0
477, 197.0, 452.0
478, 413.0, 198.0
479, 697.0, 176.0
480, 208.0, 232.0
481, 310.0, 96.0
482, 467.0, 94.0
483, 317.0, 249.0
484, 537.0, 451.0
485, 380.0, 465.0
486, 488.0, 48.0
487, 667.0, 332.0
488, 270.0, 158.0
489, 677.0, 91.0
490, 490.0, 412.0
491, 252.0, 442.0
492, 132.0, 234.0
493, 558.0, 76.0
494, 372.0, 308.0
495, 142.0, 315.0
496, 476.0, 352.0
497, 560.0, 87.0
498, 392.0, 61.0
499, 233.0, 108.0
