0, 9.0, 8.0
1, 187.0, 8.0
2, 476.0, 8.0
3, 640.0, 8.0
4, 271.0, 9.0
5, 401.0, 9.0
6, 459.0, 10.0
7, 589.0, 11.0
8, 62.0, 12.0
9, 82.0, 12.0
10, 87.0, 12.0
11, 158.0, 12.0
12, 297.0, 12.0
13, 302.0, 12.0
14, 498.0, 12.0
15, 284.0, 13.0
16, 319.0, 13.0
17, 607.0, 13.0
18, 98.0, 14.0
19, 148.0, 15.0
20, 560.0, 15.0
21, 376.0, 18.0
22, 415.0, 18.0
23, 690.0, 18.0
24, 514.0, 19.0
25, 111.0, 20.0
26, 436.0, 20.0
27, 117.0, 21.0
28, 209.0, 21.0
29, 609.0, 21.0
30, 315.0, 22.0
31, 471.0, 23.0
32, 591.0, 23.0
33, 187.0, 24.0
34, 238.0, 24.0
35, 498.0, 24.0
36, 267.0, 25.0
37, 301.0, 25.0
38, 483.0, 25.0
39, 542.0, 25.0
40, 568.0, 25.0
41, 715.0, 25.0
42, 275.0, 26.0
43, 454.0, 26.0
44, 633.0, 26.0
45, 509.0, 30.0
46, 133.0, 33.0
47, 568.0, 34.0
48, 611.0, 34.0
49, 672.0, 34.0
50, 736.0, 34.0
51, 306.0, 36.0
52, 629.0, 38.0
53, 681.0, 39.0
54, 591.0, 40.0
55, 211.0, 41.0
56, 411.0, 41.0
57, 646.0, 41.0
58, 696.0, 41.0
59, 151.0, 42.0
60, 534.0, 42.0
61, 244.0, 43.0
62, 504.0, 43.0
63, 226.0, 44.0
64, 157.0, 45.0
65, 300.0, 45.0
66, 418.0, 45.0
67, 667.0, 45.0
68, 612.0, 46.0
69, 511.0, 49.0
70, 557.0, 49.0
71, 738.0, 49.0
72, 441.0, 50.0
73, 679.0, 50.0
74, 216.0, 51.0
75, 690.0, 51.0
76, 618.0, 52.0
77, 144.0, 53.0
78, 259.0, 54.0
79, 280.0, 54.0
80, 457.0, 54.0
81, 652.0, 55.0
82, 657.0, 55.0
83, 294.0, 56.0
84, 647.0, 56.0
85, 662.0, 56.0
86, 179.0, 57.0
87, 203.0, 59.0
88, 147.0, 60.0
89, 242.0, 61.0
90, 156.0, 62.0
91, 50.0, 63.0
92, 520.0, 63.0
93, 67.0, 64.0
94, 616.0, 64.0
95, 530.0, 66.0
96, 567.0, 66.0
97, 575.0, 66.0
98, 304.0, 67.0
99, 656.0, 67.0
100, 686.0, 68.0
101, 287.0, 69.0
102, 541.0, 70.0
103, 594.0, 70.0
104, 144.0, 72.0
105, 226.0, 73.0
106, 511.0, 73.0
107, 628.0, 73.0
108, 646.0, 73.0
109, 288.0, 74.0
110, 43.0, 75.0
111, 268.0, 75.0
112, 186.0, 76.0
113, 233.0, 79.0
114, 451.0, 79.0
115, 32.0, 80.0
116, 212.0, 80.0
117, 253.0, 80.0
118, 572.0, 80.0
119, 620.0, 80.0
120, 159.0, 81.0
121, 536.0, 81.0
122, 63.0, 82.0
123, 147.0, 82.0
124, 175.0, 83.0
125, 192.0, 83.0
126, 677.0, 83.0
127, 738.0, 83.0
128, 220.0, 84.0
129, 236.0, 84.0
130, 337.0, 85.0
131, 721.0, 85.0
132, 743.0, 85.0
133, 52.0, 86.0
134, 114.0, 86.0
135, 641.0, 86.0
136, 713.0, 86.0
137, 505.0, 87.0
138, 613.0, 88.0
139, 271.0, 89.0
140, 249.0, 91.0
141, 363.0, 91.0
142, 211.0, 92.0
143, 490.0, 92.0
144, 590.0, 93.0
145, 38.0, 94.0
146, 152.0, 94.0
147, 201.0, 94.0
148, 188.0, 95.0
149, 698.0, 95.0
150, 239.0, 96.0
151, 691.0, 96.0
152, 493.0, 97.0
153, 621.0, 97.0
154, 419.0, 98.0
155, 524.0, 99.0
156, 674.0, 99.0
157, 79.0, 100.0
158, 177.0, 100.0
159, 629.0, 100.0
160, 209.0, 101.0
161, 252.0, 102.0
162, 611.0, 102.0
163, 51.0, 104.0
164, 163.0, 104.0
165, 221.0, 104.0
166, 293.0, 104.0
167, 572.0, 104.0
168, 640.0, 104.0
169, 657.0, 105.0
170, 12.0, 106.0
171, 591.0, 106.0
172, 632.0, 106.0
173, 226.0, 108.0
174, 344.0, 108.0
175, 618.0, 109.0
176, 209.0, 110.0
177, 604.0, 110.0
178, 113.0, 112.0
179, 237.0, 112.0
180, 173.0, 113.0
181, 633.0, 115.0
182, 188.0, 116.0
183, 201.0, 116.0
184, 10.0, 118.0
185, 218.0, 118.0
186, 293.0, 119.0
187, 132.0, 120.0
188, 612.0, 120.0
189, 440.0, 121.0
190, 653.0, 121.0
191, 731.0, 121.0
192, 18.0, 122.0
193, 509.0, 122.0
194, 585.0, 122.0
195, 739.0, 122.0
196, 670.0, 124.0
197, 687.0, 124.0
198, 338.0, 125.0
199, 600.0, 125.0
200, 260.0, 126.0
201, 399.0, 127.0
202, 114.0, 128.0
203, 472.0, 129.0
204, 47.0, 130.0
205, 63.0, 130.0
206, 145.0, 132.0
207, 237.0, 133.0
208, 431.0, 133.0
209, 632.0, 134.0
210, 25.0, 135.0
211, 647.0, 135.0
212, 8.0, 136.0
213, 132.0, 137.0
214, 612.0, 137.0
215, 653.0, 137.0
216, 624.0, 138.0
217, 45.0, 141.0
218, 454.0, 141.0
219, 643.0, 141.0
220, 17.0, 142.0
221, 633.0, 142.0
222, 319.0, 143.0
223, 497.0, 143.0
224, 60.0, 144.0
225, 485.0, 144.0
226, 152.0, 145.0
227, 461.0, 145.0
228, 604.0, 145.0
229, 22.0, 148.0
230, 627.0, 149.0
231, 8.0, 150.0
232, 358.0, 150.0
233, 594.0, 150.0
234, 218.0, 151.0
235, 655.0, 152.0
236, 134.0, 153.0
237, 170.0, 154.0
238, 236.0, 154.0
239, 646.0, 155.0
240, 25.0, 156.0
241, 488.0, 156.0
242, 636.0, 156.0
243, 59.0, 157.0
244, 110.0, 157.0
245, 666.0, 157.0
246, 448.0, 160.0
247, 151.0, 161.0
248, 372.0, 161.0
249, 634.0, 161.0
250, 146.0, 162.0
251, 431.0, 162.0
252, 31.0, 165.0
253, 272.0, 165.0
254, 345.0, 165.0
255, 649.0, 165.0
256, 617.0, 166.0
257, 633.0, 166.0
258, 187.0, 167.0
259, 470.0, 167.0
260, 75.0, 168.0
261, 100.0, 168.0
262, 118.0, 168.0
263, 261.0, 168.0
264, 42.0, 170.0
265, 583.0, 170.0
266, 476.0, 171.0
267, 146.0, 172.0
268, 358.0, 172.0
269, 599.0, 174.0
270, 661.0, 174.0
271, 92.0, 178.0
272, 178.0, 178.0
273, 299.0, 178.0
274, 433.0, 183.0
275, 620.0, 183.0
276, 190.0, 185.0
277, 398.0, 185.0
278, 125.0, 186.0
279, 423.0, 186.0
280, 428.0, 186.0
281, 493.0, 186.0
282, 319.0, 187.0
283, 610.0, 187.0
284, 634.0, 187.0
285, 114.0, 188.0
286, 119.0, 188.0
287, 215.0, 188.0
288, 505.0, 188.0
289, 599.0, 188.0
290, 179.0, 189.0
291, 334.0, 189.0
292, 57.0, 191.0
293, 420.0, 193.0
294, 371.0, 194.0
295, 623.0, 194.0
296, 411.0, 195.0
297, 81.0, 196.0
298, 461.0, 196.0
299, 633.0, 201.0
300, 640.0, 201.0
301, 555.0, 202.0
302, 566.0, 202.0
303, 78.0, 204.0
304, 96.0, 204.0
305, 655.0, 204.0
306, 364.0, 208.0
307, 35.0, 209.0
308, 524.0, 209.0
309, 579.0, 209.0
310, 656.0, 209.0
311, 58.0, 212.0
312, 63.0, 212.0
313, 586.0, 212.0
314, 556.0, 213.0
315, 676.0, 213.0
316, 348.0, 214.0
317, 83.0, 215.0
318, 655.0, 216.0
319, 600.0, 219.0
320, 63.0, 220.0
321, 178.0, 225.0
322, 634.0, 225.0
323, 333.0, 227.0
324, 613.0, 228.0
325, 555.0, 229.0
326, 708.0, 229.0
327, 55.0, 230.0
328, 150.0, 230.0
329, 387.0, 230.0
330, 570.0, 230.0
331, 543.0, 231.0
332, 243.0, 232.0
333, 303.0, 232.0
334, 308.0, 232.0
335, 392.0, 233.0
336, 625.0, 234.0
337, 350.0, 235.0
338, 591.0, 241.0
339, 647.0, 241.0
340, 24.0, 244.0
341, 683.0, 244.0
342, 29.0, 245.0
343, 725.0, 248.0
344, 738.0, 248.0
345, 214.0, 249.0
346, 563.0, 250.0
347, 426.0, 251.0
348, 20.0, 253.0
349, 360.0, 253.0
350, 217.0, 255.0
351, 651.0, 256.0
352, 590.0, 257.0
353, 297.0, 258.0
354, 559.0, 258.0
355, 81.0, 259.0
356, 436.0, 259.0
357, 95.0, 260.0
358, 282.0, 260.0
359, 613.0, 263.0
360, 690.0, 263.0
361, 521.0, 264.0
362, 456.0, 265.0
363, 479.0, 266.0
364, 534.0, 267.0
365, 240.0, 269.0
366, 557.0, 269.0
367, 383.0, 273.0
368, 305.0, 274.0
369, 562.0, 277.0
370, 519.0, 280.0
371, 488.0, 281.0
372, 466.0, 283.0
373, 328.0, 285.0
374, 504.0, 287.0
375, 272.0, 288.0
376, 311.0, 291.0
377, 565.0, 294.0
378, 495.0, 295.0
379, 507.0, 295.0
380, 502.0, 297.0
381, 432.0, 298.0
382, 549.0, 307.0
383, 359.0, 309.0
384, 556.0, 311.0
385, 16.0, 312.0
386, 567.0, 317.0
387, 374.0, 318.0
388, 713.0, 319.0
389, 248.0, 331.0
390, 319.0, 333.0
391, 486.0, 335.0
392, 502.0, 336.0
393, 565.0, 336.0
394, 395.0, 337.0
395, 390.0, 338.0
396, 550.0, 338.0
397, 367.0, 340.0
398, 427.0, 343.0
399, 508.0, 349.0
400, 536.0, 349.0
401, 369.0, 350.0
402, 523.0, 350.0
403, 557.0, 351.0
404, 567.0, 352.0
405, 416.0, 354.0
406, 401.0, 356.0
407, 355.0, 360.0
408, 379.0, 360.0
409, 458.0, 360.0
410, 540.0, 361.0
411, 649.0, 361.0
412, 711.0, 361.0
413, 532.0, 362.0
414, 614.0, 364.0
415, 619.0, 365.0
416, 402.0, 367.0
417, 555.0, 367.0
418, 531.0, 370.0
419, 476.0, 371.0
420, 543.0, 372.0
421, 451.0, 375.0
422, 515.0, 375.0
423, 344.0, 379.0
424, 367.0, 381.0
425, 535.0, 383.0
426, 556.0, 383.0
427, 343.0, 384.0
428, 523.0, 384.0
429, 591.0, 386.0
430, 445.0, 389.0
431, 555.0, 391.0
432, 193.0, 395.0
433, 615.0, 396.0
434, 374.0, 400.0
435, 503.0, 400.0
436, 540.0, 405.0
437, 548.0, 407.0
438, 585.0, 408.0
439, 715.0, 409.0
440, 679.0, 411.0
441, 475.0, 412.0
442, 697.0, 412.0
443, 686.0, 415.0
444, 408.0, 419.0
445, 523.0, 419.0
446, 544.0, 420.0
447, 700.0, 421.0
448, 533.0, 422.0
449, 686.0, 422.0
450, 674.0, 426.0
451, 735.0, 429.0
452, 720.0, 430.0
453, 632.0, 435.0
454, 608.0, 436.0
455, 532.0, 438.0
456, 614.0, 438.0
457, 538.0, 440.0
458, 469.0, 441.0
459, 697.0, 441.0
460, 358.0, 442.0
461, 464.0, 450.0
462, 644.0, 453.0
463, 620.0, 454.0
464, 572.0, 457.0
465, 572.0, 462.0
466, 650.0, 469.0
467, 671.0, 471.0
