0, 645.0, 328.0
1, 102.0, 164.0
2, 213.0, 160.0
3, 259.0, 248.0
4, 292.0, 229.0
5, 458.0, 102.0
6, 638.0, 338.0
7, 226.0, 105.0
8, 222.0, 280.0
9, 249.0, 237.0
10, 420.0, 430.0
11, 325.0, 427.0
12, 223.0, 162.0
13, 244.0, 358.0
14, 176.0, 217.0
15, 395.0, 245.0
16, 269.0, 221.0
17, 351.0, 447.0
18, 301.0, 141.0
19, 200.0, 301.0
20, 447.0, 227.0
21, 553.0, 451.0
22, 431.0, 429.0
23, 392.0, 114.0
24, 472.0, 181.0
25, 499.0, 69.0
26, 310.0, 94.0
27, 456.0, 117.0
28, 719.0, 386.0
29, 402.0, 454.0
30, 236.0, 400.0
31, 457.0, 342.0
32, 172.0, 88.0
33, 132.0, 149.0
34, 450.0, 200.0
35, 396.0, 432.0
36, 296.0, 299.0
37, 71.0, 363.0
38, 694.0, 378.0
39, 252.0, 202.0
40, 343.0, 96.0
41, 343.0, 112.0
42, 157.0, 88.0
43, 229.0, 238.0
44, 472.0, 296.0
45, 35.0, 143.0
46, 487.0, 329.0
47, 138.0, 286.0
48, 204.0, 227.0
49, 203.0, 265.0
50, 155.0, 302.0
51, 404.0, 421.0
52, 258.0, 327.0
53, 99.0, 225.0
54, 194.0, 256.0
55, 402.0, 412.0
56, 416.0, 385.0
57, 231.0, 155.0
58, 235.0, 202.0
59, 475.0, 170.0
60, 87.0, 215.0
61, 71.0, 397.0
62, 321.0, 297.0
63, 299.0, 174.0
64, 303.0, 229.0
65, 364.0, 458.0
66, 294.0, 94.0
67, 259.0, 281.0
68, 478.0, 304.0
69, 245.0, 287.0
70, 176.0, 292.0
71, 388.0, 443.0
72, 295.0, 107.0
73, 174.0, 103.0
74, 81.0, 398.0
75, 106.0, 247.0
76, 28.0, 27.0
77, 335.0, 407.0
78, 160.0, 102.0
79, 411.0, 403.0
80, 229.0, 223.0
81, 435.0, 440.0
82, 496.0, 22.0
83, 256.0, 312.0
84, 207.0, 415.0
85, 352.0, 458.0
86, 56.0, 138.0
87, 348.0, 416.0
88, 68.0, 385.0
89, 423.0, 441.0
90, 368.0, 405.0
91, 424.0, 411.0
92, 244.0, 455.0
93, 179.0, 305.0
94, 182.0, 355.0
95, 89.0, 416.0
96, 262.0, 235.0
97, 370.0, 414.0
98, 213.0, 333.0
99, 425.0, 250.0
100, 78.0, 386.0
101, 392.0, 413.0
102, 67.0, 121.0
103, 498.0, 133.0
104, 394.0, 422.0
105, 148.0, 146.0
106, 524.0, 437.0
107, 364.0, 374.0
108, 185.0, 297.0
109, 632.0, 322.0
110, 661.0, 308.0
111, 505.0, 22.0
112, 62.0, 161.0
113, 225.0, 404.0
114, 198.0, 426.0
115, 296.0, 274.0
116, 246.0, 222.0
117, 161.0, 120.0
118, 74.0, 409.0
119, 528.0, 460.0
120, 74.0, 375.0
121, 534.0, 424.0
122, 230.0, 288.0
123, 399.0, 443.0
124, 189.0, 370.0
125, 364.0, 445.0
126, 58.0, 348.0
127, 217.0, 315.0
128, 427.0, 420.0
129, 179.0, 277.0
130, 91.0, 156.0
131, 43.0, 182.0
132, 241.0, 257.0
133, 207.0, 344.0
134, 345.0, 397.0
135, 377.0, 456.0
136, 460.0, 84.0
137, 427.0, 452.0
138, 118.0, 225.0
139, 195.0, 266.0
140, 199.0, 399.0
141, 460.0, 129.0
142, 50.0, 305.0
143, 495.0, 103.0
144, 362.0, 435.0
145, 518.0, 453.0
146, 348.0, 434.0
147, 446.0, 129.0
148, 288.0, 251.0
149, 497.0, 86.0
150, 499.0, 10.0
151, 415.0, 453.0
152, 192.0, 240.0
153, 166.0, 259.0
154, 406.0, 467.0
155, 61.0, 327.0
156, 634.0, 354.0
157, 357.0, 397.0
158, 194.0, 438.0
159, 619.0, 282.0
160, 328.0, 180.0
161, 216.0, 238.0
162, 561.0, 462.0
163, 312.0, 217.0
164, 256.0, 263.0
165, 255.0, 221.0
166, 51.0, 97.0
167, 351.0, 471.0
168, 325.0, 437.0
169, 438.0, 452.0
170, 153.0, 271.0
171, 480.0, 11.0
172, 225.0, 90.0
173, 313.0, 109.0
174, 586.0, 353.0
175, 253.0, 377.0
176, 47.0, 216.0
177, 74.0, 331.0
178, 90.0, 170.0
179, 391.0, 455.0
180, 88.0, 63.0
181, 170.0, 67.0
182, 165.0, 357.0
183, 137.0, 264.0
184, 448.0, 279.0
185, 40.0, 226.0
186, 466.0, 161.0
187, 268.0, 203.0
188, 294.0, 216.0
189, 123.0, 353.0
190, 439.0, 420.0
191, 223.0, 70.0
192, 175.0, 121.0
193, 343.0, 77.0
194, 279.0, 234.0
195, 657.0, 168.0
196, 23.0, 162.0
197, 410.0, 394.0
198, 439.0, 265.0
199, 339.0, 460.0
200, 407.0, 38.0
201, 324.0, 449.0
202, 179.0, 460.0
203, 459.0, 172.0
204, 297.0, 310.0
205, 452.0, 18.0
206, 278.0, 215.0
207, 451.0, 450.0
208, 142.0, 210.0
209, 243.0, 316.0
210, 31.0, 169.0
211, 222.0, 211.0
212, 263.0, 45.0
213, 365.0, 470.0
214, 43.0, 129.0
215, 610.0, 348.0
216, 381.0, 423.0
217, 481.0, 85.0
218, 390.0, 404.0
219, 94.0, 242.0
220, 379.0, 405.0
221, 240.0, 105.0
222, 481.0, 131.0
223, 22.0, 305.0
224, 502.0, 42.0
225, 336.0, 436.0
226, 219.0, 292.0
227, 350.0, 204.0
228, 647.0, 183.0
229, 314.0, 163.0
230, 371.0, 135.0
231, 394.0, 47.0
232, 28.0, 113.0
233, 67.0, 226.0
234, 335.0, 426.0
235, 676.0, 172.0
236, 70.0, 139.0
237, 393.0, 468.0
238, 492.0, 118.0
239, 306.0, 296.0
240, 269.0, 165.0
241, 714.0, 400.0
242, 420.0, 370.0
243, 131.0, 162.0
244, 375.0, 379.0
245, 336.0, 447.0
246, 535.0, 396.0
247, 484.0, 52.0
248, 385.0, 433.0
249, 65.0, 339.0
250, 264.0, 123.0
251, 208.0, 437.0
252, 461.0, 67.0
253, 96.0, 99.0
254, 474.0, 343.0
255, 218.0, 265.0
256, 134.0, 125.0
257, 412.0, 145.0
258, 173.0, 312.0
259, 423.0, 376.0
260, 274.0, 356.0
261, 606.0, 417.0
262, 252.0, 414.0
263, 29.0, 11.0
264, 229.0, 357.0
265, 583.0, 424.0
266, 13.0, 163.0
267, 613.0, 394.0
268, 189.0, 322.0
269, 219.0, 386.0
270, 178.0, 258.0
271, 210.0, 144.0
272, 47.0, 328.0
273, 379.0, 413.0
274, 394.0, 79.0
275, 32.0, 129.0
276, 396.0, 387.0
277, 68.0, 349.0
278, 243.0, 270.0
279, 182.0, 230.0
280, 17.0, 9.0
281, 109.0, 465.0
282, 357.0, 405.0
283, 419.0, 466.0
284, 470.0, 311.0
285, 230.0, 248.0
286, 707.0, 50.0
287, 516.0, 173.0
288, 403.0, 127.0
289, 461.0, 300.0
290, 47.0, 81.0
291, 239.0, 92.0
292, 665.0, 325.0
293, 71.0, 316.0
294, 406.0, 386.0
295, 368.0, 205.0
296, 141.0, 301.0
297, 481.0, 196.0
298, 123.0, 132.0
299, 449.0, 304.0
300, 255.0, 357.0
301, 386.0, 387.0
302, 642.0, 300.0
303, 541.0, 466.0
304, 99.0, 128.0
305, 283.0, 145.0
306, 598.0, 354.0
307, 335.0, 416.0
308, 466.0, 356.0
309, 227.0, 334.0
310, 453.0, 249.0
311, 433.0, 170.0
312, 219.0, 359.0
313, 154.0, 68.0
314, 324.0, 383.0
315, 552.0, 431.0
316, 291.0, 241.0
317, 237.0, 215.0
318, 35.0, 81.0
319, 588.0, 309.0
320, 308.0, 274.0
321, 575.0, 418.0
322, 394.0, 62.0
323, 506.0, 156.0
324, 429.0, 63.0
325, 559.0, 49.0
326, 631.0, 293.0
327, 179.0, 322.0
328, 75.0, 177.0
329, 24.0, 378.0
330, 706.0, 377.0
331, 277.0, 204.0
332, 126.0, 174.0
333, 26.0, 79.0
334, 401.0, 371.0
335, 490.0, 166.0
336, 591.0, 385.0
337, 504.0, 171.0
338, 138.0, 440.0
339, 151.0, 164.0
340, 588.0, 409.0
341, 471.0, 131.0
342, 438.0, 92.0
343, 442.0, 428.0
344, 307.0, 75.0
345, 559.0, 401.0
346, 596.0, 108.0
347, 437.0, 287.0
348, 423.0, 272.0
349, 50.0, 44.0
350, 418.0, 245.0
351, 106.0, 65.0
352, 441.0, 462.0
353, 53.0, 151.0
354, 392.0, 98.0
355, 344.0, 58.0
356, 322.0, 172.0
357, 179.0, 243.0
358, 384.0, 144.0
359, 440.0, 255.0
360, 226.0, 303.0
361, 476.0, 44.0
362, 183.0, 120.0
363, 584.0, 27.0
364, 87.0, 336.0
365, 227.0, 446.0
366, 238.0, 72.0
367, 19.0, 178.0
368, 417.0, 115.0
369, 590.0, 155.0
370, 618.0, 109.0
371, 705.0, 387.0
372, 187.0, 399.0
373, 736.0, 390.0
374, 675.0, 140.0
375, 413.0, 378.0
376, 380.0, 470.0
377, 152.0, 311.0
378, 299.0, 358.0
379, 418.0, 62.0
380, 202.0, 462.0
381, 597.0, 432.0
382, 206.0, 329.0
383, 79.0, 428.0
384, 388.0, 395.0
385, 35.0, 316.0
386, 687.0, 34.0
387, 65.0, 217.0
388, 600.0, 380.0
389, 242.0, 367.0
390, 243.0, 345.0
391, 460.0, 289.0
392, 407.0, 267.0
393, 352.0, 319.0
394, 172.0, 272.0
395, 348.0, 406.0
396, 243.0, 193.0
397, 475.0, 319.0
398, 376.0, 387.0
399, 327.0, 125.0
400, 359.0, 423.0
401, 234.0, 464.0
402, 107.0, 312.0
403, 91.0, 136.0
404, 416.0, 420.0
405, 210.0, 251.0
406, 351.0, 165.0
407, 197.0, 417.0
408, 418.0, 287.0
409, 152.0, 46.0
410, 65.0, 373.0
411, 328.0, 111.0
412, 199.0, 323.0
413, 634.0, 185.0
414, 353.0, 368.0
415, 410.0, 442.0
416, 368.0, 59.0
417, 466.0, 279.0
418, 112.0, 126.0
419, 377.0, 396.0
420, 620.0, 322.0
421, 309.0, 370.0
422, 406.0, 432.0
423, 318.0, 254.0
424, 111.0, 43.0
425, 22.0, 285.0
426, 293.0, 123.0
427, 335.0, 398.0
428, 190.0, 309.0
429, 252.0, 398.0
430, 320.0, 117.0
431, 316.0, 236.0
432, 340.0, 471.0
433, 446.0, 438.0
434, 251.0, 187.0
435, 370.0, 175.0
436, 601.0, 276.0
437, 627.0, 263.0
438, 478.0, 158.0
439, 432.0, 206.0
440, 99.0, 369.0
441, 164.0, 279.0
442, 139.0, 132.0
443, 254.0, 300.0
444, 702.0, 366.0
445, 302.0, 125.0
446, 154.0, 461.0
447, 684.0, 52.0
448, 355.0, 381.0
449, 33.0, 236.0
450, 382.0, 373.0
451, 479.0, 147.0
452, 326.0, 460.0
453, 287.0, 402.0
454, 236.0, 51.0
455, 82.0, 410.0
456, 260.0, 193.0
457, 387.0, 353.0
458, 86.0, 41.0
459, 298.0, 30.0
460, 291.0, 288.0
461, 11.0, 131.0
462, 40.0, 114.0
463, 287.0, 371.0
464, 639.0, 468.0
465, 15.0, 237.0
466, 62.0, 359.0
467, 441.0, 178.0
468, 167.0, 47.0
469, 590.0, 294.0
470, 384.0, 253.0
471, 417.0, 259.0
472, 203.0, 361.0
473, 428.0, 233.0
474, 311.0, 416.0
475, 226.0, 344.0
476, 20.0, 44.0
477, 140.0, 165.0
478, 520.0, 390.0
479, 219.0, 176.0
480, 569.0, 135.0
481, 297.0, 460.0
482, 394.0, 379.0
483, 231.0, 133.0
484, 249.0, 248.0
485, 637.0, 383.0
486, 238.0, 115.0
487, 170.0, 323.0
488, 160.0, 247.0
489, 502.0, 408.0
490, 485.0, 42.0
491, 682.0, 376.0
492, 365.0, 125.0
493, 300.0, 402.0
494, 154.0, 349.0
495, 131.0, 465.0
496, 315.0, 203.0
497, 52.0, 225.0
498, 260.0, 399.0
499, 117.0, 150.0
