0, 263.0, 44.0
1, 267.0, 99.0
2, 316.0, 44.0
3, 128.0, 108.0
4, 108.0, 126.0
5, 299.0, 94.0
6, 171.0, 148.0
7, 159.0, 150.0
8, 293.0, 68.0
9, 62.0, 73.0
10, 402.0, 114.0
11, 104.0, 133.0
12, 158.0, 166.0
13, 42.0, 93.0
14, 154.0, 58.0
15, 275.0, 33.0
16, 399.0, 126.0
17, 558.0, 64.0
18, 269.0, 26.0
19, 602.0, 47.0
20, 301.0, 23.0
21, 550.0, 58.0
22, 67.0, 92.0
23, 199.0, 43.0
24, 480.0, 125.0
25, 497.0, 75.0
26, 352.0, 151.0
27, 511.0, 31.0
28, 656.0, 119.0
29, 523.0, 94.0
30, 149.0, 150.0
31, 559.0, 138.0
32, 409.0, 149.0
33, 399.0, 176.0
34, 52.0, 83.0
35, 368.0, 25.0
36, 314.0, 117.0
37, 383.0, 68.0
38, 356.0, 44.0
39, 482.0, 108.0
40, 105.0, 64.0
41, 109.0, 316.0
42, 315.0, 14.0
43, 214.0, 32.0
44, 503.0, 143.0
45, 486.0, 73.0
46, 641.0, 12.0
47, 311.0, 139.0
48, 211.0, 20.0
49, 142.0, 117.0
50, 73.0, 116.0
51, 99.0, 170.0
52, 178.0, 125.0
53, 290.0, 178.0
54, 373.0, 60.0
55, 481.0, 37.0
56, 156.0, 73.0
57, 185.0, 133.0
58, 109.0, 98.0
59, 362.0, 118.0
60, 217.0, 163.0
61, 306.0, 32.0
62, 303.0, 133.0
63, 467.0, 58.0
64, 457.0, 34.0
65, 135.0, 148.0
66, 205.0, 130.0
67, 297.0, 112.0
68, 536.0, 93.0
69, 393.0, 70.0
70, 43.0, 121.0
71, 476.0, 50.0
72, 88.0, 64.0
73, 536.0, 140.0
74, 371.0, 39.0
75, 236.0, 152.0
76, 219.0, 61.0
77, 328.0, 203.0
78, 538.0, 35.0
79, 66.0, 328.0
80, 567.0, 89.0
81, 175.0, 102.0
82, 709.0, 149.0
83, 25.0, 125.0
84, 606.0, 123.0
85, 722.0, 19.0
86, 78.0, 157.0
87, 309.0, 100.0
88, 241.0, 22.0
89, 58.0, 159.0
90, 697.0, 115.0
91, 434.0, 127.0
92, 434.0, 70.0
93, 460.0, 116.0
94, 147.0, 130.0
95, 183.0, 110.0
96, 239.0, 74.0
97, 419.0, 162.0
98, 617.0, 79.0
99, 443.0, 55.0
100, 624.0, 99.0
101, 75.0, 170.0
102, 51.0, 332.0
103, 514.0, 59.0
104, 253.0, 158.0
105, 156.0, 98.0
106, 622.0, 108.0
107, 289.0, 122.0
108, 459.0, 97.0
109, 34.0, 153.0
110, 137.0, 79.0
111, 239.0, 122.0
112, 542.0, 106.0
113, 366.0, 194.0
114, 643.0, 121.0
115, 65.0, 102.0
116, 443.0, 64.0
117, 106.0, 112.0
118, 196.0, 143.0
119, 449.0, 161.0
120, 378.0, 150.0
121, 253.0, 24.0
122, 583.0, 31.0
123, 141.0, 54.0
124, 552.0, 40.0
125, 171.0, 165.0
126, 117.0, 110.0
127, 78.0, 106.0
128, 678.0, 10.0
129, 383.0, 52.0
130, 99.0, 145.0
131, 450.0, 129.0
132, 381.0, 112.0
133, 331.0, 86.0
134, 391.0, 100.0
135, 209.0, 45.0
136, 574.0, 60.0
137, 176.0, 300.0
138, 117.0, 168.0
139, 280.0, 99.0
140, 234.0, 34.0
141, 284.0, 155.0
142, 305.0, 43.0
143, 65.0, 38.0
144, 377.0, 193.0
145, 345.0, 20.0
146, 674.0, 38.0
147, 496.0, 89.0
148, 58.0, 28.0
149, 666.0, 118.0
150, 391.0, 149.0
151, 585.0, 19.0
152, 284.0, 75.0
153, 269.0, 109.0
154, 131.0, 312.0
155, 460.0, 164.0
156, 535.0, 121.0
157, 230.0, 52.0
158, 184.0, 91.0
159, 222.0, 130.0
160, 187.0, 26.0
161, 415.0, 119.0
162, 450.0, 96.0
163, 368.0, 135.0
164, 507.0, 164.0
165, 79.0, 96.0
166, 56.0, 47.0
167, 122.0, 326.0
168, 134.0, 167.0
169, 610.0, 88.0
170, 329.0, 10.0
171, 332.0, 154.0
172, 365.0, 79.0
173, 106.0, 25.0
174, 156.0, 134.0
175, 653.0, 127.0
176, 279.0, 163.0
177, 383.0, 139.0
178, 386.0, 87.0
179, 681.0, 117.0
180, 122.0, 68.0
181, 348.0, 137.0
182, 59.0, 146.0
183, 547.0, 76.0
184, 593.0, 54.0
185, 408.0, 186.0
186, 10.0, 166.0
187, 277.0, 69.0
188, 440.0, 31.0
189, 506.0, 14.0
190, 56.0, 171.0
191, 65.0, 55.0
192, 592.0, 136.0
193, 14.0, 139.0
194, 45.0, 57.0
195, 572.0, 75.0
196, 161.0, 80.0
197, 243.0, 82.0
198, 509.0, 74.0
199, 486.0, 25.0
200, 340.0, 152.0
201, 425.0, 275.0
202, 256.0, 63.0
203, 510.0, 130.0
204, 97.0, 116.0
205, 195.0, 9.0
206, 620.0, 124.0
207, 167.0, 90.0
208, 496.0, 100.0
209, 454.0, 48.0
210, 88.0, 22.0
211, 141.0, 98.0
212, 285.0, 143.0
213, 524.0, 75.0
214, 715.0, 124.0
215, 419.0, 187.0
216, 704.0, 167.0
217, 282.0, 29.0
218, 397.0, 44.0
219, 599.0, 265.0
220, 298.0, 143.0
221, 172.0, 74.0
222, 515.0, 120.0
223, 507.0, 109.0
224, 433.0, 88.0
225, 228.0, 69.0
226, 118.0, 102.0
227, 375.0, 125.0
228, 495.0, 107.0
229, 43.0, 133.0
230, 209.0, 154.0
231, 557.0, 74.0
232, 226.0, 108.0
233, 306.0, 83.0
234, 473.0, 72.0
235, 262.0, 89.0
236, 233.0, 18.0
237, 89.0, 324.0
238, 502.0, 264.0
239, 301.0, 120.0
240, 201.0, 117.0
241, 435.0, 48.0
242, 245.0, 48.0
243, 202.0, 94.0
244, 212.0, 303.0
245, 677.0, 90.0
246, 484.0, 88.0
247, 382.0, 26.0
248, 673.0, 174.0
249, 438.0, 147.0
250, 192.0, 120.0
251, 735.0, 67.0
252, 203.0, 243.0
253, 697.0, 95.0
254, 215.0, 98.0
255, 563.0, 220.0
256, 658.0, 37.0
257, 425.0, 122.0
258, 340.0, 41.0
259, 473.0, 86.0
260, 194.0, 155.0
261, 571.0, 167.0
262, 294.0, 152.0
263, 452.0, 108.0
264, 528.0, 57.0
265, 70.0, 21.0
266, 269.0, 81.0
267, 735.0, 323.0
268, 156.0, 123.0
269, 545.0, 157.0
270, 64.0, 140.0
271, 188.0, 96.0
272, 732.0, 132.0
273, 25.0, 337.0
274, 499.0, 27.0
275, 587.0, 125.0
276, 471.0, 97.0
277, 630.0, 134.0
278, 597.0, 61.0
279, 87.0, 88.0
280, 328.0, 50.0
281, 228.0, 82.0
282, 170.0, 118.0
283, 578.0, 44.0
284, 93.0, 154.0
285, 655.0, 86.0
286, 674.0, 253.0
287, 35.0, 52.0
288, 190.0, 219.0
289, 294.0, 254.0
290, 397.0, 139.0
291, 711.0, 351.0
292, 220.0, 142.0
293, 426.0, 108.0
294, 257.0, 100.0
295, 285.0, 15.0
296, 598.0, 82.0
297, 299.0, 217.0
298, 131.0, 133.0
299, 86.0, 115.0
300, 336.0, 18.0
301, 115.0, 156.0
302, 117.0, 140.0
303, 577.0, 103.0
304, 372.0, 160.0
305, 403.0, 76.0
306, 81.0, 39.0
307, 496.0, 54.0
308, 63.0, 128.0
309, 79.0, 53.0
310, 452.0, 78.0
311, 492.0, 39.0
312, 104.0, 104.0
313, 35.0, 73.0
314, 671.0, 264.0
315, 318.0, 60.0
316, 23.0, 92.0
317, 487.0, 53.0
318, 233.0, 286.0
319, 97.0, 72.0
320, 140.0, 199.0
321, 182.0, 145.0
322, 559.0, 25.0
323, 82.0, 73.0
324, 588.0, 77.0
325, 168.0, 57.0
326, 76.0, 64.0
327, 202.0, 163.0
328, 34.0, 175.0
329, 462.0, 295.0
330, 296.0, 45.0
331, 401.0, 91.0
332, 632.0, 78.0
333, 464.0, 79.0
334, 553.0, 362.0
335, 576.0, 155.0
336, 453.0, 20.0
337, 216.0, 148.0
338, 309.0, 215.0
339, 642.0, 89.0
340, 411.0, 102.0
341, 140.0, 141.0
342, 614.0, 143.0
343, 163.0, 110.0
344, 294.0, 165.0
345, 553.0, 88.0
346, 361.0, 15.0
347, 253.0, 33.0
348, 623.0, 8.0
349, 529.0, 47.0
350, 276.0, 180.0
351, 251.0, 15.0
352, 639.0, 80.0
353, 111.0, 47.0
354, 633.0, 121.0
355, 180.0, 154.0
356, 519.0, 132.0
357, 647.0, 26.0
358, 193.0, 57.0
359, 503.0, 124.0
360, 248.0, 264.0
361, 186.0, 311.0
362, 229.0, 125.0
363, 296.0, 103.0
364, 148.0, 39.0
365, 169.0, 27.0
366, 40.0, 29.0
367, 408.0, 136.0
368, 345.0, 89.0
369, 34.0, 107.0
370, 516.0, 106.0
371, 404.0, 102.0
372, 290.0, 87.0
373, 242.0, 35.0
374, 664.0, 11.0
375, 236.0, 216.0
376, 642.0, 99.0
377, 240.0, 161.0
378, 679.0, 73.0
379, 278.0, 91.0
380, 617.0, 135.0
381, 379.0, 78.0
382, 195.0, 29.0
383, 206.0, 78.0
384, 715.0, 35.0
385, 554.0, 230.0
386, 726.0, 92.0
387, 531.0, 378.0
388, 237.0, 133.0
389, 273.0, 90.0
390, 422.0, 148.0
391, 138.0, 66.0
392, 210.0, 114.0
393, 397.0, 31.0
394, 713.0, 135.0
395, 419.0, 33.0
396, 319.0, 141.0
397, 742.0, 93.0
398, 283.0, 48.0
399, 430.0, 17.0
400, 655.0, 67.0
401, 9.0, 360.0
402, 631.0, 23.0
403, 171.0, 315.0
404, 148.0, 31.0
405, 147.0, 81.0
406, 625.0, 263.0
407, 79.0, 138.0
408, 135.0, 103.0
409, 152.0, 304.0
410, 392.0, 13.0
411, 384.0, 269.0
412, 228.0, 255.0
413, 665.0, 130.0
414, 478.0, 259.0
415, 296.0, 208.0
416, 198.0, 136.0
417, 288.0, 137.0
418, 317.0, 71.0
419, 177.0, 45.0
420, 46.0, 146.0
421, 576.0, 88.0
422, 226.0, 387.0
423, 327.0, 42.0
424, 96.0, 47.0
425, 676.0, 24.0
426, 169.0, 130.0
427, 357.0, 88.0
428, 111.0, 88.0
429, 427.0, 41.0
430, 631.0, 66.0
431, 268.0, 142.0
432, 615.0, 203.0
433, 197.0, 163.0
434, 328.0, 64.0
435, 416.0, 139.0
436, 459.0, 122.0
437, 164.0, 303.0
438, 167.0, 139.0
439, 207.0, 103.0
440, 427.0, 77.0
441, 432.0, 135.0
442, 245.0, 237.0
443, 444.0, 88.0
444, 456.0, 8.0
445, 31.0, 115.0
446, 196.0, 106.0
447, 251.0, 76.0
448, 116.0, 60.0
449, 179.0, 67.0
450, 297.0, 276.0
451, 79.0, 339.0
452, 611.0, 20.0
453, 371.0, 48.0
454, 254.0, 235.0
455, 227.0, 161.0
456, 304.0, 64.0
457, 587.0, 45.0
458, 608.0, 68.0
459, 448.0, 34.0
460, 152.0, 319.0
461, 277.0, 145.0
462, 524.0, 113.0
463, 90.0, 30.0
464, 87.0, 122.0
465, 144.0, 167.0
466, 521.0, 106.0
467, 239.0, 101.0
468, 352.0, 65.0
469, 604.0, 36.0
470, 435.0, 234.0
471, 135.0, 158.0
472, 348.0, 259.0
473, 95.0, 101.0
474, 67.0, 82.0
475, 50.0, 13.0
476, 344.0, 68.0
477, 505.0, 55.0
478, 640.0, 326.0
479, 513.0, 99.0
480, 183.0, 58.0
481, 124.0, 124.0
482, 422.0, 133.0
483, 69.0, 8.0
484, 238.0, 94.0
485, 274.0, 156.0
486, 285.0, 130.0
487, 391.0, 224.0
488, 498.0, 186.0
489, 327.0, 212.0
490, 477.0, 136.0
491, 723.0, 143.0
492, 230.0, 142.0
493, 417.0, 149.0
494, 493.0, 132.0
495, 266.0, 52.0
496, 159.0, 49.0
497, 372.0, 92.0
498, 368.0, 150.0
499, 238.0, 296.0
