0, 117.0, 232.0
1, 568.0, 209.0
2, 206.0, 184.0
3, 257.0, 247.0
4, 464.0, 461.0
5, 83.0, 191.0
6, 207.0, 398.0
7, 55.0, 252.0
8, 133.0, 123.0
9, 120.0, 145.0
10, 220.0, 125.0
11, 439.0, 256.0
12, 483.0, 241.0
13, 90.0, 266.0
14, 90.0, 324.0
15, 356.0, 129.0
16, 314.0, 391.0
17, 578.0, 241.0
18, 565.0, 440.0
19, 344.0, 138.0
20, 653.0, 256.0
21, 374.0, 130.0
22, 388.0, 456.0
23, 523.0, 222.0
24, 532.0, 67.0
25, 184.0, 364.0
26, 439.0, 111.0
27, 309.0, 412.0
28, 327.0, 384.0
29, 79.0, 343.0
30, 361.0, 205.0
31, 260.0, 391.0
32, 94.0, 183.0
33, 349.0, 205.0
34, 657.0, 246.0
35, 522.0, 133.0
36, 101.0, 323.0
37, 202.0, 318.0
38, 612.0, 259.0
39, 288.0, 364.0
40, 262.0, 405.0
41, 469.0, 392.0
42, 278.0, 406.0
43, 417.0, 464.0
44, 462.0, 427.0
45, 577.0, 218.0
46, 111.0, 256.0
47, 292.0, 439.0
48, 480.0, 416.0
49, 268.0, 44.0
50, 263.0, 333.0
51, 389.0, 443.0
52, 654.0, 183.0
53, 349.0, 416.0
54, 484.0, 230.0
55, 208.0, 198.0
56, 489.0, 459.0
57, 635.0, 210.0
58, 535.0, 220.0
59, 99.0, 250.0
60, 331.0, 330.0
61, 466.0, 242.0
62, 476.0, 406.0
63, 374.0, 110.0
64, 276.0, 247.0
65, 576.0, 453.0
66, 525.0, 113.0
67, 475.0, 212.0
68, 137.0, 287.0
69, 135.0, 157.0
70, 290.0, 267.0
71, 590.0, 304.0
72, 323.0, 292.0
73, 71.0, 182.0
74, 489.0, 315.0
75, 435.0, 147.0
76, 224.0, 184.0
77, 179.0, 145.0
78, 135.0, 328.0
79, 611.0, 91.0
80, 631.0, 115.0
81, 324.0, 304.0
82, 619.0, 306.0
83, 227.0, 346.0
84, 409.0, 433.0
85, 572.0, 390.0
86, 488.0, 179.0
87, 436.0, 291.0
88, 111.0, 200.0
89, 328.0, 249.0
90, 190.0, 464.0
91, 348.0, 387.0
92, 463.0, 258.0
93, 678.0, 116.0
94, 558.0, 46.0
95, 345.0, 127.0
96, 438.0, 130.0
97, 480.0, 159.0
98, 258.0, 257.0
99, 286.0, 398.0
100, 244.0, 289.0
101, 71.0, 201.0
102, 145.0, 434.0
103, 641.0, 332.0
104, 403.0, 453.0
105, 641.0, 344.0
106, 559.0, 169.0
107, 255.0, 228.0
108, 309.0, 139.0
109, 310.0, 294.0
110, 694.0, 152.0
111, 341.0, 196.0
112, 560.0, 204.0
113, 597.0, 450.0
114, 407.0, 421.0
115, 83.0, 414.0
116, 37.0, 429.0
117, 531.0, 150.0
118, 277.0, 322.0
119, 230.0, 435.0
120, 196.0, 387.0
121, 170.0, 346.0
122, 34.0, 357.0
123, 404.0, 379.0
124, 104.0, 283.0
125, 348.0, 398.0
126, 631.0, 316.0
127, 550.0, 340.0
128, 699.0, 137.0
129, 375.0, 85.0
130, 142.0, 300.0
131, 310.0, 108.0
132, 69.0, 296.0
133, 683.0, 135.0
134, 46.0, 215.0
135, 246.0, 315.0
136, 158.0, 156.0
137, 327.0, 399.0
138, 421.0, 402.0
139, 76.0, 401.0
140, 592.0, 220.0
141, 590.0, 211.0
142, 384.0, 375.0
143, 247.0, 357.0
144, 424.0, 148.0
145, 701.0, 74.0
146, 302.0, 421.0
147, 149.0, 104.0
148, 114.0, 218.0
149, 218.0, 106.0
150, 439.0, 312.0
151, 338.0, 349.0
152, 636.0, 263.0
153, 396.0, 219.0
154, 469.0, 230.0
155, 499.0, 307.0
156, 441.0, 42.0
157, 485.0, 346.0
158, 529.0, 89.0
159, 539.0, 237.0
160, 319.0, 170.0
161, 24.0, 431.0
162, 220.0, 217.0
163, 607.0, 115.0
164, 456.0, 284.0
165, 523.0, 231.0
166, 155.0, 340.0
167, 128.0, 257.0
168, 622.0, 164.0
169, 172.0, 365.0
170, 606.0, 423.0
171, 428.0, 30.0
172, 509.0, 323.0
173, 577.0, 52.0
174, 549.0, 90.0
175, 70.0, 370.0
176, 278.0, 257.0
177, 334.0, 127.0
178, 68.0, 225.0
179, 568.0, 329.0
180, 602.0, 134.0
181, 316.0, 215.0
182, 559.0, 114.0
183, 597.0, 91.0
184, 453.0, 462.0
185, 634.0, 361.0
186, 369.0, 245.0
187, 512.0, 311.0
188, 236.0, 138.0
189, 239.0, 336.0
190, 530.0, 294.0
191, 441.0, 87.0
192, 308.0, 436.0
193, 553.0, 329.0
194, 414.0, 453.0
195, 290.0, 257.0
196, 314.0, 247.0
197, 19.0, 372.0
198, 644.0, 181.0
199, 615.0, 211.0
200, 331.0, 193.0
201, 506.0, 445.0
202, 500.0, 458.0
203, 479.0, 254.0
204, 301.0, 273.0
205, 218.0, 245.0
206, 53.0, 428.0
207, 226.0, 231.0
208, 16.0, 219.0
209, 406.0, 466.0
210, 296.0, 317.0
211, 125.0, 78.0
212, 533.0, 230.0
213, 645.0, 240.0
214, 273.0, 376.0
215, 183.0, 309.0
216, 689.0, 167.0
217, 101.0, 218.0
218, 401.0, 395.0
219, 232.0, 265.0
220, 174.0, 385.0
221, 616.0, 244.0
222, 651.0, 84.0
223, 542.0, 402.0
224, 84.0, 251.0
225, 97.0, 468.0
226, 256.0, 380.0
227, 47.0, 161.0
228, 246.0, 278.0
229, 216.0, 79.0
230, 311.0, 126.0
231, 495.0, 243.0
232, 129.0, 104.0
233, 643.0, 220.0
234, 44.0, 344.0
235, 93.0, 308.0
236, 558.0, 410.0
237, 105.0, 353.0
238, 242.0, 300.0
239, 189.0, 425.0
240, 472.0, 448.0
241, 169.0, 155.0
242, 194.0, 179.0
243, 541.0, 379.0
244, 573.0, 250.0
245, 501.0, 281.0
246, 278.0, 232.0
247, 538.0, 206.0
248, 140.0, 338.0
249, 271.0, 280.0
250, 72.0, 252.0
251, 382.0, 361.0
252, 556.0, 385.0
253, 216.0, 410.0
254, 260.0, 268.0
255, 458.0, 219.0
256, 598.0, 256.0
257, 619.0, 347.0
258, 317.0, 200.0
259, 377.0, 443.0
260, 204.0, 174.0
261, 426.0, 290.0
262, 659.0, 116.0
263, 103.0, 257.0
264, 460.0, 449.0
265, 664.0, 74.0
266, 341.0, 405.0
267, 42.0, 415.0
268, 586.0, 255.0
269, 551.0, 422.0
270, 477.0, 461.0
271, 327.0, 269.0
272, 191.0, 344.0
273, 690.0, 117.0
274, 493.0, 258.0
275, 92.0, 394.0
276, 23.0, 357.0
277, 236.0, 107.0
278, 614.0, 322.0
279, 331.0, 317.0
280, 596.0, 345.0
281, 70.0, 332.0
282, 511.0, 221.0
283, 82.0, 354.0
284, 612.0, 227.0
285, 550.0, 439.0
286, 264.0, 356.0
287, 401.0, 443.0
288, 626.0, 250.0
289, 151.0, 124.0
290, 596.0, 152.0
291, 527.0, 367.0
292, 436.0, 283.0
293, 479.0, 275.0
294, 447.0, 282.0
295, 234.0, 177.0
296, 119.0, 171.0
297, 83.0, 300.0
298, 122.0, 400.0
299, 637.0, 93.0
300, 358.0, 48.0
301, 390.0, 466.0
302, 593.0, 290.0
303, 315.0, 232.0
304, 540.0, 452.0
305, 622.0, 193.0
306, 582.0, 91.0
307, 578.0, 114.0
308, 249.0, 406.0
309, 375.0, 184.0
310, 274.0, 355.0
311, 546.0, 151.0
312, 438.0, 452.0
313, 107.0, 310.0
314, 31.0, 161.0
315, 394.0, 231.0
316, 515.0, 240.0
317, 214.0, 430.0
318, 625.0, 215.0
319, 456.0, 31.0
320, 427.0, 420.0
321, 8.0, 333.0
322, 430.0, 465.0
323, 390.0, 124.0
324, 543.0, 101.0
325, 398.0, 147.0
326, 109.0, 462.0
327, 285.0, 314.0
328, 113.0, 269.0
329, 146.0, 353.0
330, 144.0, 77.0
331, 232.0, 356.0
332, 130.0, 234.0
333, 482.0, 471.0
334, 181.0, 335.0
335, 27.0, 238.0
336, 477.0, 329.0
337, 253.0, 450.0
338, 309.0, 83.0
339, 531.0, 442.0
340, 168.0, 144.0
341, 161.0, 445.0
342, 541.0, 179.0
343, 711.0, 266.0
344, 601.0, 322.0
345, 274.0, 146.0
346, 588.0, 159.0
347, 611.0, 338.0
348, 233.0, 247.0
349, 123.0, 290.0
350, 522.0, 345.0
351, 463.0, 173.0
352, 641.0, 251.0
353, 32.0, 442.0
354, 621.0, 465.0
355, 134.0, 470.0
356, 321.0, 127.0
357, 430.0, 371.0
358, 151.0, 135.0
359, 268.0, 320.0
360, 676.0, 11.0
361, 327.0, 82.0
362, 344.0, 108.0
363, 55.0, 415.0
364, 565.0, 422.0
365, 392.0, 36.0
366, 465.0, 148.0
367, 94.0, 340.0
368, 422.0, 75.0
369, 356.0, 470.0
370, 166.0, 430.0
371, 65.0, 282.0
372, 209.0, 470.0
373, 477.0, 149.0
374, 288.0, 247.0
375, 233.0, 373.0
376, 479.0, 314.0
377, 68.0, 216.0
378, 587.0, 70.0
379, 78.0, 321.0
380, 217.0, 318.0
381, 584.0, 318.0
382, 547.0, 65.0
383, 330.0, 108.0
384, 647.0, 317.0
385, 213.0, 52.0
386, 268.0, 444.0
387, 456.0, 329.0
388, 335.0, 274.0
389, 603.0, 382.0
390, 377.0, 454.0
391, 471.0, 132.0
392, 530.0, 244.0
393, 331.0, 184.0
394, 120.0, 49.0
395, 36.0, 270.0
396, 642.0, 84.0
397, 52.0, 323.0
398, 591.0, 114.0
399, 305.0, 320.0
400, 482.0, 303.0
401, 220.0, 360.0
402, 672.0, 181.0
403, 667.0, 199.0
404, 619.0, 232.0
405, 580.0, 381.0
406, 132.0, 301.0
407, 255.0, 459.0
408, 341.0, 298.0
409, 486.0, 294.0
410, 278.0, 187.0
411, 395.0, 412.0
412, 160.0, 166.0
413, 679.0, 152.0
414, 153.0, 463.0
415, 304.0, 331.0
416, 116.0, 278.0
417, 380.0, 405.0
418, 182.0, 173.0
419, 222.0, 139.0
420, 571.0, 311.0
421, 148.0, 318.0
422, 141.0, 49.0
423, 237.0, 125.0
424, 35.0, 370.0
425, 585.0, 235.0
426, 627.0, 332.0
427, 552.0, 452.0
428, 403.0, 403.0
429, 655.0, 214.0
430, 45.0, 142.0
431, 357.0, 59.0
432, 559.0, 34.0
433, 76.0, 436.0
434, 628.0, 323.0
435, 196.0, 445.0
436, 284.0, 334.0
437, 502.0, 364.0
438, 162.0, 387.0
439, 695.0, 94.0
440, 419.0, 86.0
441, 120.0, 180.0
442, 103.0, 168.0
443, 458.0, 295.0
444, 59.0, 76.0
445, 478.0, 223.0
446, 440.0, 242.0
447, 412.0, 255.0
448, 301.0, 347.0
449, 570.0, 198.0
450, 164.0, 328.0
451, 567.0, 232.0
452, 495.0, 230.0
453, 441.0, 429.0
454, 455.0, 384.0
455, 653.0, 233.0
456, 320.0, 276.0
457, 716.0, 38.0
458, 373.0, 423.0
459, 41.0, 206.0
460, 652.0, 9.0
461, 297.0, 239.0
462, 654.0, 136.0
463, 35.0, 296.0
464, 46.0, 352.0
465, 491.0, 203.0
466, 535.0, 274.0
467, 8.0, 252.0
468, 563.0, 90.0
469, 713.0, 95.0
470, 133.0, 144.0
471, 35.0, 180.0
472, 206.0, 354.0
473, 39.0, 243.0
474, 204.0, 233.0
475, 570.0, 43.0
476, 593.0, 281.0
477, 573.0, 399.0
478, 582.0, 347.0
479, 578.0, 150.0
480, 677.0, 235.0
481, 343.0, 333.0
482, 609.0, 363.0
483, 582.0, 361.0
484, 298.0, 196.0
485, 639.0, 194.0
486, 230.0, 299.0
487, 619.0, 274.0
488, 546.0, 220.0
489, 385.0, 422.0
490, 396.0, 196.0
491, 119.0, 323.0
492, 44.0, 121.0
493, 440.0, 64.0
494, 218.0, 337.0
495, 234.0, 81.0
496, 612.0, 353.0
497, 36.0, 74.0
498, 220.0, 203.0
499, 410.0, 337.0
