0, 88.0, 217.0
1, 357.0, 53.0
2, 355.0, 465.0
3, 344.0, 50.0
4, 72.0, 157.0
5, 310.0, 95.0
6, 527.0, 222.0
7, 708.0, 223.0
8, 77.0, 290.0
9, 651.0, 142.0
10, 576.0, 454.0
11, 82.0, 313.0
12, 286.0, 438.0
13, 184.0, 151.0
14, 178.0, 48.0
15, 566.0, 296.0
16, 48.0, 51.0
17, 497.0, 403.0
18, 532.0, 451.0
19, 206.0, 80.0
20, 53.0, 70.0
21, 80.0, 196.0
22, 199.0, 122.0
23, 373.0, 47.0
24, 345.0, 461.0
25, 520.0, 418.0
26, 659.0, 255.0
27, 196.0, 46.0
28, 471.0, 250.0
29, 349.0, 118.0
30, 578.0, 436.0
31, 571.0, 417.0
32, 340.0, 62.0
33, 728.0, 273.0
34, 125.0, 342.0
35, 229.0, 114.0
36, 78.0, 184.0
37, 223.0, 141.0
38, 524.0, 405.0
39, 193.0, 101.0
40, 280.0, 49.0
41, 294.0, 160.0
42, 210.0, 382.0
43, 93.0, 250.0
44, 607.0, 296.0
45, 169.0, 375.0
46, 577.0, 299.0
47, 205.0, 143.0
48, 307.0, 184.0
49, 407.0, 458.0
50, 347.0, 201.0
51, 390.0, 82.0
52, 426.0, 125.0
53, 25.0, 63.0
54, 601.0, 240.0
55, 523.0, 301.0
56, 154.0, 21.0
57, 217.0, 120.0
58, 79.0, 222.0
59, 74.0, 170.0
60, 177.0, 164.0
61, 593.0, 273.0
62, 91.0, 227.0
63, 115.0, 304.0
64, 127.0, 443.0
65, 332.0, 95.0
66, 610.0, 25.0
67, 334.0, 157.0
68, 123.0, 425.0
69, 263.0, 36.0
70, 528.0, 169.0
71, 693.0, 209.0
72, 265.0, 50.0
73, 638.0, 194.0
74, 183.0, 370.0
75, 136.0, 353.0
76, 305.0, 119.0
77, 188.0, 80.0
78, 51.0, 318.0
79, 384.0, 445.0
80, 615.0, 243.0
81, 51.0, 120.0
82, 690.0, 221.0
83, 41.0, 281.0
84, 214.0, 18.0
85, 644.0, 251.0
86, 513.0, 103.0
87, 351.0, 91.0
88, 58.0, 37.0
89, 541.0, 408.0
90, 342.0, 20.0
91, 566.0, 449.0
92, 122.0, 372.0
93, 194.0, 353.0
94, 268.0, 93.0
95, 196.0, 12.0
96, 589.0, 304.0
97, 91.0, 182.0
98, 629.0, 179.0
99, 113.0, 195.0
100, 636.0, 270.0
101, 183.0, 10.0
102, 171.0, 27.0
103, 206.0, 460.0
104, 534.0, 82.0
105, 642.0, 172.0
106, 50.0, 455.0
107, 176.0, 36.0
108, 593.0, 290.0
109, 521.0, 80.0
110, 712.0, 212.0
111, 34.0, 158.0
112, 201.0, 62.0
113, 494.0, 440.0
114, 75.0, 207.0
115, 287.0, 26.0
116, 690.0, 263.0
117, 100.0, 321.0
118, 341.0, 33.0
119, 206.0, 352.0
120, 141.0, 458.0
121, 502.0, 228.0
122, 708.0, 280.0
123, 298.0, 146.0
124, 423.0, 43.0
125, 316.0, 54.0
126, 544.0, 298.0
127, 516.0, 41.0
128, 20.0, 48.0
129, 50.0, 302.0
130, 578.0, 235.0
131, 472.0, 83.0
132, 92.0, 261.0
133, 502.0, 420.0
134, 38.0, 34.0
135, 279.0, 160.0
136, 697.0, 15.0
137, 89.0, 168.0
138, 263.0, 408.0
139, 526.0, 283.0
140, 555.0, 445.0
141, 97.0, 292.0
142, 290.0, 48.0
143, 728.0, 179.0
144, 634.0, 162.0
145, 562.0, 311.0
146, 505.0, 128.0
147, 357.0, 38.0
148, 348.0, 166.0
149, 167.0, 160.0
150, 192.0, 30.0
151, 661.0, 172.0
152, 236.0, 68.0
153, 707.0, 90.0
154, 227.0, 66.0
155, 501.0, 84.0
156, 575.0, 253.0
157, 37.0, 96.0
158, 604.0, 49.0
159, 196.0, 166.0
160, 64.0, 312.0
161, 454.0, 234.0
162, 103.0, 252.0
163, 578.0, 270.0
164, 209.0, 28.0
165, 426.0, 216.0
166, 210.0, 160.0
167, 185.0, 298.0
168, 250.0, 92.0
169, 191.0, 38.0
170, 178.0, 115.0
171, 619.0, 328.0
172, 135.0, 266.0
173, 211.0, 101.0
174, 138.0, 11.0
175, 563.0, 54.0
176, 193.0, 373.0
177, 583.0, 129.0
178, 348.0, 153.0
179, 65.0, 72.0
180, 636.0, 332.0
181, 284.0, 94.0
182, 92.0, 206.0
183, 583.0, 51.0
184, 418.0, 464.0
185, 45.0, 104.0
186, 262.0, 175.0
187, 129.0, 35.0
188, 128.0, 155.0
189, 332.0, 76.0
190, 379.0, 27.0
191, 173.0, 73.0
192, 200.0, 22.0
193, 62.0, 217.0
194, 365.0, 150.0
195, 560.0, 252.0
196, 285.0, 148.0
197, 592.0, 94.0
198, 348.0, 140.0
199, 655.0, 28.0
200, 629.0, 313.0
201, 237.0, 104.0
202, 321.0, 28.0
203, 617.0, 309.0
204, 491.0, 456.0
205, 92.0, 33.0
206, 147.0, 40.0
207, 362.0, 67.0
208, 287.0, 455.0
209, 176.0, 321.0
210, 539.0, 343.0
211, 512.0, 299.0
212, 221.0, 41.0
213, 259.0, 16.0
214, 597.0, 259.0
215, 392.0, 451.0
216, 623.0, 255.0
217, 182.0, 136.0
218, 512.0, 381.0
219, 322.0, 44.0
220, 410.0, 128.0
221, 625.0, 265.0
222, 74.0, 11.0
223, 347.0, 179.0
224, 569.0, 195.0
225, 354.0, 64.0
226, 279.0, 137.0
227, 470.0, 171.0
228, 503.0, 460.0
229, 334.0, 200.0
230, 654.0, 273.0
231, 416.0, 146.0
232, 260.0, 107.0
233, 531.0, 417.0
234, 517.0, 228.0
235, 538.0, 286.0
236, 154.0, 131.0
237, 167.0, 60.0
238, 575.0, 316.0
239, 131.0, 195.0
240, 545.0, 29.0
241, 96.0, 304.0
242, 675.0, 213.0
243, 547.0, 288.0
244, 329.0, 104.0
245, 340.0, 117.0
246, 40.0, 47.0
247, 289.0, 180.0
248, 251.0, 105.0
249, 70.0, 231.0
250, 429.0, 92.0
251, 340.0, 105.0
252, 568.0, 440.0
253, 362.0, 127.0
254, 40.0, 15.0
255, 376.0, 93.0
256, 611.0, 374.0
257, 173.0, 301.0
258, 157.0, 156.0
259, 386.0, 162.0
260, 241.0, 39.0
261, 613.0, 263.0
262, 308.0, 64.0
263, 363.0, 19.0
264, 305.0, 17.0
265, 114.0, 264.0
266, 360.0, 190.0
267, 580.0, 287.0
268, 576.0, 465.0
269, 543.0, 320.0
270, 555.0, 415.0
271, 17.0, 394.0
272, 670.0, 131.0
273, 177.0, 17.0
274, 662.0, 91.0
275, 42.0, 59.0
276, 543.0, 392.0
277, 8.0, 91.0
278, 85.0, 346.0
279, 304.0, 82.0
280, 391.0, 466.0
281, 490.0, 211.0
282, 42.0, 69.0
283, 157.0, 263.0
284, 509.0, 400.0
285, 240.0, 198.0
286, 320.0, 95.0
287, 235.0, 20.0
288, 628.0, 130.0
289, 648.0, 44.0
290, 180.0, 417.0
291, 133.0, 377.0
292, 499.0, 387.0
293, 323.0, 144.0
294, 77.0, 26.0
295, 557.0, 291.0
296, 520.0, 323.0
297, 238.0, 172.0
298, 514.0, 425.0
299, 638.0, 141.0
300, 129.0, 116.0
301, 730.0, 12.0
302, 83.0, 328.0
303, 547.0, 226.0
304, 74.0, 303.0
305, 206.0, 334.0
306, 64.0, 258.0
307, 15.0, 31.0
308, 558.0, 397.0
309, 625.0, 92.0
310, 91.0, 271.0
311, 352.0, 225.0
312, 194.0, 146.0
313, 184.0, 346.0
314, 165.0, 191.0
315, 441.0, 113.0
316, 350.0, 107.0
317, 245.0, 16.0
318, 586.0, 468.0
319, 103.0, 406.0
320, 740.0, 136.0
321, 203.0, 306.0
322, 479.0, 109.0
323, 190.0, 90.0
324, 743.0, 11.0
325, 210.0, 91.0
326, 324.0, 118.0
327, 619.0, 299.0
328, 20.0, 10.0
329, 161.0, 43.0
330, 394.0, 106.0
331, 277.0, 120.0
332, 110.0, 35.0
333, 524.0, 99.0
334, 70.0, 334.0
335, 189.0, 339.0
336, 532.0, 331.0
337, 114.0, 213.0
338, 741.0, 285.0
339, 147.0, 70.0
340, 409.0, 201.0
341, 430.0, 17.0
342, 570.0, 339.0
343, 720.0, 14.0
344, 313.0, 165.0
345, 70.0, 272.0
346, 177.0, 60.0
347, 352.0, 77.0
348, 506.0, 411.0
349, 14.0, 412.0
350, 542.0, 370.0
351, 552.0, 16.0
352, 292.0, 210.0
353, 105.0, 265.0
354, 164.0, 390.0
355, 341.0, 222.0
356, 183.0, 286.0
357, 229.0, 91.0
358, 277.0, 11.0
359, 251.0, 36.0
360, 282.0, 18.0
361, 658.0, 437.0
362, 15.0, 218.0
363, 592.0, 323.0
364, 212.0, 362.0
365, 541.0, 307.0
366, 266.0, 69.0
367, 557.0, 265.0
368, 278.0, 110.0
369, 95.0, 279.0
370, 244.0, 63.0
371, 445.0, 96.0
372, 189.0, 253.0
373, 254.0, 69.0
374, 99.0, 222.0
375, 282.0, 68.0
376, 334.0, 177.0
377, 448.0, 43.0
378, 334.0, 165.0
379, 589.0, 446.0
380, 347.0, 445.0
381, 340.0, 10.0
382, 104.0, 337.0
383, 38.0, 330.0
384, 632.0, 249.0
385, 359.0, 27.0
386, 631.0, 288.0
387, 79.0, 280.0
388, 466.0, 183.0
389, 686.0, 278.0
390, 36.0, 203.0
391, 577.0, 329.0
392, 534.0, 225.0
393, 75.0, 104.0
394, 221.0, 471.0
395, 257.0, 389.0
396, 575.0, 162.0
397, 128.0, 390.0
398, 514.0, 205.0
399, 541.0, 379.0
400, 50.0, 436.0
401, 725.0, 283.0
402, 672.0, 16.0
403, 578.0, 443.0
404, 496.0, 255.0
405, 164.0, 9.0
406, 409.0, 193.0
407, 27.0, 216.0
408, 382.0, 464.0
409, 119.0, 20.0
410, 258.0, 161.0
411, 104.0, 156.0
412, 136.0, 329.0
413, 265.0, 62.0
414, 150.0, 378.0
415, 524.0, 245.0
416, 37.0, 438.0
417, 381.0, 208.0
418, 678.0, 17.0
419, 23.0, 159.0
420, 145.0, 194.0
421, 133.0, 434.0
422, 332.0, 128.0
423, 611.0, 9.0
424, 244.0, 92.0
425, 124.0, 328.0
426, 161.0, 116.0
427, 531.0, 435.0
428, 11.0, 109.0
429, 303.0, 418.0
430, 120.0, 116.0
431, 90.0, 17.0
432, 431.0, 197.0
433, 115.0, 325.0
434, 270.0, 29.0
435, 131.0, 60.0
436, 72.0, 34.0
437, 236.0, 55.0
438, 23.0, 403.0
439, 213.0, 43.0
440, 340.0, 126.0
441, 142.0, 116.0
442, 453.0, 17.0
443, 291.0, 169.0
444, 626.0, 247.0
445, 101.0, 389.0
446, 225.0, 19.0
447, 485.0, 92.0
448, 552.0, 430.0
449, 680.0, 178.0
450, 622.0, 161.0
451, 257.0, 92.0
452, 557.0, 282.0
453, 11.0, 177.0
454, 365.0, 91.0
455, 41.0, 319.0
456, 646.0, 9.0
457, 189.0, 419.0
458, 218.0, 426.0
459, 152.0, 116.0
460, 332.0, 119.0
461, 133.0, 209.0
462, 722.0, 220.0
463, 452.0, 98.0
464, 100.0, 194.0
465, 187.0, 187.0
466, 528.0, 127.0
467, 639.0, 149.0
468, 642.0, 277.0
469, 110.0, 351.0
470, 315.0, 36.0
471, 166.0, 426.0
472, 327.0, 204.0
473, 297.0, 112.0
474, 487.0, 254.0
475, 560.0, 335.0
476, 542.0, 46.0
477, 335.0, 136.0
478, 568.0, 429.0
479, 29.0, 73.0
480, 506.0, 250.0
481, 120.0, 95.0
482, 201.0, 415.0
483, 9.0, 70.0
484, 79.0, 268.0
485, 341.0, 88.0
486, 183.0, 439.0
487, 34.0, 271.0
488, 44.0, 292.0
489, 712.0, 269.0
490, 234.0, 92.0
491, 175.0, 356.0
492, 81.0, 115.0
493, 100.0, 282.0
494, 620.0, 171.0
495, 226.0, 56.0
496, 317.0, 70.0
497, 546.0, 238.0
498, 420.0, 113.0
499, 302.0, 431.0
