0, 255.0, 86.0
1, 254.0, 70.0
2, 351.0, 87.0
3, 79.0, 128.0
4, 101.0, 120.0
5, 300.0, 175.0
6, 278.0, 178.0
7, 312.0, 196.0
8, 392.0, 71.0
9, 251.0, 369.0
10, 343.0, 442.0
11, 567.0, 208.0
12, 204.0, 98.0
13, 256.0, 98.0
14, 391.0, 99.0
15, 16.0, 117.0
16, 351.0, 71.0
17, 443.0, 144.0
18, 240.0, 187.0
19, 230.0, 194.0
20, 447.0, 87.0
21, 399.0, 212.0
22, 264.0, 189.0
23, 202.0, 87.0
24, 246.0, 146.0
25, 214.0, 86.0
26, 265.0, 71.0
27, 71.0, 172.0
28, 380.0, 440.0
29, 436.0, 189.0
30, 324.0, 86.0
31, 318.0, 250.0
32, 65.0, 213.0
33, 416.0, 241.0
34, 261.0, 178.0
35, 351.0, 100.0
36, 321.0, 70.0
37, 477.0, 324.0
38, 278.0, 235.0
39, 357.0, 453.0
40, 530.0, 285.0
41, 121.0, 155.0
42, 167.0, 198.0
43, 526.0, 298.0
44, 311.0, 87.0
45, 428.0, 364.0
46, 393.0, 43.0
47, 419.0, 434.0
48, 534.0, 379.0
49, 239.0, 175.0
50, 383.0, 464.0
51, 165.0, 176.0
52, 412.0, 414.0
53, 392.0, 86.0
54, 196.0, 113.0
55, 64.0, 300.0
56, 107.0, 85.0
57, 329.0, 386.0
58, 82.0, 112.0
59, 371.0, 452.0
60, 179.0, 203.0
61, 356.0, 441.0
62, 392.0, 438.0
63, 59.0, 101.0
64, 279.0, 217.0
65, 290.0, 177.0
66, 570.0, 55.0
67, 457.0, 87.0
68, 439.0, 394.0
69, 288.0, 216.0
70, 468.0, 444.0
71, 232.0, 209.0
72, 289.0, 149.0
73, 338.0, 87.0
74, 134.0, 225.0
75, 427.0, 146.0
76, 200.0, 71.0
77, 340.0, 356.0
78, 310.0, 352.0
79, 81.0, 38.0
80, 266.0, 87.0
81, 286.0, 332.0
82, 549.0, 185.0
83, 174.0, 139.0
84, 107.0, 112.0
85, 89.0, 53.0
86, 272.0, 300.0
87, 565.0, 112.0
88, 540.0, 350.0
89, 109.0, 56.0
90, 156.0, 209.0
91, 446.0, 233.0
92, 559.0, 202.0
93, 112.0, 125.0
94, 43.0, 164.0
95, 567.0, 79.0
96, 564.0, 226.0
97, 85.0, 240.0
98, 390.0, 427.0
99, 215.0, 98.0
100, 253.0, 300.0
101, 396.0, 462.0
102, 155.0, 98.0
103, 243.0, 131.0
104, 448.0, 71.0
105, 212.0, 70.0
106, 273.0, 267.0
107, 443.0, 276.0
108, 382.0, 450.0
109, 191.0, 171.0
110, 326.0, 98.0
111, 407.0, 388.0
112, 394.0, 451.0
113, 253.0, 359.0
114, 508.0, 301.0
115, 52.0, 87.0
116, 553.0, 165.0
117, 313.0, 184.0
118, 562.0, 126.0
119, 217.0, 210.0
120, 83.0, 165.0
121, 19.0, 131.0
122, 299.0, 203.0
123, 440.0, 17.0
124, 43.0, 117.0
125, 162.0, 190.0
126, 75.0, 47.0
127, 81.0, 212.0
128, 227.0, 233.0
129, 52.0, 172.0
130, 338.0, 111.0
131, 388.0, 416.0
132, 303.0, 382.0
133, 266.0, 204.0
134, 31.0, 105.0
135, 269.0, 288.0
136, 104.0, 32.0
137, 216.0, 131.0
138, 105.0, 384.0
139, 323.0, 216.0
140, 387.0, 407.0
141, 279.0, 188.0
142, 58.0, 395.0
143, 529.0, 351.0
144, 568.0, 267.0
145, 449.0, 57.0
146, 113.0, 45.0
147, 475.0, 374.0
148, 292.0, 227.0
149, 517.0, 282.0
150, 291.0, 253.0
151, 450.0, 162.0
152, 35.0, 25.0
153, 268.0, 218.0
154, 231.0, 251.0
155, 32.0, 261.0
156, 124.0, 118.0
157, 431.0, 222.0
158, 390.0, 111.0
159, 217.0, 195.0
160, 413.0, 99.0
161, 205.0, 126.0
162, 377.0, 418.0
163, 453.0, 252.0
164, 248.0, 166.0
165, 402.0, 417.0
166, 318.0, 112.0
167, 408.0, 365.0
168, 496.0, 418.0
169, 361.0, 146.0
170, 206.0, 17.0
171, 189.0, 152.0
172, 403.0, 86.0
173, 361.0, 181.0
174, 392.0, 55.0
175, 336.0, 250.0
176, 257.0, 142.0
177, 66.0, 85.0
178, 410.0, 406.0
179, 378.0, 428.0
180, 37.0, 147.0
181, 382.0, 381.0
182, 331.0, 202.0
183, 166.0, 125.0
184, 527.0, 258.0
185, 197.0, 149.0
186, 343.0, 431.0
187, 153.0, 179.0
188, 461.0, 457.0
189, 131.0, 210.0
190, 447.0, 124.0
191, 146.0, 28.0
192, 402.0, 307.0
193, 67.0, 161.0
194, 118.0, 147.0
195, 457.0, 100.0
196, 303.0, 274.0
197, 367.0, 430.0
198, 429.0, 251.0
199, 267.0, 98.0
200, 372.0, 463.0
201, 79.0, 148.0
202, 79.0, 99.0
203, 312.0, 98.0
204, 392.0, 381.0
205, 212.0, 177.0
206, 126.0, 343.0
207, 118.0, 111.0
208, 88.0, 185.0
209, 304.0, 219.0
210, 167.0, 53.0
211, 420.0, 211.0
212, 546.0, 37.0
213, 185.0, 283.0
214, 197.0, 132.0
215, 486.0, 51.0
216, 148.0, 52.0
217, 532.0, 391.0
218, 156.0, 162.0
219, 446.0, 100.0
220, 424.0, 172.0
221, 363.0, 311.0
222, 77.0, 201.0
223, 95.0, 39.0
224, 452.0, 471.0
225, 68.0, 222.0
226, 545.0, 211.0
227, 317.0, 125.0
228, 448.0, 456.0
229, 73.0, 394.0
230, 436.0, 461.0
231, 33.0, 137.0
232, 432.0, 446.0
233, 61.0, 201.0
234, 391.0, 18.0
235, 83.0, 25.0
236, 354.0, 409.0
237, 316.0, 152.0
238, 311.0, 71.0
239, 302.0, 319.0
240, 285.0, 112.0
241, 298.0, 339.0
242, 403.0, 426.0
243, 83.0, 299.0
244, 415.0, 184.0
245, 680.0, 326.0
246, 376.0, 409.0
247, 585.0, 14.0
248, 119.0, 169.0
249, 279.0, 201.0
250, 453.0, 434.0
251, 151.0, 70.0
252, 495.0, 316.0
253, 582.0, 132.0
254, 415.0, 162.0
255, 214.0, 112.0
256, 333.0, 217.0
257, 301.0, 131.0
258, 251.0, 322.0
259, 351.0, 55.0
260, 412.0, 296.0
261, 509.0, 262.0
262, 97.0, 133.0
263, 139.0, 131.0
264, 284.0, 166.0
265, 485.0, 348.0
266, 158.0, 382.0
267, 122.0, 191.0
268, 430.0, 436.0
269, 154.0, 86.0
270, 310.0, 361.0
271, 330.0, 422.0
272, 77.0, 273.0
273, 680.0, 342.0
274, 331.0, 443.0
275, 424.0, 55.0
276, 428.0, 394.0
277, 135.0, 167.0
278, 214.0, 240.0
279, 252.0, 267.0
280, 400.0, 174.0
281, 101.0, 63.0
282, 315.0, 290.0
283, 242.0, 199.0
284, 41.0, 414.0
285, 169.0, 417.0
286, 187.0, 140.0
287, 445.0, 447.0
288, 409.0, 462.0
289, 406.0, 228.0
290, 369.0, 439.0
291, 166.0, 254.0
292, 309.0, 340.0
293, 415.0, 126.0
294, 135.0, 154.0
295, 423.0, 459.0
296, 77.0, 60.0
297, 47.0, 16.0
298, 382.0, 36.0
299, 468.0, 138.0
300, 423.0, 322.0
301, 163.0, 70.0
302, 390.0, 126.0
303, 113.0, 33.0
304, 118.0, 69.0
305, 226.0, 17.0
306, 473.0, 311.0
307, 41.0, 196.0
308, 372.0, 55.0
309, 439.0, 290.0
310, 480.0, 293.0
311, 365.0, 419.0
312, 493.0, 274.0
313, 388.0, 218.0
314, 499.0, 330.0
315, 349.0, 343.0
316, 417.0, 71.0
317, 457.0, 110.0
318, 495.0, 352.0
319, 312.0, 279.0
320, 154.0, 111.0
321, 49.0, 62.0
322, 418.0, 363.0
323, 536.0, 364.0
324, 358.0, 466.0
325, 415.0, 86.0
326, 331.0, 466.0
327, 49.0, 226.0
328, 459.0, 71.0
329, 124.0, 278.0
330, 377.0, 118.0
331, 164.0, 426.0
332, 440.0, 179.0
333, 474.0, 85.0
334, 85.0, 197.0
335, 120.0, 55.0
336, 285.0, 322.0
337, 296.0, 113.0
338, 247.0, 18.0
339, 520.0, 272.0
340, 66.0, 231.0
341, 353.0, 428.0
342, 146.0, 276.0
343, 106.0, 183.0
344, 288.0, 239.0
345, 214.0, 168.0
346, 60.0, 290.0
347, 420.0, 448.0
348, 328.0, 146.0
349, 313.0, 34.0
350, 521.0, 306.0
351, 546.0, 141.0
352, 519.0, 367.0
353, 431.0, 125.0
354, 525.0, 204.0
355, 402.0, 35.0
356, 420.0, 341.0
357, 512.0, 202.0
358, 63.0, 38.0
359, 198.0, 53.0
360, 265.0, 320.0
361, 98.0, 149.0
362, 371.0, 71.0
363, 345.0, 168.0
364, 698.0, 339.0
365, 366.0, 342.0
366, 314.0, 235.0
367, 299.0, 249.0
368, 416.0, 425.0
369, 29.0, 185.0
370, 425.0, 161.0
371, 498.0, 288.0
372, 180.0, 153.0
373, 378.0, 347.0
374, 124.0, 128.0
375, 521.0, 335.0
376, 497.0, 299.0
377, 33.0, 305.0
378, 146.0, 123.0
379, 252.0, 54.0
380, 93.0, 252.0
381, 210.0, 417.0
382, 362.0, 391.0
383, 501.0, 75.0
384, 252.0, 207.0
385, 336.0, 71.0
386, 111.0, 226.0
387, 480.0, 139.0
388, 489.0, 360.0
389, 353.0, 400.0
390, 183.0, 381.0
391, 375.0, 398.0
392, 543.0, 268.0
393, 269.0, 237.0
394, 277.0, 253.0
395, 85.0, 67.0
396, 367.0, 332.0
397, 420.0, 195.0
398, 291.0, 282.0
399, 210.0, 53.0
400, 263.0, 378.0
401, 500.0, 361.0
402, 23.0, 415.0
403, 262.0, 17.0
404, 521.0, 142.0
405, 110.0, 252.0
406, 378.0, 154.0
407, 290.0, 269.0
408, 128.0, 254.0
409, 405.0, 344.0
410, 672.0, 346.0
411, 439.0, 424.0
412, 327.0, 260.0
413, 482.0, 40.0
414, 463.0, 41.0
415, 400.0, 189.0
416, 182.0, 113.0
417, 94.0, 28.0
418, 442.0, 110.0
419, 256.0, 121.0
420, 13.0, 258.0
421, 410.0, 55.0
422, 435.0, 268.0
423, 433.0, 412.0
424, 271.0, 165.0
425, 51.0, 404.0
426, 572.0, 252.0
427, 70.0, 99.0
428, 200.0, 167.0
429, 392.0, 34.0
430, 473.0, 455.0
431, 315.0, 161.0
432, 376.0, 181.0
433, 266.0, 111.0
434, 299.0, 183.0
435, 518.0, 463.0
436, 22.0, 153.0
437, 238.0, 229.0
438, 440.0, 471.0
439, 173.0, 151.0
440, 531.0, 402.0
441, 431.0, 239.0
442, 314.0, 54.0
443, 285.0, 47.0
444, 329.0, 182.0
445, 388.0, 358.0
446, 314.0, 176.0
447, 370.0, 110.0
448, 264.0, 54.0
449, 104.0, 162.0
450, 161.0, 137.0
451, 556.0, 248.0
452, 380.0, 366.0
453, 105.0, 137.0
454, 104.0, 350.0
455, 560.0, 37.0
456, 475.0, 336.0
457, 406.0, 111.0
458, 358.0, 354.0
459, 47.0, 377.0
460, 402.0, 98.0
461, 130.0, 144.0
462, 13.0, 29.0
463, 333.0, 54.0
464, 459.0, 286.0
465, 69.0, 21.0
466, 341.0, 368.0
467, 689.0, 348.0
468, 463.0, 17.0
469, 109.0, 101.0
470, 184.0, 127.0
471, 543.0, 338.0
472, 546.0, 303.0
473, 559.0, 189.0
474, 438.0, 160.0
475, 177.0, 183.0
476, 387.0, 397.0
477, 81.0, 384.0
478, 94.0, 99.0
479, 56.0, 25.0
480, 8.0, 101.0
481, 268.0, 363.0
482, 504.0, 229.0
483, 291.0, 364.0
484, 585.0, 113.0
485, 152.0, 398.0
486, 137.0, 142.0
487, 194.0, 17.0
488, 293.0, 417.0
489, 146.0, 198.0
490, 459.0, 220.0
491, 445.0, 297.0
492, 462.0, 126.0
493, 249.0, 432.0
494, 242.0, 394.0
495, 66.0, 128.0
496, 90.0, 309.0
497, 558.0, 140.0
498, 73.0, 311.0
499, 37.0, 437.0
