0, 612.0, 156.0
1, 344.0, 45.0
2, 424.0, 88.0
3, 430.0, 74.0
4, 378.0, 117.0
5, 183.0, 29.0
6, 561.0, 122.0
7, 555.0, 111.0
8, 387.0, 152.0
9, 222.0, 155.0
10, 549.0, 56.0
11, 389.0, 31.0
12, 354.0, 145.0
13, 343.0, 55.0
14, 455.0, 27.0
15, 198.0, 105.0
16, 640.0, 42.0
17, 165.0, 96.0
18, 632.0, 73.0
19, 347.0, 196.0
20, 671.0, 76.0
21, 319.0, 177.0
22, 399.0, 154.0
23, 336.0, 143.0
24, 503.0, 78.0
25, 430.0, 119.0
26, 256.0, 118.0
27, 436.0, 90.0
28, 306.0, 80.0
29, 493.0, 66.0
30, 157.0, 208.0
31, 294.0, 177.0
32, 659.0, 84.0
33, 415.0, 30.0
34, 452.0, 55.0
35, 378.0, 129.0
36, 435.0, 11.0
37, 652.0, 40.0
38, 131.0, 210.0
39, 431.0, 57.0
40, 448.0, 96.0
41, 396.0, 11.0
42, 142.0, 262.0
43, 455.0, 11.0
44, 339.0, 101.0
45, 141.0, 73.0
46, 365.0, 46.0
47, 305.0, 92.0
48, 629.0, 83.0
49, 696.0, 124.0
50, 399.0, 55.0
51, 488.0, 21.0
52, 712.0, 177.0
53, 430.0, 102.0
54, 450.0, 69.0
55, 259.0, 142.0
56, 459.0, 122.0
57, 169.0, 284.0
58, 361.0, 76.0
59, 697.0, 21.0
60, 657.0, 123.0
61, 648.0, 179.0
62, 172.0, 54.0
63, 572.0, 180.0
64, 602.0, 316.0
65, 493.0, 96.0
66, 160.0, 59.0
67, 273.0, 162.0
68, 297.0, 37.0
69, 212.0, 127.0
70, 606.0, 62.0
71, 625.0, 280.0
72, 354.0, 89.0
73, 434.0, 28.0
74, 565.0, 93.0
75, 330.0, 86.0
76, 573.0, 142.0
77, 200.0, 125.0
78, 328.0, 73.0
79, 271.0, 101.0
80, 505.0, 265.0
81, 702.0, 108.0
82, 216.0, 38.0
83, 557.0, 175.0
84, 193.0, 258.0
85, 541.0, 137.0
86, 170.0, 18.0
87, 186.0, 291.0
88, 336.0, 113.0
89, 591.0, 82.0
90, 130.0, 22.0
91, 272.0, 176.0
92, 370.0, 66.0
93, 629.0, 140.0
94, 596.0, 122.0
95, 505.0, 62.0
96, 316.0, 100.0
97, 104.0, 123.0
98, 273.0, 71.0
99, 362.0, 17.0
100, 662.0, 74.0
101, 303.0, 216.0
102, 536.0, 60.0
103, 173.0, 205.0
104, 333.0, 180.0
105, 722.0, 28.0
106, 198.0, 58.0
107, 462.0, 82.0
108, 289.0, 187.0
109, 447.0, 107.0
110, 120.0, 215.0
111, 175.0, 344.0
112, 707.0, 78.0
113, 322.0, 165.0
114, 73.0, 224.0
115, 150.0, 317.0
116, 96.0, 208.0
117, 133.0, 311.0
118, 396.0, 86.0
119, 267.0, 114.0
120, 502.0, 246.0
121, 644.0, 151.0
122, 611.0, 294.0
123, 196.0, 242.0
124, 313.0, 160.0
125, 297.0, 115.0
126, 341.0, 65.0
127, 40.0, 190.0
128, 93.0, 193.0
129, 370.0, 31.0
130, 153.0, 16.0
131, 29.0, 297.0
132, 332.0, 168.0
133, 237.0, 128.0
134, 72.0, 274.0
135, 279.0, 63.0
136, 112.0, 289.0
137, 331.0, 194.0
138, 71.0, 21.0
139, 344.0, 32.0
140, 164.0, 82.0
141, 717.0, 52.0
142, 413.0, 76.0
143, 380.0, 66.0
144, 442.0, 17.0
145, 177.0, 257.0
146, 740.0, 81.0
147, 122.0, 251.0
148, 401.0, 65.0
149, 254.0, 71.0
150, 584.0, 163.0
151, 340.0, 17.0
152, 258.0, 131.0
153, 379.0, 84.0
154, 326.0, 54.0
155, 534.0, 29.0
156, 71.0, 256.0
157, 470.0, 96.0
158, 141.0, 246.0
159, 457.0, 47.0
160, 196.0, 96.0
161, 290.0, 215.0
162, 373.0, 243.0
163, 196.0, 224.0
164, 365.0, 191.0
165, 230.0, 17.0
166, 323.0, 230.0
167, 691.0, 169.0
168, 484.0, 31.0
169, 583.0, 96.0
170, 87.0, 154.0
171, 731.0, 130.0
172, 22.0, 159.0
173, 343.0, 160.0
174, 111.0, 269.0
175, 623.0, 74.0
176, 187.0, 93.0
177, 359.0, 32.0
178, 319.0, 84.0
179, 206.0, 288.0
180, 338.0, 90.0
181, 302.0, 54.0
182, 142.0, 201.0
183, 714.0, 97.0
184, 63.0, 36.0
185, 722.0, 106.0
186, 557.0, 199.0
187, 674.0, 110.0
188, 347.0, 239.0
189, 230.0, 292.0
190, 728.0, 9.0
191, 69.0, 242.0
192, 453.0, 231.0
193, 284.0, 106.0
194, 12.0, 373.0
195, 524.0, 210.0
196, 355.0, 127.0
197, 518.0, 26.0
198, 379.0, 32.0
199, 84.0, 343.0
200, 714.0, 88.0
201, 616.0, 199.0
202, 360.0, 230.0
203, 398.0, 130.0
204, 70.0, 314.0
205, 481.0, 65.0
206, 735.0, 100.0
207, 552.0, 151.0
208, 612.0, 334.0
209, 525.0, 62.0
210, 177.0, 329.0
211, 641.0, 196.0
212, 606.0, 357.0
213, 168.0, 322.0
214, 657.0, 201.0
215, 143.0, 361.0
216, 353.0, 69.0
217, 576.0, 63.0
218, 616.0, 318.0
219, 686.0, 26.0
220, 56.0, 127.0
221, 298.0, 134.0
222, 344.0, 443.0
223, 262.0, 291.0
224, 287.0, 206.0
225, 636.0, 170.0
226, 85.0, 243.0
227, 114.0, 304.0
228, 97.0, 110.0
229, 83.0, 209.0
230, 239.0, 307.0
231, 550.0, 31.0
232, 537.0, 192.0
233, 291.0, 60.0
234, 39.0, 369.0
235, 182.0, 72.0
236, 389.0, 54.0
237, 563.0, 63.0
238, 415.0, 10.0
239, 401.0, 30.0
240, 588.0, 186.0
241, 148.0, 100.0
242, 288.0, 152.0
243, 66.0, 408.0
244, 150.0, 299.0
245, 36.0, 388.0
246, 96.0, 298.0
247, 516.0, 123.0
248, 228.0, 27.0
249, 595.0, 61.0
250, 150.0, 231.0
251, 179.0, 269.0
252, 726.0, 79.0
253, 83.0, 109.0
254, 418.0, 106.0
255, 552.0, 69.0
256, 636.0, 110.0
257, 181.0, 100.0
258, 168.0, 303.0
259, 639.0, 18.0
260, 689.0, 147.0
261, 553.0, 121.0
262, 75.0, 291.0
263, 471.0, 10.0
264, 342.0, 9.0
265, 318.0, 32.0
266, 620.0, 83.0
267, 603.0, 97.0
268, 242.0, 114.0
269, 510.0, 149.0
270, 399.0, 118.0
271, 438.0, 114.0
272, 469.0, 27.0
273, 51.0, 243.0
274, 668.0, 86.0
275, 212.0, 217.0
276, 310.0, 230.0
277, 170.0, 227.0
278, 341.0, 25.0
279, 144.0, 86.0
280, 487.0, 202.0
281, 356.0, 215.0
282, 716.0, 78.0
283, 502.0, 123.0
284, 500.0, 108.0
285, 46.0, 176.0
286, 588.0, 151.0
287, 674.0, 65.0
288, 265.0, 88.0
289, 316.0, 138.0
290, 469.0, 165.0
291, 235.0, 171.0
292, 94.0, 283.0
293, 114.0, 373.0
294, 370.0, 10.0
295, 645.0, 419.0
296, 704.0, 88.0
297, 493.0, 80.0
298, 618.0, 217.0
299, 374.0, 182.0
300, 318.0, 150.0
301, 194.0, 133.0
302, 199.0, 327.0
303, 159.0, 264.0
304, 37.0, 154.0
305, 248.0, 145.0
306, 311.0, 63.0
307, 219.0, 290.0
308, 641.0, 162.0
309, 106.0, 344.0
310, 584.0, 134.0
311, 355.0, 52.0
312, 743.0, 72.0
313, 60.0, 341.0
314, 627.0, 195.0
315, 131.0, 294.0
316, 385.0, 105.0
317, 162.0, 195.0
318, 185.0, 250.0
319, 445.0, 181.0
320, 150.0, 185.0
321, 368.0, 98.0
322, 625.0, 108.0
323, 130.0, 273.0
324, 602.0, 261.0
325, 94.0, 34.0
326, 527.0, 125.0
327, 173.0, 109.0
328, 334.0, 249.0
329, 471.0, 309.0
330, 150.0, 278.0
331, 442.0, 26.0
332, 330.0, 215.0
333, 64.0, 298.0
334, 217.0, 118.0
335, 454.0, 297.0
336, 138.0, 321.0
337, 328.0, 63.0
338, 317.0, 119.0
339, 272.0, 226.0
340, 197.0, 37.0
341, 71.0, 340.0
342, 326.0, 145.0
343, 535.0, 11.0
344, 570.0, 73.0
345, 650.0, 227.0
346, 220.0, 302.0
347, 626.0, 63.0
348, 566.0, 84.0
349, 153.0, 358.0
350, 491.0, 151.0
351, 414.0, 275.0
352, 528.0, 169.0
353, 62.0, 225.0
354, 174.0, 82.0
355, 421.0, 224.0
356, 113.0, 199.0
357, 112.0, 106.0
358, 294.0, 71.0
359, 693.0, 159.0
360, 731.0, 193.0
361, 593.0, 72.0
362, 490.0, 113.0
363, 531.0, 296.0
364, 130.0, 96.0
365, 47.0, 147.0
366, 405.0, 15.0
367, 600.0, 38.0
368, 443.0, 216.0
369, 300.0, 232.0
370, 183.0, 200.0
371, 715.0, 67.0
372, 55.0, 316.0
373, 281.0, 84.0
374, 641.0, 222.0
375, 498.0, 302.0
376, 583.0, 313.0
377, 195.0, 273.0
378, 436.0, 42.0
379, 249.0, 254.0
380, 478.0, 114.0
381, 411.0, 124.0
382, 51.0, 24.0
383, 253.0, 31.0
384, 307.0, 191.0
385, 333.0, 32.0
386, 283.0, 23.0
387, 387.0, 98.0
388, 122.0, 366.0
389, 410.0, 388.0
390, 508.0, 30.0
391, 102.0, 154.0
392, 43.0, 83.0
393, 523.0, 417.0
394, 577.0, 372.0
395, 174.0, 191.0
396, 479.0, 340.0
397, 123.0, 225.0
398, 109.0, 21.0
399, 68.0, 106.0
400, 598.0, 49.0
401, 353.0, 176.0
402, 269.0, 152.0
403, 495.0, 39.0
404, 185.0, 303.0
405, 158.0, 242.0
406, 187.0, 337.0
407, 606.0, 164.0
408, 663.0, 183.0
409, 248.0, 100.0
410, 474.0, 45.0
411, 508.0, 14.0
412, 207.0, 298.0
413, 369.0, 185.0
414, 611.0, 175.0
415, 566.0, 358.0
416, 39.0, 167.0
417, 555.0, 444.0
418, 526.0, 469.0
419, 182.0, 15.0
420, 519.0, 248.0
421, 471.0, 210.0
422, 304.0, 251.0
423, 328.0, 205.0
424, 32.0, 323.0
425, 206.0, 76.0
426, 101.0, 67.0
427, 37.0, 36.0
428, 71.0, 143.0
429, 12.0, 166.0
430, 44.0, 8.0
431, 299.0, 104.0
432, 329.0, 98.0
433, 76.0, 34.0
434, 293.0, 239.0
435, 101.0, 319.0
436, 22.0, 107.0
437, 166.0, 245.0
438, 640.0, 373.0
439, 600.0, 136.0
440, 459.0, 102.0
441, 331.0, 9.0
442, 63.0, 145.0
443, 742.0, 205.0
444, 179.0, 277.0
445, 162.0, 181.0
446, 120.0, 159.0
447, 705.0, 8.0
448, 133.0, 231.0
449, 238.0, 14.0
450, 230.0, 310.0
451, 528.0, 77.0
452, 439.0, 229.0
453, 67.0, 184.0
454, 198.0, 84.0
455, 494.0, 46.0
456, 588.0, 201.0
457, 222.0, 137.0
458, 225.0, 268.0
459, 87.0, 231.0
460, 136.0, 346.0
461, 600.0, 72.0
462, 664.0, 92.0
463, 254.0, 167.0
464, 737.0, 91.0
465, 314.0, 8.0
466, 327.0, 44.0
467, 377.0, 363.0
468, 207.0, 99.0
469, 379.0, 10.0
470, 636.0, 29.0
471, 560.0, 159.0
472, 368.0, 86.0
473, 8.0, 324.0
474, 195.0, 11.0
475, 665.0, 39.0
476, 696.0, 8.0
477, 740.0, 191.0
478, 674.0, 8.0
479, 536.0, 238.0
480, 234.0, 41.0
481, 52.0, 183.0
482, 600.0, 378.0
483, 18.0, 342.0
484, 294.0, 84.0
485, 284.0, 35.0
486, 351.0, 208.0
487, 290.0, 229.0
488, 634.0, 99.0
489, 464.0, 68.0
490, 569.0, 131.0
491, 571.0, 28.0
492, 555.0, 380.0
493, 326.0, 33.0
494, 60.0, 290.0
495, 403.0, 110.0
496, 400.0, 79.0
497, 108.0, 259.0
498, 583.0, 27.0
499, 69.0, 11.0
