0, 201.0, 43.0
1, 165.0, 42.0
2, 555.0, 236.0
3, 530.0, 41.0
4, 97.0, 255.0
5, 438.0, 156.0
6, 118.0, 350.0
7, 503.0, 41.0
8, 354.0, 203.0
9, 231.0, 176.0
10, 213.0, 57.0
11, 542.0, 232.0
12, 310.0, 138.0
13, 308.0, 150.0
14, 356.0, 150.0
15, 109.0, 198.0
16, 426.0, 155.0
17, 340.0, 149.0
18, 476.0, 69.0
19, 190.0, 55.0
20, 279.0, 233.0
21, 654.0, 202.0
22, 363.0, 236.0
23, 336.0, 199.0
24, 431.0, 142.0
25, 163.0, 53.0
26, 693.0, 236.0
27, 260.0, 172.0
28, 195.0, 34.0
29, 496.0, 187.0
30, 185.0, 323.0
31, 567.0, 225.0
32, 338.0, 76.0
33, 300.0, 197.0
34, 307.0, 115.0
35, 563.0, 50.0
36, 727.0, 268.0
37, 268.0, 40.0
38, 645.0, 126.0
39, 379.0, 178.0
40, 96.0, 151.0
41, 417.0, 100.0
42, 506.0, 24.0
43, 298.0, 73.0
44, 93.0, 58.0
45, 121.0, 235.0
46, 87.0, 88.0
47, 631.0, 259.0
48, 83.0, 151.0
49, 382.0, 46.0
50, 379.0, 188.0
51, 144.0, 283.0
52, 355.0, 245.0
53, 493.0, 139.0
54, 693.0, 205.0
55, 201.0, 54.0
56, 437.0, 85.0
57, 432.0, 126.0
58, 710.0, 139.0
59, 578.0, 17.0
60, 139.0, 32.0
61, 452.0, 125.0
62, 117.0, 188.0
63, 450.0, 138.0
64, 546.0, 133.0
65, 226.0, 23.0
66, 492.0, 166.0
67, 244.0, 34.0
68, 519.0, 20.0
69, 163.0, 304.0
70, 173.0, 153.0
71, 550.0, 29.0
72, 517.0, 63.0
73, 450.0, 181.0
74, 619.0, 10.0
75, 140.0, 216.0
76, 248.0, 267.0
77, 556.0, 207.0
78, 275.0, 73.0
79, 71.0, 60.0
80, 612.0, 254.0
81, 537.0, 253.0
82, 141.0, 136.0
83, 156.0, 126.0
84, 112.0, 61.0
85, 374.0, 79.0
86, 502.0, 150.0
87, 113.0, 311.0
88, 580.0, 355.0
89, 276.0, 157.0
90, 272.0, 54.0
91, 351.0, 112.0
92, 159.0, 35.0
93, 101.0, 188.0
94, 385.0, 213.0
95, 105.0, 271.0
96, 483.0, 174.0
97, 173.0, 76.0
98, 115.0, 41.0
99, 11.0, 253.0
100, 602.0, 143.0
101, 469.0, 24.0
102, 554.0, 184.0
103, 340.0, 173.0
104, 594.0, 197.0
105, 607.0, 56.0
106, 562.0, 37.0
107, 123.0, 28.0
108, 50.0, 224.0
109, 205.0, 157.0
110, 426.0, 108.0
111, 167.0, 333.0
112, 674.0, 233.0
113, 66.0, 372.0
114, 353.0, 62.0
115, 608.0, 41.0
116, 609.0, 90.0
117, 350.0, 77.0
118, 330.0, 223.0
119, 688.0, 98.0
120, 710.0, 163.0
121, 63.0, 11.0
122, 85.0, 344.0
123, 68.0, 315.0
124, 291.0, 11.0
125, 618.0, 154.0
126, 115.0, 223.0
127, 656.0, 157.0
128, 460.0, 157.0
129, 404.0, 51.0
130, 117.0, 209.0
131, 521.0, 246.0
132, 259.0, 28.0
133, 67.0, 336.0
134, 132.0, 315.0
135, 505.0, 135.0
136, 715.0, 190.0
137, 226.0, 63.0
138, 645.0, 76.0
139, 280.0, 14.0
140, 143.0, 339.0
141, 602.0, 333.0
142, 436.0, 101.0
143, 437.0, 167.0
144, 351.0, 98.0
145, 545.0, 218.0
146, 578.0, 321.0
147, 315.0, 241.0
148, 192.0, 127.0
149, 123.0, 197.0
150, 328.0, 242.0
151, 178.0, 100.0
152, 247.0, 211.0
153, 105.0, 354.0
154, 420.0, 179.0
155, 125.0, 43.0
156, 171.0, 117.0
157, 233.0, 32.0
158, 403.0, 131.0
159, 379.0, 57.0
160, 573.0, 90.0
161, 393.0, 100.0
162, 109.0, 178.0
163, 172.0, 38.0
164, 418.0, 83.0
165, 90.0, 37.0
166, 335.0, 281.0
167, 152.0, 80.0
168, 720.0, 164.0
169, 384.0, 99.0
170, 105.0, 286.0
171, 533.0, 94.0
172, 559.0, 140.0
173, 135.0, 22.0
174, 93.0, 303.0
175, 210.0, 24.0
176, 176.0, 243.0
177, 129.0, 57.0
178, 89.0, 323.0
179, 128.0, 251.0
180, 670.0, 191.0
181, 28.0, 320.0
182, 613.0, 74.0
183, 665.0, 159.0
184, 370.0, 113.0
185, 698.0, 190.0
186, 215.0, 133.0
187, 448.0, 159.0
188, 699.0, 86.0
189, 456.0, 101.0
190, 460.0, 54.0
191, 564.0, 169.0
192, 48.0, 309.0
193, 532.0, 109.0
194, 106.0, 258.0
195, 71.0, 293.0
196, 588.0, 160.0
197, 545.0, 39.0
198, 643.0, 261.0
199, 666.0, 85.0
200, 667.0, 149.0
201, 262.0, 195.0
202, 300.0, 172.0
203, 342.0, 160.0
204, 354.0, 52.0
205, 698.0, 75.0
206, 714.0, 116.0
207, 702.0, 57.0
208, 242.0, 182.0
209, 126.0, 218.0
210, 109.0, 331.0
211, 184.0, 110.0
212, 404.0, 99.0
213, 400.0, 83.0
214, 532.0, 18.0
215, 728.0, 213.0
216, 255.0, 58.0
217, 606.0, 66.0
218, 382.0, 146.0
219, 743.0, 97.0
220, 371.0, 161.0
221, 599.0, 402.0
222, 534.0, 135.0
223, 512.0, 223.0
224, 642.0, 94.0
225, 712.0, 257.0
226, 457.0, 214.0
227, 630.0, 315.0
228, 141.0, 46.0
229, 262.0, 224.0
230, 373.0, 315.0
231, 273.0, 145.0
232, 9.0, 269.0
233, 482.0, 138.0
234, 327.0, 22.0
235, 687.0, 221.0
236, 691.0, 247.0
237, 317.0, 193.0
238, 367.0, 278.0
239, 691.0, 86.0
240, 355.0, 186.0
241, 709.0, 180.0
242, 424.0, 167.0
243, 628.0, 211.0
244, 53.0, 237.0
245, 176.0, 59.0
246, 515.0, 190.0
247, 49.0, 264.0
248, 269.0, 268.0
249, 289.0, 206.0
250, 547.0, 113.0
251, 570.0, 256.0
252, 393.0, 121.0
253, 352.0, 16.0
254, 113.0, 25.0
255, 634.0, 126.0
256, 334.0, 53.0
257, 391.0, 265.0
258, 265.0, 130.0
259, 457.0, 65.0
260, 347.0, 130.0
261, 28.0, 259.0
262, 300.0, 186.0
263, 266.0, 252.0
264, 484.0, 107.0
265, 324.0, 96.0
266, 479.0, 204.0
267, 627.0, 154.0
268, 162.0, 235.0
269, 565.0, 28.0
270, 337.0, 262.0
271, 187.0, 86.0
272, 288.0, 124.0
273, 570.0, 440.0
274, 126.0, 282.0
275, 729.0, 77.0
276, 117.0, 89.0
277, 423.0, 275.0
278, 346.0, 51.0
279, 128.0, 172.0
280, 720.0, 99.0
281, 91.0, 136.0
282, 272.0, 200.0
283, 592.0, 27.0
284, 87.0, 280.0
285, 370.0, 148.0
286, 247.0, 24.0
287, 356.0, 132.0
288, 77.0, 76.0
289, 85.0, 24.0
290, 434.0, 224.0
291, 336.0, 62.0
292, 86.0, 171.0
293, 516.0, 298.0
294, 591.0, 142.0
295, 222.0, 174.0
296, 48.0, 168.0
297, 262.0, 13.0
298, 100.0, 171.0
299, 270.0, 13.0
300, 317.0, 405.0
301, 701.0, 163.0
302, 597.0, 12.0
303, 172.0, 166.0
304, 429.0, 353.0
305, 48.0, 329.0
306, 581.0, 173.0
307, 267.0, 93.0
308, 470.0, 185.0
309, 129.0, 227.0
310, 677.0, 115.0
311, 455.0, 86.0
312, 389.0, 164.0
313, 590.0, 73.0
314, 86.0, 256.0
315, 494.0, 73.0
316, 204.0, 169.0
317, 346.0, 84.0
318, 65.0, 35.0
319, 401.0, 181.0
320, 376.0, 65.0
321, 210.0, 116.0
322, 271.0, 240.0
323, 194.0, 171.0
324, 529.0, 65.0
325, 666.0, 75.0
326, 491.0, 219.0
327, 310.0, 18.0
328, 301.0, 16.0
329, 616.0, 163.0
330, 731.0, 184.0
331, 95.0, 76.0
332, 663.0, 96.0
333, 230.0, 98.0
334, 468.0, 102.0
335, 28.0, 296.0
336, 477.0, 58.0
337, 489.0, 99.0
338, 195.0, 142.0
339, 382.0, 129.0
340, 297.0, 121.0
341, 458.0, 118.0
342, 699.0, 172.0
343, 226.0, 53.0
344, 126.0, 299.0
345, 27.0, 128.0
346, 317.0, 231.0
347, 735.0, 244.0
348, 283.0, 223.0
349, 123.0, 338.0
350, 601.0, 274.0
351, 148.0, 314.0
352, 464.0, 264.0
353, 345.0, 430.0
354, 318.0, 126.0
355, 736.0, 166.0
356, 207.0, 96.0
357, 490.0, 37.0
358, 579.0, 109.0
359, 472.0, 87.0
360, 135.0, 145.0
361, 235.0, 304.0
362, 688.0, 110.0
363, 199.0, 317.0
364, 312.0, 214.0
365, 51.0, 286.0
366, 140.0, 275.0
367, 196.0, 13.0
368, 131.0, 207.0
369, 174.0, 285.0
370, 171.0, 318.0
371, 510.0, 256.0
372, 562.0, 353.0
373, 156.0, 141.0
374, 588.0, 49.0
375, 364.0, 139.0
376, 22.0, 239.0
377, 280.0, 262.0
378, 686.0, 340.0
379, 25.0, 171.0
380, 631.0, 105.0
381, 621.0, 145.0
382, 600.0, 175.0
383, 696.0, 98.0
384, 640.0, 238.0
385, 478.0, 167.0
386, 91.0, 267.0
387, 37.0, 212.0
388, 68.0, 48.0
389, 239.0, 20.0
390, 482.0, 47.0
391, 507.0, 94.0
392, 134.0, 241.0
393, 328.0, 9.0
394, 331.0, 132.0
395, 156.0, 24.0
396, 289.0, 99.0
397, 400.0, 152.0
398, 303.0, 48.0
399, 678.0, 19.0
400, 63.0, 86.0
401, 282.0, 131.0
402, 425.0, 56.0
403, 540.0, 27.0
404, 617.0, 348.0
405, 621.0, 176.0
406, 383.0, 80.0
407, 413.0, 185.0
408, 687.0, 320.0
409, 176.0, 24.0
410, 136.0, 229.0
411, 632.0, 90.0
412, 373.0, 98.0
413, 298.0, 59.0
414, 558.0, 335.0
415, 634.0, 286.0
416, 75.0, 244.0
417, 129.0, 332.0
418, 570.0, 201.0
419, 319.0, 176.0
420, 330.0, 414.0
421, 583.0, 204.0
422, 496.0, 50.0
423, 315.0, 117.0
424, 464.0, 139.0
425, 524.0, 207.0
426, 431.0, 192.0
427, 406.0, 336.0
428, 40.0, 151.0
429, 150.0, 224.0
430, 72.0, 205.0
431, 112.0, 265.0
432, 529.0, 53.0
433, 484.0, 19.0
434, 635.0, 8.0
435, 93.0, 247.0
436, 144.0, 298.0
437, 596.0, 152.0
438, 223.0, 159.0
439, 116.0, 255.0
440, 511.0, 286.0
441, 123.0, 272.0
442, 30.0, 275.0
443, 99.0, 85.0
444, 618.0, 47.0
445, 597.0, 40.0
446, 591.0, 450.0
447, 150.0, 52.0
448, 436.0, 180.0
449, 367.0, 86.0
450, 307.0, 102.0
451, 628.0, 238.0
452, 658.0, 126.0
453, 163.0, 288.0
454, 526.0, 192.0
455, 425.0, 303.0
456, 323.0, 268.0
457, 516.0, 105.0
458, 572.0, 386.0
459, 521.0, 136.0
460, 160.0, 15.0
461, 44.0, 381.0
462, 499.0, 177.0
463, 330.0, 119.0
464, 403.0, 63.0
465, 402.0, 144.0
466, 430.0, 389.0
467, 494.0, 120.0
468, 150.0, 306.0
469, 140.0, 75.0
470, 299.0, 267.0
471, 245.0, 81.0
472, 590.0, 83.0
473, 723.0, 87.0
474, 351.0, 40.0
475, 516.0, 88.0
476, 299.0, 29.0
477, 98.0, 199.0
478, 672.0, 409.0
479, 507.0, 108.0
480, 628.0, 116.0
481, 386.0, 31.0
482, 660.0, 172.0
483, 401.0, 195.0
484, 733.0, 176.0
485, 657.0, 147.0
486, 608.0, 366.0
487, 87.0, 230.0
488, 564.0, 161.0
489, 600.0, 389.0
490, 574.0, 38.0
491, 442.0, 48.0
492, 415.0, 143.0
493, 255.0, 155.0
494, 572.0, 210.0
495, 334.0, 97.0
496, 146.0, 237.0
497, 104.0, 373.0
498, 412.0, 125.0
499, 461.0, 46.0
