0, 548.0, 399.0
1, 413.0, 350.0
2, 173.0, 243.0
3, 487.0, 205.0
4, 343.0, 321.0
5, 513.0, 408.0
6, 596.0, 242.0
7, 628.0, 360.0
8, 312.0, 223.0
9, 490.0, 308.0
10, 145.0, 60.0
11, 468.0, 337.0
12, 129.0, 260.0
13, 76.0, 283.0
14, 504.0, 449.0
15, 197.0, 36.0
16, 491.0, 436.0
17, 430.0, 217.0
18, 499.0, 404.0
19, 402.0, 87.0
20, 374.0, 431.0
21, 578.0, 75.0
22, 698.0, 305.0
23, 578.0, 280.0
24, 386.0, 448.0
25, 376.0, 317.0
26, 536.0, 398.0
27, 397.0, 387.0
28, 430.0, 227.0
29, 219.0, 137.0
30, 327.0, 29.0
31, 385.0, 434.0
32, 700.0, 377.0
33, 249.0, 469.0
34, 91.0, 390.0
35, 284.0, 311.0
36, 656.0, 232.0
37, 370.0, 197.0
38, 552.0, 281.0
39, 436.0, 332.0
40, 596.0, 454.0
41, 368.0, 459.0
42, 485.0, 447.0
43, 366.0, 168.0
44, 637.0, 71.0
45, 564.0, 226.0
46, 575.0, 291.0
47, 360.0, 211.0
48, 648.0, 257.0
49, 396.0, 401.0
50, 343.0, 421.0
51, 94.0, 315.0
52, 607.0, 444.0
53, 486.0, 220.0
54, 564.0, 375.0
55, 384.0, 199.0
56, 444.0, 202.0
57, 333.0, 344.0
58, 280.0, 301.0
59, 148.0, 346.0
60, 503.0, 430.0
61, 385.0, 184.0
62, 685.0, 331.0
63, 360.0, 295.0
64, 554.0, 249.0
65, 565.0, 385.0
66, 449.0, 124.0
67, 150.0, 329.0
68, 353.0, 402.0
69, 282.0, 25.0
70, 302.0, 141.0
71, 351.0, 186.0
72, 431.0, 202.0
73, 598.0, 229.0
74, 496.0, 331.0
75, 351.0, 233.0
76, 475.0, 444.0
77, 541.0, 453.0
78, 738.0, 238.0
79, 443.0, 218.0
80, 727.0, 444.0
81, 499.0, 206.0
82, 222.0, 200.0
83, 131.0, 221.0
84, 301.0, 45.0
85, 532.0, 424.0
86, 485.0, 393.0
87, 364.0, 140.0
88, 646.0, 169.0
89, 364.0, 391.0
90, 435.0, 345.0
91, 235.0, 301.0
92, 541.0, 278.0
93, 427.0, 121.0
94, 366.0, 21.0
95, 283.0, 321.0
96, 686.0, 288.0
97, 366.0, 325.0
98, 551.0, 323.0
99, 351.0, 446.0
100, 111.0, 435.0
101, 382.0, 381.0
102, 500.0, 465.0
103, 564.0, 210.0
104, 413.0, 368.0
105, 510.0, 360.0
106, 548.0, 429.0
107, 549.0, 225.0
108, 602.0, 213.0
109, 603.0, 65.0
110, 550.0, 381.0
111, 526.0, 380.0
112, 16.0, 333.0
113, 492.0, 296.0
114, 382.0, 236.0
115, 564.0, 238.0
116, 299.0, 314.0
117, 529.0, 368.0
118, 654.0, 196.0
119, 702.0, 392.0
120, 694.0, 354.0
121, 319.0, 212.0
122, 100.0, 245.0
123, 334.0, 326.0
124, 635.0, 321.0
125, 397.0, 346.0
126, 650.0, 246.0
127, 485.0, 231.0
128, 387.0, 330.0
129, 154.0, 63.0
130, 437.0, 75.0
131, 333.0, 367.0
132, 524.0, 394.0
133, 335.0, 157.0
134, 108.0, 184.0
135, 124.0, 106.0
136, 467.0, 141.0
137, 383.0, 257.0
138, 484.0, 466.0
139, 128.0, 248.0
140, 691.0, 107.0
141, 266.0, 450.0
142, 447.0, 153.0
143, 252.0, 383.0
144, 296.0, 111.0
145, 310.0, 87.0
146, 119.0, 318.0
147, 580.0, 264.0
148, 177.0, 437.0
149, 456.0, 335.0
150, 337.0, 235.0
151, 50.0, 328.0
152, 264.0, 372.0
153, 552.0, 293.0
154, 368.0, 303.0
155, 122.0, 224.0
156, 333.0, 132.0
157, 141.0, 47.0
158, 186.0, 404.0
159, 349.0, 121.0
160, 518.0, 366.0
161, 310.0, 59.0
162, 676.0, 172.0
163, 681.0, 303.0
164, 369.0, 407.0
165, 189.0, 330.0
166, 663.0, 340.0
167, 77.0, 238.0
168, 211.0, 223.0
169, 539.0, 121.0
170, 411.0, 103.0
171, 466.0, 154.0
172, 492.0, 244.0
173, 130.0, 117.0
174, 534.0, 337.0
175, 410.0, 416.0
176, 315.0, 141.0
177, 426.0, 347.0
178, 619.0, 357.0
179, 220.0, 150.0
180, 306.0, 259.0
181, 206.0, 283.0
182, 438.0, 306.0
183, 205.0, 310.0
184, 457.0, 350.0
185, 251.0, 457.0
186, 396.0, 285.0
187, 236.0, 431.0
188, 716.0, 398.0
189, 436.0, 132.0
190, 68.0, 389.0
191, 178.0, 391.0
192, 121.0, 418.0
193, 402.0, 185.0
194, 667.0, 259.0
195, 339.0, 271.0
196, 505.0, 284.0
197, 489.0, 155.0
198, 550.0, 371.0
199, 294.0, 94.0
200, 397.0, 366.0
201, 34.0, 268.0
202, 193.0, 359.0
203, 348.0, 92.0
204, 498.0, 222.0
205, 687.0, 419.0
206, 174.0, 370.0
207, 539.0, 376.0
208, 387.0, 163.0
209, 196.0, 197.0
210, 322.0, 424.0
211, 103.0, 348.0
212, 654.0, 300.0
213, 208.0, 347.0
214, 384.0, 93.0
215, 384.0, 394.0
216, 21.0, 223.0
217, 306.0, 332.0
218, 533.0, 446.0
219, 195.0, 440.0
220, 22.0, 305.0
221, 304.0, 268.0
222, 373.0, 381.0
223, 162.0, 386.0
224, 547.0, 236.0
225, 662.0, 285.0
226, 185.0, 33.0
227, 399.0, 436.0
228, 376.0, 350.0
229, 396.0, 419.0
230, 467.0, 436.0
231, 703.0, 339.0
232, 581.0, 431.0
233, 535.0, 263.0
234, 362.0, 123.0
235, 236.0, 393.0
236, 643.0, 92.0
237, 469.0, 460.0
238, 243.0, 420.0
239, 175.0, 357.0
240, 269.0, 329.0
241, 413.0, 81.0
242, 222.0, 112.0
243, 137.0, 58.0
244, 88.0, 90.0
245, 580.0, 65.0
246, 459.0, 110.0
247, 596.0, 109.0
248, 288.0, 272.0
249, 218.0, 79.0
250, 245.0, 282.0
251, 338.0, 377.0
252, 395.0, 201.0
253, 546.0, 412.0
254, 152.0, 47.0
255, 141.0, 118.0
256, 349.0, 351.0
257, 63.0, 285.0
258, 348.0, 391.0
259, 522.0, 78.0
260, 141.0, 336.0
261, 358.0, 246.0
262, 577.0, 227.0
263, 520.0, 121.0
264, 210.0, 195.0
265, 490.0, 422.0
266, 300.0, 15.0
267, 359.0, 436.0
268, 117.0, 53.0
269, 738.0, 454.0
270, 211.0, 362.0
271, 143.0, 131.0
272, 420.0, 61.0
273, 61.0, 370.0
274, 564.0, 131.0
275, 185.0, 65.0
276, 145.0, 304.0
277, 131.0, 308.0
278, 693.0, 398.0
279, 99.0, 162.0
280, 54.0, 104.0
281, 421.0, 470.0
282, 492.0, 377.0
283, 186.0, 294.0
284, 113.0, 341.0
285, 519.0, 454.0
286, 110.0, 395.0
287, 172.0, 32.0
288, 55.0, 261.0
289, 70.0, 317.0
290, 356.0, 387.0
291, 452.0, 393.0
292, 401.0, 50.0
293, 245.0, 321.0
294, 336.0, 168.0
295, 659.0, 215.0
296, 612.0, 465.0
297, 365.0, 234.0
298, 474.0, 94.0
299, 13.0, 452.0
300, 287.0, 435.0
301, 215.0, 301.0
302, 81.0, 306.0
303, 127.0, 172.0
304, 171.0, 397.0
305, 210.0, 388.0
306, 171.0, 76.0
307, 116.0, 286.0
308, 169.0, 295.0
309, 726.0, 209.0
310, 93.0, 354.0
311, 506.0, 334.0
312, 660.0, 119.0
313, 378.0, 271.0
314, 713.0, 360.0
315, 328.0, 90.0
316, 307.0, 70.0
317, 57.0, 447.0
318, 129.0, 192.0
319, 553.0, 270.0
320, 442.0, 68.0
321, 437.0, 116.0
322, 313.0, 14.0
323, 458.0, 385.0
324, 316.0, 187.0
325, 57.0, 356.0
326, 451.0, 93.0
327, 102.0, 398.0
328, 576.0, 254.0
329, 580.0, 211.0
330, 436.0, 90.0
331, 11.0, 385.0
332, 545.0, 438.0
333, 343.0, 334.0
334, 139.0, 88.0
335, 259.0, 201.0
336, 125.0, 159.0
337, 83.0, 360.0
338, 522.0, 359.0
339, 423.0, 456.0
340, 69.0, 261.0
341, 347.0, 220.0
342, 324.0, 179.0
343, 243.0, 201.0
344, 442.0, 229.0
345, 55.0, 211.0
346, 743.0, 221.0
347, 175.0, 231.0
348, 386.0, 140.0
349, 717.0, 116.0
350, 385.0, 214.0
351, 331.0, 225.0
352, 626.0, 116.0
353, 680.0, 406.0
354, 511.0, 393.0
355, 203.0, 154.0
356, 149.0, 452.0
357, 175.0, 381.0
358, 180.0, 281.0
359, 371.0, 442.0
360, 479.0, 335.0
361, 352.0, 152.0
362, 629.0, 198.0
363, 663.0, 201.0
364, 504.0, 375.0
365, 28.0, 29.0
366, 293.0, 299.0
367, 185.0, 137.0
368, 326.0, 204.0
369, 733.0, 252.0
370, 167.0, 405.0
371, 91.0, 444.0
372, 284.0, 461.0
373, 64.0, 380.0
374, 642.0, 287.0
375, 575.0, 239.0
376, 324.0, 457.0
377, 72.0, 405.0
378, 130.0, 46.0
379, 486.0, 360.0
380, 693.0, 130.0
381, 552.0, 468.0
382, 374.0, 367.0
383, 682.0, 249.0
384, 563.0, 252.0
385, 443.0, 406.0
386, 578.0, 93.0
387, 381.0, 18.0
388, 209.0, 204.0
389, 683.0, 394.0
390, 393.0, 17.0
391, 672.0, 82.0
392, 191.0, 18.0
393, 101.0, 361.0
394, 743.0, 266.0
395, 687.0, 67.0
396, 85.0, 317.0
397, 445.0, 187.0
398, 354.0, 328.0
399, 439.0, 241.0
400, 568.0, 100.0
401, 543.0, 248.0
402, 502.0, 190.0
403, 386.0, 33.0
404, 309.0, 471.0
405, 450.0, 110.0
406, 472.0, 365.0
407, 69.0, 206.0
408, 683.0, 433.0
409, 563.0, 290.0
410, 448.0, 135.0
411, 642.0, 53.0
412, 680.0, 315.0
413, 564.0, 345.0
414, 552.0, 210.0
415, 627.0, 206.0
416, 648.0, 119.0
417, 729.0, 86.0
418, 109.0, 323.0
419, 159.0, 293.0
420, 218.0, 259.0
421, 496.0, 232.0
422, 209.0, 270.0
423, 279.0, 284.0
424, 485.0, 78.0
425, 365.0, 354.0
426, 436.0, 409.0
427, 70.0, 250.0
428, 81.0, 255.0
429, 82.0, 203.0
430, 31.0, 399.0
431, 653.0, 396.0
432, 562.0, 357.0
433, 291.0, 333.0
434, 592.0, 196.0
435, 468.0, 412.0
436, 261.0, 150.0
437, 221.0, 60.0
438, 218.0, 92.0
439, 550.0, 337.0
440, 335.0, 335.0
441, 43.0, 218.0
442, 188.0, 376.0
443, 50.0, 185.0
444, 389.0, 289.0
445, 295.0, 471.0
446, 613.0, 54.0
447, 550.0, 356.0
448, 577.0, 414.0
449, 535.0, 78.0
450, 324.0, 161.0
451, 164.0, 16.0
452, 37.0, 454.0
453, 529.0, 454.0
454, 380.0, 172.0
455, 294.0, 69.0
456, 189.0, 315.0
457, 21.0, 289.0
458, 581.0, 194.0
459, 97.0, 328.0
460, 327.0, 13.0
461, 129.0, 58.0
462, 435.0, 443.0
463, 286.0, 16.0
464, 686.0, 364.0
465, 135.0, 290.0
466, 242.0, 438.0
467, 404.0, 317.0
468, 144.0, 291.0
469, 388.0, 47.0
470, 186.0, 352.0
471, 485.0, 144.0
472, 552.0, 313.0
473, 737.0, 289.0
474, 702.0, 200.0
475, 201.0, 78.0
476, 383.0, 224.0
477, 198.0, 26.0
478, 724.0, 350.0
479, 459.0, 257.0
480, 659.0, 374.0
481, 688.0, 90.0
482, 278.0, 164.0
483, 482.0, 59.0
484, 723.0, 66.0
485, 30.0, 327.0
486, 110.0, 44.0
487, 574.0, 445.0
488, 684.0, 199.0
489, 599.0, 93.0
490, 457.0, 426.0
491, 459.0, 310.0
492, 308.0, 27.0
493, 314.0, 413.0
494, 396.0, 114.0
495, 25.0, 461.0
496, 281.0, 375.0
497, 580.0, 129.0
498, 643.0, 354.0
499, 318.0, 361.0
