0, 114.0, 196.0
1, 219.0, 272.0
2, 180.0, 353.0
3, 368.0, 363.0
4, 156.0, 200.0
5, 617.0, 301.0
6, 535.0, 253.0
7, 461.0, 152.0
8, 226.0, 308.0
9, 408.0, 323.0
10, 477.0, 133.0
11, 461.0, 241.0
12, 604.0, 344.0
13, 265.0, 127.0
14, 140.0, 321.0
15, 140.0, 307.0
16, 156.0, 216.0
17, 438.0, 350.0
18, 228.0, 164.0
19, 203.0, 253.0
20, 325.0, 276.0
21, 318.0, 380.0
22, 423.0, 266.0
23, 419.0, 375.0
24, 662.0, 264.0
25, 117.0, 428.0
26, 118.0, 352.0
27, 414.0, 277.0
28, 130.0, 341.0
29, 337.0, 307.0
30, 122.0, 181.0
31, 423.0, 313.0
32, 361.0, 298.0
33, 248.0, 145.0
34, 574.0, 247.0
35, 606.0, 252.0
36, 82.0, 121.0
37, 460.0, 409.0
38, 282.0, 342.0
39, 355.0, 333.0
40, 594.0, 227.0
41, 663.0, 80.0
42, 331.0, 334.0
43, 245.0, 103.0
44, 201.0, 165.0
45, 519.0, 315.0
46, 358.0, 320.0
47, 222.0, 293.0
48, 101.0, 56.0
49, 610.0, 311.0
50, 104.0, 109.0
51, 723.0, 243.0
52, 400.0, 376.0
53, 285.0, 314.0
54, 386.0, 331.0
55, 87.0, 31.0
56, 194.0, 340.0
57, 423.0, 227.0
58, 434.0, 312.0
59, 319.0, 314.0
60, 510.0, 314.0
61, 558.0, 55.0
62, 393.0, 391.0
63, 377.0, 302.0
64, 380.0, 70.0
65, 464.0, 433.0
66, 48.0, 62.0
67, 96.0, 122.0
68, 556.0, 203.0
69, 627.0, 311.0
70, 612.0, 322.0
71, 546.0, 110.0
72, 158.0, 229.0
73, 626.0, 156.0
74, 58.0, 20.0
75, 107.0, 123.0
76, 403.0, 291.0
77, 43.0, 92.0
78, 593.0, 268.0
79, 248.0, 318.0
80, 160.0, 240.0
81, 543.0, 134.0
82, 414.0, 148.0
83, 359.0, 376.0
84, 91.0, 97.0
85, 172.0, 230.0
86, 582.0, 276.0
87, 564.0, 237.0
88, 178.0, 320.0
89, 98.0, 287.0
90, 146.0, 377.0
91, 156.0, 179.0
92, 518.0, 442.0
93, 247.0, 128.0
94, 238.0, 410.0
95, 192.0, 236.0
96, 97.0, 300.0
97, 439.0, 406.0
98, 443.0, 206.0
99, 260.0, 335.0
100, 524.0, 265.0
101, 178.0, 265.0
102, 301.0, 343.0
103, 264.0, 156.0
104, 540.0, 306.0
105, 264.0, 102.0
106, 411.0, 160.0
107, 712.0, 233.0
108, 114.0, 285.0
109, 588.0, 356.0
110, 350.0, 265.0
111, 240.0, 380.0
112, 409.0, 458.0
113, 600.0, 361.0
114, 644.0, 328.0
115, 423.0, 397.0
116, 634.0, 192.0
117, 221.0, 379.0
118, 217.0, 413.0
119, 329.0, 128.0
120, 542.0, 66.0
121, 68.0, 61.0
122, 382.0, 376.0
123, 652.0, 254.0
124, 231.0, 185.0
125, 591.0, 311.0
126, 190.0, 217.0
127, 164.0, 307.0
128, 59.0, 72.0
129, 448.0, 355.0
130, 505.0, 144.0
131, 230.0, 175.0
132, 717.0, 139.0
133, 482.0, 434.0
134, 655.0, 172.0
135, 199.0, 354.0
136, 404.0, 340.0
137, 189.0, 379.0
138, 424.0, 254.0
139, 464.0, 109.0
140, 215.0, 177.0
141, 449.0, 150.0
142, 572.0, 155.0
143, 675.0, 446.0
144, 83.0, 50.0
145, 467.0, 171.0
146, 415.0, 338.0
147, 192.0, 331.0
148, 411.0, 168.0
149, 165.0, 318.0
150, 136.0, 181.0
151, 659.0, 400.0
152, 245.0, 355.0
153, 549.0, 88.0
154, 110.0, 339.0
155, 533.0, 438.0
156, 608.0, 448.0
157, 221.0, 282.0
158, 637.0, 112.0
159, 657.0, 231.0
160, 128.0, 427.0
161, 721.0, 114.0
162, 628.0, 427.0
163, 307.0, 166.0
164, 598.0, 373.0
165, 549.0, 182.0
166, 254.0, 380.0
167, 11.0, 196.0
168, 632.0, 136.0
169, 607.0, 172.0
170, 351.0, 428.0
171, 233.0, 327.0
172, 167.0, 209.0
173, 154.0, 257.0
174, 205.0, 349.0
175, 222.0, 249.0
176, 142.0, 333.0
177, 667.0, 37.0
178, 97.0, 362.0
179, 135.0, 163.0
180, 199.0, 191.0
181, 711.0, 158.0
182, 103.0, 313.0
183, 414.0, 131.0
184, 93.0, 109.0
185, 342.0, 353.0
186, 312.0, 331.0
187, 634.0, 326.0
188, 536.0, 170.0
189, 341.0, 159.0
190, 359.0, 447.0
191, 332.0, 360.0
192, 424.0, 413.0
193, 597.0, 246.0
194, 630.0, 90.0
195, 175.0, 281.0
196, 433.0, 106.0
197, 423.0, 350.0
198, 525.0, 279.0
199, 528.0, 196.0
200, 310.0, 21.0
201, 398.0, 411.0
202, 206.0, 404.0
203, 214.0, 165.0
204, 491.0, 84.0
205, 560.0, 254.0
206, 72.0, 28.0
207, 177.0, 366.0
208, 371.0, 329.0
209, 426.0, 361.0
210, 103.0, 35.0
211, 329.0, 103.0
212, 709.0, 255.0
213, 710.0, 21.0
214, 266.0, 165.0
215, 216.0, 192.0
216, 522.0, 243.0
217, 256.0, 302.0
218, 468.0, 422.0
219, 37.0, 14.0
220, 490.0, 450.0
221, 69.0, 122.0
222, 649.0, 196.0
223, 412.0, 398.0
224, 172.0, 386.0
225, 31.0, 201.0
226, 542.0, 235.0
227, 370.0, 265.0
228, 467.0, 74.0
229, 104.0, 226.0
230, 438.0, 423.0
231, 540.0, 154.0
232, 346.0, 147.0
233, 21.0, 10.0
234, 641.0, 90.0
235, 459.0, 252.0
236, 423.0, 204.0
237, 676.0, 63.0
238, 175.0, 144.0
239, 434.0, 131.0
240, 186.0, 392.0
241, 103.0, 202.0
242, 110.0, 142.0
243, 629.0, 245.0
244, 253.0, 165.0
245, 125.0, 377.0
246, 500.0, 170.0
247, 624.0, 351.0
248, 346.0, 105.0
249, 445.0, 338.0
250, 352.0, 415.0
251, 323.0, 25.0
252, 136.0, 269.0
253, 19.0, 54.0
254, 77.0, 67.0
255, 103.0, 98.0
256, 97.0, 244.0
257, 462.0, 134.0
258, 164.0, 396.0
259, 711.0, 10.0
260, 495.0, 405.0
261, 694.0, 113.0
262, 554.0, 307.0
263, 704.0, 175.0
264, 395.0, 448.0
265, 62.0, 166.0
266, 536.0, 93.0
267, 18.0, 124.0
268, 36.0, 65.0
269, 383.0, 251.0
270, 691.0, 14.0
271, 48.0, 171.0
272, 527.0, 306.0
273, 346.0, 130.0
274, 305.0, 379.0
275, 480.0, 109.0
276, 338.0, 297.0
277, 13.0, 184.0
278, 678.0, 243.0
279, 490.0, 170.0
280, 319.0, 369.0
281, 356.0, 403.0
282, 329.0, 147.0
283, 51.0, 186.0
284, 29.0, 173.0
285, 683.0, 437.0
286, 665.0, 351.0
287, 33.0, 190.0
288, 463.0, 371.0
289, 124.0, 142.0
290, 291.0, 447.0
291, 695.0, 247.0
292, 327.0, 266.0
293, 537.0, 278.0
294, 379.0, 315.0
295, 592.0, 321.0
296, 449.0, 387.0
297, 26.0, 80.0
298, 211.0, 394.0
299, 169.0, 457.0
300, 318.0, 392.0
301, 244.0, 77.0
302, 506.0, 133.0
303, 140.0, 207.0
304, 239.0, 164.0
305, 662.0, 68.0
306, 335.0, 400.0
307, 476.0, 152.0
308, 350.0, 287.0
309, 432.0, 226.0
310, 168.0, 101.0
311, 113.0, 182.0
312, 462.0, 218.0
313, 465.0, 396.0
314, 365.0, 426.0
315, 425.0, 149.0
316, 111.0, 259.0
317, 686.0, 267.0
318, 396.0, 425.0
319, 671.0, 412.0
320, 66.0, 109.0
321, 667.0, 113.0
322, 610.0, 333.0
323, 690.0, 33.0
324, 385.0, 349.0
325, 234.0, 238.0
326, 146.0, 293.0
327, 542.0, 441.0
328, 519.0, 306.0
329, 564.0, 281.0
330, 172.0, 156.0
331, 423.0, 284.0
332, 691.0, 359.0
333, 437.0, 149.0
334, 436.0, 434.0
335, 247.0, 366.0
336, 452.0, 107.0
337, 238.0, 305.0
338, 372.0, 375.0
339, 65.0, 186.0
340, 571.0, 296.0
341, 671.0, 259.0
342, 617.0, 112.0
343, 615.0, 200.0
344, 450.0, 131.0
345, 291.0, 332.0
346, 514.0, 404.0
347, 355.0, 366.0
348, 590.0, 343.0
349, 617.0, 254.0
350, 566.0, 311.0
351, 237.0, 423.0
352, 288.0, 425.0
353, 328.0, 159.0
354, 265.0, 145.0
355, 74.0, 84.0
356, 121.0, 124.0
357, 260.0, 21.0
358, 219.0, 320.0
359, 599.0, 436.0
360, 610.0, 234.0
361, 165.0, 437.0
362, 587.0, 421.0
363, 188.0, 102.0
364, 663.0, 58.0
365, 196.0, 435.0
366, 70.0, 44.0
367, 301.0, 314.0
368, 729.0, 19.0
369, 732.0, 416.0
370, 210.0, 422.0
371, 567.0, 192.0
372, 236.0, 276.0
373, 128.0, 223.0
374, 526.0, 110.0
375, 701.0, 33.0
376, 509.0, 109.0
377, 12.0, 95.0
378, 553.0, 353.0
379, 263.0, 77.0
380, 586.0, 256.0
381, 662.0, 137.0
382, 242.0, 170.0
383, 416.0, 107.0
384, 732.0, 138.0
385, 159.0, 250.0
386, 61.0, 200.0
387, 466.0, 84.0
388, 241.0, 19.0
389, 385.0, 167.0
390, 327.0, 78.0
391, 414.0, 266.0
392, 251.0, 176.0
393, 35.0, 107.0
394, 62.0, 91.0
395, 446.0, 161.0
396, 347.0, 208.0
397, 574.0, 184.0
398, 231.0, 198.0
399, 329.0, 432.0
400, 365.0, 185.0
401, 246.0, 338.0
402, 707.0, 360.0
403, 554.0, 421.0
404, 705.0, 341.0
405, 690.0, 137.0
406, 427.0, 438.0
407, 593.0, 393.0
408, 104.0, 353.0
409, 247.0, 417.0
410, 438.0, 267.0
411, 488.0, 417.0
412, 100.0, 375.0
413, 740.0, 283.0
414, 511.0, 182.0
415, 551.0, 31.0
416, 176.0, 201.0
417, 257.0, 395.0
418, 326.0, 306.0
419, 106.0, 325.0
420, 501.0, 460.0
421, 36.0, 332.0
422, 424.0, 334.0
423, 658.0, 92.0
424, 151.0, 417.0
425, 571.0, 86.0
426, 399.0, 330.0
427, 489.0, 426.0
428, 584.0, 86.0
429, 432.0, 373.0
430, 100.0, 141.0
431, 80.0, 186.0
432, 567.0, 219.0
433, 426.0, 464.0
434, 693.0, 173.0
435, 377.0, 285.0
436, 720.0, 463.0
437, 346.0, 79.0
438, 364.0, 465.0
439, 606.0, 187.0
440, 666.0, 281.0
441, 446.0, 75.0
442, 99.0, 165.0
443, 727.0, 224.0
444, 143.0, 343.0
445, 25.0, 274.0
446, 511.0, 397.0
447, 477.0, 182.0
448, 47.0, 271.0
449, 682.0, 57.0
450, 153.0, 311.0
451, 33.0, 38.0
452, 275.0, 437.0
453, 120.0, 299.0
454, 605.0, 125.0
455, 535.0, 296.0
456, 124.0, 197.0
457, 156.0, 293.0
458, 314.0, 357.0
459, 592.0, 173.0
460, 172.0, 408.0
461, 384.0, 216.0
462, 184.0, 251.0
463, 162.0, 10.0
464, 167.0, 74.0
465, 417.0, 215.0
466, 557.0, 320.0
467, 673.0, 88.0
468, 444.0, 296.0
469, 604.0, 209.0
470, 350.0, 247.0
471, 196.0, 75.0
472, 659.0, 16.0
473, 217.0, 336.0
474, 197.0, 205.0
475, 604.0, 281.0
476, 55.0, 122.0
477, 255.0, 193.0
478, 308.0, 434.0
479, 686.0, 206.0
480, 197.0, 309.0
481, 397.0, 238.0
482, 266.0, 317.0
483, 452.0, 169.0
484, 171.0, 291.0
485, 399.0, 205.0
486, 364.0, 340.0
487, 687.0, 423.0
488, 217.0, 349.0
489, 135.0, 225.0
490, 548.0, 47.0
491, 663.0, 203.0
492, 90.0, 274.0
493, 442.0, 253.0
494, 599.0, 328.0
495, 702.0, 188.0
496, 122.0, 328.0
497, 77.0, 292.0
498, 99.0, 185.0
499, 624.0, 232.0
