0, 186.0, 171.0
1, 227.0, 124.0
2, 56.0, 34.0
3, 226.0, 109.0
4, 167.0, 78.0
5, 208.0, 108.0
6, 232.0, 14.0
7, 181.0, 92.0
8, 304.0, 76.0
9, 172.0, 100.0
10, 104.0, 58.0
11, 297.0, 45.0
12, 224.0, 91.0
13, 383.0, 111.0
14, 170.0, 164.0
15, 42.0, 28.0
16, 154.0, 111.0
17, 117.0, 208.0
18, 241.0, 149.0
19, 215.0, 124.0
20, 225.0, 165.0
21, 165.0, 136.0
22, 138.0, 153.0
23, 681.0, 35.0
24, 249.0, 21.0
25, 508.0, 105.0
26, 184.0, 160.0
27, 27.0, 44.0
28, 188.0, 75.0
29, 230.0, 137.0
30, 70.0, 88.0
31, 199.0, 173.0
32, 701.0, 278.0
33, 467.0, 21.0
34, 302.0, 28.0
35, 126.0, 227.0
36, 168.0, 155.0
37, 598.0, 23.0
38, 217.0, 115.0
39, 13.0, 144.0
40, 237.0, 181.0
41, 500.0, 313.0
42, 113.0, 121.0
43, 310.0, 102.0
44, 197.0, 147.0
45, 336.0, 96.0
46, 199.0, 112.0
47, 574.0, 187.0
48, 122.0, 268.0
49, 122.0, 189.0
50, 68.0, 31.0
51, 49.0, 145.0
52, 120.0, 145.0
53, 135.0, 140.0
54, 189.0, 102.0
55, 198.0, 160.0
56, 50.0, 19.0
57, 464.0, 197.0
58, 344.0, 88.0
59, 224.0, 186.0
60, 677.0, 74.0
61, 698.0, 333.0
62, 34.0, 34.0
63, 88.0, 237.0
64, 82.0, 89.0
65, 74.0, 57.0
66, 198.0, 211.0
67, 169.0, 119.0
68, 225.0, 154.0
69, 223.0, 201.0
70, 215.0, 179.0
71, 583.0, 40.0
72, 643.0, 372.0
73, 108.0, 94.0
74, 333.0, 110.0
75, 212.0, 163.0
76, 574.0, 17.0
77, 253.0, 36.0
78, 448.0, 421.0
79, 636.0, 57.0
80, 89.0, 54.0
81, 120.0, 90.0
82, 396.0, 272.0
83, 191.0, 198.0
84, 342.0, 53.0
85, 711.0, 446.0
86, 16.0, 56.0
87, 61.0, 205.0
88, 89.0, 219.0
89, 184.0, 114.0
90, 201.0, 126.0
91, 524.0, 280.0
92, 688.0, 387.0
93, 462.0, 173.0
94, 616.0, 83.0
95, 311.0, 144.0
96, 285.0, 132.0
97, 310.0, 214.0
98, 683.0, 427.0
99, 455.0, 99.0
100, 76.0, 180.0
101, 554.0, 292.0
102, 561.0, 64.0
103, 321.0, 100.0
104, 681.0, 55.0
105, 641.0, 39.0
106, 211.0, 147.0
107, 366.0, 75.0
108, 201.0, 74.0
109, 507.0, 192.0
110, 409.0, 230.0
111, 109.0, 243.0
112, 218.0, 143.0
113, 285.0, 51.0
114, 90.0, 161.0
115, 307.0, 46.0
116, 705.0, 314.0
117, 499.0, 261.0
118, 140.0, 234.0
119, 511.0, 301.0
120, 159.0, 87.0
121, 442.0, 196.0
122, 41.0, 161.0
123, 488.0, 240.0
124, 509.0, 270.0
125, 642.0, 93.0
126, 30.0, 152.0
127, 128.0, 246.0
128, 212.0, 83.0
129, 610.0, 128.0
130, 391.0, 172.0
131, 523.0, 314.0
132, 579.0, 320.0
133, 237.0, 25.0
134, 50.0, 214.0
135, 124.0, 113.0
136, 151.0, 140.0
137, 521.0, 30.0
138, 567.0, 233.0
139, 682.0, 344.0
140, 217.0, 134.0
141, 739.0, 133.0
142, 112.0, 175.0
143, 123.0, 216.0
144, 472.0, 115.0
145, 725.0, 354.0
146, 572.0, 177.0
147, 261.0, 156.0
148, 85.0, 176.0
149, 645.0, 13.0
150, 536.0, 291.0
151, 343.0, 36.0
152, 26.0, 121.0
153, 490.0, 251.0
154, 594.0, 116.0
155, 480.0, 348.0
156, 153.0, 149.0
157, 114.0, 69.0
158, 742.0, 337.0
159, 180.0, 139.0
160, 105.0, 216.0
161, 37.0, 193.0
162, 155.0, 157.0
163, 166.0, 224.0
164, 95.0, 68.0
165, 235.0, 42.0
166, 30.0, 86.0
167, 15.0, 18.0
168, 599.0, 176.0
169, 67.0, 229.0
170, 638.0, 360.0
171, 478.0, 180.0
172, 725.0, 459.0
173, 544.0, 55.0
174, 289.0, 40.0
175, 106.0, 158.0
176, 425.0, 213.0
177, 238.0, 110.0
178, 554.0, 324.0
179, 371.0, 91.0
180, 182.0, 152.0
181, 31.0, 136.0
182, 532.0, 211.0
183, 55.0, 100.0
184, 102.0, 31.0
185, 692.0, 252.0
186, 338.0, 12.0
187, 659.0, 68.0
188, 449.0, 217.0
189, 418.0, 140.0
190, 597.0, 50.0
191, 106.0, 385.0
192, 708.0, 292.0
193, 664.0, 52.0
194, 62.0, 138.0
195, 665.0, 20.0
196, 49.0, 42.0
197, 114.0, 19.0
198, 723.0, 373.0
199, 386.0, 31.0
200, 716.0, 147.0
201, 130.0, 173.0
202, 58.0, 166.0
203, 358.0, 57.0
204, 478.0, 77.0
205, 131.0, 159.0
206, 611.0, 48.0
207, 31.0, 15.0
208, 204.0, 218.0
209, 677.0, 87.0
210, 718.0, 406.0
211, 727.0, 21.0
212, 661.0, 247.0
213, 345.0, 107.0
214, 481.0, 283.0
215, 184.0, 83.0
216, 199.0, 58.0
217, 78.0, 114.0
218, 79.0, 44.0
219, 95.0, 177.0
220, 175.0, 174.0
221, 438.0, 153.0
222, 169.0, 186.0
223, 379.0, 43.0
224, 567.0, 323.0
225, 301.0, 141.0
226, 291.0, 80.0
227, 62.0, 95.0
228, 244.0, 139.0
229, 134.0, 37.0
230, 241.0, 122.0
231, 121.0, 54.0
232, 457.0, 41.0
233, 144.0, 21.0
234, 727.0, 330.0
235, 281.0, 103.0
236, 508.0, 122.0
237, 499.0, 155.0
238, 709.0, 230.0
239, 383.0, 209.0
240, 137.0, 171.0
241, 289.0, 197.0
242, 407.0, 260.0
243, 46.0, 114.0
244, 290.0, 238.0
245, 384.0, 91.0
246, 64.0, 9.0
247, 105.0, 71.0
248, 644.0, 272.0
249, 131.0, 265.0
250, 635.0, 337.0
251, 319.0, 49.0
252, 253.0, 282.0
253, 167.0, 67.0
254, 508.0, 288.0
255, 427.0, 108.0
256, 341.0, 77.0
257, 89.0, 151.0
258, 125.0, 74.0
259, 273.0, 251.0
260, 105.0, 145.0
261, 156.0, 76.0
262, 623.0, 133.0
263, 236.0, 84.0
264, 64.0, 20.0
265, 418.0, 148.0
266, 696.0, 360.0
267, 298.0, 93.0
268, 330.0, 211.0
269, 370.0, 36.0
270, 247.0, 178.0
271, 612.0, 121.0
272, 339.0, 67.0
273, 94.0, 79.0
274, 76.0, 130.0
275, 454.0, 329.0
276, 521.0, 50.0
277, 128.0, 19.0
278, 357.0, 74.0
279, 269.0, 103.0
280, 555.0, 176.0
281, 70.0, 49.0
282, 309.0, 32.0
283, 699.0, 227.0
284, 137.0, 110.0
285, 178.0, 46.0
286, 429.0, 435.0
287, 15.0, 152.0
288, 435.0, 273.0
289, 59.0, 115.0
290, 359.0, 14.0
291, 153.0, 252.0
292, 697.0, 369.0
293, 268.0, 173.0
294, 335.0, 185.0
295, 532.0, 109.0
296, 499.0, 281.0
297, 117.0, 199.0
298, 85.0, 69.0
299, 78.0, 22.0
300, 432.0, 236.0
301, 44.0, 67.0
302, 573.0, 297.0
303, 394.0, 164.0
304, 493.0, 67.0
305, 467.0, 440.0
306, 451.0, 161.0
307, 212.0, 47.0
308, 521.0, 470.0
309, 254.0, 86.0
310, 263.0, 311.0
311, 283.0, 17.0
312, 132.0, 59.0
313, 324.0, 22.0
314, 119.0, 63.0
315, 647.0, 222.0
316, 162.0, 175.0
317, 119.0, 248.0
318, 163.0, 92.0
319, 38.0, 100.0
320, 148.0, 130.0
321, 133.0, 93.0
322, 69.0, 114.0
323, 506.0, 183.0
324, 457.0, 129.0
325, 354.0, 21.0
326, 74.0, 104.0
327, 495.0, 168.0
328, 486.0, 19.0
329, 201.0, 182.0
330, 629.0, 203.0
331, 384.0, 135.0
332, 302.0, 222.0
333, 485.0, 167.0
334, 531.0, 75.0
335, 466.0, 207.0
336, 427.0, 89.0
337, 276.0, 168.0
338, 572.0, 272.0
339, 542.0, 30.0
340, 8.0, 82.0
341, 321.0, 116.0
342, 500.0, 64.0
343, 209.0, 212.0
344, 709.0, 13.0
345, 554.0, 37.0
346, 217.0, 219.0
347, 508.0, 22.0
348, 486.0, 218.0
349, 575.0, 309.0
350, 535.0, 44.0
351, 192.0, 137.0
352, 259.0, 179.0
353, 123.0, 135.0
354, 554.0, 228.0
355, 252.0, 153.0
356, 184.0, 190.0
357, 204.0, 138.0
358, 378.0, 160.0
359, 140.0, 82.0
360, 80.0, 165.0
361, 165.0, 53.0
362, 112.0, 227.0
363, 406.0, 134.0
364, 255.0, 98.0
365, 225.0, 38.0
366, 579.0, 335.0
367, 743.0, 213.0
368, 397.0, 218.0
369, 134.0, 46.0
370, 60.0, 286.0
371, 536.0, 421.0
372, 660.0, 466.0
373, 166.0, 146.0
374, 642.0, 150.0
375, 32.0, 55.0
376, 589.0, 64.0
377, 151.0, 245.0
378, 288.0, 90.0
379, 166.0, 237.0
380, 100.0, 49.0
381, 225.0, 226.0
382, 282.0, 295.0
383, 562.0, 160.0
384, 33.0, 159.0
385, 741.0, 42.0
386, 655.0, 365.0
387, 225.0, 237.0
388, 66.0, 80.0
389, 189.0, 63.0
390, 411.0, 202.0
391, 549.0, 396.0
392, 70.0, 217.0
393, 130.0, 125.0
394, 102.0, 136.0
395, 71.0, 161.0
396, 264.0, 10.0
397, 353.0, 105.0
398, 520.0, 455.0
399, 148.0, 310.0
400, 62.0, 14.0
401, 144.0, 34.0
402, 307.0, 204.0
403, 252.0, 161.0
404, 87.0, 140.0
405, 646.0, 388.0
406, 213.0, 95.0
407, 69.0, 197.0
408, 20.0, 74.0
409, 366.0, 308.0
410, 84.0, 215.0
411, 466.0, 229.0
412, 188.0, 218.0
413, 352.0, 8.0
414, 148.0, 91.0
415, 385.0, 232.0
416, 408.0, 109.0
417, 682.0, 328.0
418, 105.0, 76.0
419, 403.0, 158.0
420, 402.0, 410.0
421, 355.0, 184.0
422, 212.0, 152.0
423, 149.0, 224.0
424, 208.0, 186.0
425, 649.0, 403.0
426, 239.0, 192.0
427, 495.0, 461.0
428, 568.0, 328.0
429, 368.0, 172.0
430, 314.0, 47.0
431, 579.0, 212.0
432, 709.0, 188.0
433, 310.0, 134.0
434, 673.0, 159.0
435, 517.0, 229.0
436, 660.0, 63.0
437, 32.0, 141.0
438, 242.0, 160.0
439, 8.0, 69.0
440, 621.0, 65.0
441, 448.0, 84.0
442, 348.0, 79.0
443, 439.0, 226.0
444, 50.0, 89.0
445, 561.0, 166.0
446, 336.0, 225.0
447, 37.0, 122.0
448, 587.0, 442.0
449, 120.0, 256.0
450, 705.0, 65.0
451, 546.0, 196.0
452, 608.0, 252.0
453, 329.0, 51.0
454, 176.0, 131.0
455, 673.0, 397.0
456, 664.0, 94.0
457, 311.0, 226.0
458, 102.0, 192.0
459, 607.0, 343.0
460, 613.0, 152.0
461, 210.0, 66.0
462, 298.0, 206.0
463, 488.0, 155.0
464, 114.0, 221.0
465, 721.0, 119.0
466, 376.0, 93.0
467, 410.0, 175.0
468, 434.0, 244.0
469, 585.0, 256.0
470, 570.0, 37.0
471, 103.0, 211.0
472, 433.0, 84.0
473, 477.0, 230.0
474, 397.0, 20.0
475, 248.0, 116.0
476, 261.0, 122.0
477, 95.0, 98.0
478, 164.0, 23.0
479, 195.0, 92.0
480, 144.0, 125.0
481, 151.0, 47.0
482, 383.0, 36.0
483, 26.0, 112.0
484, 444.0, 95.0
485, 325.0, 95.0
486, 662.0, 57.0
487, 234.0, 245.0
488, 414.0, 119.0
489, 93.0, 63.0
490, 132.0, 88.0
491, 542.0, 272.0
492, 590.0, 146.0
493, 232.0, 197.0
494, 676.0, 213.0
495, 132.0, 133.0
496, 249.0, 132.0
497, 599.0, 38.0
498, 452.0, 89.0
499, 487.0, 245.0
