0, 380.0, 247.0
1, 431.0, 198.0
2, 192.0, 217.0
3, 276.0, 142.0
4, 390.0, 247.0
5, 407.0, 134.0
6, 197.0, 129.0
7, 480.0, 179.0
8, 534.0, 56.0
9, 309.0, 106.0
10, 566.0, 84.0
11, 303.0, 80.0
12, 323.0, 203.0
13, 174.0, 287.0
14, 177.0, 198.0
15, 382.0, 50.0
16, 478.0, 190.0
17, 327.0, 55.0
18, 208.0, 86.0
19, 286.0, 176.0
20, 407.0, 67.0
21, 64.0, 175.0
22, 343.0, 173.0
23, 284.0, 192.0
24, 140.0, 122.0
25, 404.0, 145.0
26, 153.0, 135.0
27, 580.0, 315.0
28, 341.0, 215.0
29, 645.0, 415.0
30, 266.0, 36.0
31, 351.0, 218.0
32, 275.0, 120.0
33, 438.0, 146.0
34, 185.0, 207.0
35, 658.0, 23.0
36, 327.0, 25.0
37, 139.0, 232.0
38, 135.0, 134.0
39, 674.0, 155.0
40, 58.0, 285.0
41, 94.0, 265.0
42, 388.0, 128.0
43, 494.0, 73.0
44, 320.0, 264.0
45, 190.0, 193.0
46, 496.0, 37.0
47, 650.0, 257.0
48, 152.0, 224.0
49, 330.0, 227.0
50, 49.0, 335.0
51, 85.0, 47.0
52, 449.0, 77.0
53, 278.0, 162.0
54, 724.0, 212.0
55, 307.0, 55.0
56, 340.0, 259.0
57, 422.0, 223.0
58, 689.0, 227.0
59, 212.0, 65.0
60, 608.0, 274.0
61, 194.0, 176.0
62, 226.0, 151.0
63, 531.0, 94.0
64, 276.0, 79.0
65, 300.0, 234.0
66, 465.0, 135.0
67, 631.0, 140.0
68, 468.0, 45.0
69, 317.0, 43.0
70, 180.0, 300.0
71, 311.0, 271.0
72, 325.0, 220.0
73, 689.0, 253.0
74, 321.0, 170.0
75, 110.0, 102.0
76, 44.0, 198.0
77, 441.0, 70.0
78, 349.0, 161.0
79, 417.0, 113.0
80, 57.0, 224.0
81, 357.0, 178.0
82, 461.0, 93.0
83, 116.0, 321.0
84, 146.0, 292.0
85, 255.0, 193.0
86, 450.0, 203.0
87, 42.0, 320.0
88, 631.0, 186.0
89, 473.0, 79.0
90, 571.0, 138.0
91, 209.0, 299.0
92, 441.0, 106.0
93, 82.0, 327.0
94, 323.0, 272.0
95, 432.0, 207.0
96, 520.0, 54.0
97, 456.0, 147.0
98, 712.0, 424.0
99, 357.0, 188.0
100, 639.0, 152.0
101, 505.0, 94.0
102, 507.0, 165.0
103, 159.0, 263.0
104, 459.0, 107.0
105, 268.0, 49.0
106, 617.0, 58.0
107, 449.0, 85.0
108, 405.0, 228.0
109, 419.0, 139.0
110, 475.0, 118.0
111, 542.0, 131.0
112, 66.0, 230.0
113, 197.0, 202.0
114, 441.0, 116.0
115, 455.0, 128.0
116, 323.0, 127.0
117, 546.0, 141.0
118, 394.0, 193.0
119, 461.0, 71.0
120, 229.0, 62.0
121, 398.0, 116.0
122, 520.0, 41.0
123, 74.0, 136.0
124, 583.0, 116.0
125, 710.0, 134.0
126, 383.0, 172.0
127, 432.0, 63.0
128, 407.0, 110.0
129, 393.0, 384.0
130, 92.0, 90.0
131, 39.0, 274.0
132, 568.0, 254.0
133, 514.0, 22.0
134, 472.0, 127.0
135, 492.0, 48.0
136, 127.0, 231.0
137, 624.0, 171.0
138, 567.0, 51.0
139, 512.0, 129.0
140, 611.0, 94.0
141, 332.0, 288.0
142, 696.0, 21.0
143, 147.0, 253.0
144, 73.0, 276.0
145, 372.0, 126.0
146, 555.0, 94.0
147, 143.0, 262.0
148, 457.0, 223.0
149, 316.0, 54.0
150, 358.0, 162.0
151, 443.0, 235.0
152, 498.0, 152.0
153, 261.0, 146.0
154, 439.0, 172.0
155, 412.0, 218.0
156, 225.0, 32.0
157, 655.0, 242.0
158, 247.0, 45.0
159, 275.0, 131.0
160, 314.0, 218.0
161, 629.0, 93.0
162, 298.0, 223.0
163, 572.0, 290.0
164, 557.0, 77.0
165, 86.0, 302.0
166, 634.0, 425.0
167, 564.0, 93.0
168, 228.0, 43.0
169, 717.0, 199.0
170, 681.0, 392.0
171, 371.0, 239.0
172, 319.0, 112.0
173, 374.0, 151.0
174, 574.0, 123.0
175, 110.0, 275.0
176, 633.0, 11.0
177, 481.0, 110.0
178, 197.0, 302.0
179, 331.0, 190.0
180, 444.0, 158.0
181, 77.0, 145.0
182, 281.0, 126.0
183, 58.0, 307.0
184, 538.0, 104.0
185, 58.0, 263.0
186, 503.0, 120.0
187, 110.0, 185.0
188, 432.0, 223.0
189, 538.0, 165.0
190, 379.0, 37.0
191, 98.0, 314.0
192, 94.0, 324.0
193, 285.0, 109.0
194, 97.0, 200.0
195, 636.0, 119.0
196, 592.0, 55.0
197, 128.0, 250.0
198, 482.0, 72.0
199, 497.0, 163.0
200, 582.0, 334.0
201, 544.0, 184.0
202, 539.0, 155.0
203, 161.0, 253.0
204, 584.0, 78.0
205, 737.0, 377.0
206, 376.0, 447.0
207, 389.0, 89.0
208, 379.0, 228.0
209, 668.0, 263.0
210, 368.0, 250.0
211, 251.0, 300.0
212, 213.0, 241.0
213, 38.0, 298.0
214, 86.0, 195.0
215, 588.0, 179.0
216, 693.0, 468.0
217, 275.0, 214.0
218, 717.0, 363.0
219, 244.0, 63.0
220, 382.0, 201.0
221, 740.0, 32.0
222, 358.0, 253.0
223, 351.0, 243.0
224, 68.0, 122.0
225, 79.0, 254.0
226, 264.0, 28.0
227, 65.0, 245.0
228, 229.0, 440.0
229, 550.0, 45.0
230, 122.0, 121.0
231, 19.0, 269.0
232, 316.0, 183.0
233, 181.0, 239.0
234, 78.0, 37.0
235, 627.0, 284.0
236, 106.0, 15.0
237, 580.0, 94.0
238, 185.0, 229.0
239, 399.0, 157.0
240, 274.0, 12.0
241, 500.0, 60.0
242, 716.0, 18.0
243, 88.0, 285.0
244, 692.0, 136.0
245, 209.0, 126.0
246, 505.0, 74.0
247, 236.0, 158.0
248, 655.0, 405.0
249, 315.0, 240.0
250, 597.0, 41.0
251, 50.0, 236.0
252, 307.0, 247.0
253, 548.0, 123.0
254, 627.0, 199.0
255, 584.0, 163.0
256, 78.0, 265.0
257, 386.0, 259.0
258, 160.0, 228.0
259, 692.0, 50.0
260, 297.0, 27.0
261, 272.0, 171.0
262, 237.0, 14.0
263, 24.0, 315.0
264, 209.0, 42.0
265, 75.0, 86.0
266, 355.0, 78.0
267, 107.0, 323.0
268, 234.0, 462.0
269, 254.0, 159.0
270, 84.0, 207.0
271, 210.0, 53.0
272, 466.0, 56.0
273, 429.0, 113.0
274, 491.0, 194.0
275, 71.0, 23.0
276, 304.0, 256.0
277, 484.0, 145.0
278, 389.0, 238.0
279, 666.0, 139.0
280, 395.0, 367.0
281, 95.0, 211.0
282, 478.0, 92.0
283, 140.0, 273.0
284, 382.0, 317.0
285, 125.0, 35.0
286, 281.0, 29.0
287, 604.0, 113.0
288, 264.0, 181.0
289, 210.0, 21.0
290, 509.0, 144.0
291, 381.0, 143.0
292, 429.0, 129.0
293, 167.0, 172.0
294, 128.0, 286.0
295, 627.0, 408.0
296, 107.0, 32.0
297, 91.0, 21.0
298, 340.0, 196.0
299, 397.0, 168.0
300, 505.0, 289.0
301, 157.0, 179.0
302, 459.0, 45.0
303, 173.0, 189.0
304, 692.0, 104.0
305, 201.0, 227.0
306, 508.0, 42.0
307, 82.0, 237.0
308, 452.0, 186.0
309, 96.0, 102.0
310, 675.0, 137.0
311, 621.0, 437.0
312, 56.0, 60.0
313, 17.0, 291.0
314, 291.0, 74.0
315, 32.0, 337.0
316, 657.0, 86.0
317, 548.0, 219.0
318, 514.0, 75.0
319, 193.0, 238.0
320, 626.0, 268.0
321, 613.0, 139.0
322, 383.0, 158.0
323, 106.0, 195.0
324, 517.0, 93.0
325, 563.0, 68.0
326, 525.0, 68.0
327, 248.0, 148.0
328, 646.0, 223.0
329, 150.0, 121.0
330, 656.0, 112.0
331, 440.0, 92.0
332, 408.0, 55.0
333, 171.0, 210.0
334, 340.0, 231.0
335, 411.0, 191.0
336, 300.0, 178.0
337, 518.0, 227.0
338, 69.0, 143.0
339, 61.0, 40.0
340, 529.0, 168.0
341, 508.0, 152.0
342, 429.0, 142.0
343, 357.0, 33.0
344, 73.0, 295.0
345, 423.0, 11.0
346, 716.0, 228.0
347, 410.0, 202.0
348, 691.0, 439.0
349, 186.0, 251.0
350, 341.0, 95.0
351, 526.0, 182.0
352, 121.0, 305.0
353, 247.0, 86.0
354, 205.0, 393.0
355, 489.0, 58.0
356, 660.0, 156.0
357, 510.0, 178.0
358, 285.0, 226.0
359, 19.0, 65.0
360, 66.0, 330.0
361, 76.0, 72.0
362, 696.0, 366.0
363, 394.0, 9.0
364, 332.0, 452.0
365, 157.0, 280.0
366, 641.0, 236.0
367, 128.0, 151.0
368, 738.0, 17.0
369, 528.0, 275.0
370, 324.0, 252.0
371, 694.0, 34.0
372, 716.0, 249.0
373, 736.0, 223.0
374, 602.0, 193.0
375, 573.0, 341.0
376, 736.0, 171.0
377, 90.0, 157.0
378, 125.0, 13.0
379, 121.0, 135.0
380, 434.0, 245.0
381, 51.0, 187.0
382, 180.0, 114.0
383, 668.0, 100.0
384, 335.0, 243.0
385, 385.0, 407.0
386, 737.0, 363.0
387, 127.0, 242.0
388, 416.0, 97.0
389, 442.0, 15.0
390, 76.0, 56.0
391, 11.0, 332.0
392, 620.0, 84.0
393, 408.0, 381.0
394, 464.0, 31.0
395, 303.0, 266.0
396, 161.0, 189.0
397, 66.0, 66.0
398, 69.0, 50.0
399, 655.0, 135.0
400, 588.0, 139.0
401, 403.0, 396.0
402, 313.0, 160.0
403, 100.0, 121.0
404, 287.0, 95.0
405, 42.0, 252.0
406, 500.0, 21.0
407, 153.0, 237.0
408, 561.0, 157.0
409, 296.0, 153.0
410, 282.0, 38.0
411, 369.0, 414.0
412, 405.0, 212.0
413, 371.0, 289.0
414, 73.0, 167.0
415, 703.0, 227.0
416, 170.0, 180.0
417, 210.0, 277.0
418, 201.0, 187.0
419, 579.0, 261.0
420, 15.0, 57.0
421, 376.0, 11.0
422, 287.0, 315.0
423, 398.0, 92.0
424, 734.0, 181.0
425, 82.0, 160.0
426, 350.0, 187.0
427, 101.0, 74.0
428, 352.0, 229.0
429, 374.0, 89.0
430, 57.0, 125.0
431, 161.0, 217.0
432, 620.0, 47.0
433, 91.0, 31.0
434, 360.0, 225.0
435, 284.0, 54.0
436, 108.0, 92.0
437, 627.0, 152.0
438, 639.0, 18.0
439, 355.0, 150.0
440, 347.0, 30.0
441, 367.0, 378.0
442, 304.0, 169.0
443, 565.0, 112.0
444, 195.0, 40.0
445, 359.0, 395.0
446, 687.0, 450.0
447, 534.0, 75.0
448, 147.0, 188.0
449, 648.0, 137.0
450, 598.0, 30.0
451, 316.0, 93.0
452, 186.0, 167.0
453, 414.0, 391.0
454, 126.0, 75.0
455, 647.0, 34.0
456, 254.0, 448.0
457, 402.0, 327.0
458, 467.0, 111.0
459, 341.0, 22.0
460, 432.0, 79.0
461, 59.0, 105.0
462, 347.0, 50.0
463, 643.0, 62.0
464, 208.0, 145.0
465, 370.0, 231.0
466, 102.0, 219.0
467, 605.0, 78.0
468, 16.0, 343.0
469, 88.0, 8.0
470, 263.0, 76.0
471, 260.0, 470.0
472, 729.0, 246.0
473, 395.0, 183.0
474, 653.0, 204.0
475, 216.0, 77.0
476, 294.0, 165.0
477, 180.0, 173.0
478, 678.0, 297.0
479, 315.0, 16.0
480, 369.0, 321.0
481, 140.0, 313.0
482, 171.0, 252.0
483, 625.0, 219.0
484, 248.0, 433.0
485, 61.0, 156.0
486, 240.0, 290.0
487, 705.0, 357.0
488, 141.0, 215.0
489, 142.0, 177.0
490, 709.0, 207.0
491, 453.0, 212.0
492, 722.0, 8.0
493, 475.0, 160.0
494, 148.0, 155.0
495, 677.0, 384.0
496, 230.0, 77.0
497, 109.0, 153.0
498, 263.0, 9.0
499, 173.0, 416.0
