0, 123.0, 204.0
1, 404.0, 21.0
2, 182.0, 111.0
3, 278.0, 57.0
4, 451.0, 195.0
5, 417.0, 166.0
6, 144.0, 165.0
7, 598.0, 164.0
8, 268.0, 204.0
9, 605.0, 233.0
10, 272.0, 78.0
11, 358.0, 192.0
12, 97.0, 174.0
13, 186.0, 205.0
14, 573.0, 98.0
15, 287.0, 145.0
16, 222.0, 171.0
17, 554.0, 146.0
18, 498.0, 125.0
19, 330.0, 63.0
20, 464.0, 134.0
21, 416.0, 20.0
22, 560.0, 139.0
23, 117.0, 70.0
24, 154.0, 162.0
25, 632.0, 109.0
26, 133.0, 182.0
27, 493.0, 77.0
28, 667.0, 148.0
29, 321.0, 81.0
30, 253.0, 87.0
31, 427.0, 142.0
32, 443.0, 161.0
33, 332.0, 91.0
34, 545.0, 82.0
35, 515.0, 44.0
36, 393.0, 38.0
37, 174.0, 184.0
38, 448.0, 289.0
39, 203.0, 153.0
40, 515.0, 8.0
41, 248.0, 107.0
42, 231.0, 168.0
43, 68.0, 152.0
44, 318.0, 57.0
45, 270.0, 122.0
46, 226.0, 196.0
47, 189.0, 132.0
48, 468.0, 75.0
49, 295.0, 136.0
50, 650.0, 44.0
51, 315.0, 144.0
52, 397.0, 153.0
53, 302.0, 29.0
54, 317.0, 204.0
55, 499.0, 144.0
56, 309.0, 113.0
57, 400.0, 179.0
58, 474.0, 134.0
59, 330.0, 219.0
60, 482.0, 96.0
61, 184.0, 125.0
62, 89.0, 131.0
63, 194.0, 140.0
64, 478.0, 153.0
65, 501.0, 109.0
66, 300.0, 145.0
67, 529.0, 95.0
68, 232.0, 76.0
69, 129.0, 190.0
70, 162.0, 206.0
71, 212.0, 161.0
72, 142.0, 227.0
73, 120.0, 239.0
74, 680.0, 147.0
75, 401.0, 298.0
76, 169.0, 172.0
77, 217.0, 76.0
78, 486.0, 124.0
79, 119.0, 84.0
80, 492.0, 209.0
81, 404.0, 33.0
82, 470.0, 255.0
83, 166.0, 198.0
84, 458.0, 95.0
85, 540.0, 127.0
86, 466.0, 39.0
87, 272.0, 172.0
88, 132.0, 120.0
89, 300.0, 170.0
90, 278.0, 219.0
91, 407.0, 111.0
92, 564.0, 92.0
93, 394.0, 72.0
94, 689.0, 145.0
95, 273.0, 89.0
96, 369.0, 90.0
97, 384.0, 85.0
98, 339.0, 199.0
99, 490.0, 88.0
100, 497.0, 66.0
101, 334.0, 190.0
102, 259.0, 116.0
103, 691.0, 174.0
104, 73.0, 233.0
105, 469.0, 166.0
106, 437.0, 210.0
107, 504.0, 78.0
108, 415.0, 32.0
109, 393.0, 166.0
110, 65.0, 181.0
111, 420.0, 153.0
112, 103.0, 85.0
113, 92.0, 243.0
114, 511.0, 111.0
115, 452.0, 165.0
116, 254.0, 210.0
117, 316.0, 72.0
118, 102.0, 75.0
119, 359.0, 69.0
120, 122.0, 172.0
121, 371.0, 38.0
122, 51.0, 247.0
123, 572.0, 236.0
124, 450.0, 110.0
125, 352.0, 395.0
126, 252.0, 195.0
127, 213.0, 142.0
128, 524.0, 143.0
129, 169.0, 107.0
130, 594.0, 54.0
131, 523.0, 69.0
132, 417.0, 291.0
133, 405.0, 43.0
134, 624.0, 36.0
135, 427.0, 20.0
136, 740.0, 149.0
137, 100.0, 64.0
138, 537.0, 329.0
139, 498.0, 161.0
140, 688.0, 39.0
141, 327.0, 199.0
142, 191.0, 38.0
143, 26.0, 251.0
144, 215.0, 186.0
145, 98.0, 100.0
146, 480.0, 336.0
147, 407.0, 141.0
148, 328.0, 163.0
149, 387.0, 102.0
150, 379.0, 122.0
151, 242.0, 59.0
152, 236.0, 182.0
153, 367.0, 178.0
154, 511.0, 67.0
155, 432.0, 158.0
156, 395.0, 201.0
157, 269.0, 71.0
158, 183.0, 232.0
159, 91.0, 91.0
160, 734.0, 44.0
161, 223.0, 59.0
162, 377.0, 160.0
163, 563.0, 109.0
164, 174.0, 57.0
165, 376.0, 49.0
166, 466.0, 88.0
167, 653.0, 24.0
168, 159.0, 227.0
169, 581.0, 121.0
170, 574.0, 179.0
171, 589.0, 107.0
172, 297.0, 112.0
173, 69.0, 246.0
174, 68.0, 133.0
175, 186.0, 218.0
176, 615.0, 311.0
177, 116.0, 120.0
178, 427.0, 190.0
179, 183.0, 151.0
180, 532.0, 83.0
181, 164.0, 68.0
182, 364.0, 122.0
183, 300.0, 99.0
184, 45.0, 187.0
185, 100.0, 218.0
186, 256.0, 223.0
187, 540.0, 110.0
188, 722.0, 140.0
189, 385.0, 176.0
190, 667.0, 281.0
191, 613.0, 79.0
192, 89.0, 110.0
193, 152.0, 236.0
194, 237.0, 153.0
195, 510.0, 91.0
196, 322.0, 171.0
197, 533.0, 242.0
198, 148.0, 56.0
199, 52.0, 216.0
200, 599.0, 176.0
201, 550.0, 126.0
202, 135.0, 238.0
203, 537.0, 157.0
204, 197.0, 79.0
205, 409.0, 187.0
206, 292.0, 84.0
207, 699.0, 145.0
208, 86.0, 200.0
209, 279.0, 28.0
210, 450.0, 88.0
211, 299.0, 81.0
212, 381.0, 447.0
213, 518.0, 54.0
214, 144.0, 156.0
215, 206.0, 178.0
216, 477.0, 241.0
217, 25.0, 232.0
218, 122.0, 225.0
219, 119.0, 56.0
220, 150.0, 123.0
221, 422.0, 46.0
222, 504.0, 10.0
223, 170.0, 35.0
224, 647.0, 151.0
225, 391.0, 8.0
226, 601.0, 79.0
227, 515.0, 320.0
228, 341.0, 183.0
229, 634.0, 213.0
230, 384.0, 48.0
231, 409.0, 200.0
232, 136.0, 86.0
233, 198.0, 19.0
234, 59.0, 167.0
235, 670.0, 18.0
236, 459.0, 348.0
237, 68.0, 114.0
238, 512.0, 161.0
239, 440.0, 49.0
240, 95.0, 28.0
241, 321.0, 92.0
242, 165.0, 131.0
243, 239.0, 96.0
244, 695.0, 116.0
245, 605.0, 31.0
246, 511.0, 126.0
247, 379.0, 21.0
248, 592.0, 129.0
249, 409.0, 86.0
250, 73.0, 96.0
251, 558.0, 155.0
252, 577.0, 164.0
253, 559.0, 126.0
254, 78.0, 222.0
255, 585.0, 137.0
256, 624.0, 24.0
257, 92.0, 149.0
258, 198.0, 170.0
259, 162.0, 157.0
260, 160.0, 190.0
261, 478.0, 117.0
262, 222.0, 41.0
263, 79.0, 142.0
264, 459.0, 104.0
265, 371.0, 206.0
266, 381.0, 71.0
267, 517.0, 18.0
268, 221.0, 157.0
269, 543.0, 92.0
270, 593.0, 64.0
271, 521.0, 231.0
272, 416.0, 130.0
273, 9.0, 123.0
274, 331.0, 151.0
275, 321.0, 191.0
276, 103.0, 163.0
277, 183.0, 178.0
278, 241.0, 208.0
279, 261.0, 49.0
280, 465.0, 117.0
281, 244.0, 116.0
282, 81.0, 103.0
283, 706.0, 143.0
284, 287.0, 110.0
285, 198.0, 203.0
286, 417.0, 117.0
287, 234.0, 87.0
288, 31.0, 118.0
289, 287.0, 78.0
290, 571.0, 362.0
291, 177.0, 207.0
292, 523.0, 110.0
293, 301.0, 67.0
294, 157.0, 180.0
295, 502.0, 243.0
296, 287.0, 133.0
297, 548.0, 71.0
298, 442.0, 146.0
299, 603.0, 91.0
300, 316.0, 18.0
301, 171.0, 361.0
302, 9.0, 209.0
303, 200.0, 125.0
304, 104.0, 47.0
305, 522.0, 159.0
306, 456.0, 178.0
307, 116.0, 215.0
308, 114.0, 29.0
309, 489.0, 109.0
310, 524.0, 81.0
311, 162.0, 216.0
312, 456.0, 259.0
313, 88.0, 45.0
314, 688.0, 14.0
315, 501.0, 91.0
316, 589.0, 77.0
317, 678.0, 155.0
318, 686.0, 66.0
319, 307.0, 136.0
320, 264.0, 186.0
321, 110.0, 129.0
322, 111.0, 179.0
323, 103.0, 122.0
324, 408.0, 406.0
325, 680.0, 246.0
326, 250.0, 175.0
327, 113.0, 102.0
328, 76.0, 157.0
329, 105.0, 152.0
330, 505.0, 186.0
331, 240.0, 314.0
332, 281.0, 94.0
333, 391.0, 19.0
334, 31.0, 202.0
335, 286.0, 207.0
336, 561.0, 76.0
337, 144.0, 33.0
338, 302.0, 126.0
339, 258.0, 345.0
340, 260.0, 77.0
341, 442.0, 280.0
342, 544.0, 307.0
343, 373.0, 9.0
344, 65.0, 193.0
345, 261.0, 176.0
346, 578.0, 150.0
347, 393.0, 46.0
348, 284.0, 162.0
349, 520.0, 27.0
350, 96.0, 230.0
351, 713.0, 369.0
352, 79.0, 207.0
353, 709.0, 33.0
354, 573.0, 107.0
355, 442.0, 252.0
356, 170.0, 233.0
357, 514.0, 244.0
358, 660.0, 126.0
359, 623.0, 226.0
360, 708.0, 385.0
361, 398.0, 96.0
362, 733.0, 24.0
363, 613.0, 113.0
364, 353.0, 87.0
365, 138.0, 214.0
366, 595.0, 208.0
367, 590.0, 91.0
368, 572.0, 205.0
369, 86.0, 189.0
370, 612.0, 92.0
371, 396.0, 247.0
372, 415.0, 277.0
373, 369.0, 187.0
374, 240.0, 165.0
375, 637.0, 81.0
376, 222.0, 209.0
377, 722.0, 398.0
378, 605.0, 108.0
379, 584.0, 452.0
380, 541.0, 210.0
381, 733.0, 223.0
382, 439.0, 61.0
383, 352.0, 20.0
384, 310.0, 322.0
385, 463.0, 63.0
386, 218.0, 147.0
387, 290.0, 422.0
388, 624.0, 328.0
389, 441.0, 36.0
390, 470.0, 368.0
391, 647.0, 107.0
392, 408.0, 469.0
393, 82.0, 80.0
394, 538.0, 140.0
395, 414.0, 178.0
396, 507.0, 173.0
397, 370.0, 27.0
398, 446.0, 381.0
399, 135.0, 26.0
400, 486.0, 134.0
401, 305.0, 162.0
402, 634.0, 170.0
403, 716.0, 121.0
404, 400.0, 128.0
405, 381.0, 203.0
406, 56.0, 151.0
407, 636.0, 321.0
408, 111.0, 171.0
409, 327.0, 229.0
410, 144.0, 199.0
411, 448.0, 354.0
412, 468.0, 145.0
413, 48.0, 42.0
414, 506.0, 347.0
415, 672.0, 114.0
416, 208.0, 209.0
417, 210.0, 131.0
418, 135.0, 67.0
419, 548.0, 171.0
420, 533.0, 76.0
421, 512.0, 218.0
422, 457.0, 126.0
423, 511.0, 135.0
424, 15.0, 85.0
425, 614.0, 134.0
426, 208.0, 38.0
427, 291.0, 183.0
428, 612.0, 9.0
429, 114.0, 157.0
430, 174.0, 160.0
431, 386.0, 383.0
432, 574.0, 294.0
433, 511.0, 143.0
434, 53.0, 202.0
435, 116.0, 372.0
436, 276.0, 102.0
437, 441.0, 266.0
438, 490.0, 256.0
439, 501.0, 44.0
440, 424.0, 364.0
441, 325.0, 128.0
442, 259.0, 12.0
443, 173.0, 132.0
444, 53.0, 176.0
445, 253.0, 72.0
446, 403.0, 59.0
447, 630.0, 268.0
448, 488.0, 171.0
449, 671.0, 60.0
450, 284.0, 42.0
451, 565.0, 47.0
452, 278.0, 431.0
453, 131.0, 161.0
454, 190.0, 161.0
455, 53.0, 231.0
456, 441.0, 84.0
457, 380.0, 188.0
458, 79.0, 26.0
459, 17.0, 99.0
460, 666.0, 302.0
461, 340.0, 35.0
462, 47.0, 169.0
463, 525.0, 125.0
464, 641.0, 128.0
465, 277.0, 129.0
466, 533.0, 228.0
467, 568.0, 336.0
468, 656.0, 95.0
469, 307.0, 16.0
470, 522.0, 178.0
471, 568.0, 60.0
472, 443.0, 118.0
473, 29.0, 212.0
474, 532.0, 164.0
475, 534.0, 391.0
476, 195.0, 185.0
477, 604.0, 120.0
478, 66.0, 173.0
479, 139.0, 105.0
480, 542.0, 147.0
481, 414.0, 44.0
482, 519.0, 92.0
483, 596.0, 197.0
484, 110.0, 113.0
485, 415.0, 76.0
486, 217.0, 66.0
487, 714.0, 23.0
488, 445.0, 222.0
489, 320.0, 408.0
490, 701.0, 23.0
491, 730.0, 60.0
492, 178.0, 141.0
493, 733.0, 463.0
494, 634.0, 9.0
495, 450.0, 43.0
496, 595.0, 303.0
497, 259.0, 21.0
498, 316.0, 164.0
499, 445.0, 444.0
