0, 152.0, 74.0
1, 289.0, 165.0
2, 401.0, 247.0
3, 629.0, 208.0
4, 43.0, 401.0
5, 624.0, 195.0
6, 356.0, 189.0
7, 319.0, 156.0
8, 522.0, 167.0
9, 440.0, 260.0
10, 562.0, 280.0
11, 529.0, 343.0
12, 196.0, 192.0
13, 400.0, 227.0
14, 567.0, 255.0
15, 291.0, 174.0
16, 536.0, 86.0
17, 570.0, 231.0
18, 460.0, 57.0
19, 637.0, 365.0
20, 400.0, 58.0
21, 526.0, 111.0
22, 602.0, 193.0
23, 472.0, 105.0
24, 503.0, 59.0
25, 419.0, 260.0
26, 463.0, 143.0
27, 512.0, 163.0
28, 446.0, 250.0
29, 228.0, 26.0
30, 553.0, 269.0
31, 151.0, 317.0
32, 321.0, 260.0
33, 285.0, 154.0
34, 457.0, 209.0
35, 464.0, 100.0
36, 627.0, 63.0
37, 381.0, 150.0
38, 643.0, 113.0
39, 557.0, 233.0
40, 595.0, 144.0
41, 703.0, 447.0
42, 662.0, 352.0
43, 216.0, 47.0
44, 715.0, 150.0
45, 662.0, 233.0
46, 206.0, 171.0
47, 536.0, 284.0
48, 205.0, 86.0
49, 717.0, 189.0
50, 145.0, 435.0
51, 247.0, 397.0
52, 515.0, 95.0
53, 163.0, 402.0
54, 439.0, 120.0
55, 153.0, 37.0
56, 581.0, 262.0
57, 672.0, 138.0
58, 69.0, 93.0
59, 508.0, 301.0
60, 211.0, 250.0
61, 172.0, 205.0
62, 320.0, 353.0
63, 236.0, 57.0
64, 440.0, 139.0
65, 122.0, 35.0
66, 196.0, 242.0
67, 390.0, 180.0
68, 602.0, 258.0
69, 628.0, 235.0
70, 540.0, 245.0
71, 318.0, 208.0
72, 570.0, 221.0
73, 450.0, 272.0
74, 584.0, 231.0
75, 260.0, 29.0
76, 583.0, 151.0
77, 152.0, 175.0
78, 41.0, 389.0
79, 320.0, 306.0
80, 405.0, 306.0
81, 600.0, 275.0
82, 485.0, 217.0
83, 485.0, 237.0
84, 683.0, 138.0
85, 487.0, 98.0
86, 631.0, 426.0
87, 502.0, 257.0
88, 279.0, 380.0
89, 694.0, 469.0
90, 672.0, 371.0
91, 146.0, 60.0
92, 603.0, 29.0
93, 532.0, 157.0
94, 249.0, 151.0
95, 150.0, 89.0
96, 141.0, 371.0
97, 639.0, 126.0
98, 388.0, 197.0
99, 404.0, 258.0
100, 397.0, 136.0
101, 372.0, 166.0
102, 437.0, 149.0
103, 203.0, 303.0
104, 183.0, 148.0
105, 662.0, 415.0
106, 516.0, 303.0
107, 277.0, 205.0
108, 203.0, 220.0
109, 442.0, 53.0
110, 320.0, 251.0
111, 176.0, 340.0
112, 535.0, 25.0
113, 530.0, 302.0
114, 268.0, 77.0
115, 605.0, 341.0
116, 430.0, 220.0
117, 481.0, 332.0
118, 493.0, 327.0
119, 236.0, 383.0
120, 699.0, 68.0
121, 524.0, 319.0
122, 507.0, 210.0
123, 741.0, 451.0
124, 679.0, 410.0
125, 412.0, 250.0
126, 400.0, 217.0
127, 133.0, 245.0
128, 179.0, 384.0
129, 277.0, 18.0
130, 413.0, 124.0
131, 193.0, 88.0
132, 518.0, 144.0
133, 413.0, 240.0
134, 271.0, 310.0
135, 449.0, 189.0
136, 128.0, 114.0
137, 702.0, 227.0
138, 654.0, 362.0
139, 144.0, 309.0
140, 197.0, 208.0
141, 543.0, 159.0
142, 427.0, 59.0
143, 272.0, 364.0
144, 24.0, 284.0
145, 133.0, 375.0
146, 128.0, 231.0
147, 213.0, 157.0
148, 463.0, 155.0
149, 656.0, 29.0
150, 383.0, 163.0
151, 231.0, 429.0
152, 562.0, 291.0
153, 273.0, 95.0
154, 547.0, 362.0
155, 494.0, 208.0
156, 399.0, 124.0
157, 580.0, 251.0
158, 319.0, 166.0
159, 676.0, 421.0
160, 152.0, 347.0
161, 715.0, 368.0
162, 309.0, 274.0
163, 175.0, 123.0
164, 657.0, 14.0
165, 630.0, 283.0
166, 305.0, 332.0
167, 380.0, 19.0
168, 594.0, 262.0
169, 304.0, 182.0
170, 687.0, 439.0
171, 594.0, 292.0
172, 449.0, 336.0
173, 200.0, 51.0
174, 328.0, 300.0
175, 290.0, 26.0
176, 570.0, 157.0
177, 636.0, 62.0
178, 266.0, 220.0
179, 117.0, 455.0
180, 670.0, 148.0
181, 417.0, 282.0
182, 183.0, 62.0
183, 698.0, 211.0
184, 475.0, 167.0
185, 148.0, 260.0
186, 506.0, 106.0
187, 251.0, 324.0
188, 552.0, 165.0
189, 386.0, 129.0
190, 380.0, 49.0
191, 635.0, 224.0
192, 271.0, 149.0
193, 155.0, 449.0
194, 15.0, 45.0
195, 682.0, 221.0
196, 324.0, 283.0
197, 687.0, 83.0
198, 506.0, 85.0
199, 502.0, 331.0
200, 707.0, 435.0
201, 413.0, 195.0
202, 541.0, 270.0
203, 447.0, 232.0
204, 289.0, 13.0
205, 225.0, 310.0
206, 167.0, 337.0
207, 161.0, 225.0
208, 158.0, 198.0
209, 565.0, 21.0
210, 277.0, 162.0
211, 349.0, 170.0
212, 462.0, 324.0
213, 620.0, 241.0
214, 132.0, 20.0
215, 373.0, 184.0
216, 461.0, 185.0
217, 464.0, 116.0
218, 298.0, 281.0
219, 395.0, 287.0
220, 558.0, 147.0
221, 416.0, 296.0
222, 609.0, 150.0
223, 486.0, 112.0
224, 541.0, 125.0
225, 476.0, 179.0
226, 237.0, 198.0
227, 426.0, 345.0
228, 371.0, 96.0
229, 685.0, 201.0
230, 325.0, 271.0
231, 512.0, 259.0
232, 232.0, 79.0
233, 180.0, 234.0
234, 646.0, 137.0
235, 648.0, 368.0
236, 523.0, 157.0
237, 347.0, 380.0
238, 478.0, 98.0
239, 404.0, 97.0
240, 121.0, 379.0
241, 591.0, 278.0
242, 664.0, 51.0
243, 572.0, 241.0
244, 47.0, 95.0
245, 723.0, 443.0
246, 667.0, 250.0
247, 383.0, 97.0
248, 514.0, 153.0
249, 393.0, 306.0
250, 319.0, 241.0
251, 470.0, 134.0
252, 491.0, 336.0
253, 263.0, 382.0
254, 587.0, 271.0
255, 127.0, 85.0
256, 162.0, 127.0
257, 669.0, 362.0
258, 566.0, 370.0
259, 371.0, 237.0
260, 130.0, 363.0
261, 512.0, 184.0
262, 294.0, 194.0
263, 358.0, 419.0
264, 519.0, 198.0
265, 587.0, 192.0
266, 114.0, 71.0
267, 653.0, 127.0
268, 607.0, 225.0
269, 81.0, 351.0
270, 460.0, 199.0
271, 436.0, 197.0
272, 456.0, 74.0
273, 291.0, 271.0
274, 672.0, 432.0
275, 596.0, 213.0
276, 486.0, 15.0
277, 376.0, 75.0
278, 162.0, 55.0
279, 396.0, 274.0
280, 494.0, 10.0
281, 449.0, 108.0
282, 225.0, 280.0
283, 161.0, 237.0
284, 358.0, 133.0
285, 325.0, 38.0
286, 576.0, 277.0
287, 656.0, 41.0
288, 219.0, 303.0
289, 176.0, 164.0
290, 631.0, 400.0
291, 577.0, 419.0
292, 251.0, 83.0
293, 475.0, 229.0
294, 40.0, 10.0
295, 648.0, 192.0
296, 446.0, 213.0
297, 332.0, 96.0
298, 221.0, 258.0
299, 718.0, 140.0
300, 614.0, 195.0
301, 390.0, 66.0
302, 279.0, 192.0
303, 507.0, 312.0
304, 309.0, 348.0
305, 10.0, 253.0
306, 700.0, 243.0
307, 512.0, 14.0
308, 170.0, 373.0
309, 188.0, 210.0
310, 636.0, 52.0
311, 681.0, 391.0
312, 507.0, 396.0
313, 253.0, 17.0
314, 729.0, 141.0
315, 639.0, 184.0
316, 197.0, 154.0
317, 461.0, 313.0
318, 496.0, 352.0
319, 29.0, 314.0
320, 222.0, 290.0
321, 686.0, 375.0
322, 202.0, 231.0
323, 137.0, 38.0
324, 690.0, 106.0
325, 499.0, 339.0
326, 360.0, 326.0
327, 319.0, 115.0
328, 615.0, 258.0
329, 625.0, 184.0
330, 301.0, 44.0
331, 670.0, 18.0
332, 511.0, 335.0
333, 319.0, 199.0
334, 393.0, 49.0
335, 391.0, 357.0
336, 333.0, 113.0
337, 464.0, 226.0
338, 624.0, 227.0
339, 350.0, 181.0
340, 518.0, 22.0
341, 295.0, 156.0
342, 711.0, 424.0
343, 734.0, 176.0
344, 509.0, 285.0
345, 577.0, 364.0
346, 639.0, 353.0
347, 276.0, 87.0
348, 339.0, 194.0
349, 27.0, 303.0
350, 306.0, 195.0
351, 413.0, 220.0
352, 492.0, 251.0
353, 550.0, 283.0
354, 667.0, 208.0
355, 413.0, 157.0
356, 411.0, 230.0
357, 36.0, 357.0
358, 478.0, 262.0
359, 457.0, 282.0
360, 107.0, 369.0
361, 519.0, 86.0
362, 338.0, 172.0
363, 358.0, 168.0
364, 435.0, 211.0
365, 550.0, 47.0
366, 665.0, 404.0
367, 485.0, 323.0
368, 185.0, 224.0
369, 286.0, 87.0
370, 504.0, 49.0
371, 338.0, 362.0
372, 636.0, 146.0
373, 692.0, 428.0
374, 659.0, 243.0
375, 433.0, 230.0
376, 205.0, 424.0
377, 301.0, 14.0
378, 696.0, 342.0
379, 282.0, 227.0
380, 87.0, 365.0
381, 340.0, 339.0
382, 430.0, 313.0
383, 408.0, 181.0
384, 596.0, 176.0
385, 679.0, 355.0
386, 704.0, 105.0
387, 492.0, 74.0
388, 551.0, 76.0
389, 278.0, 28.0
390, 610.0, 332.0
391, 680.0, 148.0
392, 659.0, 70.0
393, 430.0, 244.0
394, 241.0, 407.0
395, 286.0, 304.0
396, 727.0, 306.0
397, 556.0, 243.0
398, 293.0, 263.0
399, 368.0, 150.0
400, 352.0, 453.0
401, 541.0, 169.0
402, 430.0, 287.0
403, 504.0, 143.0
404, 195.0, 389.0
405, 139.0, 447.0
406, 384.0, 254.0
407, 648.0, 208.0
408, 231.0, 444.0
409, 623.0, 159.0
410, 371.0, 111.0
411, 448.0, 117.0
412, 637.0, 136.0
413, 480.0, 58.0
414, 740.0, 92.0
415, 355.0, 25.0
416, 280.0, 371.0
417, 726.0, 217.0
418, 414.0, 139.0
419, 139.0, 191.0
420, 646.0, 242.0
421, 719.0, 455.0
422, 448.0, 294.0
423, 238.0, 303.0
424, 594.0, 126.0
425, 654.0, 51.0
426, 236.0, 268.0
427, 513.0, 51.0
428, 504.0, 170.0
429, 703.0, 49.0
430, 687.0, 454.0
431, 740.0, 414.0
432, 364.0, 359.0
433, 227.0, 321.0
434, 294.0, 230.0
435, 622.0, 268.0
436, 84.0, 428.0
437, 275.0, 53.0
438, 428.0, 138.0
439, 308.0, 255.0
440, 54.0, 243.0
441, 186.0, 303.0
442, 220.0, 397.0
443, 181.0, 404.0
444, 382.0, 138.0
445, 81.0, 381.0
446, 54.0, 113.0
447, 215.0, 82.0
448, 431.0, 265.0
449, 422.0, 16.0
450, 127.0, 450.0
451, 497.0, 184.0
452, 593.0, 104.0
453, 287.0, 98.0
454, 372.0, 221.0
455, 24.0, 82.0
456, 121.0, 60.0
457, 621.0, 437.0
458, 383.0, 234.0
459, 428.0, 97.0
460, 306.0, 367.0
461, 357.0, 110.0
462, 342.0, 62.0
463, 478.0, 158.0
464, 432.0, 157.0
465, 436.0, 170.0
466, 399.0, 109.0
467, 580.0, 136.0
468, 543.0, 334.0
469, 620.0, 384.0
470, 564.0, 267.0
471, 676.0, 163.0
472, 114.0, 118.0
473, 195.0, 183.0
474, 501.0, 96.0
475, 196.0, 218.0
476, 618.0, 395.0
477, 538.0, 348.0
478, 165.0, 296.0
479, 625.0, 135.0
480, 549.0, 36.0
481, 342.0, 75.0
482, 92.0, 91.0
483, 607.0, 160.0
484, 616.0, 129.0
485, 16.0, 12.0
486, 367.0, 251.0
487, 616.0, 72.0
488, 349.0, 399.0
489, 26.0, 293.0
490, 293.0, 379.0
491, 597.0, 251.0
492, 298.0, 94.0
493, 310.0, 29.0
494, 477.0, 344.0
495, 547.0, 98.0
496, 441.0, 100.0
497, 309.0, 115.0
498, 221.0, 447.0
499, 712.0, 215.0
