0, 203.0, 8.0
1, 237.0, 8.0
2, 542.0, 8.0
3, 157.0, 9.0
4, 183.0, 9.0
5, 242.0, 9.0
6, 547.0, 9.0
7, 427.0, 11.0
8, 566.0, 11.0
9, 297.0, 12.0
10, 695.0, 12.0
11, 432.0, 13.0
12, 322.0, 14.0
13, 418.0, 14.0
14, 263.0, 15.0
15, 205.0, 16.0
16, 589.0, 16.0
17, 733.0, 16.0
18, 32.0, 17.0
19, 57.0, 17.0
20, 184.0, 17.0
21, 690.0, 17.0
22, 409.0, 18.0
23, 603.0, 18.0
24, 608.0, 19.0
25, 192.0, 21.0
26, 275.0, 21.0
27, 571.0, 21.0
28, 68.0, 22.0
29, 280.0, 22.0
30, 330.0, 22.0
31, 406.0, 23.0
32, 636.0, 23.0
33, 163.0, 25.0
34, 300.0, 25.0
35, 288.0, 26.0
36, 154.0, 27.0
37, 481.0, 27.0
38, 465.0, 29.0
39, 606.0, 29.0
40, 79.0, 31.0
41, 309.0, 31.0
42, 503.0, 31.0
43, 561.0, 31.0
44, 209.0, 32.0
45, 84.0, 33.0
46, 109.0, 33.0
47, 688.0, 33.0
48, 89.0, 34.0
49, 219.0, 35.0
50, 192.0, 36.0
51, 242.0, 36.0
52, 322.0, 36.0
53, 564.0, 36.0
54, 608.0, 36.0
55, 271.0, 37.0
56, 306.0, 37.0
57, 423.0, 37.0
58, 382.0, 38.0
59, 279.0, 39.0
60, 442.0, 39.0
61, 517.0, 39.0
62, 627.0, 39.0
63, 590.0, 40.0
64, 632.0, 40.0
65, 136.0, 41.0
66, 242.0, 41.0
67, 476.0, 41.0
68, 567.0, 41.0
69, 119.0, 43.0
70, 488.0, 44.0
71, 503.0, 44.0
72, 145.0, 45.0
73, 459.0, 45.0
74, 544.0, 45.0
75, 653.0, 45.0
76, 733.0, 47.0
77, 670.0, 48.0
78, 72.0, 49.0
79, 514.0, 49.0
80, 610.0, 49.0
81, 313.0, 50.0
82, 622.0, 51.0
83, 627.0, 52.0
84, 500.0, 53.0
85, 679.0, 53.0
86, 220.0, 54.0
87, 245.0, 54.0
88, 253.0, 54.0
89, 570.0, 54.0
90, 639.0, 54.0
91, 644.0, 55.0
92, 694.0, 55.0
93, 233.0, 56.0
94, 309.0, 56.0
95, 701.0, 57.0
96, 162.0, 58.0
97, 591.0, 59.0
98, 665.0, 59.0
99, 418.0, 60.0
100, 509.0, 60.0
101, 234.0, 61.0
102, 538.0, 61.0
103, 256.0, 63.0
104, 736.0, 63.0
105, 426.0, 64.0
106, 612.0, 64.0
107, 195.0, 65.0
108, 285.0, 65.0
109, 220.0, 66.0
110, 225.0, 66.0
111, 688.0, 66.0
112, 302.0, 67.0
113, 182.0, 68.0
114, 447.0, 68.0
115, 516.0, 68.0
116, 559.0, 68.0
117, 525.0, 70.0
118, 618.0, 70.0
119, 660.0, 70.0
120, 189.0, 71.0
121, 253.0, 71.0
122, 285.0, 72.0
123, 464.0, 72.0
124, 212.0, 74.0
125, 194.0, 75.0
126, 228.0, 75.0
127, 651.0, 75.0
128, 165.0, 77.0
129, 252.0, 77.0
130, 489.0, 77.0
131, 173.0, 80.0
132, 92.0, 81.0
133, 292.0, 82.0
134, 616.0, 84.0
135, 570.0, 85.0
136, 576.0, 85.0
137, 316.0, 86.0
138, 447.0, 86.0
139, 684.0, 87.0
140, 54.0, 88.0
141, 271.0, 88.0
142, 160.0, 89.0
143, 237.0, 89.0
144, 545.0, 89.0
145, 515.0, 91.0
146, 334.0, 92.0
147, 629.0, 92.0
148, 646.0, 92.0
149, 244.0, 94.0
150, 69.0, 95.0
151, 225.0, 95.0
152, 264.0, 95.0
153, 368.0, 95.0
154, 39.0, 96.0
155, 458.0, 98.0
156, 206.0, 99.0
157, 540.0, 99.0
158, 56.0, 100.0
159, 87.0, 100.0
160, 166.0, 100.0
161, 190.0, 100.0
162, 248.0, 100.0
163, 621.0, 100.0
164, 676.0, 101.0
165, 736.0, 101.0
166, 509.0, 103.0
167, 718.0, 103.0
168, 77.0, 104.0
169, 351.0, 104.0
170, 712.0, 104.0
171, 642.0, 105.0
172, 260.0, 106.0
173, 225.0, 108.0
174, 251.0, 108.0
175, 284.0, 108.0
176, 374.0, 109.0
177, 615.0, 109.0
178, 214.0, 110.0
179, 202.0, 111.0
180, 64.0, 112.0
181, 531.0, 114.0
182, 662.0, 114.0
183, 691.0, 114.0
184, 696.0, 114.0
185, 193.0, 116.0
186, 221.0, 116.0
187, 499.0, 117.0
188, 622.0, 117.0
189, 627.0, 117.0
190, 671.0, 117.0
191, 52.0, 118.0
192, 519.0, 118.0
193, 643.0, 118.0
194, 236.0, 120.0
195, 180.0, 121.0
196, 83.0, 122.0
197, 307.0, 122.0
198, 30.0, 123.0
199, 571.0, 123.0
200, 170.0, 124.0
201, 199.0, 124.0
202, 222.0, 125.0
203, 592.0, 125.0
204, 743.0, 125.0
205, 358.0, 126.0
206, 479.0, 126.0
207, 420.0, 127.0
208, 523.0, 127.0
209, 604.0, 127.0
210, 618.0, 127.0
211, 190.0, 128.0
212, 633.0, 128.0
213, 252.0, 129.0
214, 508.0, 130.0
215, 634.0, 133.0
216, 36.0, 134.0
217, 152.0, 137.0
218, 43.0, 138.0
219, 653.0, 138.0
220, 728.0, 139.0
221, 735.0, 139.0
222, 237.0, 140.0
223, 589.0, 140.0
224, 686.0, 141.0
225, 515.0, 142.0
226, 601.0, 142.0
227, 669.0, 142.0
228, 277.0, 143.0
229, 351.0, 143.0
230, 87.0, 145.0
231, 392.0, 145.0
232, 409.0, 145.0
233, 478.0, 146.0
234, 627.0, 146.0
235, 632.0, 147.0
236, 256.0, 150.0
237, 51.0, 151.0
238, 583.0, 151.0
239, 643.0, 151.0
240, 32.0, 152.0
241, 152.0, 153.0
242, 613.0, 155.0
243, 626.0, 155.0
244, 43.0, 156.0
245, 488.0, 156.0
246, 70.0, 157.0
247, 464.0, 157.0
248, 570.0, 158.0
249, 109.0, 159.0
250, 335.0, 159.0
251, 651.0, 159.0
252, 469.0, 160.0
253, 704.0, 161.0
254, 46.0, 163.0
255, 652.0, 164.0
256, 311.0, 165.0
257, 35.0, 166.0
258, 100.0, 166.0
259, 114.0, 167.0
260, 239.0, 167.0
261, 371.0, 167.0
262, 647.0, 167.0
263, 67.0, 169.0
264, 207.0, 169.0
265, 636.0, 169.0
266, 255.0, 170.0
267, 667.0, 170.0
268, 425.0, 171.0
269, 85.0, 172.0
270, 133.0, 172.0
271, 496.0, 172.0
272, 250.0, 173.0
273, 459.0, 174.0
274, 622.0, 174.0
275, 627.0, 175.0
276, 111.0, 176.0
277, 165.0, 176.0
278, 649.0, 176.0
279, 387.0, 178.0
280, 632.0, 178.0
281, 441.0, 179.0
282, 474.0, 179.0
283, 182.0, 181.0
284, 358.0, 181.0
285, 121.0, 182.0
286, 289.0, 182.0
287, 686.0, 182.0
288, 99.0, 183.0
289, 139.0, 183.0
290, 208.0, 183.0
291, 426.0, 183.0
292, 280.0, 184.0
293, 478.0, 184.0
294, 663.0, 186.0
295, 170.0, 188.0
296, 372.0, 188.0
297, 141.0, 191.0
298, 114.0, 192.0
299, 315.0, 194.0
300, 326.0, 194.0
301, 444.0, 197.0
302, 634.0, 197.0
303, 615.0, 200.0
304, 126.0, 201.0
305, 145.0, 201.0
306, 202.0, 203.0
307, 336.0, 203.0
308, 436.0, 203.0
309, 236.0, 204.0
310, 513.0, 204.0
311, 603.0, 204.0
312, 81.0, 205.0
313, 98.0, 205.0
314, 108.0, 205.0
315, 350.0, 205.0
316, 624.0, 205.0
317, 579.0, 207.0
318, 423.0, 211.0
319, 472.0, 211.0
320, 633.0, 212.0
321, 641.0, 212.0
322, 657.0, 215.0
323, 571.0, 217.0
324, 25.0, 218.0
325, 102.0, 218.0
326, 125.0, 218.0
327, 447.0, 218.0
328, 342.0, 220.0
329, 608.0, 222.0
330, 297.0, 223.0
331, 88.0, 224.0
332, 378.0, 224.0
333, 573.0, 224.0
334, 585.0, 224.0
335, 115.0, 227.0
336, 675.0, 229.0
337, 363.0, 230.0
338, 565.0, 232.0
339, 580.0, 232.0
340, 657.0, 232.0
341, 25.0, 233.0
342, 87.0, 233.0
343, 604.0, 234.0
344, 288.0, 235.0
345, 634.0, 237.0
346, 200.0, 238.0
347, 205.0, 238.0
348, 91.0, 240.0
349, 615.0, 240.0
350, 73.0, 243.0
351, 175.0, 244.0
352, 561.0, 244.0
353, 112.0, 245.0
354, 329.0, 245.0
355, 576.0, 245.0
356, 265.0, 246.0
357, 405.0, 246.0
358, 550.0, 246.0
359, 627.0, 246.0
360, 15.0, 247.0
361, 323.0, 247.0
362, 33.0, 248.0
363, 80.0, 248.0
364, 438.0, 248.0
365, 318.0, 249.0
366, 365.0, 249.0
367, 77.0, 253.0
368, 422.0, 255.0
369, 55.0, 257.0
370, 65.0, 259.0
371, 286.0, 259.0
372, 379.0, 260.0
373, 37.0, 261.0
374, 15.0, 262.0
375, 438.0, 264.0
376, 569.0, 265.0
377, 239.0, 268.0
378, 595.0, 270.0
379, 314.0, 271.0
380, 449.0, 272.0
381, 46.0, 273.0
382, 302.0, 273.0
383, 615.0, 274.0
384, 27.0, 275.0
385, 468.0, 278.0
386, 492.0, 280.0
387, 543.0, 280.0
388, 263.0, 282.0
389, 362.0, 282.0
390, 564.0, 282.0
391, 644.0, 282.0
392, 452.0, 283.0
393, 27.0, 286.0
394, 326.0, 286.0
395, 22.0, 288.0
396, 561.0, 292.0
397, 527.0, 293.0
398, 498.0, 294.0
399, 454.0, 295.0
400, 479.0, 296.0
401, 346.0, 297.0
402, 514.0, 298.0
403, 541.0, 302.0
404, 42.0, 303.0
405, 270.0, 303.0
406, 332.0, 303.0
407, 567.0, 303.0
408, 512.0, 306.0
409, 572.0, 306.0
410, 517.0, 307.0
411, 582.0, 309.0
412, 446.0, 310.0
413, 512.0, 311.0
414, 518.0, 316.0
415, 555.0, 318.0
416, 669.0, 327.0
417, 391.0, 328.0
418, 574.0, 328.0
419, 714.0, 331.0
420, 551.0, 332.0
421, 34.0, 335.0
422, 548.0, 342.0
423, 339.0, 344.0
424, 498.0, 346.0
425, 572.0, 346.0
426, 412.0, 347.0
427, 511.0, 347.0
428, 407.0, 348.0
429, 386.0, 350.0
430, 431.0, 353.0
431, 546.0, 359.0
432, 567.0, 361.0
433, 434.0, 363.0
434, 419.0, 366.0
435, 474.0, 368.0
436, 374.0, 369.0
437, 399.0, 369.0
438, 546.0, 371.0
439, 655.0, 372.0
440, 620.0, 373.0
441, 625.0, 374.0
442, 540.0, 378.0
443, 370.0, 379.0
444, 564.0, 379.0
445, 486.0, 380.0
446, 559.0, 381.0
447, 546.0, 382.0
448, 148.0, 383.0
449, 467.0, 383.0
450, 525.0, 383.0
451, 364.0, 386.0
452, 388.0, 389.0
453, 544.0, 391.0
454, 407.0, 393.0
455, 597.0, 394.0
456, 654.0, 394.0
457, 480.0, 395.0
458, 562.0, 398.0
459, 399.0, 407.0
460, 516.0, 407.0
461, 551.0, 413.0
462, 593.0, 415.0
463, 715.0, 415.0
464, 572.0, 417.0
465, 490.0, 418.0
466, 682.0, 418.0
467, 671.0, 421.0
468, 690.0, 422.0
469, 534.0, 425.0
470, 521.0, 426.0
471, 555.0, 427.0
472, 700.0, 427.0
473, 545.0, 428.0
474, 689.0, 429.0
475, 652.0, 431.0
476, 476.0, 432.0
477, 734.0, 435.0
478, 722.0, 437.0
479, 636.0, 441.0
480, 544.0, 442.0
481, 392.0, 443.0
482, 621.0, 444.0
483, 378.0, 446.0
484, 485.0, 448.0
485, 480.0, 456.0
486, 645.0, 456.0
487, 650.0, 457.0
488, 627.0, 459.0
489, 622.0, 461.0
490, 582.0, 462.0
491, 654.0, 471.0
