0, 520.0, 312.0
1, 183.0, 328.0
2, 608.0, 352.0
3, 411.0, 222.0
4, 121.0, 186.0
5, 437.0, 439.0
6, 332.0, 281.0
7, 341.0, 320.0
8, 131.0, 312.0
9, 531.0, 314.0
10, 374.0, 290.0
11, 236.0, 280.0
12, 111.0, 345.0
13, 95.0, 100.0
14, 429.0, 429.0
15, 400.0, 408.0
16, 383.0, 323.0
17, 128.0, 154.0
18, 190.0, 187.0
19, 431.0, 109.0
20, 89.0, 319.0
21, 79.0, 325.0
22, 256.0, 124.0
23, 435.0, 213.0
24, 91.0, 415.0
25, 105.0, 310.0
26, 164.0, 161.0
27, 372.0, 44.0
28, 162.0, 207.0
29, 207.0, 469.0
30, 221.0, 283.0
31, 597.0, 263.0
32, 210.0, 349.0
33, 165.0, 185.0
34, 216.0, 226.0
35, 179.0, 208.0
36, 336.0, 126.0
37, 443.0, 142.0
38, 354.0, 418.0
39, 260.0, 324.0
40, 345.0, 250.0
41, 238.0, 106.0
42, 115.0, 172.0
43, 384.0, 404.0
44, 318.0, 106.0
45, 578.0, 21.0
46, 405.0, 271.0
47, 111.0, 141.0
48, 401.0, 304.0
49, 183.0, 386.0
50, 409.0, 128.0
51, 182.0, 179.0
52, 448.0, 214.0
53, 167.0, 421.0
54, 150.0, 255.0
55, 295.0, 318.0
56, 619.0, 342.0
57, 483.0, 232.0
58, 352.0, 392.0
59, 552.0, 275.0
60, 150.0, 159.0
61, 318.0, 126.0
62, 338.0, 305.0
63, 311.0, 319.0
64, 378.0, 245.0
65, 657.0, 339.0
66, 207.0, 285.0
67, 306.0, 246.0
68, 314.0, 306.0
69, 241.0, 295.0
70, 669.0, 183.0
71, 247.0, 312.0
72, 438.0, 410.0
73, 535.0, 113.0
74, 126.0, 292.0
75, 136.0, 141.0
76, 101.0, 65.0
77, 559.0, 36.0
78, 567.0, 248.0
79, 298.0, 403.0
80, 213.0, 214.0
81, 299.0, 197.0
82, 433.0, 349.0
83, 738.0, 232.0
84, 336.0, 108.0
85, 96.0, 142.0
86, 634.0, 363.0
87, 549.0, 306.0
88, 280.0, 366.0
89, 478.0, 112.0
90, 600.0, 386.0
91, 112.0, 286.0
92, 203.0, 242.0
93, 345.0, 261.0
94, 375.0, 262.0
95, 355.0, 284.0
96, 240.0, 123.0
97, 356.0, 236.0
98, 593.0, 194.0
99, 571.0, 279.0
100, 255.0, 105.0
101, 617.0, 329.0
102, 327.0, 445.0
103, 56.0, 419.0
104, 320.0, 351.0
105, 600.0, 232.0
106, 618.0, 317.0
107, 113.0, 159.0
108, 637.0, 159.0
109, 212.0, 197.0
110, 87.0, 294.0
111, 390.0, 282.0
112, 26.0, 37.0
113, 22.0, 390.0
114, 688.0, 262.0
115, 363.0, 329.0
116, 104.0, 176.0
117, 481.0, 85.0
118, 128.0, 409.0
119, 279.0, 465.0
120, 415.0, 403.0
121, 398.0, 238.0
122, 321.0, 249.0
123, 723.0, 225.0
124, 209.0, 300.0
125, 592.0, 458.0
126, 727.0, 383.0
127, 174.0, 316.0
128, 213.0, 249.0
129, 585.0, 170.0
130, 86.0, 306.0
131, 415.0, 304.0
132, 685.0, 228.0
133, 353.0, 403.0
134, 375.0, 272.0
135, 671.0, 87.0
136, 100.0, 119.0
137, 298.0, 357.0
138, 83.0, 34.0
139, 543.0, 170.0
140, 523.0, 440.0
141, 72.0, 315.0
142, 36.0, 215.0
143, 330.0, 382.0
144, 590.0, 365.0
145, 165.0, 353.0
146, 395.0, 343.0
147, 265.0, 156.0
148, 727.0, 360.0
149, 258.0, 386.0
150, 265.0, 455.0
151, 252.0, 155.0
152, 65.0, 29.0
153, 555.0, 113.0
154, 372.0, 301.0
155, 632.0, 307.0
156, 415.0, 174.0
157, 589.0, 242.0
158, 131.0, 120.0
159, 347.0, 432.0
160, 65.0, 9.0
161, 551.0, 135.0
162, 331.0, 313.0
163, 449.0, 399.0
164, 31.0, 70.0
165, 181.0, 196.0
166, 236.0, 81.0
167, 253.0, 80.0
168, 282.0, 402.0
169, 144.0, 419.0
170, 291.0, 391.0
171, 680.0, 244.0
172, 179.0, 354.0
173, 241.0, 331.0
174, 568.0, 13.0
175, 477.0, 133.0
176, 318.0, 80.0
177, 285.0, 448.0
178, 466.0, 401.0
179, 359.0, 434.0
180, 675.0, 333.0
181, 609.0, 283.0
182, 480.0, 243.0
183, 201.0, 356.0
184, 615.0, 220.0
185, 591.0, 137.0
186, 415.0, 422.0
187, 65.0, 397.0
188, 692.0, 184.0
189, 559.0, 86.0
190, 281.0, 427.0
191, 96.0, 199.0
192, 417.0, 160.0
193, 84.0, 87.0
194, 517.0, 430.0
195, 355.0, 340.0
196, 62.0, 86.0
197, 189.0, 149.0
198, 304.0, 436.0
199, 534.0, 127.0
200, 104.0, 456.0
201, 664.0, 115.0
202, 60.0, 327.0
203, 388.0, 432.0
204, 271.0, 385.0
205, 181.0, 160.0
206, 140.0, 297.0
207, 594.0, 349.0
208, 363.0, 192.0
209, 604.0, 372.0
210, 163.0, 36.0
211, 416.0, 455.0
212, 26.0, 163.0
213, 561.0, 185.0
214, 515.0, 188.0
215, 234.0, 145.0
216, 554.0, 236.0
217, 386.0, 303.0
218, 410.0, 110.0
219, 188.0, 301.0
220, 58.0, 123.0
221, 362.0, 148.0
222, 536.0, 284.0
223, 340.0, 418.0
224, 387.0, 462.0
225, 723.0, 117.0
226, 318.0, 139.0
227, 321.0, 180.0
228, 423.0, 332.0
229, 575.0, 229.0
230, 426.0, 366.0
231, 338.0, 366.0
232, 205.0, 273.0
233, 346.0, 273.0
234, 681.0, 439.0
235, 230.0, 228.0
236, 162.0, 408.0
237, 624.0, 250.0
238, 547.0, 153.0
239, 66.0, 99.0
240, 182.0, 81.0
241, 485.0, 207.0
242, 609.0, 241.0
243, 75.0, 436.0
244, 408.0, 256.0
245, 194.0, 323.0
246, 734.0, 258.0
247, 120.0, 365.0
248, 191.0, 241.0
249, 93.0, 276.0
250, 322.0, 314.0
251, 357.0, 368.0
252, 680.0, 289.0
253, 413.0, 205.0
254, 116.0, 325.0
255, 296.0, 367.0
256, 689.0, 211.0
257, 664.0, 422.0
258, 48.0, 22.0
259, 62.0, 140.0
260, 148.0, 350.0
261, 465.0, 45.0
262, 84.0, 182.0
263, 340.0, 338.0
264, 551.0, 66.0
265, 437.0, 451.0
266, 564.0, 61.0
267, 488.0, 438.0
268, 717.0, 248.0
269, 429.0, 83.0
270, 344.0, 231.0
271, 622.0, 158.0
272, 564.0, 322.0
273, 216.0, 269.0
274, 417.0, 463.0
275, 237.0, 175.0
276, 83.0, 12.0
277, 300.0, 185.0
278, 495.0, 56.0
279, 335.0, 82.0
280, 78.0, 221.0
281, 472.0, 426.0
282, 253.0, 441.0
283, 166.0, 267.0
284, 53.0, 98.0
285, 100.0, 160.0
286, 279.0, 308.0
287, 339.0, 351.0
288, 306.0, 204.0
289, 658.0, 139.0
290, 148.0, 337.0
291, 16.0, 143.0
292, 306.0, 216.0
293, 223.0, 316.0
294, 67.0, 378.0
295, 87.0, 171.0
296, 458.0, 132.0
297, 220.0, 296.0
298, 107.0, 77.0
299, 308.0, 417.0
300, 539.0, 260.0
301, 330.0, 291.0
302, 387.0, 383.0
303, 168.0, 241.0
304, 638.0, 181.0
305, 313.0, 365.0
306, 573.0, 262.0
307, 696.0, 116.0
308, 389.0, 312.0
309, 43.0, 428.0
310, 399.0, 313.0
311, 125.0, 445.0
312, 63.0, 301.0
313, 312.0, 187.0
314, 582.0, 403.0
315, 206.0, 396.0
316, 284.0, 344.0
317, 360.0, 300.0
318, 231.0, 269.0
319, 79.0, 162.0
320, 504.0, 168.0
321, 205.0, 374.0
322, 402.0, 150.0
323, 30.0, 194.0
324, 314.0, 338.0
325, 83.0, 392.0
326, 198.0, 297.0
327, 700.0, 243.0
328, 147.0, 407.0
329, 263.0, 362.0
330, 548.0, 23.0
331, 530.0, 304.0
332, 148.0, 226.0
333, 185.0, 339.0
334, 322.0, 235.0
335, 164.0, 79.0
336, 29.0, 22.0
337, 371.0, 321.0
338, 678.0, 62.0
339, 317.0, 54.0
340, 130.0, 356.0
341, 74.0, 87.0
342, 463.0, 57.0
343, 538.0, 86.0
344, 412.0, 83.0
345, 111.0, 101.0
346, 511.0, 311.0
347, 381.0, 169.0
348, 56.0, 160.0
349, 138.0, 364.0
350, 619.0, 268.0
351, 228.0, 216.0
352, 716.0, 161.0
353, 113.0, 59.0
354, 429.0, 464.0
355, 218.0, 361.0
356, 256.0, 135.0
357, 386.0, 291.0
358, 36.0, 137.0
359, 429.0, 287.0
360, 171.0, 122.0
361, 38.0, 100.0
362, 239.0, 404.0
363, 526.0, 188.0
364, 263.0, 396.0
365, 179.0, 399.0
366, 516.0, 325.0
367, 372.0, 331.0
368, 189.0, 54.0
369, 582.0, 157.0
370, 391.0, 359.0
371, 566.0, 288.0
372, 8.0, 73.0
373, 600.0, 335.0
374, 209.0, 440.0
375, 50.0, 276.0
376, 27.0, 184.0
377, 12.0, 56.0
378, 233.0, 251.0
379, 400.0, 203.0
380, 196.0, 218.0
381, 396.0, 424.0
382, 39.0, 32.0
383, 710.0, 453.0
384, 12.0, 100.0
385, 90.0, 233.0
386, 500.0, 409.0
387, 113.0, 333.0
388, 125.0, 58.0
389, 636.0, 202.0
390, 691.0, 195.0
391, 705.0, 88.0
392, 168.0, 226.0
393, 534.0, 294.0
394, 225.0, 250.0
395, 258.0, 426.0
396, 607.0, 199.0
397, 732.0, 67.0
398, 41.0, 289.0
399, 735.0, 463.0
400, 606.0, 327.0
401, 491.0, 112.0
402, 266.0, 250.0
403, 335.0, 55.0
404, 729.0, 89.0
405, 539.0, 433.0
406, 297.0, 174.0
407, 397.0, 330.0
408, 380.0, 418.0
409, 739.0, 27.0
410, 102.0, 419.0
411, 90.0, 76.0
412, 141.0, 281.0
413, 545.0, 295.0
414, 611.0, 57.0
415, 18.0, 155.0
416, 140.0, 189.0
417, 354.0, 459.0
418, 464.0, 194.0
419, 421.0, 345.0
420, 123.0, 250.0
421, 106.0, 87.0
422, 249.0, 424.0
423, 252.0, 54.0
424, 433.0, 130.0
425, 253.0, 167.0
426, 101.0, 298.0
427, 410.0, 240.0
428, 451.0, 152.0
429, 42.0, 382.0
430, 203.0, 330.0
431, 185.0, 314.0
432, 67.0, 49.0
433, 335.0, 230.0
434, 631.0, 318.0
435, 235.0, 362.0
436, 157.0, 326.0
437, 583.0, 389.0
438, 197.0, 257.0
439, 180.0, 283.0
440, 262.0, 343.0
441, 314.0, 425.0
442, 353.0, 353.0
443, 151.0, 381.0
444, 416.0, 316.0
445, 69.0, 253.0
446, 572.0, 314.0
447, 372.0, 384.0
448, 492.0, 457.0
449, 85.0, 471.0
450, 252.0, 144.0
451, 113.0, 120.0
452, 597.0, 471.0
453, 640.0, 350.0
454, 530.0, 154.0
455, 396.0, 443.0
456, 43.0, 394.0
457, 706.0, 272.0
458, 139.0, 209.0
459, 234.0, 54.0
460, 222.0, 175.0
461, 217.0, 333.0
462, 372.0, 354.0
463, 370.0, 471.0
464, 448.0, 456.0
465, 203.0, 231.0
466, 529.0, 463.0
467, 82.0, 370.0
468, 40.0, 465.0
469, 175.0, 234.0
470, 194.0, 312.0
471, 290.0, 179.0
472, 236.0, 321.0
473, 490.0, 155.0
474, 503.0, 380.0
475, 205.0, 249.0
476, 167.0, 135.0
477, 448.0, 382.0
478, 492.0, 448.0
479, 203.0, 416.0
480, 104.0, 363.0
481, 649.0, 271.0
482, 706.0, 66.0
483, 405.0, 142.0
484, 743.0, 451.0
485, 168.0, 104.0
486, 153.0, 281.0
487, 205.0, 173.0
488, 414.0, 190.0
489, 562.0, 308.0
490, 440.0, 464.0
491, 421.0, 20.0
492, 266.0, 412.0
493, 128.0, 218.0
494, 153.0, 242.0
495, 137.0, 351.0
496, 273.0, 145.0
497, 538.0, 275.0
498, 326.0, 303.0
499, 235.0, 157.0
