0, 247.0, 210.0
1, 203.0, 155.0
2, 444.0, 239.0
3, 239.0, 218.0
4, 456.0, 15.0
5, 310.0, 232.0
6, 369.0, 208.0
7, 120.0, 47.0
8, 358.0, 243.0
9, 466.0, 195.0
10, 625.0, 312.0
11, 148.0, 347.0
12, 458.0, 176.0
13, 454.0, 438.0
14, 467.0, 17.0
15, 546.0, 108.0
16, 320.0, 203.0
17, 588.0, 209.0
18, 347.0, 281.0
19, 299.0, 199.0
20, 414.0, 438.0
21, 232.0, 281.0
22, 207.0, 362.0
23, 184.0, 283.0
24, 493.0, 363.0
25, 195.0, 145.0
26, 318.0, 212.0
27, 255.0, 282.0
28, 609.0, 290.0
29, 398.0, 109.0
30, 71.0, 205.0
31, 500.0, 186.0
32, 610.0, 210.0
33, 541.0, 325.0
34, 228.0, 255.0
35, 613.0, 458.0
36, 229.0, 156.0
37, 300.0, 364.0
38, 480.0, 142.0
39, 563.0, 288.0
40, 76.0, 221.0
41, 165.0, 199.0
42, 518.0, 195.0
43, 93.0, 232.0
44, 355.0, 194.0
45, 625.0, 252.0
46, 735.0, 185.0
47, 471.0, 413.0
48, 490.0, 372.0
49, 367.0, 72.0
50, 282.0, 283.0
51, 56.0, 401.0
52, 463.0, 234.0
53, 617.0, 75.0
54, 607.0, 304.0
55, 154.0, 219.0
56, 473.0, 91.0
57, 90.0, 369.0
58, 537.0, 172.0
59, 586.0, 183.0
60, 430.0, 235.0
61, 395.0, 199.0
62, 394.0, 263.0
63, 336.0, 219.0
64, 691.0, 180.0
65, 561.0, 390.0
66, 124.0, 147.0
67, 312.0, 219.0
68, 536.0, 337.0
69, 223.0, 345.0
70, 415.0, 213.0
71, 476.0, 10.0
72, 203.0, 339.0
73, 119.0, 196.0
74, 39.0, 58.0
75, 132.0, 194.0
76, 165.0, 136.0
77, 217.0, 132.0
78, 79.0, 329.0
79, 624.0, 262.0
80, 206.0, 248.0
81, 482.0, 210.0
82, 174.0, 266.0
83, 575.0, 280.0
84, 614.0, 85.0
85, 176.0, 52.0
86, 262.0, 71.0
87, 482.0, 220.0
88, 681.0, 167.0
89, 286.0, 205.0
90, 487.0, 407.0
91, 217.0, 166.0
92, 176.0, 214.0
93, 482.0, 67.0
94, 241.0, 191.0
95, 518.0, 146.0
96, 226.0, 241.0
97, 144.0, 18.0
98, 92.0, 329.0
99, 398.0, 239.0
100, 533.0, 122.0
101, 288.0, 72.0
102, 631.0, 225.0
103, 194.0, 425.0
104, 355.0, 254.0
105, 435.0, 210.0
106, 587.0, 325.0
107, 105.0, 198.0
108, 641.0, 299.0
109, 601.0, 186.0
110, 551.0, 271.0
111, 503.0, 68.0
112, 387.0, 238.0
113, 650.0, 67.0
114, 166.0, 147.0
115, 259.0, 295.0
116, 497.0, 311.0
117, 140.0, 71.0
118, 596.0, 302.0
119, 174.0, 437.0
120, 515.0, 355.0
121, 458.0, 217.0
122, 426.0, 157.0
123, 445.0, 226.0
124, 212.0, 396.0
125, 384.0, 62.0
126, 604.0, 116.0
127, 546.0, 150.0
128, 648.0, 351.0
129, 624.0, 362.0
130, 188.0, 156.0
131, 174.0, 133.0
132, 67.0, 175.0
133, 230.0, 142.0
134, 474.0, 228.0
135, 425.0, 187.0
136, 142.0, 236.0
137, 325.0, 193.0
138, 242.0, 289.0
139, 627.0, 86.0
140, 640.0, 70.0
141, 185.0, 358.0
142, 637.0, 162.0
143, 602.0, 281.0
144, 68.0, 238.0
145, 79.0, 24.0
146, 530.0, 317.0
147, 178.0, 255.0
148, 504.0, 328.0
149, 349.0, 310.0
150, 515.0, 23.0
151, 87.0, 202.0
152, 685.0, 198.0
153, 246.0, 380.0
154, 219.0, 373.0
155, 466.0, 429.0
156, 598.0, 201.0
157, 484.0, 55.0
158, 82.0, 338.0
159, 643.0, 360.0
160, 463.0, 340.0
161, 132.0, 134.0
162, 59.0, 171.0
163, 415.0, 184.0
164, 456.0, 192.0
165, 122.0, 212.0
166, 582.0, 115.0
167, 472.0, 81.0
168, 148.0, 50.0
169, 400.0, 225.0
170, 289.0, 233.0
171, 579.0, 226.0
172, 145.0, 212.0
173, 613.0, 188.0
174, 613.0, 50.0
175, 465.0, 224.0
176, 392.0, 223.0
177, 89.0, 25.0
178, 174.0, 233.0
179, 492.0, 231.0
180, 188.0, 329.0
181, 239.0, 363.0
182, 662.0, 11.0
183, 88.0, 315.0
184, 538.0, 83.0
185, 516.0, 344.0
186, 137.0, 48.0
187, 539.0, 421.0
188, 645.0, 134.0
189, 208.0, 259.0
190, 238.0, 163.0
191, 458.0, 67.0
192, 205.0, 211.0
193, 619.0, 339.0
194, 118.0, 227.0
195, 252.0, 55.0
196, 406.0, 75.0
197, 117.0, 34.0
198, 394.0, 137.0
199, 516.0, 125.0
200, 511.0, 383.0
201, 701.0, 99.0
202, 662.0, 47.0
203, 739.0, 172.0
204, 634.0, 253.0
205, 258.0, 352.0
206, 573.0, 294.0
207, 411.0, 160.0
208, 62.0, 324.0
209, 604.0, 273.0
210, 87.0, 461.0
211, 54.0, 435.0
212, 164.0, 213.0
213, 505.0, 147.0
214, 210.0, 273.0
215, 629.0, 61.0
216, 640.0, 150.0
217, 630.0, 115.0
218, 495.0, 352.0
219, 534.0, 384.0
220, 203.0, 418.0
221, 421.0, 257.0
222, 270.0, 305.0
223, 193.0, 222.0
224, 310.0, 58.0
225, 461.0, 153.0
226, 468.0, 172.0
227, 687.0, 316.0
228, 220.0, 293.0
229, 705.0, 311.0
230, 474.0, 203.0
231, 170.0, 207.0
232, 82.0, 394.0
233, 101.0, 364.0
234, 177.0, 146.0
235, 432.0, 249.0
236, 193.0, 40.0
237, 31.0, 314.0
238, 638.0, 265.0
239, 645.0, 252.0
240, 38.0, 251.0
241, 17.0, 109.0
242, 437.0, 11.0
243, 411.0, 104.0
244, 179.0, 335.0
245, 351.0, 215.0
246, 172.0, 116.0
247, 204.0, 312.0
248, 85.0, 406.0
249, 132.0, 224.0
250, 99.0, 246.0
251, 164.0, 339.0
252, 152.0, 72.0
253, 594.0, 267.0
254, 523.0, 38.0
255, 495.0, 89.0
256, 76.0, 15.0
257, 324.0, 108.0
258, 162.0, 186.0
259, 621.0, 283.0
260, 158.0, 38.0
261, 499.0, 297.0
262, 276.0, 412.0
263, 109.0, 395.0
264, 142.0, 79.0
265, 113.0, 273.0
266, 529.0, 22.0
267, 135.0, 441.0
268, 370.0, 102.0
269, 105.0, 452.0
270, 216.0, 155.0
271, 688.0, 189.0
272, 678.0, 179.0
273, 57.0, 203.0
274, 276.0, 204.0
275, 524.0, 52.0
276, 224.0, 213.0
277, 36.0, 327.0
278, 558.0, 151.0
279, 161.0, 444.0
280, 223.0, 413.0
281, 274.0, 215.0
282, 357.0, 133.0
283, 522.0, 439.0
284, 250.0, 250.0
285, 575.0, 469.0
286, 509.0, 392.0
287, 88.0, 15.0
288, 635.0, 318.0
289, 427.0, 293.0
290, 160.0, 371.0
291, 124.0, 157.0
292, 374.0, 322.0
293, 479.0, 390.0
294, 510.0, 202.0
295, 19.0, 67.0
296, 490.0, 37.0
297, 688.0, 306.0
298, 193.0, 95.0
299, 14.0, 89.0
300, 181.0, 202.0
301, 127.0, 306.0
302, 650.0, 283.0
303, 383.0, 203.0
304, 548.0, 89.0
305, 426.0, 466.0
306, 149.0, 141.0
307, 532.0, 234.0
308, 149.0, 160.0
309, 647.0, 13.0
310, 708.0, 114.0
311, 502.0, 56.0
312, 327.0, 224.0
313, 277.0, 426.0
314, 44.0, 122.0
315, 260.0, 176.0
316, 476.0, 155.0
317, 633.0, 283.0
318, 282.0, 244.0
319, 213.0, 443.0
320, 235.0, 326.0
321, 456.0, 120.0
322, 135.0, 208.0
323, 555.0, 238.0
324, 579.0, 270.0
325, 533.0, 265.0
326, 436.0, 427.0
327, 588.0, 29.0
328, 194.0, 104.0
329, 186.0, 67.0
330, 159.0, 50.0
331, 738.0, 225.0
332, 154.0, 151.0
333, 539.0, 53.0
334, 722.0, 128.0
335, 32.0, 236.0
336, 136.0, 382.0
337, 636.0, 338.0
338, 704.0, 129.0
339, 586.0, 170.0
340, 600.0, 342.0
341, 487.0, 438.0
342, 435.0, 86.0
343, 357.0, 147.0
344, 510.0, 38.0
345, 371.0, 89.0
346, 697.0, 112.0
347, 195.0, 251.0
348, 136.0, 39.0
349, 289.0, 295.0
350, 353.0, 59.0
351, 236.0, 378.0
352, 438.0, 199.0
353, 586.0, 374.0
354, 446.0, 103.0
355, 174.0, 184.0
356, 659.0, 194.0
357, 510.0, 185.0
358, 395.0, 80.0
359, 525.0, 332.0
360, 124.0, 458.0
361, 410.0, 229.0
362, 165.0, 260.0
363, 429.0, 111.0
364, 605.0, 221.0
365, 187.0, 454.0
366, 334.0, 58.0
367, 486.0, 22.0
368, 589.0, 420.0
369, 387.0, 150.0
370, 648.0, 316.0
371, 465.0, 444.0
372, 741.0, 159.0
373, 184.0, 347.0
374, 248.0, 235.0
375, 597.0, 230.0
376, 72.0, 258.0
377, 526.0, 430.0
378, 587.0, 286.0
379, 192.0, 387.0
380, 624.0, 159.0
381, 517.0, 172.0
382, 662.0, 358.0
383, 393.0, 250.0
384, 506.0, 437.0
385, 526.0, 419.0
386, 101.0, 434.0
387, 39.0, 102.0
388, 556.0, 359.0
389, 721.0, 56.0
390, 482.0, 343.0
391, 709.0, 298.0
392, 479.0, 171.0
393, 582.0, 393.0
394, 639.0, 86.0
395, 230.0, 267.0
396, 51.0, 249.0
397, 616.0, 302.0
398, 435.0, 34.0
399, 548.0, 18.0
400, 636.0, 23.0
401, 628.0, 190.0
402, 77.0, 269.0
403, 716.0, 80.0
404, 511.0, 247.0
405, 694.0, 167.0
406, 120.0, 130.0
407, 250.0, 463.0
408, 56.0, 231.0
409, 489.0, 136.0
410, 645.0, 201.0
411, 541.0, 35.0
412, 612.0, 61.0
413, 672.0, 251.0
414, 656.0, 152.0
415, 140.0, 330.0
416, 42.0, 283.0
417, 727.0, 459.0
418, 345.0, 140.0
419, 178.0, 316.0
420, 291.0, 405.0
421, 661.0, 31.0
422, 515.0, 301.0
423, 436.0, 468.0
424, 258.0, 322.0
425, 304.0, 33.0
426, 230.0, 313.0
427, 324.0, 297.0
428, 50.0, 388.0
429, 583.0, 197.0
430, 36.0, 163.0
431, 40.0, 466.0
432, 438.0, 170.0
433, 27.0, 413.0
434, 411.0, 139.0
435, 536.0, 370.0
436, 468.0, 453.0
437, 567.0, 276.0
438, 685.0, 154.0
439, 58.0, 18.0
440, 197.0, 131.0
441, 469.0, 131.0
442, 45.0, 340.0
443, 284.0, 194.0
444, 366.0, 115.0
445, 546.0, 285.0
446, 236.0, 309.0
447, 163.0, 385.0
448, 547.0, 201.0
449, 154.0, 210.0
450, 513.0, 369.0
451, 532.0, 99.0
452, 129.0, 177.0
453, 369.0, 237.0
454, 502.0, 415.0
455, 61.0, 413.0
456, 162.0, 222.0
457, 14.0, 435.0
458, 373.0, 147.0
459, 462.0, 30.0
460, 510.0, 310.0
461, 742.0, 286.0
462, 215.0, 319.0
463, 159.0, 272.0
464, 729.0, 205.0
465, 724.0, 277.0
466, 267.0, 94.0
467, 282.0, 308.0
468, 255.0, 427.0
469, 598.0, 22.0
470, 274.0, 193.0
471, 42.0, 24.0
472, 85.0, 349.0
473, 242.0, 336.0
474, 536.0, 434.0
475, 88.0, 189.0
476, 268.0, 114.0
477, 170.0, 105.0
478, 416.0, 459.0
479, 99.0, 33.0
480, 129.0, 353.0
481, 233.0, 295.0
482, 613.0, 100.0
483, 168.0, 96.0
484, 583.0, 296.0
485, 620.0, 227.0
486, 256.0, 336.0
487, 376.0, 275.0
488, 170.0, 286.0
489, 274.0, 184.0
490, 49.0, 421.0
491, 672.0, 59.0
492, 421.0, 370.0
493, 41.0, 407.0
494, 603.0, 85.0
495, 320.0, 72.0
496, 155.0, 29.0
497, 519.0, 328.0
498, 442.0, 135.0
499, 618.0, 218.0
