0, 227.0, 288.0
1, 430.0, 119.0
2, 194.0, 299.0
3, 475.0, 435.0
4, 95.0, 205.0
5, 238.0, 271.0
6, 129.0, 249.0
7, 219.0, 329.0
8, 189.0, 146.0
9, 78.0, 59.0
10, 260.0, 218.0
11, 397.0, 406.0
12, 211.0, 173.0
13, 269.0, 440.0
14, 525.0, 453.0
15, 500.0, 444.0
16, 169.0, 236.0
17, 388.0, 394.0
18, 347.0, 195.0
19, 192.0, 257.0
20, 19.0, 382.0
21, 467.0, 54.0
22, 400.0, 109.0
23, 183.0, 181.0
24, 538.0, 453.0
25, 411.0, 382.0
26, 254.0, 329.0
27, 207.0, 183.0
28, 129.0, 223.0
29, 269.0, 221.0
30, 400.0, 120.0
31, 488.0, 444.0
32, 402.0, 381.0
33, 107.0, 108.0
34, 61.0, 150.0
35, 129.0, 136.0
36, 570.0, 453.0
37, 506.0, 434.0
38, 494.0, 434.0
39, 400.0, 129.0
40, 447.0, 148.0
41, 239.0, 169.0
42, 370.0, 439.0
43, 62.0, 347.0
44, 34.0, 401.0
45, 442.0, 63.0
46, 82.0, 463.0
47, 430.0, 129.0
48, 212.0, 30.0
49, 373.0, 37.0
50, 383.0, 191.0
51, 508.0, 464.0
52, 102.0, 382.0
53, 405.0, 36.0
54, 531.0, 464.0
55, 69.0, 336.0
56, 208.0, 328.0
57, 400.0, 208.0
58, 510.0, 443.0
59, 187.0, 331.0
60, 193.0, 180.0
61, 218.0, 213.0
62, 46.0, 308.0
63, 650.0, 287.0
64, 84.0, 339.0
65, 86.0, 313.0
66, 97.0, 411.0
67, 269.0, 163.0
68, 459.0, 148.0
69, 73.0, 37.0
70, 227.0, 180.0
71, 405.0, 18.0
72, 58.0, 383.0
73, 67.0, 316.0
74, 256.0, 163.0
75, 202.0, 352.0
76, 263.0, 122.0
77, 222.0, 232.0
78, 596.0, 278.0
79, 19.0, 308.0
80, 261.0, 99.0
81, 494.0, 409.0
82, 431.0, 108.0
83, 413.0, 214.0
84, 324.0, 190.0
85, 87.0, 41.0
86, 70.0, 372.0
87, 289.0, 182.0
88, 41.0, 387.0
89, 72.0, 254.0
90, 202.0, 420.0
91, 251.0, 306.0
92, 50.0, 345.0
93, 262.0, 111.0
94, 167.0, 224.0
95, 170.0, 397.0
96, 390.0, 138.0
97, 521.0, 444.0
98, 503.0, 453.0
99, 475.0, 275.0
100, 462.0, 15.0
101, 340.0, 121.0
102, 273.0, 235.0
103, 240.0, 283.0
104, 53.0, 368.0
105, 320.0, 152.0
106, 25.0, 364.0
107, 289.0, 138.0
108, 92.0, 254.0
109, 456.0, 163.0
110, 248.0, 269.0
111, 565.0, 445.0
112, 331.0, 120.0
113, 177.0, 281.0
114, 128.0, 236.0
115, 542.0, 224.0
116, 159.0, 120.0
117, 303.0, 456.0
118, 497.0, 465.0
119, 491.0, 401.0
120, 57.0, 309.0
121, 301.0, 75.0
122, 177.0, 49.0
123, 604.0, 283.0
124, 226.0, 167.0
125, 241.0, 190.0
126, 468.0, 217.0
127, 333.0, 420.0
128, 222.0, 442.0
129, 247.0, 51.0
130, 51.0, 233.0
131, 405.0, 254.0
132, 376.0, 139.0
133, 345.0, 174.0
134, 471.0, 426.0
135, 297.0, 407.0
136, 230.0, 308.0
137, 371.0, 448.0
138, 666.0, 271.0
139, 388.0, 385.0
140, 173.0, 266.0
141, 189.0, 243.0
142, 322.0, 38.0
143, 123.0, 149.0
144, 170.0, 246.0
145, 208.0, 196.0
146, 261.0, 83.0
147, 90.0, 146.0
148, 447.0, 232.0
149, 389.0, 368.0
150, 520.0, 464.0
151, 340.0, 386.0
152, 291.0, 152.0
153, 272.0, 138.0
154, 513.0, 35.0
155, 46.0, 91.0
156, 288.0, 160.0
157, 242.0, 201.0
158, 462.0, 193.0
159, 481.0, 18.0
160, 360.0, 176.0
161, 352.0, 227.0
162, 76.0, 217.0
163, 234.0, 110.0
164, 223.0, 261.0
165, 181.0, 300.0
166, 389.0, 335.0
167, 414.0, 192.0
168, 306.0, 153.0
169, 53.0, 183.0
170, 137.0, 287.0
171, 516.0, 418.0
172, 206.0, 89.0
173, 227.0, 50.0
174, 655.0, 277.0
175, 242.0, 72.0
176, 157.0, 162.0
177, 260.0, 206.0
178, 226.0, 118.0
179, 388.0, 108.0
180, 241.0, 295.0
181, 345.0, 165.0
182, 390.0, 181.0
183, 374.0, 83.0
184, 655.0, 266.0
185, 388.0, 411.0
186, 94.0, 346.0
187, 242.0, 157.0
188, 27.0, 124.0
189, 192.0, 196.0
190, 543.0, 464.0
191, 521.0, 159.0
192, 59.0, 466.0
193, 303.0, 110.0
194, 475.0, 119.0
195, 273.0, 98.0
196, 257.0, 194.0
197, 149.0, 36.0
198, 100.0, 370.0
199, 236.0, 122.0
200, 431.0, 97.0
201, 184.0, 393.0
202, 78.0, 274.0
203, 208.0, 113.0
204, 257.0, 457.0
205, 589.0, 12.0
206, 446.0, 444.0
207, 373.0, 21.0
208, 132.0, 261.0
209, 210.0, 309.0
210, 269.0, 183.0
211, 75.0, 412.0
212, 130.0, 206.0
213, 465.0, 259.0
214, 332.0, 109.0
215, 21.0, 448.0
216, 16.0, 468.0
217, 386.0, 451.0
218, 426.0, 148.0
219, 228.0, 25.0
220, 468.0, 162.0
221, 147.0, 205.0
222, 140.0, 133.0
223, 389.0, 355.0
224, 422.0, 36.0
225, 304.0, 137.0
226, 282.0, 407.0
227, 466.0, 42.0
228, 203.0, 404.0
229, 57.0, 44.0
230, 481.0, 54.0
231, 51.0, 402.0
232, 126.0, 101.0
233, 26.0, 89.0
234, 207.0, 433.0
235, 371.0, 55.0
236, 268.0, 172.0
237, 451.0, 197.0
238, 188.0, 210.0
239, 136.0, 91.0
240, 226.0, 153.0
241, 30.0, 104.0
242, 355.0, 152.0
243, 13.0, 326.0
244, 402.0, 55.0
245, 427.0, 426.0
246, 340.0, 368.0
247, 287.0, 467.0
248, 111.0, 253.0
249, 464.0, 139.0
250, 222.0, 248.0
251, 258.0, 172.0
252, 314.0, 74.0
253, 459.0, 426.0
254, 339.0, 442.0
255, 286.0, 235.0
256, 177.0, 92.0
257, 288.0, 446.0
258, 357.0, 136.0
259, 382.0, 129.0
260, 364.0, 295.0
261, 175.0, 145.0
262, 255.0, 242.0
263, 416.0, 170.0
264, 355.0, 376.0
265, 180.0, 153.0
266, 54.0, 286.0
267, 41.0, 378.0
268, 31.0, 435.0
269, 401.0, 191.0
270, 255.0, 140.0
271, 323.0, 457.0
272, 504.0, 159.0
273, 236.0, 130.0
274, 295.0, 245.0
275, 389.0, 376.0
276, 179.0, 198.0
277, 555.0, 26.0
278, 390.0, 120.0
279, 340.0, 110.0
280, 257.0, 270.0
281, 464.0, 402.0
282, 451.0, 394.0
283, 293.0, 387.0
284, 90.0, 228.0
285, 110.0, 180.0
286, 213.0, 339.0
287, 84.0, 206.0
288, 316.0, 387.0
289, 414.0, 137.0
290, 434.0, 403.0
291, 42.0, 184.0
292, 88.0, 160.0
293, 426.0, 217.0
294, 168.0, 183.0
295, 52.0, 63.0
296, 424.0, 64.0
297, 448.0, 20.0
298, 231.0, 210.0
299, 214.0, 164.0
300, 215.0, 205.0
301, 364.0, 334.0
302, 392.0, 36.0
303, 294.0, 111.0
304, 248.0, 222.0
305, 466.0, 70.0
306, 421.0, 47.0
307, 106.0, 399.0
308, 23.0, 144.0
309, 240.0, 8.0
310, 402.0, 164.0
311, 448.0, 219.0
312, 321.0, 21.0
313, 362.0, 395.0
314, 147.0, 235.0
315, 689.0, 348.0
316, 442.0, 34.0
317, 373.0, 185.0
318, 14.0, 144.0
319, 73.0, 135.0
320, 193.0, 268.0
321, 36.0, 415.0
322, 64.0, 441.0
323, 470.0, 357.0
324, 560.0, 259.0
325, 290.0, 226.0
326, 27.0, 302.0
327, 374.0, 163.0
328, 187.0, 225.0
329, 431.0, 81.0
330, 256.0, 443.0
331, 52.0, 140.0
332, 273.0, 150.0
333, 236.0, 140.0
334, 299.0, 36.0
335, 51.0, 392.0
336, 476.0, 108.0
337, 366.0, 385.0
338, 37.0, 165.0
339, 26.0, 423.0
340, 41.0, 242.0
341, 185.0, 373.0
342, 520.0, 424.0
343, 232.0, 203.0
344, 304.0, 120.0
345, 217.0, 39.0
346, 297.0, 8.0
347, 41.0, 214.0
348, 279.0, 181.0
349, 47.0, 423.0
350, 279.0, 226.0
351, 47.0, 412.0
352, 504.0, 229.0
353, 282.0, 147.0
354, 328.0, 437.0
355, 278.0, 206.0
356, 23.0, 62.0
357, 219.0, 396.0
358, 29.0, 8.0
359, 481.0, 401.0
360, 201.0, 40.0
361, 323.0, 175.0
362, 193.0, 458.0
363, 459.0, 220.0
364, 49.0, 439.0
365, 527.0, 336.0
366, 212.0, 155.0
367, 217.0, 277.0
368, 688.0, 310.0
369, 277.0, 360.0
370, 638.0, 14.0
371, 400.0, 98.0
372, 459.0, 231.0
373, 12.0, 191.0
374, 474.0, 230.0
375, 72.0, 458.0
376, 510.0, 248.0
377, 59.0, 135.0
378, 39.0, 201.0
379, 114.0, 95.0
380, 172.0, 407.0
381, 83.0, 444.0
382, 8.0, 45.0
383, 425.0, 15.0
384, 657.0, 10.0
385, 121.0, 215.0
386, 680.0, 345.0
387, 259.0, 70.0
388, 54.0, 117.0
389, 309.0, 65.0
390, 372.0, 109.0
391, 101.0, 241.0
392, 529.0, 99.0
393, 371.0, 120.0
394, 258.0, 183.0
395, 67.0, 77.0
396, 143.0, 61.0
397, 153.0, 215.0
398, 364.0, 244.0
399, 571.0, 21.0
400, 192.0, 160.0
401, 504.0, 100.0
402, 37.0, 47.0
403, 240.0, 181.0
404, 459.0, 24.0
405, 159.0, 394.0
406, 291.0, 47.0
407, 93.0, 136.0
408, 564.0, 281.0
409, 203.0, 156.0
410, 636.0, 256.0
411, 534.0, 54.0
412, 439.0, 137.0
413, 100.0, 426.0
414, 487.0, 268.0
415, 473.0, 147.0
416, 59.0, 194.0
417, 223.0, 373.0
418, 328.0, 388.0
419, 125.0, 181.0
420, 298.0, 394.0
421, 236.0, 381.0
422, 295.0, 122.0
423, 450.0, 257.0
424, 103.0, 192.0
425, 312.0, 190.0
426, 533.0, 289.0
427, 514.0, 231.0
428, 38.0, 269.0
429, 9.0, 402.0
430, 493.0, 455.0
431, 467.0, 247.0
432, 328.0, 366.0
433, 12.0, 18.0
434, 83.0, 299.0
435, 47.0, 297.0
436, 318.0, 8.0
437, 348.0, 184.0
438, 95.0, 291.0
439, 19.0, 169.0
440, 558.0, 313.0
441, 190.0, 412.0
442, 324.0, 208.0
443, 14.0, 428.0
444, 448.0, 108.0
445, 515.0, 208.0
446, 158.0, 142.0
447, 437.0, 16.0
448, 165.0, 381.0
449, 189.0, 55.0
450, 498.0, 118.0
451, 327.0, 73.0
452, 458.0, 418.0
453, 194.0, 167.0
454, 374.0, 98.0
455, 161.0, 208.0
456, 220.0, 141.0
457, 25.0, 188.0
458, 571.0, 242.0
459, 279.0, 382.0
460, 217.0, 127.0
461, 434.0, 187.0
462, 439.0, 83.0
463, 742.0, 451.0
464, 516.0, 454.0
465, 380.0, 120.0
466, 467.0, 444.0
467, 23.0, 396.0
468, 173.0, 255.0
469, 241.0, 40.0
470, 91.0, 275.0
471, 299.0, 18.0
472, 141.0, 199.0
473, 202.0, 137.0
474, 16.0, 345.0
475, 157.0, 323.0
476, 191.0, 114.0
477, 389.0, 52.0
478, 216.0, 456.0
479, 45.0, 466.0
480, 270.0, 111.0
481, 207.0, 384.0
482, 276.0, 348.0
483, 214.0, 407.0
484, 234.0, 356.0
485, 193.0, 320.0
486, 288.0, 171.0
487, 340.0, 356.0
488, 35.0, 361.0
489, 435.0, 199.0
490, 67.0, 92.0
491, 196.0, 209.0
492, 413.0, 108.0
493, 346.0, 21.0
494, 506.0, 274.0
495, 286.0, 455.0
496, 485.0, 434.0
497, 544.0, 272.0
498, 121.0, 72.0
499, 329.0, 243.0
