0, 620.0, 97.0
1, 88.0, 99.0
2, 536.0, 88.0
3, 457.0, 61.0
4, 441.0, 56.0
5, 544.0, 40.0
6, 241.0, 46.0
7, 604.0, 52.0
8, 515.0, 159.0
9, 530.0, 151.0
10, 565.0, 98.0
11, 229.0, 12.0
12, 135.0, 49.0
13, 153.0, 54.0
14, 113.0, 15.0
15, 247.0, 35.0
16, 531.0, 461.0
17, 360.0, 13.0
18, 741.0, 184.0
19, 120.0, 61.0
20, 717.0, 176.0
21, 185.0, 63.0
22, 165.0, 77.0
23, 518.0, 146.0
24, 157.0, 90.0
25, 49.0, 69.0
26, 525.0, 195.0
27, 384.0, 21.0
28, 683.0, 135.0
29, 525.0, 66.0
30, 632.0, 101.0
31, 86.0, 32.0
32, 409.0, 88.0
33, 366.0, 23.0
34, 254.0, 22.0
35, 218.0, 103.0
36, 126.0, 193.0
37, 81.0, 119.0
38, 613.0, 81.0
39, 180.0, 381.0
40, 479.0, 127.0
41, 618.0, 45.0
42, 163.0, 58.0
43, 455.0, 418.0
44, 627.0, 118.0
45, 467.0, 49.0
46, 513.0, 183.0
47, 401.0, 98.0
48, 163.0, 204.0
49, 190.0, 48.0
50, 361.0, 170.0
51, 573.0, 83.0
52, 353.0, 384.0
53, 196.0, 28.0
54, 504.0, 178.0
55, 603.0, 78.0
56, 543.0, 25.0
57, 603.0, 100.0
58, 398.0, 322.0
59, 109.0, 69.0
60, 551.0, 349.0
61, 629.0, 249.0
62, 135.0, 86.0
63, 418.0, 32.0
64, 450.0, 69.0
65, 126.0, 71.0
66, 619.0, 68.0
67, 172.0, 70.0
68, 553.0, 93.0
69, 68.0, 301.0
70, 514.0, 129.0
71, 483.0, 113.0
72, 494.0, 227.0
73, 619.0, 301.0
74, 184.0, 89.0
75, 529.0, 233.0
76, 622.0, 287.0
77, 599.0, 63.0
78, 242.0, 17.0
79, 605.0, 136.0
80, 665.0, 112.0
81, 403.0, 26.0
82, 503.0, 34.0
83, 609.0, 94.0
84, 428.0, 96.0
85, 434.0, 210.0
86, 533.0, 177.0
87, 144.0, 27.0
88, 619.0, 370.0
89, 684.0, 204.0
90, 625.0, 273.0
91, 164.0, 46.0
92, 508.0, 234.0
93, 715.0, 99.0
94, 526.0, 120.0
95, 474.0, 143.0
96, 627.0, 260.0
97, 509.0, 68.0
98, 548.0, 59.0
99, 418.0, 255.0
100, 201.0, 47.0
101, 657.0, 128.0
102, 97.0, 158.0
103, 596.0, 425.0
104, 470.0, 458.0
105, 222.0, 28.0
106, 670.0, 53.0
107, 402.0, 255.0
108, 450.0, 203.0
109, 715.0, 113.0
110, 625.0, 24.0
111, 178.0, 210.0
112, 498.0, 157.0
113, 632.0, 237.0
114, 52.0, 291.0
115, 91.0, 84.0
116, 273.0, 456.0
117, 486.0, 209.0
118, 21.0, 72.0
119, 609.0, 65.0
120, 657.0, 222.0
121, 140.0, 61.0
122, 156.0, 71.0
123, 519.0, 461.0
124, 615.0, 316.0
125, 356.0, 40.0
126, 419.0, 79.0
127, 397.0, 298.0
128, 386.0, 37.0
129, 463.0, 140.0
130, 461.0, 82.0
131, 591.0, 448.0
132, 132.0, 104.0
133, 610.0, 347.0
134, 45.0, 123.0
135, 615.0, 169.0
136, 640.0, 177.0
137, 492.0, 125.0
138, 587.0, 470.0
139, 485.0, 138.0
140, 697.0, 107.0
141, 707.0, 125.0
142, 547.0, 141.0
143, 526.0, 103.0
144, 634.0, 192.0
145, 600.0, 20.0
146, 417.0, 105.0
147, 612.0, 331.0
148, 607.0, 364.0
149, 384.0, 376.0
150, 603.0, 383.0
151, 346.0, 399.0
152, 26.0, 36.0
153, 542.0, 72.0
154, 547.0, 52.0
155, 344.0, 159.0
156, 246.0, 260.0
157, 578.0, 67.0
158, 662.0, 171.0
159, 632.0, 295.0
160, 550.0, 470.0
161, 489.0, 341.0
162, 604.0, 260.0
163, 571.0, 428.0
164, 123.0, 112.0
165, 576.0, 111.0
166, 306.0, 16.0
167, 542.0, 153.0
168, 373.0, 127.0
169, 487.0, 157.0
170, 612.0, 35.0
171, 535.0, 343.0
172, 151.0, 80.0
173, 702.0, 98.0
174, 271.0, 275.0
175, 573.0, 361.0
176, 305.0, 463.0
177, 168.0, 394.0
178, 143.0, 373.0
179, 454.0, 152.0
180, 566.0, 449.0
181, 385.0, 145.0
182, 457.0, 194.0
183, 73.0, 151.0
184, 91.0, 113.0
185, 26.0, 88.0
186, 689.0, 118.0
187, 295.0, 185.0
188, 321.0, 31.0
189, 557.0, 114.0
190, 153.0, 106.0
191, 563.0, 467.0
192, 606.0, 251.0
193, 732.0, 48.0
194, 501.0, 104.0
195, 64.0, 30.0
196, 89.0, 135.0
197, 646.0, 199.0
198, 720.0, 68.0
199, 338.0, 422.0
200, 168.0, 97.0
201, 286.0, 453.0
202, 633.0, 48.0
203, 38.0, 44.0
204, 442.0, 417.0
205, 446.0, 38.0
206, 355.0, 311.0
207, 72.0, 74.0
208, 340.0, 34.0
209, 142.0, 425.0
210, 429.0, 80.0
211, 633.0, 227.0
212, 194.0, 244.0
213, 638.0, 49.0
214, 376.0, 48.0
215, 581.0, 59.0
216, 124.0, 151.0
217, 558.0, 12.0
218, 600.0, 405.0
219, 309.0, 56.0
220, 496.0, 187.0
221, 571.0, 45.0
222, 497.0, 452.0
223, 654.0, 238.0
224, 115.0, 195.0
225, 727.0, 110.0
226, 258.0, 333.0
227, 606.0, 369.0
228, 654.0, 248.0
229, 201.0, 286.0
230, 16.0, 221.0
231, 463.0, 262.0
232, 441.0, 393.0
233, 141.0, 92.0
234, 508.0, 80.0
235, 150.0, 323.0
236, 32.0, 195.0
237, 103.0, 56.0
238, 211.0, 237.0
239, 653.0, 258.0
240, 469.0, 123.0
241, 659.0, 195.0
242, 622.0, 154.0
243, 16.0, 195.0
244, 254.0, 299.0
245, 369.0, 354.0
246, 623.0, 345.0
247, 679.0, 193.0
248, 89.0, 71.0
249, 565.0, 32.0
250, 99.0, 101.0
251, 94.0, 73.0
252, 484.0, 441.0
253, 485.0, 455.0
254, 353.0, 67.0
255, 332.0, 328.0
256, 208.0, 376.0
257, 319.0, 463.0
258, 507.0, 96.0
259, 411.0, 420.0
260, 344.0, 25.0
261, 41.0, 165.0
262, 609.0, 40.0
263, 250.0, 14.0
264, 65.0, 117.0
265, 500.0, 112.0
266, 149.0, 263.0
267, 644.0, 348.0
268, 104.0, 123.0
269, 636.0, 208.0
270, 325.0, 412.0
271, 104.0, 17.0
272, 104.0, 134.0
273, 254.0, 210.0
274, 574.0, 464.0
275, 665.0, 143.0
276, 48.0, 33.0
277, 19.0, 48.0
278, 193.0, 83.0
279, 204.0, 244.0
280, 359.0, 424.0
281, 613.0, 272.0
282, 344.0, 63.0
283, 434.0, 233.0
284, 575.0, 411.0
285, 641.0, 115.0
286, 651.0, 278.0
287, 524.0, 90.0
288, 375.0, 337.0
289, 652.0, 182.0
290, 491.0, 269.0
291, 559.0, 141.0
292, 730.0, 9.0
293, 504.0, 441.0
294, 578.0, 442.0
295, 702.0, 46.0
296, 203.0, 190.0
297, 47.0, 134.0
298, 494.0, 119.0
299, 629.0, 314.0
300, 60.0, 80.0
301, 111.0, 85.0
302, 95.0, 63.0
303, 498.0, 87.0
304, 594.0, 270.0
305, 624.0, 85.0
306, 91.0, 179.0
307, 588.0, 434.0
308, 395.0, 362.0
309, 557.0, 173.0
310, 501.0, 215.0
311, 573.0, 137.0
312, 83.0, 266.0
313, 423.0, 224.0
314, 565.0, 267.0
315, 75.0, 92.0
316, 485.0, 84.0
317, 291.0, 297.0
318, 360.0, 123.0
319, 547.0, 71.0
320, 593.0, 290.0
321, 402.0, 38.0
322, 230.0, 30.0
323, 503.0, 14.0
324, 540.0, 360.0
325, 466.0, 175.0
326, 552.0, 362.0
327, 436.0, 84.0
328, 345.0, 410.0
329, 578.0, 454.0
330, 742.0, 136.0
331, 566.0, 250.0
332, 353.0, 360.0
333, 55.0, 220.0
334, 613.0, 186.0
335, 409.0, 240.0
336, 341.0, 193.0
337, 320.0, 184.0
338, 366.0, 295.0
339, 140.0, 266.0
340, 103.0, 271.0
341, 478.0, 163.0
342, 578.0, 286.0
343, 702.0, 163.0
344, 138.0, 243.0
345, 367.0, 444.0
346, 639.0, 412.0
347, 427.0, 244.0
348, 16.0, 180.0
349, 306.0, 370.0
350, 609.0, 352.0
351, 523.0, 48.0
352, 321.0, 161.0
353, 626.0, 324.0
354, 360.0, 411.0
355, 446.0, 435.0
356, 646.0, 331.0
357, 240.0, 313.0
358, 404.0, 122.0
359, 477.0, 367.0
360, 250.0, 277.0
361, 417.0, 213.0
362, 537.0, 137.0
363, 679.0, 114.0
364, 464.0, 156.0
365, 524.0, 8.0
366, 563.0, 149.0
367, 517.0, 89.0
368, 381.0, 333.0
369, 583.0, 433.0
370, 592.0, 82.0
371, 718.0, 194.0
372, 582.0, 421.0
373, 490.0, 279.0
374, 512.0, 222.0
375, 466.0, 253.0
376, 602.0, 462.0
377, 511.0, 115.0
378, 495.0, 57.0
379, 109.0, 60.0
380, 306.0, 324.0
381, 559.0, 42.0
382, 728.0, 176.0
383, 609.0, 297.0
384, 706.0, 154.0
385, 395.0, 382.0
386, 472.0, 63.0
387, 481.0, 272.0
388, 377.0, 73.0
389, 584.0, 309.0
390, 303.0, 439.0
391, 615.0, 261.0
392, 32.0, 128.0
393, 77.0, 67.0
394, 205.0, 353.0
395, 424.0, 471.0
396, 655.0, 187.0
397, 236.0, 58.0
398, 288.0, 221.0
399, 589.0, 300.0
400, 575.0, 34.0
401, 496.0, 444.0
402, 184.0, 167.0
403, 169.0, 427.0
404, 352.0, 436.0
405, 218.0, 339.0
406, 608.0, 204.0
407, 66.0, 65.0
408, 404.0, 439.0
409, 20.0, 169.0
410, 274.0, 430.0
411, 424.0, 217.0
412, 581.0, 47.0
413, 415.0, 140.0
414, 483.0, 351.0
415, 141.0, 11.0
416, 459.0, 314.0
417, 711.0, 51.0
418, 301.0, 153.0
419, 713.0, 206.0
420, 279.0, 337.0
421, 178.0, 303.0
422, 473.0, 111.0
423, 190.0, 72.0
424, 726.0, 153.0
425, 585.0, 403.0
426, 714.0, 200.0
427, 432.0, 116.0
428, 543.0, 121.0
429, 596.0, 71.0
430, 712.0, 139.0
431, 635.0, 217.0
432, 633.0, 442.0
433, 611.0, 284.0
434, 733.0, 246.0
435, 384.0, 428.0
436, 103.0, 109.0
437, 477.0, 152.0
438, 219.0, 68.0
439, 640.0, 377.0
440, 637.0, 397.0
441, 551.0, 384.0
442, 553.0, 29.0
443, 583.0, 320.0
444, 68.0, 42.0
445, 298.0, 315.0
446, 594.0, 280.0
447, 281.0, 211.0
448, 125.0, 95.0
449, 592.0, 414.0
450, 471.0, 162.0
451, 468.0, 297.0
452, 367.0, 308.0
453, 168.0, 448.0
454, 316.0, 141.0
455, 84.0, 71.0
456, 492.0, 95.0
457, 182.0, 443.0
458, 91.0, 123.0
459, 405.0, 368.0
460, 488.0, 446.0
461, 580.0, 256.0
462, 413.0, 43.0
463, 554.0, 261.0
464, 520.0, 81.0
465, 369.0, 348.0
466, 525.0, 285.0
467, 463.0, 208.0
468, 464.0, 448.0
469, 424.0, 39.0
470, 648.0, 309.0
471, 579.0, 335.0
472, 643.0, 368.0
473, 396.0, 48.0
474, 225.0, 188.0
475, 370.0, 319.0
476, 325.0, 399.0
477, 600.0, 339.0
478, 598.0, 356.0
479, 606.0, 221.0
480, 317.0, 314.0
481, 372.0, 445.0
482, 474.0, 68.0
483, 317.0, 60.0
484, 390.0, 408.0
485, 27.0, 50.0
486, 583.0, 457.0
487, 530.0, 77.0
488, 623.0, 187.0
489, 395.0, 448.0
490, 583.0, 72.0
491, 416.0, 67.0
492, 369.0, 122.0
493, 357.0, 438.0
494, 584.0, 304.0
495, 73.0, 176.0
496, 624.0, 145.0
497, 592.0, 77.0
498, 325.0, 449.0
499, 583.0, 314.0
