0, 352.0, 109.0
1, 278.0, 270.0
2, 288.0, 385.0
3, 665.0, 431.0
4, 460.0, 185.0
5, 263.0, 213.0
6, 219.0, 206.0
7, 316.0, 307.0
8, 386.0, 440.0
9, 681.0, 428.0
10, 534.0, 460.0
11, 402.0, 293.0
12, 491.0, 169.0
13, 444.0, 372.0
14, 284.0, 233.0
15, 357.0, 436.0
16, 466.0, 448.0
17, 512.0, 238.0
18, 561.0, 361.0
19, 339.0, 271.0
20, 697.0, 428.0
21, 270.0, 284.0
22, 480.0, 286.0
23, 578.0, 368.0
24, 584.0, 218.0
25, 727.0, 260.0
26, 111.0, 424.0
27, 301.0, 254.0
28, 739.0, 333.0
29, 718.0, 368.0
30, 175.0, 306.0
31, 270.0, 176.0
32, 467.0, 431.0
33, 611.0, 258.0
34, 342.0, 358.0
35, 484.0, 322.0
36, 442.0, 464.0
37, 296.0, 110.0
38, 668.0, 374.0
39, 204.0, 147.0
40, 89.0, 419.0
41, 504.0, 185.0
42, 567.0, 215.0
43, 552.0, 337.0
44, 136.0, 288.0
45, 469.0, 135.0
46, 94.0, 347.0
47, 512.0, 408.0
48, 153.0, 377.0
49, 302.0, 274.0
50, 140.0, 425.0
51, 140.0, 339.0
52, 500.0, 170.0
53, 638.0, 242.0
54, 468.0, 418.0
55, 627.0, 330.0
56, 504.0, 432.0
57, 275.0, 297.0
58, 609.0, 393.0
59, 302.0, 392.0
60, 462.0, 175.0
61, 228.0, 185.0
62, 537.0, 373.0
63, 261.0, 178.0
64, 593.0, 183.0
65, 318.0, 322.0
66, 111.0, 353.0
67, 719.0, 445.0
68, 662.0, 457.0
69, 581.0, 353.0
70, 260.0, 118.0
71, 521.0, 457.0
72, 98.0, 422.0
73, 664.0, 214.0
74, 571.0, 198.0
75, 222.0, 196.0
76, 222.0, 227.0
77, 195.0, 208.0
78, 615.0, 43.0
79, 291.0, 135.0
80, 436.0, 342.0
81, 127.0, 359.0
82, 549.0, 365.0
83, 254.0, 152.0
84, 424.0, 240.0
85, 391.0, 299.0
86, 376.0, 208.0
87, 528.0, 251.0
88, 542.0, 256.0
89, 424.0, 421.0
90, 643.0, 447.0
91, 696.0, 120.0
92, 181.0, 375.0
93, 711.0, 458.0
94, 263.0, 202.0
95, 191.0, 180.0
96, 251.0, 119.0
97, 463.0, 325.0
98, 125.0, 342.0
99, 288.0, 287.0
100, 437.0, 220.0
101, 450.0, 304.0
102, 362.0, 461.0
103, 303.0, 315.0
104, 491.0, 349.0
105, 588.0, 201.0
106, 426.0, 249.0
107, 110.0, 378.0
108, 721.0, 355.0
109, 503.0, 308.0
110, 539.0, 435.0
111, 502.0, 329.0
112, 379.0, 303.0
113, 233.0, 141.0
114, 523.0, 367.0
115, 633.0, 317.0
116, 267.0, 48.0
117, 316.0, 282.0
118, 580.0, 115.0
119, 642.0, 229.0
120, 201.0, 263.0
121, 505.0, 227.0
122, 130.0, 438.0
123, 63.0, 353.0
124, 31.0, 357.0
125, 733.0, 247.0
126, 429.0, 461.0
127, 646.0, 258.0
128, 576.0, 181.0
129, 474.0, 320.0
130, 48.0, 432.0
131, 632.0, 359.0
132, 384.0, 426.0
133, 662.0, 69.0
134, 283.0, 354.0
135, 282.0, 146.0
136, 575.0, 406.0
137, 182.0, 238.0
138, 515.0, 188.0
139, 378.0, 76.0
140, 633.0, 255.0
141, 470.0, 187.0
142, 214.0, 88.0
143, 673.0, 411.0
144, 132.0, 393.0
145, 295.0, 324.0
146, 120.0, 414.0
147, 56.0, 330.0
148, 576.0, 467.0
149, 641.0, 306.0
150, 578.0, 455.0
151, 213.0, 227.0
152, 82.0, 385.0
153, 113.0, 398.0
154, 618.0, 428.0
155, 298.0, 238.0
156, 608.0, 123.0
157, 453.0, 314.0
158, 646.0, 210.0
159, 600.0, 99.0
160, 348.0, 426.0
161, 360.0, 425.0
162, 634.0, 414.0
163, 296.0, 203.0
164, 580.0, 77.0
165, 477.0, 86.0
166, 284.0, 220.0
167, 514.0, 118.0
168, 565.0, 227.0
169, 631.0, 133.0
170, 528.0, 191.0
171, 215.0, 257.0
172, 359.0, 102.0
173, 482.0, 353.0
174, 511.0, 132.0
175, 527.0, 351.0
176, 229.0, 202.0
177, 256.0, 433.0
178, 250.0, 236.0
179, 519.0, 172.0
180, 710.0, 428.0
181, 34.0, 367.0
182, 235.0, 156.0
183, 205.0, 308.0
184, 162.0, 378.0
185, 150.0, 18.0
186, 678.0, 118.0
187, 127.0, 426.0
188, 648.0, 414.0
189, 329.0, 84.0
190, 226.0, 402.0
191, 49.0, 446.0
192, 377.0, 436.0
193, 649.0, 346.0
194, 498.0, 132.0
195, 610.0, 351.0
196, 502.0, 403.0
197, 467.0, 150.0
198, 589.0, 306.0
199, 592.0, 358.0
200, 451.0, 205.0
201, 725.0, 462.0
202, 689.0, 399.0
203, 493.0, 156.0
204, 260.0, 161.0
205, 546.0, 379.0
206, 311.0, 141.0
207, 342.0, 161.0
208, 489.0, 360.0
209, 462.0, 47.0
210, 520.0, 426.0
211, 358.0, 353.0
212, 493.0, 104.0
213, 41.0, 453.0
214, 382.0, 94.0
215, 498.0, 91.0
216, 651.0, 276.0
217, 708.0, 192.0
218, 214.0, 101.0
219, 458.0, 159.0
220, 173.0, 365.0
221, 328.0, 265.0
222, 525.0, 408.0
223, 579.0, 417.0
224, 539.0, 175.0
225, 519.0, 81.0
226, 225.0, 156.0
227, 360.0, 292.0
228, 217.0, 335.0
229, 389.0, 464.0
230, 541.0, 416.0
231, 328.0, 161.0
232, 189.0, 166.0
233, 673.0, 43.0
234, 73.0, 377.0
235, 620.0, 345.0
236, 171.0, 16.0
237, 377.0, 55.0
238, 541.0, 400.0
239, 688.0, 415.0
240, 191.0, 298.0
241, 494.0, 226.0
242, 689.0, 451.0
243, 265.0, 258.0
244, 513.0, 204.0
245, 340.0, 226.0
246, 326.0, 228.0
247, 580.0, 230.0
248, 361.0, 8.0
249, 712.0, 405.0
250, 253.0, 406.0
251, 318.0, 110.0
252, 245.0, 445.0
253, 197.0, 398.0
254, 459.0, 238.0
255, 606.0, 324.0
256, 659.0, 440.0
257, 531.0, 300.0
258, 283.0, 336.0
259, 428.0, 438.0
260, 182.0, 335.0
261, 206.0, 164.0
262, 470.0, 370.0
263, 661.0, 299.0
264, 60.0, 398.0
265, 461.0, 310.0
266, 179.0, 208.0
267, 317.0, 347.0
268, 491.0, 199.0
269, 439.0, 265.0
270, 487.0, 409.0
271, 190.0, 371.0
272, 151.0, 400.0
273, 727.0, 433.0
274, 366.0, 302.0
275, 208.0, 48.0
276, 317.0, 234.0
277, 465.0, 33.0
278, 266.0, 39.0
279, 355.0, 387.0
280, 66.0, 18.0
281, 215.0, 159.0
282, 652.0, 467.0
283, 697.0, 299.0
284, 240.0, 177.0
285, 478.0, 67.0
286, 734.0, 398.0
287, 445.0, 360.0
288, 671.0, 195.0
289, 404.0, 116.0
290, 484.0, 22.0
291, 662.0, 399.0
292, 501.0, 58.0
293, 526.0, 130.0
294, 339.0, 168.0
295, 354.0, 166.0
296, 79.0, 464.0
297, 319.0, 263.0
298, 559.0, 436.0
299, 498.0, 192.0
300, 675.0, 443.0
301, 470.0, 336.0
302, 684.0, 377.0
303, 701.0, 409.0
304, 470.0, 206.0
305, 330.0, 69.0
306, 364.0, 279.0
307, 268.0, 136.0
308, 504.0, 450.0
309, 502.0, 159.0
310, 299.0, 459.0
311, 472.0, 114.0
312, 334.0, 457.0
313, 382.0, 113.0
314, 198.0, 243.0
315, 469.0, 239.0
316, 658.0, 233.0
317, 653.0, 244.0
318, 231.0, 326.0
319, 516.0, 384.0
320, 57.0, 427.0
321, 560.0, 403.0
322, 447.0, 173.0
323, 245.0, 193.0
324, 479.0, 55.0
325, 690.0, 359.0
326, 460.0, 62.0
327, 245.0, 77.0
328, 300.0, 192.0
329, 232.0, 459.0
330, 411.0, 145.0
331, 320.0, 67.0
332, 358.0, 52.0
333, 308.0, 112.0
334, 100.0, 355.0
335, 233.0, 258.0
336, 543.0, 336.0
337, 211.0, 62.0
338, 61.0, 44.0
339, 222.0, 301.0
340, 187.0, 414.0
341, 360.0, 39.0
342, 368.0, 116.0
343, 498.0, 374.0
344, 442.0, 381.0
345, 170.0, 449.0
346, 264.0, 241.0
347, 255.0, 29.0
348, 248.0, 382.0
349, 187.0, 275.0
350, 560.0, 243.0
351, 167.0, 420.0
352, 327.0, 102.0
353, 176.0, 179.0
354, 524.0, 57.0
355, 447.0, 346.0
356, 105.0, 301.0
357, 611.0, 111.0
358, 374.0, 446.0
359, 547.0, 456.0
360, 370.0, 257.0
361, 486.0, 311.0
362, 135.0, 372.0
363, 482.0, 35.0
364, 519.0, 258.0
365, 477.0, 405.0
366, 262.0, 290.0
367, 725.0, 59.0
368, 543.0, 352.0
369, 155.0, 335.0
370, 231.0, 445.0
371, 346.0, 23.0
372, 573.0, 122.0
373, 408.0, 186.0
374, 668.0, 83.0
375, 460.0, 206.0
376, 26.0, 344.0
377, 511.0, 215.0
378, 566.0, 332.0
379, 207.0, 318.0
380, 741.0, 228.0
381, 430.0, 448.0
382, 367.0, 419.0
383, 288.0, 347.0
384, 620.0, 130.0
385, 397.0, 124.0
386, 188.0, 288.0
387, 476.0, 388.0
388, 165.0, 28.0
389, 245.0, 288.0
390, 524.0, 148.0
391, 373.0, 170.0
392, 650.0, 191.0
393, 242.0, 369.0
394, 186.0, 259.0
395, 511.0, 254.0
396, 336.0, 304.0
397, 303.0, 287.0
398, 646.0, 141.0
399, 216.0, 190.0
400, 661.0, 150.0
401, 437.0, 302.0
402, 627.0, 147.0
403, 505.0, 27.0
404, 727.0, 315.0
405, 242.0, 139.0
406, 129.0, 411.0
407, 182.0, 225.0
408, 284.0, 247.0
409, 88.0, 13.0
410, 409.0, 312.0
411, 442.0, 111.0
412, 70.0, 471.0
413, 540.0, 322.0
414, 181.0, 20.0
415, 253.0, 355.0
416, 203.0, 292.0
417, 280.0, 172.0
418, 584.0, 340.0
419, 43.0, 402.0
420, 570.0, 242.0
421, 675.0, 399.0
422, 516.0, 399.0
423, 210.0, 204.0
424, 522.0, 303.0
425, 725.0, 294.0
426, 594.0, 374.0
427, 244.0, 433.0
428, 567.0, 61.0
429, 119.0, 11.0
430, 390.0, 172.0
431, 115.0, 344.0
432, 648.0, 76.0
433, 362.0, 88.0
434, 391.0, 274.0
435, 263.0, 364.0
436, 431.0, 353.0
437, 293.0, 252.0
438, 348.0, 462.0
439, 279.0, 280.0
440, 179.0, 322.0
441, 594.0, 77.0
442, 99.0, 431.0
443, 398.0, 468.0
444, 90.0, 23.0
445, 484.0, 378.0
446, 497.0, 283.0
447, 603.0, 143.0
448, 564.0, 383.0
449, 440.0, 331.0
450, 272.0, 153.0
451, 465.0, 405.0
452, 165.0, 391.0
453, 316.0, 54.0
454, 31.0, 455.0
455, 424.0, 261.0
456, 190.0, 435.0
457, 515.0, 97.0
458, 162.0, 19.0
459, 414.0, 249.0
460, 625.0, 461.0
461, 596.0, 444.0
462, 267.0, 393.0
463, 216.0, 178.0
464, 203.0, 368.0
465, 93.0, 453.0
466, 400.0, 435.0
467, 141.0, 313.0
468, 318.0, 25.0
469, 176.0, 262.0
470, 343.0, 85.0
471, 212.0, 73.0
472, 656.0, 405.0
473, 154.0, 453.0
474, 587.0, 411.0
475, 196.0, 429.0
476, 340.0, 127.0
477, 350.0, 193.0
478, 337.0, 193.0
479, 450.0, 338.0
480, 135.0, 265.0
481, 136.0, 353.0
482, 409.0, 109.0
483, 77.0, 453.0
484, 98.0, 439.0
485, 273.0, 336.0
486, 528.0, 393.0
487, 462.0, 358.0
488, 630.0, 41.0
489, 592.0, 293.0
490, 712.0, 303.0
491, 588.0, 54.0
492, 379.0, 44.0
493, 233.0, 275.0
494, 606.0, 418.0
495, 735.0, 87.0
496, 235.0, 294.0
497, 245.0, 345.0
498, 488.0, 187.0
499, 478.0, 221.0
