0, 430.0, 293.0
1, 527.0, 343.0
2, 379.0, 215.0
3, 264.0, 220.0
4, 423.0, 201.0
5, 223.0, 464.0
6, 502.0, 224.0
7, 446.0, 384.0
8, 129.0, 261.0
9, 499.0, 194.0
10, 280.0, 360.0
11, 577.0, 434.0
12, 528.0, 355.0
13, 411.0, 381.0
14, 211.0, 409.0
15, 359.0, 354.0
16, 229.0, 12.0
17, 257.0, 462.0
18, 598.0, 190.0
19, 232.0, 76.0
20, 249.0, 207.0
21, 475.0, 376.0
22, 217.0, 454.0
23, 251.0, 230.0
24, 170.0, 240.0
25, 423.0, 302.0
26, 430.0, 338.0
27, 201.0, 348.0
28, 438.0, 261.0
29, 114.0, 403.0
30, 428.0, 390.0
31, 494.0, 213.0
32, 265.0, 302.0
33, 446.0, 109.0
34, 473.0, 355.0
35, 270.0, 453.0
36, 374.0, 185.0
37, 228.0, 445.0
38, 273.0, 196.0
39, 453.0, 331.0
40, 166.0, 138.0
41, 206.0, 459.0
42, 298.0, 47.0
43, 153.0, 164.0
44, 476.0, 280.0
45, 231.0, 32.0
46, 270.0, 389.0
47, 368.0, 297.0
48, 518.0, 253.0
49, 249.0, 249.0
50, 200.0, 247.0
51, 121.0, 229.0
52, 713.0, 433.0
53, 30.0, 224.0
54, 382.0, 303.0
55, 465.0, 267.0
56, 397.0, 89.0
57, 420.0, 261.0
58, 571.0, 207.0
59, 517.0, 319.0
60, 435.0, 159.0
61, 426.0, 87.0
62, 119.0, 449.0
63, 372.0, 167.0
64, 527.0, 379.0
65, 347.0, 185.0
66, 211.0, 340.0
67, 178.0, 21.0
68, 471.0, 93.0
69, 138.0, 330.0
70, 521.0, 284.0
71, 527.0, 426.0
72, 313.0, 47.0
73, 442.0, 347.0
74, 221.0, 301.0
75, 546.0, 379.0
76, 592.0, 227.0
77, 319.0, 277.0
78, 652.0, 263.0
79, 491.0, 119.0
80, 337.0, 227.0
81, 419.0, 288.0
82, 385.0, 185.0
83, 534.0, 282.0
84, 433.0, 106.0
85, 737.0, 240.0
86, 569.0, 222.0
87, 469.0, 388.0
88, 142.0, 95.0
89, 232.0, 45.0
90, 289.0, 304.0
91, 723.0, 209.0
92, 530.0, 325.0
93, 465.0, 108.0
94, 234.0, 331.0
95, 210.0, 380.0
96, 354.0, 153.0
97, 279.0, 40.0
98, 140.0, 78.0
99, 677.0, 416.0
100, 288.0, 417.0
101, 408.0, 224.0
102, 544.0, 277.0
103, 552.0, 218.0
104, 710.0, 414.0
105, 489.0, 228.0
106, 370.0, 342.0
107, 477.0, 409.0
108, 338.0, 383.0
109, 614.0, 464.0
110, 413.0, 161.0
111, 457.0, 104.0
112, 268.0, 346.0
113, 338.0, 176.0
114, 452.0, 207.0
115, 430.0, 322.0
116, 359.0, 170.0
117, 415.0, 401.0
118, 498.0, 261.0
119, 251.0, 222.0
120, 483.0, 135.0
121, 412.0, 195.0
122, 136.0, 396.0
123, 410.0, 106.0
124, 712.0, 33.0
125, 559.0, 267.0
126, 642.0, 18.0
127, 177.0, 120.0
128, 500.0, 377.0
129, 37.0, 279.0
130, 273.0, 263.0
131, 614.0, 216.0
132, 461.0, 216.0
133, 648.0, 33.0
134, 236.0, 347.0
135, 400.0, 308.0
136, 399.0, 196.0
137, 310.0, 272.0
138, 176.0, 294.0
139, 484.0, 191.0
140, 119.0, 272.0
141, 537.0, 200.0
142, 491.0, 301.0
143, 358.0, 343.0
144, 351.0, 355.0
145, 505.0, 277.0
146, 464.0, 287.0
147, 203.0, 260.0
148, 159.0, 71.0
149, 524.0, 138.0
150, 381.0, 149.0
151, 465.0, 246.0
152, 453.0, 118.0
153, 724.0, 424.0
154, 245.0, 408.0
155, 71.0, 287.0
156, 469.0, 155.0
157, 347.0, 93.0
158, 242.0, 381.0
159, 274.0, 323.0
160, 96.0, 283.0
161, 453.0, 412.0
162, 216.0, 266.0
163, 194.0, 25.0
164, 486.0, 259.0
165, 188.0, 237.0
166, 300.0, 314.0
167, 440.0, 119.0
168, 166.0, 259.0
169, 736.0, 443.0
170, 694.0, 35.0
171, 470.0, 146.0
172, 620.0, 394.0
173, 391.0, 250.0
174, 180.0, 42.0
175, 503.0, 427.0
176, 342.0, 69.0
177, 372.0, 102.0
178, 497.0, 286.0
179, 526.0, 333.0
180, 397.0, 211.0
181, 476.0, 111.0
182, 364.0, 280.0
183, 244.0, 398.0
184, 368.0, 256.0
185, 189.0, 455.0
186, 191.0, 218.0
187, 181.0, 461.0
188, 335.0, 102.0
189, 408.0, 120.0
190, 423.0, 419.0
191, 171.0, 195.0
192, 131.0, 214.0
193, 112.0, 415.0
194, 237.0, 419.0
195, 492.0, 381.0
196, 408.0, 232.0
197, 552.0, 413.0
198, 361.0, 197.0
199, 364.0, 93.0
200, 532.0, 305.0
201, 280.0, 55.0
202, 59.0, 365.0
203, 180.0, 138.0
204, 397.0, 184.0
205, 562.0, 363.0
206, 740.0, 229.0
207, 344.0, 243.0
208, 69.0, 222.0
209, 345.0, 255.0
210, 432.0, 375.0
211, 525.0, 199.0
212, 72.0, 252.0
213, 50.0, 207.0
214, 457.0, 30.0
215, 272.0, 283.0
216, 674.0, 358.0
217, 431.0, 352.0
218, 445.0, 294.0
219, 387.0, 335.0
220, 481.0, 93.0
221, 106.0, 338.0
222, 338.0, 296.0
223, 188.0, 283.0
224, 210.0, 440.0
225, 439.0, 307.0
226, 582.0, 448.0
227, 516.0, 299.0
228, 588.0, 406.0
229, 410.0, 210.0
230, 202.0, 283.0
231, 716.0, 373.0
232, 291.0, 259.0
233, 326.0, 284.0
234, 419.0, 234.0
235, 441.0, 206.0
236, 630.0, 18.0
237, 405.0, 259.0
238, 520.0, 236.0
239, 287.0, 399.0
240, 684.0, 404.0
241, 261.0, 200.0
242, 284.0, 275.0
243, 212.0, 69.0
244, 612.0, 115.0
245, 550.0, 234.0
246, 717.0, 226.0
247, 592.0, 430.0
248, 442.0, 50.0
249, 133.0, 458.0
250, 620.0, 194.0
251, 147.0, 124.0
252, 392.0, 133.0
253, 236.0, 171.0
254, 475.0, 47.0
255, 414.0, 139.0
256, 199.0, 437.0
257, 292.0, 206.0
258, 314.0, 33.0
259, 384.0, 348.0
260, 384.0, 198.0
261, 426.0, 160.0
262, 445.0, 138.0
263, 347.0, 198.0
264, 455.0, 192.0
265, 272.0, 165.0
266, 119.0, 263.0
267, 460.0, 406.0
268, 69.0, 237.0
269, 214.0, 96.0
270, 184.0, 94.0
271, 24.0, 282.0
272, 388.0, 142.0
273, 203.0, 360.0
274, 440.0, 89.0
275, 52.0, 223.0
276, 601.0, 467.0
277, 554.0, 204.0
278, 628.0, 423.0
279, 542.0, 355.0
280, 419.0, 343.0
281, 121.0, 93.0
282, 466.0, 302.0
283, 282.0, 167.0
284, 729.0, 184.0
285, 314.0, 239.0
286, 144.0, 261.0
287, 271.0, 155.0
288, 378.0, 245.0
289, 600.0, 171.0
290, 222.0, 319.0
291, 35.0, 269.0
292, 280.0, 99.0
293, 528.0, 271.0
294, 444.0, 274.0
295, 715.0, 236.0
296, 467.0, 231.0
297, 226.0, 387.0
298, 459.0, 319.0
299, 625.0, 173.0
300, 441.0, 78.0
301, 530.0, 226.0
302, 382.0, 174.0
303, 109.0, 372.0
304, 321.0, 191.0
305, 281.0, 334.0
306, 352.0, 387.0
307, 176.0, 219.0
308, 517.0, 363.0
309, 223.0, 192.0
310, 341.0, 81.0
311, 485.0, 249.0
312, 654.0, 426.0
313, 339.0, 213.0
314, 535.0, 213.0
315, 377.0, 334.0
316, 230.0, 406.0
317, 188.0, 16.0
318, 354.0, 43.0
319, 506.0, 290.0
320, 632.0, 145.0
321, 403.0, 162.0
322, 470.0, 343.0
323, 90.0, 255.0
324, 122.0, 110.0
325, 493.0, 319.0
326, 239.0, 187.0
327, 338.0, 448.0
328, 630.0, 35.0
329, 319.0, 223.0
330, 570.0, 465.0
331, 463.0, 205.0
332, 36.0, 251.0
333, 423.0, 101.0
334, 244.0, 471.0
335, 210.0, 214.0
336, 60.0, 170.0
337, 345.0, 340.0
338, 416.0, 183.0
339, 33.0, 240.0
340, 180.0, 348.0
341, 95.0, 358.0
342, 295.0, 292.0
343, 432.0, 187.0
344, 88.0, 321.0
345, 364.0, 185.0
346, 377.0, 290.0
347, 162.0, 232.0
348, 606.0, 145.0
349, 232.0, 299.0
350, 279.0, 341.0
351, 406.0, 287.0
352, 562.0, 426.0
353, 567.0, 447.0
354, 519.0, 212.0
355, 505.0, 306.0
356, 708.0, 47.0
357, 602.0, 445.0
358, 211.0, 225.0
359, 296.0, 387.0
360, 229.0, 278.0
361, 659.0, 406.0
362, 542.0, 141.0
363, 446.0, 320.0
364, 333.0, 251.0
365, 305.0, 185.0
366, 396.0, 226.0
367, 647.0, 408.0
368, 218.0, 446.0
369, 519.0, 438.0
370, 479.0, 156.0
371, 723.0, 471.0
372, 696.0, 408.0
373, 433.0, 255.0
374, 188.0, 207.0
375, 651.0, 460.0
376, 271.0, 404.0
377, 501.0, 340.0
378, 471.0, 135.0
379, 516.0, 427.0
380, 200.0, 426.0
381, 484.0, 311.0
382, 512.0, 377.0
383, 352.0, 74.0
384, 472.0, 60.0
385, 101.0, 400.0
386, 528.0, 114.0
387, 594.0, 239.0
388, 248.0, 61.0
389, 162.0, 220.0
390, 410.0, 314.0
391, 281.0, 153.0
392, 586.0, 9.0
393, 373.0, 198.0
394, 374.0, 417.0
395, 605.0, 24.0
396, 127.0, 139.0
397, 361.0, 331.0
398, 534.0, 419.0
399, 235.0, 245.0
400, 306.0, 323.0
401, 371.0, 313.0
402, 291.0, 226.0
403, 413.0, 150.0
404, 51.0, 310.0
405, 190.0, 194.0
406, 269.0, 373.0
407, 192.0, 228.0
408, 447.0, 397.0
409, 352.0, 441.0
410, 269.0, 360.0
411, 533.0, 469.0
412, 128.0, 251.0
413, 194.0, 127.0
414, 480.0, 218.0
415, 327.0, 332.0
416, 492.0, 97.0
417, 12.0, 337.0
418, 584.0, 467.0
419, 131.0, 198.0
420, 357.0, 256.0
421, 149.0, 139.0
422, 430.0, 237.0
423, 501.0, 251.0
424, 347.0, 227.0
425, 125.0, 333.0
426, 115.0, 251.0
427, 526.0, 367.0
428, 446.0, 458.0
429, 738.0, 151.0
430, 16.0, 301.0
431, 272.0, 183.0
432, 460.0, 91.0
433, 226.0, 234.0
434, 447.0, 128.0
435, 513.0, 196.0
436, 464.0, 187.0
437, 281.0, 81.0
438, 438.0, 445.0
439, 128.0, 349.0
440, 564.0, 241.0
441, 320.0, 233.0
442, 129.0, 159.0
443, 178.0, 128.0
444, 471.0, 207.0
445, 46.0, 347.0
446, 157.0, 196.0
447, 430.0, 49.0
448, 289.0, 240.0
449, 135.0, 301.0
450, 281.0, 67.0
451, 272.0, 217.0
452, 163.0, 119.0
453, 504.0, 326.0
454, 191.0, 249.0
455, 480.0, 240.0
456, 521.0, 162.0
457, 439.0, 360.0
458, 285.0, 381.0
459, 725.0, 438.0
460, 470.0, 11.0
461, 479.0, 171.0
462, 91.0, 343.0
463, 332.0, 40.0
464, 57.0, 276.0
465, 390.0, 290.0
466, 247.0, 303.0
467, 628.0, 444.0
468, 518.0, 178.0
469, 161.0, 87.0
470, 133.0, 276.0
471, 197.0, 463.0
472, 296.0, 178.0
473, 112.0, 280.0
474, 215.0, 244.0
475, 151.0, 210.0
476, 481.0, 463.0
477, 598.0, 213.0
478, 390.0, 115.0
479, 65.0, 262.0
480, 332.0, 92.0
481, 229.0, 436.0
482, 270.0, 440.0
483, 388.0, 266.0
484, 243.0, 448.0
485, 48.0, 294.0
486, 723.0, 349.0
487, 474.0, 327.0
488, 491.0, 173.0
489, 461.0, 363.0
490, 350.0, 429.0
491, 224.0, 353.0
492, 246.0, 11.0
493, 471.0, 421.0
494, 303.0, 197.0
495, 317.0, 389.0
496, 440.0, 230.0
497, 378.0, 371.0
498, 638.0, 115.0
499, 308.0, 14.0
