0, 357.0, 293.0
1, 160.0, 348.0
2, 413.0, 298.0
3, 602.0, 279.0
4, 535.0, 34.0
5, 508.0, 380.0
6, 563.0, 21.0
7, 592.0, 268.0
8, 517.0, 399.0
9, 591.0, 224.0
10, 359.0, 402.0
11, 402.0, 43.0
12, 314.0, 340.0
13, 554.0, 410.0
14, 637.0, 391.0
15, 538.0, 276.0
16, 453.0, 241.0
17, 543.0, 213.0
18, 548.0, 432.0
19, 525.0, 343.0
20, 606.0, 127.0
21, 541.0, 224.0
22, 559.0, 327.0
23, 408.0, 194.0
24, 450.0, 457.0
25, 647.0, 418.0
26, 515.0, 411.0
27, 452.0, 471.0
28, 403.0, 257.0
29, 41.0, 410.0
30, 524.0, 377.0
31, 265.0, 368.0
32, 291.0, 323.0
33, 589.0, 330.0
34, 123.0, 209.0
35, 124.0, 386.0
36, 621.0, 456.0
37, 158.0, 335.0
38, 238.0, 298.0
39, 329.0, 152.0
40, 475.0, 326.0
41, 447.0, 47.0
42, 179.0, 326.0
43, 445.0, 87.0
44, 377.0, 298.0
45, 388.0, 163.0
46, 631.0, 419.0
47, 608.0, 403.0
48, 528.0, 354.0
49, 553.0, 172.0
50, 567.0, 9.0
51, 318.0, 212.0
52, 102.0, 221.0
53, 64.0, 416.0
54, 327.0, 123.0
55, 411.0, 384.0
56, 67.0, 350.0
57, 302.0, 249.0
58, 628.0, 389.0
59, 143.0, 436.0
60, 438.0, 331.0
61, 390.0, 306.0
62, 376.0, 337.0
63, 603.0, 419.0
64, 550.0, 362.0
65, 47.0, 366.0
66, 542.0, 413.0
67, 276.0, 257.0
68, 466.0, 208.0
69, 464.0, 331.0
70, 389.0, 330.0
71, 357.0, 36.0
72, 665.0, 272.0
73, 515.0, 301.0
74, 427.0, 380.0
75, 217.0, 332.0
76, 584.0, 377.0
77, 306.0, 450.0
78, 270.0, 344.0
79, 371.0, 411.0
80, 369.0, 345.0
81, 415.0, 452.0
82, 103.0, 210.0
83, 226.0, 358.0
84, 345.0, 238.0
85, 41.0, 347.0
86, 538.0, 462.0
87, 741.0, 396.0
88, 502.0, 284.0
89, 537.0, 350.0
90, 539.0, 366.0
91, 246.0, 94.0
92, 53.0, 447.0
93, 305.0, 318.0
94, 451.0, 334.0
95, 290.0, 280.0
96, 328.0, 443.0
97, 302.0, 276.0
98, 13.0, 440.0
99, 650.0, 33.0
100, 297.0, 109.0
101, 241.0, 106.0
102, 327.0, 308.0
103, 345.0, 265.0
104, 530.0, 243.0
105, 570.0, 396.0
106, 347.0, 194.0
107, 388.0, 370.0
108, 187.0, 367.0
109, 331.0, 221.0
110, 57.0, 436.0
111, 287.0, 203.0
112, 389.0, 345.0
113, 605.0, 228.0
114, 492.0, 454.0
115, 646.0, 52.0
116, 55.0, 91.0
117, 484.0, 159.0
118, 346.0, 206.0
119, 354.0, 317.0
120, 84.0, 200.0
121, 139.0, 112.0
122, 567.0, 407.0
123, 301.0, 98.0
124, 556.0, 438.0
125, 236.0, 356.0
126, 419.0, 126.0
127, 578.0, 346.0
128, 161.0, 357.0
129, 442.0, 152.0
130, 138.0, 25.0
131, 563.0, 33.0
132, 581.0, 457.0
133, 628.0, 407.0
134, 290.0, 300.0
135, 296.0, 86.0
136, 268.0, 330.0
137, 530.0, 364.0
138, 391.0, 58.0
139, 598.0, 173.0
140, 679.0, 433.0
141, 570.0, 72.0
142, 306.0, 462.0
143, 392.0, 42.0
144, 709.0, 136.0
145, 237.0, 342.0
146, 548.0, 12.0
147, 564.0, 101.0
148, 233.0, 387.0
149, 619.0, 294.0
150, 312.0, 222.0
151, 705.0, 85.0
152, 575.0, 209.0
153, 547.0, 23.0
154, 596.0, 51.0
155, 603.0, 462.0
156, 277.0, 275.0
157, 214.0, 450.0
158, 445.0, 287.0
159, 194.0, 377.0
160, 431.0, 83.0
161, 614.0, 51.0
162, 616.0, 70.0
163, 657.0, 41.0
164, 230.0, 425.0
165, 465.0, 307.0
166, 52.0, 385.0
167, 46.0, 399.0
168, 587.0, 200.0
169, 314.0, 27.0
170, 273.0, 414.0
171, 207.0, 338.0
172, 566.0, 440.0
173, 627.0, 42.0
174, 60.0, 427.0
175, 668.0, 260.0
176, 288.0, 232.0
177, 363.0, 258.0
178, 585.0, 172.0
179, 118.0, 197.0
180, 550.0, 276.0
181, 661.0, 289.0
182, 219.0, 371.0
183, 57.0, 357.0
184, 332.0, 258.0
185, 182.0, 349.0
186, 242.0, 115.0
187, 621.0, 163.0
188, 434.0, 447.0
189, 724.0, 148.0
190, 258.0, 336.0
191, 290.0, 309.0
192, 618.0, 427.0
193, 81.0, 106.0
194, 117.0, 238.0
195, 545.0, 379.0
196, 364.0, 245.0
197, 277.0, 289.0
198, 577.0, 424.0
199, 279.0, 442.0
200, 589.0, 462.0
201, 170.0, 198.0
202, 331.0, 369.0
203, 627.0, 434.0
204, 552.0, 226.0
205, 695.0, 246.0
206, 620.0, 232.0
207, 423.0, 462.0
208, 467.0, 320.0
209, 540.0, 245.0
210, 282.0, 401.0
211, 427.0, 45.0
212, 547.0, 402.0
213, 202.0, 404.0
214, 317.0, 229.0
215, 275.0, 230.0
216, 275.0, 206.0
217, 525.0, 43.0
218, 74.0, 395.0
219, 616.0, 186.0
220, 677.0, 160.0
221, 356.0, 372.0
222, 519.0, 385.0
223, 539.0, 195.0
224, 551.0, 245.0
225, 562.0, 458.0
226, 405.0, 59.0
227, 687.0, 98.0
228, 602.0, 162.0
229, 632.0, 52.0
230, 409.0, 115.0
231, 320.0, 400.0
232, 195.0, 209.0
233, 638.0, 63.0
234, 320.0, 381.0
235, 140.0, 219.0
236, 656.0, 428.0
237, 499.0, 295.0
238, 445.0, 139.0
239, 117.0, 294.0
240, 594.0, 403.0
241, 711.0, 465.0
242, 622.0, 350.0
243, 443.0, 99.0
244, 600.0, 244.0
245, 673.0, 243.0
246, 526.0, 211.0
247, 684.0, 278.0
248, 423.0, 413.0
249, 496.0, 471.0
250, 529.0, 265.0
251, 412.0, 44.0
252, 543.0, 108.0
253, 512.0, 421.0
254, 460.0, 120.0
255, 561.0, 366.0
256, 580.0, 266.0
257, 690.0, 153.0
258, 560.0, 131.0
259, 518.0, 32.0
260, 727.0, 312.0
261, 414.0, 154.0
262, 556.0, 157.0
263, 27.0, 444.0
264, 61.0, 280.0
265, 14.0, 259.0
266, 719.0, 419.0
267, 514.0, 256.0
268, 300.0, 200.0
269, 137.0, 246.0
270, 239.0, 134.0
271, 461.0, 129.0
272, 500.0, 275.0
273, 206.0, 422.0
274, 418.0, 201.0
275, 557.0, 397.0
276, 563.0, 417.0
277, 447.0, 58.0
278, 586.0, 354.0
279, 293.0, 332.0
280, 71.0, 444.0
281, 220.0, 390.0
282, 701.0, 227.0
283, 317.0, 452.0
284, 587.0, 104.0
285, 511.0, 150.0
286, 119.0, 111.0
287, 226.0, 445.0
288, 380.0, 221.0
289, 327.0, 133.0
290, 679.0, 223.0
291, 688.0, 265.0
292, 279.0, 324.0
293, 451.0, 205.0
294, 360.0, 179.0
295, 354.0, 205.0
296, 111.0, 253.0
297, 581.0, 17.0
298, 603.0, 140.0
299, 562.0, 113.0
300, 585.0, 211.0
301, 577.0, 238.0
302, 402.0, 292.0
303, 327.0, 417.0
304, 248.0, 339.0
305, 662.0, 15.0
306, 538.0, 257.0
307, 157.0, 393.0
308, 465.0, 142.0
309, 646.0, 463.0
310, 599.0, 296.0
311, 636.0, 301.0
312, 513.0, 370.0
313, 531.0, 16.0
314, 342.0, 310.0
315, 308.0, 231.0
316, 525.0, 152.0
317, 328.0, 206.0
318, 43.0, 253.0
319, 666.0, 53.0
320, 575.0, 442.0
321, 697.0, 424.0
322, 634.0, 215.0
323, 454.0, 382.0
324, 495.0, 150.0
325, 583.0, 135.0
326, 609.0, 211.0
327, 137.0, 296.0
328, 225.0, 344.0
329, 248.0, 352.0
330, 169.0, 380.0
331, 173.0, 420.0
332, 598.0, 16.0
333, 609.0, 300.0
334, 139.0, 313.0
335, 575.0, 290.0
336, 359.0, 104.0
337, 576.0, 337.0
338, 610.0, 359.0
339, 560.0, 54.0
340, 546.0, 95.0
341, 699.0, 348.0
342, 590.0, 452.0
343, 368.0, 113.0
344, 173.0, 213.0
345, 463.0, 157.0
346, 638.0, 106.0
347, 249.0, 377.0
348, 475.0, 166.0
349, 181.0, 226.0
350, 269.0, 318.0
351, 144.0, 391.0
352, 411.0, 352.0
353, 258.0, 442.0
354, 446.0, 30.0
355, 576.0, 52.0
356, 404.0, 99.0
357, 517.0, 290.0
358, 481.0, 347.0
359, 69.0, 406.0
360, 142.0, 232.0
361, 438.0, 373.0
362, 17.0, 322.0
363, 33.0, 431.0
364, 103.0, 234.0
365, 359.0, 189.0
366, 695.0, 123.0
367, 130.0, 395.0
368, 350.0, 306.0
369, 461.0, 101.0
370, 290.0, 20.0
371, 597.0, 255.0
372, 279.0, 429.0
373, 716.0, 388.0
374, 652.0, 444.0
375, 87.0, 450.0
376, 149.0, 363.0
377, 345.0, 251.0
378, 717.0, 77.0
379, 12.0, 411.0
380, 152.0, 409.0
381, 628.0, 10.0
382, 574.0, 35.0
383, 609.0, 351.0
384, 155.0, 450.0
385, 237.0, 401.0
386, 214.0, 307.0
387, 277.0, 245.0
388, 542.0, 177.0
389, 489.0, 284.0
390, 668.0, 139.0
391, 424.0, 97.0
392, 351.0, 141.0
393, 550.0, 186.0
394, 269.0, 311.0
395, 318.0, 312.0
396, 433.0, 320.0
397, 20.0, 220.0
398, 212.0, 24.0
399, 228.0, 96.0
400, 577.0, 149.0
401, 501.0, 224.0
402, 384.0, 174.0
403, 211.0, 351.0
404, 304.0, 24.0
405, 566.0, 354.0
406, 264.0, 84.0
407, 363.0, 223.0
408, 560.0, 382.0
409, 393.0, 288.0
410, 568.0, 170.0
411, 711.0, 94.0
412, 363.0, 201.0
413, 554.0, 203.0
414, 288.0, 375.0
415, 367.0, 39.0
416, 238.0, 278.0
417, 84.0, 373.0
418, 677.0, 123.0
419, 130.0, 11.0
420, 422.0, 194.0
421, 569.0, 302.0
422, 340.0, 321.0
423, 303.0, 303.0
424, 346.0, 228.0
425, 403.0, 174.0
426, 301.0, 228.0
427, 701.0, 96.0
428, 652.0, 19.0
429, 288.0, 221.0
430, 376.0, 231.0
431, 152.0, 80.0
432, 651.0, 163.0
433, 179.0, 385.0
434, 397.0, 212.0
435, 164.0, 452.0
436, 313.0, 44.0
437, 433.0, 200.0
438, 557.0, 216.0
439, 505.0, 365.0
440, 192.0, 146.0
441, 202.0, 433.0
442, 586.0, 421.0
443, 128.0, 431.0
444, 360.0, 94.0
445, 520.0, 169.0
446, 580.0, 326.0
447, 142.0, 425.0
448, 357.0, 53.0
449, 99.0, 443.0
450, 538.0, 385.0
451, 353.0, 267.0
452, 563.0, 246.0
453, 365.0, 309.0
454, 317.0, 294.0
455, 17.0, 272.0
456, 484.0, 302.0
457, 427.0, 298.0
458, 732.0, 414.0
459, 65.0, 307.0
460, 305.0, 408.0
461, 366.0, 55.0
462, 193.0, 390.0
463, 331.0, 330.0
464, 578.0, 403.0
465, 295.0, 408.0
466, 700.0, 158.0
467, 612.0, 106.0
468, 455.0, 307.0
469, 92.0, 435.0
470, 310.0, 249.0
471, 255.0, 113.0
472, 597.0, 327.0
473, 27.0, 301.0
474, 88.0, 304.0
475, 73.0, 458.0
476, 239.0, 267.0
477, 317.0, 278.0
478, 549.0, 81.0
479, 596.0, 192.0
480, 695.0, 363.0
481, 617.0, 471.0
482, 350.0, 353.0
483, 376.0, 89.0
484, 693.0, 176.0
485, 416.0, 255.0
486, 609.0, 20.0
487, 464.0, 470.0
488, 405.0, 454.0
489, 90.0, 228.0
490, 329.0, 142.0
491, 421.0, 429.0
492, 406.0, 213.0
493, 695.0, 60.0
494, 639.0, 376.0
495, 594.0, 62.0
496, 639.0, 149.0
497, 519.0, 21.0
498, 573.0, 159.0
499, 138.0, 405.0
