0, 274.0, 169.0
1, 31.0, 155.0
2, 390.0, 95.0
3, 180.0, 185.0
4, 163.0, 92.0
5, 152.0, 89.0
6, 568.0, 292.0
7, 135.0, 145.0
8, 390.0, 108.0
9, 355.0, 108.0
10, 291.0, 184.0
11, 128.0, 153.0
12, 313.0, 223.0
13, 370.0, 463.0
14, 118.0, 116.0
15, 68.0, 149.0
16, 320.0, 290.0
17, 311.0, 146.0
18, 277.0, 280.0
19, 344.0, 441.0
20, 397.0, 462.0
21, 633.0, 366.0
22, 274.0, 93.0
23, 327.0, 129.0
24, 272.0, 154.0
25, 102.0, 107.0
26, 424.0, 194.0
27, 446.0, 459.0
28, 168.0, 131.0
29, 291.0, 285.0
30, 435.0, 109.0
31, 35.0, 142.0
32, 421.0, 417.0
33, 463.0, 471.0
34, 155.0, 105.0
35, 335.0, 191.0
36, 369.0, 451.0
37, 624.0, 314.0
38, 187.0, 168.0
39, 367.0, 429.0
40, 358.0, 464.0
41, 382.0, 450.0
42, 90.0, 105.0
43, 255.0, 164.0
44, 409.0, 239.0
45, 87.0, 219.0
46, 240.0, 93.0
47, 187.0, 59.0
48, 355.0, 95.0
49, 274.0, 107.0
50, 90.0, 156.0
51, 154.0, 39.0
52, 313.0, 214.0
53, 417.0, 82.0
54, 381.0, 439.0
55, 144.0, 117.0
56, 169.0, 178.0
57, 390.0, 119.0
58, 46.0, 370.0
59, 537.0, 275.0
60, 154.0, 164.0
61, 453.0, 76.0
62, 176.0, 169.0
63, 246.0, 40.0
64, 363.0, 191.0
65, 72.0, 262.0
66, 199.0, 151.0
67, 18.0, 313.0
68, 130.0, 194.0
69, 615.0, 354.0
70, 32.0, 320.0
71, 74.0, 133.0
72, 11.0, 206.0
73, 181.0, 204.0
74, 93.0, 186.0
75, 12.0, 113.0
76, 270.0, 191.0
77, 51.0, 150.0
78, 310.0, 184.0
79, 383.0, 462.0
80, 62.0, 189.0
81, 95.0, 143.0
82, 203.0, 79.0
83, 384.0, 43.0
84, 356.0, 119.0
85, 199.0, 93.0
86, 442.0, 447.0
87, 536.0, 315.0
88, 357.0, 452.0
89, 392.0, 427.0
90, 403.0, 43.0
91, 304.0, 247.0
92, 368.0, 440.0
93, 436.0, 96.0
94, 137.0, 75.0
95, 204.0, 189.0
96, 269.0, 180.0
97, 16.0, 133.0
98, 22.0, 289.0
99, 106.0, 144.0
100, 389.0, 129.0
101, 221.0, 189.0
102, 145.0, 170.0
103, 333.0, 466.0
104, 278.0, 432.0
105, 188.0, 78.0
106, 300.0, 162.0
107, 31.0, 402.0
108, 223.0, 16.0
109, 416.0, 400.0
110, 726.0, 363.0
111, 229.0, 94.0
112, 189.0, 93.0
113, 344.0, 453.0
114, 106.0, 58.0
115, 180.0, 127.0
116, 66.0, 442.0
117, 166.0, 141.0
118, 732.0, 344.0
119, 263.0, 144.0
120, 450.0, 287.0
121, 439.0, 437.0
122, 241.0, 106.0
123, 114.0, 69.0
124, 51.0, 192.0
125, 277.0, 185.0
126, 627.0, 385.0
127, 397.0, 186.0
128, 343.0, 388.0
129, 144.0, 59.0
130, 114.0, 131.0
131, 260.0, 191.0
132, 450.0, 436.0
133, 397.0, 218.0
134, 299.0, 261.0
135, 236.0, 143.0
136, 463.0, 446.0
137, 402.0, 109.0
138, 450.0, 471.0
139, 133.0, 127.0
140, 219.0, 129.0
141, 325.0, 64.0
142, 157.0, 179.0
143, 350.0, 179.0
144, 364.0, 160.0
145, 190.0, 126.0
146, 213.0, 179.0
147, 284.0, 94.0
148, 10.0, 195.0
149, 209.0, 142.0
150, 196.0, 447.0
151, 115.0, 49.0
152, 440.0, 30.0
153, 254.0, 210.0
154, 397.0, 199.0
155, 322.0, 183.0
156, 736.0, 380.0
157, 77.0, 205.0
158, 320.0, 464.0
159, 322.0, 191.0
160, 413.0, 199.0
161, 294.0, 202.0
162, 230.0, 107.0
163, 275.0, 117.0
164, 356.0, 440.0
165, 423.0, 460.0
166, 52.0, 392.0
167, 423.0, 139.0
168, 187.0, 227.0
169, 303.0, 209.0
170, 264.0, 209.0
171, 33.0, 285.0
172, 171.0, 118.0
173, 164.0, 74.0
174, 353.0, 412.0
175, 41.0, 158.0
176, 344.0, 129.0
177, 75.0, 188.0
178, 88.0, 450.0
179, 311.0, 353.0
180, 344.0, 108.0
181, 102.0, 230.0
182, 718.0, 382.0
183, 20.0, 278.0
184, 133.0, 173.0
185, 387.0, 403.0
186, 464.0, 255.0
187, 141.0, 99.0
188, 112.0, 248.0
189, 104.0, 183.0
190, 43.0, 121.0
191, 73.0, 469.0
192, 341.0, 80.0
193, 333.0, 265.0
194, 204.0, 164.0
195, 220.0, 145.0
196, 207.0, 27.0
197, 431.0, 51.0
198, 188.0, 149.0
199, 378.0, 192.0
200, 356.0, 430.0
201, 428.0, 400.0
202, 162.0, 16.0
203, 300.0, 232.0
204, 219.0, 281.0
205, 396.0, 402.0
206, 462.0, 436.0
207, 545.0, 291.0
208, 332.0, 107.0
209, 241.0, 165.0
210, 379.0, 11.0
211, 322.0, 108.0
212, 297.0, 128.0
213, 412.0, 419.0
214, 291.0, 274.0
215, 380.0, 429.0
216, 178.0, 406.0
217, 226.0, 363.0
218, 191.0, 106.0
219, 175.0, 444.0
220, 285.0, 108.0
221, 409.0, 296.0
222, 193.0, 426.0
223, 165.0, 64.0
224, 323.0, 117.0
225, 222.0, 167.0
226, 151.0, 152.0
227, 115.0, 176.0
228, 35.0, 337.0
229, 120.0, 145.0
230, 307.0, 271.0
231, 236.0, 51.0
232, 191.0, 116.0
233, 333.0, 281.0
234, 424.0, 273.0
235, 192.0, 181.0
236, 320.0, 31.0
237, 91.0, 172.0
238, 8.0, 150.0
239, 395.0, 394.0
240, 428.0, 261.0
241, 439.0, 76.0
242, 96.0, 202.0
243, 379.0, 168.0
244, 15.0, 403.0
245, 303.0, 185.0
246, 322.0, 95.0
247, 345.0, 430.0
248, 232.0, 116.0
249, 198.0, 458.0
250, 237.0, 364.0
251, 322.0, 201.0
252, 363.0, 172.0
253, 194.0, 140.0
254, 79.0, 223.0
255, 458.0, 398.0
256, 391.0, 83.0
257, 223.0, 154.0
258, 147.0, 181.0
259, 25.0, 300.0
260, 18.0, 122.0
261, 282.0, 192.0
262, 328.0, 224.0
263, 413.0, 144.0
264, 168.0, 163.0
265, 308.0, 129.0
266, 336.0, 205.0
267, 111.0, 169.0
268, 116.0, 59.0
269, 361.0, 11.0
270, 427.0, 223.0
271, 433.0, 417.0
272, 236.0, 183.0
273, 411.0, 224.0
274, 398.0, 178.0
275, 241.0, 116.0
276, 403.0, 386.0
277, 200.0, 235.0
278, 341.0, 94.0
279, 235.0, 423.0
280, 157.0, 116.0
281, 280.0, 471.0
282, 386.0, 221.0
283, 166.0, 153.0
284, 472.0, 151.0
285, 282.0, 127.0
286, 319.0, 319.0
287, 205.0, 201.0
288, 34.0, 194.0
289, 25.0, 148.0
290, 141.0, 68.0
291, 258.0, 181.0
292, 487.0, 152.0
293, 158.0, 280.0
294, 464.0, 277.0
295, 123.0, 105.0
296, 324.0, 81.0
297, 99.0, 262.0
298, 319.0, 312.0
299, 163.0, 46.0
300, 390.0, 143.0
301, 277.0, 422.0
302, 375.0, 401.0
303, 67.0, 112.0
304, 235.0, 128.0
305, 420.0, 438.0
306, 152.0, 137.0
307, 460.0, 383.0
308, 115.0, 224.0
309, 430.0, 448.0
310, 356.0, 82.0
311, 450.0, 307.0
312, 495.0, 76.0
313, 419.0, 375.0
314, 23.0, 466.0
315, 187.0, 158.0
316, 195.0, 436.0
317, 419.0, 160.0
318, 224.0, 28.0
319, 436.0, 426.0
320, 344.0, 11.0
321, 326.0, 140.0
322, 309.0, 202.0
323, 178.0, 462.0
324, 85.0, 440.0
325, 98.0, 159.0
326, 16.0, 324.0
327, 53.0, 164.0
328, 66.0, 252.0
329, 252.0, 50.0
330, 184.0, 45.0
331, 271.0, 52.0
332, 391.0, 64.0
333, 59.0, 120.0
334, 321.0, 262.0
335, 208.0, 129.0
336, 15.0, 223.0
337, 404.0, 82.0
338, 138.0, 226.0
339, 13.0, 159.0
340, 278.0, 442.0
341, 68.0, 234.0
342, 174.0, 136.0
343, 212.0, 43.0
344, 334.0, 117.0
345, 279.0, 452.0
346, 700.0, 369.0
347, 447.0, 111.0
348, 479.0, 214.0
349, 22.0, 417.0
350, 368.0, 60.0
351, 330.0, 94.0
352, 742.0, 364.0
353, 152.0, 70.0
354, 121.0, 368.0
355, 539.0, 301.0
356, 303.0, 463.0
357, 261.0, 8.0
358, 340.0, 27.0
359, 712.0, 331.0
360, 93.0, 249.0
361, 385.0, 30.0
362, 24.0, 16.0
363, 412.0, 108.0
364, 181.0, 423.0
365, 81.0, 17.0
366, 431.0, 157.0
367, 310.0, 298.0
368, 367.0, 420.0
369, 402.0, 96.0
370, 346.0, 464.0
371, 381.0, 378.0
372, 396.0, 31.0
373, 57.0, 138.0
374, 26.0, 380.0
375, 378.0, 22.0
376, 285.0, 402.0
377, 372.0, 128.0
378, 282.0, 29.0
379, 474.0, 261.0
380, 459.0, 412.0
381, 217.0, 248.0
382, 146.0, 8.0
383, 95.0, 283.0
384, 318.0, 273.0
385, 405.0, 393.0
386, 395.0, 449.0
387, 127.0, 174.0
388, 472.0, 238.0
389, 408.0, 270.0
390, 139.0, 88.0
391, 160.0, 294.0
392, 124.0, 128.0
393, 44.0, 16.0
394, 298.0, 176.0
395, 469.0, 75.0
396, 472.0, 32.0
397, 234.0, 23.0
398, 332.0, 245.0
399, 314.0, 255.0
400, 438.0, 399.0
401, 248.0, 262.0
402, 282.0, 50.0
403, 410.0, 11.0
404, 518.0, 242.0
405, 262.0, 248.0
406, 89.0, 459.0
407, 141.0, 209.0
408, 173.0, 435.0
409, 346.0, 422.0
410, 102.0, 134.0
411, 387.0, 410.0
412, 110.0, 197.0
413, 406.0, 309.0
414, 405.0, 461.0
415, 87.0, 58.0
416, 357.0, 333.0
417, 39.0, 168.0
418, 58.0, 176.0
419, 619.0, 333.0
420, 118.0, 154.0
421, 388.0, 359.0
422, 403.0, 129.0
423, 125.0, 58.0
424, 286.0, 418.0
425, 435.0, 120.0
426, 509.0, 318.0
427, 395.0, 351.0
428, 26.0, 259.0
429, 440.0, 148.0
430, 454.0, 85.0
431, 356.0, 34.0
432, 34.0, 424.0
433, 32.0, 221.0
434, 38.0, 179.0
435, 284.0, 117.0
436, 440.0, 417.0
437, 414.0, 96.0
438, 373.0, 108.0
439, 295.0, 29.0
440, 96.0, 68.0
441, 223.0, 210.0
442, 637.0, 326.0
443, 326.0, 148.0
444, 308.0, 333.0
445, 356.0, 420.0
446, 422.0, 385.0
447, 173.0, 228.0
448, 178.0, 11.0
449, 352.0, 347.0
450, 162.0, 307.0
451, 467.0, 335.0
452, 295.0, 18.0
453, 424.0, 392.0
454, 301.0, 81.0
455, 624.0, 357.0
456, 191.0, 219.0
457, 52.0, 459.0
458, 69.0, 429.0
459, 353.0, 397.0
460, 282.0, 337.0
461, 391.0, 380.0
462, 61.0, 9.0
463, 483.0, 31.0
464, 67.0, 213.0
465, 41.0, 416.0
466, 194.0, 21.0
467, 271.0, 134.0
468, 406.0, 28.0
469, 207.0, 263.0
470, 165.0, 32.0
471, 341.0, 244.0
472, 413.0, 23.0
473, 338.0, 216.0
474, 49.0, 58.0
475, 372.0, 95.0
476, 176.0, 453.0
477, 309.0, 286.0
478, 404.0, 449.0
479, 141.0, 161.0
480, 306.0, 315.0
481, 282.0, 16.0
482, 17.0, 430.0
483, 83.0, 432.0
484, 128.0, 8.0
485, 92.0, 467.0
486, 323.0, 8.0
487, 89.0, 241.0
488, 433.0, 128.0
489, 133.0, 183.0
490, 252.0, 248.0
491, 86.0, 118.0
492, 111.0, 368.0
493, 283.0, 80.0
494, 112.0, 352.0
495, 497.0, 406.0
496, 462.0, 458.0
497, 69.0, 124.0
498, 328.0, 158.0
499, 549.0, 362.0
