0, 385.0, 470.0
1, 529.0, 363.0
2, 276.0, 272.0
3, 188.0, 263.0
4, 325.0, 238.0
5, 172.0, 427.0
6, 324.0, 339.0
7, 386.0, 440.0
8, 325.0, 223.0
9, 516.0, 215.0
10, 652.0, 225.0
11, 411.0, 270.0
12, 529.0, 265.0
13, 436.0, 286.0
14, 570.0, 78.0
15, 168.0, 323.0
16, 324.0, 201.0
17, 656.0, 283.0
18, 511.0, 244.0
19, 609.0, 99.0
20, 624.0, 338.0
21, 269.0, 107.0
22, 663.0, 332.0
23, 413.0, 259.0
24, 264.0, 226.0
25, 509.0, 265.0
26, 98.0, 233.0
27, 280.0, 121.0
28, 628.0, 314.0
29, 419.0, 350.0
30, 98.0, 208.0
31, 401.0, 245.0
32, 572.0, 324.0
33, 450.0, 178.0
34, 120.0, 385.0
35, 639.0, 298.0
36, 588.0, 212.0
37, 449.0, 198.0
38, 562.0, 401.0
39, 635.0, 323.0
40, 451.0, 169.0
41, 459.0, 53.0
42, 433.0, 243.0
43, 393.0, 410.0
44, 696.0, 411.0
45, 530.0, 26.0
46, 254.0, 105.0
47, 168.0, 366.0
48, 110.0, 157.0
49, 414.0, 442.0
50, 438.0, 375.0
51, 216.0, 438.0
52, 350.0, 91.0
53, 591.0, 193.0
54, 99.0, 173.0
55, 701.0, 293.0
56, 568.0, 427.0
57, 187.0, 327.0
58, 500.0, 315.0
59, 475.0, 189.0
60, 247.0, 242.0
61, 177.0, 305.0
62, 419.0, 198.0
63, 198.0, 350.0
64, 192.0, 431.0
65, 158.0, 354.0
66, 624.0, 123.0
67, 183.0, 337.0
68, 222.0, 420.0
69, 241.0, 409.0
70, 400.0, 270.0
71, 647.0, 367.0
72, 364.0, 291.0
73, 527.0, 144.0
74, 610.0, 174.0
75, 579.0, 274.0
76, 392.0, 84.0
77, 441.0, 417.0
78, 191.0, 26.0
79, 517.0, 136.0
80, 216.0, 105.0
81, 697.0, 398.0
82, 593.0, 382.0
83, 340.0, 223.0
84, 346.0, 321.0
85, 171.0, 273.0
86, 464.0, 72.0
87, 421.0, 377.0
88, 170.0, 312.0
89, 489.0, 176.0
90, 345.0, 337.0
91, 213.0, 328.0
92, 62.0, 187.0
93, 393.0, 399.0
94, 323.0, 465.0
95, 607.0, 109.0
96, 217.0, 79.0
97, 34.0, 312.0
98, 694.0, 365.0
99, 40.0, 280.0
100, 433.0, 367.0
101, 393.0, 391.0
102, 313.0, 117.0
103, 425.0, 286.0
104, 426.0, 435.0
105, 217.0, 42.0
106, 458.0, 234.0
107, 413.0, 234.0
108, 584.0, 228.0
109, 269.0, 399.0
110, 336.0, 365.0
111, 21.0, 455.0
112, 527.0, 280.0
113, 360.0, 92.0
114, 654.0, 344.0
115, 368.0, 449.0
116, 459.0, 218.0
117, 680.0, 361.0
118, 57.0, 167.0
119, 393.0, 262.0
120, 133.0, 440.0
121, 238.0, 259.0
122, 287.0, 273.0
123, 446.0, 235.0
124, 495.0, 246.0
125, 406.0, 423.0
126, 147.0, 431.0
127, 521.0, 176.0
128, 203.0, 337.0
129, 246.0, 227.0
130, 333.0, 62.0
131, 41.0, 380.0
132, 65.0, 206.0
133, 222.0, 469.0
134, 337.0, 255.0
135, 126.0, 240.0
136, 317.0, 130.0
137, 733.0, 172.0
138, 437.0, 272.0
139, 435.0, 234.0
140, 215.0, 94.0
141, 391.0, 361.0
142, 540.0, 370.0
143, 660.0, 37.0
144, 599.0, 286.0
145, 437.0, 176.0
146, 541.0, 61.0
147, 611.0, 304.0
148, 607.0, 192.0
149, 591.0, 50.0
150, 401.0, 252.0
151, 393.0, 92.0
152, 115.0, 208.0
153, 141.0, 471.0
154, 518.0, 195.0
155, 660.0, 191.0
156, 499.0, 109.0
157, 527.0, 313.0
158, 109.0, 222.0
159, 371.0, 169.0
160, 538.0, 41.0
161, 133.0, 278.0
162, 358.0, 401.0
163, 289.0, 115.0
164, 187.0, 208.0
165, 729.0, 188.0
166, 391.0, 425.0
167, 264.0, 260.0
168, 29.0, 221.0
169, 419.0, 367.0
170, 88.0, 191.0
171, 447.0, 219.0
172, 350.0, 50.0
173, 422.0, 219.0
174, 593.0, 174.0
175, 504.0, 282.0
176, 53.0, 245.0
177, 560.0, 413.0
178, 582.0, 241.0
179, 245.0, 421.0
180, 22.0, 438.0
181, 618.0, 109.0
182, 368.0, 20.0
183, 653.0, 323.0
184, 580.0, 285.0
185, 513.0, 230.0
186, 380.0, 413.0
187, 436.0, 219.0
188, 295.0, 36.0
189, 708.0, 124.0
190, 630.0, 71.0
191, 724.0, 430.0
192, 660.0, 242.0
193, 260.0, 181.0
194, 446.0, 246.0
195, 397.0, 457.0
196, 574.0, 400.0
197, 743.0, 259.0
198, 36.0, 93.0
199, 628.0, 143.0
200, 162.0, 470.0
201, 216.0, 282.0
202, 581.0, 363.0
203, 155.0, 305.0
204, 262.0, 203.0
205, 575.0, 375.0
206, 264.0, 426.0
207, 179.0, 350.0
208, 340.0, 202.0
209, 101.0, 192.0
210, 139.0, 420.0
211, 437.0, 430.0
212, 665.0, 316.0
213, 333.0, 374.0
214, 309.0, 468.0
215, 229.0, 79.0
216, 113.0, 349.0
217, 655.0, 209.0
218, 378.0, 82.0
219, 694.0, 199.0
220, 367.0, 50.0
221, 652.0, 123.0
222, 203.0, 366.0
223, 544.0, 305.0
224, 336.0, 462.0
225, 577.0, 391.0
226, 491.0, 269.0
227, 40.0, 207.0
228, 639.0, 28.0
229, 44.0, 467.0
230, 462.0, 178.0
231, 498.0, 143.0
232, 612.0, 86.0
233, 392.0, 69.0
234, 468.0, 98.0
235, 540.0, 230.0
236, 508.0, 174.0
237, 540.0, 341.0
238, 628.0, 87.0
239, 629.0, 463.0
240, 569.0, 313.0
241, 547.0, 174.0
242, 251.0, 435.0
243, 644.0, 239.0
244, 403.0, 280.0
245, 629.0, 346.0
246, 734.0, 360.0
247, 522.0, 453.0
248, 632.0, 191.0
249, 403.0, 221.0
250, 372.0, 430.0
251, 257.0, 131.0
252, 722.0, 141.0
253, 708.0, 342.0
254, 265.0, 241.0
255, 645.0, 108.0
256, 128.0, 317.0
257, 37.0, 370.0
258, 339.0, 237.0
259, 409.0, 93.0
260, 241.0, 182.0
261, 636.0, 174.0
262, 596.0, 240.0
263, 344.0, 435.0
264, 571.0, 354.0
265, 460.0, 198.0
266, 483.0, 66.0
267, 138.0, 294.0
268, 533.0, 77.0
269, 158.0, 343.0
270, 576.0, 307.0
271, 225.0, 364.0
272, 442.0, 72.0
273, 423.0, 399.0
274, 214.0, 59.0
275, 243.0, 205.0
276, 268.0, 452.0
277, 16.0, 292.0
278, 76.0, 311.0
279, 571.0, 415.0
280, 170.0, 289.0
281, 549.0, 77.0
282, 300.0, 61.0
283, 24.0, 250.0
284, 666.0, 224.0
285, 309.0, 436.0
286, 79.0, 323.0
287, 608.0, 227.0
288, 225.0, 376.0
289, 442.0, 93.0
290, 425.0, 418.0
291, 597.0, 86.0
292, 404.0, 358.0
293, 423.0, 234.0
294, 180.0, 371.0
295, 401.0, 321.0
296, 461.0, 315.0
297, 85.0, 174.0
298, 674.0, 29.0
299, 194.0, 382.0
300, 201.0, 261.0
301, 403.0, 235.0
302, 68.0, 79.0
303, 413.0, 250.0
304, 613.0, 124.0
305, 236.0, 428.0
306, 629.0, 210.0
307, 356.0, 453.0
308, 733.0, 244.0
309, 577.0, 172.0
310, 414.0, 420.0
311, 80.0, 346.0
312, 164.0, 149.0
313, 657.0, 16.0
314, 525.0, 68.0
315, 190.0, 277.0
316, 225.0, 432.0
317, 639.0, 334.0
318, 143.0, 320.0
319, 532.0, 244.0
320, 520.0, 30.0
321, 729.0, 276.0
322, 182.0, 62.0
323, 542.0, 86.0
324, 655.0, 405.0
325, 626.0, 327.0
326, 705.0, 140.0
327, 20.0, 231.0
328, 344.0, 355.0
329, 356.0, 83.0
330, 254.0, 93.0
331, 416.0, 305.0
332, 107.0, 382.0
333, 732.0, 453.0
334, 189.0, 302.0
335, 417.0, 319.0
336, 72.0, 191.0
337, 367.0, 36.0
338, 667.0, 354.0
339, 438.0, 197.0
340, 591.0, 270.0
341, 616.0, 71.0
342, 279.0, 257.0
343, 379.0, 401.0
344, 424.0, 71.0
345, 152.0, 266.0
346, 404.0, 200.0
347, 426.0, 444.0
348, 358.0, 372.0
349, 681.0, 41.0
350, 697.0, 80.0
351, 369.0, 362.0
352, 62.0, 390.0
353, 356.0, 364.0
354, 324.0, 325.0
355, 642.0, 17.0
356, 572.0, 335.0
357, 670.0, 207.0
358, 428.0, 163.0
359, 584.0, 8.0
360, 718.0, 462.0
361, 289.0, 257.0
362, 549.0, 318.0
363, 643.0, 425.0
364, 101.0, 182.0
365, 419.0, 19.0
366, 203.0, 46.0
367, 445.0, 15.0
368, 82.0, 254.0
369, 170.0, 417.0
370, 699.0, 57.0
371, 54.0, 308.0
372, 327.0, 293.0
373, 541.0, 99.0
374, 496.0, 359.0
375, 301.0, 318.0
376, 36.0, 191.0
377, 489.0, 374.0
378, 241.0, 385.0
379, 641.0, 87.0
380, 64.0, 158.0
381, 160.0, 383.0
382, 456.0, 73.0
383, 738.0, 328.0
384, 644.0, 315.0
385, 407.0, 394.0
386, 95.0, 335.0
387, 51.0, 273.0
388, 298.0, 285.0
389, 582.0, 441.0
390, 621.0, 14.0
391, 484.0, 14.0
392, 323.0, 375.0
393, 575.0, 66.0
394, 171.0, 462.0
395, 518.0, 68.0
396, 224.0, 403.0
397, 168.0, 207.0
398, 482.0, 85.0
399, 53.0, 116.0
400, 711.0, 108.0
401, 49.0, 94.0
402, 94.0, 247.0
403, 555.0, 17.0
404, 511.0, 145.0
405, 558.0, 391.0
406, 531.0, 375.0
407, 125.0, 336.0
408, 734.0, 51.0
409, 349.0, 19.0
410, 716.0, 447.0
411, 539.0, 109.0
412, 570.0, 14.0
413, 479.0, 156.0
414, 133.0, 393.0
415, 605.0, 273.0
416, 25.0, 334.0
417, 676.0, 133.0
418, 406.0, 62.0
419, 528.0, 402.0
420, 269.0, 48.0
421, 399.0, 442.0
422, 562.0, 338.0
423, 739.0, 125.0
424, 197.0, 394.0
425, 323.0, 179.0
426, 408.0, 451.0
427, 676.0, 460.0
428, 698.0, 385.0
429, 70.0, 243.0
430, 511.0, 78.0
431, 183.0, 418.0
432, 154.0, 57.0
433, 498.0, 335.0
434, 382.0, 35.0
435, 382.0, 459.0
436, 725.0, 207.0
437, 83.0, 205.0
438, 415.0, 294.0
439, 708.0, 63.0
440, 527.0, 291.0
441, 696.0, 234.0
442, 157.0, 12.0
443, 600.0, 73.0
444, 298.0, 296.0
445, 33.0, 353.0
446, 213.0, 261.0
447, 513.0, 326.0
448, 170.0, 379.0
449, 378.0, 277.0
450, 595.0, 362.0
451, 237.0, 105.0
452, 709.0, 265.0
453, 535.0, 10.0
454, 178.0, 389.0
455, 135.0, 33.0
456, 720.0, 295.0
457, 551.0, 245.0
458, 93.0, 305.0
459, 545.0, 23.0
460, 210.0, 414.0
461, 613.0, 411.0
462, 668.0, 412.0
463, 556.0, 440.0
464, 514.0, 357.0
465, 426.0, 263.0
466, 461.0, 272.0
467, 513.0, 53.0
468, 498.0, 456.0
469, 120.0, 268.0
470, 454.0, 93.0
471, 511.0, 349.0
472, 612.0, 340.0
473, 593.0, 108.0
474, 201.0, 66.0
475, 299.0, 273.0
476, 107.0, 283.0
477, 402.0, 335.0
478, 47.0, 340.0
479, 519.0, 118.0
480, 427.0, 95.0
481, 311.0, 399.0
482, 21.0, 406.0
483, 287.0, 130.0
484, 524.0, 329.0
485, 80.0, 277.0
486, 713.0, 418.0
487, 463.0, 168.0
488, 41.0, 169.0
489, 545.0, 195.0
490, 677.0, 332.0
491, 604.0, 330.0
492, 144.0, 344.0
493, 619.0, 134.0
494, 26.0, 285.0
495, 339.0, 179.0
496, 37.0, 404.0
497, 564.0, 386.0
498, 23.0, 355.0
499, 107.0, 314.0
