0, 419.0, 279.0
1, 327.0, 266.0
2, 403.0, 149.0
3, 573.0, 220.0
4, 497.0, 137.0
5, 355.0, 244.0
6, 408.0, 311.0
7, 538.0, 129.0
8, 443.0, 236.0
9, 215.0, 442.0
10, 318.0, 295.0
11, 471.0, 114.0
12, 285.0, 329.0
13, 304.0, 80.0
14, 552.0, 428.0
15, 373.0, 133.0
16, 479.0, 165.0
17, 336.0, 268.0
18, 507.0, 193.0
19, 407.0, 186.0
20, 423.0, 329.0
21, 652.0, 147.0
22, 335.0, 36.0
23, 497.0, 65.0
24, 387.0, 248.0
25, 389.0, 166.0
26, 423.0, 223.0
27, 418.0, 290.0
28, 535.0, 180.0
29, 579.0, 265.0
30, 458.0, 185.0
31, 357.0, 465.0
32, 576.0, 131.0
33, 30.0, 306.0
34, 465.0, 271.0
35, 453.0, 268.0
36, 396.0, 386.0
37, 378.0, 282.0
38, 248.0, 394.0
39, 97.0, 103.0
40, 680.0, 242.0
41, 445.0, 203.0
42, 448.0, 421.0
43, 612.0, 132.0
44, 293.0, 379.0
45, 288.0, 238.0
46, 306.0, 264.0
47, 407.0, 212.0
48, 584.0, 142.0
49, 309.0, 227.0
50, 433.0, 140.0
51, 111.0, 102.0
52, 364.0, 230.0
53, 468.0, 263.0
54, 345.0, 281.0
55, 356.0, 293.0
56, 338.0, 252.0
57, 422.0, 205.0
58, 226.0, 435.0
59, 529.0, 205.0
60, 295.0, 120.0
61, 533.0, 436.0
62, 326.0, 179.0
63, 313.0, 317.0
64, 488.0, 409.0
65, 289.0, 301.0
66, 490.0, 201.0
67, 432.0, 222.0
68, 276.0, 42.0
69, 450.0, 411.0
70, 449.0, 455.0
71, 302.0, 143.0
72, 592.0, 275.0
73, 309.0, 26.0
74, 117.0, 197.0
75, 715.0, 25.0
76, 359.0, 357.0
77, 573.0, 278.0
78, 411.0, 204.0
79, 637.0, 253.0
80, 319.0, 72.0
81, 301.0, 289.0
82, 505.0, 226.0
83, 493.0, 224.0
84, 306.0, 111.0
85, 190.0, 28.0
86, 317.0, 283.0
87, 315.0, 122.0
88, 471.0, 450.0
89, 237.0, 80.0
90, 436.0, 183.0
91, 392.0, 417.0
92, 234.0, 365.0
93, 432.0, 196.0
94, 391.0, 373.0
95, 550.0, 167.0
96, 488.0, 137.0
97, 412.0, 251.0
98, 458.0, 261.0
99, 339.0, 223.0
100, 715.0, 150.0
101, 340.0, 176.0
102, 415.0, 440.0
103, 638.0, 30.0
104, 462.0, 99.0
105, 543.0, 217.0
106, 350.0, 256.0
107, 527.0, 139.0
108, 655.0, 133.0
109, 268.0, 124.0
110, 680.0, 203.0
111, 574.0, 164.0
112, 483.0, 29.0
113, 341.0, 236.0
114, 245.0, 321.0
115, 528.0, 127.0
116, 233.0, 391.0
117, 477.0, 439.0
118, 596.0, 131.0
119, 502.0, 92.0
120, 372.0, 44.0
121, 232.0, 65.0
122, 388.0, 185.0
123, 573.0, 233.0
124, 201.0, 81.0
125, 404.0, 347.0
126, 515.0, 91.0
127, 293.0, 165.0
128, 593.0, 162.0
129, 334.0, 82.0
130, 354.0, 372.0
131, 446.0, 193.0
132, 140.0, 154.0
133, 378.0, 93.0
134, 422.0, 193.0
135, 537.0, 420.0
136, 344.0, 152.0
137, 592.0, 52.0
138, 328.0, 90.0
139, 433.0, 239.0
140, 461.0, 236.0
141, 430.0, 205.0
142, 294.0, 91.0
143, 230.0, 308.0
144, 642.0, 17.0
145, 175.0, 39.0
146, 234.0, 42.0
147, 588.0, 294.0
148, 571.0, 320.0
149, 458.0, 221.0
150, 464.0, 464.0
151, 655.0, 62.0
152, 377.0, 197.0
153, 630.0, 164.0
154, 573.0, 142.0
155, 153.0, 305.0
156, 130.0, 191.0
157, 610.0, 144.0
158, 123.0, 156.0
159, 444.0, 122.0
160, 624.0, 255.0
161, 221.0, 138.0
162, 328.0, 279.0
163, 246.0, 374.0
164, 397.0, 210.0
165, 251.0, 404.0
166, 553.0, 218.0
167, 373.0, 420.0
168, 372.0, 355.0
169, 384.0, 217.0
170, 327.0, 139.0
171, 396.0, 221.0
172, 558.0, 68.0
173, 232.0, 327.0
174, 141.0, 244.0
175, 406.0, 223.0
176, 302.0, 347.0
177, 650.0, 281.0
178, 346.0, 269.0
179, 716.0, 37.0
180, 326.0, 195.0
181, 436.0, 416.0
182, 510.0, 168.0
183, 509.0, 27.0
184, 265.0, 81.0
185, 108.0, 155.0
186, 260.0, 359.0
187, 355.0, 314.0
188, 386.0, 356.0
189, 223.0, 258.0
190, 678.0, 277.0
191, 494.0, 167.0
192, 459.0, 136.0
193, 524.0, 276.0
194, 292.0, 448.0
195, 294.0, 107.0
196, 408.0, 294.0
197, 211.0, 291.0
198, 572.0, 150.0
199, 691.0, 245.0
200, 218.0, 367.0
201, 241.0, 299.0
202, 682.0, 292.0
203, 413.0, 19.0
204, 267.0, 304.0
205, 521.0, 286.0
206, 451.0, 253.0
207, 459.0, 124.0
208, 598.0, 144.0
209, 338.0, 298.0
210, 130.0, 256.0
211, 506.0, 468.0
212, 732.0, 148.0
213, 328.0, 315.0
214, 475.0, 227.0
215, 424.0, 129.0
216, 421.0, 232.0
217, 686.0, 186.0
218, 323.0, 334.0
219, 366.0, 262.0
220, 480.0, 153.0
221, 446.0, 71.0
222, 403.0, 326.0
223, 433.0, 126.0
224, 320.0, 401.0
225, 306.0, 277.0
226, 481.0, 388.0
227, 579.0, 288.0
228, 394.0, 400.0
229, 316.0, 106.0
230, 719.0, 137.0
231, 416.0, 76.0
232, 214.0, 304.0
233, 246.0, 22.0
234, 355.0, 276.0
235, 92.0, 77.0
236, 404.0, 163.0
237, 531.0, 54.0
238, 585.0, 130.0
239, 266.0, 98.0
240, 305.0, 243.0
241, 447.0, 93.0
242, 543.0, 383.0
243, 409.0, 274.0
244, 162.0, 302.0
245, 445.0, 222.0
246, 531.0, 38.0
247, 211.0, 408.0
248, 332.0, 71.0
249, 583.0, 102.0
250, 462.0, 86.0
251, 506.0, 52.0
252, 541.0, 402.0
253, 377.0, 267.0
254, 295.0, 282.0
255, 411.0, 233.0
256, 317.0, 246.0
257, 365.0, 167.0
258, 345.0, 112.0
259, 435.0, 406.0
260, 586.0, 73.0
261, 131.0, 336.0
262, 460.0, 114.0
263, 392.0, 277.0
264, 338.0, 213.0
265, 438.0, 273.0
266, 122.0, 211.0
267, 433.0, 171.0
268, 284.0, 52.0
269, 644.0, 312.0
270, 499.0, 126.0
271, 528.0, 116.0
272, 691.0, 121.0
273, 232.0, 446.0
274, 659.0, 46.0
275, 608.0, 155.0
276, 532.0, 298.0
277, 705.0, 188.0
278, 562.0, 433.0
279, 487.0, 242.0
280, 272.0, 52.0
281, 315.0, 138.0
282, 87.0, 462.0
283, 446.0, 185.0
284, 735.0, 15.0
285, 397.0, 196.0
286, 513.0, 427.0
287, 399.0, 138.0
288, 551.0, 451.0
289, 312.0, 162.0
290, 149.0, 41.0
291, 371.0, 442.0
292, 537.0, 140.0
293, 607.0, 186.0
294, 300.0, 299.0
295, 327.0, 230.0
296, 512.0, 82.0
297, 373.0, 383.0
298, 326.0, 356.0
299, 694.0, 343.0
300, 463.0, 162.0
301, 642.0, 172.0
302, 568.0, 37.0
303, 307.0, 153.0
304, 510.0, 273.0
305, 599.0, 33.0
306, 386.0, 425.0
307, 304.0, 420.0
308, 478.0, 408.0
309, 193.0, 8.0
310, 151.0, 31.0
311, 439.0, 373.0
312, 377.0, 163.0
313, 623.0, 196.0
314, 459.0, 203.0
315, 495.0, 153.0
316, 491.0, 395.0
317, 39.0, 471.0
318, 150.0, 242.0
319, 354.0, 43.0
320, 404.0, 176.0
321, 337.0, 378.0
322, 663.0, 279.0
323, 569.0, 182.0
324, 428.0, 64.0
325, 622.0, 18.0
326, 583.0, 463.0
327, 274.0, 437.0
328, 489.0, 127.0
329, 226.0, 458.0
330, 542.0, 471.0
331, 658.0, 80.0
332, 395.0, 231.0
333, 283.0, 365.0
334, 282.0, 292.0
335, 521.0, 230.0
336, 187.0, 383.0
337, 125.0, 106.0
338, 410.0, 460.0
339, 742.0, 46.0
340, 383.0, 77.0
341, 432.0, 149.0
342, 636.0, 48.0
343, 304.0, 398.0
344, 348.0, 226.0
345, 435.0, 457.0
346, 338.0, 189.0
347, 36.0, 75.0
348, 372.0, 225.0
349, 41.0, 450.0
350, 366.0, 255.0
351, 394.0, 71.0
352, 222.0, 239.0
353, 529.0, 249.0
354, 294.0, 229.0
355, 354.0, 167.0
356, 95.0, 256.0
357, 247.0, 357.0
358, 328.0, 247.0
359, 320.0, 81.0
360, 680.0, 51.0
361, 658.0, 119.0
362, 320.0, 31.0
363, 107.0, 78.0
364, 531.0, 25.0
365, 261.0, 434.0
366, 155.0, 60.0
367, 565.0, 23.0
368, 162.0, 81.0
369, 470.0, 283.0
370, 353.0, 62.0
371, 287.0, 342.0
372, 660.0, 288.0
373, 347.0, 444.0
374, 281.0, 419.0
375, 376.0, 311.0
376, 359.0, 108.0
377, 586.0, 203.0
378, 113.0, 113.0
379, 322.0, 220.0
380, 198.0, 411.0
381, 163.0, 97.0
382, 559.0, 243.0
383, 663.0, 320.0
384, 155.0, 382.0
385, 46.0, 54.0
386, 290.0, 72.0
387, 232.0, 381.0
388, 235.0, 242.0
389, 261.0, 240.0
390, 602.0, 20.0
391, 177.0, 96.0
392, 419.0, 468.0
393, 418.0, 154.0
394, 463.0, 151.0
395, 146.0, 330.0
396, 231.0, 33.0
397, 168.0, 376.0
398, 298.0, 311.0
399, 535.0, 427.0
400, 201.0, 431.0
401, 219.0, 286.0
402, 435.0, 74.0
403, 177.0, 340.0
404, 123.0, 374.0
405, 273.0, 170.0
406, 160.0, 353.0
407, 102.0, 127.0
408, 525.0, 341.0
409, 72.0, 19.0
410, 113.0, 176.0
411, 676.0, 173.0
412, 536.0, 158.0
413, 359.0, 213.0
414, 438.0, 443.0
415, 678.0, 261.0
416, 277.0, 232.0
417, 282.0, 147.0
418, 202.0, 63.0
419, 649.0, 155.0
420, 326.0, 10.0
421, 301.0, 60.0
422, 300.0, 48.0
423, 204.0, 97.0
424, 583.0, 152.0
425, 673.0, 103.0
426, 359.0, 140.0
427, 499.0, 289.0
428, 235.0, 405.0
429, 308.0, 305.0
430, 314.0, 9.0
431, 572.0, 172.0
432, 468.0, 72.0
433, 328.0, 296.0
434, 180.0, 33.0
435, 42.0, 323.0
436, 531.0, 91.0
437, 617.0, 48.0
438, 663.0, 168.0
439, 562.0, 213.0
440, 360.0, 334.0
441, 322.0, 162.0
442, 473.0, 201.0
443, 353.0, 87.0
444, 698.0, 208.0
445, 216.0, 424.0
446, 440.0, 133.0
447, 654.0, 266.0
448, 255.0, 308.0
449, 717.0, 12.0
450, 537.0, 451.0
451, 516.0, 52.0
452, 30.0, 353.0
453, 478.0, 459.0
454, 311.0, 462.0
455, 210.0, 398.0
456, 230.0, 417.0
457, 466.0, 325.0
458, 547.0, 74.0
459, 355.0, 267.0
460, 393.0, 155.0
461, 449.0, 16.0
462, 713.0, 162.0
463, 543.0, 208.0
464, 690.0, 75.0
465, 51.0, 424.0
466, 423.0, 421.0
467, 414.0, 352.0
468, 306.0, 446.0
469, 328.0, 438.0
470, 252.0, 426.0
471, 126.0, 37.0
472, 308.0, 94.0
473, 311.0, 184.0
474, 671.0, 267.0
475, 579.0, 118.0
476, 616.0, 220.0
477, 284.0, 23.0
478, 127.0, 177.0
479, 506.0, 438.0
480, 311.0, 350.0
481, 367.0, 58.0
482, 403.0, 368.0
483, 660.0, 256.0
484, 477.0, 38.0
485, 330.0, 116.0
486, 115.0, 272.0
487, 217.0, 379.0
488, 279.0, 124.0
489, 441.0, 350.0
490, 736.0, 74.0
491, 559.0, 38.0
492, 165.0, 276.0
493, 390.0, 347.0
494, 219.0, 394.0
495, 672.0, 121.0
496, 118.0, 342.0
497, 266.0, 421.0
498, 518.0, 375.0
499, 313.0, 18.0
