0, 344.0, 229.0
1, 555.0, 265.0
2, 369.0, 142.0
3, 601.0, 291.0
4, 598.0, 271.0
5, 264.0, 373.0
6, 207.0, 83.0
7, 153.0, 82.0
8, 376.0, 132.0
9, 143.0, 442.0
10, 386.0, 131.0
11, 399.0, 217.0
12, 530.0, 265.0
13, 468.0, 311.0
14, 527.0, 103.0
15, 180.0, 226.0
16, 664.0, 221.0
17, 628.0, 328.0
18, 288.0, 184.0
19, 213.0, 434.0
20, 567.0, 263.0
21, 587.0, 209.0
22, 434.0, 253.0
23, 405.0, 258.0
24, 433.0, 180.0
25, 161.0, 451.0
26, 372.0, 299.0
27, 118.0, 62.0
28, 196.0, 84.0
29, 515.0, 79.0
30, 426.0, 271.0
31, 195.0, 308.0
32, 459.0, 231.0
33, 463.0, 109.0
34, 151.0, 156.0
35, 470.0, 234.0
36, 303.0, 273.0
37, 178.0, 378.0
38, 587.0, 271.0
39, 612.0, 224.0
40, 399.0, 228.0
41, 156.0, 68.0
42, 477.0, 245.0
43, 365.0, 112.0
44, 540.0, 290.0
45, 273.0, 301.0
46, 337.0, 204.0
47, 695.0, 164.0
48, 270.0, 78.0
49, 186.0, 142.0
50, 321.0, 136.0
51, 253.0, 82.0
52, 662.0, 161.0
53, 372.0, 237.0
54, 495.0, 76.0
55, 173.0, 197.0
56, 379.0, 318.0
57, 161.0, 216.0
58, 444.0, 235.0
59, 232.0, 215.0
60, 280.0, 22.0
61, 131.0, 77.0
62, 386.0, 200.0
63, 584.0, 286.0
64, 453.0, 71.0
65, 191.0, 125.0
66, 617.0, 240.0
67, 164.0, 181.0
68, 720.0, 456.0
69, 115.0, 431.0
70, 262.0, 142.0
71, 186.0, 323.0
72, 205.0, 214.0
73, 227.0, 456.0
74, 149.0, 308.0
75, 252.0, 360.0
76, 402.0, 164.0
77, 15.0, 271.0
78, 525.0, 46.0
79, 498.0, 101.0
80, 170.0, 424.0
81, 367.0, 154.0
82, 216.0, 297.0
83, 292.0, 18.0
84, 500.0, 299.0
85, 207.0, 166.0
86, 344.0, 170.0
87, 547.0, 252.0
88, 451.0, 135.0
89, 457.0, 191.0
90, 680.0, 245.0
91, 108.0, 57.0
92, 619.0, 77.0
93, 527.0, 292.0
94, 652.0, 424.0
95, 463.0, 124.0
96, 187.0, 57.0
97, 194.0, 361.0
98, 606.0, 179.0
99, 391.0, 251.0
100, 538.0, 304.0
101, 501.0, 218.0
102, 323.0, 246.0
103, 460.0, 150.0
104, 608.0, 212.0
105, 224.0, 250.0
106, 573.0, 165.0
107, 640.0, 41.0
108, 321.0, 330.0
109, 506.0, 110.0
110, 584.0, 159.0
111, 478.0, 303.0
112, 634.0, 149.0
113, 612.0, 87.0
114, 332.0, 163.0
115, 384.0, 103.0
116, 220.0, 46.0
117, 690.0, 404.0
118, 242.0, 220.0
119, 98.0, 121.0
120, 579.0, 302.0
121, 193.0, 70.0
122, 625.0, 339.0
123, 322.0, 96.0
124, 528.0, 26.0
125, 332.0, 337.0
126, 560.0, 232.0
127, 499.0, 120.0
128, 722.0, 444.0
129, 142.0, 253.0
130, 569.0, 151.0
131, 589.0, 53.0
132, 256.0, 19.0
133, 274.0, 95.0
134, 130.0, 463.0
135, 582.0, 248.0
136, 702.0, 448.0
137, 568.0, 316.0
138, 547.0, 243.0
139, 125.0, 361.0
140, 149.0, 54.0
141, 667.0, 108.0
142, 22.0, 301.0
143, 299.0, 169.0
144, 697.0, 433.0
145, 579.0, 274.0
146, 376.0, 183.0
147, 216.0, 452.0
148, 240.0, 259.0
149, 276.0, 194.0
150, 234.0, 464.0
151, 344.0, 190.0
152, 177.0, 391.0
153, 333.0, 148.0
154, 421.0, 247.0
155, 542.0, 22.0
156, 354.0, 152.0
157, 214.0, 242.0
158, 177.0, 116.0
159, 420.0, 257.0
160, 721.0, 404.0
161, 161.0, 407.0
162, 620.0, 158.0
163, 444.0, 277.0
164, 436.0, 155.0
165, 516.0, 168.0
166, 155.0, 350.0
167, 575.0, 208.0
168, 117.0, 76.0
169, 506.0, 192.0
170, 563.0, 297.0
171, 121.0, 224.0
172, 571.0, 243.0
173, 725.0, 362.0
174, 432.0, 215.0
175, 431.0, 233.0
176, 96.0, 403.0
177, 592.0, 169.0
178, 326.0, 194.0
179, 260.0, 195.0
180, 444.0, 195.0
181, 441.0, 108.0
182, 485.0, 89.0
183, 198.0, 234.0
184, 510.0, 156.0
185, 423.0, 202.0
186, 50.0, 81.0
187, 384.0, 57.0
188, 498.0, 310.0
189, 443.0, 248.0
190, 678.0, 95.0
191, 531.0, 254.0
192, 181.0, 296.0
193, 286.0, 238.0
194, 554.0, 44.0
195, 574.0, 281.0
196, 650.0, 170.0
197, 276.0, 361.0
198, 707.0, 463.0
199, 232.0, 26.0
200, 185.0, 216.0
201, 195.0, 212.0
202, 652.0, 161.0
203, 482.0, 122.0
204, 209.0, 310.0
205, 298.0, 255.0
206, 150.0, 297.0
207, 331.0, 100.0
208, 195.0, 179.0
209, 646.0, 227.0
210, 552.0, 69.0
211, 198.0, 379.0
212, 643.0, 250.0
213, 28.0, 68.0
214, 332.0, 112.0
215, 204.0, 48.0
216, 34.0, 421.0
217, 396.0, 130.0
218, 742.0, 201.0
219, 157.0, 190.0
220, 345.0, 324.0
221, 304.0, 20.0
222, 473.0, 167.0
223, 341.0, 80.0
224, 134.0, 347.0
225, 437.0, 66.0
226, 530.0, 142.0
227, 165.0, 347.0
228, 97.0, 92.0
229, 175.0, 320.0
230, 330.0, 173.0
231, 692.0, 392.0
232, 437.0, 146.0
233, 201.0, 296.0
234, 235.0, 78.0
235, 621.0, 148.0
236, 605.0, 282.0
237, 440.0, 126.0
238, 170.0, 398.0
239, 418.0, 107.0
240, 258.0, 311.0
241, 166.0, 50.0
242, 287.0, 344.0
243, 33.0, 255.0
244, 472.0, 175.0
245, 638.0, 56.0
246, 281.0, 31.0
247, 660.0, 171.0
248, 150.0, 426.0
249, 131.0, 106.0
250, 705.0, 397.0
251, 196.0, 188.0
252, 73.0, 81.0
253, 226.0, 443.0
254, 446.0, 257.0
255, 125.0, 52.0
256, 674.0, 355.0
257, 394.0, 101.0
258, 239.0, 56.0
259, 116.0, 415.0
260, 590.0, 39.0
261, 738.0, 250.0
262, 582.0, 263.0
263, 507.0, 173.0
264, 513.0, 206.0
265, 348.0, 257.0
266, 693.0, 174.0
267, 397.0, 45.0
268, 648.0, 265.0
269, 719.0, 417.0
270, 601.0, 95.0
271, 526.0, 168.0
272, 483.0, 108.0
273, 141.0, 32.0
274, 327.0, 297.0
275, 737.0, 215.0
276, 521.0, 308.0
277, 165.0, 431.0
278, 361.0, 308.0
279, 354.0, 233.0
280, 294.0, 360.0
281, 364.0, 132.0
282, 579.0, 145.0
283, 148.0, 406.0
284, 16.0, 31.0
285, 288.0, 140.0
286, 55.0, 99.0
287, 617.0, 266.0
288, 523.0, 155.0
289, 401.0, 187.0
290, 544.0, 176.0
291, 263.0, 33.0
292, 319.0, 349.0
293, 319.0, 113.0
294, 467.0, 142.0
295, 158.0, 331.0
296, 125.0, 28.0
297, 560.0, 170.0
298, 627.0, 259.0
299, 474.0, 74.0
300, 538.0, 57.0
301, 581.0, 193.0
302, 612.0, 39.0
303, 583.0, 227.0
304, 516.0, 176.0
305, 605.0, 322.0
306, 396.0, 143.0
307, 639.0, 67.0
308, 295.0, 161.0
309, 635.0, 268.0
310, 614.0, 281.0
311, 159.0, 315.0
312, 45.0, 399.0
313, 396.0, 371.0
314, 295.0, 264.0
315, 558.0, 242.0
316, 459.0, 163.0
317, 354.0, 179.0
318, 96.0, 80.0
319, 701.0, 408.0
320, 742.0, 58.0
321, 416.0, 128.0
322, 566.0, 273.0
323, 86.0, 120.0
324, 76.0, 94.0
325, 199.0, 148.0
326, 254.0, 248.0
327, 609.0, 331.0
328, 368.0, 249.0
329, 424.0, 72.0
330, 415.0, 161.0
331, 555.0, 117.0
332, 153.0, 168.0
333, 168.0, 464.0
334, 448.0, 116.0
335, 227.0, 271.0
336, 387.0, 352.0
337, 396.0, 287.0
338, 381.0, 144.0
339, 540.0, 67.0
340, 304.0, 160.0
341, 282.0, 115.0
342, 496.0, 66.0
343, 313.0, 146.0
344, 629.0, 225.0
345, 220.0, 283.0
346, 352.0, 160.0
347, 539.0, 95.0
348, 539.0, 33.0
349, 269.0, 222.0
350, 239.0, 373.0
351, 127.0, 239.0
352, 163.0, 135.0
353, 472.0, 185.0
354, 555.0, 311.0
355, 308.0, 359.0
356, 227.0, 355.0
357, 84.0, 428.0
358, 293.0, 293.0
359, 156.0, 291.0
360, 415.0, 146.0
361, 357.0, 339.0
362, 355.0, 124.0
363, 386.0, 334.0
364, 705.0, 166.0
365, 711.0, 199.0
366, 457.0, 275.0
367, 249.0, 116.0
368, 314.0, 229.0
369, 682.0, 76.0
370, 292.0, 30.0
371, 41.0, 384.0
372, 299.0, 96.0
373, 404.0, 71.0
374, 213.0, 201.0
375, 449.0, 176.0
376, 727.0, 246.0
377, 130.0, 195.0
378, 618.0, 167.0
379, 308.0, 199.0
380, 196.0, 200.0
381, 331.0, 24.0
382, 379.0, 112.0
383, 492.0, 190.0
384, 218.0, 163.0
385, 722.0, 470.0
386, 179.0, 46.0
387, 498.0, 179.0
388, 412.0, 198.0
389, 328.0, 233.0
390, 142.0, 84.0
391, 678.0, 259.0
392, 670.0, 131.0
393, 664.0, 341.0
394, 628.0, 10.0
395, 250.0, 402.0
396, 345.0, 241.0
397, 223.0, 304.0
398, 331.0, 289.0
399, 268.0, 206.0
400, 377.0, 166.0
401, 224.0, 396.0
402, 573.0, 119.0
403, 570.0, 41.0
404, 639.0, 396.0
405, 46.0, 45.0
406, 211.0, 365.0
407, 356.0, 33.0
408, 594.0, 307.0
409, 642.0, 95.0
410, 129.0, 445.0
411, 260.0, 123.0
412, 401.0, 204.0
413, 720.0, 430.0
414, 294.0, 114.0
415, 564.0, 361.0
416, 317.0, 8.0
417, 634.0, 182.0
418, 718.0, 118.0
419, 606.0, 16.0
420, 399.0, 26.0
421, 331.0, 124.0
422, 47.0, 69.0
423, 535.0, 170.0
424, 208.0, 420.0
425, 472.0, 93.0
426, 547.0, 270.0
427, 128.0, 185.0
428, 494.0, 8.0
429, 323.0, 67.0
430, 378.0, 83.0
431, 220.0, 471.0
432, 158.0, 146.0
433, 646.0, 77.0
434, 114.0, 241.0
435, 683.0, 130.0
436, 403.0, 112.0
437, 161.0, 228.0
438, 315.0, 160.0
439, 239.0, 196.0
440, 381.0, 44.0
441, 69.0, 36.0
442, 313.0, 189.0
443, 493.0, 111.0
444, 130.0, 429.0
445, 394.0, 111.0
446, 268.0, 115.0
447, 681.0, 401.0
448, 66.0, 429.0
449, 111.0, 186.0
450, 450.0, 87.0
451, 515.0, 128.0
452, 387.0, 281.0
453, 19.0, 290.0
454, 295.0, 244.0
455, 708.0, 155.0
456, 221.0, 341.0
457, 692.0, 418.0
458, 571.0, 231.0
459, 548.0, 409.0
460, 716.0, 355.0
461, 77.0, 229.0
462, 379.0, 155.0
463, 693.0, 211.0
464, 100.0, 426.0
465, 283.0, 158.0
466, 628.0, 68.0
467, 44.0, 233.0
468, 436.0, 170.0
469, 69.0, 201.0
470, 373.0, 102.0
471, 504.0, 268.0
472, 705.0, 76.0
473, 630.0, 394.0
474, 383.0, 69.0
475, 332.0, 37.0
476, 321.0, 106.0
477, 683.0, 390.0
478, 488.0, 29.0
479, 728.0, 351.0
480, 543.0, 470.0
481, 291.0, 151.0
482, 732.0, 88.0
483, 652.0, 46.0
484, 601.0, 149.0
485, 513.0, 279.0
486, 561.0, 252.0
487, 181.0, 446.0
488, 496.0, 232.0
489, 511.0, 42.0
490, 287.0, 100.0
491, 556.0, 19.0
492, 466.0, 218.0
493, 295.0, 351.0
494, 598.0, 211.0
495, 300.0, 206.0
496, 382.0, 296.0
497, 705.0, 86.0
498, 273.0, 177.0
499, 319.0, 283.0
