0, 554.0, 325.0
1, 545.0, 324.0
2, 429.0, 378.0
3, 448.0, 246.0
4, 311.0, 186.0
5, 67.0, 175.0
6, 283.0, 364.0
7, 429.0, 347.0
8, 403.0, 319.0
9, 562.0, 263.0
10, 653.0, 305.0
11, 605.0, 256.0
12, 568.0, 132.0
13, 368.0, 166.0
14, 232.0, 345.0
15, 446.0, 177.0
16, 224.0, 263.0
17, 425.0, 259.0
18, 579.0, 213.0
19, 252.0, 381.0
20, 100.0, 195.0
21, 570.0, 112.0
22, 450.0, 284.0
23, 127.0, 266.0
24, 446.0, 162.0
25, 565.0, 171.0
26, 360.0, 75.0
27, 462.0, 138.0
28, 137.0, 250.0
29, 652.0, 148.0
30, 63.0, 273.0
31, 109.0, 110.0
32, 173.0, 142.0
33, 464.0, 344.0
34, 567.0, 154.0
35, 470.0, 330.0
36, 491.0, 383.0
37, 185.0, 249.0
38, 267.0, 42.0
39, 576.0, 315.0
40, 295.0, 187.0
41, 479.0, 176.0
42, 391.0, 290.0
43, 383.0, 166.0
44, 567.0, 245.0
45, 427.0, 414.0
46, 647.0, 315.0
47, 366.0, 338.0
48, 206.0, 269.0
49, 557.0, 289.0
50, 439.0, 322.0
51, 658.0, 106.0
52, 224.0, 278.0
53, 484.0, 372.0
54, 466.0, 302.0
55, 445.0, 196.0
56, 267.0, 56.0
57, 196.0, 276.0
58, 450.0, 297.0
59, 374.0, 17.0
60, 309.0, 148.0
61, 413.0, 33.0
62, 275.0, 324.0
63, 492.0, 352.0
64, 416.0, 339.0
65, 452.0, 347.0
66, 414.0, 352.0
67, 590.0, 245.0
68, 156.0, 182.0
69, 492.0, 457.0
70, 684.0, 330.0
71, 473.0, 22.0
72, 147.0, 142.0
73, 412.0, 273.0
74, 511.0, 419.0
75, 587.0, 437.0
76, 598.0, 418.0
77, 369.0, 182.0
78, 88.0, 241.0
79, 167.0, 180.0
80, 739.0, 464.0
81, 464.0, 272.0
82, 504.0, 464.0
83, 180.0, 127.0
84, 268.0, 28.0
85, 297.0, 402.0
86, 379.0, 398.0
87, 505.0, 159.0
88, 394.0, 8.0
89, 310.0, 170.0
90, 457.0, 421.0
91, 347.0, 468.0
92, 198.0, 241.0
93, 490.0, 417.0
94, 269.0, 455.0
95, 149.0, 128.0
96, 649.0, 167.0
97, 428.0, 333.0
98, 591.0, 316.0
99, 665.0, 315.0
100, 30.0, 216.0
101, 293.0, 172.0
102, 169.0, 257.0
103, 506.0, 136.0
104, 697.0, 32.0
105, 603.0, 318.0
106, 390.0, 388.0
107, 731.0, 161.0
108, 144.0, 173.0
109, 576.0, 80.0
110, 368.0, 144.0
111, 504.0, 450.0
112, 457.0, 388.0
113, 725.0, 232.0
114, 245.0, 449.0
115, 553.0, 316.0
116, 628.0, 184.0
117, 560.0, 92.0
118, 577.0, 16.0
119, 134.0, 120.0
120, 279.0, 27.0
121, 476.0, 407.0
122, 244.0, 438.0
123, 422.0, 391.0
124, 50.0, 249.0
125, 458.0, 357.0
126, 640.0, 376.0
127, 493.0, 368.0
128, 370.0, 292.0
129, 487.0, 257.0
130, 455.0, 239.0
131, 489.0, 12.0
132, 480.0, 116.0
133, 493.0, 116.0
134, 739.0, 256.0
135, 485.0, 328.0
136, 675.0, 73.0
137, 679.0, 146.0
138, 97.0, 24.0
139, 645.0, 101.0
140, 492.0, 160.0
141, 557.0, 115.0
142, 461.0, 245.0
143, 290.0, 127.0
144, 378.0, 411.0
145, 252.0, 394.0
146, 678.0, 54.0
147, 111.0, 252.0
148, 459.0, 433.0
149, 19.0, 236.0
150, 272.0, 402.0
151, 307.0, 126.0
152, 155.0, 76.0
153, 381.0, 330.0
154, 468.0, 177.0
155, 504.0, 176.0
156, 170.0, 196.0
157, 588.0, 261.0
158, 233.0, 301.0
159, 285.0, 269.0
160, 390.0, 404.0
161, 390.0, 272.0
162, 212.0, 259.0
163, 635.0, 257.0
164, 477.0, 386.0
165, 384.0, 181.0
166, 24.0, 253.0
167, 105.0, 121.0
168, 465.0, 160.0
169, 552.0, 432.0
170, 124.0, 248.0
171, 198.0, 221.0
172, 412.0, 368.0
173, 493.0, 106.0
174, 555.0, 297.0
175, 647.0, 211.0
176, 28.0, 110.0
177, 630.0, 360.0
178, 24.0, 204.0
179, 539.0, 32.0
180, 106.0, 221.0
181, 459.0, 401.0
182, 165.0, 169.0
183, 381.0, 320.0
184, 364.0, 364.0
185, 106.0, 234.0
186, 729.0, 428.0
187, 157.0, 120.0
188, 686.0, 236.0
189, 162.0, 155.0
190, 69.0, 246.0
191, 593.0, 217.0
192, 291.0, 150.0
193, 420.0, 426.0
194, 271.0, 415.0
195, 566.0, 73.0
196, 268.0, 270.0
197, 589.0, 202.0
198, 216.0, 116.0
199, 447.0, 140.0
200, 480.0, 159.0
201, 654.0, 239.0
202, 273.0, 304.0
203, 70.0, 35.0
204, 556.0, 416.0
205, 287.0, 206.0
206, 209.0, 248.0
207, 642.0, 242.0
208, 703.0, 321.0
209, 440.0, 238.0
210, 66.0, 213.0
211, 474.0, 268.0
212, 57.0, 230.0
213, 125.0, 92.0
214, 253.0, 352.0
215, 468.0, 441.0
216, 547.0, 254.0
217, 657.0, 196.0
218, 682.0, 123.0
219, 392.0, 211.0
220, 704.0, 397.0
221, 285.0, 42.0
222, 556.0, 277.0
223, 264.0, 220.0
224, 671.0, 203.0
225, 735.0, 29.0
226, 716.0, 408.0
227, 186.0, 140.0
228, 399.0, 33.0
229, 139.0, 101.0
230, 124.0, 134.0
231, 570.0, 288.0
232, 457.0, 177.0
233, 406.0, 413.0
234, 468.0, 314.0
235, 473.0, 356.0
236, 411.0, 458.0
237, 645.0, 347.0
238, 492.0, 176.0
239, 250.0, 209.0
240, 243.0, 349.0
241, 689.0, 72.0
242, 95.0, 126.0
243, 282.0, 248.0
244, 259.0, 340.0
245, 714.0, 178.0
246, 87.0, 124.0
247, 526.0, 135.0
248, 705.0, 350.0
249, 624.0, 253.0
250, 163.0, 62.0
251, 301.0, 55.0
252, 253.0, 57.0
253, 176.0, 326.0
254, 486.0, 268.0
255, 275.0, 314.0
256, 311.0, 202.0
257, 230.0, 192.0
258, 622.0, 275.0
259, 119.0, 307.0
260, 549.0, 208.0
261, 131.0, 59.0
262, 287.0, 308.0
263, 492.0, 432.0
264, 229.0, 208.0
265, 468.0, 42.0
266, 23.0, 320.0
267, 376.0, 233.0
268, 99.0, 36.0
269, 52.0, 401.0
270, 297.0, 356.0
271, 443.0, 387.0
272, 707.0, 144.0
273, 433.0, 437.0
274, 158.0, 316.0
275, 625.0, 236.0
276, 252.0, 229.0
277, 356.0, 338.0
278, 563.0, 187.0
279, 74.0, 226.0
280, 237.0, 229.0
281, 639.0, 287.0
282, 86.0, 91.0
283, 448.0, 31.0
284, 516.0, 470.0
285, 111.0, 192.0
286, 383.0, 144.0
287, 710.0, 121.0
288, 187.0, 308.0
289, 156.0, 135.0
290, 164.0, 75.0
291, 599.0, 432.0
292, 487.0, 235.0
293, 288.0, 465.0
294, 127.0, 100.0
295, 597.0, 170.0
296, 119.0, 58.0
297, 642.0, 364.0
298, 271.0, 340.0
299, 555.0, 21.0
300, 89.0, 204.0
301, 651.0, 326.0
302, 262.0, 207.0
303, 374.0, 275.0
304, 672.0, 328.0
305, 520.0, 191.0
306, 401.0, 353.0
307, 225.0, 155.0
308, 171.0, 108.0
309, 463.0, 258.0
310, 511.0, 191.0
311, 520.0, 463.0
312, 248.0, 130.0
313, 284.0, 453.0
314, 47.0, 422.0
315, 194.0, 443.0
316, 434.0, 15.0
317, 493.0, 138.0
318, 256.0, 411.0
319, 231.0, 271.0
320, 391.0, 34.0
321, 566.0, 57.0
322, 168.0, 124.0
323, 85.0, 160.0
324, 242.0, 154.0
325, 320.0, 428.0
326, 241.0, 420.0
327, 507.0, 433.0
328, 476.0, 231.0
329, 156.0, 238.0
330, 632.0, 327.0
331, 739.0, 236.0
332, 182.0, 109.0
333, 375.0, 53.0
334, 465.0, 285.0
335, 315.0, 329.0
336, 451.0, 257.0
337, 61.0, 462.0
338, 496.0, 19.0
339, 735.0, 144.0
340, 19.0, 284.0
341, 709.0, 45.0
342, 245.0, 363.0
343, 201.0, 310.0
344, 255.0, 288.0
345, 655.0, 126.0
346, 489.0, 338.0
347, 408.0, 287.0
348, 481.0, 354.0
349, 454.0, 376.0
350, 121.0, 115.0
351, 16.0, 429.0
352, 65.0, 105.0
353, 413.0, 110.0
354, 477.0, 186.0
355, 442.0, 366.0
356, 207.0, 339.0
357, 566.0, 430.0
358, 243.0, 244.0
359, 374.0, 437.0
360, 606.0, 304.0
361, 304.0, 78.0
362, 246.0, 322.0
363, 724.0, 249.0
364, 287.0, 221.0
365, 548.0, 188.0
366, 487.0, 313.0
367, 328.0, 375.0
368, 286.0, 54.0
369, 16.0, 109.0
370, 526.0, 157.0
371, 154.0, 171.0
372, 180.0, 231.0
373, 701.0, 283.0
374, 286.0, 67.0
375, 499.0, 201.0
376, 675.0, 180.0
377, 512.0, 447.0
378, 459.0, 456.0
379, 270.0, 356.0
380, 302.0, 432.0
381, 459.0, 224.0
382, 379.0, 380.0
383, 265.0, 233.0
384, 490.0, 469.0
385, 133.0, 161.0
386, 509.0, 394.0
387, 144.0, 160.0
388, 648.0, 336.0
389, 314.0, 14.0
390, 416.0, 383.0
391, 91.0, 196.0
392, 453.0, 330.0
393, 689.0, 210.0
394, 319.0, 59.0
395, 415.0, 322.0
396, 33.0, 283.0
397, 222.0, 101.0
398, 102.0, 254.0
399, 481.0, 137.0
400, 52.0, 350.0
401, 73.0, 55.0
402, 190.0, 264.0
403, 380.0, 35.0
404, 84.0, 224.0
405, 546.0, 337.0
406, 333.0, 414.0
407, 186.0, 337.0
408, 116.0, 217.0
409, 703.0, 11.0
410, 81.0, 104.0
411, 590.0, 108.0
412, 532.0, 198.0
413, 366.0, 122.0
414, 228.0, 177.0
415, 283.0, 20.0
416, 483.0, 454.0
417, 583.0, 188.0
418, 183.0, 157.0
419, 629.0, 317.0
420, 380.0, 199.0
421, 485.0, 194.0
422, 179.0, 77.0
423, 15.0, 470.0
424, 290.0, 425.0
425, 298.0, 66.0
426, 659.0, 447.0
427, 218.0, 59.0
428, 493.0, 444.0
429, 164.0, 139.0
430, 309.0, 348.0
431, 347.0, 74.0
432, 314.0, 400.0
433, 685.0, 102.0
434, 333.0, 360.0
435, 444.0, 455.0
436, 510.0, 33.0
437, 595.0, 194.0
438, 252.0, 421.0
439, 196.0, 352.0
440, 88.0, 318.0
441, 365.0, 379.0
442, 36.0, 137.0
443, 180.0, 179.0
444, 531.0, 439.0
445, 109.0, 361.0
446, 368.0, 301.0
447, 631.0, 347.0
448, 509.0, 11.0
449, 461.0, 59.0
450, 95.0, 104.0
451, 224.0, 132.0
452, 537.0, 421.0
453, 334.0, 342.0
454, 613.0, 186.0
455, 391.0, 310.0
456, 628.0, 215.0
457, 45.0, 291.0
458, 713.0, 450.0
459, 320.0, 440.0
460, 159.0, 107.0
461, 469.0, 225.0
462, 710.0, 206.0
463, 445.0, 189.0
464, 344.0, 226.0
465, 305.0, 391.0
466, 569.0, 459.0
467, 112.0, 145.0
468, 591.0, 228.0
469, 615.0, 283.0
470, 289.0, 230.0
471, 215.0, 211.0
472, 631.0, 127.0
473, 453.0, 88.0
474, 558.0, 81.0
475, 364.0, 459.0
476, 603.0, 106.0
477, 137.0, 92.0
478, 642.0, 275.0
479, 548.0, 83.0
480, 726.0, 211.0
481, 85.0, 463.0
482, 479.0, 419.0
483, 232.0, 316.0
484, 141.0, 70.0
485, 459.0, 447.0
486, 639.0, 332.0
487, 608.0, 273.0
488, 286.0, 77.0
489, 644.0, 182.0
490, 415.0, 298.0
491, 573.0, 40.0
492, 429.0, 273.0
493, 218.0, 325.0
494, 283.0, 293.0
495, 474.0, 244.0
496, 196.0, 249.0
497, 262.0, 463.0
498, 544.0, 134.0
499, 402.0, 439.0
