0, 416.0, 21.0
1, 452.0, 165.0
2, 474.0, 135.0
3, 272.0, 78.0
4, 330.0, 161.0
5, 417.0, 166.0
6, 334.0, 190.0
7, 217.0, 77.0
8, 443.0, 161.0
9, 224.0, 59.0
10, 170.0, 172.0
11, 554.0, 146.0
12, 223.0, 171.0
13, 605.0, 234.0
14, 420.0, 154.0
15, 186.0, 205.0
16, 589.0, 108.0
17, 598.0, 165.0
18, 464.0, 135.0
19, 198.0, 20.0
20, 498.0, 126.0
21, 123.0, 204.0
22, 602.0, 79.0
23, 142.0, 227.0
24, 252.0, 195.0
25, 331.0, 220.0
26, 592.0, 130.0
27, 387.0, 103.0
28, 404.0, 33.0
29, 301.0, 146.0
30, 206.0, 178.0
31, 332.0, 92.0
32, 667.0, 149.0
33, 260.0, 77.0
34, 393.0, 38.0
35, 194.0, 140.0
36, 468.0, 75.0
37, 451.0, 195.0
38, 68.0, 152.0
39, 287.0, 79.0
40, 295.0, 136.0
41, 232.0, 77.0
42, 236.0, 182.0
43, 213.0, 142.0
44, 515.0, 44.0
45, 212.0, 162.0
46, 407.0, 141.0
47, 273.0, 90.0
48, 239.0, 96.0
49, 735.0, 45.0
50, 182.0, 111.0
51, 404.0, 21.0
52, 540.0, 128.0
53, 573.0, 98.0
54, 511.0, 112.0
55, 490.0, 89.0
56, 493.0, 77.0
57, 91.0, 92.0
58, 501.0, 110.0
59, 279.0, 220.0
60, 144.0, 166.0
61, 466.0, 88.0
62, 381.0, 448.0
63, 515.0, 9.0
64, 129.0, 191.0
65, 450.0, 110.0
66, 89.0, 110.0
67, 231.0, 168.0
68, 271.0, 122.0
69, 523.0, 70.0
70, 478.0, 242.0
71, 545.0, 83.0
72, 415.0, 33.0
73, 119.0, 84.0
74, 593.0, 65.0
75, 189.0, 133.0
76, 358.0, 192.0
77, 153.0, 236.0
78, 97.0, 174.0
79, 132.0, 120.0
80, 529.0, 95.0
81, 504.0, 11.0
82, 397.0, 153.0
83, 370.0, 90.0
84, 184.0, 232.0
85, 560.0, 139.0
86, 70.0, 246.0
87, 278.0, 58.0
88, 504.0, 78.0
89, 559.0, 156.0
90, 339.0, 199.0
91, 548.0, 72.0
92, 318.0, 57.0
93, 401.0, 299.0
94, 133.0, 183.0
95, 487.0, 124.0
96, 254.0, 88.0
97, 510.0, 91.0
98, 169.0, 108.0
99, 197.0, 80.0
100, 79.0, 142.0
101, 605.0, 31.0
102, 393.0, 166.0
103, 405.0, 44.0
104, 268.0, 204.0
105, 65.0, 181.0
106, 680.0, 147.0
107, 572.0, 237.0
108, 98.0, 101.0
109, 427.0, 142.0
110, 515.0, 321.0
111, 498.0, 162.0
112, 317.0, 73.0
113, 650.0, 44.0
114, 438.0, 210.0
115, 341.0, 183.0
116, 380.0, 21.0
117, 184.0, 179.0
118, 45.0, 187.0
119, 613.0, 80.0
120, 191.0, 38.0
121, 243.0, 59.0
122, 469.0, 167.0
123, 310.0, 114.0
124, 300.0, 99.0
125, 599.0, 176.0
126, 537.0, 330.0
127, 73.0, 233.0
128, 410.0, 187.0
129, 377.0, 160.0
130, 722.0, 141.0
131, 331.0, 150.0
132, 632.0, 109.0
133, 400.0, 128.0
134, 89.0, 132.0
135, 518.0, 54.0
136, 154.0, 163.0
137, 466.0, 39.0
138, 93.0, 149.0
139, 511.0, 67.0
140, 269.0, 71.0
141, 167.0, 198.0
142, 299.0, 81.0
143, 634.0, 214.0
144, 653.0, 25.0
145, 690.0, 145.0
146, 118.0, 70.0
147, 522.0, 231.0
148, 384.0, 86.0
149, 615.0, 312.0
150, 305.0, 162.0
151, 174.0, 184.0
152, 132.0, 169.0
153, 51.0, 247.0
154, 512.0, 126.0
155, 478.0, 153.0
156, 409.0, 200.0
157, 458.0, 96.0
158, 691.0, 174.0
159, 159.0, 227.0
160, 499.0, 145.0
161, 380.0, 188.0
162, 501.0, 91.0
163, 440.0, 49.0
164, 198.0, 204.0
165, 60.0, 167.0
166, 184.0, 151.0
167, 273.0, 172.0
168, 542.0, 148.0
169, 550.0, 127.0
170, 695.0, 117.0
171, 562.0, 76.0
172, 603.0, 92.0
173, 27.0, 252.0
174, 549.0, 324.0
175, 103.0, 164.0
176, 302.0, 29.0
177, 678.0, 155.0
178, 287.0, 145.0
179, 581.0, 122.0
180, 537.0, 157.0
181, 315.0, 144.0
182, 497.0, 66.0
183, 351.0, 22.0
184, 586.0, 311.0
185, 78.0, 222.0
186, 280.0, 30.0
187, 203.0, 154.0
188, 427.0, 190.0
189, 502.0, 244.0
190, 52.0, 216.0
191, 238.0, 153.0
192, 105.0, 153.0
193, 69.0, 115.0
194, 241.0, 166.0
195, 300.0, 171.0
196, 613.0, 93.0
197, 594.0, 54.0
198, 25.0, 232.0
199, 406.0, 112.0
200, 574.0, 180.0
201, 482.0, 97.0
202, 321.0, 81.0
203, 400.0, 179.0
204, 226.0, 196.0
205, 671.0, 19.0
206, 563.0, 109.0
207, 256.0, 223.0
208, 177.0, 207.0
209, 385.0, 177.0
210, 9.0, 123.0
211, 103.0, 85.0
212, 259.0, 117.0
213, 470.0, 256.0
214, 396.0, 201.0
215, 376.0, 49.0
216, 100.0, 64.0
217, 625.0, 329.0
218, 667.0, 282.0
219, 394.0, 47.0
220, 450.0, 89.0
221, 647.0, 151.0
222, 165.0, 132.0
223, 161.0, 190.0
224, 9.0, 209.0
225, 92.0, 243.0
226, 254.0, 210.0
227, 113.0, 101.0
228, 577.0, 165.0
229, 524.0, 110.0
230, 428.0, 20.0
231, 688.0, 40.0
232, 323.0, 172.0
233, 459.0, 349.0
234, 564.0, 93.0
235, 116.0, 120.0
236, 162.0, 157.0
237, 367.0, 179.0
238, 248.0, 107.0
239, 492.0, 210.0
240, 32.0, 119.0
241, 330.0, 63.0
242, 292.0, 84.0
243, 624.0, 36.0
244, 391.0, 20.0
245, 398.0, 96.0
246, 458.0, 104.0
247, 442.0, 147.0
248, 184.0, 125.0
249, 689.0, 15.0
250, 571.0, 363.0
251, 163.0, 207.0
252, 448.0, 355.0
253, 136.0, 87.0
254, 422.0, 46.0
255, 613.0, 114.0
256, 316.0, 19.0
257, 573.0, 107.0
258, 589.0, 78.0
259, 480.0, 337.0
260, 358.0, 69.0
261, 352.0, 396.0
262, 217.0, 68.0
263, 381.0, 72.0
264, 163.0, 216.0
265, 145.0, 157.0
266, 150.0, 123.0
267, 285.0, 163.0
268, 186.0, 218.0
269, 559.0, 126.0
270, 222.0, 41.0
271, 240.0, 208.0
272, 297.0, 112.0
273, 524.0, 82.0
274, 708.0, 34.0
275, 371.0, 39.0
276, 432.0, 159.0
277, 120.0, 240.0
278, 302.0, 127.0
279, 397.0, 248.0
280, 171.0, 37.0
281, 465.0, 117.0
282, 123.0, 173.0
283, 410.0, 87.0
284, 234.0, 87.0
285, 77.0, 157.0
286, 117.0, 216.0
287, 590.0, 92.0
288, 103.0, 74.0
289, 157.0, 180.0
290, 512.0, 162.0
291, 517.0, 19.0
292, 258.0, 346.0
293, 149.0, 56.0
294, 417.0, 118.0
295, 201.0, 125.0
296, 136.0, 27.0
297, 379.0, 122.0
298, 490.0, 256.0
299, 700.0, 145.0
300, 100.0, 218.0
301, 371.0, 206.0
302, 136.0, 239.0
303, 80.0, 208.0
304, 317.0, 204.0
305, 122.0, 226.0
306, 55.0, 150.0
307, 733.0, 24.0
308, 68.0, 133.0
309, 585.0, 137.0
310, 139.0, 214.0
311, 416.0, 130.0
312, 384.0, 49.0
313, 119.0, 57.0
314, 219.0, 148.0
315, 32.0, 203.0
316, 723.0, 399.0
317, 533.0, 84.0
318, 198.0, 170.0
319, 540.0, 110.0
320, 512.0, 219.0
321, 441.0, 36.0
322, 215.0, 187.0
323, 741.0, 150.0
324, 302.0, 68.0
325, 478.0, 117.0
326, 86.0, 200.0
327, 543.0, 93.0
328, 457.0, 179.0
329, 417.0, 291.0
330, 172.0, 361.0
331, 321.0, 192.0
332, 53.0, 176.0
333, 282.0, 94.0
334, 605.0, 109.0
335, 312.0, 95.0
336, 144.0, 200.0
337, 522.0, 160.0
338, 624.0, 25.0
339, 261.0, 49.0
340, 316.0, 154.0
341, 457.0, 126.0
342, 533.0, 243.0
343, 520.0, 27.0
344, 221.0, 157.0
345, 621.0, 103.0
346, 370.0, 28.0
347, 489.0, 110.0
348, 86.0, 189.0
349, 732.0, 224.0
350, 163.0, 68.0
351, 321.0, 408.0
352, 321.0, 92.0
353, 74.0, 96.0
354, 292.0, 183.0
355, 686.0, 67.0
356, 110.0, 130.0
357, 241.0, 315.0
358, 545.0, 307.0
359, 290.0, 423.0
360, 111.0, 179.0
361, 184.0, 189.0
362, 264.0, 186.0
363, 595.0, 303.0
364, 325.0, 129.0
365, 415.0, 277.0
366, 364.0, 123.0
367, 287.0, 111.0
368, 287.0, 133.0
369, 596.0, 208.0
370, 383.0, 383.0
371, 714.0, 370.0
372, 448.0, 289.0
373, 501.0, 56.0
374, 301.0, 13.0
375, 408.0, 406.0
376, 373.0, 9.0
377, 82.0, 104.0
378, 171.0, 233.0
379, 403.0, 8.0
380, 328.0, 230.0
381, 656.0, 96.0
382, 139.0, 105.0
383, 307.0, 136.0
384, 103.0, 123.0
385, 539.0, 141.0
386, 614.0, 135.0
387, 223.0, 210.0
388, 578.0, 150.0
389, 523.0, 179.0
390, 312.0, 136.0
391, 681.0, 247.0
392, 394.0, 71.0
393, 505.0, 187.0
394, 525.0, 144.0
395, 224.0, 224.0
396, 585.0, 453.0
397, 542.0, 211.0
398, 130.0, 160.0
399, 409.0, 469.0
400, 716.0, 121.0
401, 65.0, 194.0
402, 175.0, 57.0
403, 116.0, 373.0
404, 404.0, 59.0
405, 257.0, 159.0
406, 511.0, 143.0
407, 446.0, 382.0
408, 477.0, 160.0
409, 175.0, 161.0
410, 311.0, 323.0
411, 254.0, 181.0
412, 261.0, 176.0
413, 645.0, 127.0
414, 501.0, 45.0
415, 573.0, 206.0
416, 253.0, 72.0
417, 515.0, 245.0
418, 233.0, 140.0
419, 463.0, 63.0
420, 604.0, 120.0
421, 714.0, 24.0
422, 349.0, 187.0
423, 639.0, 82.0
424, 369.0, 188.0
425, 424.0, 365.0
426, 286.0, 209.0
427, 648.0, 168.0
428, 210.0, 132.0
429, 20.0, 145.0
430, 97.0, 230.0
431, 668.0, 301.0
432, 239.0, 20.0
433, 567.0, 121.0
434, 647.0, 108.0
435, 638.0, 137.0
436, 96.0, 29.0
437, 630.0, 269.0
438, 278.0, 432.0
439, 635.0, 170.0
440, 457.0, 260.0
441, 40.0, 250.0
442, 526.0, 125.0
443, 79.0, 119.0
444, 54.0, 232.0
445, 486.0, 135.0
446, 612.0, 9.0
447, 414.0, 45.0
448, 574.0, 295.0
449, 357.0, 121.0
450, 637.0, 322.0
451, 604.0, 15.0
452, 441.0, 267.0
453, 534.0, 76.0
454, 174.0, 133.0
455, 17.0, 100.0
456, 342.0, 97.0
457, 230.0, 156.0
458, 250.0, 175.0
459, 208.0, 209.0
460, 54.0, 202.0
461, 654.0, 310.0
462, 104.0, 47.0
463, 443.0, 119.0
464, 496.0, 29.0
465, 644.0, 96.0
466, 251.0, 333.0
467, 634.0, 9.0
468, 506.0, 347.0
469, 468.0, 145.0
470, 626.0, 119.0
471, 664.0, 166.0
472, 672.0, 114.0
473, 61.0, 188.0
474, 277.0, 129.0
475, 513.0, 79.0
476, 441.0, 84.0
477, 83.0, 80.0
478, 136.0, 69.0
479, 488.0, 172.0
480, 631.0, 41.0
481, 420.0, 142.0
482, 88.0, 45.0
483, 470.0, 369.0
484, 347.0, 131.0
485, 693.0, 426.0
486, 445.0, 445.0
487, 284.0, 71.0
488, 66.0, 173.0
489, 311.0, 127.0
490, 597.0, 35.0
491, 514.0, 402.0
492, 523.0, 92.0
493, 316.0, 164.0
494, 353.0, 87.0
495, 15.0, 85.0
496, 477.0, 267.0
497, 708.0, 386.0
498, 158.0, 144.0
499, 47.0, 169.0
