0, 478.0, 218.0
1, 181.0, 152.0
2, 79.0, 153.0
3, 287.0, 124.0
4, 280.0, 318.0
5, 228.0, 321.0
6, 581.0, 329.0
7, 414.0, 294.0
8, 229.0, 176.0
9, 176.0, 182.0
10, 478.0, 422.0
11, 285.0, 292.0
12, 364.0, 127.0
13, 458.0, 311.0
14, 342.0, 195.0
15, 157.0, 140.0
16, 386.0, 252.0
17, 569.0, 326.0
18, 103.0, 405.0
19, 454.0, 413.0
20, 260.0, 223.0
21, 255.0, 343.0
22, 343.0, 185.0
23, 244.0, 350.0
24, 439.0, 242.0
25, 425.0, 355.0
26, 257.0, 194.0
27, 357.0, 307.0
28, 197.0, 340.0
29, 211.0, 203.0
30, 302.0, 322.0
31, 383.0, 323.0
32, 201.0, 157.0
33, 237.0, 184.0
34, 230.0, 157.0
35, 338.0, 404.0
36, 586.0, 307.0
37, 415.0, 275.0
38, 286.0, 107.0
39, 442.0, 437.0
40, 316.0, 464.0
41, 65.0, 173.0
42, 466.0, 341.0
43, 258.0, 245.0
44, 183.0, 303.0
45, 47.0, 148.0
46, 303.0, 106.0
47, 353.0, 187.0
48, 656.0, 373.0
49, 365.0, 108.0
50, 336.0, 318.0
51, 268.0, 312.0
52, 434.0, 444.0
53, 471.0, 208.0
54, 167.0, 79.0
55, 156.0, 101.0
56, 248.0, 460.0
57, 630.0, 60.0
58, 162.0, 66.0
59, 424.0, 329.0
60, 361.0, 353.0
61, 449.0, 277.0
62, 456.0, 227.0
63, 135.0, 16.0
64, 703.0, 393.0
65, 655.0, 203.0
66, 165.0, 333.0
67, 441.0, 414.0
68, 303.0, 125.0
69, 257.0, 211.0
70, 559.0, 324.0
71, 103.0, 208.0
72, 339.0, 358.0
73, 529.0, 239.0
74, 365.0, 82.0
75, 230.0, 306.0
76, 220.0, 308.0
77, 180.0, 284.0
78, 160.0, 299.0
79, 429.0, 451.0
80, 347.0, 204.0
81, 590.0, 287.0
82, 346.0, 245.0
83, 661.0, 413.0
84, 144.0, 282.0
85, 354.0, 320.0
86, 214.0, 158.0
87, 217.0, 236.0
88, 281.0, 174.0
89, 542.0, 448.0
90, 81.0, 215.0
91, 99.0, 40.0
92, 150.0, 19.0
93, 658.0, 349.0
94, 662.0, 244.0
95, 395.0, 287.0
96, 75.0, 163.0
97, 461.0, 354.0
98, 302.0, 81.0
99, 300.0, 384.0
100, 611.0, 140.0
101, 225.0, 390.0
102, 227.0, 204.0
103, 372.0, 283.0
104, 379.0, 422.0
105, 170.0, 102.0
106, 630.0, 331.0
107, 321.0, 308.0
108, 191.0, 289.0
109, 361.0, 250.0
110, 549.0, 281.0
111, 672.0, 210.0
112, 427.0, 391.0
113, 273.0, 266.0
114, 528.0, 137.0
115, 192.0, 185.0
116, 428.0, 308.0
117, 509.0, 416.0
118, 467.0, 375.0
119, 161.0, 173.0
120, 170.0, 139.0
121, 422.0, 412.0
122, 149.0, 40.0
123, 525.0, 251.0
124, 404.0, 334.0
125, 491.0, 412.0
126, 250.0, 268.0
127, 259.0, 152.0
128, 629.0, 294.0
129, 667.0, 398.0
130, 398.0, 238.0
131, 730.0, 367.0
132, 362.0, 180.0
133, 292.0, 437.0
134, 285.0, 82.0
135, 413.0, 390.0
136, 532.0, 457.0
137, 124.0, 288.0
138, 82.0, 23.0
139, 608.0, 288.0
140, 165.0, 90.0
141, 684.0, 353.0
142, 437.0, 350.0
143, 675.0, 255.0
144, 457.0, 112.0
145, 648.0, 17.0
146, 495.0, 133.0
147, 414.0, 337.0
148, 370.0, 293.0
149, 138.0, 375.0
150, 492.0, 428.0
151, 147.0, 167.0
152, 441.0, 319.0
153, 708.0, 167.0
154, 228.0, 192.0
155, 420.0, 44.0
156, 131.0, 302.0
157, 333.0, 392.0
158, 385.0, 232.0
159, 431.0, 318.0
160, 362.0, 235.0
161, 295.0, 144.0
162, 380.0, 308.0
163, 179.0, 214.0
164, 308.0, 157.0
165, 154.0, 89.0
166, 384.0, 56.0
167, 223.0, 346.0
168, 464.0, 399.0
169, 677.0, 301.0
170, 672.0, 377.0
171, 115.0, 265.0
172, 211.0, 343.0
173, 145.0, 307.0
174, 249.0, 244.0
175, 420.0, 248.0
176, 215.0, 182.0
177, 107.0, 100.0
178, 321.0, 365.0
179, 622.0, 261.0
180, 520.0, 44.0
181, 382.0, 128.0
182, 508.0, 239.0
183, 237.0, 147.0
184, 116.0, 399.0
185, 148.0, 226.0
186, 279.0, 156.0
187, 616.0, 116.0
188, 144.0, 295.0
189, 536.0, 468.0
190, 398.0, 374.0
191, 686.0, 340.0
192, 119.0, 28.0
193, 320.0, 400.0
194, 393.0, 425.0
195, 623.0, 86.0
196, 200.0, 249.0
197, 296.0, 155.0
198, 214.0, 409.0
199, 309.0, 401.0
200, 297.0, 166.0
201, 588.0, 298.0
202, 531.0, 114.0
203, 89.0, 152.0
204, 589.0, 130.0
205, 398.0, 346.0
206, 365.0, 316.0
207, 192.0, 272.0
208, 136.0, 398.0
209, 606.0, 158.0
210, 123.0, 158.0
211, 178.0, 394.0
212, 248.0, 325.0
213, 694.0, 266.0
214, 451.0, 262.0
215, 96.0, 179.0
216, 159.0, 157.0
217, 316.0, 146.0
218, 186.0, 464.0
219, 263.0, 387.0
220, 223.0, 122.0
221, 96.0, 159.0
222, 443.0, 206.0
223, 457.0, 131.0
224, 586.0, 355.0
225, 475.0, 358.0
226, 603.0, 321.0
227, 479.0, 84.0
228, 636.0, 8.0
229, 220.0, 327.0
230, 229.0, 377.0
231, 465.0, 363.0
232, 251.0, 281.0
233, 347.0, 217.0
234, 241.0, 471.0
235, 629.0, 276.0
236, 430.0, 378.0
237, 189.0, 139.0
238, 278.0, 278.0
239, 488.0, 470.0
240, 459.0, 210.0
241, 50.0, 262.0
242, 711.0, 190.0
243, 546.0, 428.0
244, 60.0, 101.0
245, 354.0, 366.0
246, 380.0, 355.0
247, 123.0, 47.0
248, 348.0, 418.0
249, 462.0, 178.0
250, 383.0, 84.0
251, 43.0, 129.0
252, 508.0, 136.0
253, 651.0, 390.0
254, 301.0, 136.0
255, 155.0, 194.0
256, 323.0, 447.0
257, 423.0, 170.0
258, 241.0, 215.0
259, 492.0, 219.0
260, 378.0, 149.0
261, 381.0, 341.0
262, 155.0, 437.0
263, 120.0, 313.0
264, 104.0, 135.0
265, 52.0, 43.0
266, 491.0, 146.0
267, 444.0, 310.0
268, 465.0, 417.0
269, 274.0, 225.0
270, 89.0, 370.0
271, 625.0, 33.0
272, 142.0, 158.0
273, 406.0, 265.0
274, 393.0, 398.0
275, 320.0, 426.0
276, 81.0, 76.0
277, 458.0, 323.0
278, 219.0, 81.0
279, 330.0, 426.0
280, 173.0, 428.0
281, 86.0, 102.0
282, 392.0, 409.0
283, 471.0, 463.0
284, 254.0, 309.0
285, 371.0, 387.0
286, 221.0, 105.0
287, 68.0, 145.0
288, 343.0, 437.0
289, 532.0, 213.0
290, 94.0, 121.0
291, 133.0, 35.0
292, 120.0, 12.0
293, 415.0, 365.0
294, 647.0, 177.0
295, 608.0, 247.0
296, 428.0, 296.0
297, 260.0, 330.0
298, 103.0, 73.0
299, 219.0, 39.0
300, 236.0, 82.0
301, 209.0, 44.0
302, 145.0, 178.0
303, 192.0, 406.0
304, 365.0, 448.0
305, 387.0, 453.0
306, 439.0, 338.0
307, 404.0, 194.0
308, 84.0, 60.0
309, 203.0, 173.0
310, 332.0, 461.0
311, 480.0, 454.0
312, 283.0, 328.0
313, 139.0, 214.0
314, 474.0, 443.0
315, 386.0, 462.0
316, 133.0, 414.0
317, 461.0, 85.0
318, 35.0, 185.0
319, 341.0, 175.0
320, 102.0, 28.0
321, 188.0, 120.0
322, 535.0, 86.0
323, 167.0, 277.0
324, 134.0, 54.0
325, 736.0, 146.0
326, 172.0, 352.0
327, 501.0, 84.0
328, 433.0, 287.0
329, 99.0, 188.0
330, 413.0, 326.0
331, 511.0, 115.0
332, 632.0, 240.0
333, 659.0, 142.0
334, 682.0, 233.0
335, 546.0, 459.0
336, 46.0, 20.0
337, 416.0, 266.0
338, 312.0, 385.0
339, 354.0, 340.0
340, 155.0, 313.0
341, 565.0, 453.0
342, 404.0, 150.0
343, 183.0, 103.0
344, 660.0, 279.0
345, 480.0, 132.0
346, 399.0, 304.0
347, 138.0, 312.0
348, 228.0, 213.0
349, 488.0, 393.0
350, 173.0, 120.0
351, 497.0, 112.0
352, 378.0, 369.0
353, 218.0, 174.0
354, 205.0, 318.0
355, 291.0, 310.0
356, 518.0, 57.0
357, 227.0, 299.0
358, 126.0, 361.0
359, 279.0, 144.0
360, 509.0, 199.0
361, 46.0, 177.0
362, 39.0, 28.0
363, 459.0, 195.0
364, 382.0, 110.0
365, 210.0, 358.0
366, 251.0, 171.0
367, 55.0, 128.0
368, 130.0, 88.0
369, 454.0, 432.0
370, 249.0, 388.0
371, 212.0, 387.0
372, 262.0, 355.0
373, 597.0, 176.0
374, 266.0, 291.0
375, 214.0, 261.0
376, 592.0, 272.0
377, 385.0, 263.0
378, 135.0, 66.0
379, 86.0, 140.0
380, 49.0, 159.0
381, 159.0, 119.0
382, 118.0, 222.0
383, 554.0, 173.0
384, 672.0, 349.0
385, 653.0, 255.0
386, 177.0, 196.0
387, 385.0, 275.0
388, 242.0, 56.0
389, 103.0, 364.0
390, 209.0, 397.0
391, 455.0, 340.0
392, 249.0, 227.0
393, 619.0, 326.0
394, 620.0, 341.0
395, 79.0, 182.0
396, 266.0, 170.0
397, 432.0, 368.0
398, 514.0, 87.0
399, 186.0, 320.0
400, 642.0, 299.0
401, 18.0, 18.0
402, 288.0, 420.0
403, 159.0, 245.0
404, 361.0, 268.0
405, 52.0, 70.0
406, 363.0, 460.0
407, 464.0, 162.0
408, 687.0, 368.0
409, 565.0, 193.0
410, 413.0, 313.0
411, 363.0, 469.0
412, 118.0, 74.0
413, 379.0, 140.0
414, 106.0, 292.0
415, 172.0, 48.0
416, 308.0, 145.0
417, 265.0, 279.0
418, 255.0, 435.0
419, 577.0, 195.0
420, 454.0, 245.0
421, 465.0, 260.0
422, 339.0, 418.0
423, 250.0, 450.0
424, 722.0, 316.0
425, 70.0, 38.0
426, 313.0, 174.0
427, 296.0, 423.0
428, 67.0, 248.0
429, 175.0, 242.0
430, 248.0, 411.0
431, 642.0, 416.0
432, 500.0, 156.0
433, 363.0, 140.0
434, 480.0, 111.0
435, 147.0, 396.0
436, 285.0, 56.0
437, 239.0, 305.0
438, 210.0, 466.0
439, 680.0, 181.0
440, 58.0, 222.0
441, 700.0, 243.0
442, 395.0, 438.0
443, 366.0, 362.0
444, 67.0, 260.0
445, 138.0, 450.0
446, 119.0, 384.0
447, 119.0, 136.0
448, 111.0, 37.0
449, 734.0, 458.0
450, 429.0, 336.0
451, 417.0, 305.0
452, 280.0, 400.0
453, 242.0, 253.0
454, 158.0, 349.0
455, 642.0, 164.0
456, 215.0, 435.0
457, 621.0, 351.0
458, 522.0, 468.0
459, 612.0, 19.0
460, 446.0, 153.0
461, 659.0, 336.0
462, 303.0, 340.0
463, 255.0, 295.0
464, 138.0, 197.0
465, 197.0, 446.0
466, 159.0, 470.0
467, 250.0, 145.0
468, 307.0, 249.0
469, 180.0, 408.0
470, 293.0, 457.0
471, 94.0, 341.0
472, 42.0, 239.0
473, 73.0, 101.0
474, 312.0, 415.0
475, 150.0, 265.0
476, 95.0, 144.0
477, 373.0, 316.0
478, 564.0, 341.0
479, 214.0, 419.0
480, 672.0, 326.0
481, 472.0, 294.0
482, 593.0, 116.0
483, 63.0, 321.0
484, 571.0, 464.0
485, 743.0, 194.0
486, 718.0, 258.0
487, 234.0, 282.0
488, 649.0, 55.0
489, 59.0, 308.0
490, 217.0, 56.0
491, 687.0, 444.0
492, 326.0, 344.0
493, 276.0, 248.0
494, 226.0, 277.0
495, 220.0, 140.0
496, 551.0, 56.0
497, 214.0, 212.0
498, 729.0, 168.0
499, 218.0, 20.0
