0, 486.0, 145.0
1, 403.0, 134.0
2, 372.0, 78.0
3, 355.0, 111.0
4, 455.0, 73.0
5, 194.0, 77.0
6, 450.0, 187.0
7, 229.0, 81.0
8, 222.0, 143.0
9, 479.0, 39.0
10, 596.0, 113.0
11, 488.0, 128.0
12, 412.0, 81.0
13, 475.0, 135.0
14, 380.0, 43.0
15, 214.0, 78.0
16, 104.0, 34.0
17, 419.0, 119.0
18, 216.0, 31.0
19, 372.0, 99.0
20, 258.0, 98.0
21, 69.0, 72.0
22, 613.0, 65.0
23, 462.0, 194.0
24, 368.0, 114.0
25, 230.0, 132.0
26, 228.0, 34.0
27, 420.0, 58.0
28, 450.0, 43.0
29, 291.0, 42.0
30, 433.0, 183.0
31, 491.0, 10.0
32, 280.0, 87.0
33, 346.0, 161.0
34, 360.0, 8.0
35, 509.0, 126.0
36, 383.0, 31.0
37, 354.0, 63.0
38, 208.0, 159.0
39, 415.0, 146.0
40, 476.0, 15.0
41, 497.0, 114.0
42, 717.0, 128.0
43, 198.0, 91.0
44, 325.0, 78.0
45, 442.0, 32.0
46, 458.0, 121.0
47, 214.0, 174.0
48, 348.0, 95.0
49, 418.0, 105.0
50, 337.0, 54.0
51, 367.0, 88.0
52, 349.0, 20.0
53, 242.0, 327.0
54, 410.0, 91.0
55, 85.0, 41.0
56, 31.0, 104.0
57, 361.0, 77.0
58, 399.0, 111.0
59, 46.0, 25.0
60, 241.0, 41.0
61, 126.0, 31.0
62, 342.0, 137.0
63, 504.0, 84.0
64, 512.0, 143.0
65, 244.0, 135.0
66, 562.0, 100.0
67, 216.0, 89.0
68, 90.0, 30.0
69, 415.0, 180.0
70, 344.0, 109.0
71, 45.0, 69.0
72, 434.0, 32.0
73, 419.0, 74.0
74, 333.0, 12.0
75, 444.0, 123.0
76, 624.0, 76.0
77, 517.0, 36.0
78, 375.0, 67.0
79, 272.0, 100.0
80, 380.0, 122.0
81, 439.0, 325.0
82, 558.0, 193.0
83, 444.0, 108.0
84, 49.0, 49.0
85, 204.0, 23.0
86, 494.0, 187.0
87, 262.0, 17.0
88, 257.0, 84.0
89, 444.0, 87.0
90, 257.0, 31.0
91, 75.0, 59.0
92, 303.0, 29.0
93, 356.0, 39.0
94, 436.0, 306.0
95, 434.0, 75.0
96, 507.0, 8.0
97, 732.0, 72.0
98, 266.0, 46.0
99, 191.0, 124.0
100, 507.0, 106.0
101, 554.0, 125.0
102, 519.0, 147.0
103, 329.0, 203.0
104, 24.0, 48.0
105, 415.0, 159.0
106, 358.0, 150.0
107, 470.0, 111.0
108, 114.0, 77.0
109, 232.0, 112.0
110, 441.0, 13.0
111, 468.0, 173.0
112, 547.0, 273.0
113, 520.0, 172.0
114, 345.0, 41.0
115, 160.0, 122.0
116, 194.0, 30.0
117, 330.0, 95.0
118, 518.0, 120.0
119, 15.0, 85.0
120, 374.0, 8.0
121, 524.0, 288.0
122, 360.0, 135.0
123, 418.0, 94.0
124, 81.0, 50.0
125, 585.0, 118.0
126, 437.0, 46.0
127, 502.0, 137.0
128, 312.0, 28.0
129, 433.0, 246.0
130, 100.0, 53.0
131, 334.0, 43.0
132, 550.0, 49.0
133, 456.0, 34.0
134, 372.0, 49.0
135, 322.0, 52.0
136, 576.0, 91.0
137, 646.0, 49.0
138, 47.0, 9.0
139, 177.0, 73.0
140, 653.0, 78.0
141, 464.0, 125.0
142, 282.0, 18.0
143, 424.0, 198.0
144, 125.0, 95.0
145, 726.0, 270.0
146, 162.0, 349.0
147, 510.0, 286.0
148, 75.0, 354.0
149, 308.0, 53.0
150, 264.0, 26.0
151, 741.0, 358.0
152, 276.0, 115.0
153, 487.0, 70.0
154, 433.0, 230.0
155, 458.0, 109.0
156, 169.0, 96.0
157, 491.0, 157.0
158, 428.0, 8.0
159, 312.0, 220.0
160, 330.0, 145.0
161, 459.0, 24.0
162, 447.0, 163.0
163, 317.0, 135.0
164, 53.0, 79.0
165, 401.0, 22.0
166, 339.0, 124.0
167, 595.0, 97.0
168, 16.0, 98.0
169, 510.0, 212.0
170, 601.0, 76.0
171, 70.0, 49.0
172, 435.0, 289.0
173, 72.0, 291.0
174, 724.0, 69.0
175, 634.0, 46.0
176, 663.0, 54.0
177, 296.0, 18.0
178, 9.0, 67.0
179, 536.0, 58.0
180, 317.0, 36.0
181, 186.0, 303.0
182, 323.0, 19.0
183, 549.0, 212.0
184, 562.0, 254.0
185, 262.0, 288.0
186, 504.0, 31.0
187, 286.0, 27.0
188, 335.0, 293.0
189, 252.0, 387.0
190, 160.0, 375.0
191, 484.0, 162.0
192, 47.0, 347.0
193, 133.0, 443.0
194, 516.0, 281.0
195, 260.0, 280.0
196, 100.0, 13.0
197, 561.0, 395.0
198, 365.0, 33.0
199, 504.0, 179.0
200, 592.0, 83.0
201, 678.0, 51.0
202, 452.0, 342.0
203, 234.0, 434.0
204, 201.0, 10.0
205, 543.0, 352.0
206, 706.0, 298.0
207, 176.0, 13.0
208, 61.0, 90.0
209, 545.0, 470.0
210, 145.0, 69.0
211, 437.0, 435.0
212, 250.0, 8.0
213, 304.0, 39.0
214, 75.0, 260.0
215, 148.0, 261.0
216, 52.0, 110.0
217, 436.0, 161.0
218, 575.0, 438.0
219, 252.0, 124.0
220, 226.0, 23.0
221, 62.0, 200.0
222, 177.0, 172.0
223, 222.0, 15.0
224, 429.0, 174.0
225, 20.0, 64.0
226, 288.0, 402.0
227, 511.0, 186.0
228, 339.0, 418.0
229, 385.0, 88.0
230, 447.0, 426.0
231, 501.0, 40.0
232, 182.0, 189.0
233, 274.0, 26.0
234, 698.0, 49.0
235, 541.0, 82.0
236, 508.0, 65.0
237, 378.0, 56.0
238, 265.0, 108.0
239, 396.0, 422.0
240, 411.0, 419.0
241, 411.0, 70.0
242, 34.0, 71.0
243, 27.0, 124.0
244, 344.0, 433.0
245, 28.0, 17.0
246, 451.0, 296.0
247, 563.0, 177.0
248, 333.0, 28.0
249, 465.0, 159.0
250, 134.0, 429.0
251, 581.0, 45.0
252, 269.0, 393.0
253, 306.0, 239.0
254, 12.0, 40.0
255, 450.0, 306.0
256, 416.0, 171.0
257, 364.0, 65.0
258, 483.0, 297.0
259, 373.0, 21.0
260, 213.0, 44.0
261, 360.0, 418.0
262, 103.0, 249.0
263, 261.0, 260.0
264, 419.0, 283.0
265, 683.0, 79.0
266, 453.0, 431.0
267, 399.0, 80.0
268, 583.0, 320.0
269, 384.0, 79.0
270, 328.0, 112.0
271, 111.0, 119.0
272, 122.0, 447.0
273, 344.0, 80.0
274, 177.0, 195.0
275, 669.0, 40.0
276, 219.0, 334.0
277, 332.0, 65.0
278, 238.0, 122.0
279, 497.0, 73.0
280, 414.0, 197.0
281, 177.0, 108.0
282, 28.0, 76.0
283, 516.0, 310.0
284, 583.0, 66.0
285, 217.0, 323.0
286, 409.0, 239.0
287, 527.0, 244.0
288, 285.0, 164.0
289, 316.0, 18.0
290, 11.0, 48.0
291, 735.0, 84.0
292, 211.0, 98.0
293, 422.0, 446.0
294, 433.0, 221.0
295, 381.0, 313.0
296, 166.0, 16.0
297, 20.0, 37.0
298, 422.0, 433.0
299, 444.0, 228.0
300, 298.0, 149.0
301, 238.0, 88.0
302, 432.0, 206.0
303, 450.0, 316.0
304, 440.0, 277.0
305, 309.0, 91.0
306, 120.0, 460.0
307, 185.0, 211.0
308, 401.0, 151.0
309, 517.0, 271.0
310, 152.0, 86.0
311, 371.0, 420.0
312, 288.0, 51.0
313, 433.0, 261.0
314, 451.0, 210.0
315, 330.0, 320.0
316, 546.0, 205.0
317, 134.0, 463.0
318, 90.0, 193.0
319, 435.0, 96.0
320, 241.0, 384.0
321, 176.0, 83.0
322, 379.0, 88.0
323, 741.0, 149.0
324, 226.0, 92.0
325, 569.0, 84.0
326, 400.0, 71.0
327, 558.0, 141.0
328, 361.0, 55.0
329, 245.0, 254.0
330, 251.0, 470.0
331, 590.0, 107.0
332, 158.0, 381.0
333, 498.0, 23.0
334, 279.0, 239.0
335, 234.0, 383.0
336, 339.0, 423.0
337, 386.0, 70.0
338, 126.0, 200.0
339, 607.0, 388.0
340, 236.0, 352.0
341, 508.0, 248.0
342, 379.0, 22.0
343, 245.0, 16.0
344, 338.0, 29.0
345, 30.0, 59.0
346, 508.0, 164.0
347, 268.0, 445.0
348, 126.0, 71.0
349, 601.0, 471.0
350, 278.0, 222.0
351, 393.0, 80.0
352, 541.0, 314.0
353, 477.0, 224.0
354, 288.0, 105.0
355, 193.0, 332.0
356, 323.0, 61.0
357, 418.0, 39.0
358, 399.0, 11.0
359, 557.0, 299.0
360, 310.0, 147.0
361, 403.0, 321.0
362, 272.0, 127.0
363, 210.0, 136.0
364, 222.0, 164.0
365, 334.0, 79.0
366, 286.0, 98.0
367, 363.0, 125.0
368, 189.0, 206.0
369, 540.0, 205.0
370, 492.0, 50.0
371, 488.0, 75.0
372, 470.0, 240.0
373, 381.0, 226.0
374, 533.0, 192.0
375, 481.0, 331.0
376, 439.0, 314.0
377, 560.0, 249.0
378, 451.0, 436.0
379, 376.0, 433.0
380, 500.0, 64.0
381, 439.0, 282.0
382, 308.0, 18.0
383, 537.0, 173.0
384, 188.0, 101.0
385, 340.0, 42.0
386, 140.0, 69.0
387, 262.0, 198.0
388, 270.0, 439.0
389, 276.0, 401.0
390, 457.0, 345.0
391, 597.0, 65.0
392, 233.0, 320.0
393, 429.0, 75.0
394, 355.0, 214.0
395, 442.0, 268.0
396, 738.0, 210.0
397, 489.0, 237.0
398, 190.0, 371.0
399, 497.0, 50.0
400, 501.0, 151.0
401, 283.0, 400.0
402, 581.0, 315.0
403, 453.0, 286.0
404, 106.0, 435.0
405, 572.0, 71.0
406, 93.0, 268.0
407, 27.0, 29.0
408, 633.0, 56.0
409, 413.0, 191.0
410, 351.0, 55.0
411, 440.0, 425.0
412, 164.0, 72.0
413, 466.0, 347.0
414, 432.0, 425.0
415, 417.0, 297.0
416, 241.0, 160.0
417, 51.0, 302.0
418, 543.0, 194.0
419, 351.0, 174.0
420, 245.0, 408.0
421, 527.0, 296.0
422, 135.0, 86.0
423, 235.0, 146.0
424, 500.0, 272.0
425, 74.0, 30.0
426, 231.0, 328.0
427, 198.0, 380.0
428, 274.0, 252.0
429, 448.0, 431.0
430, 281.0, 257.0
431, 165.0, 182.0
432, 320.0, 105.0
433, 290.0, 192.0
434, 241.0, 394.0
435, 258.0, 79.0
436, 162.0, 388.0
437, 232.0, 151.0
438, 217.0, 15.0
439, 443.0, 253.0
440, 156.0, 76.0
441, 603.0, 63.0
442, 584.0, 39.0
443, 478.0, 9.0
444, 454.0, 280.0
445, 372.0, 54.0
446, 443.0, 177.0
447, 435.0, 216.0
448, 224.0, 408.0
449, 293.0, 52.0
450, 129.0, 221.0
451, 233.0, 261.0
452, 186.0, 116.0
453, 496.0, 159.0
454, 445.0, 290.0
455, 437.0, 23.0
456, 319.0, 93.0
457, 350.0, 40.0
458, 225.0, 403.0
459, 456.0, 436.0
460, 272.0, 195.0
461, 440.0, 430.0
462, 92.0, 62.0
463, 735.0, 242.0
464, 95.0, 52.0
465, 439.0, 319.0
466, 314.0, 92.0
467, 266.0, 450.0
468, 409.0, 138.0
469, 143.0, 207.0
470, 621.0, 241.0
471, 445.0, 306.0
472, 80.0, 308.0
473, 300.0, 140.0
474, 695.0, 54.0
475, 438.0, 137.0
476, 339.0, 428.0
477, 226.0, 8.0
478, 420.0, 82.0
479, 491.0, 287.0
480, 256.0, 44.0
481, 283.0, 50.0
482, 413.0, 217.0
483, 317.0, 173.0
484, 349.0, 110.0
485, 540.0, 87.0
486, 578.0, 50.0
487, 492.0, 221.0
488, 25.0, 205.0
489, 171.0, 118.0
490, 155.0, 33.0
491, 287.0, 213.0
492, 316.0, 162.0
493, 437.0, 207.0
494, 135.0, 70.0
495, 299.0, 166.0
496, 378.0, 51.0
497, 489.0, 21.0
498, 138.0, 409.0
499, 538.0, 216.0
