0, 88.0, 329.0
1, 140.0, 323.0
2, 552.0, 12.0
3, 604.0, 81.0
4, 566.0, 77.0
5, 171.0, 247.0
6, 126.0, 176.0
7, 552.0, 146.0
8, 292.0, 162.0
9, 330.0, 240.0
10, 331.0, 396.0
11, 119.0, 28.0
12, 302.0, 72.0
13, 483.0, 183.0
14, 371.0, 355.0
15, 183.0, 257.0
16, 546.0, 65.0
17, 341.0, 225.0
18, 46.0, 191.0
19, 348.0, 303.0
20, 258.0, 150.0
21, 122.0, 345.0
22, 328.0, 438.0
23, 539.0, 14.0
24, 114.0, 263.0
25, 298.0, 123.0
26, 32.0, 436.0
27, 320.0, 143.0
28, 619.0, 80.0
29, 557.0, 77.0
30, 164.0, 154.0
31, 168.0, 193.0
32, 558.0, 64.0
33, 269.0, 144.0
34, 538.0, 25.0
35, 506.0, 43.0
36, 592.0, 106.0
37, 363.0, 328.0
38, 551.0, 24.0
39, 358.0, 295.0
40, 507.0, 18.0
41, 499.0, 56.0
42, 97.0, 326.0
43, 336.0, 261.0
44, 469.0, 120.0
45, 337.0, 211.0
46, 551.0, 110.0
47, 305.0, 147.0
48, 314.0, 120.0
49, 326.0, 228.0
50, 373.0, 88.0
51, 336.0, 139.0
52, 123.0, 160.0
53, 119.0, 145.0
54, 83.0, 199.0
55, 223.0, 376.0
56, 81.0, 147.0
57, 331.0, 334.0
58, 346.0, 254.0
59, 41.0, 171.0
60, 485.0, 54.0
61, 569.0, 54.0
62, 332.0, 14.0
63, 311.0, 171.0
64, 105.0, 69.0
65, 317.0, 194.0
66, 685.0, 95.0
67, 292.0, 98.0
68, 142.0, 102.0
69, 287.0, 301.0
70, 637.0, 54.0
71, 123.0, 212.0
72, 353.0, 158.0
73, 177.0, 458.0
74, 116.0, 321.0
75, 153.0, 265.0
76, 210.0, 364.0
77, 181.0, 359.0
78, 546.0, 125.0
79, 116.0, 67.0
80, 332.0, 189.0
81, 288.0, 22.0
82, 277.0, 393.0
83, 150.0, 141.0
84, 323.0, 217.0
85, 167.0, 257.0
86, 599.0, 18.0
87, 479.0, 21.0
88, 111.0, 205.0
89, 226.0, 8.0
90, 140.0, 9.0
91, 128.0, 190.0
92, 166.0, 234.0
93, 139.0, 270.0
94, 136.0, 56.0
95, 97.0, 47.0
96, 336.0, 88.0
97, 569.0, 64.0
98, 147.0, 224.0
99, 119.0, 18.0
100, 271.0, 19.0
101, 478.0, 11.0
102, 338.0, 443.0
103, 330.0, 322.0
104, 525.0, 26.0
105, 41.0, 63.0
106, 17.0, 457.0
107, 614.0, 144.0
108, 130.0, 230.0
109, 278.0, 46.0
110, 324.0, 424.0
111, 86.0, 286.0
112, 555.0, 93.0
113, 355.0, 248.0
114, 295.0, 47.0
115, 247.0, 109.0
116, 155.0, 312.0
117, 453.0, 120.0
118, 421.0, 43.0
119, 154.0, 252.0
120, 370.0, 437.0
121, 326.0, 163.0
122, 675.0, 207.0
123, 218.0, 426.0
124, 644.0, 65.0
125, 303.0, 444.0
126, 526.0, 16.0
127, 274.0, 450.0
128, 431.0, 62.0
129, 169.0, 168.0
130, 403.0, 135.0
131, 406.0, 39.0
132, 545.0, 76.0
133, 355.0, 88.0
134, 170.0, 182.0
135, 133.0, 67.0
136, 371.0, 295.0
137, 302.0, 387.0
138, 584.0, 93.0
139, 116.0, 225.0
140, 301.0, 371.0
141, 285.0, 72.0
142, 476.0, 88.0
143, 371.0, 251.0
144, 272.0, 89.0
145, 462.0, 133.0
146, 627.0, 65.0
147, 461.0, 13.0
148, 295.0, 256.0
149, 123.0, 273.0
150, 133.0, 219.0
151, 181.0, 435.0
152, 667.0, 93.0
153, 223.0, 405.0
154, 342.0, 233.0
155, 358.0, 344.0
156, 353.0, 323.0
157, 362.0, 365.0
158, 164.0, 89.0
159, 277.0, 381.0
160, 172.0, 341.0
161, 143.0, 23.0
162, 113.0, 49.0
163, 528.0, 57.0
164, 65.0, 409.0
165, 170.0, 315.0
166, 74.0, 433.0
167, 287.0, 282.0
168, 158.0, 331.0
169, 327.0, 278.0
170, 483.0, 68.0
171, 23.0, 442.0
172, 291.0, 422.0
173, 152.0, 276.0
174, 95.0, 210.0
175, 252.0, 142.0
176, 359.0, 312.0
177, 194.0, 354.0
178, 11.0, 47.0
179, 246.0, 418.0
180, 600.0, 52.0
181, 130.0, 143.0
182, 49.0, 206.0
183, 203.0, 345.0
184, 494.0, 40.0
185, 204.0, 360.0
186, 407.0, 23.0
187, 119.0, 241.0
188, 353.0, 221.0
189, 41.0, 123.0
190, 209.0, 460.0
191, 182.0, 267.0
192, 641.0, 152.0
193, 356.0, 30.0
194, 611.0, 30.0
195, 130.0, 103.0
196, 472.0, 185.0
197, 275.0, 311.0
198, 367.0, 283.0
199, 33.0, 152.0
200, 661.0, 209.0
201, 586.0, 69.0
202, 118.0, 90.0
203, 345.0, 461.0
204, 475.0, 53.0
205, 130.0, 91.0
206, 30.0, 451.0
207, 156.0, 102.0
208, 289.0, 400.0
209, 114.0, 78.0
210, 330.0, 451.0
211, 23.0, 256.0
212, 230.0, 136.0
213, 340.0, 274.0
214, 175.0, 444.0
215, 26.0, 27.0
216, 335.0, 99.0
217, 38.0, 90.0
218, 294.0, 364.0
219, 354.0, 129.0
220, 253.0, 404.0
221, 463.0, 108.0
222, 289.0, 373.0
223, 135.0, 336.0
224, 27.0, 134.0
225, 626.0, 88.0
226, 154.0, 241.0
227, 574.0, 87.0
228, 68.0, 35.0
229, 86.0, 25.0
230, 279.0, 136.0
231, 108.0, 252.0
232, 389.0, 53.0
233, 310.0, 12.0
234, 370.0, 382.0
235, 520.0, 191.0
236, 239.0, 136.0
237, 638.0, 9.0
238, 432.0, 45.0
239, 465.0, 50.0
240, 326.0, 260.0
241, 518.0, 157.0
242, 156.0, 286.0
243, 160.0, 209.0
244, 103.0, 314.0
245, 9.0, 297.0
246, 452.0, 42.0
247, 506.0, 29.0
248, 485.0, 155.0
249, 191.0, 144.0
250, 160.0, 458.0
251, 213.0, 401.0
252, 530.0, 68.0
253, 128.0, 42.0
254, 538.0, 94.0
255, 279.0, 258.0
256, 344.0, 438.0
257, 332.0, 415.0
258, 308.0, 420.0
259, 54.0, 14.0
260, 405.0, 87.0
261, 606.0, 67.0
262, 125.0, 118.0
263, 614.0, 17.0
264, 70.0, 50.0
265, 715.0, 194.0
266, 128.0, 19.0
267, 425.0, 89.0
268, 546.0, 53.0
269, 637.0, 216.0
270, 419.0, 121.0
271, 273.0, 179.0
272, 550.0, 38.0
273, 505.0, 171.0
274, 433.0, 32.0
275, 163.0, 349.0
276, 423.0, 98.0
277, 256.0, 137.0
278, 144.0, 344.0
279, 281.0, 155.0
280, 145.0, 462.0
281, 31.0, 277.0
282, 14.0, 227.0
283, 292.0, 389.0
284, 102.0, 24.0
285, 247.0, 272.0
286, 697.0, 191.0
287, 237.0, 187.0
288, 308.0, 346.0
289, 283.0, 451.0
290, 465.0, 72.0
291, 144.0, 359.0
292, 143.0, 91.0
293, 300.0, 287.0
294, 534.0, 49.0
295, 272.0, 292.0
296, 555.0, 161.0
297, 105.0, 382.0
298, 523.0, 41.0
299, 411.0, 75.0
300, 584.0, 199.0
301, 113.0, 275.0
302, 432.0, 11.0
303, 194.0, 308.0
304, 313.0, 334.0
305, 96.0, 103.0
306, 146.0, 41.0
307, 308.0, 97.0
308, 218.0, 189.0
309, 267.0, 377.0
310, 338.0, 150.0
311, 585.0, 78.0
312, 479.0, 33.0
313, 291.0, 319.0
314, 467.0, 455.0
315, 389.0, 41.0
316, 168.0, 270.0
317, 371.0, 146.0
318, 87.0, 341.0
319, 288.0, 355.0
320, 323.0, 88.0
321, 32.0, 289.0
322, 341.0, 284.0
323, 636.0, 101.0
324, 388.0, 87.0
325, 316.0, 382.0
326, 617.0, 213.0
327, 9.0, 126.0
328, 350.0, 338.0
329, 68.0, 149.0
330, 180.0, 422.0
331, 453.0, 63.0
332, 165.0, 290.0
333, 152.0, 185.0
334, 191.0, 295.0
335, 63.0, 85.0
336, 183.0, 189.0
337, 197.0, 273.0
338, 179.0, 234.0
339, 262.0, 182.0
340, 296.0, 299.0
341, 495.0, 170.0
342, 559.0, 55.0
343, 127.0, 300.0
344, 463.0, 85.0
345, 258.0, 294.0
346, 135.0, 256.0
347, 218.0, 415.0
348, 309.0, 161.0
349, 353.0, 17.0
350, 150.0, 450.0
351, 126.0, 254.0
352, 65.0, 426.0
353, 561.0, 102.0
354, 105.0, 340.0
355, 379.0, 34.0
356, 220.0, 88.0
357, 77.0, 423.0
358, 509.0, 8.0
359, 176.0, 414.0
360, 302.0, 336.0
361, 204.0, 20.0
362, 643.0, 29.0
363, 187.0, 88.0
364, 729.0, 36.0
365, 207.0, 412.0
366, 571.0, 110.0
367, 393.0, 113.0
368, 245.0, 88.0
369, 624.0, 96.0
370, 191.0, 339.0
371, 74.0, 69.0
372, 693.0, 210.0
373, 451.0, 30.0
374, 203.0, 397.0
375, 231.0, 275.0
376, 158.0, 299.0
377, 495.0, 152.0
378, 121.0, 102.0
379, 503.0, 185.0
380, 195.0, 319.0
381, 279.0, 411.0
382, 325.0, 288.0
383, 336.0, 119.0
384, 113.0, 282.0
385, 297.0, 352.0
386, 131.0, 29.0
387, 504.0, 198.0
388, 162.0, 243.0
389, 344.0, 314.0
390, 647.0, 91.0
391, 206.0, 321.0
392, 306.0, 229.0
393, 253.0, 184.0
394, 73.0, 263.0
395, 158.0, 321.0
396, 631.0, 166.0
397, 59.0, 62.0
398, 307.0, 89.0
399, 57.0, 149.0
400, 90.0, 83.0
401, 324.0, 28.0
402, 277.0, 334.0
403, 469.0, 39.0
404, 495.0, 194.0
405, 378.0, 410.0
406, 663.0, 121.0
407, 201.0, 217.0
408, 346.0, 363.0
409, 405.0, 99.0
410, 620.0, 127.0
411, 46.0, 23.0
412, 219.0, 275.0
413, 650.0, 341.0
414, 80.0, 185.0
415, 357.0, 274.0
416, 274.0, 354.0
417, 262.0, 331.0
418, 593.0, 118.0
419, 282.0, 173.0
420, 308.0, 357.0
421, 108.0, 17.0
422, 60.0, 218.0
423, 235.0, 28.0
424, 151.0, 388.0
425, 67.0, 266.0
426, 53.0, 416.0
427, 141.0, 303.0
428, 734.0, 127.0
429, 261.0, 342.0
430, 140.0, 141.0
431, 320.0, 407.0
432, 230.0, 162.0
433, 452.0, 24.0
434, 315.0, 289.0
435, 194.0, 164.0
436, 403.0, 123.0
437, 404.0, 111.0
438, 577.0, 69.0
439, 537.0, 65.0
440, 315.0, 271.0
441, 626.0, 213.0
442, 453.0, 87.0
443, 137.0, 275.0
444, 266.0, 439.0
445, 199.0, 202.0
446, 343.0, 128.0
447, 23.0, 364.0
448, 316.0, 310.0
449, 338.0, 424.0
450, 301.0, 228.0
451, 446.0, 105.0
452, 469.0, 12.0
453, 199.0, 189.0
454, 345.0, 16.0
455, 135.0, 284.0
456, 34.0, 222.0
457, 134.0, 291.0
458, 197.0, 387.0
459, 421.0, 109.0
460, 79.0, 445.0
461, 269.0, 277.0
462, 8.0, 400.0
463, 357.0, 466.0
464, 136.0, 118.0
465, 288.0, 12.0
466, 570.0, 9.0
467, 365.0, 275.0
468, 34.0, 470.0
469, 415.0, 145.0
470, 288.0, 441.0
471, 142.0, 157.0
472, 49.0, 220.0
473, 680.0, 171.0
474, 371.0, 200.0
475, 183.0, 371.0
476, 355.0, 260.0
477, 382.0, 178.0
478, 593.0, 91.0
479, 368.0, 8.0
480, 413.0, 63.0
481, 241.0, 49.0
482, 367.0, 336.0
483, 140.0, 339.0
484, 103.0, 162.0
485, 711.0, 212.0
486, 90.0, 297.0
487, 374.0, 30.0
488, 223.0, 349.0
489, 421.0, 32.0
490, 197.0, 368.0
491, 568.0, 21.0
492, 201.0, 438.0
493, 454.0, 151.0
494, 302.0, 302.0
495, 713.0, 207.0
496, 280.0, 188.0
497, 295.0, 336.0
498, 439.0, 16.0
499, 452.0, 76.0
