0, 399.0, 223.0
1, 608.0, 305.0
2, 186.0, 409.0
3, 469.0, 241.0
4, 303.0, 18.0
5, 194.0, 79.0
6, 579.0, 256.0
7, 482.0, 42.0
8, 150.0, 164.0
9, 514.0, 183.0
10, 317.0, 272.0
11, 279.0, 33.0
12, 329.0, 300.0
13, 173.0, 204.0
14, 152.0, 175.0
15, 366.0, 163.0
16, 629.0, 69.0
17, 156.0, 197.0
18, 431.0, 187.0
19, 582.0, 218.0
20, 490.0, 88.0
21, 503.0, 272.0
22, 182.0, 436.0
23, 189.0, 325.0
24, 207.0, 91.0
25, 541.0, 284.0
26, 325.0, 330.0
27, 153.0, 90.0
28, 314.0, 169.0
29, 170.0, 49.0
30, 276.0, 198.0
31, 263.0, 133.0
32, 530.0, 260.0
33, 524.0, 153.0
34, 257.0, 360.0
35, 232.0, 36.0
36, 412.0, 227.0
37, 458.0, 158.0
38, 239.0, 446.0
39, 530.0, 282.0
40, 270.0, 372.0
41, 243.0, 227.0
42, 686.0, 220.0
43, 353.0, 160.0
44, 333.0, 293.0
45, 331.0, 237.0
46, 582.0, 65.0
47, 543.0, 18.0
48, 368.0, 151.0
49, 661.0, 141.0
50, 300.0, 260.0
51, 294.0, 119.0
52, 205.0, 58.0
53, 704.0, 412.0
54, 119.0, 233.0
55, 594.0, 279.0
56, 148.0, 315.0
57, 290.0, 188.0
58, 629.0, 80.0
59, 586.0, 179.0
60, 195.0, 188.0
61, 719.0, 417.0
62, 330.0, 270.0
63, 385.0, 207.0
64, 191.0, 133.0
65, 579.0, 167.0
66, 140.0, 283.0
67, 455.0, 198.0
68, 78.0, 415.0
69, 395.0, 137.0
70, 435.0, 176.0
71, 392.0, 305.0
72, 396.0, 55.0
73, 126.0, 61.0
74, 243.0, 471.0
75, 555.0, 249.0
76, 442.0, 202.0
77, 736.0, 179.0
78, 447.0, 123.0
79, 494.0, 240.0
80, 654.0, 171.0
81, 543.0, 259.0
82, 282.0, 119.0
83, 721.0, 457.0
84, 663.0, 408.0
85, 495.0, 187.0
86, 269.0, 87.0
87, 423.0, 208.0
88, 627.0, 328.0
89, 504.0, 180.0
90, 386.0, 138.0
91, 322.0, 141.0
92, 568.0, 173.0
93, 314.0, 156.0
94, 732.0, 258.0
95, 523.0, 176.0
96, 693.0, 381.0
97, 373.0, 242.0
98, 301.0, 58.0
99, 365.0, 138.0
100, 423.0, 255.0
101, 564.0, 270.0
102, 380.0, 79.0
103, 290.0, 17.0
104, 222.0, 311.0
105, 556.0, 177.0
106, 549.0, 296.0
107, 149.0, 30.0
108, 545.0, 249.0
109, 519.0, 58.0
110, 456.0, 258.0
111, 158.0, 50.0
112, 521.0, 315.0
113, 215.0, 304.0
114, 485.0, 221.0
115, 440.0, 116.0
116, 710.0, 427.0
117, 461.0, 117.0
118, 141.0, 42.0
119, 493.0, 112.0
120, 567.0, 43.0
121, 187.0, 68.0
122, 199.0, 156.0
123, 215.0, 248.0
124, 410.0, 264.0
125, 324.0, 251.0
126, 561.0, 292.0
127, 340.0, 90.0
128, 161.0, 223.0
129, 669.0, 107.0
130, 480.0, 101.0
131, 345.0, 233.0
132, 465.0, 150.0
133, 190.0, 380.0
134, 642.0, 21.0
135, 198.0, 240.0
136, 498.0, 47.0
137, 331.0, 157.0
138, 559.0, 18.0
139, 403.0, 134.0
140, 697.0, 175.0
141, 325.0, 260.0
142, 714.0, 358.0
143, 507.0, 165.0
144, 173.0, 296.0
145, 186.0, 150.0
146, 280.0, 43.0
147, 284.0, 164.0
148, 156.0, 353.0
149, 457.0, 171.0
150, 578.0, 308.0
151, 685.0, 183.0
152, 291.0, 30.0
153, 602.0, 221.0
154, 687.0, 173.0
155, 228.0, 277.0
156, 533.0, 80.0
157, 614.0, 158.0
158, 394.0, 284.0
159, 262.0, 43.0
160, 538.0, 296.0
161, 638.0, 257.0
162, 177.0, 323.0
163, 22.0, 438.0
164, 485.0, 297.0
165, 305.0, 277.0
166, 627.0, 159.0
167, 253.0, 91.0
168, 168.0, 349.0
169, 270.0, 211.0
170, 185.0, 223.0
171, 85.0, 128.0
172, 135.0, 351.0
173, 519.0, 163.0
174, 331.0, 178.0
175, 142.0, 8.0
176, 465.0, 215.0
177, 624.0, 234.0
178, 566.0, 262.0
179, 583.0, 278.0
180, 547.0, 57.0
181, 548.0, 305.0
182, 195.0, 220.0
183, 36.0, 379.0
184, 127.0, 364.0
185, 287.0, 245.0
186, 205.0, 221.0
187, 196.0, 33.0
188, 236.0, 426.0
189, 266.0, 196.0
190, 217.0, 172.0
191, 376.0, 92.0
192, 495.0, 129.0
193, 630.0, 55.0
194, 609.0, 128.0
195, 376.0, 190.0
196, 180.0, 304.0
197, 129.0, 418.0
198, 611.0, 88.0
199, 162.0, 437.0
200, 596.0, 303.0
201, 176.0, 394.0
202, 136.0, 187.0
203, 273.0, 105.0
204, 568.0, 251.0
205, 414.0, 166.0
206, 139.0, 261.0
207, 201.0, 303.0
208, 51.0, 89.0
209, 448.0, 82.0
210, 260.0, 202.0
211, 336.0, 141.0
212, 196.0, 92.0
213, 674.0, 252.0
214, 240.0, 67.0
215, 288.0, 204.0
216, 74.0, 89.0
217, 447.0, 184.0
218, 230.0, 395.0
219, 387.0, 247.0
220, 553.0, 272.0
221, 415.0, 135.0
222, 256.0, 462.0
223, 563.0, 54.0
224, 642.0, 60.0
225, 498.0, 226.0
226, 158.0, 336.0
227, 109.0, 66.0
228, 98.0, 405.0
229, 390.0, 257.0
230, 225.0, 256.0
231, 11.0, 279.0
232, 310.0, 45.0
233, 160.0, 320.0
234, 734.0, 189.0
235, 574.0, 155.0
236, 180.0, 233.0
237, 658.0, 120.0
238, 511.0, 212.0
239, 405.0, 83.0
240, 541.0, 183.0
241, 266.0, 145.0
242, 15.0, 298.0
243, 486.0, 165.0
244, 641.0, 236.0
245, 18.0, 310.0
246, 281.0, 361.0
247, 500.0, 296.0
248, 694.0, 97.0
249, 574.0, 297.0
250, 202.0, 387.0
251, 432.0, 221.0
252, 454.0, 272.0
253, 417.0, 115.0
254, 345.0, 196.0
255, 732.0, 69.0
256, 213.0, 208.0
257, 720.0, 254.0
258, 526.0, 298.0
259, 521.0, 40.0
260, 156.0, 79.0
261, 470.0, 193.0
262, 198.0, 361.0
263, 642.0, 180.0
264, 177.0, 123.0
265, 97.0, 129.0
266, 613.0, 168.0
267, 603.0, 99.0
268, 247.0, 453.0
269, 191.0, 48.0
270, 582.0, 43.0
271, 336.0, 212.0
272, 439.0, 134.0
273, 377.0, 138.0
274, 403.0, 278.0
275, 232.0, 222.0
276, 446.0, 98.0
277, 264.0, 14.0
278, 347.0, 324.0
279, 531.0, 70.0
280, 457.0, 238.0
281, 255.0, 30.0
282, 366.0, 117.0
283, 578.0, 235.0
284, 402.0, 170.0
285, 297.0, 106.0
286, 672.0, 89.0
287, 180.0, 56.0
288, 315.0, 19.0
289, 461.0, 131.0
290, 253.0, 16.0
291, 509.0, 90.0
292, 522.0, 113.0
293, 147.0, 417.0
294, 292.0, 343.0
295, 97.0, 415.0
296, 480.0, 117.0
297, 24.0, 333.0
298, 56.0, 106.0
299, 402.0, 195.0
300, 16.0, 40.0
301, 154.0, 117.0
302, 715.0, 442.0
303, 534.0, 36.0
304, 394.0, 195.0
305, 196.0, 196.0
306, 557.0, 239.0
307, 631.0, 275.0
308, 565.0, 159.0
309, 30.0, 76.0
310, 303.0, 31.0
311, 579.0, 270.0
312, 539.0, 166.0
313, 131.0, 114.0
314, 196.0, 208.0
315, 401.0, 339.0
316, 233.0, 460.0
317, 381.0, 54.0
318, 657.0, 230.0
319, 395.0, 151.0
320, 292.0, 40.0
321, 167.0, 428.0
322, 441.0, 457.0
323, 32.0, 264.0
324, 469.0, 285.0
325, 613.0, 274.0
326, 421.0, 84.0
327, 93.0, 238.0
328, 504.0, 199.0
329, 325.0, 103.0
330, 467.0, 104.0
331, 702.0, 208.0
332, 354.0, 44.0
333, 352.0, 149.0
334, 472.0, 73.0
335, 571.0, 217.0
336, 98.0, 101.0
337, 313.0, 181.0
338, 327.0, 198.0
339, 357.0, 76.0
340, 469.0, 85.0
341, 49.0, 77.0
342, 206.0, 366.0
343, 188.0, 33.0
344, 560.0, 303.0
345, 463.0, 268.0
346, 221.0, 290.0
347, 157.0, 155.0
348, 650.0, 415.0
349, 535.0, 460.0
350, 397.0, 38.0
351, 374.0, 232.0
352, 231.0, 356.0
353, 734.0, 209.0
354, 296.0, 250.0
355, 484.0, 232.0
356, 370.0, 327.0
357, 116.0, 411.0
358, 187.0, 446.0
359, 140.0, 273.0
360, 731.0, 99.0
361, 373.0, 300.0
362, 673.0, 323.0
363, 313.0, 357.0
364, 276.0, 12.0
365, 613.0, 248.0
366, 644.0, 171.0
367, 433.0, 77.0
368, 159.0, 463.0
369, 597.0, 31.0
370, 288.0, 153.0
371, 728.0, 395.0
372, 491.0, 78.0
373, 164.0, 132.0
374, 593.0, 106.0
375, 394.0, 28.0
376, 68.0, 44.0
377, 339.0, 106.0
378, 222.0, 407.0
379, 385.0, 238.0
380, 361.0, 309.0
381, 673.0, 140.0
382, 607.0, 233.0
383, 637.0, 88.0
384, 697.0, 244.0
385, 239.0, 203.0
386, 483.0, 184.0
387, 502.0, 120.0
388, 599.0, 263.0
389, 264.0, 119.0
390, 548.0, 33.0
391, 473.0, 153.0
392, 58.0, 169.0
393, 151.0, 442.0
394, 107.0, 445.0
395, 345.0, 176.0
396, 336.0, 79.0
397, 568.0, 239.0
398, 546.0, 81.0
399, 248.0, 125.0
400, 415.0, 154.0
401, 195.0, 435.0
402, 164.0, 188.0
403, 141.0, 326.0
404, 302.0, 8.0
405, 635.0, 265.0
406, 482.0, 27.0
407, 124.0, 248.0
408, 402.0, 119.0
409, 728.0, 52.0
410, 331.0, 49.0
411, 102.0, 81.0
412, 179.0, 404.0
413, 58.0, 409.0
414, 652.0, 180.0
415, 532.0, 124.0
416, 672.0, 266.0
417, 110.0, 250.0
418, 47.0, 54.0
419, 77.0, 100.0
420, 301.0, 337.0
421, 151.0, 214.0
422, 602.0, 292.0
423, 634.0, 105.0
424, 247.0, 337.0
425, 354.0, 237.0
426, 729.0, 224.0
427, 22.0, 321.0
428, 167.0, 60.0
429, 74.0, 239.0
430, 581.0, 51.0
431, 275.0, 19.0
432, 107.0, 9.0
433, 270.0, 43.0
434, 161.0, 235.0
435, 242.0, 264.0
436, 457.0, 294.0
437, 613.0, 39.0
438, 109.0, 194.0
439, 413.0, 304.0
440, 297.0, 268.0
441, 291.0, 379.0
442, 295.0, 296.0
443, 43.0, 9.0
444, 372.0, 252.0
445, 193.0, 313.0
446, 335.0, 335.0
447, 127.0, 194.0
448, 40.0, 243.0
449, 555.0, 459.0
450, 211.0, 313.0
451, 504.0, 55.0
452, 699.0, 165.0
453, 85.0, 355.0
454, 725.0, 239.0
455, 321.0, 118.0
456, 477.0, 13.0
457, 287.0, 224.0
458, 682.0, 289.0
459, 688.0, 163.0
460, 154.0, 299.0
461, 375.0, 179.0
462, 383.0, 69.0
463, 444.0, 247.0
464, 722.0, 99.0
465, 400.0, 321.0
466, 302.0, 159.0
467, 273.0, 306.0
468, 709.0, 128.0
469, 95.0, 194.0
470, 220.0, 56.0
471, 612.0, 177.0
472, 406.0, 249.0
473, 655.0, 248.0
474, 722.0, 406.0
475, 710.0, 248.0
476, 618.0, 137.0
477, 664.0, 341.0
478, 393.0, 118.0
479, 731.0, 340.0
480, 593.0, 220.0
481, 479.0, 130.0
482, 173.0, 9.0
483, 216.0, 364.0
484, 126.0, 38.0
485, 588.0, 248.0
486, 720.0, 391.0
487, 299.0, 351.0
488, 609.0, 142.0
489, 421.0, 200.0
490, 427.0, 214.0
491, 643.0, 272.0
492, 522.0, 129.0
493, 274.0, 185.0
494, 149.0, 63.0
495, 601.0, 166.0
496, 286.0, 98.0
497, 576.0, 203.0
498, 316.0, 232.0
499, 446.0, 267.0
