0, 515.0, 257.0
1, 147.0, 164.0
2, 244.0, 187.0
3, 331.0, 76.0
4, 174.0, 286.0
5, 432.0, 362.0
6, 580.0, 301.0
7, 307.0, 194.0
8, 283.0, 141.0
9, 231.0, 65.0
10, 476.0, 198.0
11, 488.0, 309.0
12, 475.0, 301.0
13, 617.0, 188.0
14, 675.0, 186.0
15, 453.0, 311.0
16, 526.0, 261.0
17, 708.0, 282.0
18, 307.0, 204.0
19, 509.0, 285.0
20, 230.0, 146.0
21, 317.0, 257.0
22, 605.0, 77.0
23, 316.0, 233.0
24, 598.0, 416.0
25, 99.0, 223.0
26, 413.0, 210.0
27, 269.0, 223.0
28, 221.0, 284.0
29, 446.0, 361.0
30, 602.0, 213.0
31, 440.0, 81.0
32, 563.0, 212.0
33, 205.0, 204.0
34, 202.0, 443.0
35, 203.0, 185.0
36, 631.0, 285.0
37, 521.0, 232.0
38, 103.0, 382.0
39, 306.0, 275.0
40, 228.0, 126.0
41, 419.0, 185.0
42, 308.0, 73.0
43, 195.0, 194.0
44, 275.0, 265.0
45, 245.0, 218.0
46, 543.0, 352.0
47, 229.0, 306.0
48, 88.0, 329.0
49, 382.0, 202.0
50, 356.0, 190.0
51, 627.0, 189.0
52, 317.0, 183.0
53, 136.0, 326.0
54, 464.0, 203.0
55, 577.0, 96.0
56, 373.0, 224.0
57, 174.0, 311.0
58, 318.0, 192.0
59, 588.0, 163.0
60, 305.0, 285.0
61, 131.0, 300.0
62, 536.0, 234.0
63, 207.0, 276.0
64, 402.0, 160.0
65, 431.0, 187.0
66, 532.0, 395.0
67, 235.0, 313.0
68, 387.0, 378.0
69, 604.0, 47.0
70, 503.0, 177.0
71, 307.0, 254.0
72, 567.0, 194.0
73, 264.0, 279.0
74, 387.0, 182.0
75, 522.0, 351.0
76, 451.0, 322.0
77, 435.0, 177.0
78, 705.0, 332.0
79, 147.0, 187.0
80, 487.0, 194.0
81, 463.0, 323.0
82, 498.0, 232.0
83, 572.0, 432.0
84, 467.0, 285.0
85, 391.0, 88.0
86, 592.0, 149.0
87, 176.0, 181.0
88, 82.0, 204.0
89, 443.0, 155.0
90, 349.0, 418.0
91, 505.0, 294.0
92, 40.0, 361.0
93, 35.0, 30.0
94, 562.0, 446.0
95, 403.0, 15.0
96, 175.0, 340.0
97, 416.0, 445.0
98, 329.0, 268.0
99, 570.0, 221.0
100, 178.0, 423.0
101, 684.0, 277.0
102, 317.0, 270.0
103, 520.0, 206.0
104, 246.0, 174.0
105, 317.0, 151.0
106, 190.0, 186.0
107, 176.0, 56.0
108, 316.0, 329.0
109, 271.0, 177.0
110, 664.0, 184.0
111, 424.0, 467.0
112, 143.0, 198.0
113, 253.0, 322.0
114, 260.0, 270.0
115, 176.0, 28.0
116, 431.0, 432.0
117, 84.0, 92.0
118, 61.0, 275.0
119, 585.0, 183.0
120, 187.0, 216.0
121, 57.0, 208.0
122, 230.0, 392.0
123, 231.0, 159.0
124, 417.0, 407.0
125, 123.0, 368.0
126, 368.0, 115.0
127, 426.0, 299.0
128, 493.0, 447.0
129, 36.0, 346.0
130, 502.0, 22.0
131, 657.0, 259.0
132, 328.0, 285.0
133, 297.0, 205.0
134, 424.0, 331.0
135, 115.0, 229.0
136, 490.0, 300.0
137, 198.0, 165.0
138, 152.0, 453.0
139, 287.0, 253.0
140, 341.0, 275.0
141, 652.0, 147.0
142, 250.0, 334.0
143, 460.0, 412.0
144, 544.0, 189.0
145, 128.0, 189.0
146, 525.0, 372.0
147, 450.0, 405.0
148, 153.0, 463.0
149, 309.0, 119.0
150, 561.0, 396.0
151, 492.0, 287.0
152, 168.0, 42.0
153, 269.0, 156.0
154, 252.0, 378.0
155, 215.0, 202.0
156, 446.0, 351.0
157, 574.0, 453.0
158, 586.0, 461.0
159, 328.0, 299.0
160, 210.0, 163.0
161, 489.0, 154.0
162, 124.0, 46.0
163, 502.0, 131.0
164, 439.0, 37.0
165, 90.0, 383.0
166, 489.0, 258.0
167, 303.0, 373.0
168, 325.0, 470.0
169, 476.0, 283.0
170, 244.0, 122.0
171, 620.0, 53.0
172, 487.0, 368.0
173, 506.0, 369.0
174, 340.0, 185.0
175, 421.0, 204.0
176, 363.0, 129.0
177, 216.0, 223.0
178, 432.0, 27.0
179, 255.0, 216.0
180, 720.0, 67.0
181, 619.0, 178.0
182, 208.0, 23.0
183, 236.0, 456.0
184, 212.0, 180.0
185, 370.0, 94.0
186, 676.0, 99.0
187, 236.0, 89.0
188, 176.0, 191.0
189, 402.0, 389.0
190, 40.0, 83.0
191, 434.0, 213.0
192, 604.0, 64.0
193, 610.0, 37.0
194, 221.0, 105.0
195, 81.0, 388.0
196, 404.0, 191.0
197, 458.0, 339.0
198, 105.0, 83.0
199, 661.0, 194.0
200, 583.0, 315.0
201, 649.0, 136.0
202, 236.0, 109.0
203, 335.0, 242.0
204, 305.0, 329.0
205, 409.0, 135.0
206, 502.0, 337.0
207, 630.0, 179.0
208, 554.0, 317.0
209, 499.0, 48.0
210, 306.0, 300.0
211, 56.0, 32.0
212, 487.0, 177.0
213, 113.0, 259.0
214, 520.0, 461.0
215, 508.0, 60.0
216, 696.0, 343.0
217, 117.0, 320.0
218, 557.0, 185.0
219, 370.0, 105.0
220, 153.0, 54.0
221, 706.0, 295.0
222, 512.0, 121.0
223, 454.0, 283.0
224, 500.0, 279.0
225, 215.0, 35.0
226, 237.0, 288.0
227, 545.0, 211.0
228, 46.0, 18.0
229, 222.0, 169.0
230, 432.0, 161.0
231, 348.0, 294.0
232, 546.0, 58.0
233, 585.0, 173.0
234, 72.0, 228.0
235, 449.0, 449.0
236, 99.0, 356.0
237, 658.0, 108.0
238, 210.0, 426.0
239, 275.0, 255.0
240, 368.0, 145.0
241, 463.0, 44.0
242, 455.0, 34.0
243, 72.0, 195.0
244, 316.0, 131.0
245, 203.0, 214.0
246, 476.0, 85.0
247, 207.0, 49.0
248, 198.0, 129.0
249, 324.0, 27.0
250, 317.0, 209.0
251, 690.0, 379.0
252, 559.0, 271.0
253, 113.0, 351.0
254, 286.0, 219.0
255, 642.0, 255.0
256, 33.0, 18.0
257, 567.0, 282.0
258, 176.0, 122.0
259, 187.0, 101.0
260, 633.0, 11.0
261, 269.0, 135.0
262, 622.0, 205.0
263, 486.0, 48.0
264, 484.0, 332.0
265, 493.0, 61.0
266, 243.0, 137.0
267, 207.0, 298.0
268, 589.0, 246.0
269, 260.0, 344.0
270, 22.0, 16.0
271, 218.0, 310.0
272, 69.0, 80.0
273, 569.0, 317.0
274, 260.0, 143.0
275, 171.0, 321.0
276, 424.0, 342.0
277, 114.0, 211.0
278, 652.0, 87.0
279, 457.0, 364.0
280, 246.0, 358.0
281, 604.0, 201.0
282, 742.0, 195.0
283, 221.0, 182.0
284, 187.0, 207.0
285, 200.0, 115.0
286, 164.0, 288.0
287, 638.0, 146.0
288, 344.0, 434.0
289, 514.0, 46.0
290, 294.0, 403.0
291, 351.0, 173.0
292, 520.0, 298.0
293, 461.0, 143.0
294, 422.0, 96.0
295, 557.0, 256.0
296, 108.0, 72.0
297, 272.0, 211.0
298, 419.0, 171.0
299, 538.0, 222.0
300, 568.0, 99.0
301, 481.0, 381.0
302, 619.0, 281.0
303, 45.0, 181.0
304, 606.0, 430.0
305, 531.0, 44.0
306, 340.0, 230.0
307, 401.0, 179.0
308, 556.0, 143.0
309, 393.0, 319.0
310, 543.0, 294.0
311, 191.0, 140.0
312, 208.0, 139.0
313, 488.0, 271.0
314, 695.0, 322.0
315, 570.0, 268.0
316, 672.0, 283.0
317, 421.0, 153.0
318, 166.0, 123.0
319, 217.0, 438.0
320, 150.0, 293.0
321, 304.0, 424.0
322, 572.0, 252.0
323, 730.0, 194.0
324, 234.0, 280.0
325, 50.0, 198.0
326, 550.0, 278.0
327, 353.0, 145.0
328, 573.0, 19.0
329, 259.0, 193.0
330, 286.0, 230.0
331, 365.0, 421.0
332, 138.0, 441.0
333, 514.0, 105.0
334, 397.0, 226.0
335, 667.0, 173.0
336, 115.0, 403.0
337, 91.0, 342.0
338, 600.0, 108.0
339, 254.0, 395.0
340, 185.0, 167.0
341, 504.0, 323.0
342, 93.0, 435.0
343, 635.0, 122.0
344, 271.0, 192.0
345, 17.0, 87.0
346, 321.0, 44.0
347, 368.0, 79.0
348, 503.0, 454.0
349, 689.0, 264.0
350, 352.0, 20.0
351, 399.0, 201.0
352, 459.0, 73.0
353, 476.0, 155.0
354, 521.0, 160.0
355, 469.0, 341.0
356, 489.0, 133.0
357, 171.0, 15.0
358, 99.0, 267.0
359, 287.0, 72.0
360, 247.0, 196.0
361, 243.0, 369.0
362, 718.0, 101.0
363, 517.0, 197.0
364, 297.0, 266.0
365, 667.0, 231.0
366, 211.0, 396.0
367, 171.0, 234.0
368, 541.0, 452.0
369, 536.0, 203.0
370, 125.0, 200.0
371, 294.0, 294.0
372, 136.0, 14.0
373, 457.0, 115.0
374, 388.0, 471.0
375, 233.0, 187.0
376, 16.0, 150.0
377, 691.0, 134.0
378, 595.0, 274.0
379, 285.0, 181.0
380, 556.0, 193.0
381, 298.0, 186.0
382, 51.0, 96.0
383, 282.0, 170.0
384, 121.0, 219.0
385, 441.0, 69.0
386, 20.0, 165.0
387, 565.0, 86.0
388, 579.0, 132.0
389, 538.0, 311.0
390, 269.0, 340.0
391, 106.0, 203.0
392, 597.0, 13.0
393, 29.0, 399.0
394, 15.0, 50.0
395, 382.0, 117.0
396, 429.0, 200.0
397, 585.0, 254.0
398, 110.0, 366.0
399, 221.0, 192.0
400, 503.0, 380.0
401, 480.0, 342.0
402, 612.0, 249.0
403, 133.0, 314.0
404, 541.0, 129.0
405, 339.0, 355.0
406, 385.0, 435.0
407, 405.0, 61.0
408, 716.0, 204.0
409, 422.0, 356.0
410, 217.0, 51.0
411, 70.0, 381.0
412, 233.0, 198.0
413, 520.0, 214.0
414, 647.0, 107.0
415, 549.0, 457.0
416, 229.0, 467.0
417, 340.0, 117.0
418, 203.0, 289.0
419, 544.0, 437.0
420, 126.0, 395.0
421, 540.0, 73.0
422, 78.0, 264.0
423, 207.0, 314.0
424, 236.0, 353.0
425, 292.0, 468.0
426, 463.0, 392.0
427, 246.0, 228.0
428, 102.0, 170.0
429, 69.0, 244.0
430, 459.0, 83.0
431, 356.0, 68.0
432, 105.0, 440.0
433, 402.0, 27.0
434, 727.0, 264.0
435, 737.0, 227.0
436, 475.0, 75.0
437, 347.0, 369.0
438, 302.0, 342.0
439, 378.0, 347.0
440, 475.0, 450.0
441, 489.0, 26.0
442, 273.0, 379.0
443, 560.0, 337.0
444, 423.0, 218.0
445, 453.0, 207.0
446, 169.0, 446.0
447, 219.0, 265.0
448, 164.0, 194.0
449, 442.0, 185.0
450, 328.0, 125.0
451, 558.0, 283.0
452, 192.0, 280.0
453, 443.0, 175.0
454, 587.0, 310.0
455, 581.0, 237.0
456, 620.0, 10.0
457, 173.0, 102.0
458, 180.0, 139.0
459, 221.0, 450.0
460, 317.0, 248.0
461, 289.0, 383.0
462, 327.0, 195.0
463, 324.0, 215.0
464, 515.0, 335.0
465, 403.0, 78.0
466, 381.0, 147.0
467, 659.0, 423.0
468, 232.0, 171.0
469, 451.0, 191.0
470, 701.0, 352.0
471, 719.0, 193.0
472, 579.0, 146.0
473, 530.0, 24.0
474, 332.0, 147.0
475, 487.0, 321.0
476, 204.0, 267.0
477, 597.0, 249.0
478, 528.0, 405.0
479, 35.0, 182.0
480, 578.0, 86.0
481, 422.0, 33.0
482, 425.0, 316.0
483, 716.0, 344.0
484, 42.0, 234.0
485, 221.0, 118.0
486, 432.0, 111.0
487, 196.0, 205.0
488, 285.0, 190.0
489, 743.0, 118.0
490, 21.0, 359.0
491, 283.0, 294.0
492, 283.0, 154.0
493, 31.0, 212.0
494, 573.0, 243.0
495, 471.0, 184.0
496, 362.0, 398.0
497, 716.0, 224.0
498, 704.0, 129.0
499, 279.0, 58.0
