0, 565.0, 188.0
1, 224.0, 117.0
2, 242.0, 429.0
3, 564.0, 327.0
4, 202.0, 245.0
5, 384.0, 128.0
6, 157.0, 188.0
7, 154.0, 149.0
8, 396.0, 188.0
9, 576.0, 267.0
10, 350.0, 38.0
11, 300.0, 426.0
12, 216.0, 137.0
13, 417.0, 197.0
14, 228.0, 291.0
15, 66.0, 297.0
16, 393.0, 274.0
17, 209.0, 360.0
18, 334.0, 316.0
19, 186.0, 245.0
20, 406.0, 273.0
21, 303.0, 129.0
22, 205.0, 266.0
23, 503.0, 244.0
24, 381.0, 297.0
25, 513.0, 97.0
26, 198.0, 440.0
27, 317.0, 349.0
28, 231.0, 434.0
29, 114.0, 197.0
30, 503.0, 436.0
31, 144.0, 277.0
32, 358.0, 245.0
33, 518.0, 270.0
34, 212.0, 307.0
35, 309.0, 456.0
36, 575.0, 213.0
37, 342.0, 265.0
38, 164.0, 428.0
39, 365.0, 359.0
40, 84.0, 176.0
41, 687.0, 96.0
42, 619.0, 201.0
43, 514.0, 434.0
44, 58.0, 96.0
45, 222.0, 100.0
46, 323.0, 292.0
47, 69.0, 29.0
48, 301.0, 98.0
49, 522.0, 223.0
50, 646.0, 415.0
51, 318.0, 363.0
52, 178.0, 383.0
53, 605.0, 72.0
54, 399.0, 367.0
55, 315.0, 128.0
56, 509.0, 425.0
57, 214.0, 443.0
58, 517.0, 471.0
59, 331.0, 256.0
60, 513.0, 30.0
61, 448.0, 213.0
62, 283.0, 179.0
63, 603.0, 152.0
64, 372.0, 270.0
65, 147.0, 180.0
66, 241.0, 117.0
67, 551.0, 160.0
68, 290.0, 318.0
69, 518.0, 448.0
70, 523.0, 459.0
71, 94.0, 156.0
72, 538.0, 270.0
73, 580.0, 161.0
74, 450.0, 367.0
75, 156.0, 329.0
76, 308.0, 275.0
77, 176.0, 449.0
78, 351.0, 337.0
79, 350.0, 324.0
80, 461.0, 135.0
81, 432.0, 117.0
82, 324.0, 276.0
83, 623.0, 96.0
84, 150.0, 131.0
85, 511.0, 117.0
86, 278.0, 335.0
87, 38.0, 18.0
88, 231.0, 452.0
89, 236.0, 156.0
90, 319.0, 116.0
91, 534.0, 151.0
92, 203.0, 257.0
93, 569.0, 299.0
94, 338.0, 216.0
95, 484.0, 373.0
96, 386.0, 98.0
97, 537.0, 458.0
98, 307.0, 235.0
99, 300.0, 73.0
100, 166.0, 269.0
101, 237.0, 74.0
102, 181.0, 320.0
103, 601.0, 96.0
104, 630.0, 359.0
105, 386.0, 115.0
106, 240.0, 99.0
107, 110.0, 303.0
108, 292.0, 137.0
109, 240.0, 128.0
110, 320.0, 215.0
111, 508.0, 133.0
112, 245.0, 404.0
113, 192.0, 383.0
114, 409.0, 356.0
115, 665.0, 185.0
116, 331.0, 136.0
117, 364.0, 322.0
118, 504.0, 470.0
119, 154.0, 266.0
120, 330.0, 374.0
121, 490.0, 278.0
122, 551.0, 186.0
123, 392.0, 308.0
124, 491.0, 471.0
125, 292.0, 148.0
126, 589.0, 152.0
127, 286.0, 399.0
128, 72.0, 99.0
129, 167.0, 335.0
130, 724.0, 235.0
131, 716.0, 371.0
132, 446.0, 224.0
133, 158.0, 295.0
134, 139.0, 207.0
135, 94.0, 413.0
136, 358.0, 270.0
137, 403.0, 298.0
138, 251.0, 298.0
139, 406.0, 288.0
140, 254.0, 272.0
141, 52.0, 24.0
142, 449.0, 98.0
143, 303.0, 116.0
144, 29.0, 46.0
145, 123.0, 307.0
146, 405.0, 198.0
147, 716.0, 419.0
148, 390.0, 360.0
149, 275.0, 318.0
150, 519.0, 50.0
151, 363.0, 309.0
152, 350.0, 290.0
153, 220.0, 269.0
154, 126.0, 337.0
155, 312.0, 326.0
156, 349.0, 234.0
157, 234.0, 267.0
158, 589.0, 305.0
159, 155.0, 456.0
160, 397.0, 116.0
161, 420.0, 363.0
162, 516.0, 73.0
163, 68.0, 171.0
164, 189.0, 317.0
165, 83.0, 99.0
166, 552.0, 402.0
167, 543.0, 117.0
168, 146.0, 159.0
169, 649.0, 198.0
170, 597.0, 117.0
171, 371.0, 225.0
172, 584.0, 257.0
173, 396.0, 158.0
174, 338.0, 469.0
175, 126.0, 162.0
176, 284.0, 308.0
177, 107.0, 337.0
178, 711.0, 281.0
179, 90.0, 303.0
180, 508.0, 57.0
181, 117.0, 275.0
182, 482.0, 415.0
183, 669.0, 400.0
184, 228.0, 151.0
185, 18.0, 35.0
186, 589.0, 189.0
187, 179.0, 152.0
188, 434.0, 74.0
189, 168.0, 458.0
190, 150.0, 409.0
191, 122.0, 142.0
192, 244.0, 290.0
193, 498.0, 459.0
194, 484.0, 358.0
195, 129.0, 242.0
196, 33.0, 162.0
197, 414.0, 297.0
198, 395.0, 422.0
199, 145.0, 393.0
200, 166.0, 298.0
201, 559.0, 471.0
202, 411.0, 310.0
203, 494.0, 448.0
204, 737.0, 273.0
205, 198.0, 312.0
206, 261.0, 289.0
207, 499.0, 279.0
208, 624.0, 234.0
209, 568.0, 394.0
210, 472.0, 390.0
211, 663.0, 205.0
212, 595.0, 292.0
213, 384.0, 394.0
214, 144.0, 75.0
215, 71.0, 321.0
216, 393.0, 298.0
217, 93.0, 251.0
218, 487.0, 459.0
219, 110.0, 162.0
220, 692.0, 71.0
221, 509.0, 213.0
222, 529.0, 17.0
223, 106.0, 405.0
224, 314.0, 394.0
225, 703.0, 261.0
226, 496.0, 395.0
227, 543.0, 470.0
228, 318.0, 99.0
229, 150.0, 467.0
230, 76.0, 140.0
231, 406.0, 97.0
232, 450.0, 73.0
233, 368.0, 382.0
234, 621.0, 187.0
235, 200.0, 426.0
236, 734.0, 116.0
237, 248.0, 460.0
238, 422.0, 316.0
239, 487.0, 435.0
240, 108.0, 457.0
241, 219.0, 75.0
242, 470.0, 448.0
243, 183.0, 215.0
244, 318.0, 225.0
245, 706.0, 301.0
246, 639.0, 44.0
247, 551.0, 434.0
248, 12.0, 162.0
249, 37.0, 34.0
250, 561.0, 256.0
251, 729.0, 325.0
252, 319.0, 265.0
253, 662.0, 307.0
254, 409.0, 116.0
255, 273.0, 407.0
256, 448.0, 118.0
257, 452.0, 450.0
258, 548.0, 206.0
259, 131.0, 470.0
260, 384.0, 136.0
261, 290.0, 453.0
262, 553.0, 176.0
263, 653.0, 180.0
264, 370.0, 344.0
265, 484.0, 426.0
266, 146.0, 343.0
267, 358.0, 372.0
268, 70.0, 8.0
269, 300.0, 412.0
270, 104.0, 183.0
271, 25.0, 181.0
272, 187.0, 170.0
273, 421.0, 116.0
274, 326.0, 394.0
275, 499.0, 271.0
276, 197.0, 397.0
277, 263.0, 166.0
278, 65.0, 183.0
279, 216.0, 49.0
280, 292.0, 173.0
281, 106.0, 379.0
282, 530.0, 471.0
283, 637.0, 379.0
284, 473.0, 459.0
285, 634.0, 27.0
286, 535.0, 241.0
287, 697.0, 445.0
288, 610.0, 50.0
289, 435.0, 49.0
290, 176.0, 301.0
291, 610.0, 294.0
292, 404.0, 73.0
293, 198.0, 300.0
294, 298.0, 226.0
295, 182.0, 371.0
296, 193.0, 267.0
297, 26.0, 69.0
298, 528.0, 269.0
299, 355.0, 136.0
300, 396.0, 201.0
301, 606.0, 203.0
302, 222.0, 426.0
303, 606.0, 137.0
304, 716.0, 170.0
305, 272.0, 300.0
306, 628.0, 419.0
307, 317.0, 421.0
308, 614.0, 222.0
309, 95.0, 74.0
310, 334.0, 283.0
311, 294.0, 300.0
312, 598.0, 143.0
313, 604.0, 283.0
314, 50.0, 229.0
315, 52.0, 300.0
316, 502.0, 261.0
317, 557.0, 445.0
318, 211.0, 290.0
319, 577.0, 134.0
320, 732.0, 171.0
321, 390.0, 342.0
322, 404.0, 329.0
323, 16.0, 67.0
324, 557.0, 298.0
325, 358.0, 445.0
326, 429.0, 178.0
327, 358.0, 256.0
328, 75.0, 213.0
329, 163.0, 76.0
330, 678.0, 217.0
331, 68.0, 84.0
332, 588.0, 265.0
333, 562.0, 207.0
334, 380.0, 448.0
335, 724.0, 346.0
336, 165.0, 181.0
337, 235.0, 48.0
338, 40.0, 83.0
339, 507.0, 447.0
340, 665.0, 95.0
341, 28.0, 146.0
342, 205.0, 274.0
343, 390.0, 323.0
344, 223.0, 306.0
345, 134.0, 275.0
346, 147.0, 196.0
347, 397.0, 136.0
348, 285.0, 417.0
349, 387.0, 409.0
350, 24.0, 203.0
351, 446.0, 383.0
352, 419.0, 127.0
353, 321.0, 459.0
354, 140.0, 351.0
355, 725.0, 392.0
356, 638.0, 196.0
357, 334.0, 183.0
358, 643.0, 218.0
359, 542.0, 171.0
360, 577.0, 195.0
361, 514.0, 166.0
362, 676.0, 193.0
363, 105.0, 194.0
364, 227.0, 138.0
365, 98.0, 100.0
366, 572.0, 222.0
367, 669.0, 72.0
368, 592.0, 202.0
369, 379.0, 321.0
370, 268.0, 385.0
371, 660.0, 290.0
372, 196.0, 458.0
373, 278.0, 365.0
374, 245.0, 378.0
375, 532.0, 446.0
376, 502.0, 372.0
377, 605.0, 211.0
378, 280.0, 165.0
379, 345.0, 399.0
380, 76.0, 339.0
381, 257.0, 392.0
382, 489.0, 97.0
383, 503.0, 231.0
384, 219.0, 156.0
385, 81.0, 85.0
386, 317.0, 74.0
387, 654.0, 52.0
388, 657.0, 390.0
389, 616.0, 346.0
390, 195.0, 372.0
391, 612.0, 469.0
392, 698.0, 274.0
393, 682.0, 115.0
394, 416.0, 258.0
395, 290.0, 360.0
396, 478.0, 381.0
397, 288.0, 435.0
398, 134.0, 387.0
399, 701.0, 251.0
400, 692.0, 424.0
401, 74.0, 62.0
402, 86.0, 290.0
403, 626.0, 159.0
404, 538.0, 222.0
405, 316.0, 136.0
406, 422.0, 72.0
407, 380.0, 256.0
408, 307.0, 251.0
409, 743.0, 161.0
410, 736.0, 450.0
411, 649.0, 71.0
412, 387.0, 74.0
413, 312.0, 311.0
414, 568.0, 275.0
415, 259.0, 364.0
416, 41.0, 141.0
417, 202.0, 155.0
418, 104.0, 118.0
419, 624.0, 137.0
420, 335.0, 273.0
421, 696.0, 232.0
422, 436.0, 38.0
423, 317.0, 48.0
424, 657.0, 18.0
425, 53.0, 247.0
426, 557.0, 152.0
427, 590.0, 375.0
428, 670.0, 172.0
429, 128.0, 441.0
430, 528.0, 436.0
431, 241.0, 137.0
432, 698.0, 347.0
433, 471.0, 413.0
434, 576.0, 276.0
435, 219.0, 168.0
436, 300.0, 321.0
437, 478.0, 437.0
438, 497.0, 424.0
439, 717.0, 311.0
440, 123.0, 350.0
441, 627.0, 71.0
442, 506.0, 271.0
443, 122.0, 297.0
444, 62.0, 49.0
445, 725.0, 224.0
446, 330.0, 234.0
447, 323.0, 323.0
448, 680.0, 425.0
449, 680.0, 356.0
450, 285.0, 468.0
451, 70.0, 249.0
452, 248.0, 421.0
453, 329.0, 225.0
454, 340.0, 225.0
455, 460.0, 401.0
456, 380.0, 275.0
457, 598.0, 163.0
458, 89.0, 227.0
459, 188.0, 258.0
460, 148.0, 429.0
461, 621.0, 271.0
462, 78.0, 74.0
463, 362.0, 386.0
464, 228.0, 347.0
465, 298.0, 48.0
466, 209.0, 373.0
467, 46.0, 97.0
468, 77.0, 253.0
469, 637.0, 429.0
470, 635.0, 15.0
471, 218.0, 247.0
472, 132.0, 255.0
473, 187.0, 403.0
474, 189.0, 450.0
475, 298.0, 460.0
476, 463.0, 153.0
477, 80.0, 310.0
478, 186.0, 227.0
479, 488.0, 117.0
480, 199.0, 139.0
481, 462.0, 460.0
482, 583.0, 346.0
483, 429.0, 224.0
484, 660.0, 222.0
485, 323.0, 430.0
486, 362.0, 423.0
487, 346.0, 424.0
488, 106.0, 356.0
489, 55.0, 84.0
490, 419.0, 282.0
491, 217.0, 326.0
492, 180.0, 197.0
493, 198.0, 221.0
494, 556.0, 311.0
495, 130.0, 187.0
496, 180.0, 431.0
497, 371.0, 190.0
498, 350.0, 257.0
499, 394.0, 246.0
