0, 276.0, 362.0
1, 359.0, 407.0
2, 136.0, 351.0
3, 176.0, 173.0
4, 243.0, 257.0
5, 472.0, 238.0
6, 455.0, 329.0
7, 374.0, 398.0
8, 444.0, 278.0
9, 371.0, 283.0
10, 542.0, 285.0
11, 53.0, 198.0
12, 467.0, 335.0
13, 67.0, 195.0
14, 515.0, 68.0
15, 492.0, 314.0
16, 282.0, 353.0
17, 218.0, 278.0
18, 537.0, 437.0
19, 496.0, 288.0
20, 283.0, 90.0
21, 309.0, 220.0
22, 482.0, 292.0
23, 464.0, 120.0
24, 460.0, 264.0
25, 542.0, 137.0
26, 466.0, 99.0
27, 100.0, 143.0
28, 363.0, 396.0
29, 544.0, 245.0
30, 251.0, 161.0
31, 536.0, 359.0
32, 380.0, 312.0
33, 615.0, 374.0
34, 306.0, 172.0
35, 230.0, 456.0
36, 583.0, 223.0
37, 241.0, 305.0
38, 411.0, 99.0
39, 463.0, 135.0
40, 292.0, 118.0
41, 605.0, 141.0
42, 395.0, 134.0
43, 200.0, 147.0
44, 642.0, 300.0
45, 484.0, 339.0
46, 545.0, 233.0
47, 697.0, 77.0
48, 630.0, 74.0
49, 361.0, 307.0
50, 408.0, 150.0
51, 719.0, 258.0
52, 712.0, 225.0
53, 271.0, 84.0
54, 263.0, 220.0
55, 339.0, 165.0
56, 481.0, 100.0
57, 254.0, 128.0
58, 322.0, 349.0
59, 464.0, 314.0
60, 278.0, 73.0
61, 52.0, 208.0
62, 324.0, 332.0
63, 506.0, 306.0
64, 129.0, 284.0
65, 472.0, 347.0
66, 293.0, 132.0
67, 308.0, 78.0
68, 668.0, 295.0
69, 442.0, 21.0
70, 528.0, 343.0
71, 284.0, 191.0
72, 410.0, 119.0
73, 595.0, 157.0
74, 527.0, 444.0
75, 319.0, 280.0
76, 408.0, 326.0
77, 395.0, 100.0
78, 267.0, 390.0
79, 547.0, 401.0
80, 547.0, 207.0
81, 586.0, 366.0
82, 499.0, 228.0
83, 395.0, 120.0
84, 486.0, 433.0
85, 160.0, 222.0
86, 352.0, 257.0
87, 306.0, 155.0
88, 609.0, 123.0
89, 692.0, 52.0
90, 538.0, 149.0
91, 293.0, 60.0
92, 383.0, 278.0
93, 467.0, 388.0
94, 225.0, 270.0
95, 486.0, 281.0
96, 603.0, 441.0
97, 214.0, 247.0
98, 513.0, 216.0
99, 315.0, 182.0
100, 470.0, 257.0
101, 534.0, 372.0
102, 176.0, 286.0
103, 439.0, 386.0
104, 361.0, 215.0
105, 673.0, 241.0
106, 28.0, 261.0
107, 532.0, 244.0
108, 132.0, 298.0
109, 479.0, 121.0
110, 203.0, 198.0
111, 263.0, 426.0
112, 559.0, 352.0
113, 292.0, 72.0
114, 244.0, 317.0
115, 286.0, 210.0
116, 558.0, 307.0
117, 243.0, 459.0
118, 495.0, 450.0
119, 711.0, 40.0
120, 420.0, 460.0
121, 495.0, 249.0
122, 339.0, 133.0
123, 480.0, 266.0
124, 201.0, 157.0
125, 517.0, 324.0
126, 230.0, 166.0
127, 379.0, 206.0
128, 541.0, 302.0
129, 464.0, 360.0
130, 394.0, 454.0
131, 547.0, 327.0
132, 534.0, 326.0
133, 441.0, 425.0
134, 220.0, 232.0
135, 301.0, 90.0
136, 574.0, 358.0
137, 579.0, 234.0
138, 346.0, 392.0
139, 91.0, 83.0
140, 413.0, 32.0
141, 224.0, 297.0
142, 317.0, 202.0
143, 410.0, 134.0
144, 334.0, 392.0
145, 191.0, 171.0
146, 532.0, 383.0
147, 151.0, 241.0
148, 266.0, 174.0
149, 282.0, 240.0
150, 400.0, 260.0
151, 495.0, 403.0
152, 526.0, 404.0
153, 294.0, 468.0
154, 262.0, 310.0
155, 279.0, 273.0
156, 281.0, 167.0
157, 279.0, 312.0
158, 598.0, 100.0
159, 345.0, 383.0
160, 425.0, 382.0
161, 203.0, 169.0
162, 429.0, 15.0
163, 42.0, 307.0
164, 239.0, 291.0
165, 556.0, 407.0
166, 550.0, 439.0
167, 281.0, 180.0
168, 310.0, 62.0
169, 231.0, 59.0
170, 546.0, 218.0
171, 299.0, 245.0
172, 706.0, 188.0
173, 363.0, 158.0
174, 577.0, 138.0
175, 226.0, 321.0
176, 631.0, 298.0
177, 276.0, 112.0
178, 514.0, 334.0
179, 651.0, 266.0
180, 266.0, 360.0
181, 339.0, 100.0
182, 467.0, 404.0
183, 566.0, 187.0
184, 238.0, 75.0
185, 261.0, 185.0
186, 261.0, 302.0
187, 23.0, 319.0
188, 257.0, 377.0
189, 108.0, 252.0
190, 362.0, 205.0
191, 458.0, 345.0
192, 385.0, 389.0
193, 340.0, 51.0
194, 525.0, 282.0
195, 683.0, 78.0
196, 731.0, 335.0
197, 561.0, 272.0
198, 414.0, 371.0
199, 366.0, 252.0
200, 533.0, 297.0
201, 691.0, 98.0
202, 230.0, 256.0
203, 563.0, 121.0
204, 386.0, 150.0
205, 253.0, 225.0
206, 685.0, 123.0
207, 706.0, 244.0
208, 351.0, 229.0
209, 263.0, 205.0
210, 613.0, 99.0
211, 240.0, 374.0
212, 714.0, 381.0
213, 551.0, 318.0
214, 478.0, 404.0
215, 675.0, 158.0
216, 185.0, 204.0
217, 590.0, 140.0
218, 258.0, 268.0
219, 669.0, 179.0
220, 544.0, 122.0
221, 198.0, 190.0
222, 743.0, 304.0
223, 138.0, 202.0
224, 360.0, 79.0
225, 259.0, 290.0
226, 321.0, 148.0
227, 161.0, 270.0
228, 59.0, 258.0
229, 217.0, 292.0
230, 167.0, 206.0
231, 394.0, 313.0
232, 198.0, 263.0
233, 560.0, 324.0
234, 721.0, 362.0
235, 737.0, 274.0
236, 504.0, 322.0
237, 680.0, 140.0
238, 413.0, 446.0
239, 352.0, 166.0
240, 485.0, 416.0
241, 346.0, 358.0
242, 299.0, 24.0
243, 387.0, 302.0
244, 99.0, 304.0
245, 549.0, 370.0
246, 376.0, 261.0
247, 653.0, 252.0
248, 141.0, 436.0
249, 531.0, 254.0
250, 330.0, 193.0
251, 327.0, 163.0
252, 236.0, 469.0
253, 574.0, 148.0
254, 460.0, 290.0
255, 540.0, 313.0
256, 468.0, 462.0
257, 351.0, 149.0
258, 261.0, 460.0
259, 160.0, 447.0
260, 361.0, 277.0
261, 291.0, 100.0
262, 367.0, 386.0
263, 586.0, 200.0
264, 486.0, 463.0
265, 283.0, 327.0
266, 667.0, 266.0
267, 32.0, 454.0
268, 548.0, 100.0
269, 423.0, 448.0
270, 450.0, 246.0
271, 352.0, 101.0
272, 335.0, 373.0
273, 618.0, 130.0
274, 164.0, 163.0
275, 98.0, 169.0
276, 549.0, 307.0
277, 467.0, 185.0
278, 411.0, 78.0
279, 369.0, 354.0
280, 460.0, 377.0
281, 564.0, 138.0
282, 520.0, 278.0
283, 55.0, 458.0
284, 297.0, 162.0
285, 362.0, 149.0
286, 282.0, 58.0
287, 732.0, 237.0
288, 321.0, 250.0
289, 55.0, 224.0
290, 473.0, 222.0
291, 722.0, 195.0
292, 383.0, 400.0
293, 281.0, 297.0
294, 125.0, 158.0
295, 587.0, 76.0
296, 143.0, 336.0
297, 564.0, 99.0
298, 712.0, 344.0
299, 622.0, 158.0
300, 564.0, 233.0
301, 68.0, 211.0
302, 602.0, 76.0
303, 318.0, 260.0
304, 255.0, 406.0
305, 242.0, 103.0
306, 635.0, 158.0
307, 22.0, 245.0
308, 512.0, 352.0
309, 346.0, 291.0
310, 498.0, 433.0
311, 408.0, 294.0
312, 114.0, 234.0
313, 475.0, 441.0
314, 58.0, 234.0
315, 228.0, 468.0
316, 340.0, 227.0
317, 107.0, 10.0
318, 299.0, 456.0
319, 168.0, 413.0
320, 397.0, 333.0
321, 396.0, 79.0
322, 738.0, 219.0
323, 461.0, 224.0
324, 227.0, 104.0
325, 215.0, 356.0
326, 10.0, 324.0
327, 549.0, 391.0
328, 343.0, 180.0
329, 580.0, 121.0
330, 432.0, 410.0
331, 452.0, 237.0
332, 226.0, 425.0
333, 260.0, 148.0
334, 275.0, 346.0
335, 62.0, 247.0
336, 467.0, 78.0
337, 579.0, 157.0
338, 439.0, 293.0
339, 314.0, 268.0
340, 311.0, 10.0
341, 296.0, 191.0
342, 523.0, 301.0
343, 466.0, 30.0
344, 724.0, 290.0
345, 428.0, 351.0
346, 379.0, 187.0
347, 265.0, 347.0
348, 244.0, 136.0
349, 27.0, 466.0
350, 477.0, 136.0
351, 441.0, 152.0
352, 134.0, 233.0
353, 417.0, 359.0
354, 355.0, 267.0
355, 514.0, 364.0
356, 106.0, 156.0
357, 239.0, 223.0
358, 398.0, 9.0
359, 597.0, 366.0
360, 385.0, 171.0
361, 259.0, 74.0
362, 245.0, 42.0
363, 117.0, 439.0
364, 296.0, 273.0
365, 717.0, 331.0
366, 332.0, 67.0
367, 397.0, 30.0
368, 701.0, 32.0
369, 383.0, 441.0
370, 580.0, 66.0
371, 79.0, 33.0
372, 344.0, 314.0
373, 509.0, 405.0
374, 298.0, 171.0
375, 458.0, 272.0
376, 567.0, 379.0
377, 316.0, 229.0
378, 230.0, 153.0
379, 237.0, 411.0
380, 177.0, 8.0
381, 683.0, 222.0
382, 431.0, 400.0
383, 96.0, 467.0
384, 377.0, 25.0
385, 119.0, 252.0
386, 515.0, 443.0
387, 74.0, 222.0
388, 218.0, 138.0
389, 536.0, 418.0
390, 604.0, 66.0
391, 413.0, 471.0
392, 438.0, 304.0
393, 244.0, 396.0
394, 345.0, 373.0
395, 393.0, 273.0
396, 495.0, 420.0
397, 340.0, 216.0
398, 484.0, 322.0
399, 411.0, 458.0
400, 720.0, 176.0
401, 83.0, 264.0
402, 409.0, 175.0
403, 323.0, 219.0
404, 339.0, 119.0
405, 181.0, 62.0
406, 164.0, 427.0
407, 629.0, 181.0
408, 438.0, 31.0
409, 355.0, 350.0
410, 171.0, 262.0
411, 260.0, 256.0
412, 343.0, 239.0
413, 503.0, 194.0
414, 196.0, 248.0
415, 607.0, 164.0
416, 435.0, 276.0
417, 11.0, 196.0
418, 431.0, 439.0
419, 162.0, 404.0
420, 620.0, 404.0
421, 38.0, 208.0
422, 272.0, 197.0
423, 536.0, 406.0
424, 234.0, 356.0
425, 270.0, 297.0
426, 242.0, 327.0
427, 408.0, 236.0
428, 637.0, 411.0
429, 310.0, 246.0
430, 338.0, 79.0
431, 53.0, 9.0
432, 565.0, 224.0
433, 559.0, 294.0
434, 385.0, 367.0
435, 172.0, 190.0
436, 216.0, 196.0
437, 597.0, 390.0
438, 737.0, 74.0
439, 176.0, 347.0
440, 549.0, 195.0
441, 554.0, 341.0
442, 102.0, 225.0
443, 592.0, 123.0
444, 432.0, 318.0
445, 32.0, 358.0
446, 658.0, 228.0
447, 338.0, 446.0
448, 244.0, 344.0
449, 486.0, 165.0
450, 329.0, 405.0
451, 711.0, 74.0
452, 353.0, 336.0
453, 340.0, 255.0
454, 585.0, 98.0
455, 382.0, 10.0
456, 719.0, 427.0
457, 547.0, 185.0
458, 286.0, 414.0
459, 220.0, 154.0
460, 281.0, 25.0
461, 456.0, 304.0
462, 119.0, 459.0
463, 552.0, 380.0
464, 378.0, 239.0
465, 370.0, 11.0
466, 101.0, 400.0
467, 510.0, 294.0
468, 26.0, 216.0
469, 439.0, 460.0
470, 623.0, 353.0
471, 266.0, 238.0
472, 174.0, 378.0
473, 486.0, 361.0
474, 454.0, 284.0
475, 343.0, 328.0
476, 201.0, 220.0
477, 301.0, 181.0
478, 182.0, 221.0
479, 270.0, 376.0
480, 454.0, 394.0
481, 460.0, 448.0
482, 407.0, 382.0
483, 485.0, 381.0
484, 114.0, 140.0
485, 675.0, 340.0
486, 435.0, 174.0
487, 128.0, 214.0
488, 682.0, 296.0
489, 170.0, 52.0
490, 482.0, 77.0
491, 691.0, 40.0
492, 249.0, 76.0
493, 433.0, 220.0
494, 528.0, 393.0
495, 46.0, 269.0
496, 543.0, 259.0
497, 132.0, 77.0
498, 647.0, 122.0
499, 338.0, 275.0
