0, 521.0, 160.0
1, 252.0, 244.0
2, 320.0, 285.0
3, 311.0, 210.0
4, 211.0, 101.0
5, 124.0, 416.0
6, 660.0, 212.0
7, 486.0, 306.0
8, 213.0, 311.0
9, 35.0, 217.0
10, 367.0, 104.0
11, 517.0, 105.0
12, 621.0, 105.0
13, 305.0, 288.0
14, 250.0, 234.0
15, 343.0, 204.0
16, 70.0, 344.0
17, 34.0, 154.0
18, 242.0, 276.0
19, 540.0, 366.0
20, 463.0, 227.0
21, 69.0, 152.0
22, 431.0, 124.0
23, 261.0, 39.0
24, 133.0, 293.0
25, 459.0, 250.0
26, 475.0, 245.0
27, 285.0, 266.0
28, 434.0, 79.0
29, 120.0, 101.0
30, 593.0, 125.0
31, 239.0, 225.0
32, 307.0, 256.0
33, 45.0, 251.0
34, 192.0, 376.0
35, 572.0, 203.0
36, 62.0, 205.0
37, 69.0, 396.0
38, 335.0, 195.0
39, 109.0, 233.0
40, 478.0, 233.0
41, 143.0, 120.0
42, 551.0, 164.0
43, 482.0, 336.0
44, 608.0, 242.0
45, 339.0, 430.0
46, 136.0, 73.0
47, 434.0, 250.0
48, 74.0, 297.0
49, 285.0, 378.0
50, 103.0, 204.0
51, 678.0, 106.0
52, 73.0, 195.0
53, 303.0, 103.0
54, 180.0, 387.0
55, 535.0, 167.0
56, 217.0, 186.0
57, 461.0, 236.0
58, 162.0, 159.0
59, 319.0, 300.0
60, 82.0, 267.0
61, 368.0, 124.0
62, 187.0, 459.0
63, 597.0, 106.0
64, 523.0, 59.0
65, 213.0, 120.0
66, 554.0, 189.0
67, 219.0, 233.0
68, 598.0, 180.0
69, 324.0, 102.0
70, 432.0, 36.0
71, 61.0, 187.0
72, 104.0, 258.0
73, 253.0, 368.0
74, 92.0, 363.0
75, 561.0, 215.0
76, 572.0, 82.0
77, 525.0, 280.0
78, 548.0, 39.0
79, 226.0, 142.0
80, 258.0, 381.0
81, 658.0, 183.0
82, 127.0, 160.0
83, 638.0, 308.0
84, 260.0, 325.0
85, 265.0, 277.0
86, 511.0, 141.0
87, 623.0, 436.0
88, 514.0, 125.0
89, 146.0, 142.0
90, 200.0, 186.0
91, 525.0, 354.0
92, 212.0, 248.0
93, 338.0, 132.0
94, 394.0, 469.0
95, 524.0, 141.0
96, 648.0, 106.0
97, 560.0, 57.0
98, 480.0, 405.0
99, 227.0, 153.0
100, 26.0, 424.0
101, 143.0, 133.0
102, 214.0, 217.0
103, 666.0, 106.0
104, 130.0, 175.0
105, 82.0, 322.0
106, 37.0, 167.0
107, 537.0, 61.0
108, 582.0, 105.0
109, 616.0, 253.0
110, 166.0, 419.0
111, 530.0, 208.0
112, 328.0, 324.0
113, 111.0, 177.0
114, 464.0, 124.0
115, 73.0, 329.0
116, 101.0, 452.0
117, 426.0, 409.0
118, 585.0, 142.0
119, 92.0, 238.0
120, 296.0, 267.0
121, 675.0, 174.0
122, 135.0, 331.0
123, 636.0, 221.0
124, 45.0, 423.0
125, 325.0, 193.0
126, 501.0, 354.0
127, 338.0, 418.0
128, 303.0, 399.0
129, 84.0, 187.0
130, 316.0, 444.0
131, 181.0, 353.0
132, 418.0, 452.0
133, 20.0, 167.0
134, 294.0, 288.0
135, 239.0, 290.0
136, 382.0, 368.0
137, 305.0, 411.0
138, 105.0, 223.0
139, 625.0, 329.0
140, 208.0, 75.0
141, 538.0, 144.0
142, 481.0, 177.0
143, 566.0, 314.0
144, 271.0, 244.0
145, 141.0, 100.0
146, 124.0, 120.0
147, 598.0, 430.0
148, 229.0, 347.0
149, 453.0, 217.0
150, 314.0, 164.0
151, 113.0, 450.0
152, 593.0, 240.0
153, 317.0, 377.0
154, 187.0, 176.0
155, 295.0, 359.0
156, 682.0, 84.0
157, 390.0, 218.0
158, 592.0, 457.0
159, 541.0, 205.0
160, 230.0, 133.0
161, 116.0, 74.0
162, 158.0, 321.0
163, 87.0, 347.0
164, 203.0, 390.0
165, 428.0, 140.0
166, 244.0, 345.0
167, 26.0, 354.0
168, 128.0, 258.0
169, 417.0, 141.0
170, 197.0, 172.0
171, 328.0, 121.0
172, 320.0, 410.0
173, 336.0, 444.0
174, 644.0, 169.0
175, 90.0, 458.0
176, 120.0, 258.0
177, 533.0, 221.0
178, 94.0, 258.0
179, 61.0, 333.0
180, 58.0, 217.0
181, 94.0, 172.0
182, 349.0, 123.0
183, 616.0, 283.0
184, 422.0, 286.0
185, 340.0, 325.0
186, 42.0, 260.0
187, 57.0, 283.0
188, 432.0, 286.0
189, 174.0, 172.0
190, 16.0, 240.0
191, 29.0, 245.0
192, 301.0, 324.0
193, 506.0, 312.0
194, 201.0, 199.0
195, 549.0, 423.0
196, 473.0, 157.0
197, 614.0, 225.0
198, 232.0, 299.0
199, 499.0, 141.0
200, 304.0, 133.0
201, 521.0, 81.0
202, 221.0, 410.0
203, 625.0, 300.0
204, 307.0, 380.0
205, 305.0, 120.0
206, 469.0, 210.0
207, 368.0, 78.0
208, 432.0, 104.0
209, 243.0, 307.0
210, 62.0, 251.0
211, 625.0, 216.0
212, 151.0, 175.0
213, 186.0, 338.0
214, 152.0, 426.0
215, 577.0, 184.0
216, 598.0, 306.0
217, 273.0, 342.0
218, 111.0, 45.0
219, 246.0, 397.0
220, 369.0, 184.0
221, 100.0, 307.0
222, 665.0, 141.0
223, 490.0, 222.0
224, 612.0, 158.0
225, 355.0, 204.0
226, 320.0, 76.0
227, 282.0, 311.0
228, 475.0, 306.0
229, 213.0, 205.0
230, 694.0, 106.0
231, 506.0, 210.0
232, 272.0, 189.0
233, 222.0, 301.0
234, 61.0, 366.0
235, 249.0, 225.0
236, 293.0, 419.0
237, 445.0, 277.0
238, 435.0, 237.0
239, 672.0, 125.0
240, 257.0, 451.0
241, 283.0, 246.0
242, 325.0, 377.0
243, 90.0, 251.0
244, 149.0, 159.0
245, 271.0, 233.0
246, 569.0, 105.0
247, 403.0, 442.0
248, 186.0, 419.0
249, 555.0, 144.0
250, 509.0, 299.0
251, 431.0, 278.0
252, 29.0, 207.0
253, 60.0, 294.0
254, 495.0, 297.0
255, 585.0, 83.0
256, 576.0, 63.0
257, 648.0, 202.0
258, 454.0, 287.0
259, 231.0, 120.0
260, 48.0, 410.0
261, 553.0, 82.0
262, 311.0, 427.0
263, 583.0, 304.0
264, 438.0, 158.0
265, 136.0, 468.0
266, 563.0, 193.0
267, 477.0, 265.0
268, 197.0, 311.0
269, 601.0, 82.0
270, 608.0, 194.0
271, 408.0, 456.0
272, 433.0, 259.0
273, 687.0, 63.0
274, 554.0, 371.0
275, 405.0, 158.0
276, 672.0, 201.0
277, 490.0, 284.0
278, 76.0, 253.0
279, 516.0, 291.0
280, 259.0, 225.0
281, 96.0, 283.0
282, 207.0, 464.0
283, 227.0, 178.0
284, 651.0, 65.0
285, 254.0, 258.0
286, 47.0, 367.0
287, 699.0, 151.0
288, 271.0, 364.0
289, 223.0, 337.0
290, 369.0, 231.0
291, 277.0, 386.0
292, 549.0, 106.0
293, 283.0, 360.0
294, 225.0, 48.0
295, 558.0, 13.0
296, 193.0, 440.0
297, 170.0, 142.0
298, 273.0, 254.0
299, 21.0, 226.0
300, 680.0, 157.0
301, 229.0, 102.0
302, 99.0, 351.0
303, 547.0, 325.0
304, 590.0, 271.0
305, 581.0, 459.0
306, 323.0, 262.0
307, 65.0, 410.0
308, 390.0, 433.0
309, 566.0, 48.0
310, 568.0, 234.0
311, 475.0, 394.0
312, 264.0, 310.0
313, 45.0, 280.0
314, 298.0, 341.0
315, 456.0, 172.0
316, 124.0, 239.0
317, 132.0, 45.0
318, 415.0, 443.0
319, 571.0, 374.0
320, 468.0, 145.0
321, 614.0, 328.0
322, 37.0, 134.0
323, 59.0, 163.0
324, 562.0, 27.0
325, 581.0, 239.0
326, 70.0, 321.0
327, 178.0, 301.0
328, 329.0, 232.0
329, 544.0, 125.0
330, 286.0, 280.0
331, 454.0, 322.0
332, 10.0, 369.0
333, 418.0, 467.0
334, 235.0, 163.0
335, 603.0, 275.0
336, 389.0, 230.0
337, 216.0, 324.0
338, 22.0, 438.0
339, 255.0, 266.0
340, 607.0, 321.0
341, 314.0, 150.0
342, 630.0, 180.0
343, 565.0, 404.0
344, 632.0, 465.0
345, 533.0, 97.0
346, 267.0, 141.0
347, 35.0, 457.0
348, 23.0, 185.0
349, 230.0, 361.0
350, 378.0, 432.0
351, 164.0, 341.0
352, 378.0, 396.0
353, 528.0, 243.0
354, 488.0, 210.0
355, 643.0, 125.0
356, 350.0, 41.0
357, 314.0, 265.0
358, 647.0, 221.0
359, 140.0, 458.0
360, 100.0, 156.0
361, 42.0, 195.0
362, 103.0, 464.0
363, 532.0, 195.0
364, 129.0, 321.0
365, 43.0, 382.0
366, 261.0, 233.0
367, 227.0, 76.0
368, 569.0, 297.0
369, 91.0, 223.0
370, 525.0, 231.0
371, 337.0, 458.0
372, 35.0, 344.0
373, 336.0, 343.0
374, 167.0, 359.0
375, 417.0, 385.0
376, 142.0, 310.0
377, 595.0, 442.0
378, 646.0, 266.0
379, 362.0, 464.0
380, 73.0, 263.0
381, 398.0, 53.0
382, 253.0, 431.0
383, 448.0, 54.0
384, 29.0, 192.0
385, 531.0, 427.0
386, 329.0, 310.0
387, 447.0, 24.0
388, 229.0, 245.0
389, 225.0, 282.0
390, 310.0, 232.0
391, 213.0, 402.0
392, 261.0, 344.0
393, 94.0, 293.0
394, 578.0, 363.0
395, 49.0, 73.0
396, 232.0, 235.0
397, 16.0, 430.0
398, 549.0, 207.0
399, 606.0, 401.0
400, 159.0, 141.0
401, 588.0, 261.0
402, 564.0, 182.0
403, 269.0, 160.0
404, 311.0, 195.0
405, 678.0, 141.0
406, 85.0, 335.0
407, 485.0, 196.0
408, 170.0, 376.0
409, 141.0, 344.0
410, 519.0, 210.0
411, 96.0, 379.0
412, 58.0, 466.0
413, 121.0, 230.0
414, 306.0, 271.0
415, 111.0, 242.0
416, 580.0, 154.0
417, 412.0, 78.0
418, 639.0, 321.0
419, 335.0, 376.0
420, 349.0, 52.0
421, 92.0, 179.0
422, 432.0, 57.0
423, 133.0, 426.0
424, 25.0, 71.0
425, 215.0, 134.0
426, 420.0, 93.0
427, 123.0, 145.0
428, 587.0, 197.0
429, 540.0, 82.0
430, 618.0, 149.0
431, 391.0, 396.0
432, 419.0, 299.0
433, 587.0, 284.0
434, 541.0, 388.0
435, 206.0, 223.0
436, 214.0, 332.0
437, 349.0, 104.0
438, 288.0, 163.0
439, 350.0, 79.0
440, 301.0, 313.0
441, 325.0, 184.0
442, 602.0, 363.0
443, 421.0, 393.0
444, 11.0, 293.0
445, 164.0, 388.0
446, 307.0, 17.0
447, 612.0, 301.0
448, 631.0, 159.0
449, 390.0, 445.0
450, 112.0, 296.0
451, 354.0, 440.0
452, 364.0, 245.0
453, 627.0, 198.0
454, 470.0, 55.0
455, 391.0, 195.0
456, 303.0, 77.0
457, 374.0, 413.0
458, 337.0, 467.0
459, 408.0, 411.0
460, 239.0, 435.0
461, 484.0, 145.0
462, 214.0, 347.0
463, 349.0, 214.0
464, 334.0, 244.0
465, 605.0, 125.0
466, 211.0, 291.0
467, 634.0, 251.0
468, 532.0, 261.0
469, 478.0, 447.0
470, 544.0, 227.0
471, 419.0, 219.0
472, 574.0, 224.0
473, 702.0, 30.0
474, 205.0, 48.0
475, 131.0, 279.0
476, 575.0, 31.0
477, 167.0, 252.0
478, 242.0, 406.0
479, 43.0, 119.0
480, 18.0, 450.0
481, 240.0, 142.0
482, 529.0, 309.0
483, 339.0, 121.0
484, 532.0, 105.0
485, 545.0, 136.0
486, 303.0, 142.0
487, 280.0, 294.0
488, 109.0, 406.0
489, 53.0, 440.0
490, 643.0, 157.0
491, 605.0, 462.0
492, 609.0, 343.0
493, 236.0, 327.0
494, 647.0, 459.0
495, 112.0, 192.0
496, 338.0, 102.0
497, 659.0, 28.0
498, 603.0, 143.0
499, 459.0, 460.0
