0, 344.0, 319.0
1, 362.0, 437.0
2, 239.0, 244.0
3, 234.0, 303.0
4, 588.0, 244.0
5, 477.0, 52.0
6, 573.0, 293.0
7, 228.0, 370.0
8, 534.0, 29.0
9, 523.0, 59.0
10, 515.0, 82.0
11, 224.0, 348.0
12, 246.0, 190.0
13, 370.0, 311.0
14, 444.0, 54.0
15, 298.0, 202.0
16, 481.0, 125.0
17, 506.0, 46.0
18, 230.0, 275.0
19, 686.0, 28.0
20, 241.0, 350.0
21, 447.0, 467.0
22, 149.0, 421.0
23, 276.0, 271.0
24, 362.0, 337.0
25, 373.0, 155.0
26, 481.0, 430.0
27, 311.0, 144.0
28, 186.0, 329.0
29, 517.0, 68.0
30, 148.0, 61.0
31, 640.0, 42.0
32, 167.0, 425.0
33, 322.0, 163.0
34, 484.0, 84.0
35, 168.0, 63.0
36, 456.0, 76.0
37, 292.0, 271.0
38, 212.0, 163.0
39, 388.0, 313.0
40, 454.0, 419.0
41, 160.0, 36.0
42, 111.0, 45.0
43, 333.0, 399.0
44, 136.0, 255.0
45, 77.0, 428.0
46, 363.0, 428.0
47, 158.0, 339.0
48, 351.0, 143.0
49, 269.0, 410.0
50, 455.0, 193.0
51, 331.0, 164.0
52, 493.0, 449.0
53, 429.0, 147.0
54, 156.0, 221.0
55, 397.0, 167.0
56, 287.0, 415.0
57, 307.0, 439.0
58, 679.0, 218.0
59, 233.0, 196.0
60, 220.0, 93.0
61, 661.0, 13.0
62, 432.0, 66.0
63, 154.0, 356.0
64, 379.0, 57.0
65, 225.0, 185.0
66, 323.0, 25.0
67, 462.0, 125.0
68, 495.0, 93.0
69, 316.0, 340.0
70, 332.0, 123.0
71, 348.0, 177.0
72, 473.0, 89.0
73, 63.0, 280.0
74, 353.0, 154.0
75, 255.0, 57.0
76, 193.0, 277.0
77, 437.0, 432.0
78, 521.0, 443.0
79, 417.0, 149.0
80, 105.0, 420.0
81, 224.0, 170.0
82, 185.0, 73.0
83, 185.0, 352.0
84, 399.0, 30.0
85, 116.0, 252.0
86, 438.0, 124.0
87, 334.0, 319.0
88, 131.0, 58.0
89, 729.0, 43.0
90, 58.0, 200.0
91, 312.0, 135.0
92, 297.0, 192.0
93, 305.0, 405.0
94, 228.0, 334.0
95, 160.0, 402.0
96, 445.0, 66.0
97, 190.0, 206.0
98, 416.0, 83.0
99, 345.0, 392.0
100, 286.0, 383.0
101, 379.0, 68.0
102, 668.0, 69.0
103, 193.0, 293.0
104, 262.0, 384.0
105, 483.0, 105.0
106, 152.0, 70.0
107, 446.0, 426.0
108, 596.0, 11.0
109, 338.0, 411.0
110, 181.0, 65.0
111, 234.0, 360.0
112, 250.0, 138.0
113, 320.0, 428.0
114, 364.0, 173.0
115, 146.0, 381.0
116, 458.0, 66.0
117, 578.0, 55.0
118, 274.0, 199.0
119, 362.0, 401.0
120, 415.0, 221.0
121, 467.0, 298.0
122, 277.0, 236.0
123, 433.0, 182.0
124, 203.0, 165.0
125, 292.0, 326.0
126, 212.0, 306.0
127, 340.0, 303.0
128, 336.0, 238.0
129, 456.0, 213.0
130, 507.0, 18.0
131, 361.0, 193.0
132, 260.0, 207.0
133, 465.0, 437.0
134, 145.0, 407.0
135, 504.0, 409.0
136, 562.0, 302.0
137, 394.0, 15.0
138, 485.0, 457.0
139, 228.0, 256.0
140, 340.0, 114.0
141, 468.0, 156.0
142, 243.0, 221.0
143, 86.0, 281.0
144, 487.0, 465.0
145, 301.0, 154.0
146, 341.0, 143.0
147, 482.0, 288.0
148, 58.0, 264.0
149, 384.0, 285.0
150, 392.0, 294.0
151, 174.0, 174.0
152, 244.0, 234.0
153, 331.0, 114.0
154, 308.0, 315.0
155, 389.0, 124.0
156, 126.0, 305.0
157, 322.0, 396.0
158, 242.0, 210.0
159, 743.0, 49.0
160, 699.0, 28.0
161, 203.0, 314.0
162, 327.0, 386.0
163, 509.0, 441.0
164, 256.0, 469.0
165, 32.0, 108.0
166, 389.0, 133.0
167, 105.0, 19.0
168, 261.0, 219.0
169, 132.0, 355.0
170, 437.0, 140.0
171, 183.0, 305.0
172, 293.0, 258.0
173, 377.0, 362.0
174, 239.0, 174.0
175, 245.0, 393.0
176, 456.0, 460.0
177, 154.0, 390.0
178, 300.0, 145.0
179, 218.0, 367.0
180, 284.0, 440.0
181, 201.0, 343.0
182, 298.0, 219.0
183, 331.0, 91.0
184, 332.0, 101.0
185, 335.0, 19.0
186, 428.0, 124.0
187, 315.0, 245.0
188, 322.0, 279.0
189, 151.0, 434.0
190, 495.0, 458.0
191, 377.0, 47.0
192, 563.0, 288.0
193, 170.0, 325.0
194, 291.0, 281.0
195, 398.0, 458.0
196, 445.0, 168.0
197, 162.0, 256.0
198, 178.0, 106.0
199, 190.0, 217.0
200, 506.0, 29.0
201, 107.0, 64.0
202, 717.0, 55.0
203, 9.0, 58.0
204, 298.0, 248.0
205, 104.0, 449.0
206, 102.0, 222.0
207, 456.0, 451.0
208, 262.0, 241.0
209, 171.0, 23.0
210, 408.0, 200.0
211, 509.0, 59.0
212, 377.0, 458.0
213, 259.0, 185.0
214, 271.0, 26.0
215, 386.0, 265.0
216, 81.0, 458.0
217, 445.0, 354.0
218, 462.0, 134.0
219, 688.0, 19.0
220, 406.0, 348.0
221, 236.0, 113.0
222, 313.0, 158.0
223, 440.0, 83.0
224, 308.0, 279.0
225, 158.0, 232.0
226, 277.0, 157.0
227, 115.0, 238.0
228, 321.0, 407.0
229, 458.0, 148.0
230, 90.0, 63.0
231, 467.0, 34.0
232, 338.0, 191.0
233, 374.0, 432.0
234, 445.0, 46.0
235, 466.0, 462.0
236, 476.0, 463.0
237, 262.0, 130.0
238, 265.0, 331.0
239, 528.0, 47.0
240, 279.0, 298.0
241, 13.0, 237.0
242, 397.0, 468.0
243, 273.0, 357.0
244, 299.0, 237.0
245, 78.0, 48.0
246, 726.0, 96.0
247, 419.0, 68.0
248, 186.0, 169.0
249, 450.0, 98.0
250, 207.0, 108.0
251, 245.0, 418.0
252, 150.0, 36.0
253, 543.0, 404.0
254, 406.0, 156.0
255, 562.0, 253.0
256, 209.0, 327.0
257, 353.0, 209.0
258, 311.0, 174.0
259, 33.0, 362.0
260, 18.0, 269.0
261, 510.0, 451.0
262, 160.0, 416.0
263, 67.0, 426.0
264, 329.0, 353.0
265, 249.0, 149.0
266, 500.0, 82.0
267, 371.0, 96.0
268, 362.0, 66.0
269, 131.0, 69.0
270, 514.0, 95.0
271, 42.0, 392.0
272, 576.0, 36.0
273, 281.0, 396.0
274, 194.0, 358.0
275, 215.0, 261.0
276, 398.0, 449.0
277, 361.0, 96.0
278, 318.0, 96.0
279, 10.0, 221.0
280, 263.0, 100.0
281, 252.0, 455.0
282, 63.0, 363.0
283, 81.0, 443.0
284, 620.0, 31.0
285, 474.0, 179.0
286, 275.0, 79.0
287, 533.0, 63.0
288, 634.0, 215.0
289, 428.0, 456.0
290, 125.0, 372.0
291, 362.0, 293.0
292, 117.0, 431.0
293, 101.0, 52.0
294, 284.0, 181.0
295, 210.0, 79.0
296, 369.0, 353.0
297, 457.0, 469.0
298, 178.0, 367.0
299, 457.0, 174.0
300, 194.0, 315.0
301, 514.0, 30.0
302, 216.0, 155.0
303, 170.0, 12.0
304, 483.0, 32.0
305, 225.0, 215.0
306, 242.0, 69.0
307, 198.0, 400.0
308, 323.0, 456.0
309, 571.0, 73.0
310, 398.0, 69.0
311, 513.0, 462.0
312, 249.0, 431.0
313, 406.0, 14.0
314, 183.0, 50.0
315, 181.0, 39.0
316, 496.0, 61.0
317, 580.0, 230.0
318, 537.0, 44.0
319, 29.0, 148.0
320, 475.0, 336.0
321, 622.0, 45.0
322, 586.0, 23.0
323, 10.0, 133.0
324, 508.0, 422.0
325, 268.0, 400.0
326, 417.0, 103.0
327, 45.0, 57.0
328, 210.0, 352.0
329, 172.0, 339.0
330, 411.0, 184.0
331, 147.0, 49.0
332, 391.0, 82.0
333, 398.0, 46.0
334, 303.0, 173.0
335, 200.0, 74.0
336, 498.0, 106.0
337, 258.0, 353.0
338, 209.0, 123.0
339, 131.0, 427.0
340, 174.0, 235.0
341, 312.0, 123.0
342, 190.0, 39.0
343, 86.0, 262.0
344, 651.0, 81.0
345, 98.0, 397.0
346, 737.0, 66.0
347, 26.0, 203.0
348, 241.0, 14.0
349, 536.0, 386.0
350, 191.0, 59.0
351, 79.0, 62.0
352, 75.0, 273.0
353, 497.0, 467.0
354, 177.0, 404.0
355, 333.0, 132.0
356, 362.0, 47.0
357, 18.0, 26.0
358, 550.0, 53.0
359, 266.0, 84.0
360, 590.0, 231.0
361, 42.0, 247.0
362, 615.0, 91.0
363, 174.0, 349.0
364, 392.0, 175.0
365, 466.0, 102.0
366, 232.0, 26.0
367, 295.0, 402.0
368, 189.0, 189.0
369, 521.0, 20.0
370, 164.0, 310.0
371, 36.0, 174.0
372, 734.0, 80.0
373, 106.0, 368.0
374, 534.0, 397.0
375, 358.0, 115.0
376, 263.0, 278.0
377, 255.0, 47.0
378, 85.0, 367.0
379, 39.0, 44.0
380, 46.0, 413.0
381, 99.0, 107.0
382, 371.0, 241.0
383, 332.0, 433.0
384, 421.0, 46.0
385, 417.0, 115.0
386, 376.0, 172.0
387, 250.0, 337.0
388, 335.0, 298.0
389, 433.0, 45.0
390, 279.0, 422.0
391, 308.0, 299.0
392, 20.0, 184.0
393, 419.0, 56.0
394, 212.0, 175.0
395, 88.0, 105.0
396, 655.0, 22.0
397, 512.0, 393.0
398, 299.0, 382.0
399, 381.0, 95.0
400, 218.0, 410.0
401, 136.0, 373.0
402, 467.0, 470.0
403, 428.0, 447.0
404, 311.0, 186.0
405, 20.0, 114.0
406, 247.0, 160.0
407, 389.0, 233.0
408, 356.0, 413.0
409, 626.0, 9.0
410, 163.0, 379.0
411, 13.0, 77.0
412, 271.0, 184.0
413, 567.0, 242.0
414, 26.0, 332.0
415, 303.0, 96.0
416, 350.0, 336.0
417, 323.0, 266.0
418, 465.0, 445.0
419, 255.0, 170.0
420, 376.0, 295.0
421, 276.0, 281.0
422, 352.0, 309.0
423, 572.0, 19.0
424, 236.0, 147.0
425, 101.0, 211.0
426, 162.0, 350.0
427, 225.0, 50.0
428, 98.0, 235.0
429, 371.0, 210.0
430, 314.0, 290.0
431, 250.0, 378.0
432, 317.0, 79.0
433, 200.0, 33.0
434, 159.0, 462.0
435, 530.0, 275.0
436, 465.0, 115.0
437, 672.0, 94.0
438, 547.0, 385.0
439, 341.0, 448.0
440, 531.0, 411.0
441, 101.0, 258.0
442, 171.0, 291.0
443, 115.0, 374.0
444, 474.0, 279.0
445, 103.0, 274.0
446, 338.0, 176.0
447, 492.0, 221.0
448, 361.0, 143.0
449, 607.0, 245.0
450, 529.0, 102.0
451, 293.0, 337.0
452, 352.0, 425.0
453, 212.0, 341.0
454, 311.0, 418.0
455, 75.0, 390.0
456, 341.0, 151.0
457, 347.0, 278.0
458, 569.0, 266.0
459, 130.0, 415.0
460, 193.0, 238.0
461, 437.0, 411.0
462, 396.0, 146.0
463, 156.0, 200.0
464, 122.0, 327.0
465, 220.0, 75.0
466, 388.0, 115.0
467, 160.0, 300.0
468, 401.0, 322.0
469, 393.0, 210.0
470, 429.0, 115.0
471, 299.0, 437.0
472, 140.0, 348.0
473, 180.0, 430.0
474, 283.0, 135.0
475, 233.0, 263.0
476, 286.0, 188.0
477, 645.0, 9.0
478, 353.0, 262.0
479, 285.0, 403.0
480, 121.0, 341.0
481, 105.0, 192.0
482, 475.0, 293.0
483, 446.0, 449.0
484, 279.0, 255.0
485, 266.0, 296.0
486, 229.0, 15.0
487, 186.0, 316.0
488, 316.0, 229.0
489, 529.0, 8.0
490, 287.0, 47.0
491, 342.0, 284.0
492, 477.0, 204.0
493, 111.0, 219.0
494, 322.0, 259.0
495, 202.0, 292.0
496, 175.0, 256.0
497, 17.0, 452.0
498, 684.0, 41.0
499, 43.0, 201.0
