0, 487.0, 117.0
1, 488.0, 53.0
2, 591.0, 42.0
3, 533.0, 63.0
4, 528.0, 131.0
5, 509.0, 65.0
6, 590.0, 112.0
7, 148.0, 107.0
8, 519.0, 63.0
9, 309.0, 167.0
10, 367.0, 62.0
11, 618.0, 227.0
12, 618.0, 158.0
13, 109.0, 30.0
14, 304.0, 42.0
15, 564.0, 20.0
16, 164.0, 113.0
17, 453.0, 136.0
18, 215.0, 45.0
19, 154.0, 43.0
20, 536.0, 24.0
21, 378.0, 49.0
22, 613.0, 170.0
23, 459.0, 24.0
24, 548.0, 71.0
25, 554.0, 126.0
26, 533.0, 119.0
27, 348.0, 9.0
28, 617.0, 207.0
29, 307.0, 74.0
30, 467.0, 141.0
31, 62.0, 106.0
32, 620.0, 244.0
33, 476.0, 114.0
34, 667.0, 118.0
35, 166.0, 9.0
36, 282.0, 179.0
37, 478.0, 232.0
38, 551.0, 31.0
39, 581.0, 21.0
40, 480.0, 62.0
41, 609.0, 33.0
42, 724.0, 192.0
43, 152.0, 29.0
44, 567.0, 39.0
45, 240.0, 18.0
46, 318.0, 57.0
47, 166.0, 41.0
48, 182.0, 84.0
49, 248.0, 160.0
50, 237.0, 111.0
51, 531.0, 164.0
52, 299.0, 153.0
53, 539.0, 71.0
54, 592.0, 121.0
55, 193.0, 41.0
56, 328.0, 167.0
57, 344.0, 43.0
58, 331.0, 232.0
59, 183.0, 18.0
60, 47.0, 95.0
61, 659.0, 157.0
62, 360.0, 46.0
63, 575.0, 132.0
64, 19.0, 133.0
65, 180.0, 113.0
66, 512.0, 113.0
67, 396.0, 18.0
68, 688.0, 24.0
69, 188.0, 67.0
70, 414.0, 24.0
71, 309.0, 139.0
72, 709.0, 241.0
73, 479.0, 103.0
74, 354.0, 61.0
75, 440.0, 360.0
76, 159.0, 250.0
77, 47.0, 115.0
78, 700.0, 225.0
79, 580.0, 62.0
80, 391.0, 52.0
81, 220.0, 148.0
82, 284.0, 97.0
83, 448.0, 114.0
84, 260.0, 54.0
85, 541.0, 368.0
86, 654.0, 116.0
87, 620.0, 145.0
88, 622.0, 34.0
89, 675.0, 36.0
90, 700.0, 185.0
91, 515.0, 30.0
92, 437.0, 135.0
93, 685.0, 198.0
94, 302.0, 206.0
95, 211.0, 27.0
96, 47.0, 234.0
97, 504.0, 183.0
98, 561.0, 329.0
99, 149.0, 220.0
100, 287.0, 82.0
101, 225.0, 11.0
102, 299.0, 56.0
103, 300.0, 11.0
104, 318.0, 313.0
105, 668.0, 76.0
106, 602.0, 212.0
107, 611.0, 105.0
108, 278.0, 51.0
109, 742.0, 265.0
110, 499.0, 224.0
111, 642.0, 121.0
112, 365.0, 11.0
113, 512.0, 200.0
114, 284.0, 152.0
115, 406.0, 49.0
116, 310.0, 86.0
117, 654.0, 26.0
118, 550.0, 409.0
119, 260.0, 201.0
120, 282.0, 139.0
121, 587.0, 99.0
122, 571.0, 198.0
123, 427.0, 9.0
124, 175.0, 250.0
125, 666.0, 34.0
126, 253.0, 176.0
127, 339.0, 98.0
128, 642.0, 166.0
129, 638.0, 15.0
130, 562.0, 283.0
131, 114.0, 215.0
132, 713.0, 77.0
133, 515.0, 49.0
134, 608.0, 192.0
135, 703.0, 169.0
136, 655.0, 177.0
137, 633.0, 229.0
138, 114.0, 333.0
139, 442.0, 15.0
140, 124.0, 171.0
141, 365.0, 33.0
142, 467.0, 34.0
143, 195.0, 175.0
144, 620.0, 217.0
145, 331.0, 110.0
146, 649.0, 200.0
147, 370.0, 251.0
148, 342.0, 22.0
149, 98.0, 272.0
150, 601.0, 227.0
151, 421.0, 362.0
152, 118.0, 260.0
153, 431.0, 111.0
154, 301.0, 65.0
155, 208.0, 58.0
156, 622.0, 70.0
157, 510.0, 156.0
158, 106.0, 41.0
159, 548.0, 337.0
160, 394.0, 32.0
161, 31.0, 131.0
162, 555.0, 311.0
163, 106.0, 284.0
164, 495.0, 108.0
165, 570.0, 267.0
166, 602.0, 311.0
167, 239.0, 140.0
168, 285.0, 127.0
169, 719.0, 169.0
170, 482.0, 203.0
171, 276.0, 77.0
172, 525.0, 29.0
173, 196.0, 23.0
174, 572.0, 84.0
175, 139.0, 55.0
176, 67.0, 89.0
177, 150.0, 281.0
178, 596.0, 279.0
179, 150.0, 162.0
180, 104.0, 61.0
181, 501.0, 69.0
182, 611.0, 286.0
183, 324.0, 65.0
184, 121.0, 284.0
185, 209.0, 95.0
186, 639.0, 39.0
187, 486.0, 36.0
188, 661.0, 99.0
189, 202.0, 73.0
190, 138.0, 20.0
191, 128.0, 322.0
192, 603.0, 244.0
193, 241.0, 168.0
194, 71.0, 309.0
195, 714.0, 41.0
196, 216.0, 397.0
197, 199.0, 260.0
198, 613.0, 14.0
199, 636.0, 213.0
200, 376.0, 36.0
201, 535.0, 467.0
202, 147.0, 119.0
203, 502.0, 60.0
204, 280.0, 66.0
205, 619.0, 47.0
206, 167.0, 62.0
207, 610.0, 453.0
208, 615.0, 91.0
209, 456.0, 230.0
210, 122.0, 63.0
211, 277.0, 187.0
212, 637.0, 130.0
213, 218.0, 58.0
214, 365.0, 25.0
215, 377.0, 8.0
216, 232.0, 179.0
217, 687.0, 425.0
218, 460.0, 61.0
219, 172.0, 261.0
220, 250.0, 68.0
221, 204.0, 246.0
222, 60.0, 73.0
223, 121.0, 85.0
224, 263.0, 168.0
225, 555.0, 386.0
226, 294.0, 112.0
227, 705.0, 125.0
228, 503.0, 50.0
229, 656.0, 36.0
230, 579.0, 302.0
231, 261.0, 123.0
232, 152.0, 350.0
233, 642.0, 270.0
234, 442.0, 234.0
235, 290.0, 32.0
236, 37.0, 302.0
237, 479.0, 258.0
238, 553.0, 107.0
239, 563.0, 361.0
240, 31.0, 287.0
241, 226.0, 134.0
242, 104.0, 295.0
243, 34.0, 317.0
244, 556.0, 153.0
245, 507.0, 122.0
246, 595.0, 137.0
247, 743.0, 285.0
248, 565.0, 67.0
249, 698.0, 38.0
250, 392.0, 9.0
251, 639.0, 179.0
252, 333.0, 295.0
253, 727.0, 233.0
254, 625.0, 197.0
255, 249.0, 280.0
256, 80.0, 328.0
257, 723.0, 70.0
258, 597.0, 22.0
259, 701.0, 238.0
260, 141.0, 291.0
261, 243.0, 36.0
262, 456.0, 299.0
263, 258.0, 9.0
264, 637.0, 201.0
265, 706.0, 444.0
266, 141.0, 155.0
267, 406.0, 266.0
268, 387.0, 66.0
269, 581.0, 189.0
270, 365.0, 284.0
271, 555.0, 398.0
272, 392.0, 117.0
273, 293.0, 249.0
274, 605.0, 124.0
275, 723.0, 247.0
276, 316.0, 97.0
277, 285.0, 168.0
278, 53.0, 314.0
279, 645.0, 154.0
280, 273.0, 11.0
281, 583.0, 398.0
282, 466.0, 42.0
283, 553.0, 55.0
284, 222.0, 78.0
285, 341.0, 32.0
286, 12.0, 83.0
287, 714.0, 89.0
288, 541.0, 54.0
289, 602.0, 430.0
290, 113.0, 16.0
291, 119.0, 307.0
292, 540.0, 378.0
293, 87.0, 165.0
294, 317.0, 39.0
295, 73.0, 295.0
296, 35.0, 113.0
297, 238.0, 230.0
298, 110.0, 188.0
299, 169.0, 26.0
300, 708.0, 186.0
301, 76.0, 73.0
302, 469.0, 224.0
303, 740.0, 39.0
304, 497.0, 176.0
305, 352.0, 242.0
306, 414.0, 89.0
307, 434.0, 87.0
308, 455.0, 246.0
309, 431.0, 130.0
310, 612.0, 251.0
311, 342.0, 184.0
312, 250.0, 119.0
313, 580.0, 413.0
314, 554.0, 8.0
315, 573.0, 72.0
316, 103.0, 12.0
317, 321.0, 286.0
318, 296.0, 85.0
319, 255.0, 29.0
320, 287.0, 8.0
321, 178.0, 71.0
322, 592.0, 256.0
323, 573.0, 119.0
324, 256.0, 113.0
325, 90.0, 17.0
326, 603.0, 159.0
327, 646.0, 134.0
328, 431.0, 29.0
329, 428.0, 284.0
330, 347.0, 152.0
331, 199.0, 13.0
332, 461.0, 118.0
333, 88.0, 282.0
334, 104.0, 342.0
335, 186.0, 52.0
336, 607.0, 115.0
337, 75.0, 265.0
338, 165.0, 167.0
339, 251.0, 188.0
340, 736.0, 181.0
341, 699.0, 280.0
342, 292.0, 47.0
343, 499.0, 38.0
344, 105.0, 307.0
345, 90.0, 24.0
346, 45.0, 284.0
347, 602.0, 382.0
348, 322.0, 200.0
349, 58.0, 298.0
350, 715.0, 112.0
351, 542.0, 432.0
352, 191.0, 115.0
353, 270.0, 277.0
354, 545.0, 139.0
355, 132.0, 207.0
356, 423.0, 51.0
357, 385.0, 323.0
358, 49.0, 25.0
359, 129.0, 8.0
360, 612.0, 427.0
361, 267.0, 221.0
362, 233.0, 132.0
363, 319.0, 13.0
364, 164.0, 223.0
365, 299.0, 124.0
366, 28.0, 99.0
367, 17.0, 323.0
368, 472.0, 212.0
369, 9.0, 291.0
370, 258.0, 155.0
371, 173.0, 87.0
372, 47.0, 328.0
373, 739.0, 461.0
374, 220.0, 121.0
375, 654.0, 415.0
376, 144.0, 309.0
377, 451.0, 146.0
378, 93.0, 335.0
379, 646.0, 111.0
380, 503.0, 412.0
381, 83.0, 340.0
382, 504.0, 133.0
383, 14.0, 118.0
384, 500.0, 103.0
385, 184.0, 168.0
386, 37.0, 95.0
387, 410.0, 381.0
388, 531.0, 43.0
389, 295.0, 298.0
390, 57.0, 360.0
391, 516.0, 333.0
392, 58.0, 223.0
393, 377.0, 23.0
394, 56.0, 265.0
395, 437.0, 40.0
396, 738.0, 243.0
397, 530.0, 51.0
398, 239.0, 8.0
399, 703.0, 213.0
400, 134.0, 166.0
401, 63.0, 335.0
402, 671.0, 348.0
403, 445.0, 31.0
404, 180.0, 49.0
405, 89.0, 205.0
406, 331.0, 14.0
407, 36.0, 253.0
408, 631.0, 143.0
409, 35.0, 346.0
410, 21.0, 296.0
411, 255.0, 95.0
412, 276.0, 34.0
413, 157.0, 298.0
414, 133.0, 32.0
415, 255.0, 128.0
416, 675.0, 120.0
417, 633.0, 345.0
418, 378.0, 356.0
419, 12.0, 242.0
420, 420.0, 103.0
421, 575.0, 154.0
422, 43.0, 407.0
423, 519.0, 420.0
424, 40.0, 267.0
425, 68.0, 323.0
426, 675.0, 11.0
427, 341.0, 56.0
428, 729.0, 325.0
429, 261.0, 142.0
430, 111.0, 91.0
431, 718.0, 230.0
432, 407.0, 340.0
433, 631.0, 148.0
434, 586.0, 377.0
435, 572.0, 447.0
436, 337.0, 352.0
437, 254.0, 15.0
438, 351.0, 219.0
439, 526.0, 42.0
440, 371.0, 22.0
441, 64.0, 347.0
442, 133.0, 375.0
443, 62.0, 371.0
444, 146.0, 8.0
445, 637.0, 413.0
446, 22.0, 258.0
447, 588.0, 197.0
448, 727.0, 456.0
449, 423.0, 24.0
450, 99.0, 196.0
451, 160.0, 18.0
452, 400.0, 238.0
453, 624.0, 449.0
454, 183.0, 133.0
455, 11.0, 340.0
456, 663.0, 216.0
457, 209.0, 82.0
458, 643.0, 254.0
459, 701.0, 261.0
460, 160.0, 266.0
461, 546.0, 350.0
462, 367.0, 53.0
463, 129.0, 295.0
464, 22.0, 86.0
465, 627.0, 119.0
466, 578.0, 50.0
467, 539.0, 392.0
468, 581.0, 201.0
469, 62.0, 283.0
470, 200.0, 119.0
471, 592.0, 184.0
472, 712.0, 8.0
473, 347.0, 238.0
474, 625.0, 268.0
475, 320.0, 124.0
476, 735.0, 234.0
477, 430.0, 19.0
478, 289.0, 195.0
479, 388.0, 160.0
480, 22.0, 271.0
481, 228.0, 88.0
482, 488.0, 321.0
483, 84.0, 308.0
484, 30.0, 279.0
485, 175.0, 125.0
486, 346.0, 72.0
487, 113.0, 146.0
488, 216.0, 126.0
489, 495.0, 125.0
490, 83.0, 281.0
491, 638.0, 158.0
492, 627.0, 185.0
493, 230.0, 65.0
494, 670.0, 23.0
495, 58.0, 254.0
496, 50.0, 341.0
497, 140.0, 219.0
498, 318.0, 44.0
499, 706.0, 362.0
