0, 327.0, 282.0
1, 270.0, 358.0
2, 101.0, 215.0
3, 453.0, 252.0
4, 323.0, 239.0
5, 171.0, 367.0
6, 387.0, 203.0
7, 412.0, 357.0
8, 413.0, 347.0
9, 84.0, 183.0
10, 422.0, 117.0
11, 356.0, 357.0
12, 424.0, 346.0
13, 372.0, 195.0
14, 319.0, 381.0
15, 437.0, 195.0
16, 454.0, 29.0
17, 384.0, 257.0
18, 372.0, 70.0
19, 315.0, 213.0
20, 121.0, 347.0
21, 15.0, 96.0
22, 383.0, 150.0
23, 393.0, 225.0
24, 298.0, 178.0
25, 89.0, 230.0
26, 337.0, 246.0
27, 356.0, 92.0
28, 97.0, 199.0
29, 371.0, 445.0
30, 311.0, 237.0
31, 299.0, 158.0
32, 427.0, 29.0
33, 58.0, 217.0
34, 16.0, 425.0
35, 222.0, 47.0
36, 448.0, 127.0
37, 469.0, 103.0
38, 39.0, 422.0
39, 52.0, 230.0
40, 290.0, 129.0
41, 426.0, 39.0
42, 384.0, 116.0
43, 370.0, 118.0
44, 467.0, 225.0
45, 30.0, 418.0
46, 387.0, 388.0
47, 379.0, 223.0
48, 472.0, 68.0
49, 113.0, 397.0
50, 445.0, 457.0
51, 471.0, 85.0
52, 89.0, 218.0
53, 415.0, 29.0
54, 135.0, 372.0
55, 452.0, 395.0
56, 355.0, 254.0
57, 355.0, 288.0
58, 421.0, 324.0
59, 492.0, 29.0
60, 19.0, 364.0
61, 314.0, 21.0
62, 412.0, 417.0
63, 345.0, 213.0
64, 208.0, 163.0
65, 293.0, 297.0
66, 263.0, 31.0
67, 369.0, 371.0
68, 307.0, 328.0
69, 410.0, 115.0
70, 451.0, 68.0
71, 288.0, 255.0
72, 282.0, 356.0
73, 478.0, 214.0
74, 237.0, 268.0
75, 307.0, 186.0
76, 210.0, 177.0
77, 323.0, 451.0
78, 346.0, 92.0
79, 303.0, 125.0
80, 143.0, 362.0
81, 248.0, 449.0
82, 442.0, 141.0
83, 490.0, 49.0
84, 410.0, 281.0
85, 144.0, 415.0
86, 379.0, 213.0
87, 94.0, 183.0
88, 175.0, 380.0
89, 102.0, 377.0
90, 382.0, 269.0
91, 332.0, 299.0
92, 316.0, 245.0
93, 415.0, 185.0
94, 155.0, 366.0
95, 294.0, 94.0
96, 107.0, 288.0
97, 67.0, 234.0
98, 150.0, 404.0
99, 332.0, 156.0
100, 272.0, 65.0
101, 458.0, 218.0
102, 409.0, 100.0
103, 410.0, 267.0
104, 269.0, 449.0
105, 336.0, 145.0
106, 439.0, 176.0
107, 150.0, 377.0
108, 261.0, 276.0
109, 423.0, 355.0
110, 263.0, 427.0
111, 324.0, 56.0
112, 303.0, 81.0
113, 315.0, 93.0
114, 314.0, 192.0
115, 155.0, 415.0
116, 434.0, 285.0
117, 73.0, 192.0
118, 295.0, 447.0
119, 381.0, 184.0
120, 88.0, 354.0
121, 51.0, 116.0
122, 253.0, 387.0
123, 264.0, 315.0
124, 372.0, 268.0
125, 296.0, 39.0
126, 303.0, 252.0
127, 19.0, 176.0
128, 333.0, 230.0
129, 425.0, 83.0
130, 421.0, 294.0
131, 62.0, 116.0
132, 307.0, 287.0
133, 147.0, 304.0
134, 34.0, 95.0
135, 217.0, 28.0
136, 106.0, 346.0
137, 65.0, 133.0
138, 270.0, 294.0
139, 399.0, 113.0
140, 121.0, 469.0
141, 386.0, 71.0
142, 478.0, 28.0
143, 434.0, 315.0
144, 125.0, 111.0
145, 468.0, 215.0
146, 237.0, 290.0
147, 336.0, 289.0
148, 274.0, 93.0
149, 291.0, 389.0
150, 55.0, 200.0
151, 252.0, 278.0
152, 453.0, 39.0
153, 418.0, 199.0
154, 130.0, 402.0
155, 105.0, 226.0
156, 263.0, 461.0
157, 384.0, 244.0
158, 319.0, 423.0
159, 236.0, 38.0
160, 382.0, 161.0
161, 432.0, 337.0
162, 44.0, 163.0
163, 360.0, 267.0
164, 69.0, 352.0
165, 92.0, 303.0
166, 63.0, 148.0
167, 307.0, 303.0
168, 366.0, 238.0
169, 19.0, 118.0
170, 357.0, 322.0
171, 278.0, 35.0
172, 363.0, 162.0
173, 372.0, 313.0
174, 360.0, 346.0
175, 330.0, 265.0
176, 19.0, 414.0
177, 484.0, 74.0
178, 396.0, 411.0
179, 83.0, 260.0
180, 456.0, 449.0
181, 78.0, 131.0
182, 431.0, 416.0
183, 284.0, 334.0
184, 303.0, 389.0
185, 286.0, 66.0
186, 414.0, 52.0
187, 256.0, 415.0
188, 386.0, 448.0
189, 89.0, 288.0
190, 278.0, 422.0
191, 420.0, 144.0
192, 403.0, 73.0
193, 37.0, 117.0
194, 265.0, 93.0
195, 336.0, 256.0
196, 481.0, 90.0
197, 23.0, 154.0
198, 10.0, 335.0
199, 447.0, 84.0
200, 422.0, 280.0
201, 411.0, 82.0
202, 281.0, 453.0
203, 400.0, 254.0
204, 98.0, 460.0
205, 383.0, 333.0
206, 293.0, 345.0
207, 284.0, 376.0
208, 239.0, 373.0
209, 85.0, 454.0
210, 28.0, 243.0
211, 473.0, 184.0
212, 66.0, 207.0
213, 19.0, 321.0
214, 469.0, 113.0
215, 341.0, 298.0
216, 479.0, 114.0
217, 259.0, 352.0
218, 415.0, 224.0
219, 78.0, 242.0
220, 408.0, 465.0
221, 405.0, 334.0
222, 418.0, 461.0
223, 414.0, 40.0
224, 485.0, 65.0
225, 244.0, 398.0
226, 297.0, 64.0
227, 424.0, 271.0
228, 257.0, 444.0
229, 293.0, 328.0
230, 431.0, 71.0
231, 333.0, 214.0
232, 396.0, 438.0
233, 288.0, 411.0
234, 90.0, 277.0
235, 407.0, 203.0
236, 477.0, 130.0
237, 249.0, 180.0
238, 452.0, 348.0
239, 422.0, 166.0
240, 374.0, 237.0
241, 355.0, 242.0
242, 372.0, 342.0
243, 356.0, 308.0
244, 308.0, 153.0
245, 377.0, 21.0
246, 351.0, 295.0
247, 272.0, 430.0
248, 399.0, 371.0
249, 398.0, 140.0
250, 446.0, 268.0
251, 448.0, 184.0
252, 251.0, 256.0
253, 465.0, 129.0
254, 320.0, 301.0
255, 335.0, 92.0
256, 393.0, 268.0
257, 318.0, 289.0
258, 448.0, 223.0
259, 407.0, 145.0
260, 14.0, 40.0
261, 351.0, 366.0
262, 476.0, 39.0
263, 369.0, 249.0
264, 275.0, 464.0
265, 332.0, 426.0
266, 40.0, 294.0
267, 381.0, 281.0
268, 446.0, 103.0
269, 307.0, 419.0
270, 33.0, 74.0
271, 86.0, 202.0
272, 344.0, 430.0
273, 397.0, 192.0
274, 81.0, 149.0
275, 417.0, 215.0
276, 503.0, 127.0
277, 109.0, 389.0
278, 357.0, 223.0
279, 364.0, 64.0
280, 444.0, 211.0
281, 323.0, 205.0
282, 55.0, 458.0
283, 415.0, 403.0
284, 460.0, 171.0
285, 336.0, 414.0
286, 273.0, 276.0
287, 9.0, 233.0
288, 423.0, 257.0
289, 85.0, 375.0
290, 409.0, 307.0
291, 293.0, 312.0
292, 362.0, 391.0
293, 346.0, 155.0
294, 69.0, 332.0
295, 267.0, 371.0
296, 226.0, 311.0
297, 25.0, 382.0
298, 312.0, 407.0
299, 278.0, 345.0
300, 355.0, 117.0
301, 435.0, 277.0
302, 430.0, 432.0
303, 157.0, 18.0
304, 430.0, 463.0
305, 35.0, 316.0
306, 414.0, 333.0
307, 277.0, 315.0
308, 315.0, 270.0
309, 396.0, 169.0
310, 475.0, 53.0
311, 16.0, 352.0
312, 251.0, 372.0
313, 447.0, 324.0
314, 405.0, 12.0
315, 391.0, 459.0
316, 223.0, 38.0
317, 210.0, 38.0
318, 14.0, 387.0
319, 36.0, 273.0
320, 61.0, 445.0
321, 403.0, 349.0
322, 316.0, 154.0
323, 452.0, 368.0
324, 479.0, 9.0
325, 297.0, 52.0
326, 358.0, 205.0
327, 145.0, 232.0
328, 447.0, 52.0
329, 78.0, 320.0
330, 281.0, 97.0
331, 20.0, 22.0
332, 283.0, 180.0
333, 460.0, 194.0
334, 366.0, 280.0
335, 159.0, 382.0
336, 192.0, 143.0
337, 56.0, 96.0
338, 385.0, 91.0
339, 490.0, 40.0
340, 300.0, 231.0
341, 383.0, 352.0
342, 258.0, 344.0
343, 50.0, 428.0
344, 726.0, 209.0
345, 206.0, 433.0
346, 303.0, 368.0
347, 198.0, 470.0
348, 129.0, 360.0
349, 378.0, 321.0
350, 441.0, 414.0
351, 236.0, 96.0
352, 110.0, 365.0
353, 433.0, 402.0
354, 203.0, 141.0
355, 245.0, 459.0
356, 417.0, 11.0
357, 215.0, 411.0
358, 310.0, 226.0
359, 164.0, 438.0
360, 463.0, 326.0
361, 659.0, 467.0
362, 12.0, 75.0
363, 260.0, 295.0
364, 46.0, 95.0
365, 386.0, 414.0
366, 30.0, 57.0
367, 418.0, 176.0
368, 327.0, 403.0
369, 403.0, 457.0
370, 327.0, 333.0
371, 333.0, 21.0
372, 45.0, 87.0
373, 454.0, 239.0
374, 311.0, 55.0
375, 165.0, 394.0
376, 116.0, 328.0
377, 13.0, 188.0
378, 309.0, 454.0
379, 9.0, 301.0
380, 104.0, 95.0
381, 350.0, 336.0
382, 349.0, 453.0
383, 414.0, 435.0
384, 121.0, 96.0
385, 459.0, 203.0
386, 278.0, 285.0
387, 145.0, 387.0
388, 38.0, 329.0
389, 264.0, 337.0
390, 28.0, 223.0
391, 244.0, 337.0
392, 406.0, 177.0
393, 449.0, 303.0
394, 239.0, 453.0
395, 317.0, 172.0
396, 436.0, 351.0
397, 41.0, 342.0
398, 72.0, 422.0
399, 345.0, 280.0
400, 456.0, 292.0
401, 91.0, 94.0
402, 29.0, 399.0
403, 444.0, 240.0
404, 350.0, 264.0
405, 220.0, 275.0
406, 248.0, 53.0
407, 416.0, 375.0
408, 332.0, 446.0
409, 302.0, 309.0
410, 319.0, 228.0
411, 433.0, 366.0
412, 308.0, 395.0
413, 124.0, 230.0
414, 29.0, 263.0
415, 135.0, 299.0
416, 430.0, 263.0
417, 417.0, 362.0
418, 452.0, 378.0
419, 357.0, 21.0
420, 77.0, 309.0
421, 244.0, 211.0
422, 117.0, 380.0
423, 195.0, 97.0
424, 71.0, 215.0
425, 25.0, 310.0
426, 445.0, 440.0
427, 354.0, 153.0
428, 406.0, 387.0
429, 382.0, 172.0
430, 95.0, 403.0
431, 416.0, 154.0
432, 143.0, 447.0
433, 90.0, 239.0
434, 204.0, 226.0
435, 402.0, 232.0
436, 172.0, 419.0
437, 111.0, 265.0
438, 472.0, 198.0
439, 273.0, 394.0
440, 373.0, 162.0
441, 111.0, 319.0
442, 383.0, 402.0
443, 276.0, 258.0
444, 303.0, 353.0
445, 183.0, 15.0
446, 355.0, 162.0
447, 226.0, 427.0
448, 487.0, 130.0
449, 162.0, 97.0
450, 38.0, 205.0
451, 231.0, 218.0
452, 256.0, 93.0
453, 371.0, 83.0
454, 386.0, 344.0
455, 430.0, 249.0
456, 89.0, 390.0
457, 381.0, 424.0
458, 102.0, 328.0
459, 323.0, 438.0
460, 315.0, 345.0
461, 463.0, 232.0
462, 454.0, 208.0
463, 100.0, 446.0
464, 346.0, 23.0
465, 139.0, 339.0
466, 436.0, 219.0
467, 48.0, 368.0
468, 407.0, 159.0
469, 397.0, 149.0
470, 264.0, 180.0
471, 372.0, 203.0
472, 64.0, 91.0
473, 317.0, 179.0
474, 400.0, 215.0
475, 382.0, 437.0
476, 306.0, 316.0
477, 128.0, 458.0
478, 327.0, 215.0
479, 433.0, 228.0
480, 99.0, 278.0
481, 462.0, 266.0
482, 298.0, 420.0
483, 357.0, 81.0
484, 98.0, 251.0
485, 446.0, 386.0
486, 484.0, 208.0
487, 353.0, 189.0
488, 88.0, 335.0
489, 164.0, 115.0
490, 442.0, 348.0
491, 384.0, 134.0
492, 439.0, 100.0
493, 456.0, 323.0
494, 307.0, 444.0
495, 366.0, 352.0
496, 9.0, 410.0
497, 441.0, 386.0
498, 63.0, 362.0
499, 214.0, 97.0
