0, 653.0, 347.0
1, 583.0, 291.0
2, 428.0, 306.0
3, 235.0, 166.0
4, 481.0, 264.0
5, 484.0, 113.0
6, 271.0, 292.0
7, 398.0, 186.0
8, 312.0, 442.0
9, 257.0, 297.0
10, 349.0, 99.0
11, 445.0, 237.0
12, 320.0, 319.0
13, 255.0, 440.0
14, 608.0, 464.0
15, 605.0, 128.0
16, 345.0, 120.0
17, 382.0, 161.0
18, 184.0, 290.0
19, 184.0, 112.0
20, 271.0, 421.0
21, 437.0, 396.0
22, 428.0, 320.0
23, 269.0, 357.0
24, 106.0, 374.0
25, 679.0, 219.0
26, 349.0, 178.0
27, 607.0, 181.0
28, 320.0, 111.0
29, 393.0, 260.0
30, 350.0, 54.0
31, 660.0, 364.0
32, 332.0, 423.0
33, 258.0, 312.0
34, 610.0, 245.0
35, 331.0, 344.0
36, 603.0, 347.0
37, 101.0, 383.0
38, 45.0, 400.0
39, 504.0, 418.0
40, 611.0, 13.0
41, 295.0, 101.0
42, 640.0, 413.0
43, 454.0, 346.0
44, 465.0, 60.0
45, 406.0, 65.0
46, 673.0, 245.0
47, 410.0, 179.0
48, 25.0, 471.0
49, 697.0, 221.0
50, 351.0, 426.0
51, 643.0, 375.0
52, 623.0, 467.0
53, 593.0, 348.0
54, 510.0, 431.0
55, 343.0, 153.0
56, 591.0, 50.0
57, 224.0, 165.0
58, 563.0, 404.0
59, 235.0, 156.0
60, 697.0, 87.0
61, 393.0, 246.0
62, 618.0, 148.0
63, 586.0, 425.0
64, 330.0, 449.0
65, 80.0, 470.0
66, 627.0, 322.0
67, 692.0, 237.0
68, 246.0, 470.0
69, 525.0, 266.0
70, 523.0, 394.0
71, 534.0, 256.0
72, 574.0, 162.0
73, 201.0, 408.0
74, 544.0, 330.0
75, 49.0, 409.0
76, 448.0, 123.0
77, 266.0, 162.0
78, 444.0, 352.0
79, 320.0, 332.0
80, 684.0, 262.0
81, 335.0, 263.0
82, 602.0, 334.0
83, 151.0, 312.0
84, 140.0, 241.0
85, 442.0, 256.0
86, 557.0, 221.0
87, 543.0, 236.0
88, 466.0, 272.0
89, 411.0, 361.0
90, 485.0, 153.0
91, 595.0, 190.0
92, 636.0, 54.0
93, 595.0, 368.0
94, 362.0, 153.0
95, 75.0, 319.0
96, 178.0, 357.0
97, 248.0, 155.0
98, 532.0, 435.0
99, 607.0, 397.0
100, 591.0, 218.0
101, 458.0, 236.0
102, 711.0, 456.0
103, 730.0, 286.0
104, 363.0, 347.0
105, 468.0, 418.0
106, 207.0, 105.0
107, 39.0, 427.0
108, 623.0, 284.0
109, 100.0, 405.0
110, 497.0, 392.0
111, 520.0, 256.0
112, 323.0, 439.0
113, 381.0, 301.0
114, 605.0, 319.0
115, 318.0, 185.0
116, 507.0, 270.0
117, 452.0, 323.0
118, 450.0, 184.0
119, 273.0, 126.0
120, 422.0, 369.0
121, 130.0, 255.0
122, 369.0, 197.0
123, 206.0, 268.0
124, 176.0, 205.0
125, 215.0, 68.0
126, 104.0, 427.0
127, 523.0, 464.0
128, 204.0, 139.0
129, 51.0, 388.0
130, 66.0, 410.0
131, 577.0, 146.0
132, 608.0, 103.0
133, 689.0, 248.0
134, 91.0, 298.0
135, 611.0, 368.0
136, 148.0, 471.0
137, 431.0, 70.0
138, 600.0, 361.0
139, 649.0, 363.0
140, 587.0, 124.0
141, 190.0, 396.0
142, 169.0, 295.0
143, 448.0, 135.0
144, 706.0, 129.0
145, 361.0, 231.0
146, 420.0, 211.0
147, 350.0, 40.0
148, 563.0, 369.0
149, 457.0, 450.0
150, 663.0, 350.0
151, 619.0, 382.0
152, 385.0, 208.0
153, 620.0, 210.0
154, 683.0, 411.0
155, 111.0, 442.0
156, 473.0, 292.0
157, 552.0, 42.0
158, 224.0, 116.0
159, 248.0, 16.0
160, 407.0, 52.0
161, 261.0, 377.0
162, 198.0, 47.0
163, 556.0, 333.0
164, 63.0, 393.0
165, 387.0, 18.0
166, 589.0, 330.0
167, 361.0, 254.0
168, 113.0, 408.0
169, 101.0, 340.0
170, 144.0, 266.0
171, 403.0, 195.0
172, 165.0, 364.0
173, 77.0, 455.0
174, 584.0, 240.0
175, 395.0, 197.0
176, 493.0, 26.0
177, 632.0, 369.0
178, 568.0, 195.0
179, 521.0, 422.0
180, 286.0, 148.0
181, 493.0, 222.0
182, 703.0, 466.0
183, 572.0, 175.0
184, 246.0, 107.0
185, 656.0, 375.0
186, 562.0, 427.0
187, 555.0, 435.0
188, 590.0, 357.0
189, 214.0, 331.0
190, 336.0, 195.0
191, 416.0, 306.0
192, 651.0, 62.0
193, 631.0, 379.0
194, 677.0, 19.0
195, 111.0, 399.0
196, 564.0, 15.0
197, 518.0, 309.0
198, 89.0, 391.0
199, 604.0, 190.0
200, 633.0, 273.0
201, 34.0, 364.0
202, 595.0, 14.0
203, 54.0, 421.0
204, 160.0, 471.0
205, 443.0, 71.0
206, 547.0, 426.0
207, 248.0, 144.0
208, 252.0, 212.0
209, 37.0, 213.0
210, 283.0, 189.0
211, 525.0, 383.0
212, 417.0, 67.0
213, 362.0, 127.0
214, 645.0, 197.0
215, 253.0, 223.0
216, 132.0, 13.0
217, 476.0, 397.0
218, 491.0, 95.0
219, 272.0, 306.0
220, 93.0, 321.0
221, 545.0, 441.0
222, 148.0, 450.0
223, 683.0, 202.0
224, 423.0, 436.0
225, 406.0, 269.0
226, 741.0, 350.0
227, 150.0, 400.0
228, 245.0, 280.0
229, 603.0, 159.0
230, 528.0, 355.0
231, 671.0, 417.0
232, 441.0, 439.0
233, 598.0, 178.0
234, 293.0, 431.0
235, 374.0, 152.0
236, 590.0, 389.0
237, 58.0, 224.0
238, 643.0, 343.0
239, 702.0, 204.0
240, 629.0, 173.0
241, 305.0, 110.0
242, 592.0, 204.0
243, 418.0, 54.0
244, 547.0, 466.0
245, 49.0, 458.0
246, 539.0, 194.0
247, 313.0, 101.0
248, 81.0, 182.0
249, 132.0, 385.0
250, 647.0, 276.0
251, 258.0, 332.0
252, 490.0, 190.0
253, 412.0, 192.0
254, 382.0, 243.0
255, 311.0, 89.0
256, 503.0, 192.0
257, 238.0, 198.0
258, 47.0, 358.0
259, 264.0, 210.0
260, 504.0, 305.0
261, 415.0, 100.0
262, 306.0, 340.0
263, 203.0, 173.0
264, 140.0, 314.0
265, 491.0, 121.0
266, 510.0, 86.0
267, 467.0, 344.0
268, 707.0, 79.0
269, 251.0, 195.0
270, 559.0, 319.0
271, 623.0, 194.0
272, 195.0, 378.0
273, 201.0, 337.0
274, 311.0, 357.0
275, 296.0, 296.0
276, 491.0, 436.0
277, 364.0, 9.0
278, 615.0, 333.0
279, 481.0, 414.0
280, 119.0, 154.0
281, 408.0, 370.0
282, 602.0, 51.0
283, 595.0, 440.0
284, 401.0, 248.0
285, 575.0, 42.0
286, 339.0, 408.0
287, 619.0, 311.0
288, 213.0, 165.0
289, 617.0, 349.0
290, 484.0, 445.0
291, 352.0, 257.0
292, 191.0, 134.0
293, 709.0, 412.0
294, 149.0, 373.0
295, 241.0, 58.0
296, 207.0, 283.0
297, 393.0, 325.0
298, 538.0, 316.0
299, 510.0, 320.0
300, 311.0, 430.0
301, 506.0, 104.0
302, 174.0, 406.0
303, 208.0, 302.0
304, 429.0, 285.0
305, 437.0, 463.0
306, 214.0, 174.0
307, 580.0, 252.0
308, 57.0, 183.0
309, 140.0, 339.0
310, 644.0, 325.0
311, 651.0, 412.0
312, 15.0, 428.0
313, 557.0, 57.0
314, 492.0, 470.0
315, 392.0, 157.0
316, 578.0, 13.0
317, 329.0, 414.0
318, 452.0, 466.0
319, 135.0, 118.0
320, 505.0, 293.0
321, 456.0, 272.0
322, 284.0, 110.0
323, 607.0, 206.0
324, 675.0, 234.0
325, 593.0, 415.0
326, 165.0, 398.0
327, 627.0, 104.0
328, 712.0, 90.0
329, 640.0, 457.0
330, 487.0, 140.0
331, 418.0, 284.0
332, 392.0, 384.0
333, 499.0, 247.0
334, 633.0, 212.0
335, 182.0, 385.0
336, 398.0, 361.0
337, 123.0, 106.0
338, 620.0, 299.0
339, 693.0, 164.0
340, 180.0, 246.0
341, 297.0, 439.0
342, 575.0, 98.0
343, 711.0, 169.0
344, 394.0, 226.0
345, 584.0, 166.0
346, 79.0, 415.0
347, 416.0, 317.0
348, 358.0, 369.0
349, 700.0, 320.0
350, 122.0, 62.0
351, 87.0, 278.0
352, 286.0, 136.0
353, 566.0, 204.0
354, 245.0, 88.0
355, 624.0, 337.0
356, 367.0, 57.0
357, 448.0, 60.0
358, 720.0, 79.0
359, 185.0, 313.0
360, 588.0, 138.0
361, 572.0, 327.0
362, 433.0, 428.0
363, 564.0, 183.0
364, 100.0, 396.0
365, 114.0, 362.0
366, 412.0, 242.0
367, 151.0, 360.0
368, 44.0, 445.0
369, 579.0, 86.0
370, 20.0, 457.0
371, 338.0, 89.0
372, 637.0, 31.0
373, 505.0, 130.0
374, 545.0, 412.0
375, 556.0, 399.0
376, 353.0, 210.0
377, 613.0, 280.0
378, 84.0, 438.0
379, 476.0, 357.0
380, 239.0, 460.0
381, 590.0, 32.0
382, 282.0, 463.0
383, 555.0, 370.0
384, 156.0, 210.0
385, 161.0, 387.0
386, 237.0, 116.0
387, 571.0, 260.0
388, 104.0, 469.0
389, 665.0, 29.0
390, 187.0, 124.0
391, 616.0, 401.0
392, 328.0, 460.0
393, 164.0, 106.0
394, 393.0, 295.0
395, 432.0, 188.0
396, 596.0, 242.0
397, 185.0, 417.0
398, 65.0, 129.0
399, 382.0, 399.0
400, 642.0, 288.0
401, 444.0, 19.0
402, 586.0, 66.0
403, 701.0, 145.0
404, 432.0, 337.0
405, 414.0, 12.0
406, 224.0, 106.0
407, 389.0, 348.0
408, 553.0, 347.0
409, 172.0, 312.0
410, 534.0, 248.0
411, 647.0, 104.0
412, 471.0, 383.0
413, 470.0, 29.0
414, 335.0, 324.0
415, 213.0, 382.0
416, 582.0, 352.0
417, 549.0, 381.0
418, 373.0, 268.0
419, 637.0, 359.0
420, 332.0, 180.0
421, 380.0, 333.0
422, 515.0, 144.0
423, 514.0, 446.0
424, 318.0, 200.0
425, 118.0, 35.0
426, 121.0, 447.0
427, 356.0, 194.0
428, 470.0, 49.0
429, 352.0, 275.0
430, 526.0, 154.0
431, 485.0, 274.0
432, 552.0, 143.0
433, 679.0, 277.0
434, 684.0, 452.0
435, 511.0, 282.0
436, 360.0, 25.0
437, 502.0, 139.0
438, 97.0, 351.0
439, 433.0, 56.0
440, 319.0, 401.0
441, 364.0, 387.0
442, 352.0, 301.0
443, 447.0, 146.0
444, 723.0, 369.0
445, 367.0, 356.0
446, 615.0, 264.0
447, 179.0, 330.0
448, 493.0, 50.0
449, 527.0, 143.0
450, 491.0, 405.0
451, 517.0, 409.0
452, 152.0, 300.0
453, 723.0, 463.0
454, 684.0, 97.0
455, 234.0, 146.0
456, 499.0, 457.0
457, 221.0, 396.0
458, 236.0, 107.0
459, 285.0, 126.0
460, 13.0, 371.0
461, 466.0, 434.0
462, 318.0, 219.0
463, 447.0, 203.0
464, 727.0, 106.0
465, 408.0, 334.0
466, 670.0, 327.0
467, 364.0, 414.0
468, 509.0, 401.0
469, 589.0, 273.0
470, 479.0, 92.0
471, 663.0, 448.0
472, 369.0, 109.0
473, 635.0, 148.0
474, 600.0, 295.0
475, 605.0, 30.0
476, 719.0, 138.0
477, 250.0, 326.0
478, 246.0, 455.0
479, 536.0, 206.0
480, 370.0, 91.0
481, 273.0, 109.0
482, 468.0, 214.0
483, 283.0, 425.0
484, 362.0, 165.0
485, 543.0, 280.0
486, 585.0, 318.0
487, 723.0, 124.0
488, 342.0, 441.0
489, 335.0, 311.0
490, 171.0, 347.0
491, 293.0, 350.0
492, 447.0, 336.0
493, 684.0, 143.0
494, 609.0, 444.0
495, 630.0, 10.0
496, 488.0, 303.0
497, 716.0, 150.0
498, 253.0, 237.0
499, 318.0, 286.0
