0, 185.0, 112.0
1, 530.0, 355.0
2, 255.0, 450.0
3, 226.0, 328.0
4, 688.0, 314.0
5, 404.0, 452.0
6, 200.0, 177.0
7, 251.0, 363.0
8, 315.0, 229.0
9, 510.0, 440.0
10, 324.0, 201.0
11, 496.0, 335.0
12, 616.0, 299.0
13, 514.0, 269.0
14, 96.0, 375.0
15, 541.0, 191.0
16, 498.0, 382.0
17, 244.0, 249.0
18, 252.0, 348.0
19, 579.0, 116.0
20, 546.0, 263.0
21, 411.0, 420.0
22, 303.0, 421.0
23, 229.0, 349.0
24, 533.0, 371.0
25, 575.0, 34.0
26, 78.0, 471.0
27, 689.0, 345.0
28, 674.0, 293.0
29, 384.0, 79.0
30, 509.0, 22.0
31, 397.0, 86.0
32, 159.0, 110.0
33, 385.0, 70.0
34, 380.0, 365.0
35, 242.0, 442.0
36, 80.0, 299.0
37, 724.0, 246.0
38, 41.0, 269.0
39, 254.0, 439.0
40, 518.0, 355.0
41, 345.0, 145.0
42, 606.0, 42.0
43, 436.0, 325.0
44, 292.0, 179.0
45, 83.0, 316.0
46, 542.0, 329.0
47, 670.0, 250.0
48, 184.0, 312.0
49, 659.0, 36.0
50, 189.0, 350.0
51, 390.0, 243.0
52, 283.0, 414.0
53, 405.0, 333.0
54, 483.0, 327.0
55, 495.0, 167.0
56, 207.0, 260.0
57, 518.0, 169.0
58, 692.0, 232.0
59, 361.0, 369.0
60, 642.0, 347.0
61, 398.0, 43.0
62, 347.0, 217.0
63, 649.0, 231.0
64, 550.0, 118.0
65, 287.0, 261.0
66, 596.0, 206.0
67, 629.0, 276.0
68, 601.0, 250.0
69, 702.0, 368.0
70, 621.0, 155.0
71, 551.0, 238.0
72, 230.0, 257.0
73, 705.0, 262.0
74, 427.0, 414.0
75, 720.0, 454.0
76, 560.0, 317.0
77, 528.0, 456.0
78, 213.0, 395.0
79, 586.0, 236.0
80, 254.0, 410.0
81, 512.0, 211.0
82, 293.0, 209.0
83, 371.0, 257.0
84, 605.0, 323.0
85, 500.0, 427.0
86, 318.0, 45.0
87, 476.0, 273.0
88, 656.0, 370.0
89, 168.0, 187.0
90, 563.0, 343.0
91, 572.0, 348.0
92, 553.0, 221.0
93, 274.0, 246.0
94, 265.0, 445.0
95, 510.0, 126.0
96, 658.0, 408.0
97, 588.0, 334.0
98, 586.0, 68.0
99, 151.0, 33.0
100, 312.0, 67.0
101, 426.0, 250.0
102, 325.0, 144.0
103, 542.0, 10.0
104, 288.0, 361.0
105, 409.0, 297.0
106, 570.0, 333.0
107, 232.0, 131.0
108, 68.0, 245.0
109, 431.0, 74.0
110, 359.0, 160.0
111, 195.0, 398.0
112, 592.0, 223.0
113, 375.0, 454.0
114, 48.0, 303.0
115, 155.0, 50.0
116, 571.0, 283.0
117, 262.0, 302.0
118, 532.0, 317.0
119, 296.0, 220.0
120, 238.0, 12.0
121, 618.0, 222.0
122, 417.0, 335.0
123, 182.0, 298.0
124, 274.0, 282.0
125, 549.0, 138.0
126, 510.0, 464.0
127, 324.0, 161.0
128, 459.0, 435.0
129, 456.0, 465.0
130, 318.0, 33.0
131, 544.0, 63.0
132, 282.0, 291.0
133, 569.0, 138.0
134, 299.0, 65.0
135, 263.0, 325.0
136, 529.0, 435.0
137, 597.0, 77.0
138, 505.0, 277.0
139, 725.0, 301.0
140, 729.0, 405.0
141, 398.0, 425.0
142, 396.0, 64.0
143, 374.0, 328.0
144, 286.0, 245.0
145, 64.0, 229.0
146, 281.0, 190.0
147, 650.0, 385.0
148, 484.0, 167.0
149, 176.0, 118.0
150, 690.0, 366.0
151, 536.0, 27.0
152, 76.0, 285.0
153, 567.0, 101.0
154, 219.0, 251.0
155, 583.0, 103.0
156, 535.0, 390.0
157, 545.0, 403.0
158, 230.0, 123.0
159, 710.0, 332.0
160, 358.0, 207.0
161, 267.0, 38.0
162, 179.0, 268.0
163, 433.0, 213.0
164, 636.0, 149.0
165, 510.0, 334.0
166, 239.0, 340.0
167, 14.0, 193.0
168, 697.0, 381.0
169, 302.0, 161.0
170, 718.0, 267.0
171, 588.0, 365.0
172, 417.0, 225.0
173, 179.0, 168.0
174, 193.0, 276.0
175, 606.0, 352.0
176, 625.0, 146.0
177, 573.0, 190.0
178, 481.0, 338.0
179, 549.0, 251.0
180, 324.0, 228.0
181, 524.0, 392.0
182, 421.0, 467.0
183, 451.0, 195.0
184, 492.0, 446.0
185, 673.0, 91.0
186, 416.0, 447.0
187, 492.0, 354.0
188, 325.0, 375.0
189, 737.0, 368.0
190, 716.0, 277.0
191, 417.0, 391.0
192, 510.0, 222.0
193, 496.0, 396.0
194, 98.0, 454.0
195, 530.0, 137.0
196, 264.0, 80.0
197, 577.0, 327.0
198, 279.0, 81.0
199, 534.0, 288.0
200, 13.0, 91.0
201, 72.0, 264.0
202, 445.0, 421.0
203, 690.0, 246.0
204, 370.0, 242.0
205, 359.0, 181.0
206, 660.0, 326.0
207, 451.0, 376.0
208, 353.0, 436.0
209, 473.0, 324.0
210, 291.0, 165.0
211, 432.0, 47.0
212, 565.0, 307.0
213, 187.0, 177.0
214, 227.0, 365.0
215, 591.0, 386.0
216, 398.0, 400.0
217, 708.0, 225.0
218, 389.0, 35.0
219, 509.0, 229.0
220, 483.0, 363.0
221, 178.0, 52.0
222, 375.0, 306.0
223, 530.0, 346.0
224, 198.0, 237.0
225, 581.0, 428.0
226, 45.0, 292.0
227, 89.0, 55.0
228, 242.0, 453.0
229, 481.0, 187.0
230, 569.0, 297.0
231, 498.0, 138.0
232, 621.0, 274.0
233, 367.0, 397.0
234, 384.0, 374.0
235, 527.0, 204.0
236, 622.0, 241.0
237, 219.0, 260.0
238, 240.0, 51.0
239, 324.0, 187.0
240, 404.0, 320.0
241, 507.0, 343.0
242, 683.0, 300.0
243, 610.0, 203.0
244, 282.0, 233.0
245, 384.0, 228.0
246, 177.0, 211.0
247, 498.0, 222.0
248, 213.0, 147.0
249, 531.0, 150.0
250, 456.0, 353.0
251, 460.0, 71.0
252, 405.0, 146.0
253, 512.0, 397.0
254, 59.0, 288.0
255, 407.0, 361.0
256, 391.0, 198.0
257, 174.0, 345.0
258, 260.0, 51.0
259, 210.0, 374.0
260, 566.0, 375.0
261, 635.0, 70.0
262, 54.0, 267.0
263, 298.0, 322.0
264, 739.0, 273.0
265, 312.0, 322.0
266, 213.0, 330.0
267, 639.0, 386.0
268, 468.0, 282.0
269, 235.0, 460.0
270, 494.0, 412.0
271, 403.0, 214.0
272, 180.0, 226.0
273, 181.0, 237.0
274, 389.0, 302.0
275, 459.0, 397.0
276, 630.0, 82.0
277, 207.0, 251.0
278, 180.0, 280.0
279, 512.0, 381.0
280, 525.0, 377.0
281, 718.0, 158.0
282, 522.0, 316.0
283, 108.0, 429.0
284, 521.0, 446.0
285, 578.0, 357.0
286, 614.0, 182.0
287, 445.0, 61.0
288, 393.0, 339.0
289, 732.0, 448.0
290, 136.0, 459.0
291, 340.0, 457.0
292, 529.0, 87.0
293, 562.0, 260.0
294, 280.0, 71.0
295, 629.0, 253.0
296, 639.0, 281.0
297, 504.0, 243.0
298, 374.0, 316.0
299, 467.0, 298.0
300, 688.0, 202.0
301, 48.0, 244.0
302, 513.0, 364.0
303, 666.0, 307.0
304, 33.0, 242.0
305, 608.0, 69.0
306, 686.0, 406.0
307, 619.0, 264.0
308, 580.0, 77.0
309, 480.0, 288.0
310, 682.0, 380.0
311, 476.0, 230.0
312, 505.0, 167.0
313, 443.0, 293.0
314, 398.0, 351.0
315, 465.0, 377.0
316, 131.0, 61.0
317, 42.0, 213.0
318, 360.0, 146.0
319, 532.0, 163.0
320, 202.0, 321.0
321, 543.0, 179.0
322, 424.0, 355.0
323, 31.0, 51.0
324, 161.0, 127.0
325, 192.0, 377.0
326, 157.0, 101.0
327, 565.0, 237.0
328, 601.0, 435.0
329, 477.0, 72.0
330, 612.0, 149.0
331, 342.0, 372.0
332, 74.0, 90.0
333, 417.0, 324.0
334, 621.0, 8.0
335, 373.0, 347.0
336, 397.0, 108.0
337, 444.0, 73.0
338, 570.0, 88.0
339, 351.0, 247.0
340, 419.0, 46.0
341, 497.0, 325.0
342, 192.0, 261.0
343, 408.0, 128.0
344, 361.0, 317.0
345, 360.0, 139.0
346, 421.0, 27.0
347, 17.0, 107.0
348, 575.0, 260.0
349, 245.0, 268.0
350, 216.0, 313.0
351, 662.0, 265.0
352, 470.0, 457.0
353, 389.0, 453.0
354, 404.0, 439.0
355, 225.0, 238.0
356, 708.0, 361.0
357, 678.0, 361.0
358, 437.0, 22.0
359, 49.0, 161.0
360, 208.0, 271.0
361, 556.0, 203.0
362, 439.0, 428.0
363, 742.0, 356.0
364, 238.0, 240.0
365, 282.0, 12.0
366, 346.0, 124.0
367, 424.0, 347.0
368, 690.0, 397.0
369, 92.0, 431.0
370, 469.0, 53.0
371, 583.0, 460.0
372, 649.0, 244.0
373, 220.0, 270.0
374, 347.0, 359.0
375, 296.0, 304.0
376, 539.0, 427.0
377, 671.0, 46.0
378, 230.0, 397.0
379, 378.0, 39.0
380, 579.0, 381.0
381, 471.0, 340.0
382, 409.0, 43.0
383, 619.0, 287.0
384, 29.0, 219.0
385, 514.0, 416.0
386, 358.0, 194.0
387, 62.0, 301.0
388, 377.0, 438.0
389, 597.0, 124.0
390, 147.0, 18.0
391, 641.0, 252.0
392, 110.0, 445.0
393, 661.0, 70.0
394, 176.0, 195.0
395, 598.0, 369.0
396, 677.0, 397.0
397, 274.0, 307.0
398, 701.0, 347.0
399, 361.0, 229.0
400, 622.0, 380.0
401, 275.0, 332.0
402, 645.0, 327.0
403, 387.0, 315.0
404, 282.0, 132.0
405, 663.0, 111.0
406, 479.0, 410.0
407, 163.0, 139.0
408, 290.0, 385.0
409, 196.0, 211.0
410, 671.0, 224.0
411, 581.0, 181.0
412, 171.0, 37.0
413, 336.0, 145.0
414, 381.0, 111.0
415, 531.0, 447.0
416, 233.0, 268.0
417, 721.0, 94.0
418, 302.0, 201.0
419, 622.0, 342.0
420, 351.0, 396.0
421, 218.0, 444.0
422, 275.0, 321.0
423, 516.0, 135.0
424, 174.0, 109.0
425, 432.0, 226.0
426, 257.0, 248.0
427, 384.0, 417.0
428, 551.0, 382.0
429, 46.0, 51.0
430, 560.0, 158.0
431, 352.0, 455.0
432, 200.0, 157.0
433, 123.0, 409.0
434, 467.0, 62.0
435, 602.0, 387.0
436, 262.0, 289.0
437, 499.0, 21.0
438, 449.0, 51.0
439, 541.0, 462.0
440, 535.0, 116.0
441, 361.0, 447.0
442, 502.0, 450.0
443, 259.0, 426.0
444, 202.0, 195.0
445, 243.0, 328.0
446, 395.0, 54.0
447, 465.0, 363.0
448, 590.0, 18.0
449, 563.0, 392.0
450, 366.0, 432.0
451, 321.0, 20.0
452, 473.0, 372.0
453, 503.0, 293.0
454, 488.0, 147.0
455, 623.0, 28.0
456, 503.0, 315.0
457, 676.0, 335.0
458, 60.0, 210.0
459, 274.0, 263.0
460, 682.0, 420.0
461, 525.0, 239.0
462, 546.0, 154.0
463, 347.0, 108.0
464, 599.0, 137.0
465, 511.0, 425.0
466, 660.0, 353.0
467, 294.0, 81.0
468, 450.0, 235.0
469, 366.0, 89.0
470, 245.0, 230.0
471, 465.0, 20.0
472, 584.0, 305.0
473, 37.0, 107.0
474, 325.0, 250.0
475, 398.0, 238.0
476, 215.0, 122.0
477, 712.0, 355.0
478, 290.0, 195.0
479, 419.0, 60.0
480, 278.0, 434.0
481, 656.0, 294.0
482, 41.0, 124.0
483, 595.0, 302.0
484, 451.0, 212.0
485, 736.0, 258.0
486, 26.0, 138.0
487, 571.0, 126.0
488, 195.0, 334.0
489, 326.0, 132.0
490, 62.0, 53.0
491, 174.0, 155.0
492, 212.0, 295.0
493, 543.0, 208.0
494, 155.0, 356.0
495, 480.0, 202.0
496, 59.0, 341.0
497, 139.0, 394.0
498, 335.0, 126.0
499, 393.0, 185.0
