0, 445.0, 16.0
1, 206.0, 108.0
2, 350.0, 119.0
3, 83.0, 119.0
4, 440.0, 173.0
5, 161.0, 230.0
6, 380.0, 296.0
7, 197.0, 227.0
8, 126.0, 131.0
9, 188.0, 77.0
10, 187.0, 235.0
11, 351.0, 335.0
12, 399.0, 245.0
13, 303.0, 297.0
14, 436.0, 240.0
15, 431.0, 76.0
16, 607.0, 176.0
17, 356.0, 11.0
18, 266.0, 303.0
19, 374.0, 101.0
20, 108.0, 215.0
21, 577.0, 231.0
22, 170.0, 307.0
23, 406.0, 393.0
24, 372.0, 403.0
25, 415.0, 256.0
26, 323.0, 274.0
27, 414.0, 205.0
28, 365.0, 413.0
29, 201.0, 202.0
30, 455.0, 236.0
31, 168.0, 278.0
32, 228.0, 470.0
33, 164.0, 62.0
34, 195.0, 115.0
35, 278.0, 114.0
36, 156.0, 190.0
37, 223.0, 308.0
38, 193.0, 132.0
39, 298.0, 43.0
40, 417.0, 223.0
41, 111.0, 155.0
42, 217.0, 135.0
43, 132.0, 402.0
44, 297.0, 441.0
45, 207.0, 134.0
46, 452.0, 444.0
47, 453.0, 172.0
48, 691.0, 267.0
49, 491.0, 97.0
50, 335.0, 104.0
51, 493.0, 413.0
52, 643.0, 149.0
53, 352.0, 259.0
54, 640.0, 160.0
55, 681.0, 259.0
56, 409.0, 413.0
57, 604.0, 35.0
58, 161.0, 221.0
59, 151.0, 76.0
60, 176.0, 90.0
61, 295.0, 428.0
62, 168.0, 418.0
63, 337.0, 437.0
64, 508.0, 36.0
65, 524.0, 165.0
66, 322.0, 231.0
67, 284.0, 82.0
68, 594.0, 93.0
69, 197.0, 425.0
70, 361.0, 119.0
71, 68.0, 30.0
72, 184.0, 215.0
73, 577.0, 277.0
74, 323.0, 292.0
75, 353.0, 156.0
76, 213.0, 255.0
77, 681.0, 90.0
78, 101.0, 154.0
79, 169.0, 266.0
80, 624.0, 176.0
81, 334.0, 121.0
82, 161.0, 402.0
83, 335.0, 278.0
84, 364.0, 94.0
85, 451.0, 350.0
86, 507.0, 117.0
87, 159.0, 47.0
88, 451.0, 269.0
89, 171.0, 102.0
90, 520.0, 220.0
91, 448.0, 401.0
92, 386.0, 277.0
93, 405.0, 227.0
94, 214.0, 338.0
95, 196.0, 124.0
96, 86.0, 102.0
97, 376.0, 209.0
98, 131.0, 277.0
99, 408.0, 23.0
100, 173.0, 225.0
101, 159.0, 150.0
102, 290.0, 292.0
103, 573.0, 155.0
104, 296.0, 374.0
105, 484.0, 350.0
106, 365.0, 386.0
107, 379.0, 316.0
108, 472.0, 231.0
109, 137.0, 130.0
110, 141.0, 89.0
111, 250.0, 315.0
112, 227.0, 357.0
113, 258.0, 295.0
114, 617.0, 147.0
115, 655.0, 390.0
116, 190.0, 108.0
117, 322.0, 359.0
118, 13.0, 43.0
119, 380.0, 338.0
120, 320.0, 109.0
121, 146.0, 101.0
122, 289.0, 280.0
123, 188.0, 167.0
124, 215.0, 191.0
125, 471.0, 322.0
126, 458.0, 340.0
127, 509.0, 370.0
128, 453.0, 253.0
129, 515.0, 201.0
130, 190.0, 184.0
131, 352.0, 219.0
132, 149.0, 235.0
133, 128.0, 195.0
134, 394.0, 111.0
135, 447.0, 363.0
136, 406.0, 76.0
137, 334.0, 303.0
138, 213.0, 178.0
139, 439.0, 188.0
140, 460.0, 261.0
141, 399.0, 213.0
142, 484.0, 204.0
143, 548.0, 77.0
144, 580.0, 217.0
145, 204.0, 216.0
146, 503.0, 149.0
147, 414.0, 274.0
148, 577.0, 191.0
149, 721.0, 65.0
150, 566.0, 203.0
151, 189.0, 430.0
152, 646.0, 75.0
153, 447.0, 422.0
154, 399.0, 313.0
155, 555.0, 112.0
156, 476.0, 411.0
157, 30.0, 71.0
158, 511.0, 12.0
159, 423.0, 314.0
160, 130.0, 89.0
161, 508.0, 48.0
162, 98.0, 336.0
163, 389.0, 374.0
164, 188.0, 291.0
165, 249.0, 432.0
166, 670.0, 376.0
167, 543.0, 112.0
168, 161.0, 367.0
169, 496.0, 191.0
170, 93.0, 180.0
171, 210.0, 157.0
172, 346.0, 374.0
173, 188.0, 336.0
174, 574.0, 145.0
175, 50.0, 22.0
176, 136.0, 444.0
177, 303.0, 114.0
178, 480.0, 152.0
179, 77.0, 413.0
180, 590.0, 179.0
181, 122.0, 212.0
182, 397.0, 181.0
183, 172.0, 209.0
184, 487.0, 403.0
185, 16.0, 64.0
186, 493.0, 113.0
187, 188.0, 90.0
188, 428.0, 146.0
189, 571.0, 67.0
190, 496.0, 205.0
191, 612.0, 462.0
192, 147.0, 150.0
193, 123.0, 224.0
194, 638.0, 169.0
195, 307.0, 428.0
196, 391.0, 327.0
197, 310.0, 281.0
198, 179.0, 114.0
199, 248.0, 302.0
200, 394.0, 275.0
201, 423.0, 305.0
202, 500.0, 377.0
203, 31.0, 23.0
204, 281.0, 380.0
205, 505.0, 419.0
206, 616.0, 15.0
207, 396.0, 192.0
208, 57.0, 185.0
209, 480.0, 387.0
210, 62.0, 252.0
211, 434.0, 379.0
212, 342.0, 223.0
213, 398.0, 256.0
214, 480.0, 55.0
215, 427.0, 428.0
216, 491.0, 286.0
217, 213.0, 268.0
218, 202.0, 194.0
219, 82.0, 49.0
220, 17.0, 217.0
221, 729.0, 103.0
222, 360.0, 53.0
223, 416.0, 245.0
224, 224.0, 255.0
225, 483.0, 220.0
226, 338.0, 19.0
227, 351.0, 247.0
228, 549.0, 367.0
229, 422.0, 237.0
230, 549.0, 178.0
231, 600.0, 17.0
232, 96.0, 192.0
233, 716.0, 154.0
234, 233.0, 125.0
235, 162.0, 311.0
236, 64.0, 9.0
237, 335.0, 361.0
238, 164.0, 243.0
239, 283.0, 123.0
240, 374.0, 10.0
241, 265.0, 321.0
242, 464.0, 57.0
243, 687.0, 74.0
244, 376.0, 443.0
245, 534.0, 373.0
246, 225.0, 266.0
247, 472.0, 433.0
248, 309.0, 236.0
249, 368.0, 211.0
250, 423.0, 339.0
251, 119.0, 363.0
252, 209.0, 427.0
253, 629.0, 148.0
254, 444.0, 128.0
255, 679.0, 163.0
256, 666.0, 62.0
257, 544.0, 212.0
258, 178.0, 285.0
259, 81.0, 435.0
260, 242.0, 395.0
261, 70.0, 382.0
262, 262.0, 396.0
263, 158.0, 110.0
264, 484.0, 423.0
265, 672.0, 396.0
266, 149.0, 425.0
267, 303.0, 415.0
268, 140.0, 453.0
269, 227.0, 96.0
270, 107.0, 69.0
271, 94.0, 16.0
272, 10.0, 276.0
273, 473.0, 248.0
274, 380.0, 385.0
275, 397.0, 462.0
276, 508.0, 21.0
277, 265.0, 419.0
278, 527.0, 321.0
279, 148.0, 163.0
280, 419.0, 425.0
281, 381.0, 305.0
282, 683.0, 401.0
283, 222.0, 402.0
284, 301.0, 92.0
285, 319.0, 434.0
286, 696.0, 183.0
287, 206.0, 460.0
288, 457.0, 15.0
289, 617.0, 157.0
290, 305.0, 10.0
291, 319.0, 31.0
292, 673.0, 327.0
293, 122.0, 168.0
294, 616.0, 166.0
295, 184.0, 225.0
296, 179.0, 244.0
297, 306.0, 471.0
298, 714.0, 326.0
299, 411.0, 186.0
300, 202.0, 174.0
301, 190.0, 197.0
302, 402.0, 384.0
303, 271.0, 82.0
304, 109.0, 191.0
305, 504.0, 130.0
306, 311.0, 407.0
307, 318.0, 46.0
308, 178.0, 371.0
309, 283.0, 440.0
310, 468.0, 277.0
311, 467.0, 98.0
312, 384.0, 168.0
313, 440.0, 254.0
314, 655.0, 100.0
315, 391.0, 288.0
316, 551.0, 57.0
317, 413.0, 385.0
318, 712.0, 165.0
319, 43.0, 120.0
320, 287.0, 246.0
321, 151.0, 380.0
322, 678.0, 272.0
323, 180.0, 436.0
324, 552.0, 408.0
325, 583.0, 98.0
326, 383.0, 19.0
327, 430.0, 270.0
328, 281.0, 272.0
329, 59.0, 198.0
330, 461.0, 368.0
331, 131.0, 288.0
332, 226.0, 454.0
333, 503.0, 139.0
334, 367.0, 305.0
335, 427.0, 211.0
336, 239.0, 209.0
337, 345.0, 358.0
338, 646.0, 198.0
339, 29.0, 129.0
340, 377.0, 126.0
341, 58.0, 44.0
342, 504.0, 199.0
343, 683.0, 186.0
344, 133.0, 210.0
345, 183.0, 272.0
346, 46.0, 184.0
347, 455.0, 328.0
348, 340.0, 67.0
349, 438.0, 326.0
350, 579.0, 170.0
351, 323.0, 262.0
352, 150.0, 371.0
353, 411.0, 313.0
354, 346.0, 315.0
355, 619.0, 97.0
356, 182.0, 356.0
357, 245.0, 90.0
358, 151.0, 247.0
359, 278.0, 301.0
360, 69.0, 434.0
361, 646.0, 137.0
362, 206.0, 447.0
363, 473.0, 143.0
364, 372.0, 111.0
365, 252.0, 403.0
366, 417.0, 440.0
367, 132.0, 109.0
368, 651.0, 51.0
369, 127.0, 240.0
370, 247.0, 443.0
371, 321.0, 132.0
372, 171.0, 387.0
373, 191.0, 248.0
374, 162.0, 204.0
375, 64.0, 21.0
376, 512.0, 355.0
377, 730.0, 41.0
378, 111.0, 324.0
379, 127.0, 459.0
380, 515.0, 131.0
381, 564.0, 153.0
382, 406.0, 128.0
383, 194.0, 454.0
384, 368.0, 356.0
385, 78.0, 73.0
386, 13.0, 373.0
387, 546.0, 200.0
388, 669.0, 51.0
389, 370.0, 371.0
390, 470.0, 262.0
391, 76.0, 111.0
392, 417.0, 125.0
393, 346.0, 50.0
394, 362.0, 261.0
395, 209.0, 123.0
396, 226.0, 104.0
397, 423.0, 34.0
398, 249.0, 61.0
399, 13.0, 113.0
400, 302.0, 461.0
401, 78.0, 422.0
402, 624.0, 213.0
403, 588.0, 280.0
404, 335.0, 338.0
405, 213.0, 144.0
406, 448.0, 386.0
407, 705.0, 105.0
408, 507.0, 107.0
409, 666.0, 75.0
410, 574.0, 290.0
411, 128.0, 147.0
412, 203.0, 76.0
413, 214.0, 404.0
414, 106.0, 110.0
415, 360.0, 41.0
416, 320.0, 91.0
417, 379.0, 409.0
418, 104.0, 235.0
419, 510.0, 163.0
420, 163.0, 253.0
421, 633.0, 53.0
422, 11.0, 263.0
423, 115.0, 132.0
424, 280.0, 91.0
425, 527.0, 236.0
426, 58.0, 209.0
427, 160.0, 129.0
428, 595.0, 67.0
429, 472.0, 205.0
430, 145.0, 220.0
431, 320.0, 416.0
432, 355.0, 277.0
433, 97.0, 132.0
434, 230.0, 9.0
435, 46.0, 134.0
436, 105.0, 172.0
437, 475.0, 112.0
438, 73.0, 102.0
439, 512.0, 429.0
440, 355.0, 360.0
441, 734.0, 162.0
442, 519.0, 384.0
443, 298.0, 123.0
444, 558.0, 434.0
445, 539.0, 89.0
446, 237.0, 182.0
447, 90.0, 151.0
448, 60.0, 403.0
449, 143.0, 207.0
450, 93.0, 233.0
451, 387.0, 150.0
452, 278.0, 38.0
453, 571.0, 56.0
454, 262.0, 143.0
455, 631.0, 64.0
456, 61.0, 72.0
457, 609.0, 148.0
458, 109.0, 23.0
459, 375.0, 223.0
460, 376.0, 186.0
461, 432.0, 19.0
462, 93.0, 202.0
463, 398.0, 268.0
464, 132.0, 370.0
465, 158.0, 388.0
466, 30.0, 181.0
467, 247.0, 179.0
468, 452.0, 188.0
469, 628.0, 159.0
470, 490.0, 137.0
471, 308.0, 60.0
472, 733.0, 141.0
473, 321.0, 122.0
474, 430.0, 199.0
475, 603.0, 237.0
476, 498.0, 362.0
477, 417.0, 94.0
478, 359.0, 319.0
479, 565.0, 212.0
480, 528.0, 222.0
481, 168.0, 152.0
482, 412.0, 456.0
483, 631.0, 137.0
484, 175.0, 74.0
485, 306.0, 361.0
486, 394.0, 431.0
487, 397.0, 25.0
488, 54.0, 164.0
489, 273.0, 252.0
490, 240.0, 426.0
491, 192.0, 56.0
492, 537.0, 151.0
493, 140.0, 75.0
494, 408.0, 217.0
495, 230.0, 372.0
496, 471.0, 179.0
497, 227.0, 422.0
498, 522.0, 27.0
499, 616.0, 122.0
