0, 313.0, 414.0
1, 367.0, 235.0
2, 472.0, 216.0
3, 563.0, 245.0
4, 372.0, 380.0
5, 105.0, 262.0
6, 533.0, 312.0
7, 391.0, 217.0
8, 670.0, 287.0
9, 533.0, 223.0
10, 140.0, 354.0
11, 217.0, 444.0
12, 301.0, 128.0
13, 362.0, 262.0
14, 505.0, 255.0
15, 617.0, 115.0
16, 368.0, 90.0
17, 308.0, 468.0
18, 114.0, 350.0
19, 164.0, 412.0
20, 132.0, 292.0
21, 495.0, 309.0
22, 629.0, 359.0
23, 486.0, 232.0
24, 669.0, 378.0
25, 218.0, 213.0
26, 323.0, 57.0
27, 170.0, 305.0
28, 324.0, 377.0
29, 607.0, 242.0
30, 430.0, 264.0
31, 660.0, 271.0
32, 152.0, 208.0
33, 338.0, 41.0
34, 629.0, 238.0
35, 409.0, 329.0
36, 374.0, 48.0
37, 311.0, 224.0
38, 535.0, 164.0
39, 541.0, 458.0
40, 361.0, 447.0
41, 551.0, 417.0
42, 174.0, 248.0
43, 661.0, 79.0
44, 185.0, 249.0
45, 655.0, 370.0
46, 325.0, 37.0
47, 620.0, 236.0
48, 600.0, 405.0
49, 290.0, 242.0
50, 345.0, 202.0
51, 103.0, 360.0
52, 375.0, 29.0
53, 299.0, 224.0
54, 719.0, 380.0
55, 373.0, 61.0
56, 637.0, 273.0
57, 313.0, 426.0
58, 48.0, 295.0
59, 425.0, 350.0
60, 437.0, 63.0
61, 304.0, 83.0
62, 395.0, 181.0
63, 270.0, 103.0
64, 682.0, 419.0
65, 244.0, 246.0
66, 225.0, 244.0
67, 311.0, 381.0
68, 201.0, 443.0
69, 252.0, 226.0
70, 443.0, 219.0
71, 455.0, 258.0
72, 313.0, 289.0
73, 186.0, 297.0
74, 328.0, 224.0
75, 470.0, 229.0
76, 360.0, 434.0
77, 314.0, 130.0
78, 303.0, 390.0
79, 575.0, 325.0
80, 453.0, 64.0
81, 356.0, 463.0
82, 493.0, 219.0
83, 612.0, 376.0
84, 612.0, 197.0
85, 439.0, 371.0
86, 329.0, 22.0
87, 254.0, 256.0
88, 300.0, 421.0
89, 636.0, 198.0
90, 638.0, 119.0
91, 178.0, 310.0
92, 418.0, 55.0
93, 714.0, 297.0
94, 589.0, 112.0
95, 532.0, 336.0
96, 558.0, 151.0
97, 559.0, 362.0
98, 454.0, 318.0
99, 691.0, 329.0
100, 366.0, 390.0
101, 224.0, 382.0
102, 579.0, 369.0
103, 425.0, 274.0
104, 559.0, 185.0
105, 464.0, 205.0
106, 369.0, 292.0
107, 303.0, 351.0
108, 366.0, 331.0
109, 613.0, 141.0
110, 706.0, 436.0
111, 93.0, 251.0
112, 551.0, 370.0
113, 582.0, 300.0
114, 569.0, 435.0
115, 288.0, 169.0
116, 380.0, 336.0
117, 215.0, 432.0
118, 395.0, 171.0
119, 338.0, 338.0
120, 608.0, 115.0
121, 557.0, 224.0
122, 500.0, 235.0
123, 65.0, 244.0
124, 620.0, 130.0
125, 158.0, 303.0
126, 478.0, 314.0
127, 345.0, 448.0
128, 636.0, 330.0
129, 132.0, 208.0
130, 496.0, 363.0
131, 138.0, 345.0
132, 643.0, 161.0
133, 257.0, 271.0
134, 595.0, 136.0
135, 32.0, 225.0
136, 426.0, 211.0
137, 701.0, 277.0
138, 416.0, 81.0
139, 123.0, 343.0
140, 300.0, 360.0
141, 316.0, 200.0
142, 388.0, 298.0
143, 154.0, 225.0
144, 396.0, 395.0
145, 613.0, 272.0
146, 485.0, 182.0
147, 337.0, 59.0
148, 646.0, 243.0
149, 695.0, 463.0
150, 190.0, 209.0
151, 557.0, 198.0
152, 59.0, 350.0
153, 415.0, 96.0
154, 515.0, 237.0
155, 112.0, 304.0
156, 412.0, 115.0
157, 665.0, 388.0
158, 151.0, 344.0
159, 546.0, 253.0
160, 376.0, 245.0
161, 490.0, 442.0
162, 456.0, 48.0
163, 288.0, 131.0
164, 242.0, 364.0
165, 347.0, 419.0
166, 326.0, 328.0
167, 678.0, 22.0
168, 228.0, 321.0
169, 383.0, 315.0
170, 185.0, 259.0
171, 265.0, 224.0
172, 361.0, 199.0
173, 163.0, 256.0
174, 644.0, 389.0
175, 12.0, 379.0
176, 307.0, 243.0
177, 288.0, 89.0
178, 516.0, 222.0
179, 561.0, 174.0
180, 350.0, 256.0
181, 117.0, 211.0
182, 322.0, 106.0
183, 362.0, 471.0
184, 452.0, 433.0
185, 621.0, 150.0
186, 565.0, 286.0
187, 671.0, 123.0
188, 563.0, 133.0
189, 606.0, 389.0
190, 583.0, 433.0
191, 286.0, 346.0
192, 485.0, 114.0
193, 348.0, 18.0
194, 202.0, 198.0
195, 313.0, 365.0
196, 680.0, 153.0
197, 79.0, 419.0
198, 142.0, 289.0
199, 697.0, 447.0
200, 175.0, 430.0
201, 439.0, 428.0
202, 460.0, 324.0
203, 111.0, 162.0
204, 192.0, 226.0
205, 226.0, 299.0
206, 288.0, 105.0
207, 454.0, 221.0
208, 243.0, 379.0
209, 545.0, 143.0
210, 542.0, 199.0
211, 207.0, 270.0
212, 460.0, 245.0
213, 544.0, 446.0
214, 654.0, 121.0
215, 575.0, 253.0
216, 111.0, 242.0
217, 616.0, 259.0
218, 134.0, 227.0
219, 368.0, 221.0
220, 582.0, 344.0
221, 390.0, 380.0
222, 135.0, 309.0
223, 572.0, 123.0
224, 541.0, 271.0
225, 581.0, 285.0
226, 324.0, 421.0
227, 349.0, 108.0
228, 257.0, 436.0
229, 317.0, 267.0
230, 380.0, 362.0
231, 417.0, 71.0
232, 485.0, 324.0
233, 608.0, 363.0
234, 234.0, 454.0
235, 419.0, 296.0
236, 299.0, 464.0
237, 683.0, 393.0
238, 378.0, 81.0
239, 404.0, 202.0
240, 187.0, 312.0
241, 603.0, 259.0
242, 326.0, 438.0
243, 660.0, 335.0
244, 125.0, 318.0
245, 606.0, 292.0
246, 54.0, 335.0
247, 201.0, 213.0
248, 547.0, 321.0
249, 154.0, 262.0
250, 270.0, 144.0
251, 407.0, 171.0
252, 631.0, 217.0
253, 78.0, 265.0
254, 298.0, 17.0
255, 539.0, 281.0
256, 691.0, 289.0
257, 150.0, 326.0
258, 486.0, 202.0
259, 420.0, 341.0
260, 302.0, 146.0
261, 648.0, 288.0
262, 31.0, 253.0
263, 439.0, 11.0
264, 24.0, 332.0
265, 658.0, 145.0
266, 642.0, 140.0
267, 698.0, 308.0
268, 683.0, 457.0
269, 376.0, 272.0
270, 618.0, 66.0
271, 184.0, 412.0
272, 287.0, 233.0
273, 313.0, 31.0
274, 42.0, 153.0
275, 604.0, 176.0
276, 8.0, 132.0
277, 507.0, 412.0
278, 351.0, 341.0
279, 627.0, 117.0
280, 503.0, 220.0
281, 176.0, 260.0
282, 313.0, 19.0
283, 22.0, 239.0
284, 236.0, 428.0
285, 460.0, 275.0
286, 383.0, 19.0
287, 547.0, 112.0
288, 200.0, 419.0
289, 155.0, 236.0
290, 104.0, 252.0
291, 443.0, 274.0
292, 550.0, 383.0
293, 313.0, 147.0
294, 533.0, 237.0
295, 145.0, 414.0
296, 604.0, 155.0
297, 202.0, 462.0
298, 344.0, 290.0
299, 575.0, 73.0
300, 346.0, 436.0
301, 119.0, 293.0
302, 10.0, 262.0
303, 650.0, 415.0
304, 399.0, 339.0
305, 251.0, 238.0
306, 650.0, 201.0
307, 669.0, 156.0
308, 578.0, 232.0
309, 365.0, 366.0
310, 502.0, 323.0
311, 177.0, 450.0
312, 123.0, 198.0
313, 669.0, 62.0
314, 180.0, 471.0
315, 71.0, 294.0
316, 567.0, 263.0
317, 554.0, 139.0
318, 613.0, 340.0
319, 402.0, 261.0
320, 495.0, 202.0
321, 270.0, 118.0
322, 527.0, 272.0
323, 224.0, 366.0
324, 514.0, 126.0
325, 371.0, 462.0
326, 407.0, 246.0
327, 466.0, 451.0
328, 59.0, 212.0
329, 83.0, 406.0
330, 22.0, 361.0
331, 426.0, 124.0
332, 265.0, 174.0
333, 315.0, 400.0
334, 651.0, 12.0
335, 39.0, 329.0
336, 288.0, 430.0
337, 537.0, 291.0
338, 639.0, 187.0
339, 294.0, 448.0
340, 211.0, 310.0
341, 386.0, 416.0
342, 615.0, 285.0
343, 587.0, 418.0
344, 474.0, 427.0
345, 110.0, 226.0
346, 63.0, 229.0
347, 631.0, 136.0
348, 739.0, 132.0
349, 389.0, 27.0
350, 78.0, 228.0
351, 503.0, 400.0
352, 151.0, 389.0
353, 349.0, 311.0
354, 673.0, 394.0
355, 17.0, 306.0
356, 121.0, 236.0
357, 628.0, 69.0
358, 621.0, 295.0
359, 355.0, 15.0
360, 27.0, 132.0
361, 551.0, 237.0
362, 580.0, 153.0
363, 669.0, 471.0
364, 267.0, 199.0
365, 578.0, 451.0
366, 466.0, 260.0
367, 362.0, 376.0
368, 481.0, 399.0
369, 190.0, 273.0
370, 665.0, 18.0
371, 95.0, 263.0
372, 728.0, 368.0
373, 17.0, 185.0
374, 682.0, 169.0
375, 534.0, 144.0
376, 700.0, 261.0
377, 218.0, 182.0
378, 399.0, 312.0
379, 729.0, 270.0
380, 324.0, 366.0
381, 78.0, 280.0
382, 582.0, 130.0
383, 174.0, 359.0
384, 375.0, 429.0
385, 256.0, 449.0
386, 313.0, 137.0
387, 411.0, 281.0
388, 321.0, 350.0
389, 655.0, 383.0
390, 254.0, 294.0
391, 521.0, 400.0
392, 548.0, 431.0
393, 588.0, 269.0
394, 457.0, 229.0
395, 102.0, 305.0
396, 511.0, 316.0
397, 475.0, 354.0
398, 300.0, 400.0
399, 497.0, 409.0
400, 478.0, 411.0
401, 619.0, 316.0
402, 18.0, 106.0
403, 304.0, 370.0
404, 351.0, 223.0
405, 463.0, 418.0
406, 617.0, 395.0
407, 35.0, 170.0
408, 54.0, 323.0
409, 42.0, 240.0
410, 350.0, 382.0
411, 275.0, 305.0
412, 45.0, 275.0
413, 191.0, 284.0
414, 245.0, 257.0
415, 497.0, 428.0
416, 712.0, 396.0
417, 521.0, 117.0
418, 246.0, 265.0
419, 393.0, 200.0
420, 580.0, 41.0
421, 109.0, 271.0
422, 328.0, 136.0
423, 153.0, 248.0
424, 315.0, 254.0
425, 299.0, 214.0
426, 722.0, 147.0
427, 424.0, 111.0
428, 35.0, 278.0
429, 331.0, 78.0
430, 386.0, 270.0
431, 211.0, 240.0
432, 457.0, 443.0
433, 619.0, 186.0
434, 282.0, 73.0
435, 79.0, 242.0
436, 564.0, 113.0
437, 661.0, 175.0
438, 604.0, 66.0
439, 442.0, 243.0
440, 61.0, 285.0
441, 529.0, 255.0
442, 611.0, 101.0
443, 723.0, 305.0
444, 289.0, 145.0
445, 574.0, 200.0
446, 251.0, 320.0
447, 14.0, 170.0
448, 626.0, 462.0
449, 199.0, 385.0
450, 328.0, 271.0
451, 542.0, 173.0
452, 343.0, 243.0
453, 266.0, 213.0
454, 639.0, 307.0
455, 627.0, 337.0
456, 289.0, 294.0
457, 588.0, 305.0
458, 501.0, 60.0
459, 116.0, 39.0
460, 633.0, 398.0
461, 703.0, 354.0
462, 265.0, 234.0
463, 472.0, 125.0
464, 447.0, 383.0
465, 595.0, 467.0
466, 519.0, 176.0
467, 113.0, 178.0
468, 131.0, 263.0
469, 365.0, 243.0
470, 624.0, 19.0
471, 476.0, 57.0
472, 366.0, 111.0
473, 612.0, 451.0
474, 299.0, 200.0
475, 512.0, 421.0
476, 14.0, 92.0
477, 628.0, 187.0
478, 176.0, 298.0
479, 429.0, 453.0
480, 83.0, 295.0
481, 303.0, 268.0
482, 587.0, 255.0
483, 630.0, 24.0
484, 211.0, 227.0
485, 696.0, 429.0
486, 651.0, 460.0
487, 351.0, 83.0
488, 685.0, 281.0
489, 644.0, 343.0
490, 538.0, 471.0
491, 736.0, 289.0
492, 709.0, 156.0
493, 433.0, 295.0
494, 240.0, 30.0
495, 281.0, 212.0
496, 710.0, 426.0
497, 728.0, 186.0
498, 199.0, 311.0
499, 625.0, 198.0
