0, 396.0, 40.0
1, 214.0, 152.0
2, 167.0, 276.0
3, 472.0, 240.0
4, 440.0, 239.0
5, 391.0, 116.0
6, 212.0, 441.0
7, 416.0, 116.0
8, 169.0, 208.0
9, 229.0, 159.0
10, 252.0, 136.0
11, 103.0, 65.0
12, 590.0, 274.0
13, 192.0, 121.0
14, 451.0, 121.0
15, 459.0, 74.0
16, 444.0, 296.0
17, 253.0, 127.0
18, 699.0, 24.0
19, 112.0, 182.0
20, 303.0, 186.0
21, 581.0, 257.0
22, 110.0, 99.0
23, 252.0, 358.0
24, 524.0, 46.0
25, 239.0, 213.0
26, 481.0, 50.0
27, 384.0, 52.0
28, 155.0, 259.0
29, 242.0, 266.0
30, 101.0, 262.0
31, 91.0, 64.0
32, 431.0, 201.0
33, 228.0, 149.0
34, 226.0, 237.0
35, 437.0, 469.0
36, 619.0, 66.0
37, 268.0, 195.0
38, 189.0, 155.0
39, 185.0, 201.0
40, 214.0, 402.0
41, 176.0, 340.0
42, 457.0, 312.0
43, 159.0, 361.0
44, 75.0, 246.0
45, 385.0, 175.0
46, 397.0, 53.0
47, 585.0, 37.0
48, 250.0, 250.0
49, 549.0, 48.0
50, 309.0, 336.0
51, 651.0, 37.0
52, 163.0, 233.0
53, 606.0, 68.0
54, 439.0, 127.0
55, 347.0, 159.0
56, 374.0, 184.0
57, 90.0, 307.0
58, 158.0, 288.0
59, 592.0, 347.0
60, 431.0, 211.0
61, 356.0, 147.0
62, 87.0, 346.0
63, 369.0, 140.0
64, 591.0, 11.0
65, 570.0, 267.0
66, 634.0, 237.0
67, 240.0, 140.0
68, 411.0, 209.0
69, 239.0, 233.0
70, 457.0, 89.0
71, 121.0, 58.0
72, 255.0, 159.0
73, 48.0, 416.0
74, 237.0, 200.0
75, 439.0, 250.0
76, 180.0, 211.0
77, 429.0, 117.0
78, 434.0, 63.0
79, 484.0, 35.0
80, 407.0, 186.0
81, 601.0, 83.0
82, 161.0, 168.0
83, 333.0, 351.0
84, 76.0, 352.0
85, 300.0, 147.0
86, 241.0, 253.0
87, 140.0, 435.0
88, 411.0, 53.0
89, 416.0, 126.0
90, 101.0, 334.0
91, 322.0, 148.0
92, 370.0, 221.0
93, 154.0, 280.0
94, 16.0, 276.0
95, 496.0, 75.0
96, 163.0, 141.0
97, 224.0, 406.0
98, 137.0, 225.0
99, 517.0, 448.0
100, 72.0, 387.0
101, 423.0, 19.0
102, 171.0, 195.0
103, 105.0, 447.0
104, 521.0, 8.0
105, 266.0, 177.0
106, 689.0, 105.0
107, 567.0, 289.0
108, 79.0, 261.0
109, 137.0, 151.0
110, 234.0, 306.0
111, 734.0, 107.0
112, 306.0, 29.0
113, 49.0, 296.0
114, 390.0, 133.0
115, 162.0, 222.0
116, 574.0, 299.0
117, 717.0, 273.0
118, 497.0, 446.0
119, 126.0, 152.0
120, 681.0, 240.0
121, 72.0, 289.0
122, 26.0, 39.0
123, 191.0, 243.0
124, 108.0, 164.0
125, 254.0, 191.0
126, 126.0, 128.0
127, 134.0, 214.0
128, 292.0, 327.0
129, 643.0, 102.0
130, 162.0, 180.0
131, 140.0, 129.0
132, 433.0, 433.0
133, 388.0, 466.0
134, 418.0, 459.0
135, 440.0, 117.0
136, 178.0, 129.0
137, 447.0, 165.0
138, 503.0, 51.0
139, 448.0, 312.0
140, 323.0, 173.0
141, 271.0, 467.0
142, 728.0, 33.0
143, 105.0, 431.0
144, 679.0, 71.0
145, 178.0, 21.0
146, 397.0, 31.0
147, 231.0, 180.0
148, 370.0, 54.0
149, 217.0, 224.0
150, 169.0, 263.0
151, 232.0, 255.0
152, 252.0, 177.0
153, 255.0, 342.0
154, 446.0, 450.0
155, 314.0, 350.0
156, 486.0, 16.0
157, 273.0, 78.0
158, 425.0, 441.0
159, 304.0, 313.0
160, 152.0, 399.0
161, 241.0, 154.0
162, 687.0, 94.0
163, 157.0, 190.0
164, 275.0, 89.0
165, 437.0, 259.0
166, 390.0, 125.0
167, 411.0, 141.0
168, 235.0, 279.0
169, 281.0, 352.0
170, 188.0, 228.0
171, 162.0, 318.0
172, 274.0, 102.0
173, 141.0, 260.0
174, 262.0, 433.0
175, 131.0, 262.0
176, 408.0, 467.0
177, 426.0, 78.0
178, 136.0, 56.0
179, 27.0, 53.0
180, 149.0, 185.0
181, 393.0, 72.0
182, 261.0, 327.0
183, 419.0, 148.0
184, 97.0, 110.0
185, 326.0, 40.0
186, 256.0, 448.0
187, 152.0, 111.0
188, 51.0, 42.0
189, 287.0, 258.0
190, 166.0, 402.0
191, 58.0, 55.0
192, 221.0, 463.0
193, 179.0, 232.0
194, 294.0, 352.0
195, 456.0, 14.0
196, 585.0, 238.0
197, 276.0, 122.0
198, 543.0, 98.0
199, 84.0, 285.0
200, 545.0, 461.0
201, 435.0, 40.0
202, 180.0, 222.0
203, 712.0, 26.0
204, 280.0, 195.0
205, 477.0, 436.0
206, 509.0, 456.0
207, 285.0, 103.0
208, 71.0, 33.0
209, 128.0, 403.0
210, 75.0, 48.0
211, 554.0, 265.0
212, 307.0, 50.0
213, 168.0, 131.0
214, 164.0, 385.0
215, 118.0, 143.0
216, 200.0, 379.0
217, 214.0, 300.0
218, 146.0, 169.0
219, 418.0, 106.0
220, 524.0, 365.0
221, 470.0, 35.0
222, 244.0, 116.0
223, 153.0, 247.0
224, 715.0, 42.0
225, 342.0, 407.0
226, 241.0, 83.0
227, 166.0, 425.0
228, 56.0, 390.0
229, 520.0, 456.0
230, 347.0, 11.0
231, 94.0, 394.0
232, 252.0, 113.0
233, 275.0, 113.0
234, 179.0, 34.0
235, 136.0, 76.0
236, 341.0, 170.0
237, 381.0, 140.0
238, 359.0, 456.0
239, 193.0, 454.0
240, 212.0, 385.0
241, 313.0, 201.0
242, 327.0, 53.0
243, 294.0, 403.0
244, 140.0, 245.0
245, 205.0, 417.0
246, 158.0, 100.0
247, 124.0, 373.0
248, 197.0, 187.0
249, 592.0, 260.0
250, 495.0, 28.0
251, 109.0, 358.0
252, 170.0, 222.0
253, 340.0, 124.0
254, 468.0, 90.0
255, 140.0, 94.0
256, 305.0, 388.0
257, 344.0, 334.0
258, 58.0, 407.0
259, 418.0, 388.0
260, 298.0, 136.0
261, 235.0, 335.0
262, 430.0, 235.0
263, 308.0, 84.0
264, 418.0, 469.0
265, 462.0, 105.0
266, 119.0, 409.0
267, 369.0, 455.0
268, 371.0, 40.0
269, 54.0, 356.0
270, 112.0, 113.0
271, 369.0, 465.0
272, 532.0, 466.0
273, 565.0, 276.0
274, 570.0, 256.0
275, 381.0, 115.0
276, 265.0, 186.0
277, 431.0, 245.0
278, 454.0, 103.0
279, 111.0, 334.0
280, 367.0, 70.0
281, 294.0, 436.0
282, 429.0, 108.0
283, 444.0, 206.0
284, 133.0, 273.0
285, 324.0, 29.0
286, 328.0, 442.0
287, 549.0, 33.0
288, 221.0, 178.0
289, 94.0, 317.0
290, 115.0, 421.0
291, 177.0, 143.0
292, 444.0, 73.0
293, 166.0, 247.0
294, 702.0, 14.0
295, 403.0, 116.0
296, 258.0, 240.0
297, 535.0, 14.0
298, 275.0, 335.0
299, 428.0, 460.0
300, 181.0, 72.0
301, 274.0, 449.0
302, 439.0, 18.0
303, 434.0, 313.0
304, 198.0, 314.0
305, 35.0, 454.0
306, 439.0, 418.0
307, 578.0, 357.0
308, 371.0, 30.0
309, 369.0, 207.0
310, 531.0, 78.0
311, 723.0, 92.0
312, 257.0, 385.0
313, 147.0, 272.0
314, 233.0, 319.0
315, 276.0, 162.0
316, 268.0, 358.0
317, 321.0, 325.0
318, 251.0, 148.0
319, 490.0, 455.0
320, 314.0, 393.0
321, 345.0, 315.0
322, 109.0, 133.0
323, 328.0, 285.0
324, 346.0, 286.0
325, 124.0, 112.0
326, 329.0, 259.0
327, 20.0, 294.0
328, 8.0, 29.0
329, 255.0, 63.0
330, 303.0, 345.0
331, 319.0, 83.0
332, 219.0, 165.0
333, 219.0, 341.0
334, 143.0, 360.0
335, 381.0, 105.0
336, 455.0, 260.0
337, 270.0, 379.0
338, 130.0, 174.0
339, 85.0, 33.0
340, 471.0, 107.0
341, 397.0, 160.0
342, 468.0, 50.0
343, 697.0, 39.0
344, 560.0, 238.0
345, 259.0, 83.0
346, 192.0, 84.0
347, 217.0, 14.0
348, 246.0, 192.0
349, 38.0, 91.0
350, 418.0, 93.0
351, 368.0, 115.0
352, 347.0, 30.0
353, 244.0, 176.0
354, 279.0, 136.0
355, 195.0, 67.0
356, 540.0, 60.0
357, 97.0, 186.0
358, 435.0, 451.0
359, 399.0, 352.0
360, 473.0, 459.0
361, 209.0, 235.0
362, 434.0, 301.0
363, 222.0, 197.0
364, 22.0, 20.0
365, 374.0, 384.0
366, 91.0, 262.0
367, 425.0, 450.0
368, 106.0, 306.0
369, 466.0, 471.0
370, 501.0, 113.0
371, 257.0, 206.0
372, 209.0, 465.0
373, 303.0, 198.0
374, 395.0, 185.0
375, 370.0, 236.0
376, 107.0, 11.0
377, 202.0, 431.0
378, 176.0, 156.0
379, 345.0, 139.0
380, 237.0, 56.0
381, 332.0, 123.0
382, 132.0, 365.0
383, 463.0, 255.0
384, 384.0, 30.0
385, 682.0, 57.0
386, 260.0, 258.0
387, 538.0, 257.0
388, 369.0, 93.0
389, 146.0, 349.0
390, 369.0, 105.0
391, 185.0, 180.0
392, 426.0, 222.0
393, 137.0, 374.0
394, 342.0, 189.0
395, 278.0, 25.0
396, 272.0, 303.0
397, 251.0, 260.0
398, 110.0, 241.0
399, 260.0, 220.0
400, 242.0, 167.0
401, 104.0, 42.0
402, 340.0, 464.0
403, 348.0, 54.0
404, 410.0, 166.0
405, 575.0, 86.0
406, 257.0, 409.0
407, 332.0, 114.0
408, 308.0, 113.0
409, 267.0, 161.0
410, 252.0, 465.0
411, 285.0, 175.0
412, 82.0, 419.0
413, 246.0, 199.0
414, 541.0, 106.0
415, 549.0, 18.0
416, 107.0, 52.0
417, 226.0, 52.0
418, 512.0, 464.0
419, 304.0, 423.0
420, 392.0, 106.0
421, 155.0, 454.0
422, 194.0, 266.0
423, 742.0, 44.0
424, 58.0, 335.0
425, 171.0, 58.0
426, 561.0, 256.0
427, 120.0, 321.0
428, 122.0, 93.0
429, 68.0, 321.0
430, 713.0, 107.0
431, 476.0, 471.0
432, 122.0, 332.0
433, 447.0, 470.0
434, 364.0, 184.0
435, 483.0, 74.0
436, 288.0, 283.0
437, 211.0, 453.0
438, 429.0, 141.0
439, 444.0, 442.0
440, 382.0, 69.0
441, 435.0, 48.0
442, 252.0, 168.0
443, 249.0, 310.0
444, 341.0, 179.0
445, 64.0, 269.0
446, 340.0, 69.0
447, 410.0, 31.0
448, 197.0, 219.0
449, 240.0, 383.0
450, 158.0, 209.0
451, 588.0, 286.0
452, 420.0, 242.0
453, 339.0, 325.0
454, 427.0, 469.0
455, 414.0, 78.0
456, 608.0, 19.0
457, 236.0, 435.0
458, 284.0, 224.0
459, 434.0, 442.0
460, 261.0, 110.0
461, 379.0, 456.0
462, 460.0, 34.0
463, 278.0, 387.0
464, 330.0, 82.0
465, 409.0, 65.0
466, 119.0, 16.0
467, 175.0, 98.0
468, 175.0, 248.0
469, 309.0, 136.0
470, 369.0, 159.0
471, 695.0, 82.0
472, 449.0, 419.0
473, 115.0, 386.0
474, 594.0, 337.0
475, 541.0, 293.0
476, 604.0, 283.0
477, 555.0, 111.0
478, 727.0, 243.0
479, 36.0, 287.0
480, 196.0, 213.0
481, 227.0, 330.0
482, 291.0, 417.0
483, 263.0, 11.0
484, 180.0, 400.0
485, 311.0, 149.0
486, 440.0, 135.0
487, 175.0, 46.0
488, 305.0, 105.0
489, 112.0, 199.0
490, 104.0, 345.0
491, 497.0, 434.0
492, 306.0, 223.0
493, 82.0, 441.0
494, 497.0, 62.0
495, 272.0, 344.0
496, 166.0, 457.0
497, 181.0, 320.0
498, 405.0, 431.0
499, 151.0, 321.0
