0, 293.0, 421.0
1, 372.0, 223.0
2, 298.0, 297.0
3, 179.0, 73.0
4, 396.0, 282.0
5, 375.0, 161.0
6, 625.0, 467.0
7, 487.0, 400.0
8, 269.0, 79.0
9, 288.0, 269.0
10, 499.0, 431.0
11, 198.0, 128.0
12, 407.0, 40.0
13, 648.0, 188.0
14, 665.0, 190.0
15, 685.0, 432.0
16, 649.0, 372.0
17, 462.0, 110.0
18, 380.0, 225.0
19, 332.0, 403.0
20, 352.0, 166.0
21, 605.0, 243.0
22, 298.0, 311.0
23, 423.0, 213.0
24, 537.0, 393.0
25, 350.0, 130.0
26, 408.0, 282.0
27, 578.0, 426.0
28, 315.0, 148.0
29, 218.0, 193.0
30, 421.0, 412.0
31, 148.0, 343.0
32, 519.0, 208.0
33, 408.0, 296.0
34, 573.0, 328.0
35, 402.0, 69.0
36, 547.0, 147.0
37, 445.0, 246.0
38, 578.0, 161.0
39, 568.0, 336.0
40, 395.0, 58.0
41, 313.0, 401.0
42, 715.0, 227.0
43, 600.0, 344.0
44, 549.0, 134.0
45, 234.0, 313.0
46, 436.0, 421.0
47, 247.0, 273.0
48, 137.0, 174.0
49, 373.0, 173.0
50, 563.0, 326.0
51, 228.0, 468.0
52, 136.0, 458.0
53, 483.0, 279.0
54, 567.0, 404.0
55, 198.0, 140.0
56, 613.0, 339.0
57, 496.0, 282.0
58, 119.0, 298.0
59, 451.0, 451.0
60, 652.0, 172.0
61, 371.0, 237.0
62, 549.0, 209.0
63, 657.0, 217.0
64, 304.0, 239.0
65, 227.0, 452.0
66, 287.0, 251.0
67, 303.0, 221.0
68, 660.0, 206.0
69, 35.0, 308.0
70, 719.0, 215.0
71, 539.0, 156.0
72, 541.0, 349.0
73, 558.0, 262.0
74, 161.0, 71.0
75, 49.0, 347.0
76, 510.0, 229.0
77, 391.0, 337.0
78, 520.0, 407.0
79, 359.0, 172.0
80, 162.0, 81.0
81, 567.0, 316.0
82, 592.0, 181.0
83, 194.0, 74.0
84, 72.0, 364.0
85, 134.0, 79.0
86, 82.0, 432.0
87, 330.0, 235.0
88, 705.0, 312.0
89, 578.0, 288.0
90, 600.0, 73.0
91, 282.0, 309.0
92, 216.0, 174.0
93, 384.0, 245.0
94, 490.0, 116.0
95, 643.0, 454.0
96, 158.0, 376.0
97, 173.0, 394.0
98, 678.0, 447.0
99, 220.0, 458.0
100, 117.0, 384.0
101, 317.0, 67.0
102, 219.0, 204.0
103, 421.0, 104.0
104, 170.0, 31.0
105, 24.0, 385.0
106, 234.0, 293.0
107, 381.0, 34.0
108, 480.0, 165.0
109, 152.0, 270.0
110, 724.0, 198.0
111, 533.0, 193.0
112, 312.0, 427.0
113, 302.0, 198.0
114, 534.0, 290.0
115, 465.0, 91.0
116, 589.0, 235.0
117, 590.0, 348.0
118, 566.0, 18.0
119, 136.0, 275.0
120, 566.0, 175.0
121, 531.0, 447.0
122, 180.0, 83.0
123, 559.0, 287.0
124, 691.0, 445.0
125, 631.0, 314.0
126, 581.0, 72.0
127, 582.0, 334.0
128, 605.0, 183.0
129, 245.0, 115.0
130, 310.0, 87.0
131, 628.0, 329.0
132, 537.0, 371.0
133, 387.0, 153.0
134, 499.0, 442.0
135, 448.0, 390.0
136, 134.0, 351.0
137, 710.0, 339.0
138, 604.0, 128.0
139, 236.0, 171.0
140, 625.0, 338.0
141, 622.0, 312.0
142, 565.0, 190.0
143, 216.0, 103.0
144, 314.0, 162.0
145, 214.0, 420.0
146, 118.0, 190.0
147, 546.0, 297.0
148, 583.0, 215.0
149, 230.0, 191.0
150, 466.0, 65.0
151, 498.0, 391.0
152, 73.0, 419.0
153, 274.0, 412.0
154, 617.0, 246.0
155, 642.0, 214.0
156, 183.0, 138.0
157, 212.0, 127.0
158, 500.0, 363.0
159, 662.0, 105.0
160, 421.0, 231.0
161, 75.0, 462.0
162, 531.0, 303.0
163, 312.0, 218.0
164, 427.0, 159.0
165, 477.0, 109.0
166, 317.0, 172.0
167, 373.0, 202.0
168, 476.0, 363.0
169, 598.0, 291.0
170, 481.0, 100.0
171, 54.0, 382.0
172, 149.0, 316.0
173, 342.0, 265.0
174, 232.0, 278.0
175, 434.0, 455.0
176, 240.0, 124.0
177, 723.0, 365.0
178, 484.0, 243.0
179, 147.0, 365.0
180, 421.0, 92.0
181, 619.0, 328.0
182, 592.0, 279.0
183, 572.0, 150.0
184, 576.0, 315.0
185, 596.0, 254.0
186, 587.0, 365.0
187, 260.0, 69.0
188, 67.0, 396.0
189, 239.0, 160.0
190, 688.0, 421.0
191, 410.0, 136.0
192, 12.0, 381.0
193, 588.0, 129.0
194, 79.0, 389.0
195, 242.0, 76.0
196, 247.0, 305.0
197, 459.0, 123.0
198, 159.0, 110.0
199, 411.0, 74.0
200, 389.0, 168.0
201, 50.0, 462.0
202, 124.0, 460.0
203, 295.0, 461.0
204, 459.0, 239.0
205, 675.0, 99.0
206, 330.0, 122.0
207, 425.0, 29.0
208, 467.0, 31.0
209, 372.0, 302.0
210, 105.0, 448.0
211, 510.0, 220.0
212, 515.0, 447.0
213, 517.0, 337.0
214, 574.0, 348.0
215, 634.0, 450.0
216, 274.0, 276.0
217, 250.0, 403.0
218, 244.0, 103.0
219, 460.0, 385.0
220, 382.0, 20.0
221, 393.0, 37.0
222, 280.0, 68.0
223, 378.0, 338.0
224, 559.0, 212.0
225, 724.0, 401.0
226, 652.0, 230.0
227, 409.0, 261.0
228, 404.0, 409.0
229, 266.0, 91.0
230, 207.0, 75.0
231, 82.0, 88.0
232, 119.0, 360.0
233, 469.0, 440.0
234, 591.0, 118.0
235, 56.0, 301.0
236, 45.0, 448.0
237, 455.0, 62.0
238, 542.0, 176.0
239, 309.0, 323.0
240, 395.0, 293.0
241, 417.0, 434.0
242, 592.0, 428.0
243, 217.0, 114.0
244, 170.0, 118.0
245, 743.0, 391.0
246, 595.0, 89.0
247, 81.0, 398.0
248, 713.0, 408.0
249, 123.0, 439.0
250, 740.0, 201.0
251, 194.0, 84.0
252, 609.0, 375.0
253, 201.0, 362.0
254, 368.0, 325.0
255, 470.0, 406.0
256, 279.0, 58.0
257, 735.0, 218.0
258, 436.0, 211.0
259, 434.0, 165.0
260, 249.0, 168.0
261, 569.0, 213.0
262, 20.0, 260.0
263, 578.0, 97.0
264, 717.0, 456.0
265, 139.0, 94.0
266, 303.0, 210.0
267, 420.0, 115.0
268, 502.0, 239.0
269, 279.0, 451.0
270, 662.0, 134.0
271, 102.0, 373.0
272, 469.0, 376.0
273, 431.0, 298.0
274, 139.0, 387.0
275, 728.0, 301.0
276, 307.0, 282.0
277, 102.0, 224.0
278, 470.0, 196.0
279, 153.0, 458.0
280, 129.0, 391.0
281, 676.0, 414.0
282, 441.0, 29.0
283, 558.0, 390.0
284, 412.0, 61.0
285, 482.0, 388.0
286, 522.0, 392.0
287, 335.0, 353.0
288, 577.0, 130.0
289, 234.0, 92.0
290, 370.0, 152.0
291, 722.0, 242.0
292, 708.0, 428.0
293, 624.0, 30.0
294, 216.0, 162.0
295, 520.0, 301.0
296, 507.0, 403.0
297, 638.0, 379.0
298, 466.0, 164.0
299, 638.0, 293.0
300, 616.0, 168.0
301, 445.0, 405.0
302, 563.0, 298.0
303, 408.0, 25.0
304, 580.0, 407.0
305, 515.0, 318.0
306, 644.0, 204.0
307, 550.0, 67.0
308, 424.0, 402.0
309, 571.0, 434.0
310, 340.0, 208.0
311, 454.0, 313.0
312, 710.0, 239.0
313, 248.0, 287.0
314, 288.0, 337.0
315, 118.0, 282.0
316, 278.0, 430.0
317, 378.0, 264.0
318, 283.0, 159.0
319, 155.0, 471.0
320, 67.0, 374.0
321, 230.0, 135.0
322, 456.0, 363.0
323, 618.0, 460.0
324, 54.0, 222.0
325, 320.0, 386.0
326, 736.0, 143.0
327, 420.0, 41.0
328, 497.0, 229.0
329, 562.0, 80.0
330, 122.0, 348.0
331, 108.0, 327.0
332, 195.0, 380.0
333, 613.0, 258.0
334, 570.0, 161.0
335, 156.0, 101.0
336, 10.0, 456.0
337, 489.0, 293.0
338, 696.0, 253.0
339, 44.0, 408.0
340, 608.0, 418.0
341, 524.0, 419.0
342, 618.0, 73.0
343, 253.0, 156.0
344, 515.0, 288.0
345, 446.0, 18.0
346, 180.0, 363.0
347, 381.0, 190.0
348, 444.0, 158.0
349, 132.0, 421.0
350, 482.0, 267.0
351, 677.0, 48.0
352, 320.0, 260.0
353, 155.0, 297.0
354, 402.0, 344.0
355, 560.0, 34.0
356, 327.0, 298.0
357, 393.0, 23.0
358, 610.0, 22.0
359, 180.0, 303.0
360, 315.0, 208.0
361, 468.0, 18.0
362, 552.0, 116.0
363, 462.0, 357.0
364, 52.0, 431.0
365, 501.0, 353.0
366, 602.0, 334.0
367, 408.0, 164.0
368, 555.0, 225.0
369, 494.0, 379.0
370, 320.0, 21.0
371, 596.0, 303.0
372, 257.0, 83.0
373, 529.0, 401.0
374, 165.0, 170.0
375, 264.0, 443.0
376, 547.0, 78.0
377, 136.0, 319.0
378, 612.0, 309.0
379, 503.0, 114.0
380, 549.0, 10.0
381, 358.0, 257.0
382, 363.0, 375.0
383, 93.0, 437.0
384, 627.0, 437.0
385, 172.0, 322.0
386, 481.0, 75.0
387, 173.0, 46.0
388, 681.0, 72.0
389, 239.0, 360.0
390, 363.0, 184.0
391, 66.0, 73.0
392, 69.0, 450.0
393, 562.0, 57.0
394, 659.0, 366.0
395, 343.0, 325.0
396, 175.0, 138.0
397, 535.0, 242.0
398, 336.0, 191.0
399, 399.0, 186.0
400, 78.0, 71.0
401, 504.0, 326.0
402, 234.0, 422.0
403, 449.0, 431.0
404, 309.0, 121.0
405, 404.0, 59.0
406, 587.0, 250.0
407, 360.0, 220.0
408, 564.0, 70.0
409, 670.0, 174.0
410, 301.0, 175.0
411, 674.0, 372.0
412, 730.0, 421.0
413, 579.0, 178.0
414, 309.0, 437.0
415, 18.0, 434.0
416, 413.0, 313.0
417, 627.0, 15.0
418, 522.0, 431.0
419, 285.0, 322.0
420, 688.0, 108.0
421, 691.0, 467.0
422, 458.0, 82.0
423, 473.0, 244.0
424, 647.0, 245.0
425, 650.0, 410.0
426, 596.0, 165.0
427, 127.0, 334.0
428, 339.0, 232.0
429, 601.0, 145.0
430, 349.0, 184.0
431, 293.0, 439.0
432, 166.0, 181.0
433, 202.0, 178.0
434, 205.0, 56.0
435, 723.0, 446.0
436, 355.0, 382.0
437, 65.0, 329.0
438, 451.0, 266.0
439, 528.0, 319.0
440, 144.0, 103.0
441, 437.0, 440.0
442, 242.0, 468.0
443, 283.0, 79.0
444, 537.0, 338.0
445, 359.0, 279.0
446, 739.0, 60.0
447, 543.0, 166.0
448, 319.0, 232.0
449, 565.0, 245.0
450, 702.0, 369.0
451, 532.0, 26.0
452, 589.0, 317.0
453, 92.0, 239.0
454, 666.0, 285.0
455, 454.0, 330.0
456, 589.0, 451.0
457, 179.0, 286.0
458, 61.0, 23.0
459, 302.0, 161.0
460, 619.0, 374.0
461, 394.0, 196.0
462, 462.0, 415.0
463, 563.0, 356.0
464, 667.0, 54.0
465, 561.0, 95.0
466, 515.0, 166.0
467, 587.0, 301.0
468, 477.0, 221.0
469, 131.0, 374.0
470, 704.0, 446.0
471, 380.0, 171.0
472, 655.0, 65.0
473, 660.0, 83.0
474, 434.0, 320.0
475, 79.0, 351.0
476, 373.0, 361.0
477, 712.0, 297.0
478, 630.0, 380.0
479, 540.0, 442.0
480, 589.0, 195.0
481, 299.0, 380.0
482, 285.0, 199.0
483, 346.0, 391.0
484, 412.0, 447.0
485, 145.0, 227.0
486, 574.0, 263.0
487, 446.0, 318.0
488, 679.0, 138.0
489, 11.0, 414.0
490, 446.0, 226.0
491, 520.0, 253.0
492, 740.0, 436.0
493, 352.0, 245.0
494, 576.0, 302.0
495, 29.0, 401.0
496, 187.0, 314.0
497, 368.0, 132.0
498, 608.0, 465.0
499, 109.0, 251.0
