0, 123.0, 127.0
1, 615.0, 244.0
2, 307.0, 424.0
3, 575.0, 269.0
4, 465.0, 394.0
5, 249.0, 432.0
6, 608.0, 336.0
7, 161.0, 264.0
8, 307.0, 387.0
9, 625.0, 282.0
10, 592.0, 281.0
11, 327.0, 398.0
12, 401.0, 259.0
13, 452.0, 433.0
14, 520.0, 137.0
15, 592.0, 393.0
16, 319.0, 425.0
17, 506.0, 317.0
18, 650.0, 262.0
19, 570.0, 287.0
20, 333.0, 361.0
21, 369.0, 313.0
22, 374.0, 346.0
23, 439.0, 353.0
24, 140.0, 225.0
25, 603.0, 267.0
26, 485.0, 469.0
27, 450.0, 292.0
28, 560.0, 304.0
29, 434.0, 128.0
30, 234.0, 332.0
31, 461.0, 405.0
32, 475.0, 110.0
33, 477.0, 257.0
34, 659.0, 204.0
35, 209.0, 254.0
36, 591.0, 304.0
37, 510.0, 254.0
38, 235.0, 31.0
39, 309.0, 344.0
40, 520.0, 206.0
41, 198.0, 196.0
42, 665.0, 288.0
43, 80.0, 109.0
44, 322.0, 23.0
45, 735.0, 206.0
46, 142.0, 239.0
47, 547.0, 352.0
48, 450.0, 131.0
49, 208.0, 184.0
50, 662.0, 359.0
51, 447.0, 180.0
52, 632.0, 394.0
53, 631.0, 271.0
54, 377.0, 415.0
55, 164.0, 282.0
56, 450.0, 349.0
57, 338.0, 313.0
58, 200.0, 428.0
59, 501.0, 310.0
60, 283.0, 248.0
61, 282.0, 207.0
62, 358.0, 50.0
63, 378.0, 332.0
64, 320.0, 298.0
65, 618.0, 171.0
66, 442.0, 468.0
67, 535.0, 205.0
68, 658.0, 68.0
69, 356.0, 363.0
70, 372.0, 383.0
71, 295.0, 240.0
72, 553.0, 435.0
73, 329.0, 335.0
74, 580.0, 294.0
75, 394.0, 283.0
76, 388.0, 371.0
77, 560.0, 215.0
78, 562.0, 348.0
79, 422.0, 27.0
80, 475.0, 270.0
81, 349.0, 355.0
82, 503.0, 183.0
83, 602.0, 377.0
84, 329.0, 425.0
85, 310.0, 325.0
86, 241.0, 234.0
87, 548.0, 445.0
88, 526.0, 309.0
89, 393.0, 203.0
90, 212.0, 216.0
91, 409.0, 308.0
92, 577.0, 415.0
93, 239.0, 464.0
94, 471.0, 288.0
95, 254.0, 146.0
96, 451.0, 403.0
97, 185.0, 318.0
98, 193.0, 38.0
99, 400.0, 321.0
100, 200.0, 209.0
101, 175.0, 261.0
102, 119.0, 447.0
103, 436.0, 14.0
104, 214.0, 301.0
105, 493.0, 77.0
106, 319.0, 388.0
107, 188.0, 343.0
108, 361.0, 25.0
109, 443.0, 443.0
110, 480.0, 373.0
111, 394.0, 329.0
112, 198.0, 322.0
113, 569.0, 241.0
114, 740.0, 322.0
115, 452.0, 422.0
116, 245.0, 204.0
117, 686.0, 153.0
118, 646.0, 93.0
119, 321.0, 44.0
120, 164.0, 372.0
121, 242.0, 218.0
122, 473.0, 39.0
123, 311.0, 226.0
124, 254.0, 164.0
125, 311.0, 442.0
126, 218.0, 226.0
127, 177.0, 279.0
128, 512.0, 296.0
129, 275.0, 217.0
130, 134.0, 189.0
131, 497.0, 47.0
132, 344.0, 220.0
133, 432.0, 250.0
134, 644.0, 275.0
135, 371.0, 62.0
136, 308.0, 304.0
137, 544.0, 233.0
138, 354.0, 206.0
139, 431.0, 332.0
140, 687.0, 212.0
141, 320.0, 311.0
142, 414.0, 331.0
143, 652.0, 324.0
144, 681.0, 169.0
145, 628.0, 77.0
146, 388.0, 339.0
147, 396.0, 178.0
148, 339.0, 327.0
149, 577.0, 354.0
150, 521.0, 265.0
151, 551.0, 258.0
152, 461.0, 356.0
153, 265.0, 163.0
154, 396.0, 158.0
155, 319.0, 438.0
156, 256.0, 200.0
157, 341.0, 290.0
158, 227.0, 451.0
159, 206.0, 169.0
160, 537.0, 330.0
161, 305.0, 377.0
162, 693.0, 415.0
163, 451.0, 335.0
164, 497.0, 429.0
165, 430.0, 84.0
166, 250.0, 231.0
167, 485.0, 277.0
168, 685.0, 295.0
169, 347.0, 335.0
170, 422.0, 370.0
171, 458.0, 166.0
172, 303.0, 355.0
173, 681.0, 408.0
174, 532.0, 436.0
175, 282.0, 161.0
176, 215.0, 457.0
177, 500.0, 225.0
178, 516.0, 435.0
179, 459.0, 220.0
180, 662.0, 314.0
181, 696.0, 266.0
182, 242.0, 164.0
183, 299.0, 256.0
184, 309.0, 403.0
185, 560.0, 319.0
186, 696.0, 172.0
187, 555.0, 331.0
188, 548.0, 219.0
189, 663.0, 96.0
190, 32.0, 26.0
191, 629.0, 186.0
192, 322.0, 107.0
193, 353.0, 438.0
194, 615.0, 154.0
195, 207.0, 200.0
196, 585.0, 322.0
197, 306.0, 40.0
198, 497.0, 334.0
199, 457.0, 326.0
200, 482.0, 355.0
201, 575.0, 322.0
202, 341.0, 387.0
203, 630.0, 371.0
204, 492.0, 307.0
205, 562.0, 265.0
206, 642.0, 401.0
207, 360.0, 402.0
208, 281.0, 138.0
209, 187.0, 327.0
210, 686.0, 329.0
211, 340.0, 125.0
212, 282.0, 181.0
213, 326.0, 436.0
214, 641.0, 286.0
215, 443.0, 32.0
216, 537.0, 410.0
217, 200.0, 336.0
218, 492.0, 188.0
219, 265.0, 146.0
220, 300.0, 438.0
221, 475.0, 279.0
222, 165.0, 341.0
223, 177.0, 49.0
224, 571.0, 443.0
225, 640.0, 213.0
226, 642.0, 234.0
227, 293.0, 12.0
228, 535.0, 14.0
229, 460.0, 147.0
230, 522.0, 324.0
231, 281.0, 147.0
232, 550.0, 284.0
233, 737.0, 195.0
234, 198.0, 273.0
235, 484.0, 339.0
236, 244.0, 190.0
237, 649.0, 43.0
238, 612.0, 95.0
239, 150.0, 294.0
240, 500.0, 70.0
241, 383.0, 24.0
242, 120.0, 113.0
243, 329.0, 210.0
244, 424.0, 197.0
245, 683.0, 226.0
246, 610.0, 370.0
247, 389.0, 427.0
248, 307.0, 110.0
249, 359.0, 74.0
250, 514.0, 404.0
251, 549.0, 199.0
252, 147.0, 277.0
253, 561.0, 455.0
254, 504.0, 451.0
255, 160.0, 243.0
256, 584.0, 212.0
257, 180.0, 468.0
258, 542.0, 250.0
259, 436.0, 142.0
260, 639.0, 77.0
261, 558.0, 417.0
262, 417.0, 120.0
263, 452.0, 379.0
264, 376.0, 445.0
265, 436.0, 390.0
266, 434.0, 411.0
267, 203.0, 241.0
268, 252.0, 304.0
269, 474.0, 23.0
270, 675.0, 208.0
271, 281.0, 196.0
272, 247.0, 329.0
273, 536.0, 275.0
274, 586.0, 426.0
275, 27.0, 304.0
276, 452.0, 64.0
277, 313.0, 195.0
278, 370.0, 187.0
279, 501.0, 138.0
280, 308.0, 313.0
281, 154.0, 317.0
282, 489.0, 127.0
283, 655.0, 215.0
284, 644.0, 178.0
285, 288.0, 372.0
286, 321.0, 86.0
287, 368.0, 216.0
288, 499.0, 281.0
289, 541.0, 50.0
290, 568.0, 393.0
291, 660.0, 156.0
292, 392.0, 392.0
293, 404.0, 272.0
294, 582.0, 335.0
295, 173.0, 425.0
296, 421.0, 431.0
297, 607.0, 225.0
298, 299.0, 96.0
299, 425.0, 274.0
300, 285.0, 268.0
301, 209.0, 423.0
302, 265.0, 234.0
303, 603.0, 193.0
304, 126.0, 143.0
305, 296.0, 419.0
306, 215.0, 319.0
307, 438.0, 109.0
308, 145.0, 253.0
309, 436.0, 380.0
310, 439.0, 222.0
311, 28.0, 8.0
312, 583.0, 237.0
313, 522.0, 281.0
314, 236.0, 223.0
315, 131.0, 174.0
316, 681.0, 141.0
317, 311.0, 88.0
318, 477.0, 98.0
319, 196.0, 256.0
320, 298.0, 397.0
321, 422.0, 404.0
322, 490.0, 203.0
323, 415.0, 348.0
324, 364.0, 460.0
325, 451.0, 363.0
326, 477.0, 167.0
327, 168.0, 349.0
328, 127.0, 154.0
329, 36.0, 152.0
330, 517.0, 50.0
331, 19.0, 332.0
332, 266.0, 382.0
333, 406.0, 242.0
334, 215.0, 332.0
335, 461.0, 186.0
336, 242.0, 147.0
337, 460.0, 76.0
338, 671.0, 220.0
339, 436.0, 366.0
340, 427.0, 158.0
341, 644.0, 243.0
342, 742.0, 437.0
343, 644.0, 201.0
344, 269.0, 35.0
345, 634.0, 255.0
346, 399.0, 73.0
347, 399.0, 140.0
348, 138.0, 204.0
349, 695.0, 130.0
350, 286.0, 292.0
351, 601.0, 355.0
352, 674.0, 194.0
353, 690.0, 278.0
354, 709.0, 155.0
355, 130.0, 444.0
356, 362.0, 321.0
357, 183.0, 395.0
358, 238.0, 254.0
359, 335.0, 375.0
360, 538.0, 298.0
361, 461.0, 343.0
362, 663.0, 328.0
363, 463.0, 95.0
364, 615.0, 39.0
365, 37.0, 45.0
366, 412.0, 361.0
367, 674.0, 317.0
368, 734.0, 397.0
369, 291.0, 34.0
370, 208.0, 413.0
371, 523.0, 255.0
372, 482.0, 413.0
373, 375.0, 428.0
374, 678.0, 185.0
375, 418.0, 315.0
376, 377.0, 306.0
377, 251.0, 118.0
378, 457.0, 242.0
379, 612.0, 263.0
380, 34.0, 328.0
381, 395.0, 192.0
382, 498.0, 271.0
383, 288.0, 104.0
384, 482.0, 290.0
385, 351.0, 316.0
386, 513.0, 241.0
387, 162.0, 361.0
388, 465.0, 448.0
389, 235.0, 43.0
390, 598.0, 207.0
391, 415.0, 173.0
392, 515.0, 81.0
393, 340.0, 435.0
394, 65.0, 47.0
395, 243.0, 132.0
396, 412.0, 9.0
397, 333.0, 46.0
398, 194.0, 387.0
399, 258.0, 253.0
400, 563.0, 411.0
401, 519.0, 71.0
402, 623.0, 142.0
403, 436.0, 235.0
404, 724.0, 365.0
405, 193.0, 306.0
406, 593.0, 459.0
407, 319.0, 451.0
408, 599.0, 325.0
409, 449.0, 194.0
410, 210.0, 80.0
411, 626.0, 244.0
412, 502.0, 196.0
413, 627.0, 198.0
414, 675.0, 149.0
415, 388.0, 440.0
416, 582.0, 255.0
417, 211.0, 282.0
418, 497.0, 349.0
419, 476.0, 12.0
420, 214.0, 64.0
421, 685.0, 338.0
422, 461.0, 255.0
423, 444.0, 415.0
424, 576.0, 88.0
425, 720.0, 218.0
426, 556.0, 235.0
427, 583.0, 387.0
428, 571.0, 226.0
429, 445.0, 266.0
430, 393.0, 218.0
431, 364.0, 422.0
432, 484.0, 214.0
433, 743.0, 179.0
434, 384.0, 72.0
435, 722.0, 317.0
436, 373.0, 53.0
437, 735.0, 15.0
438, 632.0, 170.0
439, 211.0, 271.0
440, 344.0, 48.0
441, 473.0, 401.0
442, 578.0, 371.0
443, 702.0, 248.0
444, 668.0, 374.0
445, 269.0, 251.0
446, 398.0, 170.0
447, 532.0, 185.0
448, 477.0, 431.0
449, 179.0, 250.0
450, 680.0, 234.0
451, 326.0, 234.0
452, 189.0, 69.0
453, 339.0, 346.0
454, 168.0, 78.0
455, 499.0, 469.0
456, 265.0, 105.0
457, 480.0, 77.0
458, 225.0, 471.0
459, 307.0, 457.0
460, 367.0, 340.0
461, 432.0, 399.0
462, 497.0, 442.0
463, 470.0, 413.0
464, 372.0, 454.0
465, 320.0, 356.0
466, 582.0, 405.0
467, 687.0, 43.0
468, 516.0, 340.0
469, 340.0, 29.0
470, 606.0, 28.0
471, 713.0, 235.0
472, 548.0, 111.0
473, 348.0, 61.0
474, 502.0, 58.0
475, 315.0, 124.0
476, 236.0, 447.0
477, 76.0, 32.0
478, 622.0, 298.0
479, 557.0, 292.0
480, 164.0, 332.0
481, 166.0, 66.0
482, 318.0, 239.0
483, 617.0, 382.0
484, 621.0, 391.0
485, 498.0, 150.0
486, 253.0, 312.0
487, 409.0, 318.0
488, 538.0, 219.0
489, 352.0, 293.0
490, 513.0, 171.0
491, 404.0, 401.0
492, 252.0, 361.0
493, 163.0, 325.0
494, 355.0, 254.0
495, 510.0, 417.0
496, 340.0, 245.0
497, 461.0, 204.0
498, 674.0, 257.0
499, 343.0, 420.0
