0, 399.0, 279.0
1, 520.0, 303.0
2, 319.0, 406.0
3, 573.0, 396.0
4, 548.0, 160.0
5, 619.0, 289.0
6, 379.0, 406.0
7, 546.0, 367.0
8, 407.0, 346.0
9, 293.0, 407.0
10, 537.0, 271.0
11, 554.0, 429.0
12, 573.0, 27.0
13, 386.0, 298.0
14, 676.0, 196.0
15, 615.0, 298.0
16, 613.0, 308.0
17, 437.0, 204.0
18, 366.0, 203.0
19, 403.0, 397.0
20, 257.0, 29.0
21, 528.0, 237.0
22, 491.0, 243.0
23, 464.0, 408.0
24, 626.0, 277.0
25, 718.0, 274.0
26, 376.0, 220.0
27, 666.0, 197.0
28, 547.0, 353.0
29, 381.0, 366.0
30, 281.0, 167.0
31, 386.0, 283.0
32, 281.0, 456.0
33, 581.0, 255.0
34, 362.0, 217.0
35, 522.0, 101.0
36, 31.0, 233.0
37, 607.0, 124.0
38, 246.0, 465.0
39, 90.0, 294.0
40, 602.0, 288.0
41, 278.0, 43.0
42, 642.0, 259.0
43, 365.0, 105.0
44, 474.0, 430.0
45, 659.0, 263.0
46, 662.0, 294.0
47, 337.0, 173.0
48, 615.0, 218.0
49, 693.0, 228.0
50, 599.0, 205.0
51, 395.0, 322.0
52, 579.0, 268.0
53, 487.0, 159.0
54, 568.0, 443.0
55, 347.0, 179.0
56, 278.0, 410.0
57, 251.0, 315.0
58, 480.0, 384.0
59, 555.0, 83.0
60, 459.0, 466.0
61, 625.0, 442.0
62, 78.0, 241.0
63, 519.0, 188.0
64, 371.0, 460.0
65, 400.0, 216.0
66, 299.0, 196.0
67, 241.0, 269.0
68, 501.0, 136.0
69, 483.0, 200.0
70, 725.0, 348.0
71, 532.0, 323.0
72, 650.0, 103.0
73, 211.0, 94.0
74, 337.0, 107.0
75, 290.0, 172.0
76, 727.0, 220.0
77, 621.0, 155.0
78, 680.0, 225.0
79, 592.0, 70.0
80, 378.0, 235.0
81, 476.0, 421.0
82, 218.0, 330.0
83, 558.0, 315.0
84, 633.0, 114.0
85, 423.0, 337.0
86, 303.0, 287.0
87, 363.0, 168.0
88, 571.0, 425.0
89, 292.0, 155.0
90, 646.0, 238.0
91, 322.0, 301.0
92, 520.0, 177.0
93, 578.0, 159.0
94, 600.0, 364.0
95, 349.0, 95.0
96, 700.0, 279.0
97, 319.0, 33.0
98, 285.0, 263.0
99, 50.0, 132.0
100, 554.0, 403.0
101, 412.0, 185.0
102, 267.0, 313.0
103, 386.0, 11.0
104, 330.0, 24.0
105, 393.0, 369.0
106, 542.0, 451.0
107, 439.0, 184.0
108, 567.0, 36.0
109, 393.0, 393.0
110, 287.0, 307.0
111, 27.0, 218.0
112, 595.0, 56.0
113, 386.0, 308.0
114, 429.0, 194.0
115, 418.0, 298.0
116, 535.0, 177.0
117, 189.0, 104.0
118, 268.0, 182.0
119, 280.0, 437.0
120, 542.0, 386.0
121, 702.0, 245.0
122, 564.0, 205.0
123, 348.0, 124.0
124, 720.0, 327.0
125, 363.0, 62.0
126, 515.0, 93.0
127, 407.0, 321.0
128, 200.0, 156.0
129, 337.0, 193.0
130, 519.0, 319.0
131, 424.0, 314.0
132, 389.0, 201.0
133, 275.0, 399.0
134, 177.0, 22.0
135, 571.0, 326.0
136, 700.0, 183.0
137, 187.0, 79.0
138, 439.0, 235.0
139, 74.0, 463.0
140, 574.0, 315.0
141, 568.0, 361.0
142, 294.0, 188.0
143, 261.0, 414.0
144, 192.0, 261.0
145, 286.0, 288.0
146, 331.0, 94.0
147, 85.0, 461.0
148, 554.0, 440.0
149, 397.0, 15.0
150, 537.0, 102.0
151, 415.0, 326.0
152, 537.0, 413.0
153, 469.0, 369.0
154, 378.0, 443.0
155, 376.0, 329.0
156, 404.0, 372.0
157, 281.0, 218.0
158, 710.0, 29.0
159, 328.0, 276.0
160, 687.0, 207.0
161, 198.0, 144.0
162, 307.0, 312.0
163, 511.0, 136.0
164, 571.0, 75.0
165, 560.0, 226.0
166, 269.0, 265.0
167, 300.0, 94.0
168, 327.0, 178.0
169, 19.0, 188.0
170, 336.0, 219.0
171, 510.0, 153.0
172, 226.0, 102.0
173, 733.0, 200.0
174, 607.0, 170.0
175, 244.0, 291.0
176, 276.0, 16.0
177, 635.0, 469.0
178, 715.0, 174.0
179, 704.0, 370.0
180, 371.0, 300.0
181, 558.0, 383.0
182, 276.0, 294.0
183, 408.0, 208.0
184, 207.0, 249.0
185, 258.0, 42.0
186, 300.0, 112.0
187, 253.0, 332.0
188, 696.0, 30.0
189, 648.0, 456.0
190, 363.0, 74.0
191, 488.0, 338.0
192, 578.0, 88.0
193, 597.0, 384.0
194, 355.0, 189.0
195, 683.0, 281.0
196, 518.0, 196.0
197, 329.0, 200.0
198, 347.0, 218.0
199, 707.0, 359.0
200, 374.0, 42.0
201, 480.0, 359.0
202, 325.0, 142.0
203, 370.0, 376.0
204, 68.0, 198.0
205, 603.0, 188.0
206, 729.0, 288.0
207, 547.0, 35.0
208, 718.0, 256.0
209, 636.0, 103.0
210, 200.0, 194.0
211, 658.0, 211.0
212, 626.0, 254.0
213, 527.0, 442.0
214, 559.0, 265.0
215, 278.0, 420.0
216, 457.0, 266.0
217, 355.0, 135.0
218, 534.0, 49.0
219, 442.0, 309.0
220, 74.0, 433.0
221, 396.0, 172.0
222, 485.0, 325.0
223, 518.0, 264.0
224, 230.0, 202.0
225, 481.0, 374.0
226, 209.0, 112.0
227, 732.0, 231.0
228, 725.0, 307.0
229, 621.0, 179.0
230, 517.0, 330.0
231, 551.0, 291.0
232, 478.0, 408.0
233, 261.0, 174.0
234, 567.0, 410.0
235, 211.0, 273.0
236, 511.0, 364.0
237, 381.0, 346.0
238, 249.0, 300.0
239, 46.0, 124.0
240, 497.0, 278.0
241, 294.0, 430.0
242, 530.0, 21.0
243, 284.0, 181.0
244, 288.0, 317.0
245, 596.0, 47.0
246, 209.0, 174.0
247, 493.0, 116.0
248, 112.0, 381.0
249, 700.0, 201.0
250, 258.0, 53.0
251, 737.0, 43.0
252, 626.0, 146.0
253, 371.0, 421.0
254, 400.0, 454.0
255, 683.0, 433.0
256, 204.0, 226.0
257, 544.0, 417.0
258, 559.0, 352.0
259, 324.0, 111.0
260, 214.0, 308.0
261, 673.0, 462.0
262, 553.0, 281.0
263, 131.0, 326.0
264, 660.0, 231.0
265, 232.0, 421.0
266, 300.0, 18.0
267, 597.0, 229.0
268, 717.0, 442.0
269, 22.0, 201.0
270, 462.0, 203.0
271, 655.0, 444.0
272, 506.0, 178.0
273, 586.0, 148.0
274, 385.0, 46.0
275, 328.0, 285.0
276, 676.0, 322.0
277, 574.0, 290.0
278, 564.0, 282.0
279, 653.0, 204.0
280, 301.0, 123.0
281, 526.0, 136.0
282, 583.0, 422.0
283, 385.0, 457.0
284, 348.0, 170.0
285, 308.0, 302.0
286, 635.0, 231.0
287, 651.0, 373.0
288, 219.0, 345.0
289, 456.0, 192.0
290, 405.0, 411.0
291, 476.0, 13.0
292, 604.0, 101.0
293, 647.0, 225.0
294, 351.0, 205.0
295, 633.0, 310.0
296, 549.0, 149.0
297, 434.0, 301.0
298, 384.0, 423.0
299, 592.0, 277.0
300, 404.0, 355.0
301, 199.0, 181.0
302, 400.0, 440.0
303, 554.0, 103.0
304, 279.0, 53.0
305, 563.0, 148.0
306, 536.0, 117.0
307, 589.0, 291.0
308, 422.0, 272.0
309, 361.0, 352.0
310, 529.0, 335.0
311, 573.0, 209.0
312, 338.0, 358.0
313, 200.0, 168.0
314, 366.0, 95.0
315, 604.0, 149.0
316, 156.0, 138.0
317, 373.0, 60.0
318, 171.0, 269.0
319, 412.0, 369.0
320, 350.0, 70.0
321, 61.0, 265.0
322, 8.0, 139.0
323, 337.0, 131.0
324, 54.0, 244.0
325, 458.0, 456.0
326, 655.0, 248.0
327, 591.0, 313.0
328, 663.0, 34.0
329, 291.0, 140.0
330, 280.0, 102.0
331, 674.0, 299.0
332, 449.0, 452.0
333, 55.0, 148.0
334, 267.0, 353.0
335, 567.0, 256.0
336, 40.0, 266.0
337, 495.0, 260.0
338, 457.0, 168.0
339, 450.0, 214.0
340, 283.0, 242.0
341, 635.0, 185.0
342, 604.0, 345.0
343, 381.0, 383.0
344, 303.0, 420.0
345, 373.0, 18.0
346, 429.0, 80.0
347, 229.0, 308.0
348, 433.0, 404.0
349, 319.0, 216.0
350, 419.0, 399.0
351, 531.0, 470.0
352, 320.0, 47.0
353, 363.0, 272.0
354, 245.0, 219.0
355, 574.0, 225.0
356, 38.0, 186.0
357, 520.0, 247.0
358, 566.0, 170.0
359, 295.0, 33.0
360, 729.0, 175.0
361, 302.0, 179.0
362, 640.0, 281.0
363, 535.0, 220.0
364, 725.0, 426.0
365, 363.0, 157.0
366, 471.0, 296.0
367, 489.0, 137.0
368, 265.0, 199.0
369, 549.0, 23.0
370, 443.0, 11.0
371, 668.0, 226.0
372, 26.0, 130.0
373, 531.0, 451.0
374, 202.0, 208.0
375, 557.0, 374.0
376, 505.0, 190.0
377, 45.0, 107.0
378, 707.0, 134.0
379, 499.0, 360.0
380, 563.0, 305.0
381, 267.0, 243.0
382, 551.0, 460.0
383, 326.0, 163.0
384, 564.0, 99.0
385, 655.0, 16.0
386, 391.0, 377.0
387, 302.0, 132.0
388, 574.0, 59.0
389, 525.0, 288.0
390, 573.0, 462.0
391, 542.0, 258.0
392, 20.0, 112.0
393, 441.0, 27.0
394, 461.0, 435.0
395, 725.0, 186.0
396, 538.0, 207.0
397, 734.0, 446.0
398, 461.0, 425.0
399, 210.0, 79.0
400, 692.0, 316.0
401, 394.0, 337.0
402, 410.0, 55.0
403, 644.0, 79.0
404, 448.0, 358.0
405, 631.0, 163.0
406, 448.0, 315.0
407, 710.0, 320.0
408, 317.0, 231.0
409, 348.0, 146.0
410, 487.0, 286.0
411, 610.0, 319.0
412, 323.0, 191.0
413, 467.0, 30.0
414, 552.0, 207.0
415, 496.0, 179.0
416, 673.0, 339.0
417, 568.0, 346.0
418, 652.0, 316.0
419, 485.0, 179.0
420, 85.0, 271.0
421, 511.0, 345.0
422, 631.0, 428.0
423, 504.0, 104.0
424, 316.0, 123.0
425, 546.0, 238.0
426, 591.0, 401.0
427, 276.0, 351.0
428, 33.0, 163.0
429, 99.0, 329.0
430, 524.0, 354.0
431, 60.0, 435.0
432, 586.0, 322.0
433, 636.0, 153.0
434, 438.0, 221.0
435, 400.0, 34.0
436, 552.0, 122.0
437, 265.0, 217.0
438, 716.0, 223.0
439, 528.0, 187.0
440, 607.0, 299.0
441, 674.0, 182.0
442, 611.0, 273.0
443, 618.0, 195.0
444, 574.0, 103.0
445, 586.0, 180.0
446, 622.0, 110.0
447, 617.0, 47.0
448, 327.0, 129.0
449, 49.0, 229.0
450, 435.0, 97.0
451, 338.0, 147.0
452, 278.0, 80.0
453, 598.0, 329.0
454, 550.0, 50.0
455, 466.0, 391.0
456, 557.0, 240.0
457, 398.0, 259.0
458, 532.0, 254.0
459, 435.0, 383.0
460, 465.0, 337.0
461, 320.0, 203.0
462, 507.0, 17.0
463, 724.0, 154.0
464, 325.0, 333.0
465, 600.0, 324.0
466, 274.0, 323.0
467, 517.0, 210.0
468, 237.0, 209.0
469, 605.0, 33.0
470, 230.0, 270.0
471, 263.0, 441.0
472, 600.0, 314.0
473, 363.0, 248.0
474, 303.0, 299.0
475, 563.0, 181.0
476, 502.0, 267.0
477, 386.0, 60.0
478, 501.0, 211.0
479, 396.0, 158.0
480, 279.0, 389.0
481, 586.0, 384.0
482, 566.0, 125.0
483, 423.0, 378.0
484, 121.0, 365.0
485, 365.0, 120.0
486, 293.0, 395.0
487, 317.0, 286.0
488, 276.0, 307.0
489, 140.0, 319.0
490, 89.0, 385.0
491, 690.0, 136.0
492, 189.0, 24.0
493, 541.0, 80.0
494, 232.0, 327.0
495, 644.0, 201.0
496, 300.0, 372.0
497, 26.0, 276.0
498, 582.0, 333.0
499, 192.0, 125.0
