0, 232.0, 261.0
1, 211.0, 286.0
2, 191.0, 9.0
3, 232.0, 32.0
4, 215.0, 35.0
5, 606.0, 261.0
6, 188.0, 21.0
7, 346.0, 185.0
8, 19.0, 324.0
9, 233.0, 144.0
10, 329.0, 116.0
11, 227.0, 46.0
12, 237.0, 343.0
13, 178.0, 212.0
14, 223.0, 276.0
15, 212.0, 87.0
16, 141.0, 129.0
17, 183.0, 427.0
18, 438.0, 259.0
19, 274.0, 97.0
20, 121.0, 31.0
21, 238.0, 73.0
22, 336.0, 27.0
23, 182.0, 223.0
24, 245.0, 332.0
25, 318.0, 157.0
26, 192.0, 245.0
27, 173.0, 451.0
28, 330.0, 151.0
29, 321.0, 29.0
30, 142.0, 10.0
31, 221.0, 267.0
32, 172.0, 201.0
33, 122.0, 40.0
34, 106.0, 453.0
35, 142.0, 25.0
36, 388.0, 42.0
37, 174.0, 417.0
38, 449.0, 106.0
39, 199.0, 437.0
40, 308.0, 41.0
41, 167.0, 25.0
42, 330.0, 139.0
43, 259.0, 84.0
44, 403.0, 91.0
45, 386.0, 151.0
46, 201.0, 265.0
47, 223.0, 361.0
48, 447.0, 247.0
49, 336.0, 38.0
50, 356.0, 93.0
51, 295.0, 123.0
52, 87.0, 12.0
53, 149.0, 102.0
54, 356.0, 111.0
55, 391.0, 122.0
56, 362.0, 45.0
57, 469.0, 94.0
58, 391.0, 140.0
59, 34.0, 430.0
60, 195.0, 45.0
61, 150.0, 54.0
62, 119.0, 215.0
63, 318.0, 80.0
64, 183.0, 348.0
65, 39.0, 337.0
66, 402.0, 134.0
67, 320.0, 250.0
68, 206.0, 185.0
69, 340.0, 114.0
70, 338.0, 47.0
71, 489.0, 82.0
72, 239.0, 313.0
73, 99.0, 177.0
74, 288.0, 101.0
75, 10.0, 310.0
76, 334.0, 66.0
77, 131.0, 209.0
78, 243.0, 43.0
79, 398.0, 40.0
80, 353.0, 131.0
81, 89.0, 445.0
82, 151.0, 154.0
83, 149.0, 67.0
84, 359.0, 175.0
85, 73.0, 452.0
86, 440.0, 119.0
87, 210.0, 468.0
88, 231.0, 436.0
89, 322.0, 53.0
90, 398.0, 51.0
91, 268.0, 83.0
92, 458.0, 244.0
93, 339.0, 139.0
94, 626.0, 270.0
95, 314.0, 70.0
96, 129.0, 104.0
97, 162.0, 178.0
98, 167.0, 141.0
99, 143.0, 192.0
100, 75.0, 10.0
101, 211.0, 301.0
102, 387.0, 32.0
103, 173.0, 353.0
104, 403.0, 104.0
105, 228.0, 224.0
106, 62.0, 402.0
107, 382.0, 181.0
108, 645.0, 283.0
109, 197.0, 211.0
110, 444.0, 36.0
111, 199.0, 364.0
112, 212.0, 174.0
113, 170.0, 150.0
114, 126.0, 51.0
115, 159.0, 126.0
116, 424.0, 139.0
117, 188.0, 193.0
118, 338.0, 94.0
119, 49.0, 446.0
120, 362.0, 35.0
121, 308.0, 30.0
122, 374.0, 123.0
123, 373.0, 150.0
124, 182.0, 42.0
125, 200.0, 137.0
126, 207.0, 235.0
127, 225.0, 201.0
128, 367.0, 132.0
129, 215.0, 256.0
130, 265.0, 46.0
131, 542.0, 226.0
132, 125.0, 15.0
133, 444.0, 57.0
134, 118.0, 153.0
135, 207.0, 354.0
136, 178.0, 29.0
137, 729.0, 437.0
138, 414.0, 91.0
139, 406.0, 143.0
140, 659.0, 79.0
141, 189.0, 443.0
142, 205.0, 273.0
143, 553.0, 79.0
144, 675.0, 363.0
145, 227.0, 373.0
146, 371.0, 190.0
147, 390.0, 92.0
148, 587.0, 131.0
149, 460.0, 202.0
150, 436.0, 236.0
151, 229.0, 85.0
152, 651.0, 122.0
153, 189.0, 385.0
154, 164.0, 43.0
155, 196.0, 421.0
156, 461.0, 79.0
157, 417.0, 118.0
158, 424.0, 28.0
159, 130.0, 143.0
160, 434.0, 37.0
161, 366.0, 107.0
162, 429.0, 120.0
163, 97.0, 157.0
164, 278.0, 107.0
165, 708.0, 250.0
166, 369.0, 181.0
167, 26.0, 268.0
168, 647.0, 253.0
169, 448.0, 144.0
170, 105.0, 50.0
171, 15.0, 336.0
172, 403.0, 117.0
173, 445.0, 130.0
174, 617.0, 119.0
175, 417.0, 153.0
176, 260.0, 21.0
177, 288.0, 46.0
178, 546.0, 210.0
179, 378.0, 163.0
180, 56.0, 58.0
181, 433.0, 47.0
182, 152.0, 243.0
183, 238.0, 367.0
184, 375.0, 111.0
185, 286.0, 26.0
186, 236.0, 154.0
187, 163.0, 68.0
188, 491.0, 211.0
189, 469.0, 72.0
190, 432.0, 183.0
191, 514.0, 256.0
192, 339.0, 164.0
193, 265.0, 14.0
194, 285.0, 67.0
195, 180.0, 172.0
196, 443.0, 16.0
197, 249.0, 73.0
198, 287.0, 82.0
199, 563.0, 208.0
200, 440.0, 90.0
201, 662.0, 284.0
202, 247.0, 350.0
203, 221.0, 304.0
204, 620.0, 262.0
205, 204.0, 378.0
206, 580.0, 227.0
207, 446.0, 73.0
208, 422.0, 127.0
209, 107.0, 62.0
210, 361.0, 25.0
211, 318.0, 230.0
212, 28.0, 401.0
213, 257.0, 72.0
214, 81.0, 442.0
215, 378.0, 172.0
216, 632.0, 239.0
217, 266.0, 66.0
218, 227.0, 61.0
219, 23.0, 440.0
220, 221.0, 450.0
221, 362.0, 54.0
222, 415.0, 19.0
223, 117.0, 77.0
224, 175.0, 304.0
225, 161.0, 368.0
226, 305.0, 9.0
227, 214.0, 320.0
228, 336.0, 79.0
229, 172.0, 437.0
230, 186.0, 454.0
231, 518.0, 119.0
232, 131.0, 30.0
233, 227.0, 465.0
234, 388.0, 52.0
235, 264.0, 227.0
236, 234.0, 454.0
237, 475.0, 117.0
238, 366.0, 231.0
239, 352.0, 158.0
240, 414.0, 29.0
241, 302.0, 81.0
242, 454.0, 50.0
243, 154.0, 24.0
244, 198.0, 16.0
245, 377.0, 103.0
246, 28.0, 57.0
247, 276.0, 139.0
248, 160.0, 438.0
249, 209.0, 197.0
250, 310.0, 63.0
251, 388.0, 22.0
252, 240.0, 56.0
253, 109.0, 16.0
254, 228.0, 324.0
255, 460.0, 231.0
256, 317.0, 143.0
257, 154.0, 350.0
258, 16.0, 375.0
259, 202.0, 391.0
260, 153.0, 376.0
261, 370.0, 92.0
262, 187.0, 416.0
263, 353.0, 200.0
264, 66.0, 215.0
265, 343.0, 458.0
266, 558.0, 259.0
267, 442.0, 163.0
268, 185.0, 334.0
269, 143.0, 37.0
270, 413.0, 103.0
271, 470.0, 246.0
272, 362.0, 152.0
273, 510.0, 204.0
274, 110.0, 32.0
275, 230.0, 295.0
276, 329.0, 103.0
277, 468.0, 25.0
278, 423.0, 90.0
279, 680.0, 341.0
280, 280.0, 125.0
281, 77.0, 427.0
282, 663.0, 140.0
283, 65.0, 434.0
284, 222.0, 175.0
285, 181.0, 408.0
286, 498.0, 273.0
287, 148.0, 390.0
288, 214.0, 377.0
289, 417.0, 144.0
290, 247.0, 24.0
291, 299.0, 142.0
292, 62.0, 162.0
293, 410.0, 234.0
294, 698.0, 272.0
295, 459.0, 260.0
296, 687.0, 88.0
297, 110.0, 207.0
298, 221.0, 73.0
299, 429.0, 192.0
300, 343.0, 231.0
301, 719.0, 268.0
302, 48.0, 267.0
303, 217.0, 21.0
304, 481.0, 167.0
305, 539.0, 236.0
306, 240.0, 18.0
307, 140.0, 239.0
308, 663.0, 414.0
309, 56.0, 384.0
310, 308.0, 182.0
311, 570.0, 119.0
312, 50.0, 137.0
313, 60.0, 353.0
314, 424.0, 106.0
315, 244.0, 253.0
316, 326.0, 69.0
317, 85.0, 207.0
318, 201.0, 31.0
319, 197.0, 451.0
320, 218.0, 43.0
321, 301.0, 203.0
322, 78.0, 400.0
323, 682.0, 280.0
324, 15.0, 57.0
325, 732.0, 88.0
326, 186.0, 139.0
327, 246.0, 360.0
328, 329.0, 244.0
329, 146.0, 327.0
330, 137.0, 352.0
331, 15.0, 423.0
332, 172.0, 332.0
333, 87.0, 60.0
334, 193.0, 177.0
335, 71.0, 23.0
336, 203.0, 334.0
337, 337.0, 57.0
338, 353.0, 66.0
339, 739.0, 253.0
340, 722.0, 253.0
341, 180.0, 369.0
342, 546.0, 131.0
343, 44.0, 372.0
344, 430.0, 132.0
345, 16.0, 353.0
346, 315.0, 37.0
347, 191.0, 349.0
348, 214.0, 427.0
349, 444.0, 47.0
350, 425.0, 17.0
351, 207.0, 22.0
352, 262.0, 34.0
353, 421.0, 210.0
354, 196.0, 384.0
355, 28.0, 308.0
356, 59.0, 438.0
357, 316.0, 120.0
358, 484.0, 272.0
359, 494.0, 123.0
360, 254.0, 395.0
361, 48.0, 22.0
362, 158.0, 314.0
363, 273.0, 179.0
364, 166.0, 411.0
365, 668.0, 285.0
366, 300.0, 49.0
367, 249.0, 471.0
368, 199.0, 404.0
369, 215.0, 270.0
370, 299.0, 229.0
371, 198.0, 119.0
372, 146.0, 142.0
373, 272.0, 202.0
374, 456.0, 32.0
375, 240.0, 464.0
376, 738.0, 68.0
377, 138.0, 77.0
378, 267.0, 443.0
379, 98.0, 464.0
380, 124.0, 338.0
381, 214.0, 183.0
382, 122.0, 132.0
383, 473.0, 255.0
384, 53.0, 373.0
385, 479.0, 233.0
386, 148.0, 211.0
387, 179.0, 277.0
388, 271.0, 54.0
389, 230.0, 249.0
390, 690.0, 248.0
391, 397.0, 152.0
392, 720.0, 16.0
393, 61.0, 448.0
394, 200.0, 148.0
395, 610.0, 135.0
396, 461.0, 165.0
397, 98.0, 257.0
398, 551.0, 192.0
399, 223.0, 327.0
400, 612.0, 203.0
401, 416.0, 132.0
402, 331.0, 256.0
403, 388.0, 257.0
404, 654.0, 164.0
405, 203.0, 36.0
406, 60.0, 421.0
407, 731.0, 265.0
408, 145.0, 471.0
409, 165.0, 391.0
410, 455.0, 88.0
411, 210.0, 73.0
412, 309.0, 54.0
413, 174.0, 44.0
414, 326.0, 39.0
415, 671.0, 194.0
416, 364.0, 122.0
417, 168.0, 428.0
418, 362.0, 140.0
419, 568.0, 234.0
420, 152.0, 402.0
421, 192.0, 67.0
422, 698.0, 259.0
423, 417.0, 109.0
424, 166.0, 468.0
425, 346.0, 60.0
426, 437.0, 105.0
427, 413.0, 265.0
428, 461.0, 176.0
429, 274.0, 161.0
430, 676.0, 250.0
431, 296.0, 163.0
432, 346.0, 72.0
433, 160.0, 213.0
434, 223.0, 29.0
435, 390.0, 105.0
436, 349.0, 172.0
437, 116.0, 203.0
438, 523.0, 227.0
439, 113.0, 91.0
440, 679.0, 120.0
441, 75.0, 263.0
442, 222.0, 134.0
443, 677.0, 258.0
444, 743.0, 424.0
445, 553.0, 246.0
446, 39.0, 268.0
447, 299.0, 150.0
448, 100.0, 38.0
449, 678.0, 138.0
450, 184.0, 276.0
451, 218.0, 96.0
452, 466.0, 53.0
453, 34.0, 351.0
454, 135.0, 168.0
455, 360.0, 188.0
456, 61.0, 81.0
457, 42.0, 231.0
458, 127.0, 131.0
459, 102.0, 27.0
460, 175.0, 380.0
461, 683.0, 8.0
462, 578.0, 136.0
463, 118.0, 250.0
464, 359.0, 124.0
465, 398.0, 32.0
466, 558.0, 218.0
467, 75.0, 160.0
468, 22.0, 166.0
469, 314.0, 96.0
470, 102.0, 346.0
471, 51.0, 37.0
472, 434.0, 27.0
473, 137.0, 72.0
474, 45.0, 351.0
475, 309.0, 120.0
476, 443.0, 26.0
477, 67.0, 264.0
478, 121.0, 164.0
479, 200.0, 87.0
480, 70.0, 462.0
481, 242.0, 225.0
482, 444.0, 152.0
483, 189.0, 396.0
484, 228.0, 386.0
485, 252.0, 43.0
486, 277.0, 43.0
487, 248.0, 225.0
488, 742.0, 19.0
489, 376.0, 141.0
490, 111.0, 299.0
491, 216.0, 101.0
492, 462.0, 152.0
493, 203.0, 316.0
494, 87.0, 350.0
495, 141.0, 205.0
496, 461.0, 32.0
497, 210.0, 332.0
498, 159.0, 463.0
499, 296.0, 37.0
