0, 127.0, 26.0
1, 245.0, 56.0
2, 165.0, 26.0
3, 166.0, 38.0
4, 429.0, 76.0
5, 155.0, 39.0
6, 210.0, 15.0
7, 235.0, 20.0
8, 402.0, 131.0
9, 414.0, 132.0
10, 84.0, 29.0
11, 358.0, 126.0
12, 721.0, 49.0
13, 427.0, 101.0
14, 158.0, 15.0
15, 333.0, 184.0
16, 240.0, 35.0
17, 391.0, 78.0
18, 93.0, 242.0
19, 636.0, 155.0
20, 528.0, 154.0
21, 261.0, 259.0
22, 612.0, 92.0
23, 325.0, 78.0
24, 406.0, 119.0
25, 622.0, 167.0
26, 270.0, 55.0
27, 311.0, 57.0
28, 237.0, 159.0
29, 576.0, 9.0
30, 98.0, 16.0
31, 357.0, 157.0
32, 439.0, 219.0
33, 337.0, 226.0
34, 156.0, 95.0
35, 574.0, 24.0
36, 112.0, 245.0
37, 469.0, 161.0
38, 448.0, 42.0
39, 734.0, 74.0
40, 119.0, 18.0
41, 317.0, 130.0
42, 344.0, 216.0
43, 325.0, 41.0
44, 475.0, 123.0
45, 126.0, 38.0
46, 317.0, 155.0
47, 71.0, 277.0
48, 325.0, 91.0
49, 665.0, 22.0
50, 641.0, 196.0
51, 467.0, 112.0
52, 351.0, 33.0
53, 144.0, 102.0
54, 144.0, 292.0
55, 128.0, 293.0
56, 425.0, 157.0
57, 555.0, 173.0
58, 72.0, 360.0
59, 662.0, 153.0
60, 365.0, 192.0
61, 81.0, 13.0
62, 425.0, 114.0
63, 347.0, 58.0
64, 631.0, 124.0
65, 285.0, 133.0
66, 279.0, 181.0
67, 170.0, 134.0
68, 71.0, 48.0
69, 410.0, 61.0
70, 219.0, 165.0
71, 252.0, 142.0
72, 400.0, 145.0
73, 658.0, 196.0
74, 90.0, 352.0
75, 28.0, 51.0
76, 138.0, 62.0
77, 725.0, 39.0
78, 378.0, 76.0
79, 154.0, 281.0
80, 332.0, 131.0
81, 316.0, 181.0
82, 167.0, 72.0
83, 601.0, 94.0
84, 310.0, 205.0
85, 51.0, 47.0
86, 105.0, 321.0
87, 655.0, 51.0
88, 275.0, 252.0
89, 262.0, 108.0
90, 21.0, 25.0
91, 293.0, 198.0
92, 537.0, 138.0
93, 500.0, 178.0
94, 357.0, 168.0
95, 179.0, 40.0
96, 137.0, 328.0
97, 520.0, 204.0
98, 118.0, 259.0
99, 407.0, 103.0
100, 378.0, 109.0
101, 504.0, 80.0
102, 474.0, 13.0
103, 272.0, 105.0
104, 660.0, 62.0
105, 461.0, 9.0
106, 367.0, 99.0
107, 325.0, 29.0
108, 631.0, 52.0
109, 577.0, 58.0
110, 89.0, 317.0
111, 679.0, 151.0
112, 652.0, 75.0
113, 296.0, 177.0
114, 532.0, 20.0
115, 673.0, 125.0
116, 518.0, 103.0
117, 73.0, 27.0
118, 367.0, 78.0
119, 46.0, 25.0
120, 682.0, 62.0
121, 677.0, 79.0
122, 708.0, 38.0
123, 442.0, 76.0
124, 348.0, 43.0
125, 201.0, 83.0
126, 500.0, 12.0
127, 714.0, 154.0
128, 238.0, 76.0
129, 545.0, 184.0
130, 611.0, 42.0
131, 326.0, 251.0
132, 196.0, 270.0
133, 340.0, 65.0
134, 652.0, 62.0
135, 324.0, 100.0
136, 468.0, 140.0
137, 581.0, 42.0
138, 257.0, 235.0
139, 665.0, 126.0
140, 347.0, 77.0
141, 255.0, 249.0
142, 410.0, 77.0
143, 286.0, 121.0
144, 34.0, 236.0
145, 403.0, 243.0
146, 250.0, 209.0
147, 432.0, 20.0
148, 573.0, 111.0
149, 631.0, 41.0
150, 530.0, 191.0
151, 251.0, 187.0
152, 198.0, 12.0
153, 608.0, 60.0
154, 479.0, 108.0
155, 124.0, 115.0
156, 140.0, 44.0
157, 733.0, 129.0
158, 354.0, 23.0
159, 293.0, 108.0
160, 323.0, 57.0
161, 423.0, 226.0
162, 511.0, 187.0
163, 332.0, 113.0
164, 453.0, 178.0
165, 75.0, 148.0
166, 723.0, 298.0
167, 656.0, 208.0
168, 107.0, 306.0
169, 594.0, 221.0
170, 220.0, 22.0
171, 738.0, 60.0
172, 587.0, 121.0
173, 135.0, 22.0
174, 89.0, 43.0
175, 254.0, 271.0
176, 598.0, 177.0
177, 391.0, 60.0
178, 657.0, 167.0
179, 430.0, 39.0
180, 565.0, 165.0
181, 690.0, 172.0
182, 545.0, 111.0
183, 599.0, 209.0
184, 673.0, 102.0
185, 561.0, 110.0
186, 506.0, 107.0
187, 449.0, 32.0
188, 87.0, 178.0
189, 489.0, 34.0
190, 409.0, 308.0
191, 680.0, 223.0
192, 663.0, 51.0
193, 330.0, 207.0
194, 282.0, 98.0
195, 375.0, 27.0
196, 502.0, 220.0
197, 544.0, 59.0
198, 661.0, 39.0
199, 181.0, 81.0
200, 320.0, 141.0
201, 553.0, 141.0
202, 512.0, 165.0
203, 704.0, 59.0
204, 156.0, 255.0
205, 591.0, 201.0
206, 238.0, 114.0
207, 358.0, 78.0
208, 691.0, 39.0
209, 84.0, 262.0
210, 194.0, 47.0
211, 413.0, 144.0
212, 102.0, 258.0
213, 191.0, 120.0
214, 433.0, 189.0
215, 244.0, 249.0
216, 439.0, 114.0
217, 489.0, 162.0
218, 642.0, 79.0
219, 322.0, 111.0
220, 608.0, 202.0
221, 254.0, 34.0
222, 374.0, 60.0
223, 531.0, 111.0
224, 198.0, 190.0
225, 412.0, 199.0
226, 376.0, 40.0
227, 721.0, 60.0
228, 572.0, 143.0
229, 126.0, 127.0
230, 248.0, 130.0
231, 191.0, 305.0
232, 455.0, 147.0
233, 559.0, 60.0
234, 296.0, 12.0
235, 398.0, 156.0
236, 348.0, 141.0
237, 41.0, 11.0
238, 110.0, 290.0
239, 568.0, 290.0
240, 596.0, 121.0
241, 268.0, 39.0
242, 185.0, 103.0
243, 458.0, 82.0
244, 648.0, 420.0
245, 70.0, 10.0
246, 623.0, 123.0
247, 509.0, 201.0
248, 207.0, 160.0
249, 523.0, 366.0
250, 307.0, 41.0
251, 152.0, 268.0
252, 183.0, 148.0
253, 556.0, 387.0
254, 434.0, 134.0
255, 683.0, 125.0
256, 88.0, 303.0
257, 520.0, 184.0
258, 354.0, 11.0
259, 531.0, 177.0
260, 144.0, 134.0
261, 69.0, 296.0
262, 89.0, 281.0
263, 68.0, 263.0
264, 334.0, 167.0
265, 693.0, 145.0
266, 585.0, 131.0
267, 340.0, 119.0
268, 93.0, 222.0
269, 462.0, 72.0
270, 116.0, 68.0
271, 653.0, 183.0
272, 29.0, 278.0
273, 137.0, 267.0
274, 633.0, 114.0
275, 268.0, 190.0
276, 420.0, 255.0
277, 629.0, 62.0
278, 296.0, 140.0
279, 396.0, 31.0
280, 298.0, 188.0
281, 366.0, 144.0
282, 256.0, 115.0
283, 222.0, 76.0
284, 148.0, 85.0
285, 257.0, 46.0
286, 137.0, 223.0
287, 697.0, 127.0
288, 46.0, 222.0
289, 278.0, 156.0
290, 45.0, 78.0
291, 106.0, 344.0
292, 322.0, 239.0
293, 24.0, 38.0
294, 358.0, 108.0
295, 106.0, 331.0
296, 565.0, 89.0
297, 70.0, 310.0
298, 30.0, 294.0
299, 536.0, 275.0
300, 480.0, 80.0
301, 499.0, 36.0
302, 146.0, 261.0
303, 126.0, 307.0
304, 556.0, 18.0
305, 463.0, 194.0
306, 610.0, 191.0
307, 299.0, 125.0
308, 335.0, 97.0
309, 496.0, 348.0
310, 164.0, 115.0
311, 685.0, 244.0
312, 412.0, 329.0
313, 78.0, 78.0
314, 684.0, 136.0
315, 280.0, 84.0
316, 200.0, 182.0
317, 138.0, 254.0
318, 668.0, 259.0
319, 583.0, 242.0
320, 234.0, 285.0
321, 672.0, 142.0
322, 559.0, 128.0
323, 559.0, 314.0
324, 50.0, 285.0
325, 516.0, 9.0
326, 519.0, 83.0
327, 554.0, 197.0
328, 298.0, 159.0
329, 704.0, 232.0
330, 339.0, 78.0
331, 528.0, 33.0
332, 602.0, 154.0
333, 327.0, 306.0
334, 413.0, 22.0
335, 356.0, 59.0
336, 539.0, 120.0
337, 319.0, 65.0
338, 302.0, 203.0
339, 635.0, 279.0
340, 729.0, 318.0
341, 378.0, 123.0
342, 474.0, 150.0
343, 599.0, 72.0
344, 60.0, 223.0
345, 110.0, 123.0
346, 730.0, 347.0
347, 557.0, 234.0
348, 456.0, 112.0
349, 156.0, 317.0
350, 432.0, 28.0
351, 148.0, 217.0
352, 468.0, 94.0
353, 113.0, 229.0
354, 390.0, 121.0
355, 34.0, 67.0
356, 99.0, 25.0
357, 197.0, 138.0
358, 466.0, 45.0
359, 224.0, 39.0
360, 429.0, 61.0
361, 378.0, 159.0
362, 483.0, 460.0
363, 495.0, 108.0
364, 238.0, 197.0
365, 289.0, 250.0
366, 300.0, 243.0
367, 301.0, 216.0
368, 195.0, 62.0
369, 305.0, 100.0
370, 307.0, 113.0
371, 590.0, 112.0
372, 298.0, 78.0
373, 58.0, 75.0
374, 717.0, 238.0
375, 724.0, 162.0
376, 345.0, 92.0
377, 265.0, 145.0
378, 193.0, 35.0
379, 103.0, 62.0
380, 500.0, 25.0
381, 730.0, 140.0
382, 102.0, 32.0
383, 289.0, 99.0
384, 142.0, 311.0
385, 156.0, 63.0
386, 85.0, 109.0
387, 304.0, 31.0
388, 340.0, 370.0
389, 268.0, 205.0
390, 409.0, 51.0
391, 100.0, 81.0
392, 20.0, 78.0
393, 122.0, 224.0
394, 347.0, 271.0
395, 8.0, 283.0
396, 221.0, 199.0
397, 319.0, 353.0
398, 626.0, 137.0
399, 454.0, 74.0
400, 371.0, 249.0
401, 692.0, 272.0
402, 124.0, 328.0
403, 559.0, 267.0
404, 91.0, 64.0
405, 550.0, 79.0
406, 612.0, 224.0
407, 539.0, 80.0
408, 189.0, 193.0
409, 608.0, 386.0
410, 654.0, 379.0
411, 458.0, 469.0
412, 574.0, 34.0
413, 116.0, 204.0
414, 741.0, 40.0
415, 670.0, 116.0
416, 148.0, 232.0
417, 573.0, 201.0
418, 320.0, 16.0
419, 514.0, 310.0
420, 139.0, 208.0
421, 740.0, 103.0
422, 506.0, 326.0
423, 224.0, 281.0
424, 381.0, 173.0
425, 585.0, 295.0
426, 197.0, 159.0
427, 163.0, 220.0
428, 53.0, 168.0
429, 75.0, 326.0
430, 230.0, 141.0
431, 486.0, 180.0
432, 408.0, 168.0
433, 54.0, 66.0
434, 505.0, 65.0
435, 625.0, 91.0
436, 489.0, 77.0
437, 501.0, 164.0
438, 738.0, 241.0
439, 417.0, 67.0
440, 586.0, 14.0
441, 705.0, 191.0
442, 226.0, 8.0
443, 344.0, 101.0
444, 444.0, 158.0
445, 510.0, 441.0
446, 159.0, 238.0
447, 361.0, 277.0
448, 596.0, 83.0
449, 275.0, 218.0
450, 464.0, 406.0
451, 447.0, 302.0
452, 391.0, 298.0
453, 709.0, 83.0
454, 312.0, 78.0
455, 709.0, 251.0
456, 547.0, 206.0
457, 401.0, 84.0
458, 565.0, 465.0
459, 436.0, 301.0
460, 700.0, 216.0
461, 528.0, 291.0
462, 572.0, 175.0
463, 73.0, 170.0
464, 702.0, 80.0
465, 734.0, 337.0
466, 662.0, 138.0
467, 249.0, 19.0
468, 535.0, 96.0
469, 202.0, 34.0
470, 101.0, 123.0
471, 480.0, 194.0
472, 347.0, 128.0
473, 652.0, 150.0
474, 545.0, 19.0
475, 388.0, 103.0
476, 214.0, 65.0
477, 411.0, 341.0
478, 29.0, 249.0
479, 380.0, 149.0
480, 111.0, 37.0
481, 661.0, 79.0
482, 595.0, 192.0
483, 563.0, 154.0
484, 707.0, 416.0
485, 272.0, 27.0
486, 124.0, 238.0
487, 408.0, 36.0
488, 490.0, 213.0
489, 14.0, 110.0
490, 594.0, 130.0
491, 178.0, 310.0
492, 79.0, 219.0
493, 289.0, 29.0
494, 84.0, 147.0
495, 29.0, 156.0
496, 180.0, 159.0
497, 454.0, 53.0
498, 204.0, 298.0
499, 444.0, 61.0
