0, 224.0, 42.0
1, 509.0, 115.0
2, 668.0, 116.0
3, 571.0, 19.0
4, 500.0, 100.0
5, 655.0, 121.0
6, 247.0, 140.0
7, 576.0, 124.0
8, 300.0, 182.0
9, 519.0, 104.0
10, 219.0, 110.0
11, 651.0, 130.0
12, 497.0, 111.0
13, 370.0, 42.0
14, 248.0, 108.0
15, 726.0, 184.0
16, 590.0, 127.0
17, 557.0, 30.0
18, 344.0, 108.0
19, 522.0, 47.0
20, 157.0, 8.0
21, 198.0, 63.0
22, 161.0, 25.0
23, 269.0, 51.0
24, 630.0, 34.0
25, 634.0, 243.0
26, 555.0, 116.0
27, 147.0, 207.0
28, 353.0, 97.0
29, 266.0, 163.0
30, 266.0, 111.0
31, 119.0, 157.0
32, 605.0, 111.0
33, 43.0, 108.0
34, 249.0, 14.0
35, 496.0, 51.0
36, 608.0, 122.0
37, 645.0, 143.0
38, 319.0, 83.0
39, 327.0, 54.0
40, 574.0, 37.0
41, 146.0, 156.0
42, 615.0, 33.0
43, 404.0, 36.0
44, 310.0, 62.0
45, 373.0, 31.0
46, 78.0, 83.0
47, 205.0, 19.0
48, 509.0, 49.0
49, 316.0, 71.0
50, 597.0, 324.0
51, 308.0, 53.0
52, 118.0, 26.0
53, 305.0, 82.0
54, 550.0, 129.0
55, 491.0, 138.0
56, 217.0, 54.0
57, 603.0, 99.0
58, 201.0, 37.0
59, 523.0, 28.0
60, 371.0, 178.0
61, 175.0, 36.0
62, 352.0, 40.0
63, 277.0, 171.0
64, 293.0, 93.0
65, 382.0, 60.0
66, 174.0, 102.0
67, 84.0, 274.0
68, 295.0, 79.0
69, 301.0, 135.0
70, 280.0, 150.0
71, 422.0, 47.0
72, 586.0, 62.0
73, 163.0, 38.0
74, 386.0, 45.0
75, 550.0, 174.0
76, 588.0, 19.0
77, 540.0, 62.0
78, 408.0, 48.0
79, 99.0, 20.0
80, 543.0, 23.0
81, 624.0, 309.0
82, 236.0, 113.0
83, 148.0, 50.0
84, 683.0, 36.0
85, 327.0, 162.0
86, 492.0, 59.0
87, 598.0, 42.0
88, 171.0, 148.0
89, 313.0, 38.0
90, 681.0, 118.0
91, 729.0, 224.0
92, 26.0, 255.0
93, 580.0, 362.0
94, 385.0, 34.0
95, 351.0, 19.0
96, 107.0, 299.0
97, 556.0, 162.0
98, 532.0, 27.0
99, 190.0, 80.0
100, 325.0, 135.0
101, 115.0, 37.0
102, 47.0, 280.0
103, 722.0, 104.0
104, 188.0, 106.0
105, 713.0, 196.0
106, 73.0, 306.0
107, 672.0, 35.0
108, 144.0, 181.0
109, 623.0, 249.0
110, 695.0, 25.0
111, 152.0, 251.0
112, 404.0, 15.0
113, 683.0, 175.0
114, 677.0, 77.0
115, 110.0, 255.0
116, 560.0, 53.0
117, 667.0, 164.0
118, 207.0, 107.0
119, 721.0, 42.0
120, 57.0, 311.0
121, 72.0, 323.0
122, 721.0, 78.0
123, 465.0, 22.0
124, 609.0, 132.0
125, 475.0, 31.0
126, 403.0, 246.0
127, 375.0, 50.0
128, 333.0, 200.0
129, 111.0, 8.0
130, 105.0, 312.0
131, 471.0, 110.0
132, 642.0, 156.0
133, 529.0, 164.0
134, 364.0, 57.0
135, 88.0, 317.0
136, 672.0, 153.0
137, 317.0, 143.0
138, 587.0, 83.0
139, 277.0, 119.0
140, 227.0, 56.0
141, 303.0, 173.0
142, 540.0, 197.0
143, 373.0, 148.0
144, 84.0, 225.0
145, 92.0, 303.0
146, 124.0, 298.0
147, 663.0, 178.0
148, 478.0, 352.0
149, 635.0, 190.0
150, 131.0, 58.0
151, 474.0, 58.0
152, 633.0, 201.0
153, 620.0, 13.0
154, 639.0, 168.0
155, 32.0, 244.0
156, 79.0, 291.0
157, 662.0, 26.0
158, 645.0, 14.0
159, 368.0, 288.0
160, 596.0, 278.0
161, 475.0, 132.0
162, 674.0, 98.0
163, 101.0, 67.0
164, 434.0, 8.0
165, 362.0, 226.0
166, 485.0, 225.0
167, 287.0, 164.0
168, 101.0, 324.0
169, 355.0, 306.0
170, 622.0, 89.0
171, 580.0, 460.0
172, 429.0, 85.0
173, 97.0, 10.0
174, 303.0, 123.0
175, 263.0, 91.0
176, 590.0, 403.0
177, 595.0, 380.0
178, 661.0, 234.0
179, 482.0, 246.0
180, 314.0, 192.0
181, 175.0, 58.0
182, 508.0, 258.0
183, 247.0, 126.0
184, 444.0, 334.0
185, 121.0, 272.0
186, 285.0, 73.0
187, 78.0, 258.0
188, 95.0, 214.0
189, 635.0, 284.0
190, 164.0, 171.0
191, 600.0, 357.0
192, 210.0, 69.0
193, 670.0, 341.0
194, 599.0, 196.0
195, 571.0, 66.0
196, 534.0, 55.0
197, 122.0, 13.0
198, 569.0, 135.0
199, 400.0, 277.0
200, 61.0, 114.0
201, 454.0, 37.0
202, 534.0, 154.0
203, 542.0, 41.0
204, 252.0, 32.0
205, 69.0, 67.0
206, 590.0, 307.0
207, 271.0, 154.0
208, 461.0, 353.0
209, 299.0, 45.0
210, 142.0, 330.0
211, 493.0, 33.0
212, 96.0, 288.0
213, 663.0, 219.0
214, 427.0, 368.0
215, 510.0, 65.0
216, 290.0, 62.0
217, 101.0, 365.0
218, 663.0, 36.0
219, 352.0, 164.0
220, 272.0, 134.0
221, 191.0, 15.0
222, 259.0, 65.0
223, 618.0, 278.0
224, 11.0, 239.0
225, 372.0, 73.0
226, 594.0, 392.0
227, 664.0, 198.0
228, 303.0, 109.0
229, 373.0, 9.0
230, 150.0, 79.0
231, 24.0, 238.0
232, 143.0, 140.0
233, 490.0, 294.0
234, 307.0, 8.0
235, 224.0, 168.0
236, 523.0, 229.0
237, 101.0, 224.0
238, 675.0, 267.0
239, 741.0, 246.0
240, 484.0, 116.0
241, 20.0, 77.0
242, 141.0, 298.0
243, 231.0, 240.0
244, 725.0, 419.0
245, 620.0, 406.0
246, 232.0, 24.0
247, 167.0, 10.0
248, 134.0, 198.0
249, 220.0, 24.0
250, 61.0, 261.0
251, 44.0, 317.0
252, 78.0, 266.0
253, 218.0, 90.0
254, 534.0, 40.0
255, 531.0, 110.0
256, 123.0, 76.0
257, 404.0, 63.0
258, 287.0, 47.0
259, 339.0, 308.0
260, 437.0, 402.0
261, 231.0, 73.0
262, 637.0, 256.0
263, 35.0, 323.0
264, 196.0, 338.0
265, 455.0, 340.0
266, 453.0, 108.0
267, 139.0, 286.0
268, 83.0, 214.0
269, 459.0, 167.0
270, 721.0, 124.0
271, 76.0, 106.0
272, 47.0, 160.0
273, 575.0, 80.0
274, 408.0, 119.0
275, 207.0, 241.0
276, 156.0, 324.0
277, 326.0, 242.0
278, 168.0, 313.0
279, 498.0, 211.0
280, 385.0, 19.0
281, 158.0, 198.0
282, 536.0, 443.0
283, 614.0, 439.0
284, 737.0, 356.0
285, 68.0, 277.0
286, 707.0, 344.0
287, 373.0, 22.0
288, 525.0, 62.0
289, 10.0, 298.0
290, 473.0, 39.0
291, 562.0, 394.0
292, 593.0, 293.0
293, 569.0, 106.0
294, 352.0, 194.0
295, 451.0, 85.0
296, 584.0, 344.0
297, 262.0, 128.0
298, 211.0, 277.0
299, 177.0, 12.0
300, 676.0, 198.0
301, 487.0, 236.0
302, 621.0, 391.0
303, 120.0, 329.0
304, 738.0, 71.0
305, 740.0, 435.0
306, 417.0, 387.0
307, 325.0, 35.0
308, 73.0, 13.0
309, 405.0, 27.0
310, 530.0, 119.0
311, 630.0, 209.0
312, 706.0, 38.0
313, 205.0, 252.0
314, 554.0, 69.0
315, 518.0, 182.0
316, 92.0, 256.0
317, 583.0, 151.0
318, 420.0, 316.0
319, 12.0, 262.0
320, 334.0, 122.0
321, 204.0, 181.0
322, 177.0, 23.0
323, 155.0, 163.0
324, 332.0, 111.0
325, 450.0, 13.0
326, 677.0, 24.0
327, 653.0, 260.0
328, 38.0, 305.0
329, 20.0, 312.0
330, 451.0, 374.0
331, 271.0, 124.0
332, 169.0, 160.0
333, 376.0, 344.0
334, 669.0, 454.0
335, 583.0, 36.0
336, 337.0, 216.0
337, 646.0, 39.0
338, 214.0, 161.0
339, 722.0, 166.0
340, 382.0, 213.0
341, 40.0, 20.0
342, 160.0, 153.0
343, 459.0, 278.0
344, 433.0, 22.0
345, 658.0, 261.0
346, 420.0, 226.0
347, 603.0, 21.0
348, 335.0, 258.0
349, 327.0, 90.0
350, 602.0, 263.0
351, 240.0, 62.0
352, 297.0, 153.0
353, 265.0, 25.0
354, 248.0, 388.0
355, 117.0, 318.0
356, 643.0, 422.0
357, 51.0, 264.0
358, 580.0, 71.0
359, 151.0, 148.0
360, 460.0, 131.0
361, 206.0, 9.0
362, 188.0, 45.0
363, 668.0, 442.0
364, 102.0, 336.0
365, 100.0, 273.0
366, 487.0, 101.0
367, 161.0, 287.0
368, 94.0, 245.0
369, 51.0, 90.0
370, 652.0, 23.0
371, 186.0, 66.0
372, 420.0, 24.0
373, 49.0, 126.0
374, 457.0, 308.0
375, 144.0, 190.0
376, 417.0, 350.0
377, 638.0, 377.0
378, 18.0, 248.0
379, 629.0, 70.0
380, 300.0, 28.0
381, 354.0, 278.0
382, 546.0, 403.0
383, 370.0, 259.0
384, 286.0, 272.0
385, 693.0, 409.0
386, 615.0, 247.0
387, 178.0, 113.0
388, 380.0, 18.0
389, 586.0, 425.0
390, 416.0, 96.0
391, 649.0, 211.0
392, 29.0, 399.0
393, 331.0, 291.0
394, 304.0, 148.0
395, 191.0, 174.0
396, 150.0, 263.0
397, 112.0, 285.0
398, 548.0, 53.0
399, 122.0, 196.0
400, 61.0, 246.0
401, 57.0, 20.0
402, 284.0, 56.0
403, 60.0, 294.0
404, 651.0, 195.0
405, 399.0, 8.0
406, 584.0, 331.0
407, 719.0, 8.0
408, 113.0, 55.0
409, 454.0, 128.0
410, 358.0, 48.0
411, 177.0, 28.0
412, 628.0, 222.0
413, 507.0, 35.0
414, 281.0, 138.0
415, 579.0, 386.0
416, 439.0, 48.0
417, 306.0, 270.0
418, 439.0, 260.0
419, 605.0, 58.0
420, 215.0, 11.0
421, 290.0, 29.0
422, 182.0, 272.0
423, 429.0, 213.0
424, 385.0, 293.0
425, 326.0, 40.0
426, 301.0, 95.0
427, 330.0, 11.0
428, 470.0, 142.0
429, 152.0, 276.0
430, 147.0, 17.0
431, 44.0, 195.0
432, 236.0, 257.0
433, 473.0, 229.0
434, 192.0, 258.0
435, 195.0, 160.0
436, 639.0, 118.0
437, 219.0, 78.0
438, 284.0, 24.0
439, 46.0, 90.0
440, 544.0, 75.0
441, 548.0, 148.0
442, 523.0, 39.0
443, 673.0, 8.0
444, 342.0, 10.0
445, 49.0, 303.0
446, 638.0, 468.0
447, 378.0, 233.0
448, 483.0, 146.0
449, 582.0, 277.0
450, 173.0, 48.0
451, 552.0, 326.0
452, 473.0, 394.0
453, 370.0, 470.0
454, 389.0, 154.0
455, 660.0, 111.0
456, 654.0, 445.0
457, 126.0, 259.0
458, 305.0, 16.0
459, 608.0, 186.0
460, 47.0, 234.0
461, 48.0, 328.0
462, 127.0, 148.0
463, 315.0, 156.0
464, 154.0, 297.0
465, 527.0, 431.0
466, 395.0, 46.0
467, 703.0, 167.0
468, 139.0, 84.0
469, 665.0, 208.0
470, 132.0, 37.0
471, 23.0, 164.0
472, 37.0, 292.0
473, 636.0, 23.0
474, 254.0, 145.0
475, 194.0, 48.0
476, 90.0, 349.0
477, 622.0, 114.0
478, 42.0, 76.0
479, 488.0, 405.0
480, 656.0, 299.0
481, 618.0, 186.0
482, 62.0, 363.0
483, 35.0, 270.0
484, 29.0, 81.0
485, 678.0, 48.0
486, 383.0, 235.0
487, 298.0, 57.0
488, 283.0, 8.0
489, 37.0, 93.0
490, 134.0, 262.0
491, 655.0, 233.0
492, 316.0, 129.0
493, 41.0, 116.0
494, 82.0, 244.0
495, 608.0, 198.0
496, 132.0, 188.0
497, 629.0, 157.0
498, 89.0, 330.0
499, 462.0, 15.0
