0, 449.0, 267.0
1, 542.0, 372.0
2, 475.0, 263.0
3, 164.0, 95.0
4, 484.0, 245.0
5, 489.0, 317.0
6, 134.0, 91.0
7, 520.0, 201.0
8, 401.0, 300.0
9, 465.0, 289.0
10, 251.0, 196.0
11, 504.0, 201.0
12, 426.0, 259.0
13, 8.0, 97.0
14, 460.0, 360.0
15, 527.0, 404.0
16, 163.0, 204.0
17, 281.0, 169.0
18, 471.0, 309.0
19, 543.0, 341.0
20, 499.0, 190.0
21, 475.0, 275.0
22, 234.0, 168.0
23, 635.0, 145.0
24, 117.0, 328.0
25, 348.0, 111.0
26, 62.0, 96.0
27, 505.0, 160.0
28, 416.0, 305.0
29, 254.0, 155.0
30, 332.0, 146.0
31, 76.0, 95.0
32, 161.0, 104.0
33, 439.0, 257.0
34, 371.0, 122.0
35, 89.0, 52.0
36, 334.0, 289.0
37, 596.0, 349.0
38, 530.0, 386.0
39, 292.0, 251.0
40, 51.0, 95.0
41, 304.0, 199.0
42, 299.0, 260.0
43, 477.0, 48.0
44, 169.0, 198.0
45, 393.0, 328.0
46, 424.0, 22.0
47, 293.0, 222.0
48, 479.0, 393.0
49, 341.0, 249.0
50, 462.0, 339.0
51, 511.0, 345.0
52, 463.0, 352.0
53, 322.0, 69.0
54, 10.0, 80.0
55, 349.0, 125.0
56, 604.0, 223.0
57, 563.0, 449.0
58, 262.0, 174.0
59, 614.0, 240.0
60, 517.0, 49.0
61, 548.0, 192.0
62, 90.0, 91.0
63, 195.0, 153.0
64, 463.0, 25.0
65, 402.0, 30.0
66, 423.0, 96.0
67, 531.0, 377.0
68, 102.0, 30.0
69, 529.0, 395.0
70, 450.0, 256.0
71, 36.0, 421.0
72, 318.0, 284.0
73, 377.0, 135.0
74, 447.0, 39.0
75, 192.0, 51.0
76, 688.0, 279.0
77, 245.0, 34.0
78, 133.0, 21.0
79, 126.0, 116.0
80, 604.0, 170.0
81, 369.0, 228.0
82, 180.0, 259.0
83, 542.0, 382.0
84, 213.0, 333.0
85, 416.0, 161.0
86, 577.0, 382.0
87, 69.0, 56.0
88, 423.0, 273.0
89, 521.0, 131.0
90, 435.0, 17.0
91, 87.0, 224.0
92, 238.0, 201.0
93, 327.0, 214.0
94, 384.0, 121.0
95, 349.0, 210.0
96, 350.0, 150.0
97, 401.0, 252.0
98, 397.0, 114.0
99, 206.0, 311.0
100, 435.0, 41.0
101, 108.0, 322.0
102, 423.0, 40.0
103, 462.0, 133.0
104, 314.0, 436.0
105, 175.0, 186.0
106, 112.0, 88.0
107, 351.0, 161.0
108, 488.0, 329.0
109, 466.0, 148.0
110, 654.0, 70.0
111, 526.0, 413.0
112, 352.0, 305.0
113, 286.0, 185.0
114, 47.0, 201.0
115, 294.0, 289.0
116, 588.0, 386.0
117, 263.0, 192.0
118, 423.0, 329.0
119, 208.0, 209.0
120, 685.0, 329.0
121, 451.0, 245.0
122, 454.0, 286.0
123, 364.0, 170.0
124, 276.0, 24.0
125, 263.0, 222.0
126, 276.0, 120.0
127, 533.0, 367.0
128, 473.0, 188.0
129, 710.0, 207.0
130, 111.0, 297.0
131, 504.0, 253.0
132, 386.0, 247.0
133, 318.0, 264.0
134, 46.0, 61.0
135, 434.0, 131.0
136, 437.0, 271.0
137, 691.0, 345.0
138, 395.0, 60.0
139, 212.0, 259.0
140, 293.0, 68.0
141, 419.0, 337.0
142, 304.0, 108.0
143, 476.0, 130.0
144, 501.0, 179.0
145, 568.0, 373.0
146, 613.0, 101.0
147, 327.0, 232.0
148, 350.0, 295.0
149, 397.0, 95.0
150, 245.0, 231.0
151, 277.0, 158.0
152, 190.0, 289.0
153, 384.0, 25.0
154, 152.0, 243.0
155, 519.0, 301.0
156, 471.0, 364.0
157, 527.0, 220.0
158, 313.0, 187.0
159, 521.0, 239.0
160, 588.0, 402.0
161, 396.0, 70.0
162, 704.0, 148.0
163, 621.0, 144.0
164, 486.0, 278.0
165, 202.0, 10.0
166, 528.0, 40.0
167, 477.0, 402.0
168, 143.0, 34.0
169, 480.0, 35.0
170, 151.0, 136.0
171, 305.0, 223.0
172, 606.0, 360.0
173, 517.0, 36.0
174, 284.0, 203.0
175, 264.0, 22.0
176, 485.0, 378.0
177, 56.0, 418.0
178, 519.0, 60.0
179, 518.0, 187.0
180, 541.0, 428.0
181, 317.0, 305.0
182, 423.0, 238.0
183, 552.0, 67.0
184, 285.0, 285.0
185, 270.0, 74.0
186, 638.0, 81.0
187, 409.0, 38.0
188, 341.0, 233.0
189, 570.0, 85.0
190, 141.0, 285.0
191, 215.0, 217.0
192, 452.0, 107.0
193, 640.0, 61.0
194, 371.0, 109.0
195, 306.0, 242.0
196, 241.0, 179.0
197, 457.0, 154.0
198, 327.0, 130.0
199, 574.0, 453.0
200, 218.0, 290.0
201, 437.0, 281.0
202, 318.0, 249.0
203, 217.0, 165.0
204, 190.0, 41.0
205, 330.0, 193.0
206, 475.0, 207.0
207, 490.0, 151.0
208, 550.0, 83.0
209, 163.0, 216.0
210, 82.0, 238.0
211, 467.0, 222.0
212, 406.0, 463.0
213, 15.0, 177.0
214, 350.0, 189.0
215, 645.0, 240.0
216, 373.0, 69.0
217, 251.0, 291.0
218, 377.0, 257.0
219, 522.0, 438.0
220, 296.0, 300.0
221, 420.0, 172.0
222, 229.0, 203.0
223, 467.0, 415.0
224, 670.0, 80.0
225, 503.0, 470.0
226, 461.0, 264.0
227, 554.0, 338.0
228, 213.0, 151.0
229, 201.0, 172.0
230, 486.0, 268.0
231, 667.0, 146.0
232, 319.0, 294.0
233, 182.0, 280.0
234, 652.0, 170.0
235, 275.0, 283.0
236, 484.0, 260.0
237, 557.0, 377.0
238, 373.0, 19.0
239, 614.0, 200.0
240, 263.0, 107.0
241, 415.0, 147.0
242, 403.0, 197.0
243, 451.0, 215.0
244, 453.0, 233.0
245, 555.0, 386.0
246, 494.0, 244.0
247, 470.0, 332.0
248, 571.0, 181.0
249, 510.0, 266.0
250, 344.0, 447.0
251, 237.0, 84.0
252, 219.0, 175.0
253, 200.0, 263.0
254, 121.0, 124.0
255, 22.0, 392.0
256, 386.0, 85.0
257, 361.0, 257.0
258, 301.0, 279.0
259, 527.0, 18.0
260, 332.0, 252.0
261, 375.0, 55.0
262, 89.0, 283.0
263, 286.0, 74.0
264, 352.0, 436.0
265, 599.0, 48.0
266, 461.0, 36.0
267, 573.0, 277.0
268, 702.0, 157.0
269, 409.0, 334.0
270, 325.0, 158.0
271, 450.0, 276.0
272, 511.0, 131.0
273, 518.0, 251.0
274, 405.0, 104.0
275, 27.0, 103.0
276, 185.0, 8.0
277, 148.0, 205.0
278, 160.0, 59.0
279, 441.0, 245.0
280, 220.0, 46.0
281, 513.0, 332.0
282, 482.0, 386.0
283, 584.0, 171.0
284, 698.0, 29.0
285, 666.0, 94.0
286, 439.0, 226.0
287, 487.0, 86.0
288, 467.0, 388.0
289, 270.0, 167.0
290, 276.0, 107.0
291, 338.0, 215.0
292, 184.0, 272.0
293, 275.0, 296.0
294, 190.0, 193.0
295, 503.0, 296.0
296, 443.0, 354.0
297, 425.0, 249.0
298, 570.0, 75.0
299, 201.0, 302.0
300, 442.0, 336.0
301, 264.0, 233.0
302, 177.0, 336.0
303, 212.0, 455.0
304, 697.0, 247.0
305, 220.0, 276.0
306, 480.0, 349.0
307, 108.0, 191.0
308, 192.0, 206.0
309, 490.0, 159.0
310, 510.0, 148.0
311, 385.0, 185.0
312, 728.0, 69.0
313, 199.0, 36.0
314, 349.0, 9.0
315, 664.0, 211.0
316, 523.0, 430.0
317, 493.0, 133.0
318, 126.0, 258.0
319, 298.0, 118.0
320, 399.0, 434.0
321, 111.0, 309.0
322, 189.0, 102.0
323, 734.0, 117.0
324, 387.0, 150.0
325, 601.0, 183.0
326, 126.0, 165.0
327, 461.0, 399.0
328, 299.0, 315.0
329, 742.0, 153.0
330, 488.0, 432.0
331, 155.0, 94.0
332, 304.0, 329.0
333, 281.0, 60.0
334, 90.0, 37.0
335, 373.0, 97.0
336, 262.0, 144.0
337, 246.0, 55.0
338, 299.0, 135.0
339, 189.0, 338.0
340, 54.0, 401.0
341, 163.0, 321.0
342, 215.0, 266.0
343, 177.0, 311.0
344, 268.0, 63.0
345, 429.0, 155.0
346, 420.0, 317.0
347, 300.0, 177.0
348, 278.0, 272.0
349, 496.0, 34.0
350, 595.0, 286.0
351, 456.0, 386.0
352, 705.0, 76.0
353, 100.0, 87.0
354, 180.0, 205.0
355, 400.0, 281.0
356, 525.0, 421.0
357, 476.0, 250.0
358, 274.0, 321.0
359, 309.0, 176.0
360, 144.0, 22.0
361, 357.0, 57.0
362, 170.0, 167.0
363, 20.0, 59.0
364, 430.0, 359.0
365, 446.0, 49.0
366, 285.0, 122.0
367, 58.0, 213.0
368, 286.0, 134.0
369, 154.0, 162.0
370, 175.0, 30.0
371, 264.0, 35.0
372, 357.0, 68.0
373, 378.0, 149.0
374, 496.0, 230.0
375, 738.0, 94.0
376, 194.0, 320.0
377, 351.0, 173.0
378, 337.0, 63.0
379, 292.0, 145.0
380, 477.0, 227.0
381, 488.0, 70.0
382, 64.0, 245.0
383, 288.0, 159.0
384, 235.0, 259.0
385, 74.0, 261.0
386, 498.0, 445.0
387, 520.0, 288.0
388, 545.0, 404.0
389, 544.0, 356.0
390, 359.0, 224.0
391, 242.0, 124.0
392, 570.0, 65.0
393, 686.0, 214.0
394, 32.0, 287.0
395, 122.0, 92.0
396, 605.0, 144.0
397, 506.0, 440.0
398, 487.0, 370.0
399, 523.0, 68.0
400, 452.0, 372.0
401, 469.0, 171.0
402, 188.0, 115.0
403, 551.0, 293.0
404, 700.0, 166.0
405, 400.0, 453.0
406, 425.0, 52.0
407, 641.0, 213.0
408, 582.0, 316.0
409, 210.0, 249.0
410, 105.0, 275.0
411, 611.0, 122.0
412, 393.0, 173.0
413, 376.0, 179.0
414, 373.0, 86.0
415, 248.0, 108.0
416, 144.0, 214.0
417, 480.0, 154.0
418, 206.0, 407.0
419, 632.0, 186.0
420, 142.0, 380.0
421, 722.0, 56.0
422, 293.0, 194.0
423, 429.0, 341.0
424, 181.0, 227.0
425, 647.0, 192.0
426, 401.0, 290.0
427, 535.0, 199.0
428, 637.0, 134.0
429, 733.0, 21.0
430, 420.0, 104.0
431, 467.0, 108.0
432, 691.0, 107.0
433, 222.0, 214.0
434, 556.0, 114.0
435, 673.0, 61.0
436, 227.0, 106.0
437, 248.0, 263.0
438, 295.0, 231.0
439, 435.0, 51.0
440, 499.0, 264.0
441, 694.0, 58.0
442, 426.0, 348.0
443, 537.0, 268.0
444, 122.0, 283.0
445, 504.0, 454.0
446, 388.0, 446.0
447, 384.0, 70.0
448, 604.0, 250.0
449, 75.0, 8.0
450, 226.0, 183.0
451, 540.0, 133.0
452, 679.0, 238.0
453, 233.0, 237.0
454, 173.0, 239.0
455, 74.0, 40.0
456, 328.0, 174.0
457, 456.0, 316.0
458, 302.0, 188.0
459, 451.0, 327.0
460, 415.0, 392.0
461, 246.0, 145.0
462, 288.0, 275.0
463, 464.0, 181.0
464, 567.0, 428.0
465, 527.0, 461.0
466, 503.0, 21.0
467, 121.0, 234.0
468, 362.0, 124.0
469, 494.0, 353.0
470, 439.0, 388.0
471, 675.0, 119.0
472, 569.0, 365.0
473, 669.0, 134.0
474, 289.0, 171.0
475, 596.0, 64.0
476, 249.0, 43.0
477, 153.0, 35.0
478, 104.0, 203.0
479, 561.0, 352.0
480, 369.0, 242.0
481, 618.0, 84.0
482, 447.0, 15.0
483, 203.0, 282.0
484, 79.0, 285.0
485, 250.0, 321.0
486, 303.0, 439.0
487, 731.0, 454.0
488, 630.0, 101.0
489, 583.0, 299.0
490, 730.0, 146.0
491, 510.0, 182.0
492, 188.0, 216.0
493, 575.0, 134.0
494, 235.0, 212.0
495, 158.0, 358.0
496, 230.0, 124.0
497, 144.0, 97.0
498, 525.0, 328.0
499, 266.0, 158.0
