0, 401.0, 388.0
1, 696.0, 387.0
2, 537.0, 363.0
3, 644.0, 331.0
4, 347.0, 403.0
5, 563.0, 356.0
6, 89.0, 431.0
7, 409.0, 416.0
8, 74.0, 215.0
9, 71.0, 201.0
10, 473.0, 52.0
11, 726.0, 297.0
12, 439.0, 29.0
13, 84.0, 254.0
14, 574.0, 185.0
15, 527.0, 163.0
16, 60.0, 280.0
17, 211.0, 21.0
18, 419.0, 224.0
19, 698.0, 309.0
20, 54.0, 99.0
21, 12.0, 419.0
22, 521.0, 455.0
23, 116.0, 397.0
24, 365.0, 15.0
25, 390.0, 241.0
26, 548.0, 421.0
27, 585.0, 232.0
28, 734.0, 223.0
29, 423.0, 295.0
30, 688.0, 222.0
31, 469.0, 390.0
32, 326.0, 240.0
33, 321.0, 188.0
34, 430.0, 326.0
35, 608.0, 185.0
36, 58.0, 261.0
37, 165.0, 107.0
38, 458.0, 332.0
39, 542.0, 223.0
40, 657.0, 256.0
41, 381.0, 158.0
42, 680.0, 326.0
43, 138.0, 82.0
44, 312.0, 323.0
45, 549.0, 130.0
46, 605.0, 352.0
47, 162.0, 187.0
48, 547.0, 262.0
49, 453.0, 367.0
50, 727.0, 327.0
51, 288.0, 412.0
52, 24.0, 22.0
53, 406.0, 253.0
54, 69.0, 304.0
55, 472.0, 76.0
56, 642.0, 38.0
57, 592.0, 339.0
58, 626.0, 314.0
59, 213.0, 37.0
60, 17.0, 111.0
61, 538.0, 406.0
62, 647.0, 196.0
63, 481.0, 321.0
64, 404.0, 237.0
65, 632.0, 72.0
66, 270.0, 447.0
67, 76.0, 72.0
68, 536.0, 377.0
69, 167.0, 120.0
70, 514.0, 433.0
71, 411.0, 298.0
72, 273.0, 209.0
73, 545.0, 24.0
74, 552.0, 346.0
75, 361.0, 200.0
76, 614.0, 110.0
77, 638.0, 245.0
78, 64.0, 289.0
79, 355.0, 225.0
80, 582.0, 133.0
81, 171.0, 235.0
82, 126.0, 80.0
83, 386.0, 213.0
84, 443.0, 401.0
85, 627.0, 218.0
86, 611.0, 31.0
87, 606.0, 278.0
88, 519.0, 144.0
89, 580.0, 61.0
90, 576.0, 323.0
91, 274.0, 231.0
92, 362.0, 43.0
93, 431.0, 414.0
94, 170.0, 132.0
95, 423.0, 309.0
96, 726.0, 346.0
97, 63.0, 228.0
98, 533.0, 328.0
99, 589.0, 358.0
100, 135.0, 70.0
101, 551.0, 362.0
102, 674.0, 140.0
103, 548.0, 442.0
104, 218.0, 65.0
105, 391.0, 381.0
106, 520.0, 395.0
107, 533.0, 392.0
108, 562.0, 373.0
109, 452.0, 220.0
110, 632.0, 200.0
111, 601.0, 94.0
112, 469.0, 359.0
113, 168.0, 206.0
114, 274.0, 220.0
115, 411.0, 320.0
116, 114.0, 74.0
117, 353.0, 312.0
118, 255.0, 466.0
119, 411.0, 310.0
120, 646.0, 209.0
121, 57.0, 140.0
122, 436.0, 88.0
123, 612.0, 327.0
124, 506.0, 367.0
125, 76.0, 233.0
126, 419.0, 408.0
127, 324.0, 312.0
128, 587.0, 215.0
129, 35.0, 122.0
130, 636.0, 345.0
131, 69.0, 113.0
132, 657.0, 275.0
133, 583.0, 114.0
134, 544.0, 205.0
135, 128.0, 453.0
136, 603.0, 132.0
137, 582.0, 46.0
138, 306.0, 86.0
139, 600.0, 301.0
140, 597.0, 458.0
141, 616.0, 174.0
142, 396.0, 158.0
143, 336.0, 217.0
144, 696.0, 28.0
145, 322.0, 229.0
146, 50.0, 129.0
147, 252.0, 453.0
148, 514.0, 73.0
149, 383.0, 144.0
150, 424.0, 363.0
151, 42.0, 145.0
152, 617.0, 335.0
153, 495.0, 357.0
154, 10.0, 81.0
155, 81.0, 244.0
156, 466.0, 208.0
157, 200.0, 240.0
158, 504.0, 329.0
159, 567.0, 114.0
160, 485.0, 64.0
161, 608.0, 314.0
162, 671.0, 63.0
163, 397.0, 225.0
164, 125.0, 28.0
165, 401.0, 375.0
166, 551.0, 164.0
167, 53.0, 239.0
168, 383.0, 449.0
169, 506.0, 401.0
170, 676.0, 364.0
171, 361.0, 185.0
172, 168.0, 90.0
173, 584.0, 373.0
174, 372.0, 145.0
175, 361.0, 158.0
176, 453.0, 389.0
177, 288.0, 245.0
178, 508.0, 54.0
179, 733.0, 238.0
180, 500.0, 291.0
181, 515.0, 330.0
182, 683.0, 23.0
183, 237.0, 464.0
184, 60.0, 212.0
185, 652.0, 45.0
186, 309.0, 276.0
187, 599.0, 232.0
188, 438.0, 210.0
189, 445.0, 413.0
190, 316.0, 241.0
191, 399.0, 418.0
192, 426.0, 238.0
193, 710.0, 242.0
194, 736.0, 363.0
195, 628.0, 362.0
196, 253.0, 137.0
197, 312.0, 313.0
198, 488.0, 53.0
199, 205.0, 381.0
200, 365.0, 363.0
201, 44.0, 215.0
202, 500.0, 345.0
203, 331.0, 179.0
204, 684.0, 310.0
205, 572.0, 27.0
206, 562.0, 84.0
207, 152.0, 115.0
208, 391.0, 43.0
209, 425.0, 194.0
210, 270.0, 459.0
211, 140.0, 361.0
212, 184.0, 234.0
213, 619.0, 402.0
214, 20.0, 125.0
215, 276.0, 261.0
216, 117.0, 85.0
217, 178.0, 195.0
218, 386.0, 359.0
219, 372.0, 159.0
220, 96.0, 73.0
221, 477.0, 28.0
222, 234.0, 65.0
223, 124.0, 69.0
224, 581.0, 390.0
225, 391.0, 285.0
226, 29.0, 190.0
227, 550.0, 378.0
228, 535.0, 460.0
229, 395.0, 180.0
230, 562.0, 131.0
231, 361.0, 55.0
232, 717.0, 342.0
233, 440.0, 313.0
234, 618.0, 357.0
235, 388.0, 402.0
236, 693.0, 351.0
237, 63.0, 88.0
238, 564.0, 145.0
239, 581.0, 293.0
240, 324.0, 275.0
241, 540.0, 432.0
242, 318.0, 454.0
243, 26.0, 40.0
244, 659.0, 148.0
245, 580.0, 256.0
246, 440.0, 345.0
247, 298.0, 243.0
248, 280.0, 320.0
249, 720.0, 360.0
250, 330.0, 165.0
251, 299.0, 257.0
252, 197.0, 410.0
253, 281.0, 334.0
254, 655.0, 215.0
255, 290.0, 61.0
256, 326.0, 51.0
257, 595.0, 311.0
258, 384.0, 133.0
259, 364.0, 132.0
260, 367.0, 243.0
261, 459.0, 470.0
262, 385.0, 107.0
263, 430.0, 437.0
264, 323.0, 135.0
265, 508.0, 225.0
266, 278.0, 280.0
267, 531.0, 204.0
268, 547.0, 453.0
269, 565.0, 336.0
270, 531.0, 134.0
271, 362.0, 144.0
272, 75.0, 22.0
273, 396.0, 310.0
274, 537.0, 286.0
275, 86.0, 265.0
276, 625.0, 342.0
277, 51.0, 113.0
278, 306.0, 206.0
279, 423.0, 47.0
280, 74.0, 276.0
281, 696.0, 464.0
282, 659.0, 295.0
283, 289.0, 259.0
284, 589.0, 74.0
285, 538.0, 271.0
286, 438.0, 49.0
287, 444.0, 437.0
288, 458.0, 33.0
289, 398.0, 439.0
290, 219.0, 379.0
291, 322.0, 201.0
292, 340.0, 144.0
293, 729.0, 266.0
294, 68.0, 245.0
295, 187.0, 133.0
296, 645.0, 62.0
297, 605.0, 119.0
298, 405.0, 435.0
299, 435.0, 109.0
300, 601.0, 216.0
301, 537.0, 163.0
302, 270.0, 167.0
303, 70.0, 257.0
304, 662.0, 320.0
305, 513.0, 184.0
306, 471.0, 329.0
307, 715.0, 376.0
308, 292.0, 43.0
309, 121.0, 11.0
310, 576.0, 173.0
311, 499.0, 73.0
312, 432.0, 399.0
313, 403.0, 355.0
314, 602.0, 368.0
315, 314.0, 62.0
316, 243.0, 54.0
317, 422.0, 113.0
318, 651.0, 175.0
319, 531.0, 425.0
320, 415.0, 19.0
321, 661.0, 359.0
322, 621.0, 433.0
323, 601.0, 447.0
324, 454.0, 425.0
325, 313.0, 467.0
326, 469.0, 415.0
327, 256.0, 445.0
328, 129.0, 44.0
329, 253.0, 401.0
330, 192.0, 174.0
331, 350.0, 244.0
332, 552.0, 402.0
333, 85.0, 411.0
334, 635.0, 129.0
335, 365.0, 30.0
336, 320.0, 86.0
337, 418.0, 431.0
338, 649.0, 142.0
339, 688.0, 235.0
340, 739.0, 348.0
341, 510.0, 266.0
342, 650.0, 379.0
343, 8.0, 98.0
344, 566.0, 311.0
345, 272.0, 393.0
346, 640.0, 363.0
347, 396.0, 144.0
348, 103.0, 399.0
349, 581.0, 435.0
350, 84.0, 317.0
351, 577.0, 203.0
352, 207.0, 430.0
353, 426.0, 181.0
354, 92.0, 171.0
355, 324.0, 295.0
356, 503.0, 25.0
357, 708.0, 38.0
358, 216.0, 49.0
359, 461.0, 64.0
360, 278.0, 134.0
361, 405.0, 331.0
362, 721.0, 285.0
363, 231.0, 429.0
364, 444.0, 290.0
365, 154.0, 71.0
366, 412.0, 384.0
367, 422.0, 393.0
368, 480.0, 311.0
369, 484.0, 191.0
370, 440.0, 381.0
371, 267.0, 128.0
372, 667.0, 76.0
373, 228.0, 138.0
374, 265.0, 112.0
375, 684.0, 468.0
376, 502.0, 275.0
377, 575.0, 8.0
378, 355.0, 342.0
379, 192.0, 451.0
380, 350.0, 297.0
381, 291.0, 26.0
382, 172.0, 154.0
383, 356.0, 72.0
384, 323.0, 258.0
385, 516.0, 162.0
386, 562.0, 459.0
387, 341.0, 312.0
388, 728.0, 376.0
389, 257.0, 425.0
390, 703.0, 291.0
391, 577.0, 405.0
392, 226.0, 322.0
393, 121.0, 103.0
394, 560.0, 471.0
395, 220.0, 91.0
396, 420.0, 67.0
397, 248.0, 74.0
398, 583.0, 245.0
399, 188.0, 104.0
400, 710.0, 215.0
401, 331.0, 257.0
402, 455.0, 295.0
403, 64.0, 169.0
404, 350.0, 377.0
405, 288.0, 398.0
406, 190.0, 276.0
407, 603.0, 291.0
408, 434.0, 68.0
409, 307.0, 75.0
410, 473.0, 232.0
411, 101.0, 333.0
412, 332.0, 413.0
413, 619.0, 88.0
414, 249.0, 86.0
415, 641.0, 414.0
416, 714.0, 317.0
417, 622.0, 471.0
418, 506.0, 316.0
419, 602.0, 321.0
420, 702.0, 259.0
421, 591.0, 197.0
422, 18.0, 66.0
423, 589.0, 173.0
424, 604.0, 82.0
425, 571.0, 380.0
426, 105.0, 350.0
427, 404.0, 106.0
428, 193.0, 391.0
429, 720.0, 400.0
430, 284.0, 380.0
431, 726.0, 463.0
432, 332.0, 374.0
433, 359.0, 289.0
434, 670.0, 301.0
435, 281.0, 437.0
436, 40.0, 206.0
437, 321.0, 113.0
438, 116.0, 338.0
439, 54.0, 22.0
440, 88.0, 379.0
441, 393.0, 204.0
442, 487.0, 395.0
443, 521.0, 288.0
444, 226.0, 112.0
445, 100.0, 437.0
446, 450.0, 47.0
447, 332.0, 207.0
448, 410.0, 376.0
449, 586.0, 272.0
450, 621.0, 64.0
451, 667.0, 116.0
452, 514.0, 282.0
453, 475.0, 381.0
454, 397.0, 57.0
455, 681.0, 244.0
456, 226.0, 458.0
457, 97.0, 91.0
458, 502.0, 430.0
459, 567.0, 394.0
460, 271.0, 181.0
461, 449.0, 128.0
462, 392.0, 262.0
463, 314.0, 379.0
464, 262.0, 64.0
465, 567.0, 157.0
466, 154.0, 136.0
467, 371.0, 120.0
468, 308.0, 220.0
469, 663.0, 181.0
470, 657.0, 455.0
471, 622.0, 231.0
472, 82.0, 47.0
473, 536.0, 310.0
474, 249.0, 113.0
475, 536.0, 179.0
476, 568.0, 419.0
477, 71.0, 320.0
478, 206.0, 411.0
479, 143.0, 335.0
480, 646.0, 400.0
481, 507.0, 307.0
482, 269.0, 141.0
483, 410.0, 41.0
484, 492.0, 387.0
485, 433.0, 336.0
486, 207.0, 441.0
487, 359.0, 83.0
488, 432.0, 302.0
489, 340.0, 199.0
490, 455.0, 112.0
491, 623.0, 255.0
492, 511.0, 468.0
493, 331.0, 85.0
494, 698.0, 335.0
495, 701.0, 354.0
496, 365.0, 321.0
497, 337.0, 295.0
498, 645.0, 353.0
499, 89.0, 280.0
