0, 406.0, 461.0
1, 445.0, 332.0
2, 239.0, 356.0
3, 634.0, 159.0
4, 271.0, 53.0
5, 196.0, 186.0
6, 670.0, 419.0
7, 235.0, 335.0
8, 547.0, 434.0
9, 412.0, 430.0
10, 295.0, 252.0
11, 192.0, 127.0
12, 332.0, 209.0
13, 518.0, 450.0
14, 578.0, 243.0
15, 390.0, 80.0
16, 425.0, 233.0
17, 382.0, 374.0
18, 503.0, 406.0
19, 562.0, 244.0
20, 700.0, 355.0
21, 524.0, 275.0
22, 257.0, 447.0
23, 327.0, 17.0
24, 355.0, 377.0
25, 257.0, 458.0
26, 540.0, 363.0
27, 352.0, 154.0
28, 323.0, 237.0
29, 426.0, 365.0
30, 710.0, 392.0
31, 355.0, 463.0
32, 447.0, 84.0
33, 262.0, 417.0
34, 569.0, 352.0
35, 223.0, 157.0
36, 737.0, 273.0
37, 253.0, 257.0
38, 614.0, 256.0
39, 505.0, 391.0
40, 461.0, 407.0
41, 513.0, 30.0
42, 637.0, 281.0
43, 355.0, 419.0
44, 380.0, 265.0
45, 627.0, 187.0
46, 196.0, 318.0
47, 389.0, 88.0
48, 279.0, 289.0
49, 631.0, 228.0
50, 261.0, 355.0
51, 103.0, 382.0
52, 324.0, 58.0
53, 162.0, 49.0
54, 585.0, 368.0
55, 403.0, 54.0
56, 57.0, 302.0
57, 332.0, 171.0
58, 665.0, 9.0
59, 426.0, 332.0
60, 436.0, 75.0
61, 577.0, 105.0
62, 583.0, 289.0
63, 382.0, 336.0
64, 172.0, 202.0
65, 188.0, 67.0
66, 651.0, 357.0
67, 434.0, 257.0
68, 399.0, 410.0
69, 491.0, 345.0
70, 551.0, 195.0
71, 554.0, 185.0
72, 557.0, 269.0
73, 81.0, 81.0
74, 245.0, 450.0
75, 305.0, 228.0
76, 292.0, 421.0
77, 572.0, 385.0
78, 539.0, 141.0
79, 426.0, 442.0
80, 325.0, 45.0
81, 559.0, 143.0
82, 504.0, 173.0
83, 430.0, 423.0
84, 283.0, 253.0
85, 290.0, 198.0
86, 519.0, 132.0
87, 503.0, 29.0
88, 604.0, 83.0
89, 560.0, 123.0
90, 671.0, 335.0
91, 358.0, 255.0
92, 307.0, 329.0
93, 589.0, 121.0
94, 260.0, 369.0
95, 333.0, 381.0
96, 220.0, 337.0
97, 481.0, 81.0
98, 543.0, 379.0
99, 367.0, 169.0
100, 301.0, 217.0
101, 564.0, 227.0
102, 311.0, 428.0
103, 490.0, 194.0
104, 551.0, 16.0
105, 683.0, 296.0
106, 581.0, 338.0
107, 533.0, 323.0
108, 507.0, 143.0
109, 266.0, 442.0
110, 502.0, 344.0
111, 467.0, 388.0
112, 661.0, 396.0
113, 367.0, 155.0
114, 355.0, 224.0
115, 300.0, 187.0
116, 465.0, 350.0
117, 585.0, 195.0
118, 522.0, 217.0
119, 614.0, 47.0
120, 582.0, 304.0
121, 90.0, 326.0
122, 217.0, 268.0
123, 581.0, 40.0
124, 628.0, 307.0
125, 366.0, 387.0
126, 723.0, 268.0
127, 193.0, 359.0
128, 72.0, 240.0
129, 87.0, 110.0
130, 378.0, 249.0
131, 644.0, 74.0
132, 333.0, 154.0
133, 400.0, 204.0
134, 656.0, 257.0
135, 623.0, 208.0
136, 367.0, 189.0
137, 277.0, 409.0
138, 417.0, 304.0
139, 382.0, 50.0
140, 68.0, 221.0
141, 600.0, 267.0
142, 662.0, 237.0
143, 700.0, 323.0
144, 507.0, 437.0
145, 320.0, 312.0
146, 624.0, 330.0
147, 229.0, 259.0
148, 519.0, 390.0
149, 489.0, 208.0
150, 166.0, 65.0
151, 320.0, 328.0
152, 88.0, 309.0
153, 735.0, 466.0
154, 402.0, 116.0
155, 402.0, 95.0
156, 159.0, 35.0
157, 595.0, 344.0
158, 292.0, 298.0
159, 217.0, 259.0
160, 342.0, 465.0
161, 599.0, 242.0
162, 672.0, 305.0
163, 453.0, 387.0
164, 381.0, 354.0
165, 229.0, 268.0
166, 460.0, 202.0
167, 726.0, 230.0
168, 743.0, 417.0
169, 452.0, 60.0
170, 207.0, 221.0
171, 254.0, 334.0
172, 633.0, 270.0
173, 267.0, 65.0
174, 42.0, 243.0
175, 57.0, 171.0
176, 136.0, 425.0
177, 560.0, 257.0
178, 604.0, 229.0
179, 272.0, 452.0
180, 418.0, 401.0
181, 520.0, 406.0
182, 401.0, 360.0
183, 599.0, 22.0
184, 493.0, 173.0
185, 392.0, 236.0
186, 343.0, 154.0
187, 490.0, 372.0
188, 80.0, 275.0
189, 499.0, 361.0
190, 441.0, 438.0
191, 435.0, 58.0
192, 540.0, 34.0
193, 540.0, 354.0
194, 714.0, 379.0
195, 186.0, 222.0
196, 619.0, 10.0
197, 538.0, 93.0
198, 304.0, 83.0
199, 588.0, 440.0
200, 424.0, 38.0
201, 383.0, 313.0
202, 496.0, 397.0
203, 46.0, 122.0
204, 581.0, 130.0
205, 475.0, 382.0
206, 449.0, 70.0
207, 184.0, 290.0
208, 184.0, 204.0
209, 637.0, 150.0
210, 397.0, 309.0
211, 299.0, 203.0
212, 297.0, 367.0
213, 708.0, 252.0
214, 72.0, 311.0
215, 234.0, 246.0
216, 616.0, 74.0
217, 59.0, 313.0
218, 462.0, 446.0
219, 480.0, 347.0
220, 382.0, 323.0
221, 631.0, 391.0
222, 368.0, 376.0
223, 586.0, 83.0
224, 554.0, 337.0
225, 248.0, 64.0
226, 273.0, 79.0
227, 722.0, 341.0
228, 533.0, 385.0
229, 621.0, 221.0
230, 709.0, 237.0
231, 79.0, 69.0
232, 237.0, 445.0
233, 246.0, 27.0
234, 609.0, 212.0
235, 366.0, 215.0
236, 269.0, 465.0
237, 407.0, 370.0
238, 327.0, 32.0
239, 209.0, 246.0
240, 115.0, 436.0
241, 66.0, 81.0
242, 552.0, 409.0
243, 649.0, 152.0
244, 210.0, 317.0
245, 493.0, 334.0
246, 440.0, 233.0
247, 501.0, 422.0
248, 368.0, 237.0
249, 685.0, 95.0
250, 437.0, 340.0
251, 686.0, 255.0
252, 350.0, 170.0
253, 667.0, 380.0
254, 605.0, 191.0
255, 201.0, 285.0
256, 13.0, 121.0
257, 413.0, 327.0
258, 545.0, 399.0
259, 310.0, 154.0
260, 654.0, 289.0
261, 434.0, 84.0
262, 392.0, 47.0
263, 514.0, 284.0
264, 544.0, 324.0
265, 255.0, 275.0
266, 614.0, 387.0
267, 689.0, 345.0
268, 514.0, 326.0
269, 186.0, 307.0
270, 248.0, 346.0
271, 418.0, 119.0
272, 223.0, 450.0
273, 224.0, 132.0
274, 52.0, 281.0
275, 182.0, 52.0
276, 403.0, 294.0
277, 464.0, 80.0
278, 452.0, 300.0
279, 519.0, 435.0
280, 630.0, 322.0
281, 526.0, 140.0
282, 701.0, 376.0
283, 499.0, 456.0
284, 441.0, 220.0
285, 429.0, 310.0
286, 209.0, 186.0
287, 299.0, 173.0
288, 29.0, 128.0
289, 578.0, 315.0
290, 685.0, 230.0
291, 160.0, 121.0
292, 414.0, 341.0
293, 690.0, 372.0
294, 556.0, 389.0
295, 638.0, 237.0
296, 549.0, 69.0
297, 572.0, 324.0
298, 733.0, 286.0
299, 398.0, 250.0
300, 211.0, 203.0
301, 588.0, 266.0
302, 475.0, 305.0
303, 22.0, 44.0
304, 230.0, 277.0
305, 270.0, 309.0
306, 507.0, 229.0
307, 84.0, 296.0
308, 643.0, 283.0
309, 155.0, 17.0
310, 513.0, 190.0
311, 185.0, 134.0
312, 475.0, 467.0
313, 24.0, 112.0
314, 632.0, 11.0
315, 544.0, 122.0
316, 367.0, 406.0
317, 127.0, 416.0
318, 50.0, 74.0
319, 631.0, 295.0
320, 209.0, 76.0
321, 295.0, 268.0
322, 579.0, 359.0
323, 712.0, 357.0
324, 579.0, 93.0
325, 398.0, 348.0
326, 368.0, 147.0
327, 368.0, 442.0
328, 613.0, 363.0
329, 207.0, 458.0
330, 196.0, 384.0
331, 197.0, 269.0
332, 179.0, 125.0
333, 413.0, 135.0
334, 359.0, 60.0
335, 504.0, 318.0
336, 64.0, 277.0
337, 69.0, 299.0
338, 27.0, 211.0
339, 184.0, 447.0
340, 332.0, 235.0
341, 219.0, 278.0
342, 188.0, 235.0
343, 274.0, 92.0
344, 514.0, 173.0
345, 19.0, 25.0
346, 292.0, 210.0
347, 683.0, 48.0
348, 100.0, 438.0
349, 497.0, 153.0
350, 284.0, 269.0
351, 602.0, 9.0
352, 485.0, 280.0
353, 333.0, 257.0
354, 59.0, 24.0
355, 459.0, 219.0
356, 523.0, 364.0
357, 558.0, 370.0
358, 177.0, 355.0
359, 592.0, 185.0
360, 497.0, 302.0
361, 35.0, 74.0
362, 579.0, 142.0
363, 288.0, 81.0
364, 106.0, 151.0
365, 647.0, 397.0
366, 411.0, 222.0
367, 297.0, 337.0
368, 321.0, 360.0
369, 535.0, 245.0
370, 63.0, 68.0
371, 385.0, 384.0
372, 592.0, 74.0
373, 241.0, 141.0
374, 240.0, 266.0
375, 145.0, 403.0
376, 517.0, 121.0
377, 399.0, 435.0
378, 46.0, 262.0
379, 309.0, 44.0
380, 53.0, 229.0
381, 32.0, 139.0
382, 369.0, 325.0
383, 310.0, 171.0
384, 183.0, 278.0
385, 592.0, 107.0
386, 638.0, 259.0
387, 216.0, 381.0
388, 306.0, 311.0
389, 407.0, 263.0
390, 266.0, 255.0
391, 387.0, 120.0
392, 611.0, 140.0
393, 519.0, 235.0
394, 289.0, 26.0
395, 546.0, 295.0
396, 261.0, 405.0
397, 247.0, 248.0
398, 703.0, 408.0
399, 209.0, 329.0
400, 517.0, 343.0
401, 532.0, 401.0
402, 294.0, 327.0
403, 611.0, 128.0
404, 698.0, 452.0
405, 735.0, 97.0
406, 280.0, 466.0
407, 58.0, 254.0
408, 184.0, 187.0
409, 51.0, 143.0
410, 699.0, 417.0
411, 399.0, 65.0
412, 401.0, 74.0
413, 596.0, 328.0
414, 513.0, 300.0
415, 543.0, 168.0
416, 704.0, 209.0
417, 528.0, 174.0
418, 638.0, 329.0
419, 480.0, 422.0
420, 510.0, 461.0
421, 410.0, 153.0
422, 728.0, 177.0
423, 646.0, 258.0
424, 483.0, 321.0
425, 537.0, 210.0
426, 372.0, 98.0
427, 605.0, 380.0
428, 45.0, 53.0
429, 344.0, 256.0
430, 435.0, 270.0
431, 332.0, 195.0
432, 520.0, 374.0
433, 221.0, 352.0
434, 609.0, 167.0
435, 413.0, 169.0
436, 610.0, 447.0
437, 202.0, 426.0
438, 609.0, 398.0
439, 344.0, 426.0
440, 401.0, 192.0
441, 269.0, 298.0
442, 406.0, 246.0
443, 29.0, 399.0
444, 218.0, 402.0
445, 695.0, 431.0
446, 461.0, 423.0
447, 225.0, 148.0
448, 284.0, 441.0
449, 538.0, 445.0
450, 208.0, 176.0
451, 290.0, 241.0
452, 83.0, 125.0
453, 299.0, 392.0
454, 558.0, 305.0
455, 703.0, 270.0
456, 246.0, 44.0
457, 423.0, 70.0
458, 504.0, 333.0
459, 522.0, 426.0
460, 726.0, 365.0
461, 227.0, 319.0
462, 695.0, 235.0
463, 490.0, 295.0
464, 420.0, 258.0
465, 422.0, 56.0
466, 571.0, 162.0
467, 518.0, 144.0
468, 482.0, 331.0
469, 602.0, 106.0
470, 22.0, 71.0
471, 659.0, 73.0
472, 366.0, 201.0
473, 703.0, 284.0
474, 657.0, 33.0
475, 570.0, 403.0
476, 27.0, 93.0
477, 321.0, 258.0
478, 280.0, 315.0
479, 354.0, 117.0
480, 76.0, 255.0
481, 344.0, 240.0
482, 431.0, 356.0
483, 677.0, 272.0
484, 211.0, 90.0
485, 644.0, 269.0
486, 675.0, 291.0
487, 569.0, 137.0
488, 625.0, 154.0
489, 653.0, 335.0
490, 472.0, 61.0
491, 485.0, 467.0
492, 289.0, 120.0
493, 99.0, 96.0
494, 568.0, 209.0
495, 384.0, 427.0
496, 68.0, 352.0
497, 528.0, 291.0
498, 345.0, 371.0
499, 648.0, 349.0
