0, 257.0, 83.0
1, 355.0, 166.0
2, 22.0, 70.0
3, 634.0, 161.0
4, 561.0, 52.0
5, 100.0, 203.0
6, 322.0, 225.0
7, 357.0, 154.0
8, 388.0, 164.0
9, 63.0, 163.0
10, 52.0, 166.0
11, 187.0, 123.0
12, 239.0, 188.0
13, 152.0, 179.0
14, 705.0, 316.0
15, 432.0, 143.0
16, 688.0, 147.0
17, 181.0, 107.0
18, 532.0, 83.0
19, 488.0, 94.0
20, 314.0, 23.0
21, 130.0, 79.0
22, 509.0, 95.0
23, 578.0, 28.0
24, 592.0, 47.0
25, 666.0, 72.0
26, 141.0, 69.0
27, 410.0, 134.0
28, 443.0, 112.0
29, 412.0, 152.0
30, 575.0, 145.0
31, 351.0, 24.0
32, 350.0, 36.0
33, 480.0, 126.0
34, 210.0, 28.0
35, 53.0, 158.0
36, 425.0, 79.0
37, 268.0, 94.0
38, 632.0, 51.0
39, 130.0, 185.0
40, 451.0, 73.0
41, 127.0, 161.0
42, 339.0, 25.0
43, 414.0, 98.0
44, 506.0, 121.0
45, 586.0, 143.0
46, 253.0, 186.0
47, 190.0, 78.0
48, 87.0, 184.0
49, 619.0, 137.0
50, 319.0, 162.0
51, 212.0, 137.0
52, 189.0, 168.0
53, 488.0, 110.0
54, 217.0, 145.0
55, 267.0, 182.0
56, 345.0, 113.0
57, 121.0, 176.0
58, 468.0, 128.0
59, 514.0, 60.0
60, 231.0, 144.0
61, 243.0, 167.0
62, 322.0, 87.0
63, 375.0, 40.0
64, 475.0, 75.0
65, 511.0, 81.0
66, 183.0, 89.0
67, 73.0, 203.0
68, 235.0, 28.0
69, 633.0, 175.0
70, 326.0, 11.0
71, 444.0, 141.0
72, 522.0, 39.0
73, 265.0, 167.0
74, 117.0, 154.0
75, 646.0, 17.0
76, 142.0, 194.0
77, 337.0, 10.0
78, 432.0, 111.0
79, 504.0, 161.0
80, 110.0, 81.0
81, 487.0, 138.0
82, 81.0, 172.0
83, 651.0, 149.0
84, 362.0, 24.0
85, 413.0, 118.0
86, 318.0, 124.0
87, 685.0, 52.0
88, 335.0, 112.0
89, 231.0, 204.0
90, 548.0, 110.0
91, 514.0, 70.0
92, 532.0, 158.0
93, 204.0, 202.0
94, 172.0, 207.0
95, 339.0, 35.0
96, 399.0, 44.0
97, 331.0, 167.0
98, 159.0, 78.0
99, 210.0, 58.0
100, 349.0, 9.0
101, 563.0, 34.0
102, 107.0, 141.0
103, 109.0, 35.0
104, 586.0, 9.0
105, 345.0, 142.0
106, 401.0, 90.0
107, 441.0, 16.0
108, 233.0, 82.0
109, 74.0, 219.0
110, 384.0, 90.0
111, 674.0, 147.0
112, 733.0, 70.0
113, 429.0, 69.0
114, 149.0, 58.0
115, 170.0, 59.0
116, 510.0, 240.0
117, 153.0, 95.0
118, 635.0, 143.0
119, 496.0, 108.0
120, 39.0, 122.0
121, 392.0, 105.0
122, 325.0, 104.0
123, 599.0, 116.0
124, 137.0, 170.0
125, 720.0, 157.0
126, 722.0, 236.0
127, 63.0, 220.0
128, 97.0, 189.0
129, 79.0, 109.0
130, 265.0, 65.0
131, 720.0, 103.0
132, 526.0, 364.0
133, 59.0, 54.0
134, 440.0, 70.0
135, 375.0, 52.0
136, 173.0, 155.0
137, 204.0, 112.0
138, 717.0, 315.0
139, 422.0, 91.0
140, 174.0, 118.0
141, 510.0, 109.0
142, 607.0, 184.0
143, 374.0, 191.0
144, 356.0, 119.0
145, 169.0, 191.0
146, 50.0, 380.0
147, 496.0, 100.0
148, 347.0, 89.0
149, 685.0, 37.0
150, 521.0, 174.0
151, 706.0, 242.0
152, 340.0, 46.0
153, 384.0, 127.0
154, 186.0, 202.0
155, 431.0, 18.0
156, 164.0, 108.0
157, 610.0, 42.0
158, 199.0, 124.0
159, 404.0, 164.0
160, 128.0, 143.0
161, 97.0, 127.0
162, 102.0, 134.0
163, 114.0, 201.0
164, 455.0, 168.0
165, 243.0, 217.0
166, 285.0, 24.0
167, 446.0, 58.0
168, 20.0, 122.0
169, 461.0, 275.0
170, 432.0, 159.0
171, 330.0, 49.0
172, 533.0, 114.0
173, 444.0, 126.0
174, 58.0, 124.0
175, 204.0, 80.0
176, 433.0, 125.0
177, 731.0, 89.0
178, 539.0, 44.0
179, 95.0, 113.0
180, 24.0, 85.0
181, 623.0, 422.0
182, 573.0, 262.0
183, 85.0, 32.0
184, 253.0, 58.0
185, 395.0, 259.0
186, 467.0, 111.0
187, 722.0, 147.0
188, 307.0, 41.0
189, 220.0, 80.0
190, 391.0, 97.0
191, 458.0, 187.0
192, 669.0, 9.0
193, 414.0, 190.0
194, 384.0, 111.0
195, 36.0, 188.0
196, 365.0, 214.0
197, 453.0, 110.0
198, 663.0, 299.0
199, 53.0, 197.0
200, 310.0, 186.0
201, 533.0, 74.0
202, 233.0, 13.0
203, 524.0, 109.0
204, 162.0, 88.0
205, 729.0, 223.0
206, 271.0, 52.0
207, 42.0, 21.0
208, 369.0, 158.0
209, 141.0, 87.0
210, 97.0, 152.0
211, 208.0, 147.0
212, 401.0, 134.0
213, 164.0, 196.0
214, 698.0, 41.0
215, 145.0, 186.0
216, 307.0, 92.0
217, 146.0, 39.0
218, 8.0, 154.0
219, 712.0, 147.0
220, 677.0, 124.0
221, 737.0, 204.0
222, 329.0, 41.0
223, 404.0, 188.0
224, 455.0, 142.0
225, 215.0, 97.0
226, 666.0, 339.0
227, 740.0, 124.0
228, 211.0, 105.0
229, 555.0, 269.0
230, 10.0, 194.0
231, 200.0, 71.0
232, 618.0, 180.0
233, 617.0, 119.0
234, 98.0, 178.0
235, 349.0, 182.0
236, 251.0, 44.0
237, 484.0, 165.0
238, 68.0, 189.0
239, 539.0, 33.0
240, 16.0, 179.0
241, 298.0, 114.0
242, 695.0, 71.0
243, 48.0, 221.0
244, 358.0, 49.0
245, 45.0, 88.0
246, 283.0, 190.0
247, 75.0, 134.0
248, 718.0, 113.0
249, 137.0, 158.0
250, 337.0, 280.0
251, 607.0, 202.0
252, 709.0, 157.0
253, 454.0, 156.0
254, 129.0, 35.0
255, 525.0, 90.0
256, 402.0, 78.0
257, 580.0, 114.0
258, 118.0, 213.0
259, 175.0, 130.0
260, 313.0, 51.0
261, 139.0, 180.0
262, 565.0, 156.0
263, 687.0, 62.0
264, 366.0, 180.0
265, 354.0, 132.0
266, 594.0, 141.0
267, 591.0, 72.0
268, 248.0, 19.0
269, 529.0, 95.0
270, 178.0, 172.0
271, 558.0, 127.0
272, 95.0, 371.0
273, 446.0, 33.0
274, 626.0, 66.0
275, 326.0, 177.0
276, 205.0, 92.0
277, 28.0, 225.0
278, 25.0, 54.0
279, 288.0, 44.0
280, 556.0, 135.0
281, 488.0, 79.0
282, 685.0, 390.0
283, 443.0, 49.0
284, 493.0, 177.0
285, 668.0, 83.0
286, 404.0, 145.0
287, 196.0, 115.0
288, 421.0, 111.0
289, 191.0, 50.0
290, 655.0, 113.0
291, 465.0, 152.0
292, 306.0, 12.0
293, 510.0, 386.0
294, 498.0, 385.0
295, 578.0, 72.0
296, 641.0, 115.0
297, 232.0, 119.0
298, 50.0, 109.0
299, 606.0, 139.0
300, 593.0, 25.0
301, 206.0, 132.0
302, 692.0, 87.0
303, 667.0, 130.0
304, 469.0, 85.0
305, 8.0, 89.0
306, 112.0, 169.0
307, 143.0, 95.0
308, 676.0, 419.0
309, 663.0, 24.0
310, 431.0, 49.0
311, 235.0, 68.0
312, 339.0, 62.0
313, 429.0, 171.0
314, 127.0, 196.0
315, 87.0, 96.0
316, 422.0, 124.0
317, 725.0, 125.0
318, 618.0, 197.0
319, 568.0, 62.0
320, 19.0, 391.0
321, 44.0, 65.0
322, 469.0, 95.0
323, 645.0, 159.0
324, 517.0, 11.0
325, 670.0, 161.0
326, 672.0, 36.0
327, 614.0, 33.0
328, 307.0, 229.0
329, 365.0, 142.0
330, 456.0, 96.0
331, 282.0, 236.0
332, 554.0, 162.0
333, 398.0, 66.0
334, 134.0, 148.0
335, 307.0, 179.0
336, 326.0, 24.0
337, 147.0, 142.0
338, 647.0, 92.0
339, 225.0, 85.0
340, 152.0, 152.0
341, 147.0, 167.0
342, 151.0, 128.0
343, 160.0, 146.0
344, 516.0, 230.0
345, 722.0, 334.0
346, 499.0, 224.0
347, 561.0, 109.0
348, 242.0, 130.0
349, 604.0, 8.0
350, 331.0, 74.0
351, 390.0, 212.0
352, 591.0, 60.0
353, 678.0, 42.0
354, 666.0, 114.0
355, 395.0, 127.0
356, 349.0, 48.0
357, 579.0, 98.0
358, 562.0, 168.0
359, 465.0, 167.0
360, 339.0, 129.0
361, 510.0, 251.0
362, 493.0, 66.0
363, 696.0, 288.0
364, 387.0, 295.0
365, 631.0, 450.0
366, 377.0, 99.0
367, 293.0, 70.0
368, 421.0, 134.0
369, 434.0, 81.0
370, 606.0, 396.0
371, 378.0, 147.0
372, 376.0, 213.0
373, 191.0, 130.0
374, 366.0, 169.0
375, 517.0, 132.0
376, 649.0, 369.0
377, 528.0, 19.0
378, 74.0, 371.0
379, 54.0, 29.0
380, 401.0, 118.0
381, 73.0, 159.0
382, 116.0, 15.0
383, 285.0, 132.0
384, 252.0, 74.0
385, 506.0, 211.0
386, 26.0, 203.0
387, 218.0, 72.0
388, 257.0, 94.0
389, 595.0, 151.0
390, 203.0, 40.0
391, 181.0, 75.0
392, 400.0, 55.0
393, 440.0, 93.0
394, 444.0, 285.0
395, 308.0, 292.0
396, 720.0, 87.0
397, 194.0, 175.0
398, 321.0, 51.0
399, 304.0, 124.0
400, 614.0, 439.0
401, 700.0, 364.0
402, 161.0, 208.0
403, 334.0, 99.0
404, 679.0, 317.0
405, 100.0, 216.0
406, 543.0, 146.0
407, 352.0, 264.0
408, 228.0, 219.0
409, 719.0, 167.0
410, 359.0, 8.0
411, 715.0, 124.0
412, 608.0, 451.0
413, 80.0, 153.0
414, 451.0, 271.0
415, 248.0, 150.0
416, 681.0, 407.0
417, 634.0, 401.0
418, 280.0, 63.0
419, 435.0, 93.0
420, 156.0, 163.0
421, 49.0, 212.0
422, 19.0, 158.0
423, 246.0, 116.0
424, 521.0, 24.0
425, 394.0, 78.0
426, 493.0, 11.0
427, 16.0, 102.0
428, 414.0, 104.0
429, 371.0, 148.0
430, 223.0, 136.0
431, 466.0, 139.0
432, 290.0, 204.0
433, 570.0, 117.0
434, 240.0, 17.0
435, 287.0, 88.0
436, 519.0, 185.0
437, 386.0, 75.0
438, 486.0, 146.0
439, 377.0, 121.0
440, 77.0, 67.0
441, 238.0, 197.0
442, 697.0, 17.0
443, 522.0, 464.0
444, 169.0, 176.0
445, 350.0, 314.0
446, 358.0, 142.0
447, 585.0, 150.0
448, 475.0, 37.0
449, 41.0, 54.0
450, 192.0, 90.0
451, 538.0, 103.0
452, 21.0, 293.0
453, 221.0, 105.0
454, 355.0, 205.0
455, 39.0, 168.0
456, 631.0, 32.0
457, 374.0, 85.0
458, 675.0, 64.0
459, 333.0, 223.0
460, 565.0, 146.0
461, 373.0, 168.0
462, 187.0, 19.0
463, 91.0, 55.0
464, 572.0, 126.0
465, 550.0, 151.0
466, 527.0, 385.0
467, 529.0, 46.0
468, 146.0, 156.0
469, 224.0, 96.0
470, 705.0, 353.0
471, 86.0, 88.0
472, 662.0, 42.0
473, 306.0, 30.0
474, 443.0, 159.0
475, 365.0, 89.0
476, 350.0, 221.0
477, 181.0, 183.0
478, 416.0, 277.0
479, 328.0, 318.0
480, 253.0, 175.0
481, 380.0, 161.0
482, 127.0, 111.0
483, 318.0, 73.0
484, 671.0, 432.0
485, 267.0, 39.0
486, 599.0, 101.0
487, 335.0, 88.0
488, 379.0, 170.0
489, 710.0, 231.0
490, 514.0, 119.0
491, 385.0, 47.0
492, 195.0, 156.0
493, 99.0, 361.0
494, 727.0, 116.0
495, 528.0, 210.0
496, 439.0, 186.0
497, 102.0, 49.0
498, 630.0, 38.0
499, 196.0, 20.0
