0, 480.0, 397.0
1, 273.0, 250.0
2, 346.0, 188.0
3, 172.0, 241.0
4, 376.0, 186.0
5, 417.0, 263.0
6, 153.0, 251.0
7, 312.0, 243.0
8, 158.0, 456.0
9, 563.0, 353.0
10, 264.0, 195.0
11, 226.0, 165.0
12, 109.0, 205.0
13, 268.0, 175.0
14, 78.0, 360.0
15, 509.0, 328.0
16, 561.0, 326.0
17, 458.0, 150.0
18, 445.0, 304.0
19, 308.0, 177.0
20, 640.0, 317.0
21, 390.0, 336.0
22, 272.0, 193.0
23, 124.0, 196.0
24, 573.0, 323.0
25, 269.0, 60.0
26, 542.0, 170.0
27, 299.0, 157.0
28, 136.0, 194.0
29, 131.0, 209.0
30, 285.0, 77.0
31, 352.0, 201.0
32, 316.0, 339.0
33, 236.0, 148.0
34, 308.0, 76.0
35, 479.0, 109.0
36, 353.0, 284.0
37, 555.0, 420.0
38, 434.0, 320.0
39, 284.0, 253.0
40, 477.0, 134.0
41, 407.0, 278.0
42, 562.0, 361.0
43, 117.0, 423.0
44, 316.0, 91.0
45, 227.0, 178.0
46, 561.0, 375.0
47, 502.0, 208.0
48, 279.0, 264.0
49, 96.0, 249.0
50, 230.0, 132.0
51, 659.0, 376.0
52, 342.0, 63.0
53, 312.0, 58.0
54, 312.0, 47.0
55, 243.0, 177.0
56, 285.0, 203.0
57, 384.0, 195.0
58, 551.0, 109.0
59, 384.0, 228.0
60, 515.0, 362.0
61, 358.0, 144.0
62, 296.0, 171.0
63, 406.0, 245.0
64, 115.0, 232.0
65, 131.0, 348.0
66, 475.0, 152.0
67, 544.0, 156.0
68, 269.0, 107.0
69, 296.0, 208.0
70, 310.0, 111.0
71, 336.0, 243.0
72, 580.0, 380.0
73, 607.0, 401.0
74, 368.0, 408.0
75, 688.0, 142.0
76, 172.0, 350.0
77, 252.0, 197.0
78, 386.0, 219.0
79, 401.0, 205.0
80, 547.0, 136.0
81, 582.0, 359.0
82, 557.0, 171.0
83, 347.0, 108.0
84, 617.0, 373.0
85, 332.0, 319.0
86, 91.0, 399.0
87, 260.0, 324.0
88, 353.0, 168.0
89, 353.0, 64.0
90, 654.0, 318.0
91, 349.0, 346.0
92, 132.0, 154.0
93, 587.0, 297.0
94, 419.0, 324.0
95, 58.0, 229.0
96, 283.0, 188.0
97, 718.0, 182.0
98, 530.0, 328.0
99, 683.0, 256.0
100, 265.0, 391.0
101, 373.0, 200.0
102, 364.0, 192.0
103, 370.0, 345.0
104, 552.0, 287.0
105, 331.0, 383.0
106, 162.0, 219.0
107, 376.0, 275.0
108, 551.0, 410.0
109, 336.0, 465.0
110, 523.0, 409.0
111, 400.0, 221.0
112, 388.0, 321.0
113, 637.0, 421.0
114, 631.0, 388.0
115, 624.0, 261.0
116, 295.0, 200.0
117, 198.0, 175.0
118, 641.0, 297.0
119, 67.0, 254.0
120, 511.0, 385.0
121, 590.0, 183.0
122, 371.0, 216.0
123, 140.0, 215.0
124, 261.0, 334.0
125, 307.0, 213.0
126, 657.0, 179.0
127, 328.0, 88.0
128, 426.0, 184.0
129, 337.0, 263.0
130, 51.0, 244.0
131, 207.0, 246.0
132, 329.0, 231.0
133, 265.0, 116.0
134, 316.0, 470.0
135, 696.0, 464.0
136, 417.0, 281.0
137, 493.0, 403.0
138, 580.0, 335.0
139, 273.0, 202.0
140, 533.0, 317.0
141, 62.0, 378.0
142, 666.0, 163.0
143, 50.0, 37.0
144, 462.0, 356.0
145, 69.0, 191.0
146, 476.0, 431.0
147, 129.0, 143.0
148, 663.0, 267.0
149, 250.0, 417.0
150, 459.0, 134.0
151, 324.0, 121.0
152, 328.0, 306.0
153, 369.0, 289.0
154, 349.0, 81.0
155, 341.0, 18.0
156, 306.0, 134.0
157, 105.0, 420.0
158, 681.0, 165.0
159, 114.0, 221.0
160, 19.0, 211.0
161, 366.0, 306.0
162, 460.0, 110.0
163, 146.0, 158.0
164, 68.0, 366.0
165, 63.0, 48.0
166, 541.0, 370.0
167, 315.0, 162.0
168, 296.0, 71.0
169, 491.0, 376.0
170, 381.0, 265.0
171, 497.0, 449.0
172, 26.0, 247.0
173, 322.0, 368.0
174, 413.0, 404.0
175, 472.0, 350.0
176, 56.0, 298.0
177, 196.0, 244.0
178, 332.0, 355.0
179, 467.0, 330.0
180, 374.0, 371.0
181, 83.0, 388.0
182, 415.0, 389.0
183, 117.0, 470.0
184, 341.0, 312.0
185, 317.0, 349.0
186, 418.0, 376.0
187, 260.0, 132.0
188, 375.0, 333.0
189, 616.0, 337.0
190, 82.0, 405.0
191, 251.0, 144.0
192, 618.0, 454.0
193, 148.0, 289.0
194, 352.0, 214.0
195, 733.0, 282.0
196, 293.0, 135.0
197, 115.0, 350.0
198, 586.0, 306.0
199, 73.0, 278.0
200, 463.0, 84.0
201, 165.0, 197.0
202, 284.0, 92.0
203, 373.0, 226.0
204, 541.0, 272.0
205, 188.0, 401.0
206, 135.0, 414.0
207, 347.0, 177.0
208, 652.0, 453.0
209, 426.0, 199.0
210, 674.0, 436.0
211, 658.0, 426.0
212, 340.0, 119.0
213, 268.0, 274.0
214, 254.0, 61.0
215, 698.0, 342.0
216, 407.0, 327.0
217, 350.0, 297.0
218, 342.0, 96.0
219, 567.0, 138.0
220, 364.0, 169.0
221, 82.0, 242.0
222, 551.0, 320.0
223, 375.0, 311.0
224, 603.0, 386.0
225, 154.0, 189.0
226, 384.0, 251.0
227, 397.0, 421.0
228, 283.0, 172.0
229, 542.0, 179.0
230, 295.0, 220.0
231, 311.0, 19.0
232, 57.0, 9.0
233, 521.0, 423.0
234, 327.0, 292.0
235, 645.0, 373.0
236, 403.0, 369.0
237, 324.0, 263.0
238, 84.0, 163.0
239, 348.0, 118.0
240, 141.0, 261.0
241, 120.0, 210.0
242, 132.0, 229.0
243, 45.0, 302.0
244, 465.0, 366.0
245, 682.0, 468.0
246, 393.0, 296.0
247, 396.0, 332.0
248, 315.0, 257.0
249, 473.0, 162.0
250, 734.0, 66.0
251, 364.0, 92.0
252, 98.0, 294.0
253, 140.0, 245.0
254, 575.0, 401.0
255, 501.0, 352.0
256, 275.0, 297.0
257, 468.0, 13.0
258, 45.0, 257.0
259, 417.0, 303.0
260, 172.0, 444.0
261, 576.0, 293.0
262, 391.0, 240.0
263, 654.0, 467.0
264, 617.0, 396.0
265, 300.0, 231.0
266, 406.0, 349.0
267, 538.0, 388.0
268, 670.0, 141.0
269, 411.0, 110.0
270, 590.0, 361.0
271, 395.0, 109.0
272, 363.0, 452.0
273, 627.0, 66.0
274, 592.0, 445.0
275, 134.0, 78.0
276, 128.0, 435.0
277, 403.0, 259.0
278, 315.0, 132.0
279, 339.0, 79.0
280, 588.0, 351.0
281, 378.0, 424.0
282, 378.0, 169.0
283, 394.0, 457.0
284, 481.0, 360.0
285, 431.0, 270.0
286, 326.0, 446.0
287, 169.0, 325.0
288, 16.0, 319.0
289, 490.0, 429.0
290, 535.0, 406.0
291, 295.0, 462.0
292, 395.0, 131.0
293, 295.0, 102.0
294, 572.0, 416.0
295, 626.0, 375.0
296, 274.0, 463.0
297, 67.0, 73.0
298, 148.0, 235.0
299, 364.0, 206.0
300, 258.0, 299.0
301, 113.0, 447.0
302, 255.0, 163.0
303, 590.0, 286.0
304, 292.0, 287.0
305, 709.0, 231.0
306, 199.0, 74.0
307, 483.0, 12.0
308, 293.0, 471.0
309, 26.0, 346.0
310, 724.0, 168.0
311, 299.0, 90.0
312, 198.0, 64.0
313, 486.0, 27.0
314, 300.0, 17.0
315, 566.0, 279.0
316, 83.0, 30.0
317, 84.0, 317.0
318, 256.0, 287.0
319, 521.0, 470.0
320, 425.0, 167.0
321, 105.0, 464.0
322, 664.0, 453.0
323, 393.0, 470.0
324, 525.0, 398.0
325, 705.0, 142.0
326, 107.0, 328.0
327, 265.0, 88.0
328, 88.0, 438.0
329, 122.0, 451.0
330, 574.0, 365.0
331, 306.0, 273.0
332, 400.0, 52.0
333, 127.0, 178.0
334, 115.0, 460.0
335, 621.0, 409.0
336, 358.0, 368.0
337, 334.0, 277.0
338, 406.0, 337.0
339, 253.0, 308.0
340, 349.0, 405.0
341, 137.0, 464.0
342, 25.0, 223.0
343, 31.0, 40.0
344, 216.0, 155.0
345, 264.0, 208.0
346, 512.0, 200.0
347, 357.0, 129.0
348, 326.0, 179.0
349, 504.0, 435.0
350, 91.0, 380.0
351, 126.0, 385.0
352, 339.0, 437.0
353, 438.0, 199.0
354, 166.0, 255.0
355, 295.0, 269.0
356, 726.0, 297.0
357, 220.0, 465.0
358, 411.0, 182.0
359, 399.0, 234.0
360, 394.0, 264.0
361, 527.0, 12.0
362, 327.0, 408.0
363, 359.0, 264.0
364, 411.0, 167.0
365, 506.0, 415.0
366, 251.0, 322.0
367, 286.0, 297.0
368, 88.0, 337.0
369, 377.0, 302.0
370, 481.0, 379.0
371, 230.0, 260.0
372, 547.0, 359.0
373, 559.0, 21.0
374, 435.0, 229.0
375, 640.0, 402.0
376, 634.0, 458.0
377, 601.0, 273.0
378, 320.0, 269.0
379, 564.0, 157.0
380, 285.0, 311.0
381, 276.0, 114.0
382, 336.0, 341.0
383, 655.0, 188.0
384, 38.0, 72.0
385, 177.0, 376.0
386, 107.0, 383.0
387, 527.0, 449.0
388, 274.0, 310.0
389, 631.0, 443.0
390, 657.0, 302.0
391, 331.0, 130.0
392, 138.0, 103.0
393, 431.0, 397.0
394, 96.0, 364.0
395, 556.0, 235.0
396, 354.0, 93.0
397, 657.0, 436.0
398, 263.0, 259.0
399, 283.0, 386.0
400, 440.0, 168.0
401, 190.0, 287.0
402, 668.0, 239.0
403, 380.0, 360.0
404, 151.0, 352.0
405, 64.0, 242.0
406, 523.0, 282.0
407, 32.0, 383.0
408, 523.0, 385.0
409, 185.0, 382.0
410, 481.0, 83.0
411, 394.0, 147.0
412, 461.0, 171.0
413, 540.0, 423.0
414, 332.0, 62.0
415, 641.0, 463.0
416, 244.0, 75.0
417, 583.0, 324.0
418, 431.0, 257.0
419, 473.0, 172.0
420, 424.0, 238.0
421, 242.0, 206.0
422, 394.0, 399.0
423, 262.0, 342.0
424, 419.0, 86.0
425, 88.0, 422.0
426, 241.0, 270.0
427, 66.0, 392.0
428, 442.0, 387.0
429, 338.0, 165.0
430, 352.0, 356.0
431, 34.0, 302.0
432, 351.0, 432.0
433, 435.0, 455.0
434, 257.0, 242.0
435, 739.0, 196.0
436, 280.0, 213.0
437, 253.0, 336.0
438, 71.0, 311.0
439, 561.0, 215.0
440, 456.0, 437.0
441, 319.0, 214.0
442, 487.0, 438.0
443, 9.0, 286.0
444, 467.0, 26.0
445, 610.0, 233.0
446, 441.0, 442.0
447, 554.0, 368.0
448, 211.0, 175.0
449, 553.0, 81.0
450, 161.0, 314.0
451, 671.0, 414.0
452, 355.0, 184.0
453, 284.0, 115.0
454, 177.0, 167.0
455, 527.0, 177.0
456, 279.0, 138.0
457, 320.0, 320.0
458, 164.0, 161.0
459, 122.0, 8.0
460, 451.0, 326.0
461, 14.0, 252.0
462, 387.0, 390.0
463, 74.0, 36.0
464, 417.0, 241.0
465, 366.0, 184.0
466, 355.0, 252.0
467, 337.0, 191.0
468, 146.0, 444.0
469, 451.0, 394.0
470, 174.0, 279.0
471, 665.0, 254.0
472, 168.0, 214.0
473, 34.0, 270.0
474, 334.0, 216.0
475, 357.0, 415.0
476, 97.0, 206.0
477, 391.0, 163.0
478, 415.0, 198.0
479, 297.0, 183.0
480, 363.0, 72.0
481, 279.0, 227.0
482, 43.0, 405.0
483, 263.0, 362.0
484, 675.0, 202.0
485, 92.0, 183.0
486, 330.0, 75.0
487, 556.0, 179.0
488, 248.0, 386.0
489, 408.0, 195.0
490, 703.0, 166.0
491, 659.0, 288.0
492, 51.0, 273.0
493, 104.0, 433.0
494, 207.0, 405.0
495, 548.0, 309.0
496, 337.0, 179.0
497, 168.0, 395.0
498, 572.0, 110.0
499, 706.0, 109.0
