0, 544.0, 164.0
1, 289.0, 90.0
2, 506.0, 131.0
3, 341.0, 313.0
4, 497.0, 133.0
5, 590.0, 236.0
6, 237.0, 236.0
7, 575.0, 147.0
8, 597.0, 416.0
9, 392.0, 403.0
10, 235.0, 252.0
11, 504.0, 446.0
12, 650.0, 358.0
13, 308.0, 176.0
14, 176.0, 447.0
15, 168.0, 277.0
16, 286.0, 243.0
17, 322.0, 274.0
18, 505.0, 120.0
19, 137.0, 364.0
20, 365.0, 29.0
21, 215.0, 200.0
22, 252.0, 216.0
23, 280.0, 14.0
24, 553.0, 389.0
25, 507.0, 211.0
26, 481.0, 438.0
27, 50.0, 409.0
28, 525.0, 297.0
29, 274.0, 185.0
30, 627.0, 244.0
31, 340.0, 278.0
32, 488.0, 423.0
33, 579.0, 314.0
34, 150.0, 416.0
35, 268.0, 290.0
36, 212.0, 183.0
37, 366.0, 13.0
38, 364.0, 293.0
39, 515.0, 197.0
40, 358.0, 139.0
41, 271.0, 155.0
42, 648.0, 314.0
43, 613.0, 287.0
44, 108.0, 228.0
45, 277.0, 251.0
46, 610.0, 355.0
47, 398.0, 426.0
48, 49.0, 420.0
49, 543.0, 257.0
50, 698.0, 177.0
51, 312.0, 270.0
52, 305.0, 471.0
53, 296.0, 150.0
54, 373.0, 272.0
55, 239.0, 208.0
56, 691.0, 12.0
57, 395.0, 441.0
58, 643.0, 283.0
59, 558.0, 279.0
60, 166.0, 263.0
61, 643.0, 68.0
62, 556.0, 248.0
63, 581.0, 247.0
64, 647.0, 58.0
65, 96.0, 232.0
66, 228.0, 286.0
67, 520.0, 305.0
68, 519.0, 252.0
69, 308.0, 161.0
70, 552.0, 334.0
71, 592.0, 350.0
72, 253.0, 244.0
73, 651.0, 436.0
74, 567.0, 314.0
75, 182.0, 22.0
76, 348.0, 228.0
77, 309.0, 281.0
78, 131.0, 400.0
79, 137.0, 236.0
80, 374.0, 159.0
81, 234.0, 323.0
82, 111.0, 243.0
83, 212.0, 136.0
84, 519.0, 347.0
85, 503.0, 186.0
86, 283.0, 152.0
87, 313.0, 314.0
88, 134.0, 409.0
89, 604.0, 227.0
90, 707.0, 93.0
91, 291.0, 299.0
92, 708.0, 24.0
93, 533.0, 394.0
94, 351.0, 320.0
95, 383.0, 397.0
96, 633.0, 58.0
97, 603.0, 374.0
98, 303.0, 223.0
99, 279.0, 286.0
100, 277.0, 277.0
101, 162.0, 244.0
102, 181.0, 398.0
103, 581.0, 176.0
104, 361.0, 194.0
105, 253.0, 231.0
106, 136.0, 353.0
107, 374.0, 290.0
108, 499.0, 40.0
109, 319.0, 356.0
110, 154.0, 281.0
111, 568.0, 130.0
112, 169.0, 421.0
113, 517.0, 282.0
114, 242.0, 28.0
115, 650.0, 25.0
116, 620.0, 440.0
117, 26.0, 460.0
118, 124.0, 284.0
119, 69.0, 398.0
120, 479.0, 467.0
121, 737.0, 96.0
122, 350.0, 85.0
123, 160.0, 393.0
124, 491.0, 193.0
125, 500.0, 160.0
126, 611.0, 425.0
127, 276.0, 29.0
128, 264.0, 277.0
129, 551.0, 218.0
130, 132.0, 342.0
131, 150.0, 365.0
132, 659.0, 312.0
133, 289.0, 353.0
134, 127.0, 328.0
135, 164.0, 407.0
136, 215.0, 10.0
137, 594.0, 339.0
138, 116.0, 77.0
139, 276.0, 86.0
140, 323.0, 219.0
141, 710.0, 11.0
142, 493.0, 106.0
143, 346.0, 378.0
144, 373.0, 147.0
145, 142.0, 396.0
146, 137.0, 79.0
147, 174.0, 219.0
148, 649.0, 260.0
149, 160.0, 470.0
150, 674.0, 319.0
151, 596.0, 211.0
152, 274.0, 198.0
153, 146.0, 350.0
154, 543.0, 274.0
155, 502.0, 104.0
156, 150.0, 234.0
157, 142.0, 200.0
158, 299.0, 57.0
159, 192.0, 48.0
160, 84.0, 401.0
161, 166.0, 381.0
162, 626.0, 49.0
163, 322.0, 196.0
164, 616.0, 297.0
165, 51.0, 470.0
166, 54.0, 18.0
167, 577.0, 455.0
168, 216.0, 214.0
169, 621.0, 14.0
170, 528.0, 194.0
171, 152.0, 433.0
172, 54.0, 374.0
173, 312.0, 303.0
174, 352.0, 96.0
175, 384.0, 448.0
176, 576.0, 302.0
177, 146.0, 220.0
178, 577.0, 82.0
179, 444.0, 441.0
180, 364.0, 384.0
181, 162.0, 174.0
182, 689.0, 25.0
183, 566.0, 326.0
184, 331.0, 229.0
185, 629.0, 343.0
186, 358.0, 150.0
187, 573.0, 260.0
188, 522.0, 327.0
189, 201.0, 68.0
190, 650.0, 342.0
191, 345.0, 167.0
192, 526.0, 404.0
193, 125.0, 239.0
194, 507.0, 289.0
195, 330.0, 470.0
196, 463.0, 414.0
197, 576.0, 337.0
198, 644.0, 297.0
199, 664.0, 96.0
200, 513.0, 336.0
201, 131.0, 19.0
202, 161.0, 215.0
203, 347.0, 38.0
204, 118.0, 225.0
205, 142.0, 423.0
206, 227.0, 20.0
207, 326.0, 265.0
208, 358.0, 173.0
209, 488.0, 385.0
210, 238.0, 47.0
211, 594.0, 267.0
212, 91.0, 80.0
213, 265.0, 212.0
214, 562.0, 219.0
215, 472.0, 451.0
216, 590.0, 131.0
217, 194.0, 21.0
218, 607.0, 215.0
219, 561.0, 268.0
220, 344.0, 159.0
221, 286.0, 367.0
222, 452.0, 434.0
223, 23.0, 389.0
224, 80.0, 395.0
225, 505.0, 23.0
226, 343.0, 187.0
227, 77.0, 327.0
228, 343.0, 458.0
229, 477.0, 424.0
230, 182.0, 467.0
231, 156.0, 196.0
232, 267.0, 23.0
233, 562.0, 411.0
234, 653.0, 15.0
235, 204.0, 404.0
236, 218.0, 226.0
237, 465.0, 323.0
238, 565.0, 146.0
239, 681.0, 249.0
240, 640.0, 357.0
241, 560.0, 348.0
242, 155.0, 403.0
243, 534.0, 410.0
244, 272.0, 42.0
245, 563.0, 468.0
246, 377.0, 305.0
247, 486.0, 135.0
248, 536.0, 357.0
249, 371.0, 110.0
250, 612.0, 133.0
251, 661.0, 165.0
252, 520.0, 368.0
253, 689.0, 214.0
254, 223.0, 243.0
255, 511.0, 235.0
256, 679.0, 176.0
257, 372.0, 170.0
258, 142.0, 337.0
259, 93.0, 397.0
260, 648.0, 235.0
261, 681.0, 451.0
262, 596.0, 438.0
263, 611.0, 45.0
264, 630.0, 328.0
265, 320.0, 74.0
266, 630.0, 406.0
267, 202.0, 164.0
268, 545.0, 430.0
269, 591.0, 15.0
270, 358.0, 39.0
271, 593.0, 447.0
272, 359.0, 332.0
273, 277.0, 299.0
274, 234.0, 221.0
275, 611.0, 35.0
276, 359.0, 163.0
277, 655.0, 283.0
278, 163.0, 231.0
279, 100.0, 258.0
280, 93.0, 290.0
281, 251.0, 276.0
282, 606.0, 122.0
283, 361.0, 181.0
284, 342.0, 469.0
285, 138.0, 323.0
286, 340.0, 96.0
287, 656.0, 326.0
288, 464.0, 427.0
289, 335.0, 324.0
290, 330.0, 245.0
291, 101.0, 80.0
292, 254.0, 287.0
293, 732.0, 82.0
294, 183.0, 34.0
295, 583.0, 220.0
296, 516.0, 39.0
297, 328.0, 67.0
298, 134.0, 221.0
299, 49.0, 357.0
300, 319.0, 173.0
301, 34.0, 186.0
302, 563.0, 337.0
303, 626.0, 421.0
304, 481.0, 355.0
305, 320.0, 291.0
306, 116.0, 449.0
307, 112.0, 167.0
308, 272.0, 170.0
309, 621.0, 272.0
310, 349.0, 340.0
311, 132.0, 310.0
312, 532.0, 173.0
313, 301.0, 199.0
314, 87.0, 268.0
315, 294.0, 286.0
316, 585.0, 325.0
317, 308.0, 40.0
318, 452.0, 457.0
319, 296.0, 459.0
320, 532.0, 39.0
321, 546.0, 445.0
322, 109.0, 205.0
323, 537.0, 429.0
324, 175.0, 459.0
325, 333.0, 284.0
326, 125.0, 372.0
327, 554.0, 111.0
328, 288.0, 332.0
329, 110.0, 87.0
330, 597.0, 162.0
331, 259.0, 114.0
332, 23.0, 99.0
333, 91.0, 211.0
334, 539.0, 463.0
335, 301.0, 358.0
336, 524.0, 121.0
337, 98.0, 385.0
338, 285.0, 166.0
339, 344.0, 52.0
340, 100.0, 245.0
341, 542.0, 398.0
342, 511.0, 471.0
343, 259.0, 326.0
344, 167.0, 81.0
345, 357.0, 59.0
346, 231.0, 30.0
347, 509.0, 156.0
348, 90.0, 361.0
349, 37.0, 90.0
350, 13.0, 270.0
351, 449.0, 27.0
352, 128.0, 299.0
353, 303.0, 18.0
354, 503.0, 375.0
355, 686.0, 233.0
356, 666.0, 444.0
357, 539.0, 380.0
358, 359.0, 110.0
359, 276.0, 311.0
360, 154.0, 289.0
361, 516.0, 205.0
362, 516.0, 23.0
363, 720.0, 68.0
364, 560.0, 174.0
365, 291.0, 70.0
366, 233.0, 160.0
367, 93.0, 46.0
368, 154.0, 374.0
369, 130.0, 201.0
370, 677.0, 415.0
371, 300.0, 80.0
372, 511.0, 314.0
373, 536.0, 315.0
374, 505.0, 198.0
375, 343.0, 65.0
376, 297.0, 163.0
377, 471.0, 262.0
378, 621.0, 151.0
379, 90.0, 94.0
380, 98.0, 67.0
381, 515.0, 50.0
382, 50.0, 338.0
383, 376.0, 33.0
384, 205.0, 230.0
385, 151.0, 391.0
386, 485.0, 451.0
387, 737.0, 153.0
388, 373.0, 259.0
389, 302.0, 90.0
390, 673.0, 271.0
391, 212.0, 94.0
392, 696.0, 252.0
393, 527.0, 279.0
394, 41.0, 20.0
395, 642.0, 455.0
396, 280.0, 335.0
397, 418.0, 9.0
398, 480.0, 368.0
399, 301.0, 323.0
400, 616.0, 177.0
401, 468.0, 28.0
402, 398.0, 29.0
403, 555.0, 301.0
404, 533.0, 256.0
405, 138.0, 180.0
406, 171.0, 364.0
407, 251.0, 42.0
408, 701.0, 277.0
409, 184.0, 173.0
410, 101.0, 449.0
411, 651.0, 384.0
412, 341.0, 137.0
413, 320.0, 331.0
414, 34.0, 428.0
415, 323.0, 239.0
416, 685.0, 57.0
417, 178.0, 81.0
418, 538.0, 304.0
419, 446.0, 47.0
420, 256.0, 254.0
421, 68.0, 45.0
422, 182.0, 137.0
423, 494.0, 349.0
424, 225.0, 47.0
425, 315.0, 59.0
426, 572.0, 109.0
427, 342.0, 27.0
428, 576.0, 199.0
429, 713.0, 120.0
430, 534.0, 219.0
431, 226.0, 77.0
432, 307.0, 144.0
433, 136.0, 171.0
434, 340.0, 107.0
435, 470.0, 137.0
436, 483.0, 402.0
437, 187.0, 376.0
438, 301.0, 343.0
439, 625.0, 364.0
440, 444.0, 321.0
441, 603.0, 82.0
442, 417.0, 445.0
443, 86.0, 188.0
444, 619.0, 112.0
445, 211.0, 167.0
446, 498.0, 286.0
447, 371.0, 94.0
448, 270.0, 54.0
449, 628.0, 451.0
450, 671.0, 430.0
451, 121.0, 442.0
452, 228.0, 461.0
453, 158.0, 429.0
454, 585.0, 161.0
455, 372.0, 208.0
456, 496.0, 323.0
457, 522.0, 227.0
458, 468.0, 48.0
459, 671.0, 166.0
460, 79.0, 310.0
461, 52.0, 54.0
462, 374.0, 57.0
463, 174.0, 40.0
464, 540.0, 330.0
465, 146.0, 443.0
466, 361.0, 210.0
467, 198.0, 296.0
468, 41.0, 98.0
469, 101.0, 184.0
470, 611.0, 148.0
471, 531.0, 381.0
472, 270.0, 127.0
473, 15.0, 87.0
474, 718.0, 91.0
475, 463.0, 352.0
476, 319.0, 471.0
477, 260.0, 146.0
478, 62.0, 99.0
479, 548.0, 227.0
480, 666.0, 220.0
481, 327.0, 357.0
482, 172.0, 434.0
483, 529.0, 418.0
484, 490.0, 369.0
485, 637.0, 300.0
486, 509.0, 263.0
487, 676.0, 306.0
488, 58.0, 403.0
489, 431.0, 248.0
490, 651.0, 89.0
491, 431.0, 188.0
492, 581.0, 434.0
493, 630.0, 356.0
494, 491.0, 412.0
495, 59.0, 390.0
496, 517.0, 356.0
497, 11.0, 291.0
498, 396.0, 55.0
499, 145.0, 407.0
