0, 536.0, 260.0
1, 271.0, 242.0
2, 464.0, 362.0
3, 584.0, 75.0
4, 432.0, 445.0
5, 320.0, 134.0
6, 527.0, 329.0
7, 466.0, 351.0
8, 465.0, 67.0
9, 411.0, 181.0
10, 544.0, 140.0
11, 579.0, 443.0
12, 566.0, 354.0
13, 645.0, 245.0
14, 419.0, 105.0
15, 482.0, 458.0
16, 424.0, 455.0
17, 472.0, 376.0
18, 472.0, 128.0
19, 482.0, 136.0
20, 580.0, 385.0
21, 357.0, 236.0
22, 508.0, 344.0
23, 517.0, 258.0
24, 598.0, 224.0
25, 316.0, 303.0
26, 22.0, 261.0
27, 540.0, 351.0
28, 402.0, 287.0
29, 478.0, 338.0
30, 226.0, 356.0
31, 520.0, 393.0
32, 467.0, 142.0
33, 543.0, 153.0
34, 551.0, 284.0
35, 393.0, 100.0
36, 615.0, 162.0
37, 392.0, 46.0
38, 438.0, 386.0
39, 172.0, 240.0
40, 279.0, 343.0
41, 461.0, 397.0
42, 584.0, 431.0
43, 472.0, 405.0
44, 262.0, 255.0
45, 111.0, 264.0
46, 603.0, 358.0
47, 228.0, 340.0
48, 518.0, 371.0
49, 709.0, 143.0
50, 413.0, 276.0
51, 366.0, 250.0
52, 557.0, 117.0
53, 671.0, 386.0
54, 556.0, 128.0
55, 555.0, 170.0
56, 430.0, 128.0
57, 124.0, 28.0
58, 553.0, 369.0
59, 502.0, 64.0
60, 482.0, 325.0
61, 468.0, 166.0
62, 477.0, 208.0
63, 343.0, 319.0
64, 445.0, 429.0
65, 386.0, 299.0
66, 434.0, 228.0
67, 283.0, 248.0
68, 696.0, 142.0
69, 529.0, 236.0
70, 342.0, 307.0
71, 711.0, 247.0
72, 357.0, 141.0
73, 584.0, 108.0
74, 597.0, 439.0
75, 15.0, 244.0
76, 633.0, 379.0
77, 572.0, 412.0
78, 477.0, 417.0
79, 327.0, 312.0
80, 51.0, 323.0
81, 540.0, 116.0
82, 679.0, 370.0
83, 226.0, 123.0
84, 211.0, 319.0
85, 455.0, 465.0
86, 510.0, 278.0
87, 582.0, 95.0
88, 601.0, 212.0
89, 516.0, 219.0
90, 433.0, 399.0
91, 245.0, 350.0
92, 414.0, 47.0
93, 469.0, 39.0
94, 339.0, 233.0
95, 635.0, 35.0
96, 470.0, 218.0
97, 358.0, 206.0
98, 629.0, 179.0
99, 297.0, 243.0
100, 538.0, 364.0
101, 479.0, 248.0
102, 523.0, 339.0
103, 568.0, 109.0
104, 573.0, 337.0
105, 34.0, 242.0
106, 440.0, 189.0
107, 361.0, 191.0
108, 723.0, 249.0
109, 417.0, 429.0
110, 327.0, 248.0
111, 684.0, 356.0
112, 402.0, 12.0
113, 314.0, 85.0
114, 320.0, 144.0
115, 187.0, 256.0
116, 501.0, 288.0
117, 376.0, 294.0
118, 321.0, 104.0
119, 513.0, 332.0
120, 212.0, 228.0
121, 701.0, 352.0
122, 555.0, 142.0
123, 227.0, 330.0
124, 164.0, 225.0
125, 571.0, 307.0
126, 612.0, 388.0
127, 426.0, 75.0
128, 699.0, 366.0
129, 452.0, 67.0
130, 509.0, 298.0
131, 577.0, 247.0
132, 708.0, 81.0
133, 590.0, 64.0
134, 174.0, 282.0
135, 565.0, 143.0
136, 529.0, 365.0
137, 513.0, 164.0
138, 434.0, 21.0
139, 577.0, 207.0
140, 478.0, 359.0
141, 440.0, 109.0
142, 367.0, 116.0
143, 506.0, 359.0
144, 436.0, 424.0
145, 661.0, 138.0
146, 563.0, 204.0
147, 533.0, 271.0
148, 596.0, 380.0
149, 80.0, 247.0
150, 644.0, 281.0
151, 535.0, 306.0
152, 584.0, 144.0
153, 455.0, 44.0
154, 348.0, 79.0
155, 126.0, 228.0
156, 77.0, 341.0
157, 687.0, 346.0
158, 452.0, 239.0
159, 606.0, 346.0
160, 399.0, 189.0
161, 642.0, 338.0
162, 283.0, 291.0
163, 668.0, 320.0
164, 460.0, 96.0
165, 140.0, 95.0
166, 314.0, 271.0
167, 182.0, 233.0
168, 489.0, 293.0
169, 643.0, 254.0
170, 543.0, 292.0
171, 315.0, 401.0
172, 554.0, 319.0
173, 254.0, 235.0
174, 312.0, 47.0
175, 208.0, 200.0
176, 309.0, 181.0
177, 357.0, 224.0
178, 571.0, 74.0
179, 576.0, 395.0
180, 368.0, 53.0
181, 601.0, 254.0
182, 728.0, 451.0
183, 288.0, 276.0
184, 625.0, 341.0
185, 285.0, 88.0
186, 567.0, 189.0
187, 480.0, 154.0
188, 68.0, 315.0
189, 613.0, 37.0
190, 357.0, 176.0
191, 530.0, 444.0
192, 128.0, 236.0
193, 635.0, 124.0
194, 374.0, 311.0
195, 535.0, 342.0
196, 496.0, 352.0
197, 457.0, 376.0
198, 541.0, 106.0
199, 330.0, 157.0
200, 606.0, 237.0
201, 503.0, 368.0
202, 444.0, 228.0
203, 721.0, 262.0
204, 649.0, 233.0
205, 519.0, 81.0
206, 554.0, 67.0
207, 523.0, 316.0
208, 440.0, 460.0
209, 37.0, 288.0
210, 29.0, 330.0
211, 567.0, 128.0
212, 428.0, 420.0
213, 573.0, 364.0
214, 561.0, 447.0
215, 686.0, 381.0
216, 238.0, 282.0
217, 581.0, 351.0
218, 548.0, 212.0
219, 557.0, 462.0
220, 424.0, 59.0
221, 464.0, 280.0
222, 573.0, 38.0
223, 591.0, 304.0
224, 738.0, 163.0
225, 555.0, 308.0
226, 384.0, 34.0
227, 459.0, 82.0
228, 712.0, 105.0
229, 255.0, 57.0
230, 618.0, 373.0
231, 402.0, 274.0
232, 282.0, 309.0
233, 285.0, 138.0
234, 178.0, 265.0
235, 690.0, 391.0
236, 374.0, 39.0
237, 51.0, 10.0
238, 224.0, 137.0
239, 442.0, 441.0
240, 376.0, 135.0
241, 619.0, 361.0
242, 656.0, 194.0
243, 630.0, 146.0
244, 512.0, 461.0
245, 273.0, 226.0
246, 142.0, 107.0
247, 305.0, 313.0
248, 207.0, 270.0
249, 489.0, 253.0
250, 546.0, 273.0
251, 663.0, 422.0
252, 66.0, 255.0
253, 353.0, 162.0
254, 596.0, 235.0
255, 311.0, 167.0
256, 594.0, 242.0
257, 475.0, 83.0
258, 337.0, 131.0
259, 352.0, 19.0
260, 660.0, 237.0
261, 460.0, 251.0
262, 430.0, 465.0
263, 674.0, 343.0
264, 498.0, 244.0
265, 305.0, 12.0
266, 487.0, 242.0
267, 235.0, 306.0
268, 412.0, 193.0
269, 17.0, 127.0
270, 387.0, 206.0
271, 555.0, 186.0
272, 301.0, 128.0
273, 421.0, 176.0
274, 565.0, 434.0
275, 137.0, 76.0
276, 344.0, 209.0
277, 581.0, 120.0
278, 398.0, 63.0
279, 710.0, 177.0
280, 523.0, 423.0
281, 546.0, 43.0
282, 511.0, 63.0
283, 428.0, 107.0
284, 526.0, 128.0
285, 693.0, 329.0
286, 258.0, 337.0
287, 446.0, 80.0
288, 677.0, 178.0
289, 739.0, 35.0
290, 517.0, 440.0
291, 551.0, 338.0
292, 730.0, 288.0
293, 466.0, 312.0
294, 690.0, 292.0
295, 480.0, 17.0
296, 404.0, 51.0
297, 272.0, 72.0
298, 496.0, 15.0
299, 156.0, 223.0
300, 245.0, 165.0
301, 50.0, 366.0
302, 668.0, 372.0
303, 385.0, 155.0
304, 546.0, 311.0
305, 458.0, 343.0
306, 618.0, 190.0
307, 454.0, 413.0
308, 383.0, 237.0
309, 501.0, 332.0
310, 351.0, 191.0
311, 204.0, 28.0
312, 294.0, 176.0
313, 421.0, 403.0
314, 285.0, 232.0
315, 508.0, 307.0
316, 492.0, 414.0
317, 41.0, 352.0
318, 632.0, 425.0
319, 211.0, 59.0
320, 208.0, 335.0
321, 516.0, 232.0
322, 622.0, 35.0
323, 608.0, 185.0
324, 512.0, 99.0
325, 444.0, 309.0
326, 414.0, 210.0
327, 664.0, 224.0
328, 349.0, 300.0
329, 452.0, 214.0
330, 609.0, 225.0
331, 41.0, 303.0
332, 124.0, 41.0
333, 532.0, 167.0
334, 273.0, 286.0
335, 24.0, 294.0
336, 599.0, 84.0
337, 617.0, 123.0
338, 692.0, 174.0
339, 83.0, 374.0
340, 564.0, 251.0
341, 332.0, 99.0
342, 304.0, 327.0
343, 135.0, 63.0
344, 730.0, 186.0
345, 165.0, 285.0
346, 453.0, 189.0
347, 613.0, 214.0
348, 490.0, 198.0
349, 107.0, 304.0
350, 742.0, 147.0
351, 121.0, 290.0
352, 491.0, 465.0
353, 635.0, 332.0
354, 141.0, 273.0
355, 41.0, 425.0
356, 232.0, 264.0
357, 171.0, 207.0
358, 680.0, 390.0
359, 421.0, 93.0
360, 16.0, 104.0
361, 364.0, 265.0
362, 439.0, 97.0
363, 530.0, 116.0
364, 446.0, 278.0
365, 660.0, 269.0
366, 380.0, 352.0
367, 485.0, 38.0
368, 561.0, 339.0
369, 410.0, 103.0
370, 423.0, 48.0
371, 600.0, 36.0
372, 527.0, 280.0
373, 257.0, 164.0
374, 375.0, 106.0
375, 311.0, 285.0
376, 642.0, 308.0
377, 523.0, 141.0
378, 55.0, 310.0
379, 561.0, 216.0
380, 142.0, 395.0
381, 447.0, 409.0
382, 139.0, 249.0
383, 425.0, 365.0
384, 355.0, 254.0
385, 511.0, 53.0
386, 325.0, 170.0
387, 558.0, 404.0
388, 414.0, 450.0
389, 219.0, 346.0
390, 381.0, 256.0
391, 623.0, 313.0
392, 77.0, 358.0
393, 611.0, 300.0
394, 706.0, 260.0
395, 683.0, 274.0
396, 451.0, 168.0
397, 467.0, 421.0
398, 447.0, 357.0
399, 729.0, 82.0
400, 602.0, 69.0
401, 493.0, 391.0
402, 459.0, 131.0
403, 324.0, 39.0
404, 617.0, 143.0
405, 141.0, 133.0
406, 436.0, 204.0
407, 563.0, 375.0
408, 316.0, 259.0
409, 655.0, 344.0
410, 277.0, 174.0
411, 567.0, 321.0
412, 676.0, 295.0
413, 222.0, 79.0
414, 455.0, 110.0
415, 229.0, 223.0
416, 702.0, 400.0
417, 284.0, 392.0
418, 155.0, 288.0
419, 510.0, 200.0
420, 370.0, 448.0
421, 538.0, 208.0
422, 62.0, 436.0
423, 483.0, 66.0
424, 274.0, 384.0
425, 238.0, 228.0
426, 310.0, 157.0
427, 438.0, 411.0
428, 511.0, 416.0
429, 372.0, 207.0
430, 475.0, 99.0
431, 359.0, 216.0
432, 640.0, 264.0
433, 533.0, 139.0
434, 530.0, 404.0
435, 714.0, 234.0
436, 148.0, 210.0
437, 350.0, 30.0
438, 489.0, 10.0
439, 17.0, 149.0
440, 397.0, 117.0
441, 195.0, 275.0
442, 519.0, 282.0
443, 315.0, 112.0
444, 453.0, 328.0
445, 27.0, 218.0
446, 552.0, 241.0
447, 595.0, 452.0
448, 429.0, 95.0
449, 667.0, 16.0
450, 341.0, 43.0
451, 651.0, 222.0
452, 521.0, 351.0
453, 422.0, 34.0
454, 720.0, 272.0
455, 412.0, 93.0
456, 24.0, 309.0
457, 527.0, 292.0
458, 360.0, 304.0
459, 142.0, 120.0
460, 445.0, 334.0
461, 256.0, 68.0
462, 226.0, 104.0
463, 408.0, 127.0
464, 481.0, 260.0
465, 489.0, 344.0
466, 740.0, 267.0
467, 540.0, 163.0
468, 451.0, 384.0
469, 504.0, 24.0
470, 621.0, 176.0
471, 612.0, 174.0
472, 203.0, 245.0
473, 662.0, 125.0
474, 731.0, 33.0
475, 478.0, 470.0
476, 289.0, 111.0
477, 546.0, 130.0
478, 200.0, 360.0
479, 255.0, 216.0
480, 302.0, 48.0
481, 377.0, 169.0
482, 289.0, 123.0
483, 337.0, 90.0
484, 456.0, 448.0
485, 405.0, 145.0
486, 177.0, 73.0
487, 629.0, 403.0
488, 414.0, 466.0
489, 69.0, 412.0
490, 395.0, 88.0
491, 611.0, 256.0
492, 409.0, 231.0
493, 335.0, 180.0
494, 737.0, 252.0
495, 422.0, 246.0
496, 664.0, 355.0
497, 318.0, 336.0
498, 634.0, 191.0
499, 439.0, 254.0
