0, 452.0, 226.0
1, 309.0, 390.0
2, 542.0, 92.0
3, 612.0, 212.0
4, 451.0, 167.0
5, 392.0, 453.0
6, 498.0, 51.0
7, 309.0, 410.0
8, 398.0, 134.0
9, 608.0, 242.0
10, 404.0, 344.0
11, 29.0, 380.0
12, 557.0, 80.0
13, 569.0, 50.0
14, 222.0, 109.0
15, 515.0, 231.0
16, 190.0, 18.0
17, 540.0, 233.0
18, 203.0, 15.0
19, 446.0, 159.0
20, 429.0, 323.0
21, 407.0, 417.0
22, 204.0, 97.0
23, 146.0, 74.0
24, 457.0, 191.0
25, 415.0, 378.0
26, 219.0, 70.0
27, 251.0, 419.0
28, 473.0, 87.0
29, 465.0, 220.0
30, 477.0, 265.0
31, 555.0, 92.0
32, 434.0, 371.0
33, 420.0, 238.0
34, 44.0, 398.0
35, 514.0, 127.0
36, 576.0, 11.0
37, 444.0, 371.0
38, 543.0, 214.0
39, 126.0, 114.0
40, 508.0, 48.0
41, 429.0, 205.0
42, 238.0, 419.0
43, 538.0, 194.0
44, 216.0, 13.0
45, 318.0, 9.0
46, 497.0, 209.0
47, 646.0, 24.0
48, 448.0, 190.0
49, 157.0, 26.0
50, 396.0, 404.0
51, 636.0, 158.0
52, 190.0, 34.0
53, 131.0, 84.0
54, 495.0, 228.0
55, 482.0, 242.0
56, 219.0, 46.0
57, 596.0, 224.0
58, 544.0, 80.0
59, 201.0, 39.0
60, 606.0, 221.0
61, 364.0, 139.0
62, 313.0, 25.0
63, 147.0, 9.0
64, 554.0, 386.0
65, 567.0, 181.0
66, 530.0, 87.0
67, 602.0, 130.0
68, 433.0, 191.0
69, 293.0, 26.0
70, 596.0, 183.0
71, 516.0, 361.0
72, 37.0, 365.0
73, 561.0, 406.0
74, 144.0, 85.0
75, 441.0, 225.0
76, 8.0, 14.0
77, 322.0, 392.0
78, 105.0, 52.0
79, 563.0, 387.0
80, 206.0, 108.0
81, 478.0, 190.0
82, 517.0, 218.0
83, 550.0, 179.0
84, 421.0, 317.0
85, 437.0, 238.0
86, 125.0, 73.0
87, 414.0, 162.0
88, 431.0, 306.0
89, 462.0, 262.0
90, 301.0, 11.0
91, 97.0, 9.0
92, 442.0, 144.0
93, 696.0, 246.0
94, 150.0, 56.0
95, 41.0, 382.0
96, 221.0, 95.0
97, 606.0, 154.0
98, 169.0, 116.0
99, 512.0, 13.0
100, 293.0, 405.0
101, 576.0, 237.0
102, 426.0, 36.0
103, 237.0, 103.0
104, 81.0, 84.0
105, 135.0, 9.0
106, 263.0, 68.0
107, 625.0, 10.0
108, 170.0, 87.0
109, 25.0, 65.0
110, 609.0, 173.0
111, 441.0, 327.0
112, 624.0, 127.0
113, 210.0, 28.0
114, 409.0, 235.0
115, 121.0, 51.0
116, 405.0, 27.0
117, 469.0, 345.0
118, 532.0, 370.0
119, 451.0, 359.0
120, 374.0, 433.0
121, 218.0, 130.0
122, 161.0, 419.0
123, 463.0, 137.0
124, 560.0, 198.0
125, 421.0, 335.0
126, 118.0, 28.0
127, 507.0, 174.0
128, 251.0, 431.0
129, 490.0, 267.0
130, 676.0, 83.0
131, 339.0, 451.0
132, 400.0, 115.0
133, 522.0, 43.0
134, 444.0, 352.0
135, 62.0, 108.0
136, 455.0, 325.0
137, 218.0, 21.0
138, 378.0, 114.0
139, 380.0, 140.0
140, 431.0, 259.0
141, 293.0, 387.0
142, 526.0, 193.0
143, 105.0, 82.0
144, 458.0, 177.0
145, 346.0, 123.0
146, 652.0, 82.0
147, 454.0, 216.0
148, 18.0, 291.0
149, 422.0, 162.0
150, 290.0, 15.0
151, 467.0, 125.0
152, 419.0, 263.0
153, 474.0, 223.0
154, 293.0, 396.0
155, 385.0, 468.0
156, 37.0, 59.0
157, 141.0, 396.0
158, 16.0, 38.0
159, 507.0, 65.0
160, 56.0, 81.0
161, 631.0, 237.0
162, 557.0, 218.0
163, 410.0, 140.0
164, 415.0, 126.0
165, 686.0, 35.0
166, 466.0, 152.0
167, 13.0, 371.0
168, 231.0, 22.0
169, 193.0, 359.0
170, 433.0, 56.0
171, 420.0, 189.0
172, 556.0, 423.0
173, 589.0, 213.0
174, 406.0, 290.0
175, 203.0, 63.0
176, 297.0, 77.0
177, 628.0, 185.0
178, 626.0, 203.0
179, 32.0, 79.0
180, 297.0, 64.0
181, 464.0, 169.0
182, 427.0, 130.0
183, 441.0, 215.0
184, 412.0, 189.0
185, 491.0, 44.0
186, 357.0, 454.0
187, 454.0, 146.0
188, 399.0, 103.0
189, 305.0, 399.0
190, 151.0, 122.0
191, 678.0, 14.0
192, 404.0, 46.0
193, 565.0, 399.0
194, 403.0, 70.0
195, 183.0, 106.0
196, 115.0, 368.0
197, 438.0, 164.0
198, 738.0, 38.0
199, 404.0, 212.0
200, 282.0, 383.0
201, 11.0, 393.0
202, 452.0, 261.0
203, 400.0, 428.0
204, 49.0, 420.0
205, 508.0, 158.0
206, 718.0, 171.0
207, 443.0, 310.0
208, 452.0, 307.0
209, 559.0, 208.0
210, 327.0, 12.0
211, 424.0, 284.0
212, 21.0, 420.0
213, 578.0, 222.0
214, 423.0, 222.0
215, 452.0, 288.0
216, 205.0, 72.0
217, 506.0, 36.0
218, 485.0, 229.0
219, 642.0, 124.0
220, 399.0, 376.0
221, 732.0, 176.0
222, 443.0, 135.0
223, 709.0, 15.0
224, 185.0, 8.0
225, 42.0, 352.0
226, 355.0, 65.0
227, 23.0, 304.0
228, 239.0, 397.0
229, 400.0, 462.0
230, 53.0, 109.0
231, 594.0, 200.0
232, 386.0, 459.0
233, 42.0, 29.0
234, 496.0, 174.0
235, 526.0, 211.0
236, 181.0, 383.0
237, 31.0, 344.0
238, 413.0, 326.0
239, 416.0, 256.0
240, 716.0, 131.0
241, 474.0, 293.0
242, 727.0, 246.0
243, 449.0, 240.0
244, 175.0, 56.0
245, 186.0, 430.0
246, 706.0, 30.0
247, 124.0, 416.0
248, 663.0, 32.0
249, 195.0, 115.0
250, 16.0, 383.0
251, 451.0, 177.0
252, 523.0, 63.0
253, 430.0, 121.0
254, 312.0, 401.0
255, 342.0, 32.0
256, 650.0, 137.0
257, 455.0, 341.0
258, 116.0, 11.0
259, 27.0, 449.0
260, 638.0, 53.0
261, 402.0, 253.0
262, 388.0, 141.0
263, 493.0, 129.0
264, 160.0, 448.0
265, 554.0, 234.0
266, 719.0, 193.0
267, 743.0, 232.0
268, 126.0, 16.0
269, 321.0, 416.0
270, 298.0, 44.0
271, 496.0, 192.0
272, 559.0, 129.0
273, 400.0, 87.0
274, 25.0, 391.0
275, 219.0, 30.0
276, 423.0, 359.0
277, 528.0, 176.0
278, 486.0, 154.0
279, 550.0, 400.0
280, 441.0, 363.0
281, 452.0, 56.0
282, 59.0, 458.0
283, 231.0, 130.0
284, 509.0, 396.0
285, 683.0, 141.0
286, 438.0, 275.0
287, 283.0, 408.0
288, 622.0, 30.0
289, 423.0, 147.0
290, 648.0, 216.0
291, 663.0, 126.0
292, 318.0, 105.0
293, 74.0, 116.0
294, 359.0, 424.0
295, 522.0, 341.0
296, 549.0, 42.0
297, 647.0, 244.0
298, 429.0, 25.0
299, 134.0, 73.0
300, 420.0, 347.0
301, 609.0, 232.0
302, 452.0, 274.0
303, 433.0, 272.0
304, 435.0, 150.0
305, 571.0, 228.0
306, 432.0, 222.0
307, 439.0, 206.0
308, 245.0, 77.0
309, 13.0, 457.0
310, 741.0, 252.0
311, 699.0, 190.0
312, 556.0, 227.0
313, 437.0, 405.0
314, 425.0, 470.0
315, 12.0, 347.0
316, 648.0, 233.0
317, 305.0, 21.0
318, 437.0, 249.0
319, 709.0, 249.0
320, 454.0, 346.0
321, 455.0, 386.0
322, 602.0, 207.0
323, 475.0, 390.0
324, 121.0, 14.0
325, 373.0, 133.0
326, 654.0, 127.0
327, 439.0, 391.0
328, 669.0, 45.0
329, 309.0, 454.0
330, 203.0, 89.0
331, 630.0, 36.0
332, 168.0, 432.0
333, 687.0, 125.0
334, 13.0, 423.0
335, 389.0, 37.0
336, 37.0, 64.0
337, 619.0, 230.0
338, 743.0, 17.0
339, 471.0, 373.0
340, 645.0, 68.0
341, 399.0, 471.0
342, 398.0, 334.0
343, 671.0, 13.0
344, 17.0, 344.0
345, 595.0, 240.0
346, 364.0, 426.0
347, 407.0, 254.0
348, 46.0, 406.0
349, 675.0, 26.0
350, 388.0, 24.0
351, 667.0, 107.0
352, 224.0, 128.0
353, 712.0, 256.0
354, 639.0, 209.0
355, 395.0, 465.0
356, 616.0, 203.0
357, 139.0, 85.0
358, 74.0, 266.0
359, 678.0, 60.0
360, 646.0, 48.0
361, 616.0, 148.0
362, 436.0, 130.0
363, 400.0, 320.0
364, 408.0, 316.0
365, 89.0, 111.0
366, 467.0, 263.0
367, 99.0, 19.0
368, 233.0, 38.0
369, 427.0, 15.0
370, 437.0, 410.0
371, 390.0, 107.0
372, 224.0, 123.0
373, 372.0, 424.0
374, 626.0, 87.0
375, 400.0, 451.0
376, 460.0, 160.0
377, 39.0, 347.0
378, 572.0, 201.0
379, 10.0, 315.0
380, 410.0, 221.0
381, 28.0, 366.0
382, 599.0, 232.0
383, 63.0, 81.0
384, 190.0, 56.0
385, 525.0, 128.0
386, 518.0, 211.0
387, 336.0, 25.0
388, 274.0, 20.0
389, 664.0, 8.0
390, 461.0, 344.0
391, 672.0, 189.0
392, 418.0, 287.0
393, 631.0, 221.0
394, 158.0, 17.0
395, 312.0, 36.0
396, 608.0, 204.0
397, 683.0, 130.0
398, 564.0, 86.0
399, 8.0, 455.0
400, 133.0, 52.0
401, 487.0, 163.0
402, 623.0, 152.0
403, 469.0, 171.0
404, 428.0, 20.0
405, 604.0, 195.0
406, 566.0, 236.0
407, 223.0, 118.0
408, 675.0, 138.0
409, 395.0, 415.0
410, 64.0, 292.0
411, 152.0, 301.0
412, 438.0, 174.0
413, 416.0, 392.0
414, 34.0, 351.0
415, 427.0, 458.0
416, 446.0, 176.0
417, 392.0, 374.0
418, 294.0, 105.0
419, 599.0, 202.0
420, 419.0, 354.0
421, 625.0, 19.0
422, 687.0, 250.0
423, 45.0, 359.0
424, 211.0, 328.0
425, 119.0, 40.0
426, 738.0, 260.0
427, 314.0, 122.0
428, 435.0, 461.0
429, 419.0, 203.0
430, 25.0, 357.0
431, 401.0, 92.0
432, 47.0, 415.0
433, 517.0, 342.0
434, 144.0, 38.0
435, 496.0, 267.0
436, 354.0, 423.0
437, 309.0, 121.0
438, 428.0, 232.0
439, 472.0, 319.0
440, 437.0, 443.0
441, 416.0, 138.0
442, 694.0, 190.0
443, 50.0, 446.0
444, 727.0, 173.0
445, 460.0, 386.0
446, 524.0, 27.0
447, 655.0, 62.0
448, 418.0, 251.0
449, 564.0, 129.0
450, 676.0, 129.0
451, 459.0, 395.0
452, 579.0, 197.0
453, 517.0, 54.0
454, 640.0, 138.0
455, 624.0, 25.0
456, 505.0, 15.0
457, 584.0, 130.0
458, 534.0, 38.0
459, 172.0, 456.0
460, 103.0, 41.0
461, 451.0, 279.0
462, 410.0, 272.0
463, 527.0, 232.0
464, 174.0, 115.0
465, 26.0, 299.0
466, 368.0, 431.0
467, 213.0, 104.0
468, 405.0, 306.0
469, 197.0, 25.0
470, 452.0, 266.0
471, 442.0, 333.0
472, 12.0, 361.0
473, 450.0, 384.0
474, 660.0, 139.0
475, 661.0, 14.0
476, 246.0, 431.0
477, 14.0, 327.0
478, 439.0, 123.0
479, 71.0, 111.0
480, 398.0, 329.0
481, 387.0, 29.0
482, 619.0, 185.0
483, 630.0, 71.0
484, 728.0, 259.0
485, 628.0, 149.0
486, 444.0, 251.0
487, 106.0, 304.0
488, 415.0, 471.0
489, 443.0, 275.0
490, 498.0, 45.0
491, 615.0, 178.0
492, 486.0, 392.0
493, 552.0, 167.0
494, 418.0, 212.0
495, 613.0, 122.0
496, 722.0, 217.0
497, 68.0, 403.0
498, 622.0, 217.0
499, 663.0, 242.0
