0, 187.0, 243.0
1, 628.0, 47.0
2, 262.0, 155.0
3, 278.0, 241.0
4, 381.0, 79.0
5, 455.0, 48.0
6, 214.0, 179.0
7, 210.0, 193.0
8, 469.0, 23.0
9, 365.0, 229.0
10, 165.0, 250.0
11, 377.0, 36.0
12, 375.0, 93.0
13, 305.0, 175.0
14, 291.0, 68.0
15, 473.0, 57.0
16, 267.0, 348.0
17, 267.0, 104.0
18, 399.0, 16.0
19, 428.0, 86.0
20, 19.0, 308.0
21, 306.0, 275.0
22, 588.0, 82.0
23, 238.0, 83.0
24, 340.0, 27.0
25, 371.0, 60.0
26, 320.0, 220.0
27, 326.0, 202.0
28, 68.0, 151.0
29, 322.0, 255.0
30, 195.0, 262.0
31, 420.0, 23.0
32, 391.0, 95.0
33, 616.0, 49.0
34, 440.0, 72.0
35, 367.0, 242.0
36, 349.0, 11.0
37, 557.0, 40.0
38, 173.0, 255.0
39, 191.0, 14.0
40, 178.0, 215.0
41, 576.0, 140.0
42, 190.0, 225.0
43, 324.0, 163.0
44, 232.0, 322.0
45, 418.0, 78.0
46, 477.0, 76.0
47, 333.0, 240.0
48, 364.0, 17.0
49, 473.0, 40.0
50, 272.0, 81.0
51, 428.0, 38.0
52, 243.0, 318.0
53, 224.0, 93.0
54, 442.0, 38.0
55, 340.0, 246.0
56, 400.0, 163.0
57, 704.0, 180.0
58, 432.0, 127.0
59, 237.0, 71.0
60, 551.0, 275.0
61, 17.0, 85.0
62, 446.0, 89.0
63, 49.0, 430.0
64, 12.0, 222.0
65, 500.0, 90.0
66, 729.0, 152.0
67, 164.0, 379.0
68, 173.0, 231.0
69, 492.0, 46.0
70, 196.0, 81.0
71, 14.0, 285.0
72, 577.0, 92.0
73, 293.0, 84.0
74, 375.0, 48.0
75, 366.0, 69.0
76, 288.0, 16.0
77, 26.0, 133.0
78, 307.0, 162.0
79, 495.0, 31.0
80, 137.0, 108.0
81, 302.0, 260.0
82, 295.0, 96.0
83, 211.0, 205.0
84, 420.0, 260.0
85, 399.0, 204.0
86, 278.0, 299.0
87, 161.0, 296.0
88, 33.0, 157.0
89, 248.0, 81.0
90, 654.0, 152.0
91, 322.0, 105.0
92, 117.0, 119.0
93, 39.0, 280.0
94, 366.0, 170.0
95, 45.0, 336.0
96, 512.0, 75.0
97, 38.0, 302.0
98, 205.0, 259.0
99, 43.0, 413.0
100, 656.0, 91.0
101, 391.0, 33.0
102, 294.0, 139.0
103, 262.0, 334.0
104, 30.0, 396.0
105, 349.0, 113.0
106, 342.0, 153.0
107, 283.0, 221.0
108, 176.0, 28.0
109, 709.0, 57.0
110, 352.0, 257.0
111, 215.0, 258.0
112, 512.0, 228.0
113, 103.0, 89.0
114, 26.0, 420.0
115, 675.0, 105.0
116, 252.0, 66.0
117, 714.0, 276.0
118, 201.0, 99.0
119, 318.0, 75.0
120, 489.0, 94.0
121, 539.0, 297.0
122, 707.0, 300.0
123, 430.0, 58.0
124, 505.0, 36.0
125, 278.0, 108.0
126, 681.0, 14.0
127, 429.0, 99.0
128, 187.0, 59.0
129, 296.0, 113.0
130, 450.0, 103.0
131, 182.0, 97.0
132, 282.0, 148.0
133, 492.0, 78.0
134, 306.0, 147.0
135, 277.0, 133.0
136, 63.0, 330.0
137, 418.0, 63.0
138, 412.0, 148.0
139, 304.0, 317.0
140, 251.0, 137.0
141, 568.0, 294.0
142, 629.0, 146.0
143, 192.0, 358.0
144, 639.0, 131.0
145, 674.0, 44.0
146, 375.0, 158.0
147, 514.0, 13.0
148, 639.0, 72.0
149, 240.0, 195.0
150, 472.0, 231.0
151, 619.0, 34.0
152, 699.0, 335.0
153, 636.0, 12.0
154, 146.0, 217.0
155, 339.0, 42.0
156, 390.0, 9.0
157, 271.0, 210.0
158, 524.0, 44.0
159, 330.0, 148.0
160, 612.0, 97.0
161, 314.0, 30.0
162, 197.0, 37.0
163, 442.0, 55.0
164, 607.0, 377.0
165, 655.0, 14.0
166, 65.0, 406.0
167, 549.0, 25.0
168, 247.0, 99.0
169, 566.0, 279.0
170, 223.0, 137.0
171, 611.0, 87.0
172, 19.0, 57.0
173, 470.0, 304.0
174, 240.0, 29.0
175, 240.0, 132.0
176, 438.0, 119.0
177, 331.0, 66.0
178, 8.0, 78.0
179, 368.0, 84.0
180, 605.0, 174.0
181, 422.0, 138.0
182, 601.0, 79.0
183, 509.0, 87.0
184, 398.0, 150.0
185, 257.0, 120.0
186, 241.0, 152.0
187, 713.0, 209.0
188, 304.0, 51.0
189, 130.0, 390.0
190, 585.0, 199.0
191, 356.0, 132.0
192, 456.0, 11.0
193, 198.0, 184.0
194, 391.0, 76.0
195, 569.0, 256.0
196, 225.0, 127.0
197, 140.0, 289.0
198, 549.0, 64.0
199, 206.0, 62.0
200, 369.0, 216.0
201, 137.0, 278.0
202, 365.0, 47.0
203, 385.0, 123.0
204, 453.0, 74.0
205, 60.0, 320.0
206, 566.0, 142.0
207, 374.0, 228.0
208, 531.0, 77.0
209, 116.0, 269.0
210, 218.0, 14.0
211, 743.0, 145.0
212, 455.0, 38.0
213, 182.0, 231.0
214, 295.0, 152.0
215, 183.0, 260.0
216, 54.0, 49.0
217, 334.0, 91.0
218, 437.0, 212.0
219, 204.0, 348.0
220, 670.0, 161.0
221, 164.0, 391.0
222, 304.0, 195.0
223, 16.0, 375.0
224, 80.0, 249.0
225, 249.0, 203.0
226, 369.0, 260.0
227, 155.0, 91.0
228, 438.0, 21.0
229, 200.0, 72.0
230, 166.0, 363.0
231, 666.0, 139.0
232, 321.0, 211.0
233, 488.0, 66.0
234, 299.0, 33.0
235, 291.0, 278.0
236, 622.0, 88.0
237, 307.0, 14.0
238, 88.0, 470.0
239, 251.0, 260.0
240, 619.0, 133.0
241, 66.0, 344.0
242, 246.0, 48.0
243, 354.0, 69.0
244, 262.0, 230.0
245, 147.0, 133.0
246, 55.0, 136.0
247, 590.0, 379.0
248, 728.0, 124.0
249, 228.0, 199.0
250, 706.0, 151.0
251, 479.0, 64.0
252, 273.0, 283.0
253, 346.0, 230.0
254, 387.0, 178.0
255, 450.0, 23.0
256, 241.0, 141.0
257, 637.0, 182.0
258, 718.0, 28.0
259, 492.0, 319.0
260, 278.0, 332.0
261, 472.0, 455.0
262, 496.0, 60.0
263, 290.0, 254.0
264, 592.0, 253.0
265, 262.0, 131.0
266, 261.0, 200.0
267, 359.0, 119.0
268, 231.0, 255.0
269, 180.0, 41.0
270, 375.0, 204.0
271, 416.0, 142.0
272, 420.0, 54.0
273, 681.0, 27.0
274, 540.0, 86.0
275, 417.0, 207.0
276, 711.0, 454.0
277, 91.0, 185.0
278, 316.0, 58.0
279, 455.0, 441.0
280, 597.0, 145.0
281, 151.0, 240.0
282, 703.0, 78.0
283, 364.0, 32.0
284, 101.0, 316.0
285, 650.0, 420.0
286, 350.0, 245.0
287, 270.0, 144.0
288, 673.0, 358.0
289, 381.0, 216.0
290, 417.0, 12.0
291, 65.0, 425.0
292, 504.0, 49.0
293, 166.0, 327.0
294, 701.0, 248.0
295, 571.0, 65.0
296, 142.0, 301.0
297, 352.0, 48.0
298, 333.0, 228.0
299, 369.0, 279.0
300, 376.0, 103.0
301, 608.0, 227.0
302, 247.0, 303.0
303, 221.0, 356.0
304, 184.0, 203.0
305, 610.0, 360.0
306, 195.0, 390.0
307, 534.0, 344.0
308, 491.0, 169.0
309, 557.0, 236.0
310, 115.0, 234.0
311, 26.0, 295.0
312, 385.0, 241.0
313, 229.0, 8.0
314, 724.0, 94.0
315, 194.0, 253.0
316, 222.0, 273.0
317, 308.0, 248.0
318, 282.0, 52.0
319, 12.0, 40.0
320, 560.0, 330.0
321, 56.0, 276.0
322, 120.0, 315.0
323, 459.0, 54.0
324, 92.0, 437.0
325, 285.0, 130.0
326, 8.0, 405.0
327, 223.0, 246.0
328, 648.0, 93.0
329, 266.0, 91.0
330, 233.0, 184.0
331, 27.0, 271.0
332, 492.0, 285.0
333, 216.0, 42.0
334, 50.0, 389.0
335, 419.0, 416.0
336, 114.0, 394.0
337, 309.0, 40.0
338, 727.0, 172.0
339, 400.0, 115.0
340, 73.0, 262.0
341, 102.0, 259.0
342, 88.0, 341.0
343, 658.0, 62.0
344, 459.0, 84.0
345, 420.0, 121.0
346, 622.0, 259.0
347, 406.0, 156.0
348, 341.0, 212.0
349, 83.0, 417.0
350, 224.0, 187.0
351, 151.0, 69.0
352, 718.0, 70.0
353, 550.0, 118.0
354, 103.0, 292.0
355, 624.0, 80.0
356, 614.0, 243.0
357, 129.0, 404.0
358, 441.0, 81.0
359, 671.0, 62.0
360, 368.0, 120.0
361, 520.0, 118.0
362, 247.0, 379.0
363, 465.0, 291.0
364, 424.0, 288.0
365, 366.0, 190.0
366, 80.0, 302.0
367, 203.0, 174.0
368, 72.0, 384.0
369, 256.0, 287.0
370, 558.0, 311.0
371, 99.0, 305.0
372, 384.0, 289.0
373, 174.0, 375.0
374, 470.0, 84.0
375, 94.0, 380.0
376, 592.0, 312.0
377, 101.0, 141.0
378, 541.0, 406.0
379, 70.0, 71.0
380, 383.0, 110.0
381, 153.0, 307.0
382, 549.0, 13.0
383, 423.0, 49.0
384, 448.0, 392.0
385, 530.0, 240.0
386, 332.0, 54.0
387, 615.0, 79.0
388, 631.0, 354.0
389, 312.0, 145.0
390, 264.0, 271.0
391, 483.0, 16.0
392, 693.0, 295.0
393, 138.0, 24.0
394, 592.0, 389.0
395, 452.0, 83.0
396, 351.0, 222.0
397, 104.0, 359.0
398, 173.0, 93.0
399, 279.0, 184.0
400, 354.0, 30.0
401, 226.0, 64.0
402, 325.0, 136.0
403, 589.0, 67.0
404, 393.0, 131.0
405, 734.0, 162.0
406, 235.0, 364.0
407, 351.0, 204.0
408, 361.0, 133.0
409, 689.0, 101.0
410, 597.0, 93.0
411, 18.0, 264.0
412, 240.0, 224.0
413, 108.0, 340.0
414, 293.0, 290.0
415, 445.0, 252.0
416, 456.0, 22.0
417, 533.0, 68.0
418, 741.0, 242.0
419, 416.0, 275.0
420, 122.0, 136.0
421, 161.0, 41.0
422, 39.0, 184.0
423, 186.0, 114.0
424, 335.0, 213.0
425, 237.0, 374.0
426, 638.0, 98.0
427, 646.0, 453.0
428, 546.0, 399.0
429, 354.0, 88.0
430, 235.0, 58.0
431, 75.0, 312.0
432, 381.0, 203.0
433, 387.0, 224.0
434, 583.0, 266.0
435, 683.0, 95.0
436, 303.0, 58.0
437, 105.0, 204.0
438, 188.0, 198.0
439, 166.0, 63.0
440, 283.0, 96.0
441, 281.0, 464.0
442, 240.0, 355.0
443, 112.0, 465.0
444, 458.0, 307.0
445, 739.0, 45.0
446, 648.0, 248.0
447, 210.0, 266.0
448, 192.0, 45.0
449, 477.0, 249.0
450, 483.0, 274.0
451, 128.0, 343.0
452, 740.0, 352.0
453, 60.0, 167.0
454, 152.0, 390.0
455, 693.0, 445.0
456, 450.0, 278.0
457, 36.0, 370.0
458, 687.0, 87.0
459, 175.0, 191.0
460, 143.0, 202.0
461, 507.0, 247.0
462, 606.0, 69.0
463, 420.0, 114.0
464, 275.0, 197.0
465, 560.0, 131.0
466, 641.0, 43.0
467, 140.0, 380.0
468, 133.0, 266.0
469, 432.0, 334.0
470, 166.0, 147.0
471, 93.0, 232.0
472, 576.0, 256.0
473, 198.0, 195.0
474, 82.0, 276.0
475, 619.0, 230.0
476, 389.0, 251.0
477, 33.0, 190.0
478, 231.0, 267.0
479, 664.0, 117.0
480, 631.0, 91.0
481, 402.0, 54.0
482, 248.0, 365.0
483, 190.0, 187.0
484, 413.0, 95.0
485, 54.0, 303.0
486, 158.0, 234.0
487, 498.0, 102.0
488, 361.0, 98.0
489, 481.0, 23.0
490, 236.0, 311.0
491, 661.0, 139.0
492, 112.0, 377.0
493, 17.0, 207.0
494, 128.0, 420.0
495, 512.0, 22.0
496, 248.0, 56.0
497, 339.0, 232.0
498, 185.0, 158.0
499, 672.0, 151.0
