0, 428.0, 330.0
1, 469.0, 55.0
2, 123.0, 288.0
3, 157.0, 294.0
4, 453.0, 98.0
5, 187.0, 323.0
6, 408.0, 191.0
7, 112.0, 175.0
8, 550.0, 53.0
9, 282.0, 428.0
10, 432.0, 344.0
11, 380.0, 48.0
12, 431.0, 230.0
13, 157.0, 423.0
14, 440.0, 19.0
15, 442.0, 273.0
16, 504.0, 277.0
17, 154.0, 168.0
18, 83.0, 277.0
19, 137.0, 292.0
20, 394.0, 76.0
21, 136.0, 263.0
22, 453.0, 88.0
23, 76.0, 410.0
24, 538.0, 337.0
25, 512.0, 376.0
26, 463.0, 201.0
27, 534.0, 48.0
28, 152.0, 109.0
29, 432.0, 461.0
30, 132.0, 88.0
31, 439.0, 29.0
32, 86.0, 291.0
33, 491.0, 297.0
34, 496.0, 51.0
35, 536.0, 9.0
36, 523.0, 329.0
37, 517.0, 214.0
38, 415.0, 88.0
39, 55.0, 160.0
40, 99.0, 305.0
41, 413.0, 287.0
42, 467.0, 24.0
43, 152.0, 78.0
44, 69.0, 69.0
45, 420.0, 99.0
46, 395.0, 323.0
47, 545.0, 198.0
48, 85.0, 443.0
49, 279.0, 461.0
50, 442.0, 59.0
51, 183.0, 267.0
52, 435.0, 187.0
53, 496.0, 286.0
54, 514.0, 360.0
55, 101.0, 33.0
56, 124.0, 256.0
57, 115.0, 192.0
58, 182.0, 343.0
59, 137.0, 17.0
60, 420.0, 144.0
61, 593.0, 453.0
62, 466.0, 14.0
63, 429.0, 426.0
64, 15.0, 164.0
65, 487.0, 197.0
66, 397.0, 117.0
67, 72.0, 299.0
68, 440.0, 145.0
69, 148.0, 18.0
70, 129.0, 153.0
71, 83.0, 229.0
72, 435.0, 219.0
73, 550.0, 346.0
74, 532.0, 109.0
75, 439.0, 262.0
76, 561.0, 293.0
77, 464.0, 162.0
78, 482.0, 95.0
79, 77.0, 157.0
80, 529.0, 217.0
81, 51.0, 248.0
82, 120.0, 28.0
83, 408.0, 361.0
84, 463.0, 352.0
85, 422.0, 313.0
86, 314.0, 56.0
87, 520.0, 257.0
88, 406.0, 468.0
89, 176.0, 165.0
90, 426.0, 21.0
91, 169.0, 348.0
92, 382.0, 116.0
93, 346.0, 295.0
94, 384.0, 144.0
95, 8.0, 141.0
96, 478.0, 229.0
97, 479.0, 207.0
98, 177.0, 180.0
99, 520.0, 128.0
100, 141.0, 76.0
101, 489.0, 321.0
102, 380.0, 77.0
103, 429.0, 259.0
104, 467.0, 97.0
105, 281.0, 443.0
106, 450.0, 358.0
107, 445.0, 453.0
108, 177.0, 251.0
109, 388.0, 245.0
110, 422.0, 230.0
111, 303.0, 167.0
112, 511.0, 388.0
113, 493.0, 212.0
114, 62.0, 220.0
115, 422.0, 213.0
116, 165.0, 465.0
117, 518.0, 392.0
118, 60.0, 183.0
119, 206.0, 320.0
120, 21.0, 189.0
121, 469.0, 367.0
122, 401.0, 243.0
123, 489.0, 151.0
124, 170.0, 129.0
125, 43.0, 224.0
126, 167.0, 335.0
127, 343.0, 17.0
128, 511.0, 471.0
129, 519.0, 148.0
130, 556.0, 373.0
131, 323.0, 43.0
132, 181.0, 194.0
133, 451.0, 464.0
134, 132.0, 170.0
135, 502.0, 123.0
136, 439.0, 8.0
137, 463.0, 220.0
138, 415.0, 260.0
139, 466.0, 431.0
140, 455.0, 370.0
141, 63.0, 392.0
142, 112.0, 360.0
143, 544.0, 64.0
144, 138.0, 108.0
145, 97.0, 19.0
146, 395.0, 294.0
147, 172.0, 149.0
148, 469.0, 66.0
149, 438.0, 363.0
150, 447.0, 298.0
151, 346.0, 118.0
152, 446.0, 341.0
153, 464.0, 128.0
154, 426.0, 277.0
155, 581.0, 49.0
156, 53.0, 116.0
157, 456.0, 345.0
158, 399.0, 191.0
159, 26.0, 342.0
160, 96.0, 177.0
161, 27.0, 210.0
162, 401.0, 351.0
163, 504.0, 150.0
164, 556.0, 394.0
165, 404.0, 49.0
166, 242.0, 437.0
167, 33.0, 63.0
168, 48.0, 65.0
169, 442.0, 68.0
170, 523.0, 349.0
171, 22.0, 128.0
172, 406.0, 99.0
173, 418.0, 28.0
174, 69.0, 379.0
175, 127.0, 273.0
176, 562.0, 347.0
177, 437.0, 375.0
178, 424.0, 289.0
179, 481.0, 12.0
180, 502.0, 460.0
181, 74.0, 366.0
182, 554.0, 68.0
183, 574.0, 32.0
184, 105.0, 374.0
185, 443.0, 283.0
186, 255.0, 356.0
187, 495.0, 379.0
188, 166.0, 292.0
189, 519.0, 270.0
190, 422.0, 360.0
191, 115.0, 269.0
192, 517.0, 241.0
193, 190.0, 435.0
194, 165.0, 234.0
195, 540.0, 349.0
196, 398.0, 208.0
197, 366.0, 390.0
198, 561.0, 136.0
199, 160.0, 365.0
200, 26.0, 405.0
201, 140.0, 424.0
202, 17.0, 15.0
203, 231.0, 338.0
204, 82.0, 430.0
205, 505.0, 267.0
206, 336.0, 411.0
207, 84.0, 395.0
208, 157.0, 184.0
209, 480.0, 249.0
210, 52.0, 352.0
211, 432.0, 129.0
212, 52.0, 141.0
213, 539.0, 362.0
214, 413.0, 456.0
215, 546.0, 177.0
216, 434.0, 82.0
217, 573.0, 356.0
218, 408.0, 180.0
219, 166.0, 279.0
220, 563.0, 451.0
221, 506.0, 218.0
222, 406.0, 116.0
223, 72.0, 388.0
224, 435.0, 298.0
225, 35.0, 162.0
226, 499.0, 82.0
227, 379.0, 286.0
228, 262.0, 30.0
229, 194.0, 350.0
230, 41.0, 77.0
231, 506.0, 299.0
232, 220.0, 470.0
233, 408.0, 219.0
234, 68.0, 435.0
235, 385.0, 347.0
236, 494.0, 230.0
237, 358.0, 373.0
238, 440.0, 320.0
239, 184.0, 409.0
240, 434.0, 112.0
241, 487.0, 240.0
242, 522.0, 88.0
243, 424.0, 241.0
244, 352.0, 457.0
245, 215.0, 409.0
246, 137.0, 143.0
247, 112.0, 86.0
248, 445.0, 225.0
249, 386.0, 232.0
250, 419.0, 253.0
251, 510.0, 73.0
252, 386.0, 201.0
253, 601.0, 409.0
254, 91.0, 463.0
255, 156.0, 218.0
256, 340.0, 211.0
257, 306.0, 217.0
258, 506.0, 253.0
259, 166.0, 166.0
260, 563.0, 20.0
261, 445.0, 242.0
262, 402.0, 315.0
263, 421.0, 189.0
264, 497.0, 360.0
265, 407.0, 387.0
266, 400.0, 425.0
267, 247.0, 425.0
268, 383.0, 103.0
269, 406.0, 145.0
270, 551.0, 274.0
271, 193.0, 242.0
272, 198.0, 261.0
273, 185.0, 461.0
274, 164.0, 91.0
275, 61.0, 59.0
276, 148.0, 300.0
277, 32.0, 272.0
278, 381.0, 305.0
279, 98.0, 211.0
280, 102.0, 402.0
281, 602.0, 282.0
282, 526.0, 14.0
283, 482.0, 279.0
284, 222.0, 455.0
285, 350.0, 390.0
286, 361.0, 292.0
287, 498.0, 406.0
288, 16.0, 360.0
289, 403.0, 89.0
290, 506.0, 331.0
291, 528.0, 362.0
292, 397.0, 339.0
293, 62.0, 419.0
294, 72.0, 251.0
295, 525.0, 373.0
296, 541.0, 457.0
297, 534.0, 324.0
298, 189.0, 336.0
299, 99.0, 327.0
300, 392.0, 307.0
301, 72.0, 321.0
302, 43.0, 319.0
303, 364.0, 61.0
304, 29.0, 115.0
305, 421.0, 470.0
306, 389.0, 390.0
307, 122.0, 51.0
308, 535.0, 30.0
309, 394.0, 272.0
310, 129.0, 143.0
311, 554.0, 209.0
312, 390.0, 376.0
313, 83.0, 180.0
314, 479.0, 23.0
315, 412.0, 333.0
316, 19.0, 77.0
317, 465.0, 409.0
318, 550.0, 19.0
319, 361.0, 117.0
320, 263.0, 429.0
321, 431.0, 70.0
322, 383.0, 255.0
323, 127.0, 190.0
324, 565.0, 58.0
325, 166.0, 324.0
326, 402.0, 299.0
327, 180.0, 447.0
328, 412.0, 312.0
329, 25.0, 230.0
330, 489.0, 307.0
331, 602.0, 34.0
332, 290.0, 33.0
333, 101.0, 387.0
334, 491.0, 425.0
335, 531.0, 126.0
336, 32.0, 357.0
337, 73.0, 139.0
338, 80.0, 265.0
339, 309.0, 24.0
340, 126.0, 75.0
341, 30.0, 39.0
342, 601.0, 12.0
343, 464.0, 110.0
344, 156.0, 126.0
345, 530.0, 177.0
346, 208.0, 396.0
347, 487.0, 186.0
348, 508.0, 227.0
349, 500.0, 106.0
350, 472.0, 294.0
351, 347.0, 426.0
352, 529.0, 196.0
353, 467.0, 86.0
354, 91.0, 156.0
355, 465.0, 265.0
356, 523.0, 60.0
357, 11.0, 408.0
358, 231.0, 456.0
359, 599.0, 423.0
360, 318.0, 188.0
361, 103.0, 47.0
362, 114.0, 443.0
363, 605.0, 441.0
364, 560.0, 330.0
365, 156.0, 56.0
366, 149.0, 373.0
367, 327.0, 352.0
368, 397.0, 182.0
369, 46.0, 453.0
370, 385.0, 324.0
371, 74.0, 459.0
372, 290.0, 195.0
373, 517.0, 288.0
374, 412.0, 50.0
375, 416.0, 271.0
376, 198.0, 449.0
377, 77.0, 308.0
378, 110.0, 210.0
379, 140.0, 270.0
380, 53.0, 79.0
381, 39.0, 142.0
382, 58.0, 304.0
383, 418.0, 13.0
384, 15.0, 62.0
385, 583.0, 238.0
386, 141.0, 239.0
387, 510.0, 291.0
388, 74.0, 12.0
389, 519.0, 308.0
390, 54.0, 35.0
391, 307.0, 116.0
392, 394.0, 48.0
393, 164.0, 268.0
394, 372.0, 399.0
395, 335.0, 144.0
396, 539.0, 251.0
397, 495.0, 62.0
398, 589.0, 427.0
399, 314.0, 163.0
400, 492.0, 277.0
401, 434.0, 203.0
402, 600.0, 334.0
403, 395.0, 448.0
404, 113.0, 383.0
405, 420.0, 119.0
406, 30.0, 89.0
407, 69.0, 26.0
408, 154.0, 46.0
409, 346.0, 49.0
410, 333.0, 116.0
411, 323.0, 230.0
412, 563.0, 274.0
413, 218.0, 435.0
414, 162.0, 253.0
415, 273.0, 138.0
416, 351.0, 325.0
417, 272.0, 429.0
418, 37.0, 289.0
419, 186.0, 397.0
420, 101.0, 287.0
421, 376.0, 361.0
422, 63.0, 402.0
423, 526.0, 26.0
424, 441.0, 170.0
425, 343.0, 244.0
426, 162.0, 317.0
427, 538.0, 444.0
428, 552.0, 247.0
429, 738.0, 371.0
430, 135.0, 39.0
431, 230.0, 448.0
432, 473.0, 384.0
433, 202.0, 270.0
434, 447.0, 367.0
435, 176.0, 319.0
436, 121.0, 14.0
437, 124.0, 313.0
438, 121.0, 173.0
439, 575.0, 124.0
440, 326.0, 53.0
441, 23.0, 420.0
442, 372.0, 336.0
443, 110.0, 339.0
444, 521.0, 458.0
445, 364.0, 208.0
446, 12.0, 271.0
447, 150.0, 151.0
448, 582.0, 440.0
449, 446.0, 196.0
450, 64.0, 202.0
451, 157.0, 341.0
452, 409.0, 9.0
453, 565.0, 436.0
454, 513.0, 424.0
455, 89.0, 381.0
456, 194.0, 125.0
457, 9.0, 326.0
458, 455.0, 125.0
459, 458.0, 292.0
460, 322.0, 451.0
461, 184.0, 215.0
462, 493.0, 260.0
463, 107.0, 416.0
464, 522.0, 48.0
465, 241.0, 353.0
466, 534.0, 395.0
467, 471.0, 314.0
468, 383.0, 131.0
469, 230.0, 151.0
470, 378.0, 23.0
471, 270.0, 454.0
472, 197.0, 325.0
473, 26.0, 103.0
474, 423.0, 267.0
475, 111.0, 259.0
476, 536.0, 288.0
477, 372.0, 151.0
478, 429.0, 197.0
479, 361.0, 441.0
480, 537.0, 20.0
481, 351.0, 412.0
482, 402.0, 251.0
483, 124.0, 343.0
484, 211.0, 356.0
485, 130.0, 205.0
486, 44.0, 356.0
487, 68.0, 122.0
488, 176.0, 372.0
489, 226.0, 423.0
490, 473.0, 151.0
491, 579.0, 341.0
492, 393.0, 173.0
493, 141.0, 119.0
494, 431.0, 42.0
495, 296.0, 140.0
496, 273.0, 197.0
497, 591.0, 378.0
498, 66.0, 81.0
499, 186.0, 362.0
