0, 153.0, 239.0
1, 532.0, 201.0
2, 388.0, 426.0
3, 205.0, 335.0
4, 614.0, 347.0
5, 412.0, 273.0
6, 421.0, 265.0
7, 447.0, 258.0
8, 535.0, 223.0
9, 646.0, 126.0
10, 182.0, 192.0
11, 355.0, 357.0
12, 158.0, 326.0
13, 368.0, 354.0
14, 104.0, 331.0
15, 395.0, 308.0
16, 112.0, 213.0
17, 383.0, 381.0
18, 676.0, 289.0
19, 661.0, 190.0
20, 240.0, 189.0
21, 444.0, 297.0
22, 609.0, 206.0
23, 583.0, 221.0
24, 64.0, 196.0
25, 556.0, 297.0
26, 469.0, 40.0
27, 220.0, 115.0
28, 642.0, 224.0
29, 147.0, 329.0
30, 624.0, 353.0
31, 291.0, 342.0
32, 135.0, 267.0
33, 534.0, 166.0
34, 418.0, 377.0
35, 116.0, 225.0
36, 292.0, 370.0
37, 289.0, 168.0
38, 110.0, 247.0
39, 376.0, 224.0
40, 575.0, 192.0
41, 77.0, 424.0
42, 419.0, 85.0
43, 156.0, 441.0
44, 409.0, 233.0
45, 409.0, 157.0
46, 481.0, 29.0
47, 53.0, 399.0
48, 100.0, 312.0
49, 598.0, 235.0
50, 142.0, 204.0
51, 197.0, 167.0
52, 286.0, 192.0
53, 460.0, 51.0
54, 79.0, 350.0
55, 151.0, 141.0
56, 191.0, 208.0
57, 90.0, 275.0
58, 556.0, 156.0
59, 552.0, 181.0
60, 403.0, 378.0
61, 305.0, 175.0
62, 482.0, 215.0
63, 479.0, 41.0
64, 298.0, 297.0
65, 619.0, 286.0
66, 710.0, 173.0
67, 129.0, 411.0
68, 409.0, 176.0
69, 295.0, 430.0
70, 601.0, 360.0
71, 288.0, 208.0
72, 238.0, 262.0
73, 109.0, 299.0
74, 145.0, 316.0
75, 602.0, 156.0
76, 637.0, 154.0
77, 179.0, 431.0
78, 254.0, 385.0
79, 569.0, 401.0
80, 685.0, 282.0
81, 60.0, 281.0
82, 279.0, 444.0
83, 510.0, 265.0
84, 150.0, 219.0
85, 113.0, 319.0
86, 131.0, 440.0
87, 267.0, 376.0
88, 674.0, 232.0
89, 411.0, 393.0
90, 504.0, 260.0
91, 104.0, 227.0
92, 625.0, 339.0
93, 610.0, 77.0
94, 670.0, 100.0
95, 397.0, 158.0
96, 452.0, 245.0
97, 616.0, 464.0
98, 262.0, 225.0
99, 125.0, 214.0
100, 407.0, 463.0
101, 466.0, 405.0
102, 469.0, 20.0
103, 355.0, 258.0
104, 67.0, 353.0
105, 36.0, 409.0
106, 521.0, 268.0
107, 381.0, 436.0
108, 647.0, 208.0
109, 568.0, 156.0
110, 565.0, 213.0
111, 463.0, 174.0
112, 232.0, 466.0
113, 205.0, 286.0
114, 474.0, 429.0
115, 396.0, 327.0
116, 103.0, 272.0
117, 94.0, 409.0
118, 436.0, 287.0
119, 418.0, 417.0
120, 379.0, 366.0
121, 592.0, 377.0
122, 499.0, 272.0
123, 522.0, 145.0
124, 138.0, 241.0
125, 129.0, 388.0
126, 332.0, 197.0
127, 486.0, 149.0
128, 690.0, 327.0
129, 550.0, 210.0
130, 208.0, 191.0
131, 631.0, 120.0
132, 263.0, 354.0
133, 436.0, 67.0
134, 604.0, 175.0
135, 383.0, 403.0
136, 111.0, 310.0
137, 627.0, 231.0
138, 100.0, 41.0
139, 156.0, 314.0
140, 388.0, 118.0
141, 102.0, 346.0
142, 153.0, 194.0
143, 422.0, 403.0
144, 415.0, 216.0
145, 712.0, 267.0
146, 37.0, 260.0
147, 345.0, 251.0
148, 680.0, 90.0
149, 464.0, 190.0
150, 491.0, 401.0
151, 704.0, 111.0
152, 393.0, 471.0
153, 188.0, 91.0
154, 198.0, 71.0
155, 638.0, 174.0
156, 20.0, 346.0
157, 116.0, 328.0
158, 575.0, 261.0
159, 530.0, 239.0
160, 495.0, 469.0
161, 483.0, 329.0
162, 152.0, 203.0
163, 579.0, 146.0
164, 35.0, 452.0
165, 206.0, 61.0
166, 690.0, 242.0
167, 409.0, 167.0
168, 381.0, 348.0
169, 622.0, 166.0
170, 54.0, 258.0
171, 45.0, 367.0
172, 465.0, 142.0
173, 102.0, 321.0
174, 134.0, 221.0
175, 625.0, 194.0
176, 674.0, 196.0
177, 404.0, 363.0
178, 487.0, 185.0
179, 398.0, 387.0
180, 287.0, 180.0
181, 35.0, 286.0
182, 687.0, 76.0
183, 472.0, 240.0
184, 568.0, 172.0
185, 369.0, 442.0
186, 98.0, 302.0
187, 455.0, 460.0
188, 66.0, 386.0
189, 143.0, 300.0
190, 490.0, 53.0
191, 108.0, 51.0
192, 398.0, 74.0
193, 686.0, 253.0
194, 616.0, 336.0
195, 91.0, 229.0
196, 501.0, 44.0
197, 200.0, 180.0
198, 490.0, 30.0
199, 303.0, 351.0
200, 401.0, 259.0
201, 432.0, 415.0
202, 624.0, 244.0
203, 295.0, 412.0
204, 153.0, 277.0
205, 306.0, 202.0
206, 617.0, 89.0
207, 96.0, 250.0
208, 385.0, 338.0
209, 377.0, 160.0
210, 239.0, 172.0
211, 672.0, 261.0
212, 204.0, 35.0
213, 627.0, 27.0
214, 315.0, 186.0
215, 470.0, 131.0
216, 398.0, 135.0
217, 29.0, 376.0
218, 150.0, 159.0
219, 370.0, 392.0
220, 346.0, 172.0
221, 509.0, 252.0
222, 649.0, 110.0
223, 357.0, 329.0
224, 581.0, 26.0
225, 379.0, 325.0
226, 191.0, 111.0
227, 196.0, 150.0
228, 315.0, 246.0
229, 450.0, 156.0
230, 593.0, 176.0
231, 36.0, 388.0
232, 397.0, 177.0
233, 729.0, 190.0
234, 377.0, 142.0
235, 95.0, 359.0
236, 147.0, 123.0
237, 446.0, 229.0
238, 185.0, 332.0
239, 697.0, 342.0
240, 581.0, 290.0
241, 633.0, 205.0
242, 532.0, 154.0
243, 622.0, 76.0
244, 702.0, 244.0
245, 411.0, 304.0
246, 446.0, 206.0
247, 502.0, 95.0
248, 227.0, 239.0
249, 280.0, 156.0
250, 437.0, 106.0
251, 381.0, 417.0
252, 422.0, 283.0
253, 388.0, 85.0
254, 506.0, 342.0
255, 644.0, 138.0
256, 387.0, 160.0
257, 377.0, 120.0
258, 448.0, 184.0
259, 590.0, 257.0
260, 114.0, 420.0
261, 29.0, 236.0
262, 160.0, 186.0
263, 693.0, 232.0
264, 600.0, 111.0
265, 345.0, 184.0
266, 498.0, 455.0
267, 371.0, 254.0
268, 588.0, 79.0
269, 628.0, 218.0
270, 591.0, 356.0
271, 596.0, 205.0
272, 481.0, 86.0
273, 700.0, 160.0
274, 386.0, 178.0
275, 589.0, 268.0
276, 362.0, 369.0
277, 138.0, 154.0
278, 47.0, 233.0
279, 81.0, 413.0
280, 601.0, 332.0
281, 129.0, 429.0
282, 448.0, 38.0
283, 224.0, 203.0
284, 78.0, 217.0
285, 120.0, 436.0
286, 703.0, 197.0
287, 169.0, 249.0
288, 484.0, 167.0
289, 520.0, 167.0
290, 88.0, 160.0
291, 277.0, 201.0
292, 478.0, 72.0
293, 74.0, 203.0
294, 451.0, 171.0
295, 711.0, 301.0
296, 426.0, 316.0
297, 409.0, 284.0
298, 563.0, 387.0
299, 282.0, 363.0
300, 680.0, 356.0
301, 517.0, 230.0
302, 717.0, 250.0
303, 91.0, 464.0
304, 609.0, 323.0
305, 727.0, 415.0
306, 131.0, 452.0
307, 251.0, 16.0
308, 618.0, 186.0
309, 567.0, 146.0
310, 274.0, 415.0
311, 619.0, 203.0
312, 300.0, 469.0
313, 494.0, 89.0
314, 547.0, 266.0
315, 340.0, 14.0
316, 592.0, 225.0
317, 233.0, 455.0
318, 304.0, 283.0
319, 29.0, 464.0
320, 412.0, 27.0
321, 221.0, 24.0
322, 658.0, 247.0
323, 316.0, 57.0
324, 689.0, 292.0
325, 47.0, 440.0
326, 237.0, 50.0
327, 165.0, 261.0
328, 182.0, 225.0
329, 253.0, 366.0
330, 114.0, 12.0
331, 99.0, 215.0
332, 666.0, 174.0
333, 634.0, 253.0
334, 379.0, 98.0
335, 280.0, 329.0
336, 192.0, 126.0
337, 706.0, 80.0
338, 473.0, 460.0
339, 292.0, 381.0
340, 305.0, 189.0
341, 641.0, 183.0
342, 22.0, 255.0
343, 741.0, 162.0
344, 319.0, 300.0
345, 549.0, 277.0
346, 651.0, 187.0
347, 398.0, 118.0
348, 538.0, 310.0
349, 391.0, 360.0
350, 527.0, 384.0
351, 295.0, 322.0
352, 722.0, 238.0
353, 707.0, 184.0
354, 697.0, 171.0
355, 436.0, 367.0
356, 235.0, 26.0
357, 697.0, 89.0
358, 102.0, 30.0
359, 264.0, 245.0
360, 332.0, 185.0
361, 195.0, 440.0
362, 710.0, 351.0
363, 395.0, 346.0
364, 588.0, 132.0
365, 703.0, 282.0
366, 260.0, 210.0
367, 84.0, 369.0
368, 407.0, 426.0
369, 467.0, 420.0
370, 379.0, 296.0
371, 289.0, 221.0
372, 36.0, 190.0
373, 87.0, 204.0
374, 196.0, 245.0
375, 561.0, 191.0
376, 536.0, 212.0
377, 416.0, 42.0
378, 552.0, 237.0
379, 95.0, 422.0
380, 710.0, 92.0
381, 51.0, 383.0
382, 462.0, 36.0
383, 375.0, 181.0
384, 19.0, 277.0
385, 456.0, 233.0
386, 696.0, 142.0
387, 549.0, 139.0
388, 723.0, 324.0
389, 553.0, 391.0
390, 345.0, 194.0
391, 595.0, 244.0
392, 462.0, 267.0
393, 646.0, 96.0
394, 233.0, 125.0
395, 576.0, 244.0
396, 412.0, 17.0
397, 560.0, 37.0
398, 109.0, 199.0
399, 533.0, 46.0
400, 565.0, 20.0
401, 296.0, 310.0
402, 398.0, 16.0
403, 624.0, 63.0
404, 703.0, 391.0
405, 662.0, 110.0
406, 175.0, 413.0
407, 21.0, 428.0
408, 369.0, 168.0
409, 611.0, 311.0
410, 68.0, 372.0
411, 653.0, 172.0
412, 707.0, 236.0
413, 228.0, 81.0
414, 254.0, 338.0
415, 132.0, 114.0
416, 52.0, 347.0
417, 421.0, 199.0
418, 429.0, 302.0
419, 501.0, 157.0
420, 573.0, 281.0
421, 413.0, 323.0
422, 418.0, 105.0
423, 307.0, 338.0
424, 462.0, 27.0
425, 417.0, 439.0
426, 733.0, 363.0
427, 253.0, 296.0
428, 90.0, 216.0
429, 395.0, 169.0
430, 719.0, 64.0
431, 458.0, 431.0
432, 684.0, 183.0
433, 294.0, 397.0
434, 387.0, 188.0
435, 49.0, 420.0
436, 102.0, 364.0
437, 206.0, 399.0
438, 695.0, 273.0
439, 411.0, 118.0
440, 518.0, 258.0
441, 175.0, 103.0
442, 723.0, 113.0
443, 614.0, 111.0
444, 477.0, 271.0
445, 316.0, 354.0
446, 598.0, 31.0
447, 436.0, 81.0
448, 494.0, 251.0
449, 187.0, 79.0
450, 454.0, 70.0
451, 169.0, 168.0
452, 639.0, 244.0
453, 42.0, 394.0
454, 470.0, 390.0
455, 168.0, 387.0
456, 521.0, 415.0
457, 448.0, 383.0
458, 80.0, 175.0
459, 663.0, 74.0
460, 471.0, 212.0
461, 60.0, 219.0
462, 511.0, 39.0
463, 700.0, 130.0
464, 328.0, 260.0
465, 112.0, 37.0
466, 435.0, 142.0
467, 431.0, 431.0
468, 39.0, 205.0
469, 438.0, 469.0
470, 347.0, 153.0
471, 546.0, 148.0
472, 631.0, 186.0
473, 91.0, 395.0
474, 19.0, 441.0
475, 142.0, 435.0
476, 656.0, 87.0
477, 678.0, 158.0
478, 36.0, 75.0
479, 716.0, 159.0
480, 123.0, 197.0
481, 429.0, 276.0
482, 499.0, 229.0
483, 124.0, 77.0
484, 624.0, 264.0
485, 481.0, 19.0
486, 736.0, 92.0
487, 16.0, 308.0
488, 433.0, 347.0
489, 447.0, 280.0
490, 230.0, 62.0
491, 421.0, 96.0
492, 595.0, 90.0
493, 340.0, 329.0
494, 394.0, 379.0
495, 263.0, 387.0
496, 242.0, 201.0
497, 447.0, 108.0
498, 558.0, 409.0
499, 568.0, 363.0
