0, 366.0, 309.0
1, 301.0, 328.0
2, 357.0, 253.0
3, 471.0, 324.0
4, 446.0, 349.0
5, 363.0, 215.0
6, 642.0, 420.0
7, 461.0, 333.0
8, 364.0, 330.0
9, 321.0, 280.0
10, 427.0, 225.0
11, 291.0, 352.0
12, 575.0, 362.0
13, 336.0, 227.0
14, 365.0, 181.0
15, 213.0, 381.0
16, 203.0, 454.0
17, 200.0, 387.0
18, 422.0, 350.0
19, 643.0, 410.0
20, 461.0, 294.0
21, 163.0, 411.0
22, 517.0, 393.0
23, 376.0, 61.0
24, 458.0, 273.0
25, 413.0, 85.0
26, 472.0, 298.0
27, 182.0, 211.0
28, 324.0, 164.0
29, 639.0, 436.0
30, 493.0, 376.0
31, 321.0, 197.0
32, 441.0, 238.0
33, 565.0, 436.0
34, 389.0, 272.0
35, 301.0, 350.0
36, 501.0, 329.0
37, 543.0, 187.0
38, 419.0, 257.0
39, 188.0, 466.0
40, 284.0, 179.0
41, 376.0, 317.0
42, 340.0, 215.0
43, 407.0, 67.0
44, 134.0, 216.0
45, 383.0, 83.0
46, 382.0, 240.0
47, 202.0, 150.0
48, 432.0, 207.0
49, 396.0, 170.0
50, 438.0, 354.0
51, 528.0, 163.0
52, 180.0, 196.0
53, 149.0, 50.0
54, 459.0, 230.0
55, 443.0, 321.0
56, 166.0, 237.0
57, 547.0, 165.0
58, 488.0, 345.0
59, 182.0, 241.0
60, 469.0, 314.0
61, 158.0, 390.0
62, 373.0, 398.0
63, 461.0, 214.0
64, 52.0, 289.0
65, 378.0, 94.0
66, 290.0, 132.0
67, 663.0, 443.0
68, 324.0, 178.0
69, 147.0, 14.0
70, 160.0, 345.0
71, 422.0, 197.0
72, 440.0, 262.0
73, 443.0, 202.0
74, 402.0, 387.0
75, 375.0, 272.0
76, 296.0, 149.0
77, 129.0, 279.0
78, 409.0, 244.0
79, 346.0, 80.0
80, 591.0, 454.0
81, 223.0, 412.0
82, 326.0, 328.0
83, 439.0, 171.0
84, 133.0, 365.0
85, 270.0, 274.0
86, 345.0, 95.0
87, 300.0, 178.0
88, 277.0, 209.0
89, 220.0, 392.0
90, 142.0, 417.0
91, 418.0, 68.0
92, 310.0, 145.0
93, 473.0, 278.0
94, 605.0, 354.0
95, 69.0, 98.0
96, 450.0, 396.0
97, 17.0, 457.0
98, 159.0, 402.0
99, 150.0, 464.0
100, 576.0, 229.0
101, 198.0, 370.0
102, 302.0, 340.0
103, 179.0, 454.0
104, 208.0, 333.0
105, 140.0, 342.0
106, 289.0, 217.0
107, 394.0, 185.0
108, 448.0, 279.0
109, 724.0, 458.0
110, 366.0, 137.0
111, 240.0, 252.0
112, 204.0, 187.0
113, 375.0, 137.0
114, 107.0, 231.0
115, 182.0, 263.0
116, 333.0, 62.0
117, 148.0, 180.0
118, 436.0, 193.0
119, 622.0, 11.0
120, 177.0, 410.0
121, 600.0, 366.0
122, 140.0, 358.0
123, 426.0, 382.0
124, 277.0, 231.0
125, 639.0, 369.0
126, 163.0, 453.0
127, 352.0, 175.0
128, 188.0, 187.0
129, 143.0, 450.0
130, 627.0, 361.0
131, 105.0, 197.0
132, 417.0, 362.0
133, 431.0, 416.0
134, 353.0, 139.0
135, 474.0, 177.0
136, 183.0, 253.0
137, 575.0, 430.0
138, 535.0, 440.0
139, 229.0, 298.0
140, 489.0, 194.0
141, 357.0, 369.0
142, 339.0, 191.0
143, 627.0, 190.0
144, 83.0, 235.0
145, 311.0, 323.0
146, 108.0, 209.0
147, 365.0, 19.0
148, 402.0, 82.0
149, 352.0, 117.0
150, 393.0, 78.0
151, 339.0, 175.0
152, 183.0, 220.0
153, 418.0, 134.0
154, 152.0, 360.0
155, 31.0, 261.0
156, 132.0, 204.0
157, 174.0, 398.0
158, 351.0, 204.0
159, 395.0, 361.0
160, 384.0, 285.0
161, 403.0, 194.0
162, 73.0, 119.0
163, 389.0, 325.0
164, 559.0, 378.0
165, 259.0, 174.0
166, 291.0, 341.0
167, 321.0, 223.0
168, 380.0, 353.0
169, 409.0, 20.0
170, 379.0, 331.0
171, 445.0, 313.0
172, 530.0, 387.0
173, 377.0, 369.0
174, 428.0, 236.0
175, 377.0, 50.0
176, 547.0, 467.0
177, 157.0, 259.0
178, 483.0, 251.0
179, 638.0, 152.0
180, 457.0, 347.0
181, 237.0, 166.0
182, 594.0, 314.0
183, 371.0, 115.0
184, 200.0, 139.0
185, 370.0, 79.0
186, 163.0, 443.0
187, 292.0, 326.0
188, 490.0, 178.0
189, 438.0, 293.0
190, 475.0, 256.0
191, 520.0, 405.0
192, 124.0, 41.0
193, 534.0, 119.0
194, 154.0, 445.0
195, 360.0, 269.0
196, 473.0, 392.0
197, 676.0, 338.0
198, 363.0, 240.0
199, 592.0, 12.0
200, 434.0, 277.0
201, 217.0, 288.0
202, 27.0, 144.0
203, 580.0, 408.0
204, 428.0, 286.0
205, 551.0, 145.0
206, 660.0, 333.0
207, 239.0, 307.0
208, 483.0, 323.0
209, 551.0, 450.0
210, 306.0, 218.0
211, 199.0, 270.0
212, 458.0, 438.0
213, 549.0, 416.0
214, 270.0, 175.0
215, 376.0, 20.0
216, 470.0, 348.0
217, 603.0, 465.0
218, 227.0, 215.0
219, 438.0, 406.0
220, 51.0, 259.0
221, 351.0, 212.0
222, 211.0, 354.0
223, 529.0, 145.0
224, 359.0, 74.0
225, 58.0, 150.0
226, 300.0, 312.0
227, 608.0, 443.0
228, 418.0, 450.0
229, 171.0, 426.0
230, 419.0, 149.0
231, 207.0, 76.0
232, 363.0, 381.0
233, 539.0, 399.0
234, 374.0, 217.0
235, 421.0, 329.0
236, 312.0, 165.0
237, 347.0, 260.0
238, 377.0, 455.0
239, 690.0, 220.0
240, 55.0, 71.0
241, 183.0, 274.0
242, 284.0, 165.0
243, 401.0, 124.0
244, 663.0, 383.0
245, 14.0, 87.0
246, 339.0, 286.0
247, 85.0, 99.0
248, 477.0, 117.0
249, 420.0, 303.0
250, 646.0, 192.0
251, 139.0, 385.0
252, 448.0, 252.0
253, 318.0, 313.0
254, 645.0, 121.0
255, 328.0, 266.0
256, 407.0, 33.0
257, 404.0, 100.0
258, 650.0, 385.0
259, 310.0, 290.0
260, 196.0, 355.0
261, 357.0, 161.0
262, 109.0, 471.0
263, 192.0, 202.0
264, 29.0, 310.0
265, 122.0, 241.0
266, 128.0, 72.0
267, 390.0, 452.0
268, 656.0, 426.0
269, 140.0, 237.0
270, 82.0, 267.0
271, 487.0, 210.0
272, 351.0, 290.0
273, 632.0, 175.0
274, 95.0, 295.0
275, 409.0, 381.0
276, 130.0, 437.0
277, 458.0, 138.0
278, 91.0, 265.0
279, 196.0, 341.0
280, 89.0, 120.0
281, 107.0, 108.0
282, 342.0, 140.0
283, 409.0, 224.0
284, 298.0, 429.0
285, 460.0, 115.0
286, 171.0, 381.0
287, 526.0, 366.0
288, 473.0, 191.0
289, 316.0, 255.0
290, 65.0, 185.0
291, 543.0, 177.0
292, 305.0, 275.0
293, 411.0, 278.0
294, 170.0, 294.0
295, 391.0, 92.0
296, 730.0, 438.0
297, 260.0, 209.0
298, 388.0, 253.0
299, 462.0, 174.0
300, 279.0, 196.0
301, 374.0, 166.0
302, 551.0, 12.0
303, 383.0, 185.0
304, 555.0, 118.0
305, 250.0, 162.0
306, 18.0, 265.0
307, 627.0, 200.0
308, 129.0, 348.0
309, 142.0, 365.0
310, 29.0, 251.0
311, 428.0, 96.0
312, 11.0, 430.0
313, 463.0, 257.0
314, 19.0, 224.0
315, 397.0, 372.0
316, 552.0, 351.0
317, 561.0, 463.0
318, 588.0, 437.0
319, 390.0, 421.0
320, 408.0, 208.0
321, 443.0, 228.0
322, 154.0, 226.0
323, 436.0, 373.0
324, 148.0, 380.0
325, 534.0, 418.0
326, 204.0, 39.0
327, 526.0, 210.0
328, 69.0, 109.0
329, 200.0, 11.0
330, 560.0, 90.0
331, 495.0, 242.0
332, 47.0, 215.0
333, 567.0, 11.0
334, 465.0, 404.0
335, 221.0, 171.0
336, 475.0, 207.0
337, 386.0, 338.0
338, 250.0, 256.0
339, 523.0, 423.0
340, 143.0, 149.0
341, 90.0, 69.0
342, 419.0, 394.0
343, 384.0, 124.0
344, 324.0, 241.0
345, 75.0, 401.0
346, 11.0, 67.0
347, 126.0, 256.0
348, 631.0, 323.0
349, 680.0, 329.0
350, 228.0, 271.0
351, 65.0, 76.0
352, 417.0, 96.0
353, 337.0, 303.0
354, 50.0, 121.0
355, 202.0, 402.0
356, 393.0, 297.0
357, 330.0, 314.0
358, 281.0, 437.0
359, 261.0, 315.0
360, 667.0, 371.0
361, 336.0, 207.0
362, 152.0, 455.0
363, 491.0, 392.0
364, 366.0, 282.0
365, 151.0, 298.0
366, 424.0, 173.0
367, 605.0, 197.0
368, 302.0, 360.0
369, 461.0, 420.0
370, 187.0, 293.0
371, 33.0, 49.0
372, 404.0, 184.0
373, 128.0, 416.0
374, 159.0, 38.0
375, 343.0, 163.0
376, 663.0, 20.0
377, 300.0, 256.0
378, 377.0, 301.0
379, 614.0, 423.0
380, 357.0, 303.0
381, 184.0, 344.0
382, 410.0, 112.0
383, 664.0, 156.0
384, 326.0, 90.0
385, 265.0, 65.0
386, 43.0, 204.0
387, 460.0, 186.0
388, 742.0, 372.0
389, 712.0, 396.0
390, 213.0, 257.0
391, 662.0, 397.0
392, 203.0, 166.0
393, 42.0, 306.0
394, 347.0, 326.0
395, 458.0, 76.0
396, 197.0, 219.0
397, 454.0, 449.0
398, 104.0, 354.0
399, 90.0, 211.0
400, 455.0, 370.0
401, 677.0, 217.0
402, 537.0, 90.0
403, 154.0, 317.0
404, 59.0, 318.0
405, 107.0, 380.0
406, 112.0, 243.0
407, 69.0, 148.0
408, 23.0, 121.0
409, 38.0, 69.0
410, 456.0, 154.0
411, 389.0, 63.0
412, 672.0, 124.0
413, 356.0, 359.0
414, 203.0, 26.0
415, 32.0, 206.0
416, 456.0, 324.0
417, 390.0, 32.0
418, 352.0, 188.0
419, 646.0, 240.0
420, 672.0, 403.0
421, 83.0, 183.0
422, 462.0, 313.0
423, 336.0, 117.0
424, 694.0, 311.0
425, 529.0, 185.0
426, 204.0, 417.0
427, 344.0, 63.0
428, 402.0, 148.0
429, 397.0, 434.0
430, 113.0, 252.0
431, 263.0, 267.0
432, 404.0, 295.0
433, 501.0, 212.0
434, 330.0, 110.0
435, 230.0, 378.0
436, 344.0, 130.0
437, 294.0, 377.0
438, 283.0, 404.0
439, 440.0, 452.0
440, 398.0, 50.0
441, 226.0, 233.0
442, 661.0, 456.0
443, 204.0, 312.0
444, 399.0, 308.0
445, 111.0, 220.0
446, 60.0, 110.0
447, 570.0, 27.0
448, 302.0, 230.0
449, 96.0, 234.0
450, 441.0, 330.0
451, 107.0, 260.0
452, 134.0, 264.0
453, 459.0, 303.0
454, 93.0, 222.0
455, 506.0, 182.0
456, 306.0, 77.0
457, 355.0, 106.0
458, 588.0, 466.0
459, 226.0, 346.0
460, 385.0, 103.0
461, 650.0, 89.0
462, 362.0, 462.0
463, 359.0, 59.0
464, 303.0, 447.0
465, 489.0, 286.0
466, 21.0, 161.0
467, 504.0, 199.0
468, 282.0, 322.0
469, 59.0, 121.0
470, 629.0, 427.0
471, 378.0, 412.0
472, 241.0, 419.0
473, 159.0, 200.0
474, 206.0, 55.0
475, 396.0, 65.0
476, 222.0, 451.0
477, 128.0, 229.0
478, 421.0, 216.0
479, 346.0, 240.0
480, 62.0, 58.0
481, 37.0, 218.0
482, 549.0, 26.0
483, 221.0, 79.0
484, 645.0, 18.0
485, 167.0, 175.0
486, 408.0, 263.0
487, 320.0, 401.0
488, 255.0, 351.0
489, 131.0, 449.0
490, 708.0, 467.0
491, 277.0, 368.0
492, 229.0, 160.0
493, 326.0, 78.0
494, 383.0, 209.0
495, 555.0, 431.0
496, 80.0, 256.0
497, 254.0, 378.0
498, 421.0, 112.0
499, 58.0, 201.0
