0, 287.0, 114.0
1, 241.0, 17.0
2, 470.0, 102.0
3, 665.0, 219.0
4, 379.0, 100.0
5, 333.0, 177.0
6, 156.0, 82.0
7, 144.0, 142.0
8, 536.0, 155.0
9, 347.0, 79.0
10, 636.0, 115.0
11, 100.0, 265.0
12, 170.0, 121.0
13, 101.0, 152.0
14, 557.0, 168.0
15, 641.0, 179.0
16, 184.0, 154.0
17, 252.0, 217.0
18, 317.0, 145.0
19, 432.0, 52.0
20, 359.0, 118.0
21, 582.0, 21.0
22, 638.0, 40.0
23, 296.0, 275.0
24, 154.0, 22.0
25, 140.0, 151.0
26, 211.0, 177.0
27, 234.0, 235.0
28, 504.0, 179.0
29, 429.0, 92.0
30, 412.0, 37.0
31, 368.0, 130.0
32, 316.0, 174.0
33, 165.0, 8.0
34, 83.0, 11.0
35, 123.0, 20.0
36, 79.0, 323.0
37, 408.0, 109.0
38, 670.0, 251.0
39, 252.0, 133.0
40, 625.0, 158.0
41, 159.0, 370.0
42, 333.0, 124.0
43, 615.0, 49.0
44, 728.0, 41.0
45, 458.0, 101.0
46, 453.0, 27.0
47, 123.0, 99.0
48, 238.0, 146.0
49, 193.0, 30.0
50, 426.0, 130.0
51, 215.0, 49.0
52, 359.0, 101.0
53, 675.0, 211.0
54, 323.0, 162.0
55, 377.0, 186.0
56, 322.0, 190.0
57, 567.0, 156.0
58, 390.0, 171.0
59, 96.0, 360.0
60, 380.0, 24.0
61, 117.0, 283.0
62, 126.0, 9.0
63, 112.0, 364.0
64, 380.0, 90.0
65, 308.0, 107.0
66, 158.0, 323.0
67, 167.0, 58.0
68, 542.0, 321.0
69, 143.0, 88.0
70, 393.0, 68.0
71, 561.0, 246.0
72, 472.0, 162.0
73, 576.0, 100.0
74, 662.0, 41.0
75, 575.0, 204.0
76, 377.0, 51.0
77, 357.0, 164.0
78, 327.0, 78.0
79, 530.0, 144.0
80, 183.0, 132.0
81, 349.0, 69.0
82, 683.0, 283.0
83, 323.0, 97.0
84, 359.0, 69.0
85, 521.0, 96.0
86, 274.0, 274.0
87, 359.0, 50.0
88, 301.0, 196.0
89, 453.0, 160.0
90, 478.0, 116.0
91, 469.0, 132.0
92, 717.0, 148.0
93, 168.0, 164.0
94, 193.0, 192.0
95, 548.0, 196.0
96, 239.0, 160.0
97, 49.0, 30.0
98, 381.0, 68.0
99, 533.0, 103.0
100, 322.0, 297.0
101, 195.0, 154.0
102, 363.0, 140.0
103, 326.0, 49.0
104, 70.0, 408.0
105, 564.0, 349.0
106, 101.0, 45.0
107, 702.0, 120.0
108, 728.0, 261.0
109, 465.0, 60.0
110, 219.0, 156.0
111, 544.0, 176.0
112, 678.0, 117.0
113, 342.0, 57.0
114, 231.0, 34.0
115, 432.0, 67.0
116, 671.0, 40.0
117, 287.0, 85.0
118, 525.0, 219.0
119, 703.0, 190.0
120, 716.0, 30.0
121, 336.0, 87.0
122, 713.0, 269.0
123, 87.0, 163.0
124, 438.0, 126.0
125, 369.0, 88.0
126, 105.0, 254.0
127, 227.0, 200.0
128, 378.0, 116.0
129, 129.0, 369.0
130, 412.0, 68.0
131, 484.0, 54.0
132, 712.0, 50.0
133, 157.0, 309.0
134, 475.0, 144.0
135, 222.0, 61.0
136, 77.0, 343.0
137, 566.0, 99.0
138, 239.0, 222.0
139, 112.0, 409.0
140, 667.0, 265.0
141, 265.0, 138.0
142, 617.0, 82.0
143, 320.0, 135.0
144, 125.0, 224.0
145, 142.0, 309.0
146, 575.0, 132.0
147, 563.0, 118.0
148, 665.0, 145.0
149, 179.0, 23.0
150, 673.0, 12.0
151, 586.0, 215.0
152, 358.0, 89.0
153, 257.0, 100.0
154, 627.0, 113.0
155, 297.0, 168.0
156, 379.0, 132.0
157, 383.0, 176.0
158, 313.0, 231.0
159, 245.0, 39.0
160, 131.0, 350.0
161, 508.0, 68.0
162, 358.0, 150.0
163, 260.0, 231.0
164, 197.0, 124.0
165, 549.0, 47.0
166, 461.0, 69.0
167, 403.0, 122.0
168, 180.0, 340.0
169, 379.0, 161.0
170, 369.0, 69.0
171, 234.0, 209.0
172, 126.0, 322.0
173, 297.0, 208.0
174, 76.0, 206.0
175, 349.0, 49.0
176, 415.0, 123.0
177, 678.0, 94.0
178, 436.0, 12.0
179, 669.0, 118.0
180, 168.0, 336.0
181, 26.0, 34.0
182, 299.0, 238.0
183, 619.0, 31.0
184, 659.0, 53.0
185, 292.0, 190.0
186, 69.0, 31.0
187, 312.0, 49.0
188, 260.0, 276.0
189, 161.0, 353.0
190, 412.0, 52.0
191, 165.0, 20.0
192, 174.0, 324.0
193, 607.0, 83.0
194, 68.0, 17.0
195, 434.0, 24.0
196, 424.0, 166.0
197, 101.0, 286.0
198, 676.0, 135.0
199, 310.0, 199.0
200, 566.0, 231.0
201, 427.0, 105.0
202, 737.0, 123.0
203, 213.0, 211.0
204, 498.0, 250.0
205, 322.0, 125.0
206, 669.0, 29.0
207, 585.0, 173.0
208, 130.0, 131.0
209, 548.0, 100.0
210, 360.0, 203.0
211, 96.0, 418.0
212, 45.0, 62.0
213, 690.0, 53.0
214, 115.0, 154.0
215, 688.0, 118.0
216, 279.0, 171.0
217, 482.0, 100.0
218, 270.0, 23.0
219, 588.0, 30.0
220, 448.0, 52.0
221, 699.0, 30.0
222, 394.0, 51.0
223, 223.0, 181.0
224, 325.0, 87.0
225, 191.0, 107.0
226, 659.0, 65.0
227, 572.0, 170.0
228, 302.0, 226.0
229, 407.0, 136.0
230, 740.0, 68.0
231, 369.0, 183.0
232, 493.0, 65.0
233, 106.0, 240.0
234, 180.0, 66.0
235, 666.0, 128.0
236, 503.0, 227.0
237, 116.0, 334.0
238, 505.0, 21.0
239, 683.0, 71.0
240, 557.0, 130.0
241, 338.0, 271.0
242, 563.0, 70.0
243, 671.0, 180.0
244, 24.0, 199.0
245, 299.0, 263.0
246, 278.0, 148.0
247, 39.0, 296.0
248, 263.0, 92.0
249, 648.0, 70.0
250, 566.0, 29.0
251, 79.0, 225.0
252, 525.0, 154.0
253, 674.0, 235.0
254, 137.0, 45.0
255, 43.0, 179.0
256, 12.0, 206.0
257, 684.0, 254.0
258, 315.0, 42.0
259, 570.0, 78.0
260, 704.0, 228.0
261, 505.0, 213.0
262, 426.0, 446.0
263, 284.0, 128.0
264, 68.0, 267.0
265, 584.0, 46.0
266, 693.0, 166.0
267, 489.0, 165.0
268, 143.0, 322.0
269, 321.0, 56.0
270, 263.0, 115.0
271, 432.0, 42.0
272, 411.0, 168.0
273, 239.0, 99.0
274, 249.0, 115.0
275, 180.0, 193.0
276, 639.0, 146.0
277, 143.0, 129.0
278, 564.0, 302.0
279, 469.0, 115.0
280, 152.0, 385.0
281, 325.0, 201.0
282, 409.0, 93.0
283, 540.0, 366.0
284, 668.0, 282.0
285, 341.0, 110.0
286, 475.0, 221.0
287, 147.0, 109.0
288, 525.0, 198.0
289, 107.0, 130.0
290, 582.0, 10.0
291, 639.0, 30.0
292, 187.0, 209.0
293, 420.0, 57.0
294, 316.0, 250.0
295, 332.0, 104.0
296, 267.0, 218.0
297, 446.0, 66.0
298, 682.0, 144.0
299, 400.0, 391.0
300, 547.0, 268.0
301, 443.0, 103.0
302, 239.0, 171.0
303, 659.0, 160.0
304, 443.0, 40.0
305, 636.0, 52.0
306, 270.0, 45.0
307, 667.0, 53.0
308, 41.0, 340.0
309, 605.0, 61.0
310, 96.0, 349.0
311, 701.0, 278.0
312, 477.0, 256.0
313, 309.0, 24.0
314, 40.0, 198.0
315, 721.0, 322.0
316, 310.0, 152.0
317, 296.0, 134.0
318, 537.0, 289.0
319, 579.0, 237.0
320, 625.0, 122.0
321, 310.0, 121.0
322, 276.0, 117.0
323, 198.0, 214.0
324, 182.0, 123.0
325, 22.0, 21.0
326, 594.0, 102.0
327, 471.0, 81.0
328, 115.0, 50.0
329, 432.0, 255.0
330, 572.0, 277.0
331, 43.0, 278.0
332, 733.0, 31.0
333, 149.0, 341.0
334, 410.0, 225.0
335, 75.0, 134.0
336, 533.0, 169.0
337, 597.0, 185.0
338, 399.0, 15.0
339, 334.0, 160.0
340, 76.0, 62.0
341, 647.0, 215.0
342, 554.0, 67.0
343, 452.0, 198.0
344, 113.0, 349.0
345, 299.0, 118.0
346, 564.0, 109.0
347, 524.0, 108.0
348, 351.0, 214.0
349, 540.0, 128.0
350, 402.0, 77.0
351, 176.0, 111.0
352, 90.0, 223.0
353, 735.0, 210.0
354, 600.0, 111.0
355, 32.0, 150.0
356, 471.0, 31.0
357, 273.0, 92.0
358, 127.0, 261.0
359, 548.0, 346.0
360, 456.0, 131.0
361, 171.0, 368.0
362, 407.0, 180.0
363, 268.0, 182.0
364, 392.0, 99.0
365, 407.0, 153.0
366, 113.0, 390.0
367, 147.0, 353.0
368, 637.0, 105.0
369, 147.0, 68.0
370, 600.0, 168.0
371, 735.0, 289.0
372, 133.0, 233.0
373, 524.0, 71.0
374, 622.0, 451.0
375, 105.0, 109.0
376, 577.0, 142.0
377, 163.0, 187.0
378, 192.0, 170.0
379, 319.0, 13.0
380, 136.0, 394.0
381, 276.0, 220.0
382, 676.0, 402.0
383, 442.0, 170.0
384, 478.0, 185.0
385, 557.0, 192.0
386, 350.0, 129.0
387, 704.0, 111.0
388, 310.0, 283.0
389, 433.0, 144.0
390, 359.0, 187.0
391, 108.0, 298.0
392, 608.0, 245.0
393, 130.0, 67.0
394, 346.0, 88.0
395, 150.0, 133.0
396, 198.0, 145.0
397, 101.0, 407.0
398, 299.0, 71.0
399, 605.0, 145.0
400, 355.0, 327.0
401, 139.0, 375.0
402, 231.0, 170.0
403, 327.0, 13.0
404, 542.0, 110.0
405, 676.0, 127.0
406, 392.0, 111.0
407, 83.0, 416.0
408, 590.0, 241.0
409, 126.0, 112.0
410, 341.0, 224.0
411, 442.0, 88.0
412, 243.0, 28.0
413, 321.0, 64.0
414, 53.0, 49.0
415, 523.0, 172.0
416, 737.0, 240.0
417, 412.0, 20.0
418, 179.0, 144.0
419, 606.0, 46.0
420, 557.0, 322.0
421, 108.0, 316.0
422, 688.0, 129.0
423, 618.0, 317.0
424, 633.0, 124.0
425, 506.0, 9.0
426, 675.0, 107.0
427, 546.0, 227.0
428, 96.0, 339.0
429, 697.0, 39.0
430, 154.0, 48.0
431, 146.0, 164.0
432, 133.0, 334.0
433, 502.0, 426.0
434, 347.0, 101.0
435, 501.0, 115.0
436, 18.0, 61.0
437, 317.0, 183.0
438, 482.0, 243.0
439, 499.0, 188.0
440, 297.0, 151.0
441, 509.0, 52.0
442, 58.0, 60.0
443, 734.0, 135.0
444, 238.0, 61.0
445, 123.0, 301.0
446, 95.0, 389.0
447, 380.0, 146.0
448, 603.0, 229.0
449, 265.0, 71.0
450, 92.0, 49.0
451, 326.0, 69.0
452, 230.0, 129.0
453, 200.0, 67.0
454, 426.0, 461.0
455, 248.0, 74.0
456, 286.0, 97.0
457, 297.0, 50.0
458, 726.0, 194.0
459, 165.0, 100.0
460, 150.0, 299.0
461, 61.0, 209.0
462, 213.0, 59.0
463, 83.0, 92.0
464, 586.0, 200.0
465, 630.0, 81.0
466, 352.0, 26.0
467, 324.0, 270.0
468, 337.0, 432.0
469, 99.0, 14.0
470, 396.0, 285.0
471, 698.0, 130.0
472, 29.0, 277.0
473, 543.0, 69.0
474, 496.0, 370.0
475, 547.0, 253.0
476, 671.0, 316.0
477, 56.0, 299.0
478, 253.0, 257.0
479, 562.0, 84.0
480, 510.0, 169.0
481, 649.0, 303.0
482, 531.0, 391.0
483, 444.0, 385.0
484, 123.0, 181.0
485, 61.0, 190.0
486, 96.0, 324.0
487, 622.0, 169.0
488, 103.0, 392.0
489, 189.0, 360.0
490, 580.0, 195.0
491, 292.0, 94.0
492, 552.0, 31.0
493, 89.0, 254.0
494, 476.0, 59.0
495, 516.0, 228.0
496, 656.0, 243.0
497, 93.0, 212.0
498, 144.0, 279.0
499, 201.0, 17.0
