0, 64.0, 163.0
1, 254.0, 185.0
2, 267.0, 159.0
3, 496.0, 99.0
4, 355.0, 166.0
5, 181.0, 107.0
6, 357.0, 154.0
7, 243.0, 167.0
8, 267.0, 182.0
9, 101.0, 203.0
10, 425.0, 79.0
11, 351.0, 24.0
12, 98.0, 178.0
13, 410.0, 134.0
14, 131.0, 185.0
15, 337.0, 10.0
16, 339.0, 35.0
17, 575.0, 144.0
18, 414.0, 98.0
19, 22.0, 70.0
20, 350.0, 35.0
21, 233.0, 82.0
22, 173.0, 207.0
23, 399.0, 43.0
24, 322.0, 88.0
25, 121.0, 176.0
26, 412.0, 152.0
27, 688.0, 147.0
28, 443.0, 112.0
29, 469.0, 128.0
30, 141.0, 68.0
31, 685.0, 52.0
32, 666.0, 72.0
33, 514.0, 59.0
34, 561.0, 51.0
35, 152.0, 179.0
36, 204.0, 79.0
37, 96.0, 113.0
38, 686.0, 36.0
39, 480.0, 126.0
40, 384.0, 90.0
41, 578.0, 28.0
42, 127.0, 161.0
43, 488.0, 110.0
44, 451.0, 73.0
45, 210.0, 28.0
46, 80.0, 109.0
47, 388.0, 164.0
48, 432.0, 159.0
49, 444.0, 141.0
50, 349.0, 9.0
51, 532.0, 83.0
52, 145.0, 186.0
53, 78.0, 67.0
54, 205.0, 202.0
55, 118.0, 154.0
56, 307.0, 91.0
57, 723.0, 236.0
58, 514.0, 69.0
59, 632.0, 51.0
60, 510.0, 95.0
61, 217.0, 145.0
62, 504.0, 161.0
63, 510.0, 108.0
64, 635.0, 143.0
65, 326.0, 11.0
66, 432.0, 143.0
67, 634.0, 161.0
68, 339.0, 24.0
69, 130.0, 79.0
70, 187.0, 123.0
71, 488.0, 94.0
72, 375.0, 191.0
73, 511.0, 81.0
74, 651.0, 149.0
75, 455.0, 142.0
76, 254.0, 175.0
77, 257.0, 82.0
78, 323.0, 225.0
79, 128.0, 142.0
80, 574.0, 263.0
81, 506.0, 121.0
82, 619.0, 137.0
83, 674.0, 147.0
84, 164.0, 196.0
85, 154.0, 96.0
86, 528.0, 365.0
87, 594.0, 141.0
88, 260.0, 143.0
89, 345.0, 113.0
90, 189.0, 169.0
91, 454.0, 156.0
92, 204.0, 112.0
93, 52.0, 166.0
94, 642.0, 115.0
95, 110.0, 81.0
96, 717.0, 315.0
97, 298.0, 114.0
98, 190.0, 78.0
99, 231.0, 204.0
100, 729.0, 223.0
101, 108.0, 141.0
102, 58.0, 124.0
103, 731.0, 89.0
104, 556.0, 135.0
105, 401.0, 134.0
106, 557.0, 269.0
107, 442.0, 16.0
108, 253.0, 58.0
109, 433.0, 125.0
110, 232.0, 144.0
111, 432.0, 110.0
112, 318.0, 124.0
113, 487.0, 138.0
114, 314.0, 23.0
115, 633.0, 175.0
116, 98.0, 188.0
117, 565.0, 156.0
118, 149.0, 58.0
119, 618.0, 180.0
120, 53.0, 197.0
121, 173.0, 155.0
122, 220.0, 80.0
123, 563.0, 34.0
124, 224.0, 95.0
125, 401.0, 90.0
126, 706.0, 316.0
127, 586.0, 142.0
128, 592.0, 47.0
129, 194.0, 101.0
130, 496.0, 108.0
131, 548.0, 110.0
132, 75.0, 372.0
133, 422.0, 91.0
134, 485.0, 165.0
135, 82.0, 172.0
136, 340.0, 45.0
137, 672.0, 36.0
138, 75.0, 203.0
139, 159.0, 77.0
140, 532.0, 158.0
141, 240.0, 188.0
142, 252.0, 74.0
143, 245.0, 117.0
144, 235.0, 28.0
145, 201.0, 71.0
146, 358.0, 49.0
147, 738.0, 204.0
148, 405.0, 164.0
149, 606.0, 139.0
150, 245.0, 217.0
151, 429.0, 69.0
152, 199.0, 124.0
153, 475.0, 74.0
154, 85.0, 32.0
155, 248.0, 155.0
156, 362.0, 23.0
157, 421.0, 134.0
158, 138.0, 170.0
159, 607.0, 184.0
160, 610.0, 42.0
161, 366.0, 181.0
162, 721.0, 103.0
163, 347.0, 88.0
164, 366.0, 214.0
165, 212.0, 137.0
166, 345.0, 142.0
167, 39.0, 122.0
168, 335.0, 112.0
169, 413.0, 118.0
170, 695.0, 71.0
171, 431.0, 18.0
172, 329.0, 40.0
173, 326.0, 177.0
174, 184.0, 89.0
175, 465.0, 152.0
176, 319.0, 162.0
177, 251.0, 44.0
178, 311.0, 186.0
179, 68.0, 190.0
180, 396.0, 259.0
181, 384.0, 127.0
182, 332.0, 167.0
183, 712.0, 147.0
184, 96.0, 371.0
185, 586.0, 9.0
186, 455.0, 168.0
187, 520.0, 174.0
188, 384.0, 111.0
189, 459.0, 188.0
190, 191.0, 49.0
191, 325.0, 104.0
192, 103.0, 134.0
193, 524.0, 109.0
194, 421.0, 110.0
195, 162.0, 87.0
196, 74.0, 219.0
197, 266.0, 65.0
198, 349.0, 182.0
199, 593.0, 24.0
200, 64.0, 221.0
201, 392.0, 97.0
202, 248.0, 18.0
203, 22.0, 391.0
204, 187.0, 202.0
205, 284.0, 190.0
206, 648.0, 91.0
207, 179.0, 172.0
208, 687.0, 62.0
209, 268.0, 94.0
210, 210.0, 58.0
211, 375.0, 39.0
212, 599.0, 116.0
213, 523.0, 38.0
214, 195.0, 175.0
215, 710.0, 157.0
216, 720.0, 157.0
217, 446.0, 58.0
218, 533.0, 114.0
219, 45.0, 87.0
220, 142.0, 194.0
221, 24.0, 54.0
222, 307.0, 41.0
223, 668.0, 83.0
224, 109.0, 35.0
225, 141.0, 87.0
226, 664.0, 299.0
227, 175.0, 119.0
228, 617.0, 119.0
229, 580.0, 114.0
230, 97.0, 127.0
231, 286.0, 24.0
232, 668.0, 339.0
233, 153.0, 152.0
234, 101.0, 216.0
235, 376.0, 214.0
236, 402.0, 77.0
237, 443.0, 48.0
238, 525.0, 90.0
239, 30.0, 225.0
240, 468.0, 111.0
241, 49.0, 212.0
242, 392.0, 105.0
243, 529.0, 95.0
244, 76.0, 134.0
245, 465.0, 167.0
246, 516.0, 10.0
247, 365.0, 142.0
248, 440.0, 70.0
249, 453.0, 110.0
250, 128.0, 196.0
251, 356.0, 119.0
252, 539.0, 32.0
253, 579.0, 71.0
254, 170.0, 59.0
255, 20.0, 121.0
256, 626.0, 66.0
257, 318.0, 74.0
258, 147.0, 141.0
259, 722.0, 147.0
260, 667.0, 130.0
261, 595.0, 151.0
262, 303.0, 74.0
263, 170.0, 191.0
264, 17.0, 179.0
265, 338.0, 280.0
266, 283.0, 237.0
267, 59.0, 53.0
268, 462.0, 276.0
269, 697.0, 289.0
270, 87.0, 184.0
271, 113.0, 170.0
272, 632.0, 450.0
273, 313.0, 51.0
274, 208.0, 147.0
275, 429.0, 171.0
276, 191.0, 130.0
277, 50.0, 108.0
278, 25.0, 85.0
279, 539.0, 44.0
280, 375.0, 52.0
281, 290.0, 204.0
282, 13.0, 402.0
283, 278.0, 258.0
284, 734.0, 70.0
285, 127.0, 111.0
286, 651.0, 370.0
287, 97.0, 152.0
288, 722.0, 334.0
289, 330.0, 49.0
290, 469.0, 95.0
291, 43.0, 21.0
292, 677.0, 124.0
293, 493.0, 66.0
294, 693.0, 87.0
295, 133.0, 266.0
296, 670.0, 8.0
297, 114.0, 125.0
298, 615.0, 32.0
299, 726.0, 125.0
300, 196.0, 156.0
301, 698.0, 42.0
302, 663.0, 23.0
303, 667.0, 114.0
304, 8.0, 88.0
305, 137.0, 157.0
306, 44.0, 65.0
307, 160.0, 147.0
308, 36.0, 187.0
309, 50.0, 222.0
310, 557.0, 127.0
311, 340.0, 129.0
312, 379.0, 147.0
313, 469.0, 85.0
314, 116.0, 15.0
315, 444.0, 125.0
316, 371.0, 148.0
317, 600.0, 100.0
318, 533.0, 74.0
319, 607.0, 202.0
320, 204.0, 40.0
321, 226.0, 85.0
322, 560.0, 108.0
323, 431.0, 49.0
324, 404.0, 145.0
325, 92.0, 55.0
326, 740.0, 123.0
327, 568.0, 62.0
328, 593.0, 72.0
329, 330.0, 319.0
330, 134.0, 148.0
331, 309.0, 292.0
332, 339.0, 62.0
333, 398.0, 66.0
334, 229.0, 220.0
335, 293.0, 70.0
336, 501.0, 385.0
337, 27.0, 203.0
338, 718.0, 113.0
339, 446.0, 33.0
340, 287.0, 88.0
341, 158.0, 163.0
342, 678.0, 420.0
343, 487.0, 79.0
344, 670.0, 161.0
345, 306.0, 12.0
346, 9.0, 194.0
347, 647.0, 16.0
348, 115.0, 201.0
349, 717.0, 220.0
350, 307.0, 179.0
351, 387.0, 295.0
352, 143.0, 94.0
353, 655.0, 113.0
354, 152.0, 128.0
355, 377.0, 99.0
356, 236.0, 68.0
357, 206.0, 92.0
358, 47.0, 390.0
359, 514.0, 119.0
360, 289.0, 321.0
361, 444.0, 93.0
362, 9.0, 154.0
363, 401.0, 118.0
364, 657.0, 34.0
365, 662.0, 46.0
366, 529.0, 19.0
367, 636.0, 402.0
368, 117.0, 442.0
369, 579.0, 97.0
370, 196.0, 115.0
371, 630.0, 38.0
372, 544.0, 147.0
373, 144.0, 210.0
374, 518.0, 231.0
375, 182.0, 73.0
376, 306.0, 30.0
377, 513.0, 387.0
378, 303.0, 125.0
379, 395.0, 127.0
380, 687.0, 391.0
381, 443.0, 170.0
382, 334.0, 97.0
383, 456.0, 96.0
384, 679.0, 317.0
385, 325.0, 23.0
386, 257.0, 93.0
387, 206.0, 132.0
388, 359.0, 8.0
389, 159.0, 342.0
390, 90.0, 120.0
391, 247.0, 136.0
392, 40.0, 168.0
393, 349.0, 48.0
394, 80.0, 153.0
395, 259.0, 163.0
396, 422.0, 124.0
397, 8.0, 216.0
398, 54.0, 41.0
399, 518.0, 131.0
400, 530.0, 210.0
401, 369.0, 158.0
402, 186.0, 144.0
403, 543.0, 25.0
404, 140.0, 180.0
405, 645.0, 159.0
406, 611.0, 451.0
407, 619.0, 197.0
408, 622.0, 261.0
409, 146.0, 39.0
410, 271.0, 52.0
411, 391.0, 212.0
412, 604.0, 8.0
413, 155.0, 350.0
414, 233.0, 120.0
415, 280.0, 98.0
416, 435.0, 80.0
417, 414.0, 105.0
418, 288.0, 43.0
419, 239.0, 16.0
420, 321.0, 51.0
421, 267.0, 39.0
422, 446.0, 284.0
423, 147.0, 166.0
424, 585.0, 150.0
425, 120.0, 213.0
426, 331.0, 73.0
427, 211.0, 104.0
428, 66.0, 381.0
429, 636.0, 284.0
430, 286.0, 132.0
431, 147.0, 289.0
432, 679.0, 42.0
433, 223.0, 61.0
434, 707.0, 243.0
435, 697.0, 17.0
436, 227.0, 135.0
437, 675.0, 64.0
438, 466.0, 139.0
439, 54.0, 158.0
440, 366.0, 169.0
441, 156.0, 203.0
442, 591.0, 61.0
443, 494.0, 10.0
444, 358.0, 142.0
445, 103.0, 49.0
446, 354.0, 131.0
447, 674.0, 328.0
448, 494.0, 178.0
449, 187.0, 18.0
450, 17.0, 103.0
451, 77.0, 263.0
452, 475.0, 37.0
453, 170.0, 176.0
454, 682.0, 407.0
455, 719.0, 167.0
456, 164.0, 108.0
457, 20.0, 159.0
458, 221.0, 155.0
459, 624.0, 424.0
460, 632.0, 31.0
461, 162.0, 209.0
462, 441.0, 275.0
463, 226.0, 115.0
464, 488.0, 20.0
465, 529.0, 45.0
466, 88.0, 96.0
467, 711.0, 232.0
468, 178.0, 43.0
469, 376.0, 159.0
470, 281.0, 113.0
471, 175.0, 130.0
472, 538.0, 103.0
473, 545.0, 48.0
474, 640.0, 324.0
475, 215.0, 96.0
476, 435.0, 93.0
477, 220.0, 104.0
478, 374.0, 85.0
479, 235.0, 100.0
480, 74.0, 159.0
481, 328.0, 135.0
482, 198.0, 55.0
483, 219.0, 72.0
484, 525.0, 465.0
485, 232.0, 12.0
486, 379.0, 170.0
487, 506.0, 211.0
488, 334.0, 87.0
489, 399.0, 54.0
490, 52.0, 29.0
491, 639.0, 63.0
492, 566.0, 145.0
493, 597.0, 227.0
494, 377.0, 121.0
495, 182.0, 162.0
496, 569.0, 118.0
497, 373.0, 168.0
498, 146.0, 155.0
499, 394.0, 78.0
