0, 502.0, 223.0
1, 92.0, 402.0
2, 286.0, 31.0
3, 479.0, 210.0
4, 300.0, 307.0
5, 336.0, 165.0
6, 361.0, 175.0
7, 100.0, 50.0
8, 515.0, 288.0
9, 362.0, 190.0
10, 326.0, 223.0
11, 52.0, 419.0
12, 188.0, 415.0
13, 224.0, 259.0
14, 632.0, 149.0
15, 613.0, 36.0
16, 440.0, 124.0
17, 273.0, 282.0
18, 272.0, 261.0
19, 171.0, 375.0
20, 545.0, 241.0
21, 69.0, 389.0
22, 193.0, 437.0
23, 355.0, 77.0
24, 466.0, 73.0
25, 54.0, 224.0
26, 437.0, 241.0
27, 60.0, 410.0
28, 257.0, 399.0
29, 358.0, 165.0
30, 504.0, 235.0
31, 567.0, 179.0
32, 280.0, 253.0
33, 215.0, 194.0
34, 306.0, 274.0
35, 321.0, 345.0
36, 322.0, 42.0
37, 513.0, 198.0
38, 658.0, 267.0
39, 346.0, 318.0
40, 467.0, 149.0
41, 372.0, 256.0
42, 278.0, 90.0
43, 152.0, 293.0
44, 355.0, 237.0
45, 637.0, 282.0
46, 59.0, 427.0
47, 136.0, 207.0
48, 82.0, 53.0
49, 499.0, 140.0
50, 272.0, 272.0
51, 178.0, 271.0
52, 229.0, 285.0
53, 558.0, 157.0
54, 266.0, 80.0
55, 227.0, 334.0
56, 355.0, 215.0
57, 649.0, 296.0
58, 201.0, 416.0
59, 150.0, 278.0
60, 316.0, 220.0
61, 185.0, 324.0
62, 398.0, 205.0
63, 234.0, 251.0
64, 652.0, 308.0
65, 706.0, 21.0
66, 305.0, 392.0
67, 105.0, 14.0
68, 258.0, 111.0
69, 616.0, 278.0
70, 654.0, 39.0
71, 374.0, 197.0
72, 382.0, 158.0
73, 629.0, 163.0
74, 545.0, 254.0
75, 90.0, 43.0
76, 350.0, 185.0
77, 332.0, 214.0
78, 262.0, 157.0
79, 266.0, 91.0
80, 243.0, 172.0
81, 271.0, 395.0
82, 727.0, 18.0
83, 50.0, 184.0
84, 239.0, 279.0
85, 332.0, 340.0
86, 498.0, 151.0
87, 400.0, 134.0
88, 341.0, 233.0
89, 492.0, 348.0
90, 312.0, 364.0
91, 368.0, 237.0
92, 304.0, 117.0
93, 378.0, 81.0
94, 326.0, 173.0
95, 114.0, 379.0
96, 81.0, 350.0
97, 195.0, 361.0
98, 458.0, 149.0
99, 494.0, 234.0
100, 377.0, 283.0
101, 366.0, 292.0
102, 143.0, 43.0
103, 103.0, 335.0
104, 387.0, 216.0
105, 236.0, 271.0
106, 207.0, 247.0
107, 324.0, 235.0
108, 174.0, 202.0
109, 291.0, 272.0
110, 436.0, 255.0
111, 213.0, 159.0
112, 400.0, 445.0
113, 626.0, 172.0
114, 31.0, 157.0
115, 397.0, 216.0
116, 272.0, 294.0
117, 239.0, 12.0
118, 345.0, 160.0
119, 70.0, 69.0
120, 45.0, 385.0
121, 716.0, 32.0
122, 305.0, 286.0
123, 398.0, 161.0
124, 164.0, 13.0
125, 347.0, 176.0
126, 126.0, 49.0
127, 283.0, 377.0
128, 338.0, 206.0
129, 456.0, 179.0
130, 358.0, 201.0
131, 489.0, 221.0
132, 509.0, 141.0
133, 525.0, 238.0
134, 558.0, 144.0
135, 219.0, 234.0
136, 472.0, 101.0
137, 580.0, 239.0
138, 516.0, 281.0
139, 365.0, 15.0
140, 512.0, 260.0
141, 694.0, 36.0
142, 214.0, 176.0
143, 162.0, 399.0
144, 258.0, 255.0
145, 427.0, 135.0
146, 518.0, 250.0
147, 450.0, 243.0
148, 147.0, 208.0
149, 387.0, 286.0
150, 273.0, 305.0
151, 246.0, 397.0
152, 118.0, 27.0
153, 319.0, 358.0
154, 501.0, 257.0
155, 518.0, 228.0
156, 508.0, 154.0
157, 279.0, 208.0
158, 637.0, 186.0
159, 468.0, 138.0
160, 367.0, 217.0
161, 530.0, 247.0
162, 86.0, 177.0
163, 450.0, 305.0
164, 212.0, 290.0
165, 120.0, 11.0
166, 503.0, 347.0
167, 164.0, 417.0
168, 279.0, 190.0
169, 695.0, 21.0
170, 459.0, 138.0
171, 434.0, 21.0
172, 227.0, 53.0
173, 110.0, 436.0
174, 512.0, 308.0
175, 524.0, 291.0
176, 482.0, 91.0
177, 656.0, 325.0
178, 385.0, 174.0
179, 439.0, 61.0
180, 143.0, 314.0
181, 239.0, 311.0
182, 691.0, 167.0
183, 78.0, 417.0
184, 289.0, 315.0
185, 528.0, 184.0
186, 273.0, 100.0
187, 166.0, 314.0
188, 522.0, 264.0
189, 443.0, 317.0
190, 306.0, 258.0
191, 415.0, 322.0
192, 587.0, 146.0
193, 278.0, 73.0
194, 54.0, 204.0
195, 616.0, 23.0
196, 143.0, 360.0
197, 481.0, 183.0
198, 471.0, 326.0
199, 422.0, 207.0
200, 692.0, 72.0
201, 343.0, 81.0
202, 187.0, 345.0
203, 28.0, 233.0
204, 376.0, 231.0
205, 41.0, 139.0
206, 155.0, 88.0
207, 515.0, 172.0
208, 181.0, 284.0
209, 56.0, 282.0
210, 244.0, 186.0
211, 189.0, 448.0
212, 50.0, 402.0
213, 197.0, 289.0
214, 83.0, 70.0
215, 272.0, 112.0
216, 639.0, 357.0
217, 424.0, 187.0
218, 670.0, 136.0
219, 585.0, 160.0
220, 502.0, 213.0
221, 411.0, 237.0
222, 486.0, 101.0
223, 153.0, 346.0
224, 307.0, 52.0
225, 97.0, 35.0
226, 535.0, 306.0
227, 123.0, 177.0
228, 353.0, 247.0
229, 558.0, 167.0
230, 365.0, 158.0
231, 180.0, 380.0
232, 334.0, 318.0
233, 103.0, 413.0
234, 427.0, 147.0
235, 257.0, 95.0
236, 338.0, 174.0
237, 636.0, 134.0
238, 251.0, 245.0
239, 77.0, 109.0
240, 260.0, 193.0
241, 189.0, 209.0
242, 651.0, 116.0
243, 398.0, 79.0
244, 373.0, 273.0
245, 503.0, 45.0
246, 504.0, 277.0
247, 72.0, 212.0
248, 315.0, 455.0
249, 361.0, 41.0
250, 345.0, 298.0
251, 611.0, 57.0
252, 101.0, 221.0
253, 557.0, 114.0
254, 106.0, 349.0
255, 428.0, 124.0
256, 611.0, 183.0
257, 583.0, 171.0
258, 82.0, 471.0
259, 479.0, 243.0
260, 92.0, 389.0
261, 536.0, 287.0
262, 410.0, 197.0
263, 306.0, 343.0
264, 140.0, 218.0
265, 391.0, 236.0
266, 433.0, 164.0
267, 219.0, 112.0
268, 357.0, 227.0
269, 391.0, 181.0
270, 667.0, 461.0
271, 586.0, 206.0
272, 379.0, 297.0
273, 174.0, 465.0
274, 415.0, 161.0
275, 122.0, 205.0
276, 119.0, 412.0
277, 546.0, 156.0
278, 437.0, 289.0
279, 647.0, 186.0
280, 479.0, 273.0
281, 162.0, 282.0
282, 70.0, 364.0
283, 204.0, 271.0
284, 221.0, 139.0
285, 682.0, 207.0
286, 267.0, 448.0
287, 170.0, 265.0
288, 300.0, 458.0
289, 453.0, 335.0
290, 296.0, 128.0
291, 399.0, 196.0
292, 572.0, 159.0
293, 139.0, 16.0
294, 320.0, 396.0
295, 231.0, 173.0
296, 57.0, 375.0
297, 520.0, 316.0
298, 141.0, 303.0
299, 245.0, 92.0
300, 573.0, 26.0
301, 493.0, 247.0
302, 148.0, 11.0
303, 429.0, 273.0
304, 216.0, 274.0
305, 407.0, 144.0
306, 72.0, 425.0
307, 298.0, 226.0
308, 45.0, 157.0
309, 288.0, 301.0
310, 158.0, 380.0
311, 257.0, 217.0
312, 259.0, 204.0
313, 472.0, 445.0
314, 391.0, 138.0
315, 237.0, 440.0
316, 241.0, 138.0
317, 540.0, 44.0
318, 271.0, 146.0
319, 118.0, 310.0
320, 448.0, 266.0
321, 413.0, 116.0
322, 28.0, 192.0
323, 409.0, 42.0
324, 635.0, 56.0
325, 124.0, 376.0
326, 85.0, 164.0
327, 430.0, 95.0
328, 502.0, 62.0
329, 147.0, 187.0
330, 548.0, 178.0
331, 172.0, 186.0
332, 137.0, 284.0
333, 410.0, 99.0
334, 430.0, 108.0
335, 660.0, 91.0
336, 441.0, 431.0
337, 67.0, 188.0
338, 658.0, 30.0
339, 199.0, 198.0
340, 589.0, 57.0
341, 649.0, 150.0
342, 171.0, 346.0
343, 46.0, 266.0
344, 430.0, 38.0
345, 313.0, 234.0
346, 659.0, 224.0
347, 369.0, 206.0
348, 290.0, 204.0
349, 705.0, 35.0
350, 655.0, 431.0
351, 590.0, 133.0
352, 175.0, 302.0
353, 250.0, 281.0
354, 213.0, 304.0
355, 190.0, 264.0
356, 14.0, 132.0
357, 631.0, 71.0
358, 42.0, 369.0
359, 426.0, 225.0
360, 61.0, 467.0
361, 211.0, 140.0
362, 165.0, 111.0
363, 410.0, 471.0
364, 182.0, 228.0
365, 411.0, 216.0
366, 288.0, 146.0
367, 96.0, 210.0
368, 666.0, 206.0
369, 167.0, 215.0
370, 600.0, 82.0
371, 226.0, 299.0
372, 545.0, 165.0
373, 550.0, 208.0
374, 170.0, 330.0
375, 134.0, 42.0
376, 113.0, 407.0
377, 236.0, 377.0
378, 438.0, 280.0
379, 545.0, 188.0
380, 523.0, 300.0
381, 293.0, 111.0
382, 305.0, 41.0
383, 286.0, 328.0
384, 536.0, 28.0
385, 101.0, 439.0
386, 72.0, 81.0
387, 158.0, 46.0
388, 175.0, 240.0
389, 156.0, 23.0
390, 669.0, 42.0
391, 211.0, 122.0
392, 300.0, 354.0
393, 344.0, 116.0
394, 518.0, 82.0
395, 157.0, 358.0
396, 253.0, 272.0
397, 566.0, 43.0
398, 196.0, 317.0
399, 712.0, 158.0
400, 478.0, 33.0
401, 227.0, 321.0
402, 27.0, 139.0
403, 529.0, 332.0
404, 671.0, 385.0
405, 292.0, 369.0
406, 302.0, 372.0
407, 114.0, 389.0
408, 478.0, 226.0
409, 668.0, 19.0
410, 185.0, 51.0
411, 549.0, 144.0
412, 558.0, 83.0
413, 475.0, 74.0
414, 78.0, 456.0
415, 114.0, 329.0
416, 333.0, 271.0
417, 179.0, 27.0
418, 377.0, 212.0
419, 365.0, 80.0
420, 322.0, 56.0
421, 266.0, 23.0
422, 40.0, 194.0
423, 72.0, 55.0
424, 595.0, 24.0
425, 230.0, 138.0
426, 253.0, 413.0
427, 333.0, 153.0
428, 71.0, 228.0
429, 585.0, 428.0
430, 284.0, 462.0
431, 196.0, 457.0
432, 169.0, 436.0
433, 381.0, 312.0
434, 515.0, 324.0
435, 558.0, 348.0
436, 200.0, 206.0
437, 626.0, 309.0
438, 271.0, 128.0
439, 408.0, 132.0
440, 186.0, 170.0
441, 540.0, 82.0
442, 413.0, 433.0
443, 320.0, 70.0
444, 70.0, 143.0
445, 68.0, 376.0
446, 610.0, 406.0
447, 502.0, 31.0
448, 251.0, 39.0
449, 54.0, 105.0
450, 303.0, 161.0
451, 51.0, 77.0
452, 380.0, 136.0
453, 72.0, 404.0
454, 336.0, 470.0
455, 408.0, 205.0
456, 437.0, 194.0
457, 238.0, 290.0
458, 318.0, 114.0
459, 287.0, 347.0
460, 667.0, 30.0
461, 565.0, 60.0
462, 651.0, 20.0
463, 313.0, 405.0
464, 530.0, 78.0
465, 203.0, 231.0
466, 503.0, 245.0
467, 149.0, 337.0
468, 77.0, 372.0
469, 475.0, 60.0
470, 205.0, 40.0
471, 740.0, 248.0
472, 84.0, 214.0
473, 469.0, 248.0
474, 411.0, 462.0
475, 58.0, 130.0
476, 209.0, 57.0
477, 353.0, 404.0
478, 268.0, 15.0
479, 415.0, 259.0
480, 303.0, 175.0
481, 402.0, 426.0
482, 317.0, 148.0
483, 202.0, 305.0
484, 639.0, 123.0
485, 440.0, 176.0
486, 304.0, 317.0
487, 338.0, 248.0
488, 324.0, 29.0
489, 410.0, 188.0
490, 325.0, 319.0
491, 82.0, 151.0
492, 335.0, 103.0
493, 396.0, 253.0
494, 507.0, 337.0
495, 169.0, 38.0
496, 682.0, 8.0
497, 658.0, 195.0
498, 399.0, 151.0
499, 375.0, 113.0
