0, 162.0, 355.0
1, 438.0, 195.0
2, 462.0, 149.0
3, 415.0, 179.0
4, 174.0, 350.0
5, 211.0, 214.0
6, 652.0, 262.0
7, 373.0, 200.0
8, 453.0, 229.0
9, 277.0, 228.0
10, 533.0, 233.0
11, 673.0, 349.0
12, 104.0, 281.0
13, 548.0, 134.0
14, 614.0, 278.0
15, 394.0, 159.0
16, 68.0, 377.0
17, 513.0, 245.0
18, 676.0, 392.0
19, 600.0, 267.0
20, 544.0, 154.0
21, 83.0, 170.0
22, 310.0, 257.0
23, 589.0, 135.0
24, 632.0, 249.0
25, 329.0, 377.0
26, 640.0, 284.0
27, 498.0, 119.0
28, 71.0, 426.0
29, 570.0, 64.0
30, 711.0, 141.0
31, 110.0, 405.0
32, 80.0, 213.0
33, 588.0, 259.0
34, 112.0, 189.0
35, 528.0, 153.0
36, 190.0, 205.0
37, 591.0, 120.0
38, 110.0, 165.0
39, 102.0, 270.0
40, 351.0, 51.0
41, 294.0, 157.0
42, 550.0, 120.0
43, 431.0, 263.0
44, 410.0, 196.0
45, 54.0, 47.0
46, 292.0, 383.0
47, 415.0, 236.0
48, 278.0, 415.0
49, 620.0, 299.0
50, 656.0, 138.0
51, 478.0, 230.0
52, 420.0, 166.0
53, 587.0, 146.0
54, 515.0, 229.0
55, 342.0, 135.0
56, 360.0, 194.0
57, 716.0, 124.0
58, 417.0, 54.0
59, 258.0, 331.0
60, 623.0, 385.0
61, 178.0, 337.0
62, 315.0, 145.0
63, 520.0, 289.0
64, 389.0, 321.0
65, 318.0, 238.0
66, 641.0, 294.0
67, 643.0, 385.0
68, 663.0, 208.0
69, 381.0, 304.0
70, 424.0, 224.0
71, 406.0, 157.0
72, 604.0, 122.0
73, 643.0, 368.0
74, 535.0, 143.0
75, 550.0, 41.0
76, 331.0, 67.0
77, 43.0, 301.0
78, 370.0, 214.0
79, 425.0, 211.0
80, 598.0, 147.0
81, 252.0, 280.0
82, 426.0, 199.0
83, 653.0, 179.0
84, 324.0, 327.0
85, 448.0, 280.0
86, 172.0, 293.0
87, 165.0, 237.0
88, 655.0, 370.0
89, 627.0, 269.0
90, 546.0, 144.0
91, 460.0, 242.0
92, 434.0, 276.0
93, 79.0, 73.0
94, 382.0, 162.0
95, 311.0, 93.0
96, 439.0, 93.0
97, 486.0, 239.0
98, 434.0, 175.0
99, 380.0, 188.0
100, 538.0, 121.0
101, 464.0, 190.0
102, 465.0, 139.0
103, 318.0, 299.0
104, 613.0, 225.0
105, 547.0, 446.0
106, 483.0, 163.0
107, 318.0, 401.0
108, 57.0, 379.0
109, 479.0, 182.0
110, 37.0, 173.0
111, 356.0, 212.0
112, 392.0, 149.0
113, 232.0, 328.0
114, 652.0, 242.0
115, 465.0, 180.0
116, 674.0, 122.0
117, 645.0, 323.0
118, 346.0, 267.0
119, 497.0, 132.0
120, 242.0, 350.0
121, 188.0, 395.0
122, 310.0, 271.0
123, 109.0, 34.0
124, 660.0, 123.0
125, 27.0, 197.0
126, 306.0, 203.0
127, 272.0, 123.0
128, 420.0, 287.0
129, 122.0, 174.0
130, 380.0, 9.0
131, 11.0, 157.0
132, 162.0, 213.0
133, 60.0, 432.0
134, 361.0, 367.0
135, 380.0, 319.0
136, 623.0, 239.0
137, 229.0, 230.0
138, 246.0, 365.0
139, 673.0, 138.0
140, 654.0, 150.0
141, 362.0, 351.0
142, 190.0, 168.0
143, 120.0, 84.0
144, 193.0, 303.0
145, 125.0, 126.0
146, 293.0, 370.0
147, 466.0, 129.0
148, 194.0, 366.0
149, 606.0, 160.0
150, 232.0, 253.0
151, 33.0, 390.0
152, 117.0, 13.0
153, 323.0, 34.0
154, 332.0, 333.0
155, 467.0, 118.0
156, 97.0, 162.0
157, 352.0, 374.0
158, 270.0, 94.0
159, 602.0, 196.0
160, 311.0, 286.0
161, 255.0, 270.0
162, 601.0, 137.0
163, 492.0, 51.0
164, 357.0, 148.0
165, 194.0, 380.0
166, 192.0, 220.0
167, 342.0, 304.0
168, 515.0, 151.0
169, 530.0, 170.0
170, 96.0, 298.0
171, 589.0, 234.0
172, 185.0, 372.0
173, 324.0, 284.0
174, 161.0, 296.0
175, 330.0, 198.0
176, 199.0, 462.0
177, 388.0, 234.0
178, 451.0, 218.0
179, 557.0, 76.0
180, 694.0, 141.0
181, 503.0, 154.0
182, 353.0, 70.0
183, 172.0, 159.0
184, 429.0, 248.0
185, 171.0, 16.0
186, 474.0, 205.0
187, 243.0, 340.0
188, 54.0, 307.0
189, 243.0, 221.0
190, 479.0, 49.0
191, 240.0, 192.0
192, 539.0, 222.0
193, 532.0, 55.0
194, 175.0, 313.0
195, 95.0, 62.0
196, 339.0, 16.0
197, 495.0, 141.0
198, 265.0, 177.0
199, 254.0, 259.0
200, 434.0, 218.0
201, 328.0, 312.0
202, 261.0, 407.0
203, 326.0, 84.0
204, 42.0, 313.0
205, 299.0, 250.0
206, 313.0, 113.0
207, 262.0, 106.0
208, 508.0, 267.0
209, 403.0, 62.0
210, 219.0, 197.0
211, 534.0, 437.0
212, 37.0, 246.0
213, 479.0, 148.0
214, 439.0, 314.0
215, 585.0, 209.0
216, 536.0, 134.0
217, 476.0, 118.0
218, 410.0, 223.0
219, 113.0, 116.0
220, 70.0, 331.0
221, 288.0, 45.0
222, 26.0, 53.0
223, 515.0, 106.0
224, 544.0, 209.0
225, 343.0, 406.0
226, 41.0, 386.0
227, 325.0, 11.0
228, 417.0, 151.0
229, 479.0, 172.0
230, 246.0, 231.0
231, 157.0, 341.0
232, 26.0, 143.0
233, 276.0, 242.0
234, 345.0, 347.0
235, 510.0, 165.0
236, 599.0, 213.0
237, 298.0, 73.0
238, 329.0, 156.0
239, 273.0, 16.0
240, 498.0, 241.0
241, 462.0, 204.0
242, 659.0, 301.0
243, 650.0, 282.0
244, 83.0, 384.0
245, 89.0, 114.0
246, 264.0, 160.0
247, 349.0, 97.0
248, 506.0, 207.0
249, 79.0, 152.0
250, 593.0, 105.0
251, 29.0, 310.0
252, 271.0, 251.0
253, 430.0, 153.0
254, 577.0, 244.0
255, 346.0, 209.0
256, 203.0, 210.0
257, 331.0, 49.0
258, 279.0, 84.0
259, 500.0, 105.0
260, 320.0, 57.0
261, 311.0, 79.0
262, 411.0, 210.0
263, 303.0, 428.0
264, 223.0, 27.0
265, 645.0, 340.0
266, 392.0, 214.0
267, 580.0, 68.0
268, 318.0, 385.0
269, 204.0, 318.0
270, 83.0, 87.0
271, 399.0, 284.0
272, 256.0, 307.0
273, 574.0, 75.0
274, 270.0, 211.0
275, 614.0, 266.0
276, 369.0, 154.0
277, 207.0, 174.0
278, 139.0, 187.0
279, 428.0, 185.0
280, 406.0, 233.0
281, 285.0, 20.0
282, 574.0, 213.0
283, 187.0, 232.0
284, 346.0, 86.0
285, 635.0, 238.0
286, 480.0, 74.0
287, 303.0, 336.0
288, 43.0, 268.0
289, 420.0, 270.0
290, 552.0, 105.0
291, 506.0, 235.0
292, 67.0, 45.0
293, 264.0, 383.0
294, 551.0, 356.0
295, 576.0, 233.0
296, 269.0, 262.0
297, 319.0, 45.0
298, 647.0, 161.0
299, 398.0, 300.0
300, 340.0, 172.0
301, 156.0, 274.0
302, 343.0, 326.0
303, 654.0, 291.0
304, 475.0, 191.0
305, 368.0, 319.0
306, 685.0, 166.0
307, 582.0, 345.0
308, 336.0, 239.0
309, 347.0, 225.0
310, 148.0, 58.0
311, 181.0, 262.0
312, 304.0, 354.0
313, 515.0, 206.0
314, 173.0, 327.0
315, 91.0, 423.0
316, 323.0, 115.0
317, 216.0, 317.0
318, 507.0, 193.0
319, 360.0, 100.0
320, 40.0, 352.0
321, 189.0, 325.0
322, 631.0, 228.0
323, 266.0, 35.0
324, 558.0, 212.0
325, 294.0, 411.0
326, 297.0, 282.0
327, 159.0, 30.0
328, 708.0, 155.0
329, 463.0, 262.0
330, 405.0, 175.0
331, 347.0, 237.0
332, 300.0, 104.0
333, 431.0, 385.0
334, 47.0, 329.0
335, 212.0, 269.0
336, 470.0, 156.0
337, 163.0, 224.0
338, 20.0, 125.0
339, 450.0, 248.0
340, 101.0, 105.0
341, 328.0, 208.0
342, 425.0, 144.0
343, 519.0, 174.0
344, 402.0, 214.0
345, 593.0, 290.0
346, 647.0, 18.0
347, 547.0, 173.0
348, 236.0, 154.0
349, 594.0, 247.0
350, 481.0, 103.0
351, 184.0, 9.0
352, 324.0, 134.0
353, 480.0, 249.0
354, 732.0, 437.0
355, 351.0, 363.0
356, 102.0, 202.0
357, 628.0, 444.0
358, 227.0, 267.0
359, 196.0, 440.0
360, 254.0, 188.0
361, 743.0, 15.0
362, 704.0, 206.0
363, 200.0, 242.0
364, 505.0, 220.0
365, 21.0, 170.0
366, 607.0, 106.0
367, 349.0, 19.0
368, 64.0, 398.0
369, 577.0, 28.0
370, 76.0, 191.0
371, 372.0, 366.0
372, 251.0, 418.0
373, 79.0, 303.0
374, 455.0, 28.0
375, 40.0, 187.0
376, 657.0, 168.0
377, 508.0, 120.0
378, 326.0, 97.0
379, 643.0, 215.0
380, 168.0, 262.0
381, 297.0, 238.0
382, 404.0, 96.0
383, 685.0, 16.0
384, 73.0, 463.0
385, 298.0, 112.0
386, 477.0, 130.0
387, 548.0, 55.0
388, 161.0, 196.0
389, 577.0, 260.0
390, 295.0, 172.0
391, 52.0, 346.0
392, 376.0, 347.0
393, 396.0, 459.0
394, 385.0, 67.0
395, 131.0, 19.0
396, 340.0, 360.0
397, 636.0, 42.0
398, 187.0, 191.0
399, 201.0, 288.0
400, 388.0, 180.0
401, 184.0, 284.0
402, 464.0, 34.0
403, 218.0, 248.0
404, 15.0, 227.0
405, 657.0, 405.0
406, 306.0, 299.0
407, 293.0, 123.0
408, 682.0, 152.0
409, 311.0, 220.0
410, 254.0, 293.0
411, 132.0, 172.0
412, 73.0, 128.0
413, 358.0, 88.0
414, 387.0, 272.0
415, 178.0, 396.0
416, 71.0, 169.0
417, 563.0, 174.0
418, 391.0, 292.0
419, 354.0, 296.0
420, 702.0, 106.0
421, 282.0, 158.0
422, 372.0, 135.0
423, 252.0, 10.0
424, 123.0, 102.0
425, 20.0, 275.0
426, 116.0, 319.0
427, 258.0, 318.0
428, 633.0, 20.0
429, 619.0, 47.0
430, 233.0, 184.0
431, 170.0, 145.0
432, 117.0, 299.0
433, 36.0, 335.0
434, 129.0, 145.0
435, 575.0, 270.0
436, 274.0, 196.0
437, 464.0, 459.0
438, 447.0, 150.0
439, 541.0, 311.0
440, 466.0, 51.0
441, 685.0, 139.0
442, 242.0, 459.0
443, 323.0, 268.0
444, 387.0, 40.0
445, 687.0, 322.0
446, 449.0, 167.0
447, 341.0, 382.0
448, 73.0, 112.0
449, 288.0, 260.0
450, 449.0, 202.0
451, 369.0, 72.0
452, 275.0, 75.0
453, 122.0, 33.0
454, 380.0, 224.0
455, 490.0, 332.0
456, 428.0, 59.0
457, 93.0, 276.0
458, 362.0, 12.0
459, 187.0, 178.0
460, 571.0, 164.0
461, 327.0, 236.0
462, 597.0, 25.0
463, 675.0, 85.0
464, 208.0, 14.0
465, 518.0, 188.0
466, 343.0, 316.0
467, 263.0, 145.0
468, 489.0, 65.0
469, 657.0, 347.0
470, 212.0, 287.0
471, 489.0, 196.0
472, 194.0, 266.0
473, 129.0, 355.0
474, 599.0, 257.0
475, 594.0, 349.0
476, 304.0, 404.0
477, 240.0, 256.0
478, 148.0, 269.0
479, 675.0, 105.0
480, 503.0, 74.0
481, 21.0, 249.0
482, 503.0, 87.0
483, 237.0, 276.0
484, 603.0, 176.0
485, 621.0, 179.0
486, 93.0, 136.0
487, 677.0, 44.0
488, 189.0, 64.0
489, 30.0, 222.0
490, 527.0, 220.0
491, 457.0, 18.0
492, 594.0, 159.0
493, 540.0, 25.0
494, 482.0, 213.0
495, 248.0, 391.0
496, 360.0, 228.0
497, 264.0, 14.0
498, 190.0, 337.0
499, 139.0, 222.0
