0, 343.0, 167.0
1, 393.0, 134.0
2, 461.0, 56.0
3, 350.0, 160.0
4, 137.0, 36.0
5, 302.0, 207.0
6, 169.0, 145.0
7, 382.0, 130.0
8, 310.0, 199.0
9, 347.0, 116.0
10, 78.0, 127.0
11, 23.0, 188.0
12, 504.0, 62.0
13, 233.0, 35.0
14, 215.0, 119.0
15, 231.0, 48.0
16, 523.0, 29.0
17, 385.0, 143.0
18, 518.0, 11.0
19, 277.0, 15.0
20, 120.0, 268.0
21, 145.0, 305.0
22, 493.0, 101.0
23, 361.0, 109.0
24, 221.0, 109.0
25, 543.0, 140.0
26, 488.0, 154.0
27, 333.0, 100.0
28, 131.0, 274.0
29, 501.0, 130.0
30, 506.0, 103.0
31, 106.0, 468.0
32, 379.0, 24.0
33, 576.0, 199.0
34, 545.0, 253.0
35, 539.0, 156.0
36, 334.0, 176.0
37, 615.0, 241.0
38, 510.0, 202.0
39, 87.0, 34.0
40, 533.0, 137.0
41, 62.0, 231.0
42, 324.0, 30.0
43, 543.0, 33.0
44, 682.0, 157.0
45, 490.0, 90.0
46, 480.0, 164.0
47, 424.0, 242.0
48, 505.0, 21.0
49, 436.0, 54.0
50, 161.0, 356.0
51, 206.0, 329.0
52, 536.0, 169.0
53, 35.0, 113.0
54, 67.0, 144.0
55, 476.0, 18.0
56, 632.0, 212.0
57, 352.0, 29.0
58, 339.0, 8.0
59, 520.0, 213.0
60, 532.0, 183.0
61, 251.0, 38.0
62, 290.0, 18.0
63, 197.0, 324.0
64, 598.0, 234.0
65, 571.0, 120.0
66, 464.0, 144.0
67, 438.0, 44.0
68, 190.0, 48.0
69, 709.0, 432.0
70, 383.0, 117.0
71, 128.0, 392.0
72, 495.0, 63.0
73, 496.0, 111.0
74, 542.0, 222.0
75, 547.0, 240.0
76, 602.0, 16.0
77, 524.0, 244.0
78, 616.0, 24.0
79, 285.0, 71.0
80, 317.0, 16.0
81, 141.0, 130.0
82, 693.0, 155.0
83, 560.0, 193.0
84, 103.0, 436.0
85, 293.0, 113.0
86, 297.0, 414.0
87, 280.0, 346.0
88, 384.0, 54.0
89, 338.0, 191.0
90, 584.0, 151.0
91, 564.0, 23.0
92, 731.0, 16.0
93, 114.0, 425.0
94, 562.0, 108.0
95, 589.0, 217.0
96, 573.0, 25.0
97, 370.0, 52.0
98, 514.0, 105.0
99, 305.0, 421.0
100, 152.0, 299.0
101, 58.0, 116.0
102, 629.0, 274.0
103, 349.0, 105.0
104, 233.0, 389.0
105, 215.0, 77.0
106, 275.0, 44.0
107, 394.0, 155.0
108, 532.0, 251.0
109, 352.0, 42.0
110, 26.0, 22.0
111, 602.0, 103.0
112, 79.0, 136.0
113, 377.0, 40.0
114, 320.0, 365.0
115, 576.0, 129.0
116, 523.0, 290.0
117, 111.0, 62.0
118, 514.0, 227.0
119, 460.0, 204.0
120, 404.0, 124.0
121, 236.0, 83.0
122, 291.0, 42.0
123, 107.0, 143.0
124, 228.0, 97.0
125, 448.0, 140.0
126, 13.0, 348.0
127, 36.0, 91.0
128, 335.0, 114.0
129, 435.0, 194.0
130, 448.0, 212.0
131, 348.0, 12.0
132, 488.0, 15.0
133, 510.0, 242.0
134, 279.0, 25.0
135, 694.0, 96.0
136, 120.0, 33.0
137, 363.0, 165.0
138, 499.0, 121.0
139, 564.0, 179.0
140, 307.0, 223.0
141, 612.0, 291.0
142, 466.0, 20.0
143, 276.0, 111.0
144, 499.0, 30.0
145, 575.0, 109.0
146, 162.0, 183.0
147, 269.0, 35.0
148, 192.0, 462.0
149, 405.0, 256.0
150, 418.0, 168.0
151, 178.0, 178.0
152, 106.0, 80.0
153, 640.0, 320.0
154, 681.0, 144.0
155, 207.0, 60.0
156, 588.0, 118.0
157, 696.0, 52.0
158, 344.0, 450.0
159, 521.0, 134.0
160, 448.0, 186.0
161, 473.0, 54.0
162, 170.0, 126.0
163, 546.0, 131.0
164, 338.0, 427.0
165, 537.0, 236.0
166, 92.0, 141.0
167, 545.0, 172.0
168, 607.0, 178.0
169, 180.0, 326.0
170, 84.0, 418.0
171, 461.0, 376.0
172, 503.0, 139.0
173, 188.0, 316.0
174, 734.0, 93.0
175, 225.0, 265.0
176, 492.0, 355.0
177, 551.0, 117.0
178, 550.0, 190.0
179, 267.0, 59.0
180, 326.0, 428.0
181, 173.0, 364.0
182, 283.0, 458.0
183, 293.0, 86.0
184, 497.0, 210.0
185, 332.0, 445.0
186, 253.0, 49.0
187, 710.0, 454.0
188, 566.0, 90.0
189, 635.0, 241.0
190, 234.0, 59.0
191, 92.0, 304.0
192, 674.0, 417.0
193, 664.0, 29.0
194, 549.0, 153.0
195, 188.0, 332.0
196, 87.0, 56.0
197, 241.0, 435.0
198, 487.0, 179.0
199, 620.0, 300.0
200, 453.0, 397.0
201, 661.0, 59.0
202, 588.0, 30.0
203, 688.0, 26.0
204, 22.0, 358.0
205, 510.0, 161.0
206, 37.0, 103.0
207, 712.0, 61.0
208, 135.0, 91.0
209, 209.0, 93.0
210, 444.0, 198.0
211, 423.0, 271.0
212, 536.0, 47.0
213, 650.0, 416.0
214, 486.0, 65.0
215, 452.0, 59.0
216, 402.0, 195.0
217, 162.0, 131.0
218, 299.0, 104.0
219, 149.0, 138.0
220, 639.0, 13.0
221, 199.0, 20.0
222, 519.0, 316.0
223, 510.0, 53.0
224, 299.0, 14.0
225, 59.0, 48.0
226, 481.0, 389.0
227, 541.0, 149.0
228, 340.0, 319.0
229, 373.0, 11.0
230, 268.0, 458.0
231, 144.0, 361.0
232, 143.0, 146.0
233, 147.0, 390.0
234, 70.0, 41.0
235, 77.0, 35.0
236, 437.0, 389.0
237, 228.0, 81.0
238, 414.0, 155.0
239, 570.0, 39.0
240, 162.0, 158.0
241, 138.0, 119.0
242, 22.0, 35.0
243, 564.0, 259.0
244, 524.0, 97.0
245, 355.0, 173.0
246, 547.0, 206.0
247, 405.0, 138.0
248, 165.0, 261.0
249, 536.0, 11.0
250, 228.0, 440.0
251, 608.0, 214.0
252, 261.0, 401.0
253, 121.0, 131.0
254, 461.0, 158.0
255, 541.0, 274.0
256, 496.0, 279.0
257, 497.0, 343.0
258, 147.0, 73.0
259, 414.0, 30.0
260, 598.0, 66.0
261, 672.0, 276.0
262, 675.0, 400.0
263, 529.0, 281.0
264, 82.0, 261.0
265, 315.0, 102.0
266, 729.0, 265.0
267, 204.0, 158.0
268, 341.0, 124.0
269, 99.0, 284.0
270, 475.0, 409.0
271, 452.0, 51.0
272, 13.0, 18.0
273, 698.0, 448.0
274, 649.0, 209.0
275, 571.0, 62.0
276, 696.0, 251.0
277, 393.0, 208.0
278, 396.0, 271.0
279, 456.0, 102.0
280, 78.0, 462.0
281, 526.0, 70.0
282, 506.0, 149.0
283, 170.0, 348.0
284, 505.0, 257.0
285, 315.0, 215.0
286, 263.0, 41.0
287, 527.0, 153.0
288, 89.0, 376.0
289, 276.0, 90.0
290, 559.0, 158.0
291, 198.0, 339.0
292, 589.0, 141.0
293, 649.0, 26.0
294, 152.0, 110.0
295, 407.0, 220.0
296, 650.0, 397.0
297, 80.0, 299.0
298, 584.0, 131.0
299, 422.0, 181.0
300, 625.0, 25.0
301, 19.0, 57.0
302, 134.0, 142.0
303, 314.0, 311.0
304, 54.0, 126.0
305, 299.0, 194.0
306, 511.0, 170.0
307, 124.0, 66.0
308, 427.0, 466.0
309, 447.0, 322.0
310, 473.0, 75.0
311, 206.0, 71.0
312, 129.0, 14.0
313, 302.0, 450.0
314, 324.0, 416.0
315, 108.0, 8.0
316, 571.0, 421.0
317, 697.0, 458.0
318, 135.0, 420.0
319, 474.0, 65.0
320, 383.0, 208.0
321, 305.0, 402.0
322, 139.0, 437.0
323, 134.0, 77.0
324, 369.0, 467.0
325, 552.0, 13.0
326, 177.0, 62.0
327, 68.0, 121.0
328, 608.0, 26.0
329, 500.0, 92.0
330, 562.0, 132.0
331, 26.0, 101.0
332, 214.0, 388.0
333, 325.0, 96.0
334, 183.0, 20.0
335, 312.0, 455.0
336, 682.0, 117.0
337, 476.0, 222.0
338, 121.0, 282.0
339, 472.0, 346.0
340, 101.0, 119.0
341, 275.0, 436.0
342, 387.0, 466.0
343, 669.0, 244.0
344, 412.0, 62.0
345, 356.0, 21.0
346, 432.0, 32.0
347, 613.0, 317.0
348, 501.0, 42.0
349, 293.0, 463.0
350, 368.0, 29.0
351, 143.0, 53.0
352, 515.0, 369.0
353, 614.0, 305.0
354, 650.0, 347.0
355, 560.0, 118.0
356, 604.0, 116.0
357, 408.0, 17.0
358, 525.0, 110.0
359, 433.0, 152.0
360, 568.0, 437.0
361, 429.0, 384.0
362, 483.0, 40.0
363, 600.0, 449.0
364, 190.0, 110.0
365, 621.0, 231.0
366, 355.0, 142.0
367, 200.0, 389.0
368, 447.0, 174.0
369, 399.0, 35.0
370, 345.0, 218.0
371, 159.0, 324.0
372, 126.0, 74.0
373, 263.0, 466.0
374, 202.0, 49.0
375, 152.0, 258.0
376, 197.0, 274.0
377, 476.0, 334.0
378, 263.0, 133.0
379, 251.0, 61.0
380, 519.0, 81.0
381, 630.0, 50.0
382, 121.0, 470.0
383, 448.0, 34.0
384, 741.0, 180.0
385, 313.0, 169.0
386, 234.0, 252.0
387, 649.0, 384.0
388, 249.0, 29.0
389, 131.0, 470.0
390, 599.0, 380.0
391, 188.0, 401.0
392, 488.0, 53.0
393, 661.0, 410.0
394, 515.0, 150.0
395, 414.0, 193.0
396, 728.0, 103.0
397, 443.0, 161.0
398, 187.0, 351.0
399, 665.0, 464.0
400, 9.0, 202.0
401, 198.0, 169.0
402, 691.0, 63.0
403, 304.0, 89.0
404, 665.0, 150.0
405, 43.0, 223.0
406, 705.0, 287.0
407, 89.0, 326.0
408, 120.0, 385.0
409, 135.0, 52.0
410, 307.0, 118.0
411, 196.0, 284.0
412, 298.0, 140.0
413, 732.0, 246.0
414, 261.0, 424.0
415, 187.0, 144.0
416, 97.0, 83.0
417, 90.0, 15.0
418, 352.0, 270.0
419, 310.0, 347.0
420, 166.0, 16.0
421, 247.0, 444.0
422, 579.0, 14.0
423, 597.0, 58.0
424, 623.0, 58.0
425, 599.0, 189.0
426, 187.0, 36.0
427, 61.0, 328.0
428, 40.0, 135.0
429, 444.0, 67.0
430, 589.0, 286.0
431, 241.0, 68.0
432, 61.0, 244.0
433, 328.0, 15.0
434, 338.0, 29.0
435, 361.0, 49.0
436, 663.0, 97.0
437, 527.0, 145.0
438, 598.0, 248.0
439, 706.0, 25.0
440, 494.0, 259.0
441, 266.0, 447.0
442, 319.0, 149.0
443, 531.0, 203.0
444, 355.0, 121.0
445, 372.0, 157.0
446, 520.0, 124.0
447, 216.0, 275.0
448, 104.0, 42.0
449, 442.0, 237.0
450, 512.0, 114.0
451, 199.0, 109.0
452, 58.0, 347.0
453, 523.0, 55.0
454, 322.0, 289.0
455, 30.0, 10.0
456, 662.0, 402.0
457, 161.0, 8.0
458, 251.0, 375.0
459, 315.0, 180.0
460, 589.0, 187.0
461, 343.0, 265.0
462, 358.0, 8.0
463, 622.0, 37.0
464, 289.0, 334.0
465, 41.0, 62.0
466, 529.0, 232.0
467, 649.0, 466.0
468, 443.0, 153.0
469, 669.0, 197.0
470, 387.0, 166.0
471, 353.0, 197.0
472, 605.0, 279.0
473, 466.0, 235.0
474, 216.0, 256.0
475, 243.0, 457.0
476, 507.0, 212.0
477, 616.0, 197.0
478, 138.0, 8.0
479, 615.0, 282.0
480, 180.0, 451.0
481, 145.0, 167.0
482, 117.0, 122.0
483, 414.0, 38.0
484, 224.0, 429.0
485, 132.0, 125.0
486, 505.0, 112.0
487, 473.0, 178.0
488, 663.0, 431.0
489, 570.0, 148.0
490, 167.0, 30.0
491, 518.0, 45.0
492, 511.0, 94.0
493, 425.0, 158.0
494, 448.0, 43.0
495, 171.0, 242.0
496, 42.0, 190.0
497, 131.0, 61.0
498, 374.0, 269.0
499, 512.0, 31.0
