0, 337.0, 454.0
1, 142.0, 286.0
2, 180.0, 242.0
3, 456.0, 49.0
4, 80.0, 35.0
5, 415.0, 263.0
6, 578.0, 253.0
7, 508.0, 449.0
8, 191.0, 164.0
9, 580.0, 264.0
10, 479.0, 212.0
11, 465.0, 281.0
12, 365.0, 40.0
13, 441.0, 108.0
14, 460.0, 315.0
15, 138.0, 90.0
16, 588.0, 185.0
17, 524.0, 47.0
18, 106.0, 88.0
19, 405.0, 293.0
20, 159.0, 267.0
21, 386.0, 167.0
22, 703.0, 198.0
23, 495.0, 245.0
24, 423.0, 293.0
25, 114.0, 443.0
26, 406.0, 258.0
27, 422.0, 306.0
28, 566.0, 259.0
29, 521.0, 72.0
30, 180.0, 219.0
31, 341.0, 135.0
32, 103.0, 169.0
33, 189.0, 143.0
34, 131.0, 66.0
35, 333.0, 337.0
36, 425.0, 269.0
37, 368.0, 82.0
38, 700.0, 210.0
39, 416.0, 455.0
40, 599.0, 267.0
41, 483.0, 308.0
42, 503.0, 133.0
43, 323.0, 417.0
44, 590.0, 342.0
45, 544.0, 269.0
46, 97.0, 145.0
47, 135.0, 185.0
48, 154.0, 334.0
49, 130.0, 128.0
50, 563.0, 9.0
51, 448.0, 339.0
52, 341.0, 443.0
53, 494.0, 261.0
54, 460.0, 415.0
55, 402.0, 439.0
56, 546.0, 216.0
57, 448.0, 375.0
58, 405.0, 284.0
59, 56.0, 271.0
60, 165.0, 231.0
61, 358.0, 199.0
62, 546.0, 203.0
63, 491.0, 89.0
64, 221.0, 429.0
65, 121.0, 240.0
66, 63.0, 84.0
67, 103.0, 25.0
68, 386.0, 303.0
69, 86.0, 170.0
70, 206.0, 419.0
71, 144.0, 325.0
72, 158.0, 452.0
73, 476.0, 422.0
74, 473.0, 267.0
75, 381.0, 257.0
76, 485.0, 427.0
77, 598.0, 289.0
78, 415.0, 366.0
79, 235.0, 18.0
80, 525.0, 167.0
81, 579.0, 183.0
82, 180.0, 279.0
83, 616.0, 56.0
84, 463.0, 250.0
85, 65.0, 98.0
86, 535.0, 266.0
87, 577.0, 192.0
88, 138.0, 227.0
89, 320.0, 331.0
90, 357.0, 141.0
91, 314.0, 88.0
92, 464.0, 229.0
93, 506.0, 273.0
94, 314.0, 112.0
95, 368.0, 158.0
96, 41.0, 134.0
97, 145.0, 206.0
98, 39.0, 229.0
99, 318.0, 350.0
100, 41.0, 74.0
101, 437.0, 13.0
102, 530.0, 254.0
103, 602.0, 304.0
104, 633.0, 200.0
105, 720.0, 373.0
106, 496.0, 285.0
107, 59.0, 133.0
108, 60.0, 146.0
109, 477.0, 132.0
110, 549.0, 189.0
111, 246.0, 395.0
112, 485.0, 409.0
113, 485.0, 298.0
114, 330.0, 403.0
115, 436.0, 179.0
116, 73.0, 281.0
117, 382.0, 134.0
118, 326.0, 455.0
119, 175.0, 152.0
120, 347.0, 464.0
121, 139.0, 269.0
122, 435.0, 233.0
123, 379.0, 158.0
124, 604.0, 331.0
125, 660.0, 13.0
126, 381.0, 277.0
127, 371.0, 301.0
128, 357.0, 172.0
129, 556.0, 240.0
130, 561.0, 23.0
131, 456.0, 430.0
132, 459.0, 217.0
133, 207.0, 307.0
134, 186.0, 108.0
135, 383.0, 353.0
136, 345.0, 377.0
137, 418.0, 54.0
138, 133.0, 99.0
139, 320.0, 286.0
140, 446.0, 207.0
141, 177.0, 210.0
142, 53.0, 197.0
143, 468.0, 314.0
144, 160.0, 99.0
145, 145.0, 144.0
146, 364.0, 316.0
147, 534.0, 202.0
148, 429.0, 357.0
149, 216.0, 328.0
150, 304.0, 70.0
151, 413.0, 159.0
152, 122.0, 423.0
153, 119.0, 453.0
154, 31.0, 170.0
155, 462.0, 299.0
156, 133.0, 460.0
157, 658.0, 204.0
158, 28.0, 157.0
159, 155.0, 398.0
160, 579.0, 274.0
161, 661.0, 193.0
162, 123.0, 200.0
163, 564.0, 95.0
164, 343.0, 275.0
165, 641.0, 219.0
166, 194.0, 308.0
167, 458.0, 329.0
168, 540.0, 246.0
169, 483.0, 274.0
170, 687.0, 309.0
171, 507.0, 246.0
172, 500.0, 173.0
173, 588.0, 230.0
174, 586.0, 195.0
175, 623.0, 219.0
176, 687.0, 104.0
177, 234.0, 167.0
178, 55.0, 101.0
179, 603.0, 219.0
180, 541.0, 466.0
181, 372.0, 126.0
182, 388.0, 153.0
183, 122.0, 185.0
184, 390.0, 440.0
185, 430.0, 32.0
186, 555.0, 149.0
187, 279.0, 340.0
188, 285.0, 217.0
189, 709.0, 459.0
190, 70.0, 18.0
191, 390.0, 323.0
192, 303.0, 445.0
193, 110.0, 72.0
194, 532.0, 212.0
195, 211.0, 429.0
196, 171.0, 143.0
197, 568.0, 150.0
198, 645.0, 191.0
199, 372.0, 356.0
200, 282.0, 120.0
201, 620.0, 75.0
202, 636.0, 139.0
203, 189.0, 372.0
204, 489.0, 187.0
205, 269.0, 337.0
206, 656.0, 214.0
207, 134.0, 75.0
208, 281.0, 143.0
209, 482.0, 247.0
210, 455.0, 235.0
211, 407.0, 465.0
212, 393.0, 376.0
213, 634.0, 190.0
214, 540.0, 189.0
215, 152.0, 178.0
216, 84.0, 145.0
217, 236.0, 420.0
218, 333.0, 19.0
219, 565.0, 140.0
220, 708.0, 119.0
221, 521.0, 84.0
222, 632.0, 55.0
223, 383.0, 40.0
224, 403.0, 367.0
225, 355.0, 158.0
226, 477.0, 405.0
227, 118.0, 81.0
228, 486.0, 147.0
229, 119.0, 19.0
230, 52.0, 295.0
231, 165.0, 245.0
232, 492.0, 460.0
233, 401.0, 18.0
234, 506.0, 261.0
235, 585.0, 105.0
236, 426.0, 127.0
237, 383.0, 217.0
238, 503.0, 399.0
239, 229.0, 370.0
240, 513.0, 175.0
241, 117.0, 231.0
242, 205.0, 362.0
243, 420.0, 323.0
244, 481.0, 260.0
245, 145.0, 191.0
246, 443.0, 278.0
247, 114.0, 168.0
248, 441.0, 454.0
249, 313.0, 37.0
250, 18.0, 170.0
251, 504.0, 149.0
252, 14.0, 9.0
253, 702.0, 134.0
254, 154.0, 203.0
255, 135.0, 208.0
256, 108.0, 437.0
257, 245.0, 174.0
258, 426.0, 420.0
259, 580.0, 459.0
260, 413.0, 471.0
261, 460.0, 206.0
262, 163.0, 212.0
263, 413.0, 275.0
264, 368.0, 70.0
265, 43.0, 147.0
266, 346.0, 47.0
267, 625.0, 189.0
268, 686.0, 225.0
269, 16.0, 157.0
270, 646.0, 203.0
271, 37.0, 255.0
272, 618.0, 271.0
273, 419.0, 36.0
274, 140.0, 105.0
275, 354.0, 106.0
276, 222.0, 461.0
277, 193.0, 397.0
278, 182.0, 305.0
279, 521.0, 406.0
280, 446.0, 386.0
281, 469.0, 349.0
282, 150.0, 465.0
283, 197.0, 469.0
284, 356.0, 258.0
285, 732.0, 332.0
286, 330.0, 423.0
287, 372.0, 260.0
288, 128.0, 145.0
289, 278.0, 304.0
290, 401.0, 142.0
291, 580.0, 173.0
292, 315.0, 160.0
293, 286.0, 458.0
294, 535.0, 24.0
295, 223.0, 185.0
296, 280.0, 356.0
297, 405.0, 422.0
298, 162.0, 191.0
299, 250.0, 87.0
300, 403.0, 304.0
301, 398.0, 321.0
302, 419.0, 247.0
303, 276.0, 465.0
304, 25.0, 135.0
305, 363.0, 461.0
306, 610.0, 313.0
307, 561.0, 114.0
308, 454.0, 361.0
309, 365.0, 387.0
310, 729.0, 105.0
311, 105.0, 179.0
312, 194.0, 223.0
313, 352.0, 339.0
314, 379.0, 454.0
315, 306.0, 121.0
316, 509.0, 308.0
317, 504.0, 341.0
318, 94.0, 275.0
319, 425.0, 157.0
320, 464.0, 434.0
321, 690.0, 94.0
322, 33.0, 428.0
323, 415.0, 433.0
324, 611.0, 106.0
325, 443.0, 51.0
326, 170.0, 455.0
327, 288.0, 110.0
328, 379.0, 341.0
329, 55.0, 16.0
330, 711.0, 344.0
331, 344.0, 116.0
332, 435.0, 322.0
333, 114.0, 114.0
334, 154.0, 233.0
335, 323.0, 122.0
336, 448.0, 226.0
337, 598.0, 137.0
338, 459.0, 19.0
339, 405.0, 454.0
340, 468.0, 403.0
341, 157.0, 412.0
342, 192.0, 200.0
343, 92.0, 132.0
344, 730.0, 151.0
345, 350.0, 35.0
346, 492.0, 272.0
347, 324.0, 74.0
348, 349.0, 401.0
349, 468.0, 48.0
350, 487.0, 127.0
351, 596.0, 322.0
352, 437.0, 441.0
353, 232.0, 33.0
354, 174.0, 374.0
355, 602.0, 17.0
356, 422.0, 66.0
357, 639.0, 256.0
358, 272.0, 184.0
359, 594.0, 312.0
360, 448.0, 299.0
361, 180.0, 268.0
362, 295.0, 362.0
363, 438.0, 120.0
364, 78.0, 136.0
365, 497.0, 296.0
366, 73.0, 439.0
367, 512.0, 186.0
368, 618.0, 282.0
369, 509.0, 42.0
370, 260.0, 145.0
371, 429.0, 399.0
372, 515.0, 166.0
373, 174.0, 164.0
374, 297.0, 134.0
375, 621.0, 207.0
376, 129.0, 166.0
377, 141.0, 354.0
378, 146.0, 136.0
379, 196.0, 238.0
380, 708.0, 330.0
381, 154.0, 151.0
382, 494.0, 434.0
383, 423.0, 78.0
384, 146.0, 311.0
385, 462.0, 258.0
386, 617.0, 296.0
387, 59.0, 110.0
388, 397.0, 313.0
389, 348.0, 97.0
390, 321.0, 173.0
391, 296.0, 343.0
392, 517.0, 143.0
393, 463.0, 78.0
394, 535.0, 64.0
395, 686.0, 118.0
396, 679.0, 253.0
397, 121.0, 37.0
398, 355.0, 270.0
399, 367.0, 51.0
400, 154.0, 437.0
401, 516.0, 464.0
402, 73.0, 268.0
403, 125.0, 290.0
404, 524.0, 236.0
405, 306.0, 180.0
406, 327.0, 153.0
407, 504.0, 423.0
408, 410.0, 307.0
409, 704.0, 421.0
410, 359.0, 30.0
411, 393.0, 180.0
412, 122.0, 319.0
413, 353.0, 312.0
414, 35.0, 471.0
415, 402.0, 212.0
416, 88.0, 363.0
417, 488.0, 229.0
418, 133.0, 301.0
419, 392.0, 215.0
420, 351.0, 330.0
421, 112.0, 402.0
422, 307.0, 143.0
423, 392.0, 87.0
424, 250.0, 372.0
425, 207.0, 386.0
426, 423.0, 181.0
427, 319.0, 384.0
428, 195.0, 322.0
429, 22.0, 461.0
430, 111.0, 126.0
431, 552.0, 437.0
432, 241.0, 361.0
433, 430.0, 283.0
434, 392.0, 49.0
435, 566.0, 393.0
436, 168.0, 135.0
437, 293.0, 143.0
438, 665.0, 118.0
439, 661.0, 242.0
440, 520.0, 57.0
441, 434.0, 66.0
442, 475.0, 236.0
443, 50.0, 186.0
444, 651.0, 94.0
445, 29.0, 147.0
446, 60.0, 242.0
447, 436.0, 256.0
448, 336.0, 160.0
449, 409.0, 192.0
450, 122.0, 268.0
451, 52.0, 464.0
452, 498.0, 230.0
453, 670.0, 93.0
454, 382.0, 292.0
455, 209.0, 150.0
456, 353.0, 444.0
457, 622.0, 199.0
458, 277.0, 235.0
459, 192.0, 248.0
460, 396.0, 347.0
461, 167.0, 470.0
462, 562.0, 36.0
463, 551.0, 358.0
464, 215.0, 341.0
465, 664.0, 181.0
466, 22.0, 24.0
467, 187.0, 96.0
468, 122.0, 432.0
469, 200.0, 182.0
470, 219.0, 230.0
471, 368.0, 368.0
472, 707.0, 185.0
473, 352.0, 299.0
474, 177.0, 251.0
475, 555.0, 254.0
476, 283.0, 64.0
477, 442.0, 29.0
478, 227.0, 130.0
479, 375.0, 170.0
480, 104.0, 331.0
481, 535.0, 288.0
482, 542.0, 284.0
483, 92.0, 22.0
484, 437.0, 391.0
485, 579.0, 23.0
486, 556.0, 450.0
487, 48.0, 174.0
488, 507.0, 232.0
489, 306.0, 55.0
490, 269.0, 367.0
491, 431.0, 370.0
492, 528.0, 109.0
493, 168.0, 262.0
494, 483.0, 359.0
495, 43.0, 243.0
496, 96.0, 42.0
497, 505.0, 459.0
498, 672.0, 310.0
499, 229.0, 144.0
