0, 413.0, 159.0
1, 149.0, 25.0
2, 506.0, 125.0
3, 145.0, 50.0
4, 105.0, 325.0
5, 156.0, 38.0
6, 395.0, 139.0
7, 255.0, 105.0
8, 307.0, 166.0
9, 165.0, 17.0
10, 277.0, 110.0
11, 118.0, 370.0
12, 90.0, 270.0
13, 232.0, 47.0
14, 509.0, 17.0
15, 515.0, 170.0
16, 391.0, 150.0
17, 517.0, 133.0
18, 262.0, 71.0
19, 236.0, 68.0
20, 555.0, 196.0
21, 558.0, 129.0
22, 351.0, 168.0
23, 416.0, 122.0
24, 117.0, 37.0
25, 455.0, 160.0
26, 367.0, 130.0
27, 253.0, 93.0
28, 284.0, 164.0
29, 640.0, 250.0
30, 171.0, 180.0
31, 206.0, 77.0
32, 228.0, 32.0
33, 202.0, 27.0
34, 149.0, 241.0
35, 564.0, 295.0
36, 278.0, 326.0
37, 276.0, 145.0
38, 321.0, 153.0
39, 184.0, 58.0
40, 267.0, 198.0
41, 445.0, 330.0
42, 421.0, 175.0
43, 567.0, 214.0
44, 68.0, 283.0
45, 381.0, 100.0
46, 294.0, 253.0
47, 355.0, 211.0
48, 455.0, 144.0
49, 258.0, 81.0
50, 701.0, 75.0
51, 432.0, 12.0
52, 357.0, 157.0
53, 400.0, 84.0
54, 646.0, 289.0
55, 111.0, 125.0
56, 329.0, 141.0
57, 321.0, 205.0
58, 505.0, 28.0
59, 521.0, 40.0
60, 518.0, 195.0
61, 440.0, 58.0
62, 297.0, 294.0
63, 418.0, 98.0
64, 182.0, 16.0
65, 395.0, 164.0
66, 541.0, 285.0
67, 456.0, 131.0
68, 606.0, 184.0
69, 236.0, 281.0
70, 521.0, 181.0
71, 281.0, 314.0
72, 445.0, 129.0
73, 419.0, 85.0
74, 182.0, 180.0
75, 637.0, 337.0
76, 458.0, 198.0
77, 293.0, 280.0
78, 395.0, 209.0
79, 733.0, 374.0
80, 491.0, 29.0
81, 135.0, 425.0
82, 347.0, 149.0
83, 308.0, 192.0
84, 87.0, 26.0
85, 99.0, 300.0
86, 381.0, 82.0
87, 198.0, 204.0
88, 530.0, 202.0
89, 346.0, 196.0
90, 358.0, 101.0
91, 627.0, 309.0
92, 447.0, 18.0
93, 504.0, 269.0
94, 358.0, 117.0
95, 432.0, 98.0
96, 361.0, 199.0
97, 477.0, 215.0
98, 310.0, 89.0
99, 477.0, 304.0
100, 563.0, 32.0
101, 304.0, 203.0
102, 157.0, 147.0
103, 559.0, 230.0
104, 346.0, 178.0
105, 300.0, 366.0
106, 282.0, 283.0
107, 261.0, 262.0
108, 262.0, 124.0
109, 150.0, 392.0
110, 348.0, 102.0
111, 377.0, 202.0
112, 145.0, 406.0
113, 614.0, 144.0
114, 310.0, 155.0
115, 298.0, 228.0
116, 207.0, 183.0
117, 21.0, 278.0
118, 465.0, 29.0
119, 203.0, 276.0
120, 683.0, 257.0
121, 156.0, 86.0
122, 114.0, 48.0
123, 111.0, 456.0
124, 366.0, 145.0
125, 500.0, 198.0
126, 331.0, 89.0
127, 489.0, 214.0
128, 455.0, 273.0
129, 657.0, 443.0
130, 151.0, 370.0
131, 412.0, 171.0
132, 107.0, 409.0
133, 531.0, 234.0
134, 449.0, 188.0
135, 468.0, 11.0
136, 298.0, 151.0
137, 550.0, 246.0
138, 226.0, 172.0
139, 469.0, 84.0
140, 288.0, 225.0
141, 320.0, 135.0
142, 297.0, 138.0
143, 93.0, 350.0
144, 37.0, 56.0
145, 443.0, 160.0
146, 254.0, 117.0
147, 447.0, 98.0
148, 629.0, 299.0
149, 241.0, 161.0
150, 372.0, 215.0
151, 197.0, 13.0
152, 523.0, 18.0
153, 256.0, 251.0
154, 635.0, 291.0
155, 299.0, 54.0
156, 198.0, 360.0
157, 648.0, 47.0
158, 564.0, 79.0
159, 106.0, 77.0
160, 494.0, 281.0
161, 484.0, 264.0
162, 586.0, 113.0
163, 367.0, 170.0
164, 128.0, 17.0
165, 284.0, 197.0
166, 171.0, 157.0
167, 238.0, 248.0
168, 347.0, 117.0
169, 468.0, 129.0
170, 483.0, 276.0
171, 133.0, 364.0
172, 661.0, 218.0
173, 197.0, 267.0
174, 634.0, 85.0
175, 415.0, 134.0
176, 132.0, 115.0
177, 461.0, 172.0
178, 168.0, 251.0
179, 706.0, 66.0
180, 452.0, 26.0
181, 286.0, 132.0
182, 220.0, 255.0
183, 408.0, 209.0
184, 598.0, 240.0
185, 102.0, 444.0
186, 253.0, 166.0
187, 644.0, 173.0
188, 104.0, 426.0
189, 41.0, 241.0
190, 558.0, 159.0
191, 285.0, 238.0
192, 190.0, 218.0
193, 493.0, 98.0
194, 434.0, 84.0
195, 315.0, 115.0
196, 712.0, 154.0
197, 582.0, 268.0
198, 619.0, 174.0
199, 132.0, 379.0
200, 100.0, 360.0
201, 170.0, 148.0
202, 73.0, 39.0
203, 457.0, 359.0
204, 425.0, 155.0
205, 337.0, 101.0
206, 306.0, 313.0
207, 525.0, 360.0
208, 393.0, 196.0
209, 347.0, 131.0
210, 344.0, 48.0
211, 525.0, 146.0
212, 311.0, 230.0
213, 80.0, 342.0
214, 144.0, 109.0
215, 537.0, 299.0
216, 524.0, 280.0
217, 14.0, 60.0
218, 616.0, 65.0
219, 310.0, 219.0
220, 325.0, 361.0
221, 728.0, 357.0
222, 360.0, 24.0
223, 182.0, 252.0
224, 52.0, 237.0
225, 157.0, 49.0
226, 596.0, 112.0
227, 636.0, 321.0
228, 690.0, 64.0
229, 541.0, 195.0
230, 713.0, 100.0
231, 121.0, 92.0
232, 282.0, 297.0
233, 654.0, 124.0
234, 532.0, 79.0
235, 210.0, 209.0
236, 597.0, 64.0
237, 226.0, 186.0
238, 575.0, 299.0
239, 176.0, 327.0
240, 84.0, 469.0
241, 312.0, 124.0
242, 402.0, 254.0
243, 472.0, 223.0
244, 115.0, 393.0
245, 256.0, 210.0
246, 338.0, 82.0
247, 686.0, 84.0
248, 240.0, 141.0
249, 551.0, 182.0
250, 456.0, 221.0
251, 532.0, 128.0
252, 246.0, 125.0
253, 549.0, 16.0
254, 123.0, 410.0
255, 474.0, 201.0
256, 613.0, 85.0
257, 292.0, 307.0
258, 367.0, 159.0
259, 224.0, 340.0
260, 302.0, 278.0
261, 69.0, 402.0
262, 621.0, 206.0
263, 298.0, 265.0
264, 325.0, 115.0
265, 639.0, 187.0
266, 366.0, 189.0
267, 739.0, 255.0
268, 369.0, 100.0
269, 499.0, 407.0
270, 664.0, 86.0
271, 108.0, 310.0
272, 52.0, 399.0
273, 399.0, 99.0
274, 280.0, 219.0
275, 286.0, 271.0
276, 580.0, 207.0
277, 365.0, 84.0
278, 184.0, 352.0
279, 661.0, 413.0
280, 229.0, 124.0
281, 640.0, 216.0
282, 131.0, 152.0
283, 128.0, 71.0
284, 643.0, 86.0
285, 48.0, 418.0
286, 298.0, 183.0
287, 225.0, 273.0
288, 191.0, 280.0
289, 608.0, 311.0
290, 296.0, 121.0
291, 238.0, 101.0
292, 260.0, 285.0
293, 588.0, 286.0
294, 672.0, 166.0
295, 96.0, 373.0
296, 616.0, 134.0
297, 593.0, 82.0
298, 257.0, 323.0
299, 638.0, 75.0
300, 630.0, 213.0
301, 524.0, 307.0
302, 396.0, 123.0
303, 271.0, 8.0
304, 431.0, 172.0
305, 188.0, 156.0
306, 459.0, 106.0
307, 317.0, 43.0
308, 565.0, 252.0
309, 523.0, 408.0
310, 273.0, 157.0
311, 145.0, 442.0
312, 401.0, 67.0
313, 155.0, 189.0
314, 421.0, 54.0
315, 471.0, 441.0
316, 464.0, 145.0
317, 99.0, 277.0
318, 489.0, 230.0
319, 677.0, 221.0
320, 480.0, 8.0
321, 285.0, 181.0
322, 607.0, 368.0
323, 659.0, 102.0
324, 317.0, 54.0
325, 313.0, 30.0
326, 674.0, 65.0
327, 25.0, 203.0
328, 720.0, 85.0
329, 179.0, 197.0
330, 57.0, 269.0
331, 331.0, 127.0
332, 191.0, 94.0
333, 693.0, 177.0
334, 212.0, 89.0
335, 348.0, 84.0
336, 83.0, 448.0
337, 126.0, 33.0
338, 180.0, 271.0
339, 477.0, 426.0
340, 625.0, 102.0
341, 562.0, 44.0
342, 649.0, 272.0
343, 333.0, 256.0
344, 193.0, 45.0
345, 251.0, 259.0
346, 639.0, 402.0
347, 445.0, 356.0
348, 184.0, 46.0
349, 67.0, 422.0
350, 58.0, 58.0
351, 335.0, 116.0
352, 57.0, 216.0
353, 479.0, 51.0
354, 33.0, 87.0
355, 84.0, 302.0
356, 420.0, 72.0
357, 183.0, 148.0
358, 394.0, 178.0
359, 124.0, 219.0
360, 288.0, 348.0
361, 649.0, 206.0
362, 116.0, 380.0
363, 234.0, 313.0
364, 172.0, 10.0
365, 190.0, 365.0
366, 134.0, 437.0
367, 169.0, 269.0
368, 510.0, 181.0
369, 263.0, 370.0
370, 423.0, 285.0
371, 14.0, 314.0
372, 240.0, 345.0
373, 644.0, 63.0
374, 243.0, 34.0
375, 722.0, 66.0
376, 635.0, 97.0
377, 35.0, 309.0
378, 8.0, 33.0
379, 546.0, 146.0
380, 405.0, 38.0
381, 97.0, 333.0
382, 212.0, 229.0
383, 163.0, 136.0
384, 180.0, 158.0
385, 574.0, 14.0
386, 69.0, 23.0
387, 352.0, 15.0
388, 290.0, 12.0
389, 197.0, 418.0
390, 17.0, 332.0
391, 310.0, 43.0
392, 540.0, 361.0
393, 380.0, 119.0
394, 77.0, 213.0
395, 132.0, 167.0
396, 199.0, 343.0
397, 170.0, 94.0
398, 486.0, 130.0
399, 557.0, 307.0
400, 508.0, 138.0
401, 312.0, 279.0
402, 40.0, 75.0
403, 379.0, 129.0
404, 659.0, 291.0
405, 133.0, 239.0
406, 570.0, 327.0
407, 67.0, 434.0
408, 492.0, 8.0
409, 15.0, 172.0
410, 138.0, 65.0
411, 274.0, 120.0
412, 152.0, 342.0
413, 310.0, 97.0
414, 253.0, 141.0
415, 48.0, 430.0
416, 132.0, 395.0
417, 74.0, 253.0
418, 564.0, 337.0
419, 584.0, 93.0
420, 639.0, 376.0
421, 660.0, 173.0
422, 99.0, 391.0
423, 82.0, 261.0
424, 18.0, 258.0
425, 82.0, 16.0
426, 708.0, 251.0
427, 222.0, 62.0
428, 670.0, 193.0
429, 736.0, 115.0
430, 521.0, 26.0
431, 71.0, 274.0
432, 545.0, 209.0
433, 180.0, 287.0
434, 626.0, 10.0
435, 126.0, 175.0
436, 610.0, 157.0
437, 229.0, 88.0
438, 469.0, 280.0
439, 724.0, 390.0
440, 494.0, 83.0
441, 416.0, 243.0
442, 424.0, 35.0
443, 191.0, 82.0
444, 170.0, 402.0
445, 148.0, 356.0
446, 265.0, 40.0
447, 106.0, 218.0
448, 393.0, 277.0
449, 572.0, 36.0
450, 342.0, 246.0
451, 138.0, 92.0
452, 403.0, 152.0
453, 242.0, 374.0
454, 297.0, 45.0
455, 304.0, 212.0
456, 120.0, 194.0
457, 65.0, 88.0
458, 653.0, 164.0
459, 88.0, 36.0
460, 517.0, 227.0
461, 89.0, 338.0
462, 448.0, 343.0
463, 86.0, 423.0
464, 548.0, 128.0
465, 511.0, 444.0
466, 462.0, 89.0
467, 75.0, 357.0
468, 145.0, 75.0
469, 615.0, 74.0
470, 187.0, 169.0
471, 302.0, 103.0
472, 459.0, 39.0
473, 527.0, 98.0
474, 450.0, 89.0
475, 441.0, 48.0
476, 314.0, 8.0
477, 700.0, 301.0
478, 121.0, 426.0
479, 90.0, 290.0
480, 108.0, 28.0
481, 61.0, 36.0
482, 116.0, 161.0
483, 114.0, 140.0
484, 440.0, 289.0
485, 117.0, 155.0
486, 553.0, 29.0
487, 145.0, 258.0
488, 346.0, 216.0
489, 668.0, 336.0
490, 93.0, 319.0
491, 703.0, 220.0
492, 90.0, 405.0
493, 548.0, 335.0
494, 568.0, 63.0
495, 219.0, 281.0
496, 713.0, 350.0
497, 524.0, 325.0
498, 29.0, 21.0
499, 561.0, 55.0
