0, 413.0, 135.0
1, 294.0, 384.0
2, 99.0, 73.0
3, 388.0, 125.0
4, 147.0, 229.0
5, 206.0, 409.0
6, 523.0, 26.0
7, 222.0, 307.0
8, 235.0, 448.0
9, 166.0, 206.0
10, 283.0, 146.0
11, 81.0, 40.0
12, 429.0, 253.0
13, 234.0, 270.0
14, 279.0, 397.0
15, 426.0, 450.0
16, 380.0, 63.0
17, 466.0, 30.0
18, 392.0, 50.0
19, 497.0, 463.0
20, 448.0, 124.0
21, 407.0, 468.0
22, 101.0, 407.0
23, 608.0, 332.0
24, 154.0, 217.0
25, 136.0, 450.0
26, 179.0, 435.0
27, 450.0, 99.0
28, 355.0, 465.0
29, 152.0, 279.0
30, 407.0, 64.0
31, 274.0, 412.0
32, 162.0, 141.0
33, 231.0, 236.0
34, 429.0, 469.0
35, 215.0, 332.0
36, 107.0, 84.0
37, 243.0, 430.0
38, 602.0, 245.0
39, 366.0, 151.0
40, 248.0, 147.0
41, 322.0, 51.0
42, 419.0, 468.0
43, 154.0, 202.0
44, 53.0, 340.0
45, 173.0, 41.0
46, 318.0, 396.0
47, 345.0, 172.0
48, 448.0, 459.0
49, 172.0, 139.0
50, 247.0, 461.0
51, 247.0, 195.0
52, 89.0, 412.0
53, 120.0, 139.0
54, 259.0, 191.0
55, 585.0, 304.0
56, 431.0, 55.0
57, 383.0, 187.0
58, 387.0, 467.0
59, 140.0, 260.0
60, 409.0, 219.0
61, 437.0, 126.0
62, 468.0, 97.0
63, 458.0, 312.0
64, 438.0, 256.0
65, 230.0, 215.0
66, 233.0, 258.0
67, 123.0, 349.0
68, 98.0, 372.0
69, 140.0, 440.0
70, 504.0, 454.0
71, 350.0, 325.0
72, 114.0, 68.0
73, 111.0, 153.0
74, 431.0, 46.0
75, 202.0, 108.0
76, 543.0, 467.0
77, 427.0, 459.0
78, 426.0, 126.0
79, 551.0, 12.0
80, 75.0, 70.0
81, 302.0, 40.0
82, 93.0, 342.0
83, 319.0, 159.0
84, 304.0, 94.0
85, 92.0, 40.0
86, 135.0, 140.0
87, 265.0, 308.0
88, 444.0, 299.0
89, 18.0, 403.0
90, 343.0, 22.0
91, 343.0, 148.0
92, 197.0, 227.0
93, 303.0, 61.0
94, 102.0, 238.0
95, 296.0, 158.0
96, 166.0, 65.0
97, 656.0, 8.0
98, 39.0, 277.0
99, 122.0, 182.0
100, 221.0, 320.0
101, 393.0, 41.0
102, 140.0, 182.0
103, 364.0, 80.0
104, 236.0, 179.0
105, 188.0, 458.0
106, 70.0, 361.0
107, 378.0, 125.0
108, 79.0, 57.0
109, 573.0, 264.0
110, 72.0, 29.0
111, 103.0, 107.0
112, 88.0, 165.0
113, 199.0, 246.0
114, 478.0, 95.0
115, 611.0, 40.0
116, 337.0, 415.0
117, 695.0, 223.0
118, 339.0, 337.0
119, 379.0, 149.0
120, 243.0, 255.0
121, 482.0, 444.0
122, 172.0, 196.0
123, 473.0, 233.0
124, 107.0, 253.0
125, 336.0, 134.0
126, 180.0, 267.0
127, 249.0, 138.0
128, 393.0, 64.0
129, 525.0, 455.0
130, 130.0, 161.0
131, 315.0, 328.0
132, 307.0, 202.0
133, 460.0, 470.0
134, 222.0, 180.0
135, 287.0, 367.0
136, 336.0, 79.0
137, 156.0, 313.0
138, 202.0, 400.0
139, 186.0, 130.0
140, 376.0, 466.0
141, 415.0, 102.0
142, 139.0, 363.0
143, 208.0, 228.0
144, 327.0, 353.0
145, 112.0, 440.0
146, 73.0, 455.0
147, 463.0, 251.0
148, 465.0, 43.0
149, 203.0, 73.0
150, 43.0, 232.0
151, 417.0, 159.0
152, 393.0, 197.0
153, 204.0, 316.0
154, 202.0, 304.0
155, 323.0, 64.0
156, 222.0, 158.0
157, 518.0, 464.0
158, 413.0, 125.0
159, 244.0, 344.0
160, 423.0, 87.0
161, 72.0, 436.0
162, 380.0, 40.0
163, 141.0, 314.0
164, 365.0, 103.0
165, 242.0, 247.0
166, 322.0, 223.0
167, 418.0, 459.0
168, 58.0, 297.0
169, 731.0, 75.0
170, 320.0, 40.0
171, 222.0, 189.0
172, 248.0, 162.0
173, 547.0, 447.0
174, 466.0, 80.0
175, 136.0, 344.0
176, 235.0, 401.0
177, 175.0, 224.0
178, 529.0, 464.0
179, 645.0, 222.0
180, 437.0, 460.0
181, 147.0, 324.0
182, 558.0, 443.0
183, 62.0, 307.0
184, 415.0, 115.0
185, 506.0, 61.0
186, 178.0, 240.0
187, 364.0, 125.0
188, 161.0, 114.0
189, 576.0, 277.0
190, 118.0, 251.0
191, 459.0, 97.0
192, 173.0, 29.0
193, 105.0, 122.0
194, 412.0, 411.0
195, 335.0, 327.0
196, 184.0, 316.0
197, 254.0, 293.0
198, 371.0, 196.0
199, 405.0, 439.0
200, 88.0, 401.0
201, 190.0, 77.0
202, 229.0, 20.0
203, 436.0, 135.0
204, 378.0, 115.0
205, 439.0, 245.0
206, 397.0, 458.0
207, 92.0, 83.0
208, 153.0, 52.0
209, 265.0, 424.0
210, 353.0, 159.0
211, 592.0, 345.0
212, 165.0, 217.0
213, 110.0, 265.0
214, 41.0, 346.0
215, 64.0, 49.0
216, 149.0, 298.0
217, 272.0, 168.0
218, 590.0, 243.0
219, 265.0, 343.0
220, 371.0, 390.0
221, 323.0, 287.0
222, 217.0, 240.0
223, 434.0, 441.0
224, 305.0, 133.0
225, 170.0, 464.0
226, 605.0, 57.0
227, 269.0, 90.0
228, 164.0, 229.0
229, 389.0, 81.0
230, 282.0, 156.0
231, 434.0, 24.0
232, 134.0, 374.0
233, 212.0, 437.0
234, 305.0, 123.0
235, 250.0, 367.0
236, 578.0, 256.0
237, 144.0, 405.0
238, 490.0, 87.0
239, 439.0, 333.0
240, 228.0, 202.0
241, 394.0, 172.0
242, 235.0, 169.0
243, 136.0, 282.0
244, 232.0, 63.0
245, 438.0, 469.0
246, 17.0, 351.0
247, 304.0, 396.0
248, 103.0, 143.0
249, 61.0, 394.0
250, 449.0, 315.0
251, 365.0, 52.0
252, 226.0, 285.0
253, 452.0, 425.0
254, 481.0, 281.0
255, 424.0, 441.0
256, 367.0, 230.0
257, 327.0, 93.0
258, 304.0, 353.0
259, 125.0, 269.0
260, 687.0, 44.0
261, 243.0, 266.0
262, 586.0, 276.0
263, 19.0, 75.0
264, 80.0, 354.0
265, 258.0, 12.0
266, 238.0, 201.0
267, 260.0, 357.0
268, 128.0, 460.0
269, 364.0, 115.0
270, 417.0, 41.0
271, 149.0, 335.0
272, 281.0, 200.0
273, 271.0, 114.0
274, 291.0, 165.0
275, 206.0, 344.0
276, 71.0, 278.0
277, 136.0, 105.0
278, 478.0, 240.0
279, 120.0, 386.0
280, 305.0, 147.0
281, 165.0, 442.0
282, 38.0, 337.0
283, 366.0, 64.0
284, 90.0, 116.0
285, 272.0, 133.0
286, 366.0, 465.0
287, 253.0, 267.0
288, 284.0, 326.0
289, 195.0, 214.0
290, 561.0, 255.0
291, 91.0, 311.0
292, 436.0, 266.0
293, 344.0, 40.0
294, 213.0, 198.0
295, 85.0, 84.0
296, 157.0, 190.0
297, 153.0, 261.0
298, 696.0, 67.0
299, 61.0, 250.0
300, 211.0, 189.0
301, 212.0, 178.0
302, 86.0, 426.0
303, 406.0, 198.0
304, 142.0, 387.0
305, 742.0, 226.0
306, 443.0, 211.0
307, 447.0, 451.0
308, 470.0, 470.0
309, 292.0, 184.0
310, 448.0, 470.0
311, 149.0, 244.0
312, 170.0, 107.0
313, 282.0, 164.0
314, 405.0, 41.0
315, 205.0, 209.0
316, 344.0, 249.0
317, 419.0, 25.0
318, 426.0, 136.0
319, 60.0, 241.0
320, 99.0, 222.0
321, 276.0, 451.0
322, 655.0, 44.0
323, 377.0, 456.0
324, 740.0, 89.0
325, 247.0, 123.0
326, 270.0, 123.0
327, 423.0, 432.0
328, 216.0, 415.0
329, 48.0, 450.0
330, 254.0, 93.0
331, 107.0, 317.0
332, 723.0, 88.0
333, 117.0, 329.0
334, 220.0, 253.0
335, 415.0, 440.0
336, 578.0, 61.0
337, 293.0, 146.0
338, 127.0, 305.0
339, 544.0, 457.0
340, 201.0, 438.0
341, 91.0, 446.0
342, 53.0, 279.0
343, 224.0, 78.0
344, 595.0, 294.0
345, 433.0, 319.0
346, 504.0, 28.0
347, 48.0, 317.0
348, 222.0, 69.0
349, 79.0, 326.0
350, 100.0, 8.0
351, 315.0, 94.0
352, 76.0, 297.0
353, 281.0, 113.0
354, 161.0, 407.0
355, 168.0, 322.0
356, 138.0, 247.0
357, 172.0, 154.0
358, 299.0, 223.0
359, 212.0, 21.0
360, 387.0, 135.0
361, 72.0, 250.0
362, 240.0, 361.0
363, 119.0, 163.0
364, 201.0, 260.0
365, 577.0, 244.0
366, 145.0, 217.0
367, 491.0, 77.0
368, 153.0, 109.0
369, 336.0, 125.0
370, 46.0, 247.0
371, 261.0, 183.0
372, 251.0, 246.0
373, 344.0, 65.0
374, 433.0, 306.0
375, 76.0, 344.0
376, 439.0, 418.0
377, 66.0, 345.0
378, 142.0, 271.0
379, 398.0, 97.0
380, 246.0, 181.0
381, 429.0, 217.0
382, 388.0, 115.0
383, 85.0, 228.0
384, 156.0, 150.0
385, 704.0, 11.0
386, 553.0, 435.0
387, 527.0, 10.0
388, 688.0, 85.0
389, 265.0, 28.0
390, 394.0, 402.0
391, 305.0, 463.0
392, 674.0, 73.0
393, 559.0, 466.0
394, 279.0, 259.0
395, 150.0, 31.0
396, 441.0, 426.0
397, 481.0, 29.0
398, 130.0, 64.0
399, 406.0, 74.0
400, 128.0, 402.0
401, 600.0, 317.0
402, 440.0, 81.0
403, 323.0, 260.0
404, 306.0, 312.0
405, 113.0, 348.0
406, 387.0, 142.0
407, 671.0, 85.0
408, 357.0, 203.0
409, 243.0, 76.0
410, 51.0, 465.0
411, 277.0, 223.0
412, 587.0, 8.0
413, 407.0, 177.0
414, 313.0, 343.0
415, 175.0, 453.0
416, 187.0, 324.0
417, 118.0, 122.0
418, 533.0, 364.0
419, 249.0, 23.0
420, 134.0, 426.0
421, 260.0, 149.0
422, 396.0, 423.0
423, 261.0, 168.0
424, 622.0, 55.0
425, 514.0, 454.0
426, 31.0, 176.0
427, 418.0, 251.0
428, 310.0, 177.0
429, 278.0, 430.0
430, 112.0, 395.0
431, 497.0, 46.0
432, 418.0, 394.0
433, 148.0, 100.0
434, 229.0, 382.0
435, 259.0, 376.0
436, 430.0, 207.0
437, 296.0, 314.0
438, 479.0, 45.0
439, 356.0, 447.0
440, 186.0, 387.0
441, 563.0, 226.0
442, 527.0, 363.0
443, 368.0, 422.0
444, 395.0, 431.0
445, 407.0, 152.0
446, 147.0, 120.0
447, 181.0, 413.0
448, 440.0, 36.0
449, 35.0, 453.0
450, 126.0, 246.0
451, 106.0, 177.0
452, 397.0, 358.0
453, 327.0, 405.0
454, 262.0, 325.0
455, 291.0, 335.0
456, 378.0, 135.0
457, 341.0, 289.0
458, 271.0, 100.0
459, 542.0, 27.0
460, 300.0, 189.0
461, 550.0, 24.0
462, 587.0, 287.0
463, 167.0, 51.0
464, 101.0, 61.0
465, 449.0, 86.0
466, 139.0, 10.0
467, 320.0, 463.0
468, 453.0, 368.0
469, 247.0, 13.0
470, 35.0, 386.0
471, 533.0, 47.0
472, 166.0, 244.0
473, 427.0, 117.0
474, 46.0, 420.0
475, 204.0, 454.0
476, 69.0, 168.0
477, 504.0, 441.0
478, 9.0, 181.0
479, 55.0, 368.0
480, 124.0, 234.0
481, 703.0, 56.0
482, 188.0, 307.0
483, 200.0, 147.0
484, 564.0, 273.0
485, 410.0, 88.0
486, 335.0, 115.0
487, 224.0, 106.0
488, 58.0, 28.0
489, 547.0, 285.0
490, 671.0, 228.0
491, 119.0, 361.0
492, 130.0, 317.0
493, 15.0, 389.0
494, 88.0, 29.0
495, 342.0, 51.0
496, 251.0, 211.0
497, 210.0, 381.0
498, 100.0, 325.0
499, 103.0, 162.0
