0, 648.0, 365.0
1, 585.0, 304.0
2, 604.0, 384.0
3, 629.0, 407.0
4, 649.0, 119.0
5, 584.0, 331.0
6, 480.0, 319.0
7, 453.0, 412.0
8, 198.0, 152.0
9, 584.0, 340.0
10, 594.0, 161.0
11, 557.0, 334.0
12, 168.0, 220.0
13, 620.0, 157.0
14, 315.0, 73.0
15, 599.0, 292.0
16, 455.0, 391.0
17, 582.0, 144.0
18, 680.0, 112.0
19, 634.0, 381.0
20, 310.0, 29.0
21, 474.0, 245.0
22, 415.0, 429.0
23, 718.0, 154.0
24, 343.0, 141.0
25, 578.0, 395.0
26, 661.0, 363.0
27, 575.0, 307.0
28, 621.0, 274.0
29, 400.0, 410.0
30, 714.0, 216.0
31, 734.0, 199.0
32, 548.0, 434.0
33, 625.0, 204.0
34, 585.0, 314.0
35, 430.0, 444.0
36, 458.0, 346.0
37, 558.0, 322.0
38, 619.0, 420.0
39, 604.0, 305.0
40, 141.0, 91.0
41, 354.0, 140.0
42, 599.0, 99.0
43, 247.0, 34.0
44, 622.0, 137.0
45, 569.0, 368.0
46, 556.0, 402.0
47, 654.0, 37.0
48, 316.0, 105.0
49, 395.0, 424.0
50, 723.0, 353.0
51, 567.0, 129.0
52, 566.0, 147.0
53, 658.0, 264.0
54, 467.0, 436.0
55, 596.0, 310.0
56, 450.0, 460.0
57, 632.0, 16.0
58, 740.0, 283.0
59, 555.0, 361.0
60, 216.0, 404.0
61, 482.0, 469.0
62, 656.0, 58.0
63, 560.0, 213.0
64, 580.0, 166.0
65, 443.0, 423.0
66, 578.0, 291.0
67, 479.0, 330.0
68, 438.0, 244.0
69, 474.0, 235.0
70, 548.0, 455.0
71, 194.0, 138.0
72, 355.0, 168.0
73, 198.0, 255.0
74, 636.0, 336.0
75, 585.0, 115.0
76, 555.0, 378.0
77, 299.0, 51.0
78, 548.0, 237.0
79, 652.0, 163.0
80, 453.0, 441.0
81, 50.0, 459.0
82, 603.0, 417.0
83, 689.0, 275.0
84, 93.0, 455.0
85, 737.0, 100.0
86, 567.0, 397.0
87, 639.0, 298.0
88, 111.0, 24.0
89, 364.0, 295.0
90, 597.0, 234.0
91, 464.0, 408.0
92, 579.0, 468.0
93, 613.0, 51.0
94, 587.0, 422.0
95, 653.0, 84.0
96, 637.0, 58.0
97, 697.0, 243.0
98, 720.0, 68.0
99, 623.0, 312.0
100, 452.0, 170.0
101, 551.0, 393.0
102, 359.0, 357.0
103, 471.0, 206.0
104, 185.0, 95.0
105, 662.0, 195.0
106, 110.0, 328.0
107, 341.0, 15.0
108, 190.0, 116.0
109, 597.0, 269.0
110, 676.0, 181.0
111, 722.0, 116.0
112, 595.0, 328.0
113, 466.0, 335.0
114, 602.0, 432.0
115, 474.0, 265.0
116, 594.0, 414.0
117, 271.0, 285.0
118, 328.0, 169.0
119, 232.0, 36.0
120, 636.0, 75.0
121, 705.0, 158.0
122, 643.0, 30.0
123, 615.0, 173.0
124, 606.0, 140.0
125, 576.0, 419.0
126, 668.0, 269.0
127, 173.0, 35.0
128, 705.0, 15.0
129, 571.0, 266.0
130, 562.0, 416.0
131, 323.0, 237.0
132, 202.0, 171.0
133, 668.0, 39.0
134, 329.0, 372.0
135, 668.0, 102.0
136, 226.0, 323.0
137, 604.0, 407.0
138, 235.0, 443.0
139, 468.0, 319.0
140, 470.0, 178.0
141, 645.0, 108.0
142, 592.0, 433.0
143, 188.0, 412.0
144, 732.0, 256.0
145, 613.0, 185.0
146, 470.0, 113.0
147, 356.0, 187.0
148, 582.0, 126.0
149, 587.0, 81.0
150, 236.0, 316.0
151, 615.0, 328.0
152, 571.0, 69.0
153, 415.0, 413.0
154, 665.0, 248.0
155, 570.0, 455.0
156, 501.0, 56.0
157, 118.0, 386.0
158, 435.0, 182.0
159, 562.0, 467.0
160, 56.0, 26.0
161, 396.0, 187.0
162, 276.0, 182.0
163, 459.0, 72.0
164, 665.0, 292.0
165, 41.0, 287.0
166, 700.0, 465.0
167, 92.0, 422.0
168, 664.0, 9.0
169, 671.0, 24.0
170, 353.0, 447.0
171, 679.0, 200.0
172, 344.0, 71.0
173, 293.0, 161.0
174, 621.0, 147.0
175, 557.0, 347.0
176, 701.0, 175.0
177, 638.0, 318.0
178, 569.0, 157.0
179, 570.0, 378.0
180, 327.0, 326.0
181, 345.0, 230.0
182, 695.0, 214.0
183, 469.0, 70.0
184, 607.0, 159.0
185, 444.0, 445.0
186, 355.0, 323.0
187, 554.0, 230.0
188, 487.0, 306.0
189, 596.0, 371.0
190, 128.0, 379.0
191, 602.0, 463.0
192, 371.0, 323.0
193, 410.0, 21.0
194, 481.0, 434.0
195, 175.0, 246.0
196, 692.0, 301.0
197, 513.0, 373.0
198, 322.0, 219.0
199, 685.0, 333.0
200, 427.0, 386.0
201, 239.0, 328.0
202, 480.0, 455.0
203, 602.0, 451.0
204, 205.0, 363.0
205, 176.0, 74.0
206, 585.0, 102.0
207, 517.0, 48.0
208, 179.0, 449.0
209, 679.0, 297.0
210, 319.0, 205.0
211, 435.0, 263.0
212, 146.0, 146.0
213, 99.0, 362.0
214, 631.0, 393.0
215, 621.0, 59.0
216, 582.0, 449.0
217, 637.0, 206.0
218, 593.0, 347.0
219, 700.0, 336.0
220, 617.0, 375.0
221, 105.0, 244.0
222, 642.0, 222.0
223, 609.0, 295.0
224, 645.0, 250.0
225, 178.0, 262.0
226, 690.0, 100.0
227, 660.0, 320.0
228, 381.0, 190.0
229, 531.0, 375.0
230, 487.0, 294.0
231, 615.0, 364.0
232, 139.0, 121.0
233, 88.0, 404.0
234, 613.0, 276.0
235, 673.0, 235.0
236, 601.0, 66.0
237, 616.0, 115.0
238, 219.0, 243.0
239, 351.0, 290.0
240, 461.0, 178.0
241, 660.0, 216.0
242, 618.0, 398.0
243, 715.0, 282.0
244, 587.0, 408.0
245, 457.0, 371.0
246, 606.0, 205.0
247, 402.0, 464.0
248, 487.0, 279.0
249, 382.0, 213.0
250, 202.0, 385.0
251, 275.0, 219.0
252, 486.0, 182.0
253, 307.0, 123.0
254, 394.0, 159.0
255, 574.0, 232.0
256, 580.0, 362.0
257, 675.0, 316.0
258, 592.0, 467.0
259, 443.0, 408.0
260, 631.0, 419.0
261, 295.0, 298.0
262, 224.0, 360.0
263, 416.0, 186.0
264, 611.0, 222.0
265, 609.0, 97.0
266, 325.0, 252.0
267, 464.0, 463.0
268, 64.0, 429.0
269, 596.0, 143.0
270, 295.0, 27.0
271, 609.0, 115.0
272, 591.0, 383.0
273, 340.0, 341.0
274, 387.0, 450.0
275, 493.0, 340.0
276, 569.0, 328.0
277, 643.0, 195.0
278, 633.0, 224.0
279, 623.0, 256.0
280, 441.0, 397.0
281, 103.0, 445.0
282, 427.0, 413.0
283, 305.0, 83.0
284, 450.0, 289.0
285, 213.0, 273.0
286, 191.0, 277.0
287, 455.0, 320.0
288, 679.0, 158.0
289, 674.0, 132.0
290, 687.0, 19.0
291, 647.0, 134.0
292, 579.0, 377.0
293, 245.0, 356.0
294, 347.0, 176.0
295, 18.0, 465.0
296, 612.0, 65.0
297, 657.0, 130.0
298, 376.0, 380.0
299, 570.0, 83.0
300, 428.0, 373.0
301, 659.0, 237.0
302, 717.0, 454.0
303, 286.0, 312.0
304, 610.0, 428.0
305, 735.0, 166.0
306, 430.0, 428.0
307, 568.0, 116.0
308, 616.0, 300.0
309, 228.0, 277.0
310, 415.0, 175.0
311, 361.0, 459.0
312, 627.0, 94.0
313, 157.0, 37.0
314, 71.0, 409.0
315, 600.0, 77.0
316, 315.0, 176.0
317, 339.0, 93.0
318, 650.0, 176.0
319, 497.0, 468.0
320, 275.0, 72.0
321, 364.0, 210.0
322, 738.0, 460.0
323, 636.0, 447.0
324, 560.0, 241.0
325, 123.0, 432.0
326, 241.0, 246.0
327, 617.0, 97.0
328, 546.0, 411.0
329, 166.0, 124.0
330, 296.0, 405.0
331, 466.0, 287.0
332, 214.0, 231.0
333, 601.0, 49.0
334, 651.0, 275.0
335, 258.0, 34.0
336, 399.0, 15.0
337, 624.0, 245.0
338, 571.0, 53.0
339, 683.0, 143.0
340, 221.0, 285.0
341, 527.0, 300.0
342, 563.0, 174.0
343, 498.0, 355.0
344, 278.0, 240.0
345, 226.0, 429.0
346, 332.0, 293.0
347, 362.0, 284.0
348, 35.0, 27.0
349, 719.0, 373.0
350, 638.0, 119.0
351, 373.0, 401.0
352, 592.0, 453.0
353, 425.0, 270.0
354, 486.0, 377.0
355, 729.0, 335.0
356, 527.0, 44.0
357, 623.0, 89.0
358, 683.0, 39.0
359, 734.0, 53.0
360, 505.0, 386.0
361, 734.0, 124.0
362, 544.0, 471.0
363, 263.0, 82.0
364, 677.0, 52.0
365, 501.0, 270.0
366, 525.0, 389.0
367, 123.0, 463.0
368, 469.0, 167.0
369, 113.0, 278.0
370, 217.0, 153.0
371, 346.0, 169.0
372, 294.0, 11.0
373, 444.0, 255.0
374, 558.0, 266.0
375, 468.0, 446.0
376, 638.0, 420.0
377, 275.0, 310.0
378, 358.0, 198.0
379, 212.0, 221.0
380, 578.0, 260.0
381, 454.0, 401.0
382, 584.0, 236.0
383, 671.0, 79.0
384, 538.0, 387.0
385, 740.0, 140.0
386, 164.0, 256.0
387, 379.0, 177.0
388, 344.0, 153.0
389, 342.0, 203.0
390, 71.0, 464.0
391, 337.0, 171.0
392, 708.0, 304.0
393, 116.0, 350.0
394, 558.0, 443.0
395, 90.0, 330.0
396, 559.0, 256.0
397, 215.0, 324.0
398, 171.0, 143.0
399, 566.0, 408.0
400, 559.0, 289.0
401, 87.0, 95.0
402, 298.0, 235.0
403, 228.0, 332.0
404, 395.0, 337.0
405, 651.0, 296.0
406, 109.0, 467.0
407, 8.0, 437.0
408, 319.0, 23.0
409, 605.0, 263.0
410, 737.0, 301.0
411, 619.0, 283.0
412, 58.0, 39.0
413, 532.0, 182.0
414, 347.0, 92.0
415, 312.0, 137.0
416, 603.0, 317.0
417, 536.0, 164.0
418, 499.0, 308.0
419, 397.0, 447.0
420, 83.0, 438.0
421, 252.0, 378.0
422, 610.0, 285.0
423, 427.0, 336.0
424, 411.0, 339.0
425, 652.0, 354.0
426, 580.0, 155.0
427, 208.0, 297.0
428, 705.0, 448.0
429, 232.0, 47.0
430, 338.0, 403.0
431, 202.0, 271.0
432, 452.0, 199.0
433, 704.0, 47.0
434, 479.0, 289.0
435, 178.0, 222.0
436, 158.0, 93.0
437, 603.0, 396.0
438, 492.0, 59.0
439, 435.0, 273.0
440, 543.0, 208.0
441, 442.0, 269.0
442, 85.0, 347.0
443, 397.0, 213.0
444, 284.0, 298.0
445, 279.0, 447.0
446, 328.0, 360.0
447, 386.0, 466.0
448, 257.0, 245.0
449, 663.0, 83.0
450, 622.0, 349.0
451, 469.0, 455.0
452, 470.0, 352.0
453, 542.0, 418.0
454, 408.0, 307.0
455, 634.0, 155.0
456, 416.0, 211.0
457, 469.0, 86.0
458, 85.0, 144.0
459, 499.0, 183.0
460, 269.0, 301.0
461, 611.0, 317.0
462, 454.0, 421.0
463, 546.0, 384.0
464, 322.0, 141.0
465, 596.0, 126.0
466, 347.0, 262.0
467, 544.0, 298.0
468, 463.0, 228.0
469, 137.0, 18.0
470, 536.0, 459.0
471, 666.0, 161.0
472, 395.0, 176.0
473, 316.0, 187.0
474, 465.0, 260.0
475, 187.0, 293.0
476, 646.0, 380.0
477, 605.0, 335.0
478, 287.0, 280.0
479, 608.0, 150.0
480, 538.0, 404.0
481, 261.0, 72.0
482, 37.0, 37.0
483, 696.0, 132.0
484, 624.0, 233.0
485, 649.0, 211.0
486, 406.0, 37.0
487, 719.0, 136.0
488, 60.0, 470.0
489, 475.0, 337.0
490, 537.0, 434.0
491, 543.0, 220.0
492, 604.0, 252.0
493, 155.0, 446.0
494, 340.0, 109.0
495, 315.0, 53.0
496, 356.0, 179.0
497, 182.0, 141.0
498, 592.0, 399.0
499, 405.0, 60.0
