0, 459.0, 73.0
1, 565.0, 418.0
2, 446.0, 350.0
3, 224.0, 419.0
4, 300.0, 277.0
5, 270.0, 360.0
6, 627.0, 360.0
7, 647.0, 370.0
8, 246.0, 427.0
9, 296.0, 156.0
10, 277.0, 345.0
11, 295.0, 107.0
12, 503.0, 387.0
13, 170.0, 372.0
14, 601.0, 280.0
15, 664.0, 324.0
16, 516.0, 137.0
17, 409.0, 232.0
18, 478.0, 430.0
19, 279.0, 113.0
20, 558.0, 322.0
21, 627.0, 238.0
22, 421.0, 236.0
23, 140.0, 317.0
24, 226.0, 314.0
25, 292.0, 75.0
26, 215.0, 285.0
27, 167.0, 357.0
28, 443.0, 290.0
29, 635.0, 260.0
30, 181.0, 341.0
31, 630.0, 346.0
32, 475.0, 179.0
33, 245.0, 416.0
34, 708.0, 231.0
35, 412.0, 166.0
36, 385.0, 470.0
37, 373.0, 227.0
38, 439.0, 170.0
39, 531.0, 430.0
40, 639.0, 205.0
41, 368.0, 319.0
42, 312.0, 273.0
43, 614.0, 82.0
44, 469.0, 228.0
45, 130.0, 321.0
46, 312.0, 157.0
47, 237.0, 311.0
48, 338.0, 430.0
49, 656.0, 58.0
50, 554.0, 247.0
51, 491.0, 421.0
52, 425.0, 181.0
53, 282.0, 334.0
54, 660.0, 338.0
55, 623.0, 56.0
56, 589.0, 306.0
57, 428.0, 273.0
58, 369.0, 389.0
59, 430.0, 147.0
60, 489.0, 260.0
61, 169.0, 318.0
62, 575.0, 436.0
63, 488.0, 328.0
64, 347.0, 177.0
65, 640.0, 337.0
66, 534.0, 413.0
67, 456.0, 245.0
68, 578.0, 261.0
69, 306.0, 304.0
70, 506.0, 15.0
71, 385.0, 244.0
72, 700.0, 198.0
73, 713.0, 216.0
74, 171.0, 269.0
75, 484.0, 366.0
76, 407.0, 64.0
77, 442.0, 301.0
78, 205.0, 308.0
79, 589.0, 189.0
80, 600.0, 424.0
81, 451.0, 307.0
82, 663.0, 271.0
83, 620.0, 436.0
84, 529.0, 257.0
85, 351.0, 405.0
86, 361.0, 293.0
87, 556.0, 307.0
88, 532.0, 267.0
89, 508.0, 436.0
90, 124.0, 449.0
91, 436.0, 342.0
92, 696.0, 214.0
93, 336.0, 154.0
94, 514.0, 148.0
95, 481.0, 415.0
96, 651.0, 207.0
97, 412.0, 91.0
98, 456.0, 439.0
99, 644.0, 105.0
100, 231.0, 73.0
101, 288.0, 395.0
102, 78.0, 374.0
103, 127.0, 334.0
104, 496.0, 277.0
105, 304.0, 399.0
106, 612.0, 91.0
107, 524.0, 391.0
108, 422.0, 216.0
109, 464.0, 368.0
110, 282.0, 306.0
111, 361.0, 308.0
112, 517.0, 97.0
113, 287.0, 365.0
114, 180.0, 359.0
115, 599.0, 89.0
116, 637.0, 145.0
117, 562.0, 402.0
118, 158.0, 377.0
119, 365.0, 112.0
120, 333.0, 261.0
121, 467.0, 407.0
122, 615.0, 344.0
123, 538.0, 300.0
124, 617.0, 390.0
125, 437.0, 180.0
126, 334.0, 276.0
127, 495.0, 347.0
128, 521.0, 34.0
129, 595.0, 160.0
130, 408.0, 22.0
131, 722.0, 129.0
132, 513.0, 113.0
133, 141.0, 437.0
134, 609.0, 333.0
135, 529.0, 136.0
136, 88.0, 395.0
137, 518.0, 470.0
138, 622.0, 308.0
139, 575.0, 413.0
140, 564.0, 429.0
141, 662.0, 77.0
142, 421.0, 156.0
143, 610.0, 357.0
144, 320.0, 298.0
145, 105.0, 63.0
146, 418.0, 327.0
147, 657.0, 463.0
148, 133.0, 345.0
149, 478.0, 394.0
150, 540.0, 256.0
151, 191.0, 323.0
152, 554.0, 238.0
153, 491.0, 63.0
154, 232.0, 266.0
155, 202.0, 410.0
156, 24.0, 385.0
157, 355.0, 125.0
158, 312.0, 183.0
159, 677.0, 347.0
160, 507.0, 94.0
161, 513.0, 184.0
162, 349.0, 271.0
163, 280.0, 58.0
164, 323.0, 246.0
165, 578.0, 213.0
166, 366.0, 90.0
167, 93.0, 303.0
168, 526.0, 409.0
169, 116.0, 315.0
170, 257.0, 108.0
171, 525.0, 296.0
172, 482.0, 228.0
173, 579.0, 369.0
174, 642.0, 190.0
175, 526.0, 185.0
176, 103.0, 413.0
177, 248.0, 262.0
178, 557.0, 468.0
179, 234.0, 186.0
180, 689.0, 239.0
181, 578.0, 397.0
182, 594.0, 231.0
183, 112.0, 409.0
184, 560.0, 187.0
185, 629.0, 91.0
186, 372.0, 141.0
187, 488.0, 151.0
188, 111.0, 105.0
189, 699.0, 270.0
190, 588.0, 13.0
191, 335.0, 180.0
192, 632.0, 275.0
193, 680.0, 8.0
194, 438.0, 232.0
195, 646.0, 458.0
196, 419.0, 362.0
197, 503.0, 254.0
198, 316.0, 378.0
199, 169.0, 156.0
200, 436.0, 69.0
201, 234.0, 326.0
202, 230.0, 251.0
203, 588.0, 56.0
204, 301.0, 290.0
205, 307.0, 419.0
206, 572.0, 326.0
207, 489.0, 403.0
208, 19.0, 247.0
209, 383.0, 298.0
210, 648.0, 170.0
211, 563.0, 227.0
212, 341.0, 121.0
213, 489.0, 16.0
214, 705.0, 242.0
215, 266.0, 257.0
216, 728.0, 450.0
217, 459.0, 100.0
218, 531.0, 394.0
219, 399.0, 257.0
220, 543.0, 425.0
221, 565.0, 388.0
222, 675.0, 461.0
223, 491.0, 242.0
224, 324.0, 181.0
225, 657.0, 349.0
226, 348.0, 304.0
227, 653.0, 411.0
228, 212.0, 9.0
229, 160.0, 286.0
230, 183.0, 466.0
231, 292.0, 260.0
232, 159.0, 434.0
233, 696.0, 25.0
234, 532.0, 129.0
235, 346.0, 110.0
236, 709.0, 434.0
237, 307.0, 441.0
238, 645.0, 68.0
239, 594.0, 109.0
240, 267.0, 277.0
241, 410.0, 10.0
242, 147.0, 340.0
243, 642.0, 279.0
244, 307.0, 149.0
245, 387.0, 207.0
246, 685.0, 465.0
247, 245.0, 321.0
248, 423.0, 341.0
249, 366.0, 102.0
250, 246.0, 189.0
251, 500.0, 55.0
252, 422.0, 54.0
253, 635.0, 407.0
254, 716.0, 427.0
255, 619.0, 70.0
256, 716.0, 453.0
257, 630.0, 250.0
258, 531.0, 106.0
259, 366.0, 414.0
260, 541.0, 246.0
261, 508.0, 63.0
262, 466.0, 247.0
263, 472.0, 74.0
264, 372.0, 301.0
265, 373.0, 206.0
266, 500.0, 102.0
267, 518.0, 368.0
268, 486.0, 282.0
269, 539.0, 141.0
270, 373.0, 377.0
271, 169.0, 252.0
272, 387.0, 113.0
273, 627.0, 104.0
274, 618.0, 320.0
275, 395.0, 386.0
276, 638.0, 441.0
277, 372.0, 133.0
278, 318.0, 138.0
279, 27.0, 400.0
280, 265.0, 187.0
281, 317.0, 148.0
282, 662.0, 105.0
283, 474.0, 62.0
284, 108.0, 76.0
285, 464.0, 427.0
286, 603.0, 408.0
287, 177.0, 306.0
288, 550.0, 398.0
289, 670.0, 340.0
290, 623.0, 379.0
291, 213.0, 360.0
292, 621.0, 156.0
293, 149.0, 363.0
294, 349.0, 280.0
295, 108.0, 441.0
296, 306.0, 139.0
297, 390.0, 345.0
298, 303.0, 349.0
299, 582.0, 418.0
300, 551.0, 140.0
301, 601.0, 388.0
302, 336.0, 394.0
303, 638.0, 419.0
304, 213.0, 303.0
305, 366.0, 451.0
306, 456.0, 322.0
307, 389.0, 60.0
308, 615.0, 236.0
309, 447.0, 71.0
310, 248.0, 244.0
311, 639.0, 303.0
312, 624.0, 127.0
313, 652.0, 268.0
314, 338.0, 322.0
315, 631.0, 22.0
316, 717.0, 391.0
317, 517.0, 214.0
318, 426.0, 90.0
319, 208.0, 223.0
320, 161.0, 301.0
321, 325.0, 423.0
322, 328.0, 140.0
323, 302.0, 26.0
324, 524.0, 285.0
325, 588.0, 24.0
326, 491.0, 393.0
327, 603.0, 316.0
328, 634.0, 156.0
329, 60.0, 448.0
330, 682.0, 424.0
331, 701.0, 255.0
332, 351.0, 395.0
333, 451.0, 28.0
334, 492.0, 179.0
335, 577.0, 299.0
336, 225.0, 195.0
337, 491.0, 208.0
338, 88.0, 271.0
339, 211.0, 244.0
340, 348.0, 257.0
341, 543.0, 435.0
342, 353.0, 439.0
343, 410.0, 121.0
344, 593.0, 171.0
345, 625.0, 39.0
346, 372.0, 242.0
347, 625.0, 202.0
348, 75.0, 249.0
349, 282.0, 130.0
350, 445.0, 205.0
351, 725.0, 104.0
352, 460.0, 59.0
353, 351.0, 329.0
354, 408.0, 146.0
355, 543.0, 387.0
356, 226.0, 207.0
357, 420.0, 248.0
358, 260.0, 350.0
359, 51.0, 389.0
360, 594.0, 363.0
361, 448.0, 58.0
362, 609.0, 47.0
363, 295.0, 135.0
364, 324.0, 196.0
365, 57.0, 404.0
366, 141.0, 353.0
367, 313.0, 285.0
368, 413.0, 188.0
369, 428.0, 238.0
370, 557.0, 199.0
371, 742.0, 108.0
372, 411.0, 460.0
373, 421.0, 304.0
374, 383.0, 396.0
375, 663.0, 193.0
376, 584.0, 178.0
377, 529.0, 309.0
378, 113.0, 142.0
379, 117.0, 400.0
380, 606.0, 264.0
381, 616.0, 457.0
382, 520.0, 55.0
383, 498.0, 36.0
384, 228.0, 141.0
385, 609.0, 212.0
386, 340.0, 194.0
387, 594.0, 350.0
388, 681.0, 396.0
389, 349.0, 239.0
390, 206.0, 286.0
391, 169.0, 468.0
392, 285.0, 352.0
393, 716.0, 145.0
394, 597.0, 143.0
395, 98.0, 288.0
396, 96.0, 404.0
397, 596.0, 100.0
398, 463.0, 153.0
399, 680.0, 270.0
400, 212.0, 422.0
401, 268.0, 336.0
402, 590.0, 470.0
403, 113.0, 121.0
404, 122.0, 414.0
405, 711.0, 161.0
406, 512.0, 380.0
407, 709.0, 417.0
408, 579.0, 62.0
409, 733.0, 464.0
410, 549.0, 329.0
411, 605.0, 369.0
412, 395.0, 324.0
413, 601.0, 343.0
414, 652.0, 335.0
415, 431.0, 206.0
416, 511.0, 330.0
417, 475.0, 309.0
418, 403.0, 287.0
419, 590.0, 252.0
420, 526.0, 440.0
421, 397.0, 458.0
422, 692.0, 228.0
423, 339.0, 411.0
424, 327.0, 389.0
425, 598.0, 379.0
426, 477.0, 330.0
427, 599.0, 248.0
428, 268.0, 303.0
429, 181.0, 230.0
430, 348.0, 314.0
431, 431.0, 189.0
432, 193.0, 348.0
433, 488.0, 438.0
434, 285.0, 163.0
435, 741.0, 372.0
436, 134.0, 418.0
437, 232.0, 280.0
438, 619.0, 409.0
439, 667.0, 367.0
440, 661.0, 362.0
441, 650.0, 155.0
442, 397.0, 270.0
443, 410.0, 374.0
444, 703.0, 385.0
445, 395.0, 361.0
446, 676.0, 39.0
447, 562.0, 313.0
448, 672.0, 69.0
449, 548.0, 150.0
450, 457.0, 456.0
451, 616.0, 175.0
452, 714.0, 313.0
453, 615.0, 249.0
454, 735.0, 82.0
455, 475.0, 256.0
456, 632.0, 319.0
457, 561.0, 239.0
458, 433.0, 351.0
459, 422.0, 126.0
460, 635.0, 219.0
461, 498.0, 372.0
462, 375.0, 187.0
463, 470.0, 398.0
464, 228.0, 462.0
465, 654.0, 145.0
466, 289.0, 99.0
467, 710.0, 335.0
468, 547.0, 411.0
469, 404.0, 35.0
470, 374.0, 217.0
471, 303.0, 16.0
472, 729.0, 90.0
473, 437.0, 245.0
474, 577.0, 48.0
475, 644.0, 387.0
476, 339.0, 461.0
477, 313.0, 238.0
478, 596.0, 220.0
479, 731.0, 149.0
480, 453.0, 274.0
481, 288.0, 319.0
482, 603.0, 303.0
483, 535.0, 90.0
484, 313.0, 220.0
485, 574.0, 140.0
486, 616.0, 23.0
487, 371.0, 354.0
488, 386.0, 13.0
489, 426.0, 30.0
490, 319.0, 352.0
491, 420.0, 147.0
492, 653.0, 319.0
493, 664.0, 468.0
494, 284.0, 150.0
495, 648.0, 258.0
496, 20.0, 356.0
497, 610.0, 197.0
498, 610.0, 102.0
499, 350.0, 46.0
