0, 568.0, 206.0
1, 653.0, 383.0
2, 183.0, 87.0
3, 257.0, 425.0
4, 437.0, 199.0
5, 384.0, 225.0
6, 467.0, 39.0
7, 241.0, 235.0
8, 282.0, 202.0
9, 440.0, 123.0
10, 232.0, 82.0
11, 276.0, 16.0
12, 643.0, 327.0
13, 182.0, 349.0
14, 562.0, 244.0
15, 609.0, 376.0
16, 567.0, 281.0
17, 430.0, 281.0
18, 481.0, 221.0
19, 467.0, 338.0
20, 671.0, 157.0
21, 657.0, 416.0
22, 205.0, 307.0
23, 619.0, 380.0
24, 390.0, 262.0
25, 612.0, 44.0
26, 505.0, 52.0
27, 610.0, 220.0
28, 584.0, 250.0
29, 535.0, 261.0
30, 486.0, 117.0
31, 478.0, 160.0
32, 292.0, 86.0
33, 223.0, 360.0
34, 520.0, 298.0
35, 476.0, 83.0
36, 427.0, 202.0
37, 147.0, 85.0
38, 291.0, 31.0
39, 154.0, 99.0
40, 645.0, 213.0
41, 257.0, 354.0
42, 217.0, 307.0
43, 650.0, 443.0
44, 580.0, 265.0
45, 111.0, 92.0
46, 655.0, 425.0
47, 353.0, 306.0
48, 468.0, 257.0
49, 610.0, 318.0
50, 589.0, 176.0
51, 58.0, 371.0
52, 368.0, 119.0
53, 671.0, 408.0
54, 290.0, 43.0
55, 544.0, 280.0
56, 369.0, 422.0
57, 425.0, 432.0
58, 678.0, 384.0
59, 258.0, 167.0
60, 232.0, 385.0
61, 271.0, 307.0
62, 170.0, 325.0
63, 199.0, 77.0
64, 469.0, 163.0
65, 362.0, 96.0
66, 417.0, 166.0
67, 340.0, 141.0
68, 592.0, 219.0
69, 442.0, 276.0
70, 486.0, 263.0
71, 427.0, 239.0
72, 669.0, 167.0
73, 331.0, 187.0
74, 340.0, 191.0
75, 419.0, 157.0
76, 491.0, 181.0
77, 379.0, 62.0
78, 600.0, 259.0
79, 194.0, 418.0
80, 439.0, 161.0
81, 105.0, 34.0
82, 377.0, 257.0
83, 427.0, 301.0
84, 533.0, 272.0
85, 565.0, 57.0
86, 438.0, 294.0
87, 513.0, 144.0
88, 612.0, 58.0
89, 416.0, 441.0
90, 63.0, 131.0
91, 594.0, 288.0
92, 187.0, 380.0
93, 276.0, 177.0
94, 249.0, 389.0
95, 613.0, 416.0
96, 561.0, 224.0
97, 547.0, 259.0
98, 466.0, 462.0
99, 268.0, 364.0
100, 345.0, 83.0
101, 191.0, 237.0
102, 416.0, 221.0
103, 589.0, 275.0
104, 622.0, 370.0
105, 549.0, 309.0
106, 200.0, 250.0
107, 332.0, 204.0
108, 655.0, 75.0
109, 152.0, 110.0
110, 652.0, 434.0
111, 151.0, 178.0
112, 703.0, 83.0
113, 539.0, 249.0
114, 685.0, 396.0
115, 268.0, 46.0
116, 630.0, 384.0
117, 673.0, 202.0
118, 437.0, 81.0
119, 315.0, 255.0
120, 614.0, 69.0
121, 230.0, 231.0
122, 38.0, 105.0
123, 553.0, 205.0
124, 317.0, 209.0
125, 360.0, 238.0
126, 342.0, 245.0
127, 322.0, 162.0
128, 381.0, 84.0
129, 537.0, 230.0
130, 160.0, 271.0
131, 387.0, 250.0
132, 519.0, 28.0
133, 160.0, 391.0
134, 170.0, 339.0
135, 278.0, 30.0
136, 373.0, 209.0
137, 334.0, 238.0
138, 101.0, 124.0
139, 33.0, 384.0
140, 396.0, 143.0
141, 156.0, 211.0
142, 443.0, 234.0
143, 279.0, 42.0
144, 623.0, 421.0
145, 533.0, 173.0
146, 532.0, 49.0
147, 559.0, 283.0
148, 681.0, 159.0
149, 316.0, 327.0
150, 562.0, 258.0
151, 659.0, 406.0
152, 453.0, 237.0
153, 385.0, 235.0
154, 604.0, 133.0
155, 482.0, 299.0
156, 640.0, 156.0
157, 187.0, 327.0
158, 601.0, 145.0
159, 307.0, 173.0
160, 602.0, 363.0
161, 701.0, 95.0
162, 509.0, 252.0
163, 688.0, 415.0
164, 245.0, 45.0
165, 277.0, 354.0
166, 426.0, 255.0
167, 507.0, 287.0
168, 324.0, 294.0
169, 590.0, 197.0
170, 18.0, 421.0
171, 652.0, 331.0
172, 467.0, 97.0
173, 461.0, 246.0
174, 197.0, 377.0
175, 628.0, 219.0
176, 676.0, 83.0
177, 225.0, 315.0
178, 600.0, 155.0
179, 500.0, 305.0
180, 286.0, 339.0
181, 357.0, 10.0
182, 216.0, 257.0
183, 377.0, 75.0
184, 348.0, 152.0
185, 252.0, 56.0
186, 209.0, 220.0
187, 415.0, 237.0
188, 524.0, 250.0
189, 574.0, 318.0
190, 547.0, 46.0
191, 209.0, 270.0
192, 396.0, 157.0
193, 599.0, 372.0
194, 144.0, 365.0
195, 660.0, 396.0
196, 200.0, 17.0
197, 537.0, 239.0
198, 695.0, 236.0
199, 598.0, 234.0
200, 527.0, 11.0
201, 506.0, 109.0
202, 340.0, 302.0
203, 323.0, 175.0
204, 356.0, 21.0
205, 439.0, 172.0
206, 556.0, 161.0
207, 612.0, 261.0
208, 272.0, 211.0
209, 601.0, 411.0
210, 380.0, 155.0
211, 418.0, 140.0
212, 38.0, 322.0
213, 531.0, 61.0
214, 568.0, 265.0
215, 326.0, 317.0
216, 719.0, 349.0
217, 354.0, 167.0
218, 337.0, 415.0
219, 472.0, 150.0
220, 225.0, 263.0
221, 197.0, 328.0
222, 281.0, 52.0
223, 343.0, 431.0
224, 214.0, 74.0
225, 546.0, 168.0
226, 402.0, 297.0
227, 532.0, 294.0
228, 179.0, 395.0
229, 479.0, 234.0
230, 639.0, 408.0
231, 369.0, 305.0
232, 328.0, 215.0
233, 158.0, 410.0
234, 80.0, 115.0
235, 319.0, 117.0
236, 170.0, 353.0
237, 652.0, 93.0
238, 137.0, 31.0
239, 162.0, 14.0
240, 361.0, 196.0
241, 313.0, 461.0
242, 292.0, 221.0
243, 376.0, 52.0
244, 335.0, 251.0
245, 324.0, 88.0
246, 450.0, 252.0
247, 71.0, 73.0
248, 617.0, 251.0
249, 128.0, 94.0
250, 440.0, 136.0
251, 235.0, 353.0
252, 484.0, 42.0
253, 623.0, 10.0
254, 525.0, 241.0
255, 340.0, 53.0
256, 481.0, 415.0
257, 303.0, 31.0
258, 242.0, 137.0
259, 309.0, 158.0
260, 366.0, 84.0
261, 407.0, 419.0
262, 132.0, 134.0
263, 137.0, 64.0
264, 58.0, 116.0
265, 394.0, 121.0
266, 523.0, 273.0
267, 316.0, 143.0
268, 731.0, 268.0
269, 21.0, 305.0
270, 531.0, 74.0
271, 696.0, 390.0
272, 229.0, 283.0
273, 22.0, 378.0
274, 565.0, 191.0
275, 643.0, 368.0
276, 616.0, 94.0
277, 325.0, 15.0
278, 384.0, 196.0
279, 110.0, 386.0
280, 587.0, 209.0
281, 280.0, 216.0
282, 197.0, 317.0
283, 328.0, 96.0
284, 719.0, 161.0
285, 171.0, 201.0
286, 502.0, 160.0
287, 553.0, 276.0
288, 575.0, 166.0
289, 356.0, 290.0
290, 663.0, 386.0
291, 702.0, 108.0
292, 712.0, 54.0
293, 621.0, 242.0
294, 727.0, 136.0
295, 205.0, 232.0
296, 483.0, 178.0
297, 190.0, 97.0
298, 595.0, 117.0
299, 552.0, 35.0
300, 202.0, 108.0
301, 490.0, 208.0
302, 125.0, 85.0
303, 458.0, 133.0
304, 471.0, 196.0
305, 140.0, 204.0
306, 171.0, 282.0
307, 578.0, 208.0
308, 606.0, 423.0
309, 11.0, 330.0
310, 478.0, 127.0
311, 281.0, 249.0
312, 419.0, 78.0
313, 110.0, 129.0
314, 607.0, 329.0
315, 459.0, 120.0
316, 101.0, 113.0
317, 656.0, 236.0
318, 360.0, 227.0
319, 448.0, 212.0
320, 384.0, 176.0
321, 236.0, 399.0
322, 595.0, 79.0
323, 142.0, 395.0
324, 689.0, 190.0
325, 460.0, 10.0
326, 317.0, 243.0
327, 340.0, 119.0
328, 222.0, 295.0
329, 185.0, 407.0
330, 213.0, 372.0
331, 443.0, 457.0
332, 455.0, 83.0
333, 438.0, 443.0
334, 710.0, 95.0
335, 81.0, 251.0
336, 654.0, 250.0
337, 517.0, 180.0
338, 297.0, 280.0
339, 610.0, 366.0
340, 361.0, 181.0
341, 303.0, 193.0
342, 490.0, 108.0
343, 408.0, 88.0
344, 718.0, 189.0
345, 507.0, 33.0
346, 306.0, 240.0
347, 454.0, 33.0
348, 681.0, 366.0
349, 118.0, 21.0
350, 613.0, 145.0
351, 496.0, 85.0
352, 631.0, 156.0
353, 498.0, 132.0
354, 501.0, 173.0
355, 180.0, 304.0
356, 114.0, 107.0
357, 739.0, 161.0
358, 710.0, 71.0
359, 248.0, 336.0
360, 19.0, 70.0
361, 728.0, 160.0
362, 252.0, 29.0
363, 401.0, 273.0
364, 691.0, 112.0
365, 658.0, 126.0
366, 716.0, 238.0
367, 590.0, 321.0
368, 32.0, 459.0
369, 496.0, 62.0
370, 21.0, 344.0
371, 397.0, 229.0
372, 422.0, 454.0
373, 196.0, 299.0
374, 641.0, 106.0
375, 648.0, 452.0
376, 406.0, 432.0
377, 338.0, 129.0
378, 509.0, 263.0
379, 50.0, 470.0
380, 396.0, 206.0
381, 683.0, 148.0
382, 476.0, 184.0
383, 399.0, 185.0
384, 396.0, 173.0
385, 146.0, 93.0
386, 306.0, 337.0
387, 656.0, 373.0
388, 280.0, 232.0
389, 490.0, 50.0
390, 164.0, 130.0
391, 426.0, 130.0
392, 175.0, 77.0
393, 305.0, 206.0
394, 73.0, 225.0
395, 412.0, 132.0
396, 289.0, 187.0
397, 45.0, 278.0
398, 302.0, 18.0
399, 261.0, 98.0
400, 620.0, 77.0
401, 263.0, 461.0
402, 735.0, 95.0
403, 15.0, 284.0
404, 83.0, 126.0
405, 700.0, 367.0
406, 27.0, 15.0
407, 103.0, 105.0
408, 358.0, 117.0
409, 636.0, 417.0
410, 321.0, 283.0
411, 179.0, 111.0
412, 589.0, 378.0
413, 601.0, 45.0
414, 241.0, 271.0
415, 411.0, 260.0
416, 289.0, 69.0
417, 207.0, 368.0
418, 299.0, 56.0
419, 361.0, 438.0
420, 292.0, 354.0
421, 90.0, 149.0
422, 532.0, 26.0
423, 550.0, 250.0
424, 544.0, 10.0
425, 290.0, 273.0
426, 322.0, 271.0
427, 129.0, 259.0
428, 320.0, 454.0
429, 605.0, 205.0
430, 27.0, 293.0
431, 593.0, 244.0
432, 290.0, 298.0
433, 230.0, 433.0
434, 737.0, 188.0
435, 318.0, 57.0
436, 224.0, 55.0
437, 650.0, 392.0
438, 524.0, 163.0
439, 479.0, 108.0
440, 132.0, 107.0
441, 29.0, 188.0
442, 535.0, 120.0
443, 242.0, 250.0
444, 566.0, 43.0
445, 236.0, 212.0
446, 380.0, 401.0
447, 293.0, 235.0
448, 485.0, 272.0
449, 292.0, 133.0
450, 437.0, 13.0
451, 269.0, 82.0
452, 583.0, 364.0
453, 317.0, 151.0
454, 519.0, 98.0
455, 101.0, 405.0
456, 370.0, 149.0
457, 584.0, 286.0
458, 717.0, 171.0
459, 385.0, 212.0
460, 549.0, 229.0
461, 100.0, 150.0
462, 677.0, 73.0
463, 452.0, 192.0
464, 87.0, 267.0
465, 54.0, 83.0
466, 124.0, 245.0
467, 166.0, 115.0
468, 118.0, 169.0
469, 219.0, 432.0
470, 288.0, 115.0
471, 641.0, 388.0
472, 638.0, 165.0
473, 713.0, 205.0
474, 381.0, 436.0
475, 422.0, 272.0
476, 164.0, 81.0
477, 651.0, 342.0
478, 670.0, 216.0
479, 528.0, 419.0
480, 329.0, 112.0
481, 179.0, 210.0
482, 267.0, 263.0
483, 197.0, 366.0
484, 607.0, 234.0
485, 50.0, 257.0
486, 58.0, 174.0
487, 34.0, 311.0
488, 261.0, 316.0
489, 599.0, 164.0
490, 110.0, 9.0
491, 729.0, 225.0
492, 207.0, 387.0
493, 216.0, 318.0
494, 303.0, 260.0
495, 280.0, 140.0
496, 47.0, 343.0
497, 162.0, 95.0
498, 477.0, 73.0
499, 223.0, 418.0
