0, 480.0, 396.0
1, 559.0, 253.0
2, 369.0, 187.0
3, 223.0, 157.0
4, 192.0, 112.0
5, 322.0, 168.0
6, 432.0, 236.0
7, 222.0, 268.0
8, 130.0, 309.0
9, 604.0, 386.0
10, 230.0, 52.0
11, 165.0, 109.0
12, 598.0, 351.0
13, 297.0, 51.0
14, 312.0, 203.0
15, 253.0, 255.0
16, 669.0, 196.0
17, 287.0, 303.0
18, 577.0, 295.0
19, 594.0, 222.0
20, 470.0, 358.0
21, 482.0, 266.0
22, 533.0, 336.0
23, 244.0, 153.0
24, 476.0, 383.0
25, 453.0, 380.0
26, 410.0, 92.0
27, 191.0, 98.0
28, 442.0, 384.0
29, 524.0, 447.0
30, 305.0, 269.0
31, 239.0, 64.0
32, 592.0, 445.0
33, 455.0, 411.0
34, 659.0, 221.0
35, 649.0, 204.0
36, 224.0, 284.0
37, 282.0, 415.0
38, 475.0, 95.0
39, 599.0, 168.0
40, 301.0, 116.0
41, 412.0, 409.0
42, 312.0, 169.0
43, 409.0, 365.0
44, 353.0, 269.0
45, 324.0, 395.0
46, 562.0, 352.0
47, 427.0, 418.0
48, 712.0, 306.0
49, 185.0, 184.0
50, 688.0, 424.0
51, 407.0, 248.0
52, 113.0, 176.0
53, 302.0, 206.0
54, 85.0, 285.0
55, 107.0, 329.0
56, 736.0, 189.0
57, 324.0, 223.0
58, 554.0, 119.0
59, 384.0, 137.0
60, 619.0, 329.0
61, 587.0, 205.0
62, 101.0, 290.0
63, 43.0, 409.0
64, 613.0, 464.0
65, 434.0, 150.0
66, 187.0, 196.0
67, 676.0, 417.0
68, 280.0, 163.0
69, 552.0, 132.0
70, 490.0, 392.0
71, 255.0, 280.0
72, 527.0, 309.0
73, 238.0, 396.0
74, 297.0, 84.0
75, 309.0, 278.0
76, 105.0, 341.0
77, 510.0, 210.0
78, 558.0, 102.0
79, 707.0, 28.0
80, 313.0, 192.0
81, 406.0, 283.0
82, 723.0, 115.0
83, 335.0, 256.0
84, 543.0, 141.0
85, 545.0, 163.0
86, 186.0, 137.0
87, 600.0, 242.0
88, 115.0, 67.0
89, 449.0, 253.0
90, 237.0, 261.0
91, 74.0, 433.0
92, 286.0, 289.0
93, 271.0, 252.0
94, 407.0, 18.0
95, 322.0, 126.0
96, 730.0, 207.0
97, 145.0, 129.0
98, 22.0, 404.0
99, 423.0, 433.0
100, 529.0, 299.0
101, 531.0, 287.0
102, 564.0, 370.0
103, 650.0, 370.0
104, 120.0, 452.0
105, 709.0, 433.0
106, 442.0, 235.0
107, 45.0, 392.0
108, 366.0, 77.0
109, 368.0, 210.0
110, 513.0, 410.0
111, 17.0, 118.0
112, 194.0, 252.0
113, 720.0, 232.0
114, 515.0, 396.0
115, 120.0, 357.0
116, 369.0, 157.0
117, 89.0, 293.0
118, 166.0, 167.0
119, 629.0, 330.0
120, 406.0, 270.0
121, 733.0, 236.0
122, 586.0, 356.0
123, 165.0, 119.0
124, 515.0, 326.0
125, 483.0, 233.0
126, 586.0, 165.0
127, 267.0, 300.0
128, 209.0, 160.0
129, 731.0, 422.0
130, 454.0, 66.0
131, 646.0, 227.0
132, 239.0, 276.0
133, 533.0, 391.0
134, 584.0, 450.0
135, 491.0, 433.0
136, 134.0, 361.0
137, 463.0, 371.0
138, 318.0, 289.0
139, 534.0, 420.0
140, 362.0, 315.0
141, 434.0, 198.0
142, 303.0, 420.0
143, 301.0, 385.0
144, 540.0, 269.0
145, 53.0, 429.0
146, 299.0, 315.0
147, 599.0, 104.0
148, 715.0, 462.0
149, 652.0, 193.0
150, 275.0, 77.0
151, 684.0, 436.0
152, 585.0, 82.0
153, 622.0, 313.0
154, 355.0, 157.0
155, 216.0, 461.0
156, 589.0, 316.0
157, 133.0, 71.0
158, 507.0, 228.0
159, 266.0, 424.0
160, 464.0, 431.0
161, 576.0, 28.0
162, 216.0, 444.0
163, 386.0, 327.0
164, 540.0, 452.0
165, 391.0, 294.0
166, 612.0, 171.0
167, 570.0, 178.0
168, 121.0, 218.0
169, 137.0, 469.0
170, 422.0, 199.0
171, 531.0, 374.0
172, 601.0, 339.0
173, 155.0, 242.0
174, 409.0, 40.0
175, 434.0, 465.0
176, 434.0, 211.0
177, 258.0, 39.0
178, 547.0, 154.0
179, 691.0, 451.0
180, 334.0, 220.0
181, 392.0, 249.0
182, 234.0, 300.0
183, 324.0, 239.0
184, 595.0, 302.0
185, 668.0, 97.0
186, 537.0, 408.0
187, 81.0, 213.0
188, 303.0, 395.0
189, 486.0, 380.0
190, 110.0, 453.0
191, 575.0, 148.0
192, 467.0, 45.0
193, 725.0, 219.0
194, 161.0, 130.0
195, 152.0, 318.0
196, 277.0, 330.0
197, 624.0, 155.0
198, 326.0, 268.0
199, 248.0, 195.0
200, 220.0, 307.0
201, 56.0, 347.0
202, 535.0, 181.0
203, 377.0, 212.0
204, 451.0, 357.0
205, 357.0, 206.0
206, 455.0, 42.0
207, 368.0, 225.0
208, 460.0, 83.0
209, 616.0, 104.0
210, 638.0, 377.0
211, 613.0, 309.0
212, 473.0, 442.0
213, 453.0, 112.0
214, 466.0, 150.0
215, 677.0, 453.0
216, 162.0, 279.0
217, 268.0, 445.0
218, 15.0, 466.0
219, 589.0, 55.0
220, 372.0, 146.0
221, 459.0, 226.0
222, 88.0, 241.0
223, 395.0, 403.0
224, 163.0, 97.0
225, 230.0, 333.0
226, 553.0, 59.0
227, 441.0, 430.0
228, 656.0, 177.0
229, 496.0, 466.0
230, 430.0, 310.0
231, 182.0, 164.0
232, 390.0, 38.0
233, 518.0, 295.0
234, 532.0, 153.0
235, 511.0, 219.0
236, 172.0, 60.0
237, 208.0, 249.0
238, 386.0, 152.0
239, 195.0, 62.0
240, 83.0, 66.0
241, 512.0, 303.0
242, 96.0, 357.0
243, 675.0, 179.0
244, 690.0, 82.0
245, 283.0, 432.0
246, 715.0, 334.0
247, 274.0, 297.0
248, 482.0, 56.0
249, 489.0, 444.0
250, 96.0, 92.0
251, 366.0, 293.0
252, 524.0, 321.0
253, 509.0, 448.0
254, 483.0, 413.0
255, 515.0, 431.0
256, 346.0, 126.0
257, 569.0, 447.0
258, 426.0, 144.0
259, 324.0, 469.0
260, 693.0, 28.0
261, 221.0, 417.0
262, 404.0, 443.0
263, 195.0, 242.0
264, 443.0, 308.0
265, 190.0, 217.0
266, 344.0, 171.0
267, 289.0, 374.0
268, 618.0, 298.0
269, 173.0, 200.0
270, 45.0, 370.0
271, 390.0, 283.0
272, 461.0, 75.0
273, 269.0, 225.0
274, 373.0, 50.0
275, 48.0, 360.0
276, 114.0, 56.0
277, 373.0, 253.0
278, 335.0, 317.0
279, 359.0, 170.0
280, 398.0, 335.0
281, 428.0, 381.0
282, 607.0, 326.0
283, 698.0, 39.0
284, 630.0, 55.0
285, 392.0, 272.0
286, 475.0, 408.0
287, 554.0, 318.0
288, 283.0, 456.0
289, 171.0, 188.0
290, 633.0, 315.0
291, 609.0, 55.0
292, 676.0, 371.0
293, 397.0, 171.0
294, 604.0, 72.0
295, 127.0, 339.0
296, 580.0, 280.0
297, 332.0, 145.0
298, 306.0, 257.0
299, 612.0, 272.0
300, 639.0, 455.0
301, 496.0, 419.0
302, 348.0, 373.0
303, 211.0, 301.0
304, 444.0, 214.0
305, 518.0, 351.0
306, 273.0, 421.0
307, 229.0, 350.0
308, 196.0, 451.0
309, 309.0, 62.0
310, 514.0, 277.0
311, 311.0, 378.0
312, 601.0, 432.0
313, 591.0, 238.0
314, 500.0, 405.0
315, 312.0, 219.0
316, 261.0, 53.0
317, 683.0, 36.0
318, 481.0, 151.0
319, 624.0, 438.0
320, 131.0, 406.0
321, 130.0, 8.0
322, 85.0, 465.0
323, 568.0, 308.0
324, 521.0, 240.0
325, 120.0, 471.0
326, 419.0, 392.0
327, 629.0, 378.0
328, 563.0, 200.0
329, 265.0, 167.0
330, 703.0, 242.0
331, 548.0, 414.0
332, 496.0, 270.0
333, 558.0, 305.0
334, 523.0, 400.0
335, 95.0, 256.0
336, 620.0, 372.0
337, 697.0, 465.0
338, 574.0, 322.0
339, 559.0, 36.0
340, 584.0, 116.0
341, 631.0, 424.0
342, 553.0, 370.0
343, 308.0, 142.0
344, 28.0, 74.0
345, 472.0, 233.0
346, 323.0, 180.0
347, 675.0, 464.0
348, 252.0, 244.0
349, 665.0, 207.0
350, 656.0, 10.0
351, 67.0, 231.0
352, 149.0, 396.0
353, 555.0, 48.0
354, 521.0, 287.0
355, 279.0, 374.0
356, 389.0, 53.0
357, 517.0, 421.0
358, 610.0, 130.0
359, 467.0, 308.0
360, 291.0, 276.0
361, 384.0, 336.0
362, 57.0, 384.0
363, 409.0, 301.0
364, 486.0, 36.0
365, 262.0, 406.0
366, 592.0, 193.0
367, 458.0, 97.0
368, 381.0, 232.0
369, 418.0, 246.0
370, 353.0, 51.0
371, 511.0, 318.0
372, 594.0, 457.0
373, 135.0, 384.0
374, 58.0, 455.0
375, 728.0, 364.0
376, 253.0, 84.0
377, 742.0, 222.0
378, 550.0, 403.0
379, 662.0, 160.0
380, 164.0, 298.0
381, 374.0, 281.0
382, 546.0, 433.0
383, 31.0, 458.0
384, 602.0, 152.0
385, 571.0, 53.0
386, 449.0, 363.0
387, 498.0, 326.0
388, 9.0, 302.0
389, 217.0, 72.0
390, 147.0, 139.0
391, 326.0, 345.0
392, 596.0, 115.0
393, 266.0, 189.0
394, 478.0, 86.0
395, 622.0, 235.0
396, 283.0, 217.0
397, 357.0, 365.0
398, 567.0, 234.0
399, 556.0, 388.0
400, 299.0, 169.0
401, 525.0, 341.0
402, 299.0, 466.0
403, 50.0, 462.0
404, 489.0, 101.0
405, 524.0, 127.0
406, 349.0, 41.0
407, 136.0, 138.0
408, 208.0, 450.0
409, 173.0, 381.0
410, 668.0, 426.0
411, 544.0, 293.0
412, 462.0, 402.0
413, 132.0, 59.0
414, 680.0, 162.0
415, 31.0, 426.0
416, 582.0, 328.0
417, 582.0, 10.0
418, 266.0, 412.0
419, 189.0, 83.0
420, 135.0, 291.0
421, 112.0, 348.0
422, 134.0, 27.0
423, 408.0, 429.0
424, 584.0, 149.0
425, 573.0, 202.0
426, 409.0, 378.0
427, 388.0, 220.0
428, 483.0, 365.0
429, 571.0, 164.0
430, 157.0, 60.0
431, 108.0, 298.0
432, 563.0, 320.0
433, 198.0, 127.0
434, 459.0, 442.0
435, 378.0, 156.0
436, 330.0, 41.0
437, 733.0, 356.0
438, 443.0, 35.0
439, 601.0, 85.0
440, 624.0, 341.0
441, 672.0, 277.0
442, 576.0, 254.0
443, 437.0, 112.0
444, 697.0, 55.0
445, 224.0, 455.0
446, 648.0, 403.0
447, 536.0, 231.0
448, 617.0, 247.0
449, 569.0, 431.0
450, 669.0, 47.0
451, 717.0, 127.0
452, 383.0, 252.0
453, 666.0, 406.0
454, 630.0, 408.0
455, 667.0, 393.0
456, 208.0, 468.0
457, 699.0, 105.0
458, 258.0, 325.0
459, 110.0, 100.0
460, 329.0, 51.0
461, 410.0, 78.0
462, 488.0, 282.0
463, 514.0, 383.0
464, 338.0, 381.0
465, 595.0, 184.0
466, 113.0, 251.0
467, 722.0, 449.0
468, 120.0, 329.0
469, 725.0, 465.0
470, 335.0, 195.0
471, 580.0, 401.0
472, 613.0, 399.0
473, 580.0, 93.0
474, 101.0, 205.0
475, 321.0, 152.0
476, 406.0, 235.0
477, 582.0, 429.0
478, 366.0, 261.0
479, 692.0, 124.0
480, 367.0, 67.0
481, 24.0, 55.0
482, 316.0, 115.0
483, 655.0, 328.0
484, 505.0, 112.0
485, 178.0, 235.0
486, 264.0, 380.0
487, 595.0, 269.0
488, 73.0, 457.0
489, 692.0, 327.0
490, 274.0, 117.0
491, 566.0, 78.0
492, 171.0, 308.0
493, 270.0, 312.0
494, 505.0, 98.0
495, 26.0, 278.0
496, 380.0, 241.0
497, 588.0, 294.0
498, 468.0, 8.0
499, 497.0, 154.0
