0, 456.0, 116.0
1, 503.0, 64.0
2, 584.0, 230.0
3, 293.0, 37.0
4, 578.0, 136.0
5, 552.0, 244.0
6, 535.0, 72.0
7, 143.0, 34.0
8, 547.0, 30.0
9, 514.0, 62.0
10, 203.0, 38.0
11, 447.0, 113.0
12, 289.0, 51.0
13, 99.0, 251.0
14, 248.0, 208.0
15, 466.0, 107.0
16, 297.0, 69.0
17, 200.0, 127.0
18, 666.0, 189.0
19, 75.0, 295.0
20, 617.0, 142.0
21, 154.0, 34.0
22, 139.0, 110.0
23, 172.0, 10.0
24, 544.0, 71.0
25, 561.0, 20.0
26, 452.0, 228.0
27, 664.0, 77.0
28, 597.0, 217.0
29, 573.0, 112.0
30, 288.0, 135.0
31, 459.0, 59.0
32, 610.0, 170.0
33, 587.0, 43.0
34, 583.0, 244.0
35, 420.0, 135.0
36, 510.0, 28.0
37, 639.0, 118.0
38, 84.0, 283.0
39, 308.0, 52.0
40, 626.0, 124.0
41, 249.0, 49.0
42, 408.0, 24.0
43, 343.0, 352.0
44, 92.0, 91.0
45, 461.0, 216.0
46, 285.0, 81.0
47, 205.0, 115.0
48, 291.0, 60.0
49, 214.0, 132.0
50, 606.0, 148.0
51, 584.0, 160.0
52, 84.0, 88.0
53, 524.0, 127.0
54, 495.0, 166.0
55, 427.0, 27.0
56, 176.0, 60.0
57, 197.0, 51.0
58, 498.0, 131.0
59, 482.0, 51.0
60, 502.0, 119.0
61, 153.0, 115.0
62, 603.0, 157.0
63, 460.0, 41.0
64, 496.0, 49.0
65, 369.0, 47.0
66, 682.0, 238.0
67, 576.0, 62.0
68, 716.0, 205.0
69, 691.0, 242.0
70, 246.0, 108.0
71, 50.0, 262.0
72, 270.0, 138.0
73, 662.0, 36.0
74, 227.0, 11.0
75, 299.0, 120.0
76, 531.0, 203.0
77, 333.0, 18.0
78, 274.0, 236.0
79, 679.0, 252.0
80, 672.0, 37.0
81, 105.0, 179.0
82, 567.0, 256.0
83, 562.0, 66.0
84, 731.0, 163.0
85, 320.0, 92.0
86, 668.0, 174.0
87, 305.0, 151.0
88, 545.0, 183.0
89, 575.0, 123.0
90, 174.0, 139.0
91, 600.0, 166.0
92, 273.0, 156.0
93, 701.0, 186.0
94, 113.0, 262.0
95, 652.0, 120.0
96, 570.0, 72.0
97, 578.0, 173.0
98, 226.0, 135.0
99, 483.0, 426.0
100, 635.0, 41.0
101, 479.0, 112.0
102, 557.0, 138.0
103, 536.0, 108.0
104, 565.0, 38.0
105, 515.0, 137.0
106, 448.0, 101.0
107, 432.0, 140.0
108, 543.0, 193.0
109, 384.0, 45.0
110, 691.0, 256.0
111, 254.0, 122.0
112, 570.0, 100.0
113, 619.0, 35.0
114, 588.0, 148.0
115, 560.0, 415.0
116, 316.0, 254.0
117, 62.0, 298.0
118, 579.0, 211.0
119, 441.0, 206.0
120, 84.0, 266.0
121, 251.0, 320.0
122, 484.0, 183.0
123, 251.0, 136.0
124, 297.0, 82.0
125, 170.0, 77.0
126, 662.0, 232.0
127, 606.0, 33.0
128, 642.0, 129.0
129, 531.0, 23.0
130, 335.0, 236.0
131, 589.0, 202.0
132, 295.0, 183.0
133, 318.0, 170.0
134, 689.0, 127.0
135, 599.0, 205.0
136, 701.0, 235.0
137, 275.0, 77.0
138, 80.0, 163.0
139, 303.0, 93.0
140, 650.0, 204.0
141, 509.0, 48.0
142, 620.0, 376.0
143, 347.0, 57.0
144, 43.0, 131.0
145, 496.0, 59.0
146, 595.0, 22.0
147, 454.0, 22.0
148, 653.0, 37.0
149, 435.0, 254.0
150, 357.0, 29.0
151, 357.0, 21.0
152, 249.0, 189.0
153, 208.0, 157.0
154, 231.0, 29.0
155, 335.0, 39.0
156, 347.0, 223.0
157, 598.0, 137.0
158, 368.0, 33.0
159, 685.0, 26.0
160, 611.0, 15.0
161, 83.0, 151.0
162, 702.0, 275.0
163, 67.0, 265.0
164, 528.0, 261.0
165, 91.0, 171.0
166, 191.0, 148.0
167, 504.0, 341.0
168, 188.0, 109.0
169, 522.0, 155.0
170, 467.0, 117.0
171, 93.0, 159.0
172, 316.0, 333.0
173, 461.0, 33.0
174, 234.0, 307.0
175, 522.0, 276.0
176, 634.0, 16.0
177, 96.0, 21.0
178, 420.0, 17.0
179, 529.0, 63.0
180, 49.0, 63.0
181, 430.0, 432.0
182, 48.0, 370.0
183, 416.0, 112.0
184, 685.0, 195.0
185, 534.0, 246.0
186, 551.0, 167.0
187, 271.0, 301.0
188, 362.0, 323.0
189, 182.0, 33.0
190, 521.0, 416.0
191, 571.0, 195.0
192, 348.0, 272.0
193, 645.0, 101.0
194, 140.0, 263.0
195, 578.0, 20.0
196, 538.0, 257.0
197, 103.0, 100.0
198, 118.0, 249.0
199, 477.0, 121.0
200, 302.0, 292.0
201, 651.0, 407.0
202, 488.0, 405.0
203, 99.0, 10.0
204, 615.0, 49.0
205, 715.0, 190.0
206, 310.0, 105.0
207, 203.0, 137.0
208, 712.0, 43.0
209, 197.0, 15.0
210, 733.0, 197.0
211, 281.0, 166.0
212, 67.0, 76.0
213, 271.0, 92.0
214, 472.0, 412.0
215, 617.0, 70.0
216, 301.0, 245.0
217, 399.0, 307.0
218, 207.0, 54.0
219, 219.0, 59.0
220, 513.0, 292.0
221, 280.0, 271.0
222, 604.0, 184.0
223, 406.0, 235.0
224, 197.0, 89.0
225, 479.0, 384.0
226, 437.0, 57.0
227, 351.0, 375.0
228, 701.0, 252.0
229, 223.0, 107.0
230, 48.0, 81.0
231, 520.0, 27.0
232, 267.0, 178.0
233, 369.0, 107.0
234, 562.0, 168.0
235, 227.0, 124.0
236, 554.0, 84.0
237, 632.0, 162.0
238, 368.0, 18.0
239, 127.0, 46.0
240, 430.0, 413.0
241, 536.0, 179.0
242, 650.0, 27.0
243, 123.0, 106.0
244, 93.0, 32.0
245, 172.0, 122.0
246, 500.0, 323.0
247, 614.0, 158.0
248, 502.0, 374.0
249, 440.0, 430.0
250, 154.0, 54.0
251, 542.0, 274.0
252, 577.0, 289.0
253, 149.0, 122.0
254, 27.0, 64.0
255, 19.0, 269.0
256, 540.0, 205.0
257, 86.0, 299.0
258, 32.0, 123.0
259, 61.0, 148.0
260, 709.0, 9.0
261, 442.0, 13.0
262, 185.0, 15.0
263, 370.0, 374.0
264, 193.0, 133.0
265, 722.0, 261.0
266, 79.0, 14.0
267, 561.0, 218.0
268, 562.0, 238.0
269, 543.0, 399.0
270, 648.0, 442.0
271, 399.0, 109.0
272, 68.0, 155.0
273, 210.0, 72.0
274, 517.0, 434.0
275, 620.0, 181.0
276, 467.0, 207.0
277, 29.0, 339.0
278, 64.0, 360.0
279, 238.0, 63.0
280, 306.0, 34.0
281, 141.0, 248.0
282, 469.0, 431.0
283, 556.0, 230.0
284, 378.0, 26.0
285, 650.0, 424.0
286, 91.0, 52.0
287, 271.0, 201.0
288, 653.0, 392.0
289, 27.0, 160.0
290, 189.0, 65.0
291, 662.0, 120.0
292, 388.0, 226.0
293, 417.0, 36.0
294, 624.0, 25.0
295, 560.0, 154.0
296, 528.0, 393.0
297, 335.0, 346.0
298, 185.0, 156.0
299, 265.0, 47.0
300, 156.0, 19.0
301, 324.0, 378.0
302, 480.0, 35.0
303, 530.0, 302.0
304, 45.0, 149.0
305, 365.0, 62.0
306, 609.0, 94.0
307, 732.0, 177.0
308, 395.0, 88.0
309, 580.0, 271.0
310, 67.0, 167.0
311, 477.0, 65.0
312, 25.0, 285.0
313, 577.0, 360.0
314, 30.0, 322.0
315, 268.0, 61.0
316, 494.0, 72.0
317, 708.0, 72.0
318, 391.0, 18.0
319, 38.0, 299.0
320, 659.0, 99.0
321, 196.0, 173.0
322, 104.0, 88.0
323, 601.0, 118.0
324, 282.0, 120.0
325, 487.0, 416.0
326, 658.0, 349.0
327, 130.0, 248.0
328, 197.0, 75.0
329, 495.0, 396.0
330, 265.0, 71.0
331, 487.0, 364.0
332, 352.0, 49.0
333, 554.0, 120.0
334, 220.0, 152.0
335, 411.0, 244.0
336, 433.0, 102.0
337, 339.0, 391.0
338, 622.0, 132.0
339, 656.0, 363.0
340, 277.0, 44.0
341, 448.0, 439.0
342, 102.0, 166.0
343, 234.0, 119.0
344, 244.0, 90.0
345, 20.0, 225.0
346, 245.0, 22.0
347, 187.0, 177.0
348, 401.0, 135.0
349, 736.0, 42.0
350, 622.0, 448.0
351, 413.0, 88.0
352, 567.0, 85.0
353, 428.0, 454.0
354, 99.0, 268.0
355, 332.0, 167.0
356, 640.0, 462.0
357, 354.0, 360.0
358, 223.0, 114.0
359, 131.0, 193.0
360, 539.0, 231.0
361, 642.0, 174.0
362, 136.0, 182.0
363, 18.0, 311.0
364, 590.0, 436.0
365, 373.0, 291.0
366, 473.0, 451.0
367, 581.0, 52.0
368, 450.0, 187.0
369, 631.0, 112.0
370, 572.0, 434.0
371, 399.0, 258.0
372, 313.0, 371.0
373, 315.0, 60.0
374, 119.0, 186.0
375, 408.0, 12.0
376, 332.0, 28.0
377, 377.0, 94.0
378, 451.0, 421.0
379, 282.0, 107.0
380, 701.0, 296.0
381, 672.0, 98.0
382, 40.0, 331.0
383, 606.0, 109.0
384, 578.0, 144.0
385, 39.0, 15.0
386, 384.0, 298.0
387, 45.0, 245.0
388, 588.0, 105.0
389, 199.0, 23.0
390, 649.0, 378.0
391, 244.0, 8.0
392, 534.0, 131.0
393, 234.0, 19.0
394, 537.0, 54.0
395, 142.0, 172.0
396, 231.0, 254.0
397, 567.0, 317.0
398, 167.0, 42.0
399, 464.0, 125.0
400, 697.0, 40.0
401, 552.0, 56.0
402, 526.0, 43.0
403, 19.0, 213.0
404, 456.0, 345.0
405, 491.0, 152.0
406, 702.0, 371.0
407, 110.0, 57.0
408, 161.0, 80.0
409, 263.0, 23.0
410, 176.0, 171.0
411, 389.0, 101.0
412, 261.0, 11.0
413, 570.0, 162.0
414, 430.0, 117.0
415, 734.0, 134.0
416, 391.0, 238.0
417, 20.0, 298.0
418, 40.0, 311.0
419, 394.0, 130.0
420, 404.0, 209.0
421, 669.0, 248.0
422, 743.0, 78.0
423, 346.0, 160.0
424, 211.0, 22.0
425, 477.0, 158.0
426, 50.0, 274.0
427, 181.0, 285.0
428, 323.0, 9.0
429, 83.0, 251.0
430, 542.0, 157.0
431, 32.0, 259.0
432, 277.0, 56.0
433, 541.0, 38.0
434, 522.0, 166.0
435, 255.0, 290.0
436, 55.0, 8.0
437, 442.0, 30.0
438, 11.0, 93.0
439, 680.0, 80.0
440, 249.0, 165.0
441, 201.0, 284.0
442, 8.0, 86.0
443, 333.0, 403.0
444, 355.0, 65.0
445, 92.0, 27.0
446, 701.0, 211.0
447, 183.0, 142.0
448, 308.0, 40.0
449, 13.0, 253.0
450, 56.0, 159.0
451, 496.0, 292.0
452, 357.0, 44.0
453, 234.0, 176.0
454, 575.0, 411.0
455, 535.0, 89.0
456, 378.0, 305.0
457, 424.0, 218.0
458, 8.0, 107.0
459, 356.0, 421.0
460, 463.0, 404.0
461, 22.0, 17.0
462, 366.0, 204.0
463, 593.0, 189.0
464, 49.0, 287.0
465, 293.0, 312.0
466, 158.0, 252.0
467, 278.0, 27.0
468, 511.0, 144.0
469, 654.0, 305.0
470, 200.0, 421.0
471, 467.0, 173.0
472, 197.0, 60.0
473, 89.0, 222.0
474, 165.0, 64.0
475, 264.0, 126.0
476, 702.0, 320.0
477, 476.0, 395.0
478, 69.0, 311.0
479, 498.0, 386.0
480, 348.0, 309.0
481, 174.0, 240.0
482, 289.0, 16.0
483, 528.0, 139.0
484, 703.0, 359.0
485, 402.0, 48.0
486, 377.0, 71.0
487, 735.0, 222.0
488, 664.0, 215.0
489, 174.0, 213.0
490, 430.0, 220.0
491, 659.0, 337.0
492, 476.0, 403.0
493, 221.0, 180.0
494, 298.0, 221.0
495, 597.0, 279.0
496, 170.0, 50.0
497, 430.0, 11.0
498, 702.0, 412.0
499, 534.0, 215.0
