0, 471.0, 204.0
1, 500.0, 49.0
2, 469.0, 391.0
3, 556.0, 261.0
4, 631.0, 348.0
5, 142.0, 225.0
6, 210.0, 196.0
7, 510.0, 187.0
8, 570.0, 187.0
9, 112.0, 178.0
10, 511.0, 213.0
11, 631.0, 197.0
12, 556.0, 77.0
13, 223.0, 343.0
14, 570.0, 253.0
15, 552.0, 212.0
16, 676.0, 136.0
17, 316.0, 458.0
18, 213.0, 226.0
19, 172.0, 371.0
20, 419.0, 121.0
21, 453.0, 370.0
22, 287.0, 320.0
23, 261.0, 308.0
24, 440.0, 237.0
25, 256.0, 318.0
26, 214.0, 239.0
27, 280.0, 426.0
28, 407.0, 33.0
29, 288.0, 218.0
30, 187.0, 276.0
31, 295.0, 337.0
32, 638.0, 213.0
33, 123.0, 362.0
34, 404.0, 95.0
35, 73.0, 443.0
36, 209.0, 132.0
37, 580.0, 277.0
38, 426.0, 162.0
39, 128.0, 109.0
40, 558.0, 64.0
41, 637.0, 71.0
42, 416.0, 176.0
43, 221.0, 285.0
44, 459.0, 233.0
45, 610.0, 353.0
46, 418.0, 42.0
47, 424.0, 147.0
48, 411.0, 149.0
49, 48.0, 283.0
50, 204.0, 320.0
51, 622.0, 61.0
52, 557.0, 454.0
53, 452.0, 61.0
54, 257.0, 214.0
55, 552.0, 303.0
56, 540.0, 386.0
57, 236.0, 148.0
58, 430.0, 41.0
59, 466.0, 436.0
60, 522.0, 295.0
61, 597.0, 317.0
62, 142.0, 135.0
63, 435.0, 277.0
64, 49.0, 411.0
65, 587.0, 64.0
66, 540.0, 221.0
67, 493.0, 253.0
68, 532.0, 282.0
69, 514.0, 65.0
70, 212.0, 210.0
71, 258.0, 236.0
72, 645.0, 200.0
73, 284.0, 388.0
74, 592.0, 277.0
75, 499.0, 185.0
76, 204.0, 272.0
77, 265.0, 405.0
78, 272.0, 369.0
79, 236.0, 75.0
80, 74.0, 240.0
81, 517.0, 170.0
82, 445.0, 269.0
83, 446.0, 27.0
84, 727.0, 138.0
85, 430.0, 252.0
86, 451.0, 74.0
87, 719.0, 261.0
88, 729.0, 239.0
89, 628.0, 283.0
90, 267.0, 155.0
91, 237.0, 369.0
92, 307.0, 451.0
93, 621.0, 72.0
94, 525.0, 213.0
95, 468.0, 427.0
96, 185.0, 292.0
97, 172.0, 236.0
98, 247.0, 360.0
99, 453.0, 302.0
100, 226.0, 189.0
101, 522.0, 235.0
102, 433.0, 197.0
103, 665.0, 175.0
104, 428.0, 173.0
105, 634.0, 248.0
106, 540.0, 303.0
107, 221.0, 273.0
108, 594.0, 347.0
109, 243.0, 326.0
110, 291.0, 269.0
111, 540.0, 374.0
112, 427.0, 238.0
113, 558.0, 185.0
114, 220.0, 85.0
115, 557.0, 171.0
116, 398.0, 177.0
117, 717.0, 114.0
118, 225.0, 402.0
119, 272.0, 235.0
120, 586.0, 329.0
121, 426.0, 226.0
122, 234.0, 167.0
123, 172.0, 284.0
124, 79.0, 260.0
125, 511.0, 363.0
126, 648.0, 270.0
127, 543.0, 199.0
128, 677.0, 218.0
129, 547.0, 245.0
130, 269.0, 81.0
131, 528.0, 199.0
132, 237.0, 204.0
133, 536.0, 46.0
134, 676.0, 187.0
135, 300.0, 74.0
136, 318.0, 55.0
137, 383.0, 230.0
138, 163.0, 374.0
139, 236.0, 64.0
140, 622.0, 211.0
141, 644.0, 287.0
142, 605.0, 201.0
143, 108.0, 322.0
144, 145.0, 257.0
145, 716.0, 57.0
146, 165.0, 331.0
147, 460.0, 360.0
148, 462.0, 414.0
149, 542.0, 83.0
150, 295.0, 464.0
151, 640.0, 59.0
152, 628.0, 320.0
153, 215.0, 167.0
154, 468.0, 458.0
155, 453.0, 408.0
156, 350.0, 74.0
157, 184.0, 259.0
158, 261.0, 95.0
159, 442.0, 246.0
160, 405.0, 122.0
161, 475.0, 317.0
162, 214.0, 320.0
163, 87.0, 463.0
164, 260.0, 67.0
165, 286.0, 378.0
166, 445.0, 323.0
167, 589.0, 53.0
168, 143.0, 177.0
169, 166.0, 116.0
170, 505.0, 151.0
171, 555.0, 55.0
172, 475.0, 379.0
173, 245.0, 157.0
174, 218.0, 250.0
175, 499.0, 371.0
176, 507.0, 124.0
177, 453.0, 42.0
178, 553.0, 392.0
179, 452.0, 15.0
180, 530.0, 170.0
181, 556.0, 123.0
182, 704.0, 8.0
183, 273.0, 108.0
184, 207.0, 335.0
185, 560.0, 383.0
186, 634.0, 333.0
187, 105.0, 307.0
188, 222.0, 417.0
189, 45.0, 322.0
190, 11.0, 276.0
191, 255.0, 405.0
192, 522.0, 37.0
193, 497.0, 211.0
194, 45.0, 268.0
195, 614.0, 341.0
196, 414.0, 161.0
197, 502.0, 168.0
198, 58.0, 123.0
199, 88.0, 328.0
200, 532.0, 160.0
201, 63.0, 280.0
202, 623.0, 50.0
203, 494.0, 431.0
204, 489.0, 265.0
205, 82.0, 275.0
206, 466.0, 152.0
207, 276.0, 321.0
208, 571.0, 103.0
209, 461.0, 18.0
210, 219.0, 103.0
211, 736.0, 164.0
212, 182.0, 144.0
213, 672.0, 267.0
214, 486.0, 291.0
215, 39.0, 246.0
216, 59.0, 265.0
217, 287.0, 338.0
218, 544.0, 55.0
219, 276.0, 269.0
220, 567.0, 213.0
221, 119.0, 63.0
222, 41.0, 380.0
223, 599.0, 264.0
224, 437.0, 86.0
225, 407.0, 61.0
226, 633.0, 178.0
227, 548.0, 413.0
228, 390.0, 466.0
229, 640.0, 156.0
230, 223.0, 63.0
231, 222.0, 51.0
232, 174.0, 250.0
233, 144.0, 242.0
234, 587.0, 317.0
235, 237.0, 96.0
236, 222.0, 379.0
237, 368.0, 366.0
238, 249.0, 187.0
239, 62.0, 317.0
240, 272.0, 128.0
241, 586.0, 250.0
242, 29.0, 334.0
243, 203.0, 49.0
244, 99.0, 122.0
245, 455.0, 317.0
246, 75.0, 89.0
247, 575.0, 325.0
248, 472.0, 36.0
249, 556.0, 43.0
250, 104.0, 63.0
251, 395.0, 301.0
252, 470.0, 267.0
253, 240.0, 407.0
254, 482.0, 353.0
255, 421.0, 201.0
256, 599.0, 398.0
257, 285.0, 100.0
258, 40.0, 461.0
259, 437.0, 221.0
260, 149.0, 269.0
261, 176.0, 57.0
262, 422.0, 398.0
263, 632.0, 266.0
264, 181.0, 133.0
265, 660.0, 46.0
266, 464.0, 161.0
267, 694.0, 178.0
268, 690.0, 146.0
269, 538.0, 125.0
270, 485.0, 93.0
271, 123.0, 127.0
272, 16.0, 251.0
273, 256.0, 200.0
274, 661.0, 153.0
275, 202.0, 253.0
276, 235.0, 190.0
277, 659.0, 196.0
278, 583.0, 112.0
279, 690.0, 102.0
280, 379.0, 21.0
281, 497.0, 61.0
282, 675.0, 239.0
283, 192.0, 334.0
284, 574.0, 425.0
285, 456.0, 266.0
286, 733.0, 114.0
287, 728.0, 200.0
288, 461.0, 445.0
289, 245.0, 348.0
290, 238.0, 390.0
291, 257.0, 116.0
292, 515.0, 51.0
293, 398.0, 449.0
294, 270.0, 327.0
295, 275.0, 385.0
296, 738.0, 31.0
297, 489.0, 310.0
298, 538.0, 68.0
299, 211.0, 182.0
300, 493.0, 75.0
301, 26.0, 271.0
302, 265.0, 137.0
303, 512.0, 350.0
304, 211.0, 295.0
305, 435.0, 390.0
306, 559.0, 466.0
307, 573.0, 86.0
308, 480.0, 465.0
309, 651.0, 368.0
310, 269.0, 199.0
311, 54.0, 244.0
312, 172.0, 263.0
313, 236.0, 84.0
314, 101.0, 284.0
315, 80.0, 293.0
316, 672.0, 201.0
317, 582.0, 461.0
318, 251.0, 130.0
319, 244.0, 314.0
320, 496.0, 354.0
321, 373.0, 76.0
322, 394.0, 76.0
323, 682.0, 203.0
324, 268.0, 179.0
325, 561.0, 95.0
326, 292.0, 292.0
327, 578.0, 133.0
328, 202.0, 98.0
329, 483.0, 441.0
330, 484.0, 85.0
331, 475.0, 71.0
332, 305.0, 18.0
333, 285.0, 137.0
334, 255.0, 82.0
335, 45.0, 396.0
336, 210.0, 346.0
337, 588.0, 394.0
338, 98.0, 234.0
339, 402.0, 396.0
340, 143.0, 53.0
341, 411.0, 450.0
342, 464.0, 372.0
343, 295.0, 418.0
344, 701.0, 250.0
345, 711.0, 70.0
346, 180.0, 200.0
347, 729.0, 302.0
348, 517.0, 255.0
349, 555.0, 202.0
350, 426.0, 69.0
351, 66.0, 294.0
352, 409.0, 21.0
353, 568.0, 121.0
354, 179.0, 84.0
355, 288.0, 205.0
356, 606.0, 369.0
357, 418.0, 471.0
358, 270.0, 223.0
359, 586.0, 102.0
360, 33.0, 152.0
361, 565.0, 447.0
362, 163.0, 18.0
363, 46.0, 61.0
364, 104.0, 113.0
365, 577.0, 144.0
366, 284.0, 78.0
367, 451.0, 353.0
368, 245.0, 140.0
369, 591.0, 221.0
370, 471.0, 24.0
371, 196.0, 374.0
372, 711.0, 137.0
373, 604.0, 137.0
374, 216.0, 331.0
375, 669.0, 123.0
376, 731.0, 56.0
377, 157.0, 70.0
378, 720.0, 103.0
379, 202.0, 146.0
380, 289.0, 280.0
381, 61.0, 434.0
382, 476.0, 8.0
383, 663.0, 34.0
384, 104.0, 213.0
385, 210.0, 63.0
386, 127.0, 213.0
387, 600.0, 338.0
388, 236.0, 53.0
389, 288.0, 194.0
390, 625.0, 38.0
391, 253.0, 378.0
392, 357.0, 234.0
393, 258.0, 272.0
394, 179.0, 358.0
395, 382.0, 445.0
396, 725.0, 82.0
397, 627.0, 358.0
398, 445.0, 418.0
399, 544.0, 92.0
400, 735.0, 104.0
401, 562.0, 249.0
402, 602.0, 330.0
403, 743.0, 246.0
404, 709.0, 43.0
405, 594.0, 359.0
406, 727.0, 280.0
407, 29.0, 209.0
408, 103.0, 102.0
409, 413.0, 85.0
410, 483.0, 74.0
411, 617.0, 328.0
412, 475.0, 339.0
413, 526.0, 469.0
414, 381.0, 180.0
415, 260.0, 261.0
416, 531.0, 445.0
417, 626.0, 149.0
418, 124.0, 170.0
419, 618.0, 202.0
420, 448.0, 392.0
421, 510.0, 375.0
422, 588.0, 377.0
423, 176.0, 70.0
424, 48.0, 223.0
425, 285.0, 69.0
426, 183.0, 101.0
427, 360.0, 16.0
428, 698.0, 226.0
429, 541.0, 22.0
430, 550.0, 222.0
431, 578.0, 363.0
432, 592.0, 459.0
433, 736.0, 219.0
434, 499.0, 14.0
435, 696.0, 69.0
436, 138.0, 342.0
437, 636.0, 323.0
438, 236.0, 305.0
439, 193.0, 344.0
440, 79.0, 217.0
441, 235.0, 455.0
442, 279.0, 186.0
443, 164.0, 389.0
444, 622.0, 306.0
445, 34.0, 287.0
446, 46.0, 89.0
447, 510.0, 89.0
448, 649.0, 112.0
449, 309.0, 278.0
450, 398.0, 40.0
451, 413.0, 366.0
452, 500.0, 339.0
453, 98.0, 455.0
454, 132.0, 170.0
455, 445.0, 359.0
456, 201.0, 112.0
457, 562.0, 151.0
458, 731.0, 69.0
459, 475.0, 307.0
460, 187.0, 58.0
461, 394.0, 272.0
462, 367.0, 228.0
463, 193.0, 129.0
464, 672.0, 294.0
465, 236.0, 279.0
466, 41.0, 40.0
467, 590.0, 42.0
468, 406.0, 412.0
469, 414.0, 96.0
470, 652.0, 306.0
471, 228.0, 330.0
472, 323.0, 367.0
473, 691.0, 137.0
474, 199.0, 397.0
475, 606.0, 154.0
476, 617.0, 227.0
477, 286.0, 151.0
478, 448.0, 194.0
479, 234.0, 110.0
480, 507.0, 255.0
481, 299.0, 176.0
482, 531.0, 380.0
483, 557.0, 288.0
484, 545.0, 469.0
485, 284.0, 172.0
486, 524.0, 270.0
487, 533.0, 322.0
488, 701.0, 216.0
489, 228.0, 119.0
490, 282.0, 229.0
491, 120.0, 403.0
492, 566.0, 341.0
493, 392.0, 24.0
494, 685.0, 158.0
495, 334.0, 42.0
496, 543.0, 284.0
497, 458.0, 389.0
498, 448.0, 436.0
499, 478.0, 434.0
