0, 321.0, 357.0
1, 314.0, 434.0
2, 366.0, 284.0
3, 564.0, 238.0
4, 528.0, 253.0
5, 136.0, 124.0
6, 648.0, 179.0
7, 515.0, 28.0
8, 544.0, 225.0
9, 477.0, 256.0
10, 356.0, 60.0
11, 297.0, 398.0
12, 155.0, 137.0
13, 247.0, 153.0
14, 453.0, 289.0
15, 214.0, 374.0
16, 328.0, 320.0
17, 177.0, 286.0
18, 109.0, 179.0
19, 428.0, 357.0
20, 447.0, 28.0
21, 111.0, 248.0
22, 317.0, 423.0
23, 238.0, 160.0
24, 409.0, 33.0
25, 370.0, 305.0
26, 429.0, 261.0
27, 147.0, 78.0
28, 480.0, 245.0
29, 575.0, 89.0
30, 442.0, 312.0
31, 449.0, 264.0
32, 178.0, 143.0
33, 368.0, 420.0
34, 144.0, 194.0
35, 135.0, 431.0
36, 144.0, 218.0
37, 403.0, 288.0
38, 607.0, 40.0
39, 251.0, 320.0
40, 430.0, 89.0
41, 515.0, 151.0
42, 450.0, 201.0
43, 117.0, 68.0
44, 60.0, 67.0
45, 730.0, 190.0
46, 346.0, 136.0
47, 508.0, 126.0
48, 282.0, 112.0
49, 181.0, 398.0
50, 327.0, 310.0
51, 126.0, 313.0
52, 265.0, 120.0
53, 387.0, 239.0
54, 85.0, 98.0
55, 401.0, 305.0
56, 306.0, 384.0
57, 458.0, 250.0
58, 312.0, 138.0
59, 100.0, 251.0
60, 353.0, 16.0
61, 438.0, 396.0
62, 404.0, 275.0
63, 77.0, 437.0
64, 479.0, 268.0
65, 96.0, 432.0
66, 358.0, 258.0
67, 500.0, 387.0
68, 479.0, 279.0
69, 67.0, 139.0
70, 475.0, 129.0
71, 290.0, 46.0
72, 112.0, 122.0
73, 468.0, 257.0
74, 140.0, 185.0
75, 434.0, 411.0
76, 417.0, 435.0
77, 366.0, 114.0
78, 576.0, 216.0
79, 551.0, 98.0
80, 413.0, 243.0
81, 443.0, 298.0
82, 74.0, 205.0
83, 539.0, 164.0
84, 428.0, 234.0
85, 325.0, 114.0
86, 116.0, 304.0
87, 467.0, 230.0
88, 411.0, 338.0
89, 356.0, 435.0
90, 680.0, 441.0
91, 555.0, 78.0
92, 262.0, 438.0
93, 493.0, 245.0
94, 164.0, 287.0
95, 557.0, 135.0
96, 466.0, 281.0
97, 727.0, 266.0
98, 332.0, 23.0
99, 151.0, 273.0
100, 511.0, 65.0
101, 577.0, 170.0
102, 69.0, 387.0
103, 689.0, 121.0
104, 609.0, 185.0
105, 627.0, 205.0
106, 141.0, 228.0
107, 573.0, 296.0
108, 119.0, 290.0
109, 407.0, 252.0
110, 609.0, 205.0
111, 493.0, 132.0
112, 644.0, 190.0
113, 152.0, 116.0
114, 562.0, 259.0
115, 382.0, 420.0
116, 329.0, 409.0
117, 99.0, 100.0
118, 97.0, 147.0
119, 328.0, 468.0
120, 114.0, 264.0
121, 298.0, 65.0
122, 480.0, 418.0
123, 621.0, 175.0
124, 44.0, 140.0
125, 376.0, 147.0
126, 10.0, 449.0
127, 386.0, 275.0
128, 266.0, 342.0
129, 190.0, 282.0
130, 397.0, 347.0
131, 545.0, 134.0
132, 410.0, 14.0
133, 145.0, 450.0
134, 383.0, 162.0
135, 267.0, 411.0
136, 27.0, 103.0
137, 92.0, 57.0
138, 461.0, 417.0
139, 310.0, 108.0
140, 620.0, 186.0
141, 91.0, 423.0
142, 106.0, 161.0
143, 423.0, 45.0
144, 332.0, 136.0
145, 478.0, 429.0
146, 675.0, 90.0
147, 159.0, 199.0
148, 187.0, 410.0
149, 163.0, 351.0
150, 512.0, 54.0
151, 307.0, 317.0
152, 365.0, 273.0
153, 369.0, 139.0
154, 384.0, 302.0
155, 688.0, 184.0
156, 229.0, 75.0
157, 459.0, 28.0
158, 445.0, 282.0
159, 612.0, 175.0
160, 461.0, 219.0
161, 555.0, 125.0
162, 88.0, 242.0
163, 303.0, 435.0
164, 127.0, 207.0
165, 340.0, 298.0
166, 271.0, 87.0
167, 449.0, 212.0
168, 196.0, 349.0
169, 457.0, 458.0
170, 289.0, 99.0
171, 291.0, 122.0
172, 464.0, 291.0
173, 366.0, 262.0
174, 96.0, 192.0
175, 435.0, 209.0
176, 398.0, 439.0
177, 285.0, 283.0
178, 229.0, 104.0
179, 462.0, 360.0
180, 83.0, 84.0
181, 308.0, 51.0
182, 642.0, 199.0
183, 344.0, 463.0
184, 377.0, 134.0
185, 210.0, 341.0
186, 494.0, 375.0
187, 9.0, 460.0
188, 132.0, 457.0
189, 478.0, 170.0
190, 694.0, 356.0
191, 41.0, 52.0
192, 402.0, 141.0
193, 346.0, 122.0
194, 463.0, 407.0
195, 409.0, 381.0
196, 424.0, 216.0
197, 367.0, 249.0
198, 88.0, 175.0
199, 484.0, 443.0
200, 447.0, 385.0
201, 192.0, 306.0
202, 434.0, 8.0
203, 219.0, 352.0
204, 453.0, 404.0
205, 587.0, 315.0
206, 632.0, 177.0
207, 481.0, 228.0
208, 383.0, 348.0
209, 58.0, 410.0
210, 420.0, 10.0
211, 449.0, 249.0
212, 565.0, 249.0
213, 294.0, 311.0
214, 518.0, 91.0
215, 293.0, 330.0
216, 726.0, 202.0
217, 486.0, 197.0
218, 73.0, 72.0
219, 382.0, 434.0
220, 333.0, 150.0
221, 174.0, 448.0
222, 331.0, 250.0
223, 529.0, 173.0
224, 161.0, 215.0
225, 109.0, 437.0
226, 467.0, 196.0
227, 179.0, 342.0
228, 407.0, 229.0
229, 178.0, 299.0
230, 604.0, 257.0
231, 535.0, 410.0
232, 88.0, 159.0
233, 639.0, 89.0
234, 447.0, 233.0
235, 412.0, 165.0
236, 137.0, 154.0
237, 355.0, 105.0
238, 9.0, 49.0
239, 390.0, 124.0
240, 431.0, 282.0
241, 372.0, 17.0
242, 450.0, 190.0
243, 187.0, 159.0
244, 128.0, 221.0
245, 413.0, 109.0
246, 99.0, 403.0
247, 492.0, 115.0
248, 361.0, 164.0
249, 329.0, 94.0
250, 503.0, 159.0
251, 64.0, 248.0
252, 591.0, 297.0
253, 182.0, 366.0
254, 611.0, 58.0
255, 334.0, 179.0
256, 527.0, 46.0
257, 436.0, 190.0
258, 501.0, 183.0
259, 60.0, 95.0
260, 350.0, 240.0
261, 466.0, 81.0
262, 390.0, 206.0
263, 519.0, 250.0
264, 198.0, 440.0
265, 424.0, 161.0
266, 708.0, 315.0
267, 194.0, 320.0
268, 467.0, 243.0
269, 42.0, 420.0
270, 208.0, 400.0
271, 168.0, 377.0
272, 502.0, 169.0
273, 723.0, 213.0
274, 191.0, 293.0
275, 57.0, 53.0
276, 424.0, 367.0
277, 527.0, 230.0
278, 205.0, 292.0
279, 672.0, 212.0
280, 110.0, 464.0
281, 290.0, 138.0
282, 278.0, 121.0
283, 610.0, 91.0
284, 416.0, 305.0
285, 403.0, 88.0
286, 342.0, 404.0
287, 474.0, 213.0
288, 318.0, 255.0
289, 527.0, 417.0
290, 211.0, 449.0
291, 426.0, 324.0
292, 719.0, 408.0
293, 295.0, 467.0
294, 263.0, 97.0
295, 382.0, 66.0
296, 415.0, 421.0
297, 490.0, 156.0
298, 132.0, 115.0
299, 514.0, 445.0
300, 702.0, 174.0
301, 341.0, 336.0
302, 654.0, 103.0
303, 151.0, 283.0
304, 461.0, 439.0
305, 513.0, 221.0
306, 464.0, 205.0
307, 522.0, 196.0
308, 584.0, 252.0
309, 604.0, 427.0
310, 11.0, 63.0
311, 374.0, 288.0
312, 110.0, 236.0
313, 25.0, 443.0
314, 35.0, 221.0
315, 574.0, 181.0
316, 138.0, 370.0
317, 574.0, 102.0
318, 105.0, 115.0
319, 398.0, 337.0
320, 674.0, 104.0
321, 624.0, 39.0
322, 338.0, 440.0
323, 696.0, 105.0
324, 374.0, 232.0
325, 470.0, 469.0
326, 280.0, 402.0
327, 490.0, 257.0
328, 660.0, 449.0
329, 309.0, 118.0
330, 80.0, 395.0
331, 338.0, 10.0
332, 436.0, 344.0
333, 361.0, 382.0
334, 97.0, 335.0
335, 126.0, 445.0
336, 683.0, 466.0
337, 128.0, 88.0
338, 491.0, 387.0
339, 524.0, 187.0
340, 124.0, 186.0
341, 603.0, 267.0
342, 85.0, 35.0
343, 305.0, 335.0
344, 494.0, 215.0
345, 594.0, 248.0
346, 132.0, 256.0
347, 330.0, 392.0
348, 332.0, 239.0
349, 88.0, 66.0
350, 307.0, 403.0
351, 619.0, 194.0
352, 405.0, 401.0
353, 590.0, 204.0
354, 463.0, 184.0
355, 172.0, 224.0
356, 740.0, 401.0
357, 130.0, 381.0
358, 94.0, 269.0
359, 123.0, 374.0
360, 433.0, 30.0
361, 542.0, 110.0
362, 26.0, 242.0
363, 396.0, 244.0
364, 83.0, 115.0
365, 217.0, 152.0
366, 183.0, 207.0
367, 383.0, 28.0
368, 500.0, 192.0
369, 717.0, 138.0
370, 494.0, 434.0
371, 411.0, 46.0
372, 264.0, 138.0
373, 136.0, 136.0
374, 74.0, 97.0
375, 360.0, 238.0
376, 330.0, 372.0
377, 158.0, 470.0
378, 647.0, 228.0
379, 326.0, 344.0
380, 362.0, 146.0
381, 587.0, 122.0
382, 538.0, 398.0
383, 294.0, 150.0
384, 282.0, 321.0
385, 385.0, 287.0
386, 25.0, 257.0
387, 297.0, 421.0
388, 79.0, 214.0
389, 731.0, 38.0
390, 575.0, 306.0
391, 354.0, 29.0
392, 535.0, 201.0
393, 346.0, 421.0
394, 293.0, 265.0
395, 662.0, 129.0
396, 387.0, 403.0
397, 227.0, 86.0
398, 734.0, 98.0
399, 244.0, 123.0
400, 551.0, 255.0
401, 18.0, 357.0
402, 329.0, 293.0
403, 502.0, 23.0
404, 357.0, 49.0
405, 504.0, 149.0
406, 685.0, 196.0
407, 259.0, 35.0
408, 374.0, 161.0
409, 624.0, 124.0
410, 585.0, 16.0
411, 542.0, 241.0
412, 397.0, 34.0
413, 42.0, 409.0
414, 646.0, 126.0
415, 248.0, 283.0
416, 255.0, 194.0
417, 415.0, 140.0
418, 317.0, 404.0
419, 481.0, 380.0
420, 624.0, 242.0
421, 507.0, 188.0
422, 621.0, 150.0
423, 133.0, 416.0
424, 424.0, 33.0
425, 147.0, 174.0
426, 655.0, 296.0
427, 672.0, 323.0
428, 460.0, 306.0
429, 607.0, 78.0
430, 14.0, 406.0
431, 457.0, 146.0
432, 529.0, 20.0
433, 123.0, 154.0
434, 633.0, 189.0
435, 517.0, 272.0
436, 651.0, 168.0
437, 68.0, 151.0
438, 717.0, 90.0
439, 534.0, 292.0
440, 549.0, 203.0
441, 376.0, 123.0
442, 365.0, 21.0
443, 276.0, 157.0
444, 148.0, 381.0
445, 503.0, 204.0
446, 361.0, 203.0
447, 686.0, 315.0
448, 531.0, 164.0
449, 236.0, 348.0
450, 601.0, 90.0
451, 338.0, 282.0
452, 118.0, 334.0
453, 506.0, 406.0
454, 253.0, 467.0
455, 288.0, 444.0
456, 194.0, 370.0
457, 287.0, 292.0
458, 437.0, 247.0
459, 143.0, 353.0
460, 291.0, 30.0
461, 11.0, 215.0
462, 133.0, 403.0
463, 442.0, 415.0
464, 416.0, 97.0
465, 87.0, 382.0
466, 486.0, 324.0
467, 385.0, 250.0
468, 530.0, 341.0
469, 109.0, 86.0
470, 578.0, 242.0
471, 393.0, 256.0
472, 512.0, 38.0
473, 447.0, 330.0
474, 551.0, 244.0
475, 148.0, 64.0
476, 536.0, 155.0
477, 229.0, 141.0
478, 321.0, 458.0
479, 266.0, 388.0
480, 636.0, 165.0
481, 483.0, 187.0
482, 537.0, 174.0
483, 50.0, 159.0
484, 73.0, 289.0
485, 279.0, 459.0
486, 47.0, 462.0
487, 40.0, 80.0
488, 207.0, 346.0
489, 441.0, 454.0
490, 230.0, 364.0
491, 187.0, 126.0
492, 583.0, 288.0
493, 375.0, 279.0
494, 199.0, 460.0
495, 508.0, 136.0
496, 19.0, 376.0
497, 251.0, 138.0
498, 206.0, 464.0
499, 576.0, 283.0
