0, 270.0, 337.0
1, 298.0, 274.0
2, 499.0, 303.0
3, 499.0, 363.0
4, 83.0, 384.0
5, 414.0, 156.0
6, 437.0, 393.0
7, 184.0, 333.0
8, 107.0, 173.0
9, 630.0, 365.0
10, 415.0, 137.0
11, 213.0, 48.0
12, 348.0, 354.0
13, 509.0, 421.0
14, 412.0, 325.0
15, 210.0, 67.0
16, 299.0, 310.0
17, 78.0, 353.0
18, 298.0, 417.0
19, 164.0, 254.0
20, 551.0, 82.0
21, 507.0, 390.0
22, 237.0, 313.0
23, 222.0, 333.0
24, 329.0, 308.0
25, 552.0, 421.0
26, 238.0, 166.0
27, 513.0, 279.0
28, 503.0, 184.0
29, 268.0, 329.0
30, 524.0, 249.0
31, 456.0, 307.0
32, 162.0, 99.0
33, 319.0, 324.0
34, 546.0, 177.0
35, 271.0, 352.0
36, 522.0, 392.0
37, 656.0, 293.0
38, 383.0, 400.0
39, 414.0, 447.0
40, 503.0, 443.0
41, 483.0, 259.0
42, 281.0, 237.0
43, 183.0, 72.0
44, 135.0, 179.0
45, 194.0, 311.0
46, 334.0, 152.0
47, 352.0, 110.0
48, 196.0, 62.0
49, 617.0, 362.0
50, 519.0, 346.0
51, 473.0, 416.0
52, 427.0, 407.0
53, 259.0, 376.0
54, 194.0, 325.0
55, 131.0, 127.0
56, 393.0, 176.0
57, 496.0, 419.0
58, 558.0, 269.0
59, 222.0, 298.0
60, 213.0, 116.0
61, 367.0, 358.0
62, 520.0, 163.0
63, 215.0, 195.0
64, 334.0, 135.0
65, 659.0, 324.0
66, 188.0, 41.0
67, 640.0, 322.0
68, 200.0, 45.0
69, 203.0, 166.0
70, 176.0, 378.0
71, 400.0, 354.0
72, 173.0, 344.0
73, 460.0, 360.0
74, 239.0, 183.0
75, 221.0, 367.0
76, 613.0, 465.0
77, 504.0, 175.0
78, 512.0, 293.0
79, 149.0, 87.0
80, 319.0, 182.0
81, 510.0, 143.0
82, 59.0, 375.0
83, 262.0, 264.0
84, 149.0, 205.0
85, 228.0, 146.0
86, 384.0, 346.0
87, 501.0, 456.0
88, 306.0, 386.0
89, 283.0, 272.0
90, 413.0, 388.0
91, 144.0, 13.0
92, 679.0, 296.0
93, 738.0, 322.0
94, 262.0, 230.0
95, 248.0, 316.0
96, 351.0, 153.0
97, 501.0, 344.0
98, 351.0, 135.0
99, 390.0, 23.0
100, 241.0, 380.0
101, 299.0, 295.0
102, 693.0, 298.0
103, 428.0, 282.0
104, 401.0, 291.0
105, 568.0, 147.0
106, 425.0, 357.0
107, 623.0, 162.0
108, 149.0, 217.0
109, 716.0, 292.0
110, 396.0, 411.0
111, 535.0, 164.0
112, 226.0, 183.0
113, 226.0, 222.0
114, 404.0, 280.0
115, 352.0, 85.0
116, 204.0, 127.0
117, 286.0, 254.0
118, 81.0, 371.0
119, 553.0, 144.0
120, 335.0, 85.0
121, 411.0, 398.0
122, 261.0, 210.0
123, 555.0, 282.0
124, 417.0, 112.0
125, 410.0, 376.0
126, 225.0, 242.0
127, 438.0, 318.0
128, 652.0, 347.0
129, 88.0, 415.0
130, 61.0, 333.0
131, 305.0, 183.0
132, 42.0, 173.0
133, 203.0, 116.0
134, 145.0, 24.0
135, 660.0, 359.0
136, 572.0, 119.0
137, 493.0, 373.0
138, 60.0, 353.0
139, 184.0, 127.0
140, 199.0, 413.0
141, 155.0, 50.0
142, 583.0, 449.0
143, 410.0, 408.0
144, 353.0, 326.0
145, 484.0, 317.0
146, 313.0, 309.0
147, 157.0, 16.0
148, 441.0, 403.0
149, 211.0, 330.0
150, 541.0, 426.0
151, 699.0, 372.0
152, 176.0, 82.0
153, 691.0, 45.0
154, 432.0, 139.0
155, 133.0, 20.0
156, 718.0, 375.0
157, 176.0, 34.0
158, 444.0, 343.0
159, 181.0, 114.0
160, 141.0, 64.0
161, 163.0, 349.0
162, 431.0, 157.0
163, 523.0, 143.0
164, 414.0, 314.0
165, 123.0, 256.0
166, 253.0, 201.0
167, 36.0, 136.0
168, 475.0, 76.0
169, 514.0, 249.0
170, 717.0, 214.0
171, 39.0, 155.0
172, 500.0, 291.0
173, 102.0, 155.0
174, 166.0, 183.0
175, 102.0, 26.0
176, 332.0, 453.0
177, 89.0, 94.0
178, 205.0, 364.0
179, 247.0, 228.0
180, 318.0, 170.0
181, 336.0, 30.0
182, 550.0, 165.0
183, 697.0, 333.0
184, 482.0, 330.0
185, 334.0, 111.0
186, 454.0, 325.0
187, 354.0, 30.0
188, 158.0, 28.0
189, 393.0, 329.0
190, 191.0, 115.0
191, 384.0, 413.0
192, 462.0, 432.0
193, 592.0, 119.0
194, 413.0, 462.0
195, 426.0, 170.0
196, 587.0, 147.0
197, 75.0, 320.0
198, 494.0, 352.0
199, 316.0, 360.0
200, 321.0, 192.0
201, 245.0, 302.0
202, 385.0, 203.0
203, 283.0, 110.0
204, 684.0, 120.0
205, 561.0, 244.0
206, 500.0, 283.0
207, 166.0, 362.0
208, 640.0, 307.0
209, 155.0, 74.0
210, 76.0, 425.0
211, 457.0, 380.0
212, 704.0, 54.0
213, 371.0, 12.0
214, 399.0, 380.0
215, 430.0, 343.0
216, 565.0, 168.0
217, 682.0, 366.0
218, 600.0, 190.0
219, 427.0, 463.0
220, 213.0, 106.0
221, 710.0, 91.0
222, 690.0, 95.0
223, 305.0, 198.0
224, 280.0, 347.0
225, 395.0, 428.0
226, 106.0, 131.0
227, 175.0, 165.0
228, 202.0, 105.0
229, 286.0, 382.0
230, 185.0, 56.0
231, 248.0, 238.0
232, 166.0, 70.0
233, 579.0, 78.0
234, 419.0, 436.0
235, 181.0, 423.0
236, 74.0, 332.0
237, 267.0, 132.0
238, 64.0, 155.0
239, 303.0, 332.0
240, 482.0, 373.0
241, 49.0, 305.0
242, 142.0, 127.0
243, 104.0, 86.0
244, 533.0, 398.0
245, 671.0, 174.0
246, 193.0, 126.0
247, 466.0, 272.0
248, 609.0, 89.0
249, 73.0, 400.0
250, 484.0, 445.0
251, 705.0, 223.0
252, 680.0, 210.0
253, 678.0, 150.0
254, 533.0, 116.0
255, 522.0, 267.0
256, 468.0, 454.0
257, 287.0, 297.0
258, 417.0, 31.0
259, 274.0, 396.0
260, 213.0, 128.0
261, 369.0, 396.0
262, 171.0, 289.0
263, 188.0, 24.0
264, 379.0, 377.0
265, 139.0, 102.0
266, 202.0, 84.0
267, 683.0, 33.0
268, 531.0, 379.0
269, 539.0, 228.0
270, 66.0, 171.0
271, 577.0, 90.0
272, 457.0, 296.0
273, 85.0, 155.0
274, 336.0, 15.0
275, 290.0, 195.0
276, 707.0, 354.0
277, 205.0, 274.0
278, 681.0, 69.0
279, 233.0, 389.0
280, 294.0, 170.0
281, 441.0, 269.0
282, 433.0, 193.0
283, 672.0, 99.0
284, 209.0, 345.0
285, 210.0, 96.0
286, 521.0, 430.0
287, 413.0, 170.0
288, 385.0, 388.0
289, 699.0, 277.0
290, 37.0, 197.0
291, 35.0, 446.0
292, 266.0, 108.0
293, 202.0, 251.0
294, 338.0, 183.0
295, 247.0, 366.0
296, 537.0, 280.0
297, 519.0, 378.0
298, 61.0, 55.0
299, 417.0, 86.0
300, 148.0, 185.0
301, 290.0, 363.0
302, 642.0, 356.0
303, 665.0, 192.0
304, 367.0, 433.0
305, 317.0, 202.0
306, 228.0, 67.0
307, 534.0, 143.0
308, 545.0, 434.0
309, 234.0, 448.0
310, 315.0, 372.0
311, 732.0, 417.0
312, 49.0, 323.0
313, 270.0, 450.0
314, 299.0, 285.0
315, 108.0, 164.0
316, 584.0, 169.0
317, 471.0, 235.0
318, 487.0, 234.0
319, 514.0, 116.0
320, 708.0, 243.0
321, 560.0, 89.0
322, 431.0, 222.0
323, 240.0, 430.0
324, 240.0, 254.0
325, 529.0, 349.0
326, 690.0, 236.0
327, 65.0, 207.0
328, 508.0, 374.0
329, 313.0, 279.0
330, 265.0, 293.0
331, 422.0, 393.0
332, 215.0, 145.0
333, 347.0, 468.0
334, 281.0, 220.0
335, 507.0, 161.0
336, 724.0, 330.0
337, 540.0, 442.0
338, 189.0, 204.0
339, 384.0, 356.0
340, 186.0, 274.0
341, 443.0, 356.0
342, 727.0, 434.0
343, 187.0, 183.0
344, 358.0, 345.0
345, 738.0, 458.0
346, 227.0, 197.0
347, 255.0, 182.0
348, 522.0, 402.0
349, 240.0, 207.0
350, 231.0, 90.0
351, 126.0, 169.0
352, 557.0, 117.0
353, 510.0, 314.0
354, 487.0, 356.0
355, 94.0, 59.0
356, 635.0, 331.0
357, 115.0, 96.0
358, 454.0, 345.0
359, 666.0, 272.0
360, 132.0, 188.0
361, 199.0, 11.0
362, 392.0, 184.0
363, 172.0, 126.0
364, 192.0, 362.0
365, 506.0, 408.0
366, 295.0, 212.0
367, 349.0, 164.0
368, 305.0, 171.0
369, 274.0, 294.0
370, 306.0, 212.0
371, 22.0, 249.0
372, 285.0, 179.0
373, 290.0, 338.0
374, 267.0, 149.0
375, 487.0, 224.0
376, 630.0, 354.0
377, 435.0, 114.0
378, 26.0, 105.0
379, 214.0, 88.0
380, 160.0, 127.0
381, 206.0, 145.0
382, 172.0, 229.0
383, 377.0, 452.0
384, 79.0, 27.0
385, 172.0, 320.0
386, 463.0, 470.0
387, 532.0, 434.0
388, 120.0, 126.0
389, 229.0, 470.0
390, 204.0, 199.0
391, 187.0, 92.0
392, 477.0, 362.0
393, 254.0, 288.0
394, 79.0, 463.0
395, 450.0, 285.0
396, 341.0, 201.0
397, 737.0, 391.0
398, 231.0, 272.0
399, 516.0, 209.0
400, 329.0, 391.0
401, 123.0, 67.0
402, 486.0, 343.0
403, 234.0, 234.0
404, 181.0, 448.0
405, 172.0, 102.0
406, 53.0, 275.0
407, 74.0, 189.0
408, 403.0, 28.0
409, 648.0, 224.0
410, 192.0, 237.0
411, 514.0, 262.0
412, 628.0, 452.0
413, 528.0, 294.0
414, 434.0, 327.0
415, 259.0, 278.0
416, 68.0, 389.0
417, 68.0, 239.0
418, 615.0, 377.0
419, 639.0, 90.0
420, 220.0, 207.0
421, 736.0, 377.0
422, 329.0, 171.0
423, 738.0, 92.0
424, 234.0, 337.0
425, 45.0, 452.0
426, 277.0, 192.0
427, 614.0, 190.0
428, 93.0, 143.0
429, 254.0, 389.0
430, 606.0, 226.0
431, 291.0, 84.0
432, 225.0, 348.0
433, 429.0, 263.0
434, 451.0, 411.0
435, 18.0, 153.0
436, 389.0, 445.0
437, 694.0, 34.0
438, 437.0, 86.0
439, 315.0, 246.0
440, 318.0, 406.0
441, 30.0, 25.0
442, 496.0, 254.0
443, 349.0, 278.0
444, 455.0, 396.0
445, 199.0, 339.0
446, 381.0, 429.0
447, 192.0, 194.0
448, 123.0, 48.0
449, 514.0, 225.0
450, 245.0, 246.0
451, 626.0, 148.0
452, 400.0, 321.0
453, 663.0, 336.0
454, 29.0, 164.0
455, 376.0, 439.0
456, 298.0, 263.0
457, 349.0, 16.0
458, 452.0, 199.0
459, 271.0, 252.0
460, 720.0, 177.0
461, 122.0, 278.0
462, 516.0, 236.0
463, 509.0, 346.0
464, 427.0, 305.0
465, 503.0, 238.0
466, 127.0, 99.0
467, 25.0, 187.0
468, 230.0, 434.0
469, 46.0, 126.0
470, 652.0, 307.0
471, 729.0, 401.0
472, 583.0, 204.0
473, 418.0, 267.0
474, 366.0, 445.0
475, 627.0, 206.0
476, 266.0, 84.0
477, 424.0, 375.0
478, 607.0, 360.0
479, 529.0, 458.0
480, 132.0, 240.0
481, 166.0, 271.0
482, 265.0, 160.0
483, 63.0, 38.0
484, 636.0, 345.0
485, 143.0, 306.0
486, 533.0, 331.0
487, 266.0, 25.0
488, 510.0, 328.0
489, 549.0, 444.0
490, 585.0, 314.0
491, 219.0, 452.0
492, 192.0, 343.0
493, 259.0, 448.0
494, 464.0, 340.0
495, 382.0, 257.0
496, 275.0, 265.0
497, 29.0, 9.0
498, 518.0, 185.0
499, 76.0, 197.0
