0, 320.0, 62.0
1, 498.0, 79.0
2, 254.0, 63.0
3, 295.0, 64.0
4, 339.0, 142.0
5, 252.0, 33.0
6, 523.0, 68.0
7, 699.0, 153.0
8, 65.0, 161.0
9, 497.0, 93.0
10, 297.0, 227.0
11, 322.0, 162.0
12, 588.0, 292.0
13, 570.0, 131.0
14, 414.0, 57.0
15, 336.0, 63.0
16, 28.0, 120.0
17, 431.0, 92.0
18, 419.0, 90.0
19, 243.0, 51.0
20, 120.0, 164.0
21, 476.0, 77.0
22, 558.0, 133.0
23, 187.0, 44.0
24, 672.0, 47.0
25, 703.0, 99.0
26, 543.0, 122.0
27, 515.0, 22.0
28, 506.0, 44.0
29, 471.0, 154.0
30, 480.0, 62.0
31, 51.0, 142.0
32, 674.0, 31.0
33, 370.0, 88.0
34, 673.0, 57.0
35, 401.0, 77.0
36, 617.0, 135.0
37, 418.0, 123.0
38, 172.0, 40.0
39, 334.0, 87.0
40, 194.0, 21.0
41, 62.0, 71.0
42, 697.0, 163.0
43, 125.0, 109.0
44, 553.0, 38.0
45, 419.0, 203.0
46, 406.0, 212.0
47, 287.0, 239.0
48, 459.0, 143.0
49, 152.0, 19.0
50, 373.0, 142.0
51, 128.0, 17.0
52, 378.0, 82.0
53, 145.0, 69.0
54, 45.0, 129.0
55, 219.0, 153.0
56, 123.0, 58.0
57, 391.0, 68.0
58, 204.0, 45.0
59, 82.0, 114.0
60, 712.0, 183.0
61, 528.0, 181.0
62, 46.0, 67.0
63, 331.0, 118.0
64, 283.0, 41.0
65, 161.0, 71.0
66, 421.0, 105.0
67, 669.0, 141.0
68, 450.0, 134.0
69, 366.0, 26.0
70, 310.0, 60.0
71, 701.0, 200.0
72, 390.0, 19.0
73, 536.0, 96.0
74, 210.0, 51.0
75, 397.0, 114.0
76, 120.0, 27.0
77, 467.0, 57.0
78, 165.0, 52.0
79, 139.0, 38.0
80, 342.0, 130.0
81, 475.0, 93.0
82, 237.0, 41.0
83, 217.0, 83.0
84, 584.0, 35.0
85, 109.0, 147.0
86, 541.0, 136.0
87, 198.0, 63.0
88, 239.0, 25.0
89, 89.0, 167.0
90, 331.0, 17.0
91, 582.0, 61.0
92, 394.0, 213.0
93, 409.0, 114.0
94, 372.0, 105.0
95, 106.0, 154.0
96, 440.0, 53.0
97, 247.0, 157.0
98, 601.0, 31.0
99, 302.0, 22.0
100, 85.0, 136.0
101, 490.0, 116.0
102, 410.0, 69.0
103, 189.0, 57.0
104, 373.0, 58.0
105, 140.0, 93.0
106, 439.0, 144.0
107, 655.0, 141.0
108, 621.0, 42.0
109, 418.0, 47.0
110, 510.0, 127.0
111, 401.0, 97.0
112, 740.0, 76.0
113, 441.0, 123.0
114, 62.0, 148.0
115, 41.0, 91.0
116, 484.0, 83.0
117, 502.0, 140.0
118, 211.0, 133.0
119, 237.0, 151.0
120, 378.0, 74.0
121, 135.0, 166.0
122, 16.0, 123.0
123, 184.0, 35.0
124, 319.0, 20.0
125, 468.0, 110.0
126, 584.0, 158.0
127, 522.0, 138.0
128, 595.0, 279.0
129, 364.0, 149.0
130, 122.0, 48.0
131, 55.0, 54.0
132, 586.0, 106.0
133, 267.0, 31.0
134, 433.0, 28.0
135, 251.0, 139.0
136, 505.0, 54.0
137, 243.0, 63.0
138, 571.0, 15.0
139, 443.0, 77.0
140, 513.0, 181.0
141, 397.0, 132.0
142, 585.0, 12.0
143, 714.0, 86.0
144, 684.0, 161.0
145, 370.0, 67.0
146, 677.0, 82.0
147, 36.0, 159.0
148, 184.0, 111.0
149, 154.0, 133.0
150, 116.0, 140.0
151, 634.0, 141.0
152, 680.0, 66.0
153, 222.0, 142.0
154, 603.0, 110.0
155, 153.0, 164.0
156, 316.0, 142.0
157, 305.0, 137.0
158, 392.0, 54.0
159, 134.0, 139.0
160, 94.0, 145.0
161, 455.0, 94.0
162, 688.0, 217.0
163, 322.0, 88.0
164, 602.0, 127.0
165, 634.0, 84.0
166, 367.0, 13.0
167, 456.0, 66.0
168, 312.0, 152.0
169, 502.0, 65.0
170, 568.0, 86.0
171, 432.0, 106.0
172, 84.0, 226.0
173, 585.0, 149.0
174, 344.0, 95.0
175, 548.0, 96.0
176, 416.0, 144.0
177, 653.0, 65.0
178, 110.0, 56.0
179, 463.0, 128.0
180, 216.0, 121.0
181, 605.0, 22.0
182, 320.0, 73.0
183, 456.0, 76.0
184, 162.0, 140.0
185, 556.0, 20.0
186, 319.0, 11.0
187, 513.0, 75.0
188, 541.0, 306.0
189, 198.0, 111.0
190, 659.0, 128.0
191, 111.0, 128.0
192, 556.0, 163.0
193, 220.0, 193.0
194, 102.0, 131.0
195, 652.0, 156.0
196, 660.0, 212.0
197, 511.0, 94.0
198, 310.0, 21.0
199, 436.0, 37.0
200, 729.0, 383.0
201, 613.0, 152.0
202, 144.0, 136.0
203, 374.0, 50.0
204, 680.0, 177.0
205, 577.0, 140.0
206, 496.0, 339.0
207, 659.0, 192.0
208, 372.0, 124.0
209, 364.0, 137.0
210, 718.0, 66.0
211, 27.0, 82.0
212, 260.0, 186.0
213, 475.0, 121.0
214, 420.0, 72.0
215, 441.0, 91.0
216, 307.0, 45.0
217, 482.0, 105.0
218, 18.0, 43.0
219, 386.0, 159.0
220, 407.0, 89.0
221, 95.0, 38.0
222, 92.0, 121.0
223, 80.0, 85.0
224, 338.0, 297.0
225, 650.0, 123.0
226, 437.0, 11.0
227, 208.0, 149.0
228, 720.0, 121.0
229, 389.0, 113.0
230, 313.0, 180.0
231, 653.0, 76.0
232, 304.0, 179.0
233, 516.0, 322.0
234, 431.0, 115.0
235, 431.0, 122.0
236, 582.0, 340.0
237, 143.0, 50.0
238, 478.0, 141.0
239, 275.0, 175.0
240, 201.0, 88.0
241, 532.0, 18.0
242, 706.0, 122.0
243, 159.0, 95.0
244, 305.0, 97.0
245, 92.0, 102.0
246, 390.0, 145.0
247, 15.0, 151.0
248, 509.0, 116.0
249, 319.0, 45.0
250, 661.0, 58.0
251, 626.0, 108.0
252, 177.0, 66.0
253, 220.0, 34.0
254, 531.0, 105.0
255, 68.0, 93.0
256, 524.0, 58.0
257, 741.0, 66.0
258, 11.0, 171.0
259, 686.0, 37.0
260, 622.0, 22.0
261, 164.0, 35.0
262, 563.0, 303.0
263, 79.0, 160.0
264, 384.0, 55.0
265, 735.0, 144.0
266, 220.0, 68.0
267, 383.0, 105.0
268, 725.0, 168.0
269, 73.0, 100.0
270, 640.0, 206.0
271, 203.0, 36.0
272, 694.0, 171.0
273, 734.0, 155.0
274, 390.0, 97.0
275, 103.0, 118.0
276, 216.0, 257.0
277, 567.0, 103.0
278, 233.0, 65.0
279, 361.0, 284.0
280, 340.0, 20.0
281, 218.0, 49.0
282, 195.0, 133.0
283, 704.0, 83.0
284, 97.0, 108.0
285, 77.0, 40.0
286, 522.0, 100.0
287, 566.0, 278.0
288, 278.0, 60.0
289, 609.0, 225.0
290, 390.0, 123.0
291, 602.0, 290.0
292, 143.0, 151.0
293, 39.0, 170.0
294, 659.0, 118.0
295, 484.0, 49.0
296, 420.0, 28.0
297, 312.0, 249.0
298, 133.0, 153.0
299, 155.0, 87.0
300, 586.0, 90.0
301, 679.0, 231.0
302, 341.0, 8.0
303, 327.0, 105.0
304, 692.0, 143.0
305, 654.0, 16.0
306, 290.0, 97.0
307, 355.0, 135.0
308, 329.0, 236.0
309, 388.0, 42.0
310, 417.0, 9.0
311, 453.0, 198.0
312, 650.0, 40.0
313, 351.0, 119.0
314, 329.0, 34.0
315, 190.0, 81.0
316, 63.0, 137.0
317, 702.0, 143.0
318, 140.0, 81.0
319, 558.0, 113.0
320, 112.0, 103.0
321, 170.0, 77.0
322, 580.0, 131.0
323, 369.0, 39.0
324, 204.0, 71.0
325, 687.0, 12.0
326, 738.0, 88.0
327, 572.0, 37.0
328, 582.0, 48.0
329, 18.0, 21.0
330, 32.0, 145.0
331, 428.0, 73.0
332, 62.0, 86.0
333, 348.0, 22.0
334, 193.0, 102.0
335, 297.0, 10.0
336, 546.0, 63.0
337, 23.0, 65.0
338, 704.0, 68.0
339, 312.0, 437.0
340, 734.0, 121.0
341, 174.0, 11.0
342, 106.0, 48.0
343, 742.0, 168.0
344, 545.0, 48.0
345, 567.0, 223.0
346, 92.0, 156.0
347, 340.0, 227.0
348, 568.0, 60.0
349, 424.0, 59.0
350, 460.0, 110.0
351, 637.0, 8.0
352, 324.0, 454.0
353, 524.0, 288.0
354, 44.0, 156.0
355, 640.0, 105.0
356, 175.0, 54.0
357, 363.0, 124.0
358, 35.0, 8.0
359, 634.0, 336.0
360, 743.0, 157.0
361, 559.0, 50.0
362, 484.0, 91.0
363, 352.0, 161.0
364, 373.0, 97.0
365, 517.0, 80.0
366, 606.0, 198.0
367, 317.0, 190.0
368, 181.0, 18.0
369, 520.0, 351.0
370, 77.0, 127.0
371, 588.0, 314.0
372, 402.0, 156.0
373, 589.0, 129.0
374, 341.0, 108.0
375, 272.0, 104.0
376, 52.0, 93.0
377, 304.0, 236.0
378, 413.0, 156.0
379, 625.0, 298.0
380, 241.0, 105.0
381, 547.0, 368.0
382, 633.0, 289.0
383, 532.0, 29.0
384, 430.0, 198.0
385, 556.0, 86.0
386, 689.0, 153.0
387, 341.0, 416.0
388, 397.0, 431.0
389, 184.0, 166.0
390, 581.0, 214.0
391, 120.0, 126.0
392, 424.0, 289.0
393, 231.0, 31.0
394, 179.0, 105.0
395, 105.0, 141.0
396, 557.0, 105.0
397, 176.0, 178.0
398, 299.0, 35.0
399, 411.0, 103.0
400, 615.0, 57.0
401, 509.0, 270.0
402, 446.0, 114.0
403, 330.0, 8.0
404, 127.0, 99.0
405, 661.0, 30.0
406, 620.0, 29.0
407, 87.0, 78.0
408, 482.0, 352.0
409, 406.0, 162.0
410, 529.0, 342.0
411, 671.0, 66.0
412, 372.0, 116.0
413, 224.0, 103.0
414, 706.0, 317.0
415, 521.0, 29.0
416, 55.0, 45.0
417, 508.0, 250.0
418, 371.0, 214.0
419, 145.0, 163.0
420, 430.0, 49.0
421, 45.0, 111.0
422, 298.0, 106.0
423, 259.0, 155.0
424, 124.0, 87.0
425, 391.0, 30.0
426, 352.0, 64.0
427, 185.0, 81.0
428, 62.0, 111.0
429, 169.0, 89.0
430, 567.0, 139.0
431, 467.0, 17.0
432, 455.0, 109.0
433, 175.0, 126.0
434, 399.0, 147.0
435, 282.0, 210.0
436, 483.0, 313.0
437, 173.0, 97.0
438, 421.0, 37.0
439, 376.0, 293.0
440, 58.0, 127.0
441, 156.0, 150.0
442, 446.0, 152.0
443, 607.0, 321.0
444, 397.0, 137.0
445, 17.0, 114.0
446, 209.0, 101.0
447, 161.0, 121.0
448, 189.0, 160.0
449, 594.0, 345.0
450, 487.0, 345.0
451, 638.0, 67.0
452, 344.0, 119.0
453, 424.0, 405.0
454, 538.0, 147.0
455, 232.0, 82.0
456, 350.0, 226.0
457, 67.0, 10.0
458, 363.0, 61.0
459, 522.0, 122.0
460, 113.0, 118.0
461, 647.0, 27.0
462, 363.0, 99.0
463, 24.0, 134.0
464, 187.0, 123.0
465, 571.0, 358.0
466, 699.0, 110.0
467, 540.0, 197.0
468, 275.0, 16.0
469, 210.0, 195.0
470, 136.0, 119.0
471, 544.0, 114.0
472, 453.0, 121.0
473, 655.0, 320.0
474, 200.0, 8.0
475, 611.0, 166.0
476, 128.0, 157.0
477, 535.0, 381.0
478, 352.0, 147.0
479, 704.0, 113.0
480, 502.0, 200.0
481, 342.0, 53.0
482, 275.0, 11.0
483, 510.0, 146.0
484, 242.0, 83.0
485, 268.0, 185.0
486, 531.0, 79.0
487, 558.0, 61.0
488, 362.0, 162.0
489, 462.0, 372.0
490, 139.0, 9.0
491, 509.0, 26.0
492, 596.0, 155.0
493, 207.0, 26.0
494, 54.0, 162.0
495, 666.0, 36.0
496, 306.0, 9.0
497, 575.0, 293.0
498, 140.0, 44.0
499, 240.0, 457.0
