0, 144.0, 199.0
1, 277.0, 145.0
2, 240.0, 193.0
3, 386.0, 47.0
4, 112.0, 348.0
5, 143.0, 278.0
6, 125.0, 451.0
7, 463.0, 90.0
8, 434.0, 242.0
9, 195.0, 71.0
10, 102.0, 153.0
11, 226.0, 256.0
12, 339.0, 171.0
13, 281.0, 362.0
14, 104.0, 67.0
15, 154.0, 141.0
16, 157.0, 202.0
17, 272.0, 392.0
18, 361.0, 149.0
19, 56.0, 360.0
20, 137.0, 226.0
21, 599.0, 235.0
22, 80.0, 115.0
23, 38.0, 338.0
24, 412.0, 437.0
25, 215.0, 305.0
26, 164.0, 139.0
27, 345.0, 322.0
28, 170.0, 435.0
29, 423.0, 447.0
30, 405.0, 466.0
31, 523.0, 451.0
32, 459.0, 245.0
33, 277.0, 321.0
34, 267.0, 407.0
35, 316.0, 62.0
36, 543.0, 452.0
37, 373.0, 148.0
38, 194.0, 303.0
39, 443.0, 81.0
40, 298.0, 393.0
41, 374.0, 61.0
42, 98.0, 82.0
43, 583.0, 268.0
44, 348.0, 159.0
45, 428.0, 21.0
46, 94.0, 249.0
47, 69.0, 34.0
48, 259.0, 306.0
49, 237.0, 265.0
50, 432.0, 263.0
51, 65.0, 323.0
52, 408.0, 123.0
53, 404.0, 218.0
54, 468.0, 226.0
55, 227.0, 269.0
56, 186.0, 437.0
57, 189.0, 227.0
58, 408.0, 133.0
59, 516.0, 459.0
60, 333.0, 413.0
61, 606.0, 29.0
62, 681.0, 32.0
63, 235.0, 428.0
64, 468.0, 467.0
65, 274.0, 112.0
66, 275.0, 197.0
67, 146.0, 186.0
68, 276.0, 157.0
69, 330.0, 123.0
70, 58.0, 244.0
71, 520.0, 469.0
72, 458.0, 467.0
73, 155.0, 214.0
74, 203.0, 18.0
75, 179.0, 129.0
76, 221.0, 200.0
77, 446.0, 467.0
78, 122.0, 160.0
79, 214.0, 178.0
80, 129.0, 362.0
81, 726.0, 66.0
82, 37.0, 276.0
83, 45.0, 245.0
84, 313.0, 393.0
85, 166.0, 221.0
86, 667.0, 74.0
87, 140.0, 297.0
88, 194.0, 107.0
89, 425.0, 52.0
90, 205.0, 196.0
91, 336.0, 317.0
92, 302.0, 199.0
93, 308.0, 92.0
94, 444.0, 94.0
95, 242.0, 159.0
96, 211.0, 250.0
97, 169.0, 237.0
98, 131.0, 258.0
99, 443.0, 121.0
100, 421.0, 437.0
101, 313.0, 159.0
102, 163.0, 153.0
103, 236.0, 254.0
104, 460.0, 73.0
105, 242.0, 146.0
106, 431.0, 134.0
107, 382.0, 123.0
108, 378.0, 185.0
109, 162.0, 193.0
110, 440.0, 295.0
111, 642.0, 212.0
112, 23.0, 273.0
113, 241.0, 122.0
114, 89.0, 71.0
115, 412.0, 158.0
116, 144.0, 214.0
117, 527.0, 459.0
118, 460.0, 24.0
119, 194.0, 399.0
120, 59.0, 438.0
121, 201.0, 227.0
122, 387.0, 38.0
123, 93.0, 106.0
124, 446.0, 456.0
125, 223.0, 213.0
126, 453.0, 91.0
127, 113.0, 182.0
128, 433.0, 33.0
129, 607.0, 322.0
130, 124.0, 412.0
131, 372.0, 123.0
132, 336.0, 20.0
133, 401.0, 437.0
134, 139.0, 242.0
135, 731.0, 17.0
136, 191.0, 246.0
137, 424.0, 250.0
138, 294.0, 186.0
139, 691.0, 213.0
140, 224.0, 234.0
141, 329.0, 325.0
142, 432.0, 438.0
143, 179.0, 323.0
144, 373.0, 463.0
145, 126.0, 140.0
146, 196.0, 315.0
147, 188.0, 210.0
148, 296.0, 38.0
149, 180.0, 306.0
150, 426.0, 205.0
151, 434.0, 253.0
152, 420.0, 124.0
153, 248.0, 91.0
154, 46.0, 395.0
155, 425.0, 214.0
156, 455.0, 307.0
157, 176.0, 455.0
158, 124.0, 373.0
159, 73.0, 158.0
160, 49.0, 45.0
161, 358.0, 78.0
162, 208.0, 331.0
163, 242.0, 137.0
164, 570.0, 256.0
165, 382.0, 133.0
166, 130.0, 178.0
167, 288.0, 381.0
168, 86.0, 372.0
169, 418.0, 86.0
170, 89.0, 407.0
171, 315.0, 175.0
172, 330.0, 133.0
173, 157.0, 63.0
174, 71.0, 145.0
175, 228.0, 177.0
176, 59.0, 23.0
177, 432.0, 123.0
178, 424.0, 42.0
179, 711.0, 9.0
180, 337.0, 38.0
181, 445.0, 311.0
182, 300.0, 310.0
183, 242.0, 362.0
184, 382.0, 141.0
185, 542.0, 470.0
186, 43.0, 409.0
187, 296.0, 60.0
188, 473.0, 87.0
189, 254.0, 166.0
190, 131.0, 441.0
191, 199.0, 343.0
192, 76.0, 82.0
193, 426.0, 466.0
194, 416.0, 465.0
195, 546.0, 441.0
196, 44.0, 236.0
197, 72.0, 427.0
198, 66.0, 54.0
199, 414.0, 249.0
200, 399.0, 39.0
201, 383.0, 79.0
202, 155.0, 225.0
203, 220.0, 283.0
204, 97.0, 261.0
205, 360.0, 62.0
206, 111.0, 139.0
207, 127.0, 345.0
208, 182.0, 75.0
209, 290.0, 157.0
210, 272.0, 358.0
211, 221.0, 381.0
212, 372.0, 113.0
213, 451.0, 77.0
214, 120.0, 259.0
215, 59.0, 47.0
216, 282.0, 395.0
217, 316.0, 49.0
218, 511.0, 449.0
219, 415.0, 391.0
220, 100.0, 441.0
221, 87.0, 217.0
222, 271.0, 330.0
223, 266.0, 132.0
224, 202.0, 433.0
225, 387.0, 62.0
226, 76.0, 413.0
227, 226.0, 396.0
228, 542.0, 462.0
229, 587.0, 233.0
230, 213.0, 157.0
231, 410.0, 100.0
232, 501.0, 449.0
233, 205.0, 412.0
234, 263.0, 89.0
235, 340.0, 246.0
236, 155.0, 442.0
237, 518.0, 16.0
238, 412.0, 422.0
239, 80.0, 341.0
240, 558.0, 247.0
241, 474.0, 233.0
242, 338.0, 147.0
243, 362.0, 229.0
244, 392.0, 429.0
245, 601.0, 46.0
246, 13.0, 12.0
247, 25.0, 344.0
248, 257.0, 419.0
249, 389.0, 171.0
250, 56.0, 274.0
251, 557.0, 461.0
252, 366.0, 194.0
253, 609.0, 309.0
254, 235.0, 246.0
255, 238.0, 457.0
256, 205.0, 124.0
257, 194.0, 258.0
258, 400.0, 72.0
259, 36.0, 259.0
260, 188.0, 162.0
261, 132.0, 387.0
262, 668.0, 63.0
263, 52.0, 343.0
264, 618.0, 44.0
265, 287.0, 145.0
266, 248.0, 293.0
267, 692.0, 56.0
268, 360.0, 101.0
269, 444.0, 447.0
270, 529.0, 67.0
271, 90.0, 237.0
272, 364.0, 419.0
273, 265.0, 166.0
274, 164.0, 39.0
275, 402.0, 150.0
276, 304.0, 175.0
277, 203.0, 186.0
278, 66.0, 352.0
279, 650.0, 32.0
280, 286.0, 175.0
281, 429.0, 315.0
282, 360.0, 49.0
283, 150.0, 82.0
284, 583.0, 296.0
285, 118.0, 380.0
286, 43.0, 293.0
287, 172.0, 265.0
288, 411.0, 39.0
289, 60.0, 457.0
290, 27.0, 227.0
291, 128.0, 245.0
292, 361.0, 38.0
293, 343.0, 455.0
294, 176.0, 315.0
295, 107.0, 327.0
296, 30.0, 242.0
297, 597.0, 307.0
298, 394.0, 355.0
299, 412.0, 22.0
300, 215.0, 67.0
301, 153.0, 113.0
302, 352.0, 463.0
303, 101.0, 273.0
304, 221.0, 17.0
305, 498.0, 22.0
306, 95.0, 315.0
307, 264.0, 112.0
308, 98.0, 326.0
309, 273.0, 256.0
310, 283.0, 406.0
311, 738.0, 67.0
312, 215.0, 396.0
313, 719.0, 76.0
314, 734.0, 77.0
315, 78.0, 130.0
316, 226.0, 446.0
317, 574.0, 236.0
318, 574.0, 50.0
319, 139.0, 323.0
320, 672.0, 50.0
321, 393.0, 95.0
322, 383.0, 436.0
323, 420.0, 149.0
324, 128.0, 464.0
325, 31.0, 420.0
326, 162.0, 105.0
327, 85.0, 170.0
328, 412.0, 446.0
329, 244.0, 245.0
330, 437.0, 208.0
331, 204.0, 162.0
332, 321.0, 350.0
333, 475.0, 23.0
334, 591.0, 335.0
335, 401.0, 428.0
336, 471.0, 39.0
337, 129.0, 282.0
338, 62.0, 68.0
339, 401.0, 62.0
340, 394.0, 124.0
341, 334.0, 334.0
342, 373.0, 454.0
343, 434.0, 457.0
344, 393.0, 455.0
345, 236.0, 73.0
346, 573.0, 268.0
347, 403.0, 86.0
348, 108.0, 121.0
349, 250.0, 9.0
350, 168.0, 51.0
351, 230.0, 366.0
352, 730.0, 29.0
353, 252.0, 189.0
354, 261.0, 464.0
355, 198.0, 208.0
356, 575.0, 248.0
357, 133.0, 207.0
358, 313.0, 38.0
359, 374.0, 38.0
360, 71.0, 223.0
361, 253.0, 105.0
362, 143.0, 48.0
363, 436.0, 467.0
364, 320.0, 91.0
365, 80.0, 35.0
366, 299.0, 132.0
367, 116.0, 461.0
368, 93.0, 143.0
369, 384.0, 464.0
370, 317.0, 284.0
371, 485.0, 77.0
372, 401.0, 196.0
373, 90.0, 336.0
374, 297.0, 92.0
375, 218.0, 104.0
376, 240.0, 345.0
377, 265.0, 122.0
378, 337.0, 286.0
379, 228.0, 42.0
380, 204.0, 176.0
381, 335.0, 309.0
382, 77.0, 308.0
383, 224.0, 60.0
384, 233.0, 127.0
385, 149.0, 151.0
386, 420.0, 429.0
387, 145.0, 109.0
388, 300.0, 461.0
389, 216.0, 77.0
390, 362.0, 464.0
391, 359.0, 114.0
392, 174.0, 208.0
393, 372.0, 76.0
394, 247.0, 265.0
395, 239.0, 178.0
396, 214.0, 318.0
397, 688.0, 64.0
398, 318.0, 257.0
399, 402.0, 176.0
400, 139.0, 422.0
401, 607.0, 10.0
402, 126.0, 103.0
403, 115.0, 303.0
404, 425.0, 400.0
405, 205.0, 75.0
406, 290.0, 312.0
407, 61.0, 342.0
408, 479.0, 440.0
409, 358.0, 123.0
410, 593.0, 284.0
411, 293.0, 219.0
412, 78.0, 448.0
413, 429.0, 303.0
414, 371.0, 436.0
415, 131.0, 314.0
416, 97.0, 280.0
417, 259.0, 337.0
418, 133.0, 197.0
419, 117.0, 402.0
420, 151.0, 163.0
421, 738.0, 215.0
422, 147.0, 313.0
423, 87.0, 179.0
424, 559.0, 218.0
425, 102.0, 378.0
426, 315.0, 462.0
427, 298.0, 350.0
428, 305.0, 428.0
429, 215.0, 187.0
430, 561.0, 266.0
431, 434.0, 79.0
432, 729.0, 254.0
433, 127.0, 397.0
434, 308.0, 339.0
435, 310.0, 325.0
436, 289.0, 416.0
437, 23.0, 334.0
438, 105.0, 234.0
439, 157.0, 48.0
440, 344.0, 217.0
441, 382.0, 113.0
442, 120.0, 315.0
443, 537.0, 12.0
444, 253.0, 83.0
445, 290.0, 69.0
446, 491.0, 40.0
447, 152.0, 407.0
448, 272.0, 428.0
449, 228.0, 167.0
450, 21.0, 386.0
451, 389.0, 407.0
452, 352.0, 446.0
453, 33.0, 315.0
454, 552.0, 429.0
455, 258.0, 25.0
456, 280.0, 311.0
457, 193.0, 194.0
458, 264.0, 99.0
459, 186.0, 334.0
460, 389.0, 196.0
461, 410.0, 113.0
462, 382.0, 414.0
463, 511.0, 469.0
464, 472.0, 72.0
465, 162.0, 466.0
466, 101.0, 395.0
467, 202.0, 380.0
468, 589.0, 215.0
469, 269.0, 449.0
470, 330.0, 77.0
471, 140.0, 335.0
472, 207.0, 143.0
473, 367.0, 389.0
474, 254.0, 369.0
475, 253.0, 321.0
476, 672.0, 36.0
477, 158.0, 321.0
478, 271.0, 220.0
479, 544.0, 278.0
480, 95.0, 362.0
481, 231.0, 199.0
482, 135.0, 214.0
483, 287.0, 426.0
484, 392.0, 420.0
485, 514.0, 68.0
486, 96.0, 122.0
487, 84.0, 162.0
488, 299.0, 122.0
489, 243.0, 215.0
490, 16.0, 348.0
491, 700.0, 79.0
492, 732.0, 46.0
493, 362.0, 251.0
494, 37.0, 467.0
495, 357.0, 188.0
496, 505.0, 458.0
497, 253.0, 149.0
498, 331.0, 461.0
499, 260.0, 355.0
