0, 409.0, 150.0
1, 407.0, 220.0
2, 400.0, 258.0
3, 244.0, 187.0
4, 504.0, 91.0
5, 352.0, 217.0
6, 363.0, 246.0
7, 343.0, 203.0
8, 387.0, 180.0
9, 259.0, 56.0
10, 316.0, 189.0
11, 383.0, 284.0
12, 131.0, 223.0
13, 158.0, 75.0
14, 253.0, 244.0
15, 451.0, 83.0
16, 428.0, 111.0
17, 627.0, 337.0
18, 492.0, 276.0
19, 167.0, 98.0
20, 532.0, 287.0
21, 471.0, 268.0
22, 80.0, 126.0
23, 573.0, 357.0
24, 483.0, 266.0
25, 471.0, 301.0
26, 533.0, 237.0
27, 526.0, 197.0
28, 299.0, 183.0
29, 435.0, 152.0
30, 523.0, 246.0
31, 483.0, 257.0
32, 475.0, 83.0
33, 600.0, 365.0
34, 391.0, 166.0
35, 577.0, 110.0
36, 147.0, 188.0
37, 399.0, 289.0
38, 261.0, 201.0
39, 238.0, 105.0
40, 419.0, 70.0
41, 543.0, 82.0
42, 317.0, 38.0
43, 207.0, 254.0
44, 531.0, 127.0
45, 390.0, 203.0
46, 342.0, 265.0
47, 433.0, 298.0
48, 172.0, 345.0
49, 420.0, 256.0
50, 303.0, 276.0
51, 507.0, 211.0
52, 167.0, 16.0
53, 423.0, 160.0
54, 557.0, 348.0
55, 393.0, 318.0
56, 408.0, 195.0
57, 463.0, 63.0
58, 626.0, 351.0
59, 723.0, 321.0
60, 363.0, 170.0
61, 326.0, 167.0
62, 385.0, 210.0
63, 595.0, 220.0
64, 512.0, 225.0
65, 343.0, 218.0
66, 370.0, 300.0
67, 84.0, 63.0
68, 247.0, 56.0
69, 433.0, 74.0
70, 452.0, 66.0
71, 199.0, 280.0
72, 442.0, 239.0
73, 397.0, 223.0
74, 351.0, 113.0
75, 135.0, 194.0
76, 548.0, 126.0
77, 260.0, 355.0
78, 554.0, 436.0
79, 695.0, 188.0
80, 452.0, 403.0
81, 360.0, 157.0
82, 410.0, 162.0
83, 608.0, 210.0
84, 361.0, 190.0
85, 119.0, 131.0
86, 119.0, 423.0
87, 454.0, 229.0
88, 202.0, 104.0
89, 28.0, 463.0
90, 173.0, 324.0
91, 15.0, 124.0
92, 33.0, 91.0
93, 373.0, 208.0
94, 189.0, 57.0
95, 390.0, 297.0
96, 120.0, 333.0
97, 448.0, 218.0
98, 132.0, 101.0
99, 374.0, 181.0
100, 513.0, 306.0
101, 585.0, 263.0
102, 637.0, 369.0
103, 270.0, 56.0
104, 254.0, 232.0
105, 105.0, 449.0
106, 135.0, 241.0
107, 681.0, 107.0
108, 448.0, 184.0
109, 407.0, 437.0
110, 389.0, 190.0
111, 95.0, 154.0
112, 389.0, 242.0
113, 258.0, 139.0
114, 457.0, 136.0
115, 640.0, 355.0
116, 122.0, 119.0
117, 626.0, 373.0
118, 294.0, 120.0
119, 491.0, 71.0
120, 499.0, 303.0
121, 663.0, 125.0
122, 692.0, 138.0
123, 278.0, 196.0
124, 112.0, 458.0
125, 424.0, 148.0
126, 221.0, 379.0
127, 98.0, 49.0
128, 456.0, 204.0
129, 530.0, 18.0
130, 558.0, 257.0
131, 576.0, 125.0
132, 184.0, 332.0
133, 77.0, 270.0
134, 723.0, 369.0
135, 580.0, 376.0
136, 63.0, 50.0
137, 244.0, 178.0
138, 517.0, 279.0
139, 363.0, 200.0
140, 310.0, 200.0
141, 678.0, 115.0
142, 573.0, 41.0
143, 236.0, 70.0
144, 661.0, 186.0
145, 226.0, 259.0
146, 247.0, 67.0
147, 231.0, 120.0
148, 275.0, 225.0
149, 531.0, 435.0
150, 665.0, 107.0
151, 148.0, 131.0
152, 309.0, 212.0
153, 152.0, 107.0
154, 352.0, 101.0
155, 234.0, 139.0
156, 319.0, 180.0
157, 333.0, 436.0
158, 336.0, 99.0
159, 192.0, 398.0
160, 584.0, 450.0
161, 220.0, 52.0
162, 326.0, 154.0
163, 244.0, 42.0
164, 74.0, 329.0
165, 710.0, 180.0
166, 501.0, 422.0
167, 299.0, 354.0
168, 237.0, 203.0
169, 98.0, 81.0
170, 563.0, 453.0
171, 148.0, 153.0
172, 439.0, 81.0
173, 313.0, 153.0
174, 734.0, 191.0
175, 233.0, 52.0
176, 159.0, 118.0
177, 94.0, 122.0
178, 257.0, 335.0
179, 433.0, 134.0
180, 134.0, 402.0
181, 45.0, 144.0
182, 180.0, 45.0
183, 614.0, 129.0
184, 408.0, 185.0
185, 163.0, 364.0
186, 267.0, 81.0
187, 209.0, 395.0
188, 382.0, 312.0
189, 225.0, 241.0
190, 357.0, 132.0
191, 171.0, 39.0
192, 607.0, 143.0
193, 131.0, 327.0
194, 277.0, 384.0
195, 239.0, 379.0
196, 536.0, 170.0
197, 261.0, 109.0
198, 741.0, 249.0
199, 646.0, 209.0
200, 400.0, 471.0
201, 631.0, 185.0
202, 96.0, 359.0
203, 600.0, 356.0
204, 285.0, 186.0
205, 155.0, 205.0
206, 400.0, 268.0
207, 622.0, 129.0
208, 647.0, 185.0
209, 547.0, 236.0
210, 362.0, 179.0
211, 214.0, 339.0
212, 662.0, 462.0
213, 571.0, 155.0
214, 333.0, 177.0
215, 510.0, 415.0
216, 295.0, 136.0
217, 307.0, 79.0
218, 729.0, 385.0
219, 389.0, 256.0
220, 316.0, 49.0
221, 441.0, 143.0
222, 588.0, 329.0
223, 304.0, 368.0
224, 675.0, 281.0
225, 690.0, 215.0
226, 346.0, 231.0
227, 543.0, 94.0
228, 297.0, 437.0
229, 129.0, 252.0
230, 458.0, 443.0
231, 349.0, 74.0
232, 489.0, 298.0
233, 259.0, 68.0
234, 595.0, 118.0
235, 589.0, 396.0
236, 172.0, 253.0
237, 503.0, 225.0
238, 555.0, 15.0
239, 14.0, 101.0
240, 698.0, 178.0
241, 634.0, 457.0
242, 426.0, 401.0
243, 649.0, 108.0
244, 377.0, 104.0
245, 363.0, 214.0
246, 122.0, 164.0
247, 498.0, 191.0
248, 475.0, 104.0
249, 479.0, 400.0
250, 436.0, 183.0
251, 488.0, 81.0
252, 631.0, 209.0
253, 282.0, 243.0
254, 623.0, 93.0
255, 352.0, 176.0
256, 432.0, 309.0
257, 288.0, 300.0
258, 258.0, 79.0
259, 110.0, 315.0
260, 455.0, 29.0
261, 728.0, 38.0
262, 581.0, 154.0
263, 312.0, 163.0
264, 528.0, 264.0
265, 287.0, 142.0
266, 506.0, 185.0
267, 622.0, 248.0
268, 371.0, 282.0
269, 689.0, 389.0
270, 215.0, 234.0
271, 126.0, 413.0
272, 21.0, 148.0
273, 489.0, 305.0
274, 367.0, 113.0
275, 483.0, 48.0
276, 597.0, 414.0
277, 419.0, 213.0
278, 462.0, 196.0
279, 510.0, 241.0
280, 23.0, 433.0
281, 333.0, 143.0
282, 240.0, 246.0
283, 518.0, 456.0
284, 164.0, 397.0
285, 94.0, 445.0
286, 226.0, 187.0
287, 256.0, 41.0
288, 175.0, 58.0
289, 252.0, 32.0
290, 342.0, 159.0
291, 183.0, 22.0
292, 131.0, 151.0
293, 156.0, 56.0
294, 502.0, 169.0
295, 400.0, 447.0
296, 622.0, 389.0
297, 59.0, 461.0
298, 594.0, 109.0
299, 158.0, 224.0
300, 273.0, 204.0
301, 637.0, 288.0
302, 157.0, 337.0
303, 678.0, 211.0
304, 256.0, 285.0
305, 484.0, 35.0
306, 563.0, 50.0
307, 125.0, 298.0
308, 605.0, 332.0
309, 509.0, 22.0
310, 232.0, 41.0
311, 373.0, 196.0
312, 516.0, 126.0
313, 210.0, 286.0
314, 405.0, 64.0
315, 601.0, 174.0
316, 391.0, 458.0
317, 546.0, 170.0
318, 339.0, 75.0
319, 212.0, 158.0
320, 639.0, 143.0
321, 447.0, 201.0
322, 252.0, 370.0
323, 280.0, 210.0
324, 554.0, 318.0
325, 364.0, 316.0
326, 39.0, 312.0
327, 488.0, 196.0
328, 342.0, 178.0
329, 504.0, 79.0
330, 637.0, 164.0
331, 576.0, 349.0
332, 118.0, 234.0
333, 368.0, 463.0
334, 498.0, 435.0
335, 449.0, 303.0
336, 297.0, 164.0
337, 533.0, 425.0
338, 647.0, 277.0
339, 266.0, 254.0
340, 451.0, 280.0
341, 677.0, 125.0
342, 164.0, 451.0
343, 487.0, 313.0
344, 477.0, 409.0
345, 212.0, 66.0
346, 400.0, 22.0
347, 341.0, 355.0
348, 319.0, 228.0
349, 520.0, 171.0
350, 76.0, 111.0
351, 286.0, 41.0
352, 189.0, 294.0
353, 94.0, 113.0
354, 159.0, 432.0
355, 177.0, 13.0
356, 639.0, 200.0
357, 308.0, 143.0
358, 526.0, 279.0
359, 412.0, 98.0
360, 548.0, 460.0
361, 685.0, 415.0
362, 113.0, 157.0
363, 696.0, 124.0
364, 731.0, 288.0
365, 222.0, 405.0
366, 465.0, 103.0
367, 144.0, 98.0
368, 254.0, 192.0
369, 553.0, 273.0
370, 133.0, 37.0
371, 480.0, 299.0
372, 425.0, 432.0
373, 373.0, 249.0
374, 436.0, 413.0
375, 342.0, 255.0
376, 374.0, 169.0
377, 642.0, 129.0
378, 601.0, 423.0
379, 109.0, 330.0
380, 185.0, 124.0
381, 659.0, 227.0
382, 133.0, 348.0
383, 510.0, 431.0
384, 428.0, 101.0
385, 594.0, 233.0
386, 533.0, 406.0
387, 165.0, 308.0
388, 552.0, 86.0
389, 621.0, 398.0
390, 285.0, 286.0
391, 410.0, 270.0
392, 62.0, 231.0
393, 69.0, 124.0
394, 67.0, 24.0
395, 200.0, 319.0
396, 481.0, 146.0
397, 66.0, 407.0
398, 170.0, 223.0
399, 326.0, 215.0
400, 311.0, 435.0
401, 108.0, 378.0
402, 327.0, 371.0
403, 99.0, 457.0
404, 543.0, 103.0
405, 382.0, 294.0
406, 375.0, 319.0
407, 219.0, 272.0
408, 352.0, 200.0
409, 269.0, 238.0
410, 451.0, 459.0
411, 180.0, 274.0
412, 493.0, 248.0
413, 123.0, 31.0
414, 227.0, 157.0
415, 697.0, 107.0
416, 617.0, 421.0
417, 245.0, 424.0
418, 113.0, 200.0
419, 533.0, 81.0
420, 291.0, 111.0
421, 284.0, 72.0
422, 241.0, 235.0
423, 634.0, 303.0
424, 227.0, 273.0
425, 311.0, 108.0
426, 121.0, 58.0
427, 627.0, 222.0
428, 66.0, 145.0
429, 620.0, 109.0
430, 460.0, 167.0
431, 594.0, 463.0
432, 490.0, 416.0
433, 254.0, 406.0
434, 541.0, 272.0
435, 131.0, 377.0
436, 515.0, 197.0
437, 724.0, 229.0
438, 505.0, 69.0
439, 146.0, 413.0
440, 325.0, 343.0
441, 420.0, 197.0
442, 649.0, 195.0
443, 276.0, 111.0
444, 624.0, 468.0
445, 251.0, 201.0
446, 487.0, 171.0
447, 661.0, 55.0
448, 475.0, 453.0
449, 631.0, 403.0
450, 618.0, 413.0
451, 446.0, 422.0
452, 409.0, 136.0
453, 220.0, 465.0
454, 436.0, 217.0
455, 122.0, 270.0
456, 25.0, 278.0
457, 148.0, 454.0
458, 94.0, 206.0
459, 166.0, 381.0
460, 528.0, 67.0
461, 549.0, 199.0
462, 693.0, 198.0
463, 261.0, 391.0
464, 138.0, 271.0
465, 249.0, 77.0
466, 253.0, 170.0
467, 242.0, 155.0
468, 439.0, 207.0
469, 182.0, 208.0
470, 287.0, 28.0
471, 215.0, 306.0
472, 210.0, 55.0
473, 466.0, 126.0
474, 422.0, 320.0
475, 340.0, 110.0
476, 616.0, 139.0
477, 188.0, 245.0
478, 161.0, 351.0
479, 159.0, 128.0
480, 156.0, 266.0
481, 306.0, 170.0
482, 410.0, 109.0
483, 405.0, 317.0
484, 689.0, 317.0
485, 444.0, 92.0
486, 18.0, 136.0
487, 633.0, 392.0
488, 445.0, 113.0
489, 548.0, 111.0
490, 239.0, 334.0
491, 663.0, 177.0
492, 51.0, 169.0
493, 412.0, 350.0
494, 613.0, 454.0
495, 118.0, 225.0
496, 139.0, 68.0
497, 444.0, 135.0
498, 534.0, 187.0
499, 594.0, 242.0
