0, 184.0, 183.0
1, 408.0, 414.0
2, 225.0, 141.0
3, 449.0, 437.0
4, 132.0, 203.0
5, 202.0, 307.0
6, 225.0, 230.0
7, 31.0, 220.0
8, 396.0, 422.0
9, 245.0, 90.0
10, 327.0, 465.0
11, 89.0, 115.0
12, 422.0, 425.0
13, 406.0, 58.0
14, 232.0, 360.0
15, 409.0, 424.0
16, 293.0, 389.0
17, 182.0, 201.0
18, 250.0, 284.0
19, 277.0, 360.0
20, 469.0, 418.0
21, 453.0, 355.0
22, 69.0, 183.0
23, 373.0, 402.0
24, 283.0, 286.0
25, 145.0, 116.0
26, 131.0, 110.0
27, 250.0, 266.0
28, 384.0, 421.0
29, 409.0, 96.0
30, 223.0, 341.0
31, 129.0, 179.0
32, 375.0, 121.0
33, 542.0, 139.0
34, 424.0, 447.0
35, 398.0, 445.0
36, 218.0, 252.0
37, 427.0, 106.0
38, 396.0, 395.0
39, 512.0, 467.0
40, 131.0, 191.0
41, 202.0, 376.0
42, 365.0, 164.0
43, 468.0, 463.0
44, 278.0, 83.0
45, 332.0, 429.0
46, 121.0, 377.0
47, 419.0, 406.0
48, 322.0, 264.0
49, 475.0, 406.0
50, 454.0, 462.0
51, 438.0, 448.0
52, 384.0, 105.0
53, 212.0, 369.0
54, 409.0, 106.0
55, 111.0, 346.0
56, 331.0, 441.0
57, 77.0, 114.0
58, 436.0, 437.0
59, 277.0, 345.0
60, 430.0, 406.0
61, 280.0, 387.0
62, 664.0, 114.0
63, 201.0, 231.0
64, 106.0, 377.0
65, 202.0, 391.0
66, 85.0, 60.0
67, 257.0, 42.0
68, 215.0, 142.0
69, 384.0, 96.0
70, 251.0, 57.0
71, 73.0, 304.0
72, 396.0, 434.0
73, 261.0, 375.0
74, 372.0, 421.0
75, 232.0, 349.0
76, 252.0, 101.0
77, 316.0, 391.0
78, 109.0, 114.0
79, 130.0, 124.0
80, 310.0, 330.0
81, 144.0, 80.0
82, 169.0, 232.0
83, 422.0, 436.0
84, 256.0, 356.0
85, 395.0, 404.0
86, 477.0, 452.0
87, 108.0, 179.0
88, 314.0, 464.0
89, 545.0, 177.0
90, 398.0, 458.0
91, 457.0, 417.0
92, 87.0, 358.0
93, 156.0, 153.0
94, 507.0, 454.0
95, 325.0, 178.0
96, 320.0, 419.0
97, 297.0, 380.0
98, 409.0, 435.0
99, 421.0, 58.0
100, 268.0, 83.0
101, 275.0, 449.0
102, 406.0, 387.0
103, 271.0, 312.0
104, 216.0, 236.0
105, 364.0, 364.0
106, 323.0, 367.0
107, 373.0, 385.0
108, 103.0, 140.0
109, 196.0, 342.0
110, 213.0, 305.0
111, 124.0, 137.0
112, 446.0, 143.0
113, 258.0, 460.0
114, 90.0, 130.0
115, 433.0, 425.0
116, 358.0, 455.0
117, 446.0, 427.0
118, 482.0, 429.0
119, 318.0, 440.0
120, 430.0, 397.0
121, 471.0, 385.0
122, 300.0, 411.0
123, 412.0, 73.0
124, 237.0, 215.0
125, 384.0, 113.0
126, 424.0, 164.0
127, 119.0, 104.0
128, 198.0, 132.0
129, 163.0, 129.0
130, 390.0, 9.0
131, 203.0, 174.0
132, 418.0, 250.0
133, 324.0, 128.0
134, 459.0, 427.0
135, 330.0, 382.0
136, 202.0, 70.0
137, 77.0, 146.0
138, 210.0, 380.0
139, 409.0, 114.0
140, 426.0, 234.0
141, 207.0, 335.0
142, 441.0, 461.0
143, 97.0, 369.0
144, 473.0, 439.0
145, 271.0, 297.0
146, 193.0, 174.0
147, 157.0, 344.0
148, 112.0, 214.0
149, 269.0, 93.0
150, 67.0, 329.0
151, 485.0, 439.0
152, 362.0, 121.0
153, 490.0, 408.0
154, 299.0, 8.0
155, 287.0, 361.0
156, 480.0, 464.0
157, 272.0, 461.0
158, 320.0, 34.0
159, 347.0, 418.0
160, 126.0, 152.0
161, 361.0, 401.0
162, 279.0, 435.0
163, 129.0, 168.0
164, 585.0, 124.0
165, 239.0, 230.0
166, 384.0, 434.0
167, 208.0, 96.0
168, 540.0, 163.0
169, 390.0, 35.0
170, 143.0, 154.0
171, 222.0, 383.0
172, 94.0, 318.0
173, 297.0, 262.0
174, 370.0, 149.0
175, 291.0, 247.0
176, 338.0, 160.0
177, 193.0, 151.0
178, 328.0, 391.0
179, 216.0, 173.0
180, 186.0, 241.0
181, 182.0, 150.0
182, 288.0, 451.0
183, 113.0, 196.0
184, 360.0, 50.0
185, 462.0, 438.0
186, 435.0, 233.0
187, 231.0, 98.0
188, 20.0, 153.0
189, 478.0, 418.0
190, 490.0, 452.0
191, 394.0, 317.0
192, 333.0, 104.0
193, 224.0, 395.0
194, 349.0, 203.0
195, 283.0, 417.0
196, 360.0, 95.0
197, 263.0, 285.0
198, 150.0, 71.0
199, 184.0, 367.0
200, 493.0, 464.0
201, 277.0, 335.0
202, 74.0, 100.0
203, 425.0, 126.0
204, 344.0, 430.0
205, 83.0, 39.0
206, 144.0, 126.0
207, 72.0, 57.0
208, 559.0, 182.0
209, 89.0, 252.0
210, 32.0, 134.0
211, 234.0, 284.0
212, 498.0, 430.0
213, 416.0, 380.0
214, 613.0, 113.0
215, 418.0, 263.0
216, 224.0, 362.0
217, 175.0, 135.0
218, 395.0, 412.0
219, 153.0, 136.0
220, 465.0, 450.0
221, 395.0, 105.0
222, 333.0, 48.0
223, 229.0, 267.0
224, 93.0, 279.0
225, 129.0, 404.0
226, 236.0, 304.0
227, 181.0, 163.0
228, 370.0, 455.0
229, 444.0, 157.0
230, 432.0, 416.0
231, 283.0, 313.0
232, 385.0, 393.0
233, 195.0, 183.0
234, 239.0, 249.0
235, 320.0, 20.0
236, 67.0, 9.0
237, 52.0, 54.0
238, 301.0, 63.0
239, 211.0, 110.0
240, 374.0, 95.0
241, 258.0, 215.0
242, 271.0, 374.0
243, 94.0, 389.0
244, 330.0, 452.0
245, 388.0, 18.0
246, 124.0, 38.0
247, 299.0, 319.0
248, 370.0, 444.0
249, 54.0, 38.0
250, 452.0, 450.0
251, 193.0, 160.0
252, 101.0, 103.0
253, 439.0, 168.0
254, 495.0, 420.0
255, 428.0, 97.0
256, 240.0, 185.0
257, 341.0, 8.0
258, 362.0, 72.0
259, 104.0, 161.0
260, 439.0, 250.0
261, 177.0, 313.0
262, 381.0, 164.0
263, 176.0, 393.0
264, 330.0, 248.0
265, 87.0, 239.0
266, 199.0, 214.0
267, 15.0, 325.0
268, 374.0, 84.0
269, 115.0, 85.0
270, 203.0, 401.0
271, 395.0, 386.0
272, 545.0, 123.0
273, 227.0, 245.0
274, 99.0, 339.0
275, 376.0, 34.0
276, 280.0, 259.0
277, 523.0, 123.0
278, 52.0, 170.0
279, 60.0, 219.0
280, 113.0, 56.0
281, 74.0, 198.0
282, 377.0, 9.0
283, 356.0, 191.0
284, 287.0, 407.0
285, 371.0, 432.0
286, 356.0, 467.0
287, 94.0, 27.0
288, 300.0, 33.0
289, 143.0, 89.0
290, 239.0, 385.0
291, 413.0, 458.0
292, 562.0, 124.0
293, 511.0, 380.0
294, 283.0, 126.0
295, 131.0, 349.0
296, 387.0, 49.0
297, 347.0, 314.0
298, 252.0, 434.0
299, 300.0, 330.0
300, 71.0, 87.0
301, 118.0, 261.0
302, 498.0, 371.0
303, 384.0, 470.0
304, 363.0, 392.0
305, 416.0, 138.0
306, 253.0, 305.0
307, 259.0, 225.0
308, 97.0, 402.0
309, 371.0, 469.0
310, 237.0, 173.0
311, 408.0, 405.0
312, 267.0, 59.0
313, 209.0, 355.0
314, 411.0, 87.0
315, 117.0, 389.0
316, 405.0, 192.0
317, 91.0, 210.0
318, 33.0, 299.0
319, 169.0, 388.0
320, 393.0, 151.0
321, 385.0, 378.0
322, 162.0, 409.0
323, 88.0, 72.0
324, 384.0, 403.0
325, 396.0, 373.0
326, 159.0, 389.0
327, 217.0, 359.0
328, 363.0, 21.0
329, 134.0, 366.0
330, 90.0, 374.0
331, 419.0, 396.0
332, 362.0, 34.0
333, 233.0, 147.0
334, 142.0, 137.0
335, 119.0, 401.0
336, 508.0, 328.0
337, 325.0, 142.0
338, 90.0, 140.0
339, 160.0, 398.0
340, 114.0, 245.0
341, 420.0, 414.0
342, 252.0, 416.0
343, 62.0, 100.0
344, 38.0, 254.0
345, 359.0, 420.0
346, 383.0, 458.0
347, 52.0, 278.0
348, 362.0, 85.0
349, 471.0, 428.0
350, 151.0, 109.0
351, 149.0, 311.0
352, 323.0, 218.0
353, 410.0, 446.0
354, 195.0, 102.0
355, 406.0, 155.0
356, 404.0, 177.0
357, 268.0, 342.0
358, 263.0, 415.0
359, 236.0, 125.0
360, 350.0, 400.0
361, 99.0, 64.0
362, 286.0, 233.0
363, 103.0, 131.0
364, 411.0, 216.0
365, 425.0, 146.0
366, 15.0, 196.0
367, 200.0, 38.0
368, 188.0, 383.0
369, 85.0, 86.0
370, 262.0, 336.0
371, 384.0, 444.0
372, 153.0, 93.0
373, 397.0, 96.0
374, 304.0, 188.0
375, 212.0, 294.0
376, 107.0, 392.0
377, 184.0, 352.0
378, 188.0, 44.0
379, 432.0, 34.0
380, 25.0, 267.0
381, 404.0, 34.0
382, 309.0, 419.0
383, 420.0, 176.0
384, 219.0, 97.0
385, 60.0, 64.0
386, 466.0, 370.0
387, 8.0, 265.0
388, 99.0, 200.0
389, 362.0, 200.0
390, 340.0, 183.0
391, 348.0, 157.0
392, 271.0, 24.0
393, 262.0, 448.0
394, 495.0, 365.0
395, 176.0, 126.0
396, 313.0, 126.0
397, 325.0, 64.0
398, 427.0, 460.0
399, 16.0, 247.0
400, 345.0, 442.0
401, 139.0, 398.0
402, 221.0, 263.0
403, 339.0, 398.0
404, 39.0, 208.0
405, 221.0, 69.0
406, 286.0, 374.0
407, 562.0, 109.0
408, 341.0, 376.0
409, 263.0, 397.0
410, 559.0, 168.0
411, 208.0, 443.0
412, 428.0, 245.0
413, 134.0, 96.0
414, 424.0, 15.0
415, 27.0, 206.0
416, 440.0, 397.0
417, 42.0, 217.0
418, 446.0, 373.0
419, 134.0, 68.0
420, 312.0, 63.0
421, 35.0, 321.0
422, 86.0, 101.0
423, 183.0, 92.0
424, 167.0, 104.0
425, 50.0, 99.0
426, 155.0, 366.0
427, 158.0, 76.0
428, 8.0, 171.0
429, 122.0, 307.0
430, 109.0, 271.0
431, 406.0, 373.0
432, 146.0, 216.0
433, 114.0, 30.0
434, 12.0, 113.0
435, 373.0, 393.0
436, 248.0, 247.0
437, 181.0, 224.0
438, 243.0, 239.0
439, 60.0, 148.0
440, 691.0, 128.0
441, 20.0, 33.0
442, 439.0, 390.0
443, 349.0, 409.0
444, 229.0, 404.0
445, 155.0, 169.0
446, 72.0, 22.0
447, 378.0, 316.0
448, 36.0, 148.0
449, 316.0, 451.0
450, 339.0, 201.0
451, 443.0, 408.0
452, 284.0, 139.0
453, 515.0, 148.0
454, 713.0, 116.0
455, 101.0, 465.0
456, 211.0, 190.0
457, 19.0, 234.0
458, 429.0, 382.0
459, 437.0, 12.0
460, 438.0, 260.0
461, 302.0, 441.0
462, 686.0, 116.0
463, 117.0, 204.0
464, 270.0, 117.0
465, 331.0, 270.0
466, 303.0, 217.0
467, 260.0, 257.0
468, 48.0, 251.0
469, 392.0, 175.0
470, 352.0, 137.0
471, 341.0, 34.0
472, 189.0, 72.0
473, 148.0, 21.0
474, 133.0, 221.0
475, 264.0, 137.0
476, 250.0, 122.0
477, 349.0, 122.0
478, 13.0, 133.0
479, 332.0, 95.0
480, 128.0, 394.0
481, 395.0, 85.0
482, 39.0, 181.0
483, 407.0, 125.0
484, 279.0, 8.0
485, 280.0, 148.0
486, 417.0, 360.0
487, 174.0, 215.0
488, 160.0, 187.0
489, 122.0, 191.0
490, 297.0, 84.0
491, 337.0, 224.0
492, 107.0, 404.0
493, 98.0, 351.0
494, 26.0, 114.0
495, 396.0, 70.0
496, 342.0, 287.0
497, 501.0, 268.0
498, 199.0, 193.0
499, 25.0, 382.0
