0, 298.0, 260.0
1, 476.0, 381.0
2, 255.0, 181.0
3, 445.0, 157.0
4, 69.0, 344.0
5, 168.0, 179.0
6, 319.0, 251.0
7, 244.0, 238.0
8, 332.0, 248.0
9, 291.0, 221.0
10, 291.0, 308.0
11, 409.0, 385.0
12, 516.0, 364.0
13, 521.0, 346.0
14, 443.0, 307.0
15, 481.0, 347.0
16, 644.0, 354.0
17, 526.0, 297.0
18, 372.0, 450.0
19, 580.0, 410.0
20, 267.0, 167.0
21, 383.0, 24.0
22, 544.0, 257.0
23, 446.0, 139.0
24, 201.0, 188.0
25, 345.0, 374.0
26, 339.0, 305.0
27, 441.0, 318.0
28, 135.0, 181.0
29, 67.0, 45.0
30, 534.0, 243.0
31, 466.0, 394.0
32, 431.0, 285.0
33, 304.0, 248.0
34, 448.0, 115.0
35, 464.0, 348.0
36, 575.0, 176.0
37, 545.0, 244.0
38, 512.0, 353.0
39, 361.0, 366.0
40, 291.0, 298.0
41, 563.0, 388.0
42, 423.0, 322.0
43, 552.0, 381.0
44, 367.0, 154.0
45, 255.0, 195.0
46, 91.0, 458.0
47, 582.0, 144.0
48, 529.0, 364.0
49, 710.0, 358.0
50, 168.0, 102.0
51, 257.0, 79.0
52, 255.0, 354.0
53, 444.0, 170.0
54, 434.0, 275.0
55, 720.0, 45.0
56, 509.0, 401.0
57, 505.0, 80.0
58, 320.0, 170.0
59, 532.0, 404.0
60, 421.0, 388.0
61, 367.0, 138.0
62, 208.0, 135.0
63, 334.0, 280.0
64, 296.0, 273.0
65, 533.0, 174.0
66, 165.0, 163.0
67, 537.0, 161.0
68, 199.0, 175.0
69, 289.0, 207.0
70, 298.0, 339.0
71, 211.0, 185.0
72, 384.0, 137.0
73, 431.0, 397.0
74, 245.0, 222.0
75, 260.0, 61.0
76, 616.0, 146.0
77, 184.0, 434.0
78, 457.0, 277.0
79, 647.0, 461.0
80, 236.0, 133.0
81, 358.0, 376.0
82, 354.0, 334.0
83, 272.0, 357.0
84, 333.0, 290.0
85, 343.0, 354.0
86, 264.0, 149.0
87, 278.0, 213.0
88, 213.0, 89.0
89, 270.0, 306.0
90, 54.0, 280.0
91, 707.0, 148.0
92, 580.0, 82.0
93, 238.0, 57.0
94, 452.0, 377.0
95, 710.0, 69.0
96, 582.0, 263.0
97, 115.0, 182.0
98, 669.0, 349.0
99, 420.0, 400.0
100, 311.0, 176.0
101, 357.0, 319.0
102, 286.0, 377.0
103, 317.0, 339.0
104, 626.0, 187.0
105, 262.0, 323.0
106, 532.0, 182.0
107, 331.0, 194.0
108, 521.0, 463.0
109, 170.0, 195.0
110, 184.0, 137.0
111, 333.0, 371.0
112, 308.0, 233.0
113, 721.0, 291.0
114, 457.0, 170.0
115, 566.0, 467.0
116, 538.0, 233.0
117, 112.0, 166.0
118, 91.0, 165.0
119, 456.0, 178.0
120, 526.0, 232.0
121, 250.0, 94.0
122, 79.0, 439.0
123, 269.0, 96.0
124, 718.0, 229.0
125, 227.0, 93.0
126, 463.0, 419.0
127, 271.0, 294.0
128, 365.0, 392.0
129, 195.0, 135.0
130, 53.0, 44.0
131, 382.0, 173.0
132, 231.0, 52.0
133, 531.0, 337.0
134, 271.0, 317.0
135, 25.0, 286.0
136, 490.0, 266.0
137, 227.0, 123.0
138, 303.0, 136.0
139, 527.0, 285.0
140, 539.0, 143.0
141, 213.0, 68.0
142, 558.0, 341.0
143, 152.0, 181.0
144, 182.0, 303.0
145, 254.0, 311.0
146, 333.0, 270.0
147, 455.0, 298.0
148, 438.0, 345.0
149, 344.0, 188.0
150, 668.0, 316.0
151, 72.0, 371.0
152, 383.0, 155.0
153, 246.0, 122.0
154, 594.0, 166.0
155, 232.0, 235.0
156, 305.0, 377.0
157, 727.0, 364.0
158, 308.0, 216.0
159, 371.0, 24.0
160, 579.0, 275.0
161, 215.0, 195.0
162, 233.0, 84.0
163, 282.0, 180.0
164, 552.0, 391.0
165, 396.0, 320.0
166, 64.0, 458.0
167, 385.0, 114.0
168, 598.0, 146.0
169, 67.0, 222.0
170, 467.0, 311.0
171, 657.0, 358.0
172, 498.0, 351.0
173, 463.0, 141.0
174, 303.0, 312.0
175, 732.0, 54.0
176, 249.0, 59.0
177, 10.0, 381.0
178, 324.0, 384.0
179, 548.0, 406.0
180, 259.0, 398.0
181, 482.0, 318.0
182, 381.0, 165.0
183, 720.0, 94.0
184, 120.0, 231.0
185, 252.0, 291.0
186, 407.0, 409.0
187, 245.0, 75.0
188, 663.0, 325.0
189, 450.0, 347.0
190, 246.0, 12.0
191, 409.0, 349.0
192, 562.0, 274.0
193, 281.0, 198.0
194, 596.0, 459.0
195, 428.0, 337.0
196, 186.0, 84.0
197, 302.0, 113.0
198, 702.0, 98.0
199, 19.0, 237.0
200, 701.0, 170.0
201, 563.0, 223.0
202, 313.0, 302.0
203, 330.0, 330.0
204, 269.0, 44.0
205, 683.0, 287.0
206, 650.0, 157.0
207, 680.0, 301.0
208, 195.0, 246.0
209, 440.0, 412.0
210, 44.0, 282.0
211, 48.0, 263.0
212, 179.0, 50.0
213, 216.0, 48.0
214, 449.0, 37.0
215, 602.0, 119.0
216, 239.0, 89.0
217, 550.0, 369.0
218, 317.0, 192.0
219, 578.0, 164.0
220, 509.0, 465.0
221, 251.0, 271.0
222, 162.0, 188.0
223, 611.0, 307.0
224, 225.0, 109.0
225, 479.0, 393.0
226, 366.0, 173.0
227, 247.0, 133.0
228, 524.0, 428.0
229, 248.0, 149.0
230, 372.0, 337.0
231, 346.0, 237.0
232, 199.0, 266.0
233, 687.0, 318.0
234, 64.0, 330.0
235, 21.0, 250.0
236, 93.0, 470.0
237, 534.0, 429.0
238, 714.0, 119.0
239, 642.0, 452.0
240, 71.0, 255.0
241, 348.0, 402.0
242, 352.0, 362.0
243, 295.0, 351.0
244, 432.0, 296.0
245, 282.0, 251.0
246, 246.0, 25.0
247, 210.0, 253.0
248, 222.0, 282.0
249, 414.0, 337.0
250, 460.0, 382.0
251, 65.0, 30.0
252, 370.0, 37.0
253, 425.0, 366.0
254, 116.0, 135.0
255, 468.0, 335.0
256, 321.0, 236.0
257, 74.0, 180.0
258, 494.0, 370.0
259, 491.0, 336.0
260, 367.0, 114.0
261, 400.0, 338.0
262, 29.0, 335.0
263, 608.0, 91.0
264, 201.0, 80.0
265, 421.0, 28.0
266, 277.0, 234.0
267, 480.0, 468.0
268, 368.0, 90.0
269, 465.0, 116.0
270, 266.0, 181.0
271, 532.0, 461.0
272, 615.0, 448.0
273, 447.0, 261.0
274, 542.0, 288.0
275, 459.0, 259.0
276, 291.0, 284.0
277, 409.0, 428.0
278, 211.0, 219.0
279, 388.0, 38.0
280, 550.0, 163.0
281, 503.0, 416.0
282, 680.0, 340.0
283, 349.0, 388.0
284, 439.0, 371.0
285, 587.0, 117.0
286, 344.0, 324.0
287, 668.0, 300.0
288, 386.0, 90.0
289, 11.0, 280.0
290, 346.0, 217.0
291, 574.0, 422.0
292, 266.0, 262.0
293, 235.0, 103.0
294, 545.0, 231.0
295, 215.0, 242.0
296, 612.0, 167.0
297, 561.0, 369.0
298, 227.0, 261.0
299, 563.0, 163.0
300, 557.0, 407.0
301, 245.0, 112.0
302, 296.0, 230.0
303, 304.0, 190.0
304, 460.0, 366.0
305, 502.0, 451.0
306, 579.0, 432.0
307, 657.0, 441.0
308, 657.0, 347.0
309, 176.0, 265.0
310, 506.0, 254.0
311, 455.0, 217.0
312, 538.0, 380.0
313, 143.0, 142.0
314, 461.0, 464.0
315, 319.0, 394.0
316, 460.0, 158.0
317, 333.0, 423.0
318, 563.0, 324.0
319, 301.0, 169.0
320, 409.0, 396.0
321, 62.0, 160.0
322, 253.0, 321.0
323, 366.0, 303.0
324, 567.0, 402.0
325, 292.0, 369.0
326, 187.0, 192.0
327, 149.0, 118.0
328, 494.0, 230.0
329, 688.0, 352.0
330, 540.0, 339.0
331, 490.0, 397.0
332, 68.0, 313.0
333, 13.0, 288.0
334, 188.0, 54.0
335, 352.0, 12.0
336, 523.0, 314.0
337, 331.0, 170.0
338, 734.0, 216.0
339, 129.0, 165.0
340, 269.0, 272.0
341, 449.0, 327.0
342, 541.0, 308.0
343, 451.0, 386.0
344, 199.0, 196.0
345, 618.0, 356.0
346, 366.0, 198.0
347, 169.0, 155.0
348, 17.0, 313.0
349, 66.0, 271.0
350, 710.0, 203.0
351, 251.0, 213.0
352, 305.0, 57.0
353, 631.0, 460.0
354, 331.0, 181.0
355, 736.0, 237.0
356, 167.0, 256.0
357, 95.0, 221.0
358, 415.0, 202.0
359, 586.0, 238.0
360, 440.0, 444.0
361, 552.0, 143.0
362, 179.0, 320.0
363, 589.0, 91.0
364, 160.0, 48.0
365, 185.0, 66.0
366, 543.0, 273.0
367, 73.0, 278.0
368, 232.0, 187.0
369, 473.0, 356.0
370, 562.0, 143.0
371, 94.0, 405.0
372, 492.0, 383.0
373, 140.0, 239.0
374, 59.0, 259.0
375, 479.0, 280.0
376, 694.0, 266.0
377, 639.0, 188.0
378, 303.0, 151.0
379, 96.0, 47.0
380, 246.0, 169.0
381, 244.0, 102.0
382, 42.0, 406.0
383, 122.0, 146.0
384, 327.0, 90.0
385, 87.0, 425.0
386, 257.0, 377.0
387, 456.0, 431.0
388, 117.0, 209.0
389, 549.0, 339.0
390, 41.0, 58.0
391, 639.0, 90.0
392, 738.0, 91.0
393, 147.0, 164.0
394, 562.0, 117.0
395, 205.0, 46.0
396, 333.0, 464.0
397, 33.0, 388.0
398, 504.0, 437.0
399, 621.0, 118.0
400, 203.0, 310.0
401, 280.0, 269.0
402, 303.0, 415.0
403, 315.0, 206.0
404, 609.0, 80.0
405, 277.0, 366.0
406, 386.0, 11.0
407, 185.0, 278.0
408, 313.0, 430.0
409, 514.0, 311.0
410, 418.0, 415.0
411, 66.0, 57.0
412, 511.0, 219.0
413, 283.0, 449.0
414, 313.0, 417.0
415, 578.0, 23.0
416, 695.0, 189.0
417, 544.0, 220.0
418, 543.0, 424.0
419, 447.0, 366.0
420, 533.0, 440.0
421, 571.0, 231.0
422, 417.0, 175.0
423, 347.0, 414.0
424, 563.0, 424.0
425, 319.0, 115.0
426, 253.0, 112.0
427, 727.0, 271.0
428, 209.0, 174.0
429, 184.0, 176.0
430, 508.0, 375.0
431, 219.0, 169.0
432, 330.0, 353.0
433, 467.0, 90.0
434, 726.0, 327.0
435, 205.0, 37.0
436, 280.0, 300.0
437, 405.0, 18.0
438, 197.0, 149.0
439, 468.0, 446.0
440, 394.0, 453.0
441, 607.0, 199.0
442, 448.0, 90.0
443, 297.0, 467.0
444, 218.0, 135.0
445, 100.0, 281.0
446, 379.0, 318.0
447, 237.0, 24.0
448, 564.0, 263.0
449, 540.0, 321.0
450, 344.0, 178.0
451, 735.0, 347.0
452, 215.0, 37.0
453, 253.0, 122.0
454, 265.0, 457.0
455, 519.0, 248.0
456, 294.0, 236.0
457, 396.0, 354.0
458, 580.0, 186.0
459, 476.0, 195.0
460, 71.0, 442.0
461, 129.0, 52.0
462, 632.0, 219.0
463, 131.0, 74.0
464, 482.0, 333.0
465, 256.0, 341.0
466, 543.0, 117.0
467, 420.0, 438.0
468, 268.0, 205.0
469, 235.0, 70.0
470, 106.0, 151.0
471, 518.0, 335.0
472, 707.0, 289.0
473, 539.0, 362.0
474, 295.0, 425.0
475, 176.0, 138.0
476, 67.0, 237.0
477, 286.0, 245.0
478, 246.0, 199.0
479, 392.0, 426.0
480, 100.0, 429.0
481, 412.0, 253.0
482, 675.0, 218.0
483, 451.0, 403.0
484, 507.0, 324.0
485, 444.0, 177.0
486, 708.0, 324.0
487, 41.0, 166.0
488, 161.0, 79.0
489, 103.0, 231.0
490, 20.0, 156.0
491, 414.0, 321.0
492, 240.0, 42.0
493, 228.0, 133.0
494, 435.0, 34.0
495, 653.0, 201.0
496, 35.0, 46.0
497, 183.0, 111.0
498, 175.0, 128.0
499, 263.0, 134.0
