0, 407.0, 243.0
1, 621.0, 373.0
2, 480.0, 45.0
3, 193.0, 171.0
4, 455.0, 233.0
5, 216.0, 119.0
6, 148.0, 451.0
7, 338.0, 293.0
8, 499.0, 271.0
9, 599.0, 244.0
10, 237.0, 441.0
11, 664.0, 197.0
12, 641.0, 179.0
13, 329.0, 202.0
14, 106.0, 218.0
15, 282.0, 197.0
16, 581.0, 300.0
17, 555.0, 308.0
18, 603.0, 373.0
19, 92.0, 233.0
20, 569.0, 151.0
21, 374.0, 230.0
22, 601.0, 343.0
23, 647.0, 143.0
24, 13.0, 353.0
25, 94.0, 373.0
26, 176.0, 197.0
27, 373.0, 375.0
28, 125.0, 311.0
29, 249.0, 367.0
30, 527.0, 208.0
31, 341.0, 342.0
32, 265.0, 250.0
33, 464.0, 179.0
34, 406.0, 283.0
35, 389.0, 358.0
36, 681.0, 298.0
37, 690.0, 290.0
38, 245.0, 241.0
39, 532.0, 232.0
40, 137.0, 209.0
41, 548.0, 218.0
42, 124.0, 300.0
43, 408.0, 181.0
44, 223.0, 261.0
45, 148.0, 245.0
46, 644.0, 187.0
47, 381.0, 440.0
48, 569.0, 161.0
49, 469.0, 24.0
50, 460.0, 421.0
51, 192.0, 155.0
52, 144.0, 224.0
53, 468.0, 44.0
54, 478.0, 342.0
55, 482.0, 90.0
56, 448.0, 189.0
57, 465.0, 250.0
58, 229.0, 361.0
59, 128.0, 330.0
60, 202.0, 196.0
61, 351.0, 383.0
62, 283.0, 185.0
63, 701.0, 281.0
64, 274.0, 385.0
65, 249.0, 435.0
66, 645.0, 232.0
67, 147.0, 208.0
68, 219.0, 218.0
69, 628.0, 349.0
70, 398.0, 375.0
71, 177.0, 305.0
72, 436.0, 70.0
73, 128.0, 227.0
74, 329.0, 190.0
75, 56.0, 394.0
76, 571.0, 178.0
77, 428.0, 282.0
78, 78.0, 434.0
79, 624.0, 172.0
80, 492.0, 237.0
81, 133.0, 159.0
82, 683.0, 94.0
83, 18.0, 465.0
84, 408.0, 334.0
85, 133.0, 247.0
86, 105.0, 253.0
87, 708.0, 252.0
88, 42.0, 408.0
89, 609.0, 214.0
90, 409.0, 162.0
91, 340.0, 351.0
92, 532.0, 159.0
93, 55.0, 201.0
94, 110.0, 230.0
95, 593.0, 183.0
96, 430.0, 274.0
97, 19.0, 384.0
98, 74.0, 421.0
99, 201.0, 66.0
100, 621.0, 296.0
101, 535.0, 321.0
102, 654.0, 194.0
103, 342.0, 190.0
104, 481.0, 33.0
105, 517.0, 279.0
106, 447.0, 42.0
107, 279.0, 449.0
108, 739.0, 376.0
109, 286.0, 173.0
110, 715.0, 178.0
111, 15.0, 213.0
112, 461.0, 436.0
113, 66.0, 207.0
114, 600.0, 389.0
115, 285.0, 369.0
116, 616.0, 116.0
117, 466.0, 146.0
118, 289.0, 256.0
119, 138.0, 406.0
120, 37.0, 290.0
121, 728.0, 243.0
122, 426.0, 428.0
123, 612.0, 81.0
124, 635.0, 211.0
125, 377.0, 164.0
126, 374.0, 450.0
127, 603.0, 117.0
128, 695.0, 249.0
129, 626.0, 200.0
130, 581.0, 229.0
131, 412.0, 430.0
132, 596.0, 213.0
133, 710.0, 83.0
134, 435.0, 340.0
135, 148.0, 283.0
136, 694.0, 301.0
137, 494.0, 284.0
138, 670.0, 180.0
139, 581.0, 151.0
140, 78.0, 165.0
141, 558.0, 161.0
142, 260.0, 230.0
143, 420.0, 307.0
144, 402.0, 294.0
145, 102.0, 33.0
146, 398.0, 78.0
147, 96.0, 55.0
148, 648.0, 100.0
149, 569.0, 189.0
150, 274.0, 207.0
151, 512.0, 240.0
152, 534.0, 171.0
153, 640.0, 159.0
154, 224.0, 13.0
155, 417.0, 416.0
156, 605.0, 161.0
157, 550.0, 187.0
158, 193.0, 274.0
159, 491.0, 34.0
160, 561.0, 197.0
161, 55.0, 352.0
162, 112.0, 324.0
163, 208.0, 265.0
164, 440.0, 268.0
165, 527.0, 248.0
166, 146.0, 164.0
167, 592.0, 234.0
168, 421.0, 326.0
169, 117.0, 348.0
170, 414.0, 221.0
171, 370.0, 240.0
172, 213.0, 277.0
173, 545.0, 43.0
174, 590.0, 137.0
175, 620.0, 210.0
176, 34.0, 375.0
177, 14.0, 294.0
178, 199.0, 39.0
179, 131.0, 338.0
180, 701.0, 177.0
181, 397.0, 391.0
182, 396.0, 163.0
183, 626.0, 273.0
184, 388.0, 319.0
185, 114.0, 333.0
186, 114.0, 421.0
187, 613.0, 366.0
188, 420.0, 100.0
189, 726.0, 117.0
190, 391.0, 400.0
191, 437.0, 304.0
192, 387.0, 123.0
193, 173.0, 354.0
194, 451.0, 161.0
195, 389.0, 338.0
196, 412.0, 389.0
197, 650.0, 215.0
198, 147.0, 146.0
199, 374.0, 186.0
200, 363.0, 364.0
201, 618.0, 346.0
202, 545.0, 233.0
203, 632.0, 365.0
204, 678.0, 240.0
205, 35.0, 329.0
206, 625.0, 254.0
207, 717.0, 310.0
208, 678.0, 202.0
209, 723.0, 257.0
210, 190.0, 254.0
211, 21.0, 436.0
212, 258.0, 215.0
213, 611.0, 10.0
214, 459.0, 54.0
215, 590.0, 83.0
216, 78.0, 357.0
217, 396.0, 182.0
218, 342.0, 257.0
219, 148.0, 199.0
220, 504.0, 263.0
221, 27.0, 292.0
222, 302.0, 207.0
223, 645.0, 354.0
224, 342.0, 389.0
225, 83.0, 44.0
226, 38.0, 429.0
227, 194.0, 75.0
228, 702.0, 353.0
229, 486.0, 154.0
230, 574.0, 199.0
231, 649.0, 130.0
232, 70.0, 180.0
233, 394.0, 268.0
234, 302.0, 180.0
235, 701.0, 93.0
236, 361.0, 403.0
237, 184.0, 95.0
238, 468.0, 447.0
239, 341.0, 416.0
240, 361.0, 446.0
241, 79.0, 221.0
242, 94.0, 354.0
243, 196.0, 185.0
244, 589.0, 277.0
245, 477.0, 225.0
246, 437.0, 190.0
247, 485.0, 172.0
248, 534.0, 144.0
249, 227.0, 228.0
250, 705.0, 165.0
251, 421.0, 397.0
252, 629.0, 239.0
253, 495.0, 80.0
254, 502.0, 355.0
255, 465.0, 194.0
256, 708.0, 115.0
257, 677.0, 269.0
258, 430.0, 19.0
259, 229.0, 54.0
260, 621.0, 184.0
261, 236.0, 346.0
262, 138.0, 305.0
263, 217.0, 209.0
264, 338.0, 18.0
265, 120.0, 219.0
266, 401.0, 440.0
267, 546.0, 276.0
268, 503.0, 99.0
269, 356.0, 356.0
270, 673.0, 105.0
271, 183.0, 83.0
272, 610.0, 335.0
273, 664.0, 114.0
274, 8.0, 314.0
275, 126.0, 320.0
276, 276.0, 324.0
277, 189.0, 132.0
278, 367.0, 174.0
279, 278.0, 429.0
280, 119.0, 276.0
281, 530.0, 191.0
282, 452.0, 451.0
283, 652.0, 115.0
284, 482.0, 108.0
285, 412.0, 31.0
286, 277.0, 313.0
287, 434.0, 177.0
288, 502.0, 162.0
289, 634.0, 124.0
290, 520.0, 172.0
291, 283.0, 299.0
292, 153.0, 350.0
293, 625.0, 81.0
294, 278.0, 161.0
295, 368.0, 261.0
296, 416.0, 292.0
297, 110.0, 315.0
298, 288.0, 355.0
299, 65.0, 160.0
300, 122.0, 162.0
301, 52.0, 465.0
302, 700.0, 147.0
303, 70.0, 222.0
304, 130.0, 274.0
305, 641.0, 311.0
306, 131.0, 286.0
307, 299.0, 315.0
308, 214.0, 29.0
309, 375.0, 358.0
310, 388.0, 436.0
311, 171.0, 289.0
312, 485.0, 382.0
313, 455.0, 278.0
314, 583.0, 30.0
315, 98.0, 434.0
316, 221.0, 248.0
317, 564.0, 399.0
318, 235.0, 177.0
319, 446.0, 211.0
320, 10.0, 261.0
321, 721.0, 164.0
322, 327.0, 285.0
323, 302.0, 194.0
324, 187.0, 115.0
325, 213.0, 8.0
326, 712.0, 189.0
327, 143.0, 128.0
328, 242.0, 377.0
329, 251.0, 407.0
330, 60.0, 437.0
331, 360.0, 456.0
332, 397.0, 140.0
333, 240.0, 400.0
334, 104.0, 442.0
335, 124.0, 461.0
336, 694.0, 337.0
337, 109.0, 17.0
338, 101.0, 232.0
339, 242.0, 22.0
340, 277.0, 148.0
341, 691.0, 80.0
342, 99.0, 307.0
343, 229.0, 30.0
344, 704.0, 134.0
345, 298.0, 372.0
346, 409.0, 172.0
347, 668.0, 235.0
348, 506.0, 276.0
349, 637.0, 261.0
350, 631.0, 224.0
351, 715.0, 96.0
352, 378.0, 348.0
353, 99.0, 337.0
354, 421.0, 180.0
355, 164.0, 258.0
356, 345.0, 177.0
357, 387.0, 90.0
358, 237.0, 195.0
359, 425.0, 445.0
360, 151.0, 297.0
361, 716.0, 363.0
362, 375.0, 431.0
363, 640.0, 252.0
364, 617.0, 358.0
365, 690.0, 260.0
366, 539.0, 10.0
367, 284.0, 214.0
368, 491.0, 57.0
369, 461.0, 31.0
370, 121.0, 287.0
371, 361.0, 437.0
372, 576.0, 253.0
373, 271.0, 361.0
374, 232.0, 427.0
375, 448.0, 27.0
376, 572.0, 417.0
377, 666.0, 18.0
378, 437.0, 283.0
379, 223.0, 67.0
380, 494.0, 93.0
381, 292.0, 327.0
382, 285.0, 11.0
383, 435.0, 360.0
384, 312.0, 192.0
385, 376.0, 417.0
386, 564.0, 221.0
387, 435.0, 86.0
388, 585.0, 289.0
389, 705.0, 40.0
390, 418.0, 109.0
391, 184.0, 213.0
392, 480.0, 23.0
393, 330.0, 427.0
394, 438.0, 242.0
395, 592.0, 369.0
396, 590.0, 267.0
397, 77.0, 210.0
398, 404.0, 315.0
399, 463.0, 222.0
400, 341.0, 371.0
401, 522.0, 149.0
402, 488.0, 262.0
403, 479.0, 207.0
404, 372.0, 305.0
405, 29.0, 79.0
406, 12.0, 198.0
407, 723.0, 444.0
408, 84.0, 33.0
409, 506.0, 68.0
410, 708.0, 202.0
411, 502.0, 48.0
412, 723.0, 68.0
413, 431.0, 258.0
414, 479.0, 258.0
415, 451.0, 176.0
416, 698.0, 239.0
417, 533.0, 280.0
418, 597.0, 94.0
419, 352.0, 264.0
420, 464.0, 162.0
421, 235.0, 248.0
422, 697.0, 54.0
423, 83.0, 376.0
424, 272.0, 375.0
425, 103.0, 204.0
426, 394.0, 173.0
427, 510.0, 229.0
428, 343.0, 200.0
429, 365.0, 383.0
430, 509.0, 307.0
431, 397.0, 122.0
432, 450.0, 11.0
433, 688.0, 189.0
434, 428.0, 405.0
435, 445.0, 255.0
436, 376.0, 124.0
437, 229.0, 129.0
438, 161.0, 422.0
439, 673.0, 220.0
440, 224.0, 85.0
441, 243.0, 256.0
442, 397.0, 250.0
443, 107.0, 304.0
444, 551.0, 246.0
445, 40.0, 203.0
446, 161.0, 303.0
447, 410.0, 122.0
448, 713.0, 242.0
449, 385.0, 183.0
450, 43.0, 78.0
451, 233.0, 334.0
452, 573.0, 404.0
453, 101.0, 317.0
454, 378.0, 103.0
455, 300.0, 300.0
456, 404.0, 86.0
457, 372.0, 335.0
458, 437.0, 110.0
459, 682.0, 164.0
460, 464.0, 406.0
461, 470.0, 135.0
462, 81.0, 450.0
463, 155.0, 107.0
464, 29.0, 401.0
465, 417.0, 272.0
466, 209.0, 66.0
467, 376.0, 147.0
468, 574.0, 271.0
469, 56.0, 456.0
470, 120.0, 445.0
471, 20.0, 344.0
472, 157.0, 119.0
473, 321.0, 447.0
474, 84.0, 243.0
475, 452.0, 91.0
476, 59.0, 417.0
477, 155.0, 190.0
478, 319.0, 225.0
479, 411.0, 453.0
480, 695.0, 226.0
481, 629.0, 31.0
482, 138.0, 176.0
483, 435.0, 146.0
484, 227.0, 312.0
485, 729.0, 334.0
486, 89.0, 220.0
487, 537.0, 216.0
488, 697.0, 194.0
489, 501.0, 203.0
490, 599.0, 34.0
491, 421.0, 66.0
492, 165.0, 464.0
493, 717.0, 333.0
494, 287.0, 237.0
495, 686.0, 363.0
496, 547.0, 205.0
497, 113.0, 56.0
498, 345.0, 156.0
499, 61.0, 380.0
