0, 491.0, 247.0
1, 463.0, 168.0
2, 620.0, 73.0
3, 198.0, 234.0
4, 471.0, 76.0
5, 124.0, 379.0
6, 261.0, 230.0
7, 394.0, 56.0
8, 429.0, 118.0
9, 493.0, 55.0
10, 123.0, 294.0
11, 612.0, 278.0
12, 378.0, 76.0
13, 142.0, 293.0
14, 245.0, 164.0
15, 185.0, 301.0
16, 262.0, 323.0
17, 186.0, 217.0
18, 458.0, 241.0
19, 163.0, 428.0
20, 665.0, 40.0
21, 324.0, 355.0
22, 467.0, 109.0
23, 400.0, 177.0
24, 71.0, 314.0
25, 705.0, 237.0
26, 362.0, 164.0
27, 173.0, 205.0
28, 171.0, 230.0
29, 202.0, 403.0
30, 298.0, 114.0
31, 208.0, 236.0
32, 454.0, 117.0
33, 269.0, 79.0
34, 283.0, 356.0
35, 447.0, 203.0
36, 656.0, 237.0
37, 133.0, 325.0
38, 469.0, 95.0
39, 195.0, 380.0
40, 427.0, 210.0
41, 460.0, 208.0
42, 197.0, 295.0
43, 303.0, 372.0
44, 207.0, 205.0
45, 337.0, 156.0
46, 561.0, 63.0
47, 169.0, 409.0
48, 287.0, 207.0
49, 356.0, 176.0
50, 536.0, 56.0
51, 43.0, 112.0
52, 149.0, 334.0
53, 118.0, 280.0
54, 168.0, 253.0
55, 265.0, 267.0
56, 359.0, 362.0
57, 242.0, 316.0
58, 359.0, 199.0
59, 617.0, 354.0
60, 282.0, 372.0
61, 475.0, 112.0
62, 153.0, 382.0
63, 55.0, 305.0
64, 389.0, 188.0
65, 448.0, 213.0
66, 219.0, 265.0
67, 465.0, 123.0
68, 144.0, 119.0
69, 205.0, 460.0
70, 337.0, 62.0
71, 395.0, 143.0
72, 270.0, 314.0
73, 152.0, 450.0
74, 464.0, 300.0
75, 370.0, 152.0
76, 448.0, 247.0
77, 200.0, 285.0
78, 258.0, 217.0
79, 135.0, 125.0
80, 139.0, 36.0
81, 272.0, 17.0
82, 598.0, 301.0
83, 205.0, 441.0
84, 57.0, 91.0
85, 194.0, 257.0
86, 421.0, 55.0
87, 682.0, 100.0
88, 404.0, 119.0
89, 576.0, 269.0
90, 208.0, 356.0
91, 250.0, 457.0
92, 136.0, 223.0
93, 444.0, 42.0
94, 70.0, 110.0
95, 271.0, 193.0
96, 262.0, 335.0
97, 538.0, 459.0
98, 222.0, 286.0
99, 316.0, 40.0
100, 177.0, 288.0
101, 233.0, 183.0
102, 262.0, 249.0
103, 191.0, 247.0
104, 461.0, 439.0
105, 393.0, 35.0
106, 99.0, 330.0
107, 286.0, 91.0
108, 192.0, 417.0
109, 184.0, 161.0
110, 149.0, 151.0
111, 515.0, 124.0
112, 151.0, 465.0
113, 120.0, 105.0
114, 105.0, 87.0
115, 621.0, 280.0
116, 249.0, 417.0
117, 452.0, 447.0
118, 212.0, 226.0
119, 75.0, 330.0
120, 326.0, 157.0
121, 148.0, 217.0
122, 561.0, 467.0
123, 274.0, 207.0
124, 196.0, 271.0
125, 90.0, 95.0
126, 311.0, 295.0
127, 143.0, 167.0
128, 481.0, 97.0
129, 199.0, 221.0
130, 323.0, 145.0
131, 726.0, 24.0
132, 93.0, 434.0
133, 479.0, 317.0
134, 318.0, 60.0
135, 705.0, 91.0
136, 549.0, 459.0
137, 313.0, 371.0
138, 419.0, 67.0
139, 456.0, 465.0
140, 457.0, 260.0
141, 541.0, 467.0
142, 297.0, 316.0
143, 170.0, 190.0
144, 238.0, 262.0
145, 381.0, 110.0
146, 211.0, 140.0
147, 267.0, 127.0
148, 231.0, 35.0
149, 257.0, 315.0
150, 172.0, 132.0
151, 241.0, 447.0
152, 184.0, 452.0
153, 495.0, 40.0
154, 563.0, 450.0
155, 544.0, 91.0
156, 590.0, 294.0
157, 432.0, 23.0
158, 222.0, 209.0
159, 381.0, 98.0
160, 470.0, 317.0
161, 441.0, 127.0
162, 252.0, 199.0
163, 231.0, 168.0
164, 288.0, 342.0
165, 248.0, 178.0
166, 282.0, 237.0
167, 36.0, 166.0
168, 411.0, 161.0
169, 519.0, 458.0
170, 331.0, 213.0
171, 742.0, 31.0
172, 298.0, 450.0
173, 269.0, 164.0
174, 133.0, 158.0
175, 223.0, 240.0
176, 450.0, 438.0
177, 545.0, 450.0
178, 118.0, 321.0
179, 268.0, 140.0
180, 419.0, 34.0
181, 440.0, 108.0
182, 353.0, 131.0
183, 590.0, 93.0
184, 633.0, 71.0
185, 709.0, 100.0
186, 244.0, 399.0
187, 83.0, 464.0
188, 269.0, 430.0
189, 406.0, 44.0
190, 104.0, 441.0
191, 176.0, 356.0
192, 433.0, 147.0
193, 291.0, 223.0
194, 193.0, 313.0
195, 515.0, 15.0
196, 244.0, 216.0
197, 456.0, 73.0
198, 336.0, 50.0
199, 283.0, 159.0
200, 356.0, 18.0
201, 543.0, 311.0
202, 441.0, 118.0
203, 610.0, 293.0
204, 195.0, 58.0
205, 312.0, 182.0
206, 422.0, 186.0
207, 112.0, 431.0
208, 127.0, 132.0
209, 382.0, 145.0
210, 242.0, 431.0
211, 116.0, 351.0
212, 509.0, 74.0
213, 324.0, 370.0
214, 166.0, 291.0
215, 161.0, 151.0
216, 403.0, 76.0
217, 424.0, 142.0
218, 581.0, 298.0
219, 334.0, 39.0
220, 631.0, 10.0
221, 613.0, 263.0
222, 324.0, 343.0
223, 145.0, 360.0
224, 368.0, 296.0
225, 184.0, 198.0
226, 249.0, 254.0
227, 429.0, 128.0
228, 68.0, 95.0
229, 179.0, 123.0
230, 602.0, 364.0
231, 278.0, 221.0
232, 172.0, 422.0
233, 216.0, 251.0
234, 465.0, 29.0
235, 616.0, 88.0
236, 194.0, 337.0
237, 157.0, 102.0
238, 602.0, 261.0
239, 147.0, 135.0
240, 284.0, 190.0
241, 134.0, 371.0
242, 380.0, 188.0
243, 242.0, 84.0
244, 127.0, 68.0
245, 430.0, 94.0
246, 591.0, 270.0
247, 301.0, 173.0
248, 126.0, 33.0
249, 273.0, 325.0
250, 298.0, 327.0
251, 27.0, 14.0
252, 454.0, 316.0
253, 458.0, 251.0
254, 205.0, 271.0
255, 131.0, 440.0
256, 228.0, 331.0
257, 350.0, 271.0
258, 492.0, 101.0
259, 379.0, 130.0
260, 309.0, 272.0
261, 295.0, 466.0
262, 181.0, 94.0
263, 243.0, 328.0
264, 214.0, 338.0
265, 435.0, 446.0
266, 544.0, 124.0
267, 225.0, 199.0
268, 330.0, 92.0
269, 497.0, 15.0
270, 531.0, 15.0
271, 393.0, 119.0
272, 422.0, 357.0
273, 455.0, 304.0
274, 171.0, 317.0
275, 730.0, 40.0
276, 156.0, 254.0
277, 29.0, 399.0
278, 288.0, 101.0
279, 473.0, 455.0
280, 345.0, 130.0
281, 339.0, 184.0
282, 184.0, 256.0
283, 212.0, 21.0
284, 437.0, 78.0
285, 368.0, 344.0
286, 504.0, 440.0
287, 403.0, 136.0
288, 737.0, 98.0
289, 165.0, 239.0
290, 141.0, 49.0
291, 165.0, 30.0
292, 148.0, 272.0
293, 379.0, 60.0
294, 546.0, 22.0
295, 139.0, 345.0
296, 413.0, 128.0
297, 292.0, 371.0
298, 188.0, 428.0
299, 249.0, 356.0
300, 284.0, 270.0
301, 134.0, 336.0
302, 453.0, 127.0
303, 159.0, 265.0
304, 252.0, 208.0
305, 211.0, 86.0
306, 345.0, 335.0
307, 199.0, 470.0
308, 306.0, 355.0
309, 680.0, 111.0
310, 492.0, 74.0
311, 294.0, 402.0
312, 241.0, 275.0
313, 430.0, 41.0
314, 482.0, 261.0
315, 269.0, 149.0
316, 473.0, 466.0
317, 560.0, 260.0
318, 174.0, 9.0
319, 131.0, 47.0
320, 370.0, 416.0
321, 383.0, 162.0
322, 161.0, 174.0
323, 736.0, 19.0
324, 197.0, 147.0
325, 407.0, 34.0
326, 87.0, 24.0
327, 171.0, 268.0
328, 38.0, 382.0
329, 364.0, 335.0
330, 679.0, 17.0
331, 621.0, 14.0
332, 191.0, 118.0
333, 357.0, 37.0
334, 496.0, 26.0
335, 188.0, 150.0
336, 81.0, 355.0
337, 357.0, 188.0
338, 400.0, 392.0
339, 138.0, 175.0
340, 98.0, 107.0
341, 448.0, 237.0
342, 139.0, 24.0
343, 381.0, 36.0
344, 575.0, 466.0
345, 379.0, 120.0
346, 200.0, 190.0
347, 235.0, 421.0
348, 250.0, 468.0
349, 350.0, 295.0
350, 190.0, 398.0
351, 289.0, 115.0
352, 471.0, 40.0
353, 169.0, 301.0
354, 601.0, 289.0
355, 306.0, 389.0
356, 462.0, 447.0
357, 443.0, 224.0
358, 199.0, 246.0
359, 716.0, 14.0
360, 31.0, 85.0
361, 266.0, 215.0
362, 104.0, 383.0
363, 317.0, 324.0
364, 143.0, 85.0
365, 379.0, 48.0
366, 139.0, 383.0
367, 203.0, 327.0
368, 626.0, 290.0
369, 99.0, 46.0
370, 100.0, 73.0
371, 370.0, 260.0
372, 443.0, 393.0
373, 267.0, 281.0
374, 407.0, 56.0
375, 468.0, 223.0
376, 109.0, 414.0
377, 283.0, 254.0
378, 471.0, 447.0
379, 436.0, 464.0
380, 132.0, 87.0
381, 128.0, 315.0
382, 260.0, 131.0
383, 557.0, 106.0
384, 355.0, 49.0
385, 35.0, 98.0
386, 293.0, 175.0
387, 479.0, 57.0
388, 275.0, 29.0
389, 575.0, 9.0
390, 151.0, 175.0
391, 320.0, 93.0
392, 224.0, 118.0
393, 135.0, 354.0
394, 550.0, 369.0
395, 438.0, 244.0
396, 275.0, 98.0
397, 299.0, 210.0
398, 236.0, 142.0
399, 525.0, 437.0
400, 410.0, 186.0
401, 414.0, 119.0
402, 384.0, 332.0
403, 588.0, 279.0
404, 162.0, 348.0
405, 424.0, 164.0
406, 368.0, 318.0
407, 475.0, 423.0
408, 204.0, 387.0
409, 351.0, 77.0
410, 352.0, 121.0
411, 78.0, 56.0
412, 195.0, 46.0
413, 155.0, 196.0
414, 554.0, 53.0
415, 65.0, 296.0
416, 432.0, 436.0
417, 208.0, 100.0
418, 300.0, 147.0
419, 322.0, 198.0
420, 20.0, 38.0
421, 273.0, 175.0
422, 302.0, 185.0
423, 183.0, 281.0
424, 443.0, 142.0
425, 272.0, 255.0
426, 239.0, 238.0
427, 142.0, 193.0
428, 216.0, 414.0
429, 254.0, 391.0
430, 141.0, 104.0
431, 257.0, 165.0
432, 695.0, 71.0
433, 508.0, 113.0
434, 566.0, 8.0
435, 381.0, 455.0
436, 373.0, 235.0
437, 390.0, 200.0
438, 609.0, 107.0
439, 152.0, 243.0
440, 8.0, 115.0
441, 276.0, 123.0
442, 521.0, 24.0
443, 101.0, 61.0
444, 176.0, 58.0
445, 112.0, 73.0
446, 483.0, 34.0
447, 269.0, 458.0
448, 342.0, 227.0
449, 360.0, 145.0
450, 272.0, 398.0
451, 589.0, 259.0
452, 740.0, 252.0
453, 318.0, 114.0
454, 393.0, 110.0
455, 594.0, 58.0
456, 109.0, 239.0
457, 54.0, 290.0
458, 350.0, 113.0
459, 485.0, 114.0
460, 184.0, 269.0
461, 313.0, 467.0
462, 403.0, 109.0
463, 526.0, 450.0
464, 568.0, 21.0
465, 37.0, 356.0
466, 183.0, 187.0
467, 159.0, 10.0
468, 712.0, 82.0
469, 451.0, 165.0
470, 387.0, 240.0
471, 252.0, 74.0
472, 313.0, 157.0
473, 494.0, 118.0
474, 262.0, 184.0
475, 259.0, 422.0
476, 125.0, 23.0
477, 604.0, 316.0
478, 148.0, 369.0
479, 298.0, 358.0
480, 328.0, 422.0
481, 278.0, 147.0
482, 259.0, 294.0
483, 691.0, 85.0
484, 263.0, 116.0
485, 313.0, 146.0
486, 358.0, 62.0
487, 454.0, 135.0
488, 571.0, 120.0
489, 448.0, 21.0
490, 25.0, 383.0
491, 279.0, 451.0
492, 91.0, 248.0
493, 258.0, 275.0
494, 644.0, 30.0
495, 47.0, 56.0
496, 54.0, 65.0
497, 291.0, 134.0
498, 713.0, 38.0
499, 289.0, 124.0
