0, 331.0, 200.0
1, 159.0, 372.0
2, 505.0, 329.0
3, 550.0, 373.0
4, 137.0, 321.0
5, 498.0, 245.0
6, 510.0, 457.0
7, 553.0, 276.0
8, 624.0, 358.0
9, 318.0, 222.0
10, 666.0, 411.0
11, 548.0, 342.0
12, 403.0, 256.0
13, 642.0, 321.0
14, 162.0, 325.0
15, 582.0, 138.0
16, 608.0, 246.0
17, 89.0, 399.0
18, 577.0, 401.0
19, 540.0, 404.0
20, 733.0, 335.0
21, 379.0, 294.0
22, 578.0, 303.0
23, 560.0, 366.0
24, 493.0, 225.0
25, 436.0, 244.0
26, 565.0, 344.0
27, 541.0, 134.0
28, 301.0, 301.0
29, 484.0, 292.0
30, 395.0, 23.0
31, 517.0, 296.0
32, 514.0, 440.0
33, 433.0, 70.0
34, 678.0, 88.0
35, 314.0, 179.0
36, 279.0, 134.0
37, 396.0, 74.0
38, 596.0, 174.0
39, 389.0, 291.0
40, 533.0, 168.0
41, 612.0, 336.0
42, 536.0, 440.0
43, 250.0, 331.0
44, 590.0, 352.0
45, 321.0, 408.0
46, 687.0, 185.0
47, 266.0, 152.0
48, 258.0, 220.0
49, 218.0, 264.0
50, 547.0, 309.0
51, 466.0, 286.0
52, 654.0, 347.0
53, 676.0, 219.0
54, 581.0, 281.0
55, 703.0, 69.0
56, 603.0, 414.0
57, 709.0, 400.0
58, 133.0, 304.0
59, 607.0, 45.0
60, 404.0, 344.0
61, 344.0, 252.0
62, 529.0, 227.0
63, 362.0, 101.0
64, 387.0, 73.0
65, 183.0, 370.0
66, 657.0, 215.0
67, 589.0, 235.0
68, 425.0, 442.0
69, 304.0, 272.0
70, 617.0, 465.0
71, 604.0, 296.0
72, 639.0, 349.0
73, 305.0, 43.0
74, 580.0, 149.0
75, 377.0, 463.0
76, 300.0, 187.0
77, 70.0, 400.0
78, 590.0, 406.0
79, 325.0, 117.0
80, 159.0, 312.0
81, 577.0, 92.0
82, 495.0, 235.0
83, 200.0, 335.0
84, 532.0, 297.0
85, 559.0, 306.0
86, 711.0, 359.0
87, 261.0, 379.0
88, 538.0, 462.0
89, 330.0, 165.0
90, 246.0, 409.0
91, 131.0, 65.0
92, 544.0, 353.0
93, 329.0, 146.0
94, 82.0, 389.0
95, 455.0, 85.0
96, 271.0, 364.0
97, 572.0, 370.0
98, 379.0, 269.0
99, 546.0, 320.0
100, 110.0, 63.0
101, 575.0, 107.0
102, 556.0, 316.0
103, 438.0, 429.0
104, 350.0, 222.0
105, 49.0, 451.0
106, 18.0, 328.0
107, 671.0, 424.0
108, 116.0, 355.0
109, 556.0, 386.0
110, 558.0, 340.0
111, 674.0, 403.0
112, 587.0, 252.0
113, 362.0, 192.0
114, 594.0, 337.0
115, 523.0, 190.0
116, 286.0, 239.0
117, 583.0, 218.0
118, 234.0, 340.0
119, 342.0, 277.0
120, 642.0, 17.0
121, 351.0, 366.0
122, 152.0, 388.0
123, 260.0, 240.0
124, 544.0, 117.0
125, 354.0, 271.0
126, 577.0, 324.0
127, 264.0, 274.0
128, 597.0, 256.0
129, 612.0, 177.0
130, 543.0, 415.0
131, 717.0, 84.0
132, 420.0, 340.0
133, 15.0, 281.0
134, 536.0, 156.0
135, 575.0, 338.0
136, 682.0, 205.0
137, 336.0, 76.0
138, 588.0, 203.0
139, 661.0, 202.0
140, 739.0, 423.0
141, 351.0, 208.0
142, 395.0, 148.0
143, 306.0, 143.0
144, 420.0, 418.0
145, 194.0, 273.0
146, 331.0, 227.0
147, 643.0, 370.0
148, 653.0, 392.0
149, 629.0, 406.0
150, 566.0, 383.0
151, 376.0, 72.0
152, 262.0, 266.0
153, 631.0, 389.0
154, 156.0, 295.0
155, 360.0, 120.0
156, 666.0, 183.0
157, 405.0, 212.0
158, 380.0, 310.0
159, 564.0, 185.0
160, 133.0, 82.0
161, 443.0, 192.0
162, 442.0, 86.0
163, 334.0, 256.0
164, 522.0, 175.0
165, 364.0, 374.0
166, 406.0, 155.0
167, 307.0, 118.0
168, 670.0, 466.0
169, 516.0, 429.0
170, 424.0, 277.0
171, 518.0, 156.0
172, 480.0, 235.0
173, 499.0, 318.0
174, 738.0, 368.0
175, 416.0, 16.0
176, 273.0, 244.0
177, 531.0, 143.0
178, 404.0, 67.0
179, 395.0, 86.0
180, 648.0, 406.0
181, 380.0, 333.0
182, 575.0, 73.0
183, 622.0, 438.0
184, 270.0, 192.0
185, 458.0, 155.0
186, 490.0, 253.0
187, 592.0, 191.0
188, 496.0, 207.0
189, 627.0, 250.0
190, 304.0, 19.0
191, 188.0, 312.0
192, 608.0, 129.0
193, 384.0, 166.0
194, 348.0, 316.0
195, 450.0, 54.0
196, 452.0, 272.0
197, 408.0, 145.0
198, 265.0, 283.0
199, 25.0, 420.0
200, 63.0, 469.0
201, 448.0, 411.0
202, 134.0, 101.0
203, 321.0, 331.0
204, 581.0, 171.0
205, 513.0, 361.0
206, 397.0, 332.0
207, 280.0, 150.0
208, 365.0, 262.0
209, 440.0, 419.0
210, 672.0, 163.0
211, 501.0, 434.0
212, 674.0, 360.0
213, 606.0, 352.0
214, 687.0, 77.0
215, 719.0, 439.0
216, 688.0, 365.0
217, 341.0, 99.0
218, 267.0, 165.0
219, 401.0, 412.0
220, 536.0, 316.0
221, 569.0, 149.0
222, 443.0, 291.0
223, 230.0, 470.0
224, 319.0, 380.0
225, 217.0, 351.0
226, 130.0, 358.0
227, 290.0, 278.0
228, 649.0, 240.0
229, 561.0, 403.0
230, 435.0, 438.0
231, 713.0, 257.0
232, 694.0, 165.0
233, 643.0, 309.0
234, 285.0, 210.0
235, 655.0, 416.0
236, 474.0, 305.0
237, 626.0, 158.0
238, 311.0, 417.0
239, 562.0, 18.0
240, 173.0, 399.0
241, 255.0, 191.0
242, 302.0, 254.0
243, 300.0, 171.0
244, 662.0, 233.0
245, 199.0, 377.0
246, 382.0, 235.0
247, 254.0, 164.0
248, 598.0, 369.0
249, 633.0, 320.0
250, 560.0, 32.0
251, 323.0, 246.0
252, 202.0, 353.0
253, 606.0, 465.0
254, 391.0, 214.0
255, 376.0, 130.0
256, 347.0, 335.0
257, 20.0, 456.0
258, 412.0, 443.0
259, 441.0, 153.0
260, 252.0, 299.0
261, 511.0, 407.0
262, 413.0, 377.0
263, 332.0, 241.0
264, 222.0, 365.0
265, 623.0, 455.0
266, 549.0, 398.0
267, 431.0, 18.0
268, 431.0, 333.0
269, 699.0, 35.0
270, 509.0, 320.0
271, 532.0, 190.0
272, 643.0, 421.0
273, 514.0, 188.0
274, 596.0, 385.0
275, 215.0, 391.0
276, 144.0, 462.0
277, 373.0, 117.0
278, 407.0, 430.0
279, 590.0, 82.0
280, 670.0, 376.0
281, 539.0, 29.0
282, 299.0, 428.0
283, 411.0, 461.0
284, 420.0, 366.0
285, 338.0, 118.0
286, 460.0, 254.0
287, 600.0, 155.0
288, 685.0, 115.0
289, 667.0, 17.0
290, 197.0, 295.0
291, 476.0, 157.0
292, 431.0, 289.0
293, 299.0, 416.0
294, 101.0, 361.0
295, 262.0, 73.0
296, 362.0, 226.0
297, 634.0, 366.0
298, 364.0, 429.0
299, 741.0, 109.0
300, 505.0, 385.0
301, 207.0, 313.0
302, 259.0, 207.0
303, 451.0, 424.0
304, 617.0, 289.0
305, 624.0, 86.0
306, 451.0, 21.0
307, 288.0, 144.0
308, 283.0, 188.0
309, 338.0, 164.0
310, 118.0, 101.0
311, 266.0, 460.0
312, 658.0, 373.0
313, 534.0, 124.0
314, 366.0, 180.0
315, 577.0, 362.0
316, 402.0, 183.0
317, 311.0, 344.0
318, 583.0, 57.0
319, 346.0, 117.0
320, 545.0, 192.0
321, 42.0, 45.0
322, 54.0, 404.0
323, 413.0, 31.0
324, 294.0, 180.0
325, 293.0, 210.0
326, 452.0, 448.0
327, 526.0, 248.0
328, 458.0, 172.0
329, 679.0, 69.0
330, 56.0, 416.0
331, 697.0, 89.0
332, 381.0, 96.0
333, 523.0, 302.0
334, 500.0, 410.0
335, 600.0, 236.0
336, 723.0, 66.0
337, 405.0, 45.0
338, 565.0, 290.0
339, 678.0, 396.0
340, 632.0, 338.0
341, 331.0, 189.0
342, 19.0, 54.0
343, 486.0, 98.0
344, 495.0, 394.0
345, 313.0, 268.0
346, 421.0, 150.0
347, 561.0, 249.0
348, 527.0, 213.0
349, 523.0, 442.0
350, 539.0, 390.0
351, 302.0, 240.0
352, 260.0, 253.0
353, 228.0, 456.0
354, 359.0, 305.0
355, 276.0, 280.0
356, 338.0, 155.0
357, 135.0, 425.0
358, 565.0, 168.0
359, 436.0, 275.0
360, 572.0, 351.0
361, 320.0, 290.0
362, 343.0, 86.0
363, 290.0, 162.0
364, 423.0, 408.0
365, 607.0, 433.0
366, 140.0, 443.0
367, 216.0, 74.0
368, 516.0, 344.0
369, 449.0, 31.0
370, 557.0, 53.0
371, 593.0, 278.0
372, 573.0, 272.0
373, 737.0, 123.0
374, 392.0, 254.0
375, 608.0, 396.0
376, 581.0, 428.0
377, 361.0, 338.0
378, 43.0, 433.0
379, 354.0, 468.0
380, 521.0, 321.0
381, 35.0, 449.0
382, 367.0, 275.0
383, 706.0, 379.0
384, 385.0, 193.0
385, 430.0, 31.0
386, 68.0, 413.0
387, 109.0, 281.0
388, 548.0, 87.0
389, 383.0, 221.0
390, 339.0, 228.0
391, 455.0, 67.0
392, 594.0, 108.0
393, 692.0, 455.0
394, 517.0, 230.0
395, 743.0, 248.0
396, 179.0, 427.0
397, 305.0, 30.0
398, 310.0, 163.0
399, 506.0, 136.0
400, 670.0, 97.0
401, 420.0, 428.0
402, 256.0, 342.0
403, 695.0, 389.0
404, 189.0, 388.0
405, 456.0, 465.0
406, 716.0, 243.0
407, 289.0, 175.0
408, 570.0, 297.0
409, 713.0, 98.0
410, 535.0, 339.0
411, 252.0, 270.0
412, 144.0, 423.0
413, 706.0, 120.0
414, 245.0, 444.0
415, 524.0, 204.0
416, 704.0, 427.0
417, 520.0, 309.0
418, 126.0, 377.0
419, 378.0, 255.0
420, 442.0, 249.0
421, 599.0, 87.0
422, 106.0, 263.0
423, 365.0, 243.0
424, 269.0, 179.0
425, 39.0, 464.0
426, 500.0, 156.0
427, 456.0, 99.0
428, 561.0, 445.0
429, 232.0, 319.0
430, 648.0, 432.0
431, 640.0, 339.0
432, 264.0, 338.0
433, 509.0, 372.0
434, 291.0, 190.0
435, 329.0, 341.0
436, 431.0, 402.0
437, 209.0, 443.0
438, 521.0, 466.0
439, 588.0, 19.0
440, 368.0, 85.0
441, 616.0, 262.0
442, 466.0, 422.0
443, 22.0, 42.0
444, 710.0, 327.0
445, 279.0, 291.0
446, 346.0, 261.0
447, 603.0, 62.0
448, 394.0, 265.0
449, 503.0, 91.0
450, 120.0, 329.0
451, 328.0, 281.0
452, 100.0, 63.0
453, 670.0, 439.0
454, 240.0, 392.0
455, 47.0, 62.0
456, 275.0, 269.0
457, 418.0, 255.0
458, 612.0, 107.0
459, 477.0, 91.0
460, 226.0, 442.0
461, 680.0, 335.0
462, 509.0, 241.0
463, 310.0, 364.0
464, 172.0, 354.0
465, 625.0, 427.0
466, 681.0, 38.0
467, 683.0, 418.0
468, 521.0, 404.0
469, 384.0, 153.0
470, 506.0, 209.0
471, 724.0, 353.0
472, 574.0, 389.0
473, 559.0, 74.0
474, 610.0, 449.0
475, 555.0, 211.0
476, 348.0, 132.0
477, 185.0, 301.0
478, 341.0, 137.0
479, 558.0, 379.0
480, 454.0, 233.0
481, 540.0, 301.0
482, 437.0, 56.0
483, 315.0, 358.0
484, 490.0, 416.0
485, 399.0, 276.0
486, 27.0, 471.0
487, 626.0, 308.0
488, 428.0, 469.0
489, 142.0, 382.0
490, 252.0, 279.0
491, 402.0, 10.0
492, 689.0, 13.0
493, 410.0, 324.0
494, 637.0, 453.0
495, 610.0, 378.0
496, 328.0, 95.0
497, 286.0, 440.0
498, 703.0, 16.0
499, 519.0, 82.0
