0, 95.0, 113.0
1, 170.0, 288.0
2, 422.0, 293.0
3, 526.0, 431.0
4, 261.0, 272.0
5, 489.0, 224.0
6, 280.0, 227.0
7, 419.0, 320.0
8, 126.0, 314.0
9, 477.0, 348.0
10, 512.0, 121.0
11, 426.0, 255.0
12, 364.0, 443.0
13, 176.0, 76.0
14, 212.0, 313.0
15, 508.0, 154.0
16, 480.0, 216.0
17, 392.0, 146.0
18, 400.0, 279.0
19, 178.0, 100.0
20, 64.0, 393.0
21, 172.0, 297.0
22, 217.0, 286.0
23, 110.0, 377.0
24, 160.0, 314.0
25, 77.0, 218.0
26, 271.0, 175.0
27, 72.0, 192.0
28, 353.0, 455.0
29, 255.0, 304.0
30, 203.0, 375.0
31, 349.0, 425.0
32, 264.0, 246.0
33, 706.0, 395.0
34, 79.0, 228.0
35, 391.0, 453.0
36, 410.0, 378.0
37, 181.0, 327.0
38, 94.0, 410.0
39, 365.0, 454.0
40, 381.0, 465.0
41, 74.0, 392.0
42, 180.0, 118.0
43, 37.0, 318.0
44, 394.0, 463.0
45, 385.0, 279.0
46, 242.0, 296.0
47, 92.0, 430.0
48, 28.0, 310.0
49, 43.0, 182.0
50, 479.0, 98.0
51, 206.0, 264.0
52, 379.0, 453.0
53, 352.0, 444.0
54, 158.0, 289.0
55, 490.0, 99.0
56, 184.0, 210.0
57, 212.0, 303.0
58, 451.0, 335.0
59, 186.0, 398.0
60, 273.0, 271.0
61, 381.0, 145.0
62, 198.0, 148.0
63, 381.0, 412.0
64, 456.0, 135.0
65, 318.0, 446.0
66, 143.0, 416.0
67, 81.0, 463.0
68, 324.0, 87.0
69, 339.0, 416.0
70, 499.0, 422.0
71, 422.0, 437.0
72, 269.0, 203.0
73, 51.0, 310.0
74, 381.0, 130.0
75, 464.0, 347.0
76, 321.0, 201.0
77, 477.0, 457.0
78, 148.0, 398.0
79, 501.0, 292.0
80, 511.0, 68.0
81, 279.0, 194.0
82, 98.0, 302.0
83, 233.0, 348.0
84, 56.0, 416.0
85, 136.0, 302.0
86, 29.0, 331.0
87, 450.0, 271.0
88, 195.0, 395.0
89, 324.0, 128.0
90, 327.0, 427.0
91, 265.0, 380.0
92, 292.0, 311.0
93, 466.0, 150.0
94, 247.0, 335.0
95, 163.0, 456.0
96, 178.0, 457.0
97, 516.0, 101.0
98, 235.0, 245.0
99, 467.0, 430.0
100, 377.0, 278.0
101, 195.0, 270.0
102, 199.0, 313.0
103, 463.0, 77.0
104, 459.0, 221.0
105, 224.0, 314.0
106, 264.0, 106.0
107, 377.0, 443.0
108, 111.0, 96.0
109, 250.0, 272.0
110, 516.0, 421.0
111, 384.0, 52.0
112, 207.0, 347.0
113, 98.0, 263.0
114, 111.0, 451.0
115, 398.0, 43.0
116, 492.0, 253.0
117, 254.0, 409.0
118, 30.0, 173.0
119, 188.0, 180.0
120, 31.0, 191.0
121, 362.0, 433.0
122, 296.0, 107.0
123, 262.0, 402.0
124, 213.0, 215.0
125, 189.0, 244.0
126, 498.0, 199.0
127, 270.0, 189.0
128, 503.0, 172.0
129, 481.0, 178.0
130, 170.0, 191.0
131, 250.0, 392.0
132, 383.0, 69.0
133, 40.0, 140.0
134, 229.0, 266.0
135, 166.0, 270.0
136, 36.0, 413.0
137, 139.0, 278.0
138, 492.0, 153.0
139, 126.0, 381.0
140, 458.0, 118.0
141, 402.0, 450.0
142, 58.0, 330.0
143, 323.0, 110.0
144, 486.0, 79.0
145, 306.0, 126.0
146, 190.0, 301.0
147, 296.0, 135.0
148, 15.0, 413.0
149, 91.0, 96.0
150, 433.0, 162.0
151, 107.0, 417.0
152, 81.0, 166.0
153, 88.0, 243.0
154, 309.0, 202.0
155, 524.0, 82.0
156, 341.0, 445.0
157, 526.0, 139.0
158, 402.0, 359.0
159, 167.0, 178.0
160, 383.0, 113.0
161, 35.0, 354.0
162, 61.0, 242.0
163, 486.0, 381.0
164, 709.0, 464.0
165, 505.0, 436.0
166, 44.0, 235.0
167, 290.0, 199.0
168, 122.0, 166.0
169, 441.0, 300.0
170, 122.0, 151.0
171, 487.0, 60.0
172, 505.0, 459.0
173, 499.0, 120.0
174, 410.0, 132.0
175, 293.0, 437.0
176, 53.0, 427.0
177, 529.0, 122.0
178, 54.0, 175.0
179, 161.0, 467.0
180, 399.0, 311.0
181, 461.0, 97.0
182, 287.0, 124.0
183, 457.0, 316.0
184, 406.0, 462.0
185, 225.0, 46.0
186, 242.0, 184.0
187, 428.0, 454.0
188, 92.0, 369.0
189, 503.0, 36.0
190, 15.0, 109.0
191, 506.0, 13.0
192, 33.0, 366.0
193, 239.0, 282.0
194, 113.0, 115.0
195, 216.0, 233.0
196, 127.0, 338.0
197, 176.0, 419.0
198, 41.0, 274.0
199, 37.0, 299.0
200, 194.0, 102.0
201, 389.0, 234.0
202, 143.0, 379.0
203, 92.0, 459.0
204, 82.0, 449.0
205, 53.0, 320.0
206, 197.0, 286.0
207, 266.0, 227.0
208, 735.0, 394.0
209, 148.0, 339.0
210, 268.0, 216.0
211, 301.0, 449.0
212, 28.0, 271.0
213, 465.0, 173.0
214, 375.0, 362.0
215, 19.0, 448.0
216, 646.0, 141.0
217, 316.0, 419.0
218, 473.0, 76.0
219, 234.0, 235.0
220, 250.0, 347.0
221, 483.0, 301.0
222, 486.0, 440.0
223, 285.0, 256.0
224, 15.0, 366.0
225, 532.0, 101.0
226, 71.0, 242.0
227, 488.0, 339.0
228, 302.0, 193.0
229, 165.0, 165.0
230, 543.0, 42.0
231, 264.0, 134.0
232, 171.0, 362.0
233, 386.0, 296.0
234, 12.0, 331.0
235, 492.0, 460.0
236, 219.0, 256.0
237, 115.0, 398.0
238, 171.0, 307.0
239, 383.0, 421.0
240, 222.0, 217.0
241, 28.0, 201.0
242, 82.0, 181.0
243, 107.0, 71.0
244, 284.0, 380.0
245, 146.0, 163.0
246, 503.0, 26.0
247, 132.0, 151.0
248, 485.0, 358.0
249, 198.0, 172.0
250, 9.0, 428.0
251, 441.0, 209.0
252, 238.0, 140.0
253, 452.0, 21.0
254, 193.0, 382.0
255, 64.0, 403.0
256, 264.0, 303.0
257, 348.0, 406.0
258, 143.0, 136.0
259, 485.0, 451.0
260, 159.0, 391.0
261, 101.0, 165.0
262, 189.0, 361.0
263, 425.0, 446.0
264, 318.0, 436.0
265, 476.0, 191.0
266, 453.0, 239.0
267, 247.0, 246.0
268, 304.0, 143.0
269, 246.0, 237.0
270, 488.0, 187.0
271, 289.0, 420.0
272, 224.0, 225.0
273, 325.0, 416.0
274, 120.0, 135.0
275, 92.0, 227.0
276, 24.0, 402.0
277, 522.0, 448.0
278, 87.0, 71.0
279, 279.0, 185.0
280, 54.0, 397.0
281, 328.0, 458.0
282, 384.0, 91.0
283, 372.0, 423.0
284, 291.0, 279.0
285, 385.0, 271.0
286, 482.0, 136.0
287, 285.0, 353.0
288, 24.0, 67.0
289, 477.0, 151.0
290, 481.0, 119.0
291, 333.0, 228.0
292, 197.0, 138.0
293, 245.0, 378.0
294, 83.0, 43.0
295, 454.0, 148.0
296, 387.0, 246.0
297, 224.0, 365.0
298, 400.0, 440.0
299, 199.0, 432.0
300, 283.0, 106.0
301, 103.0, 312.0
302, 488.0, 286.0
303, 195.0, 131.0
304, 143.0, 452.0
305, 265.0, 123.0
306, 503.0, 100.0
307, 131.0, 134.0
308, 529.0, 330.0
309, 488.0, 430.0
310, 453.0, 383.0
311, 350.0, 414.0
312, 355.0, 217.0
313, 42.0, 244.0
314, 402.0, 162.0
315, 219.0, 342.0
316, 192.0, 78.0
317, 477.0, 228.0
318, 372.0, 41.0
319, 333.0, 470.0
320, 507.0, 216.0
321, 367.0, 465.0
322, 235.0, 257.0
323, 390.0, 411.0
324, 476.0, 166.0
325, 324.0, 65.0
326, 437.0, 337.0
327, 474.0, 411.0
328, 42.0, 442.0
329, 335.0, 184.0
330, 122.0, 442.0
331, 445.0, 174.0
332, 195.0, 465.0
333, 14.0, 258.0
334, 252.0, 317.0
335, 374.0, 431.0
336, 425.0, 72.0
337, 94.0, 422.0
338, 103.0, 45.0
339, 51.0, 351.0
340, 530.0, 9.0
341, 203.0, 226.0
342, 371.0, 160.0
343, 188.0, 443.0
344, 45.0, 406.0
345, 467.0, 186.0
346, 289.0, 325.0
347, 299.0, 465.0
348, 292.0, 182.0
349, 358.0, 362.0
350, 537.0, 21.0
351, 570.0, 205.0
352, 179.0, 237.0
353, 27.0, 436.0
354, 147.0, 440.0
355, 505.0, 194.0
356, 202.0, 333.0
357, 509.0, 412.0
358, 468.0, 309.0
359, 489.0, 24.0
360, 461.0, 260.0
361, 42.0, 385.0
362, 173.0, 52.0
363, 538.0, 223.0
364, 353.0, 227.0
365, 684.0, 396.0
366, 280.0, 83.0
367, 56.0, 302.0
368, 278.0, 294.0
369, 567.0, 32.0
370, 250.0, 363.0
371, 72.0, 351.0
372, 357.0, 466.0
373, 189.0, 224.0
374, 482.0, 13.0
375, 273.0, 378.0
376, 342.0, 363.0
377, 181.0, 131.0
378, 61.0, 341.0
379, 30.0, 247.0
380, 362.0, 415.0
381, 335.0, 376.0
382, 11.0, 122.0
383, 389.0, 440.0
384, 163.0, 379.0
385, 85.0, 414.0
386, 106.0, 404.0
387, 337.0, 406.0
388, 406.0, 369.0
389, 44.0, 422.0
390, 240.0, 362.0
391, 183.0, 268.0
392, 418.0, 175.0
393, 191.0, 53.0
394, 472.0, 391.0
395, 123.0, 366.0
396, 74.0, 334.0
397, 516.0, 26.0
398, 173.0, 467.0
399, 277.0, 359.0
400, 183.0, 199.0
401, 487.0, 205.0
402, 135.0, 372.0
403, 122.0, 348.0
404, 474.0, 368.0
405, 202.0, 215.0
406, 64.0, 161.0
407, 452.0, 210.0
408, 172.0, 316.0
409, 327.0, 436.0
410, 111.0, 305.0
411, 196.0, 404.0
412, 66.0, 416.0
413, 435.0, 444.0
414, 421.0, 310.0
415, 502.0, 446.0
416, 408.0, 93.0
417, 351.0, 434.0
418, 442.0, 288.0
419, 275.0, 142.0
420, 515.0, 432.0
421, 131.0, 358.0
422, 391.0, 421.0
423, 135.0, 164.0
424, 284.0, 240.0
425, 351.0, 66.0
426, 95.0, 137.0
427, 15.0, 466.0
428, 305.0, 109.0
429, 179.0, 278.0
430, 24.0, 418.0
431, 454.0, 166.0
432, 172.0, 438.0
433, 188.0, 276.0
434, 60.0, 223.0
435, 355.0, 194.0
436, 394.0, 270.0
437, 424.0, 265.0
438, 515.0, 232.0
439, 40.0, 306.0
440, 404.0, 270.0
441, 395.0, 430.0
442, 303.0, 302.0
443, 243.0, 352.0
444, 417.0, 459.0
445, 120.0, 296.0
446, 230.0, 297.0
447, 430.0, 197.0
448, 545.0, 157.0
449, 97.0, 150.0
450, 344.0, 467.0
451, 385.0, 431.0
452, 189.0, 410.0
453, 732.0, 101.0
454, 371.0, 289.0
455, 584.0, 28.0
456, 498.0, 397.0
457, 515.0, 15.0
458, 268.0, 395.0
459, 458.0, 298.0
460, 383.0, 39.0
461, 281.0, 306.0
462, 507.0, 53.0
463, 418.0, 274.0
464, 179.0, 310.0
465, 343.0, 456.0
466, 414.0, 338.0
467, 698.0, 262.0
468, 465.0, 197.0
469, 465.0, 206.0
470, 416.0, 217.0
471, 127.0, 427.0
472, 526.0, 217.0
473, 454.0, 364.0
474, 269.0, 29.0
475, 356.0, 145.0
476, 88.0, 398.0
477, 113.0, 126.0
478, 293.0, 191.0
479, 132.0, 408.0
480, 173.0, 212.0
481, 133.0, 238.0
482, 725.0, 146.0
483, 105.0, 284.0
484, 275.0, 162.0
485, 297.0, 84.0
486, 424.0, 283.0
487, 76.0, 436.0
488, 259.0, 288.0
489, 299.0, 239.0
490, 264.0, 84.0
491, 399.0, 402.0
492, 303.0, 342.0
493, 213.0, 337.0
494, 48.0, 210.0
495, 282.0, 397.0
496, 72.0, 145.0
497, 123.0, 415.0
498, 335.0, 202.0
499, 57.0, 460.0
