0, 212.0, 215.0
1, 205.0, 269.0
2, 370.0, 132.0
3, 296.0, 121.0
4, 270.0, 236.0
5, 110.0, 91.0
6, 209.0, 381.0
7, 478.0, 144.0
8, 124.0, 172.0
9, 425.0, 222.0
10, 444.0, 154.0
11, 202.0, 359.0
12, 526.0, 132.0
13, 269.0, 164.0
14, 241.0, 181.0
15, 325.0, 264.0
16, 219.0, 235.0
17, 458.0, 162.0
18, 479.0, 132.0
19, 158.0, 208.0
20, 433.0, 163.0
21, 237.0, 241.0
22, 140.0, 137.0
23, 171.0, 304.0
24, 258.0, 205.0
25, 162.0, 266.0
26, 545.0, 51.0
27, 459.0, 285.0
28, 207.0, 282.0
29, 458.0, 305.0
30, 161.0, 162.0
31, 444.0, 144.0
32, 62.0, 350.0
33, 140.0, 278.0
34, 160.0, 255.0
35, 269.0, 222.0
36, 186.0, 314.0
37, 194.0, 241.0
38, 303.0, 301.0
39, 262.0, 74.0
40, 152.0, 20.0
41, 539.0, 19.0
42, 404.0, 211.0
43, 309.0, 329.0
44, 219.0, 253.0
45, 325.0, 176.0
46, 370.0, 144.0
47, 261.0, 261.0
48, 315.0, 272.0
49, 234.0, 166.0
50, 226.0, 428.0
51, 342.0, 214.0
52, 522.0, 195.0
53, 149.0, 298.0
54, 431.0, 132.0
55, 478.0, 244.0
56, 210.0, 73.0
57, 133.0, 361.0
58, 445.0, 132.0
59, 170.0, 47.0
60, 379.0, 133.0
61, 514.0, 230.0
62, 616.0, 106.0
63, 352.0, 95.0
64, 201.0, 372.0
65, 164.0, 310.0
66, 328.0, 315.0
67, 221.0, 175.0
68, 172.0, 280.0
69, 268.0, 353.0
70, 395.0, 213.0
71, 247.0, 57.0
72, 473.0, 351.0
73, 492.0, 82.0
74, 290.0, 213.0
75, 256.0, 360.0
76, 291.0, 203.0
77, 299.0, 12.0
78, 448.0, 282.0
79, 179.0, 184.0
80, 523.0, 154.0
81, 211.0, 394.0
82, 258.0, 236.0
83, 302.0, 212.0
84, 339.0, 96.0
85, 293.0, 269.0
86, 566.0, 65.0
87, 197.0, 469.0
88, 243.0, 415.0
89, 265.0, 191.0
90, 273.0, 399.0
91, 97.0, 45.0
92, 453.0, 34.0
93, 297.0, 133.0
94, 539.0, 144.0
95, 506.0, 191.0
96, 314.0, 314.0
97, 182.0, 323.0
98, 524.0, 22.0
99, 205.0, 459.0
100, 242.0, 196.0
101, 246.0, 218.0
102, 295.0, 349.0
103, 526.0, 177.0
104, 330.0, 246.0
105, 174.0, 314.0
106, 524.0, 144.0
107, 381.0, 212.0
108, 259.0, 140.0
109, 218.0, 271.0
110, 190.0, 187.0
111, 155.0, 176.0
112, 524.0, 34.0
113, 158.0, 128.0
114, 310.0, 26.0
115, 193.0, 328.0
116, 495.0, 269.0
117, 536.0, 32.0
118, 230.0, 254.0
119, 216.0, 371.0
120, 550.0, 39.0
121, 476.0, 162.0
122, 653.0, 62.0
123, 55.0, 371.0
124, 562.0, 329.0
125, 273.0, 210.0
126, 479.0, 119.0
127, 330.0, 67.0
128, 398.0, 274.0
129, 66.0, 279.0
130, 153.0, 43.0
131, 422.0, 144.0
132, 346.0, 85.0
133, 148.0, 123.0
134, 224.0, 187.0
135, 334.0, 226.0
136, 283.0, 317.0
137, 27.0, 110.0
138, 381.0, 186.0
139, 59.0, 156.0
140, 341.0, 176.0
141, 309.0, 121.0
142, 425.0, 235.0
143, 337.0, 54.0
144, 189.0, 358.0
145, 256.0, 348.0
146, 158.0, 349.0
147, 527.0, 120.0
148, 118.0, 221.0
149, 339.0, 132.0
150, 296.0, 105.0
151, 133.0, 236.0
152, 415.0, 75.0
153, 242.0, 228.0
154, 58.0, 452.0
155, 417.0, 164.0
156, 366.0, 247.0
157, 530.0, 209.0
158, 362.0, 56.0
159, 80.0, 121.0
160, 590.0, 289.0
161, 340.0, 144.0
162, 206.0, 251.0
163, 361.0, 39.0
164, 240.0, 115.0
165, 94.0, 178.0
166, 472.0, 469.0
167, 73.0, 373.0
168, 403.0, 319.0
169, 467.0, 169.0
170, 39.0, 209.0
171, 280.0, 276.0
172, 392.0, 171.0
173, 452.0, 52.0
174, 87.0, 145.0
175, 70.0, 202.0
176, 195.0, 279.0
177, 264.0, 52.0
178, 40.0, 159.0
179, 424.0, 153.0
180, 130.0, 217.0
181, 59.0, 120.0
182, 56.0, 219.0
183, 526.0, 267.0
184, 167.0, 31.0
185, 194.0, 79.0
186, 140.0, 415.0
187, 164.0, 324.0
188, 280.0, 162.0
189, 689.0, 47.0
190, 437.0, 283.0
191, 472.0, 51.0
192, 42.0, 77.0
193, 298.0, 145.0
194, 267.0, 334.0
195, 129.0, 116.0
196, 455.0, 22.0
197, 509.0, 256.0
198, 477.0, 152.0
199, 127.0, 44.0
200, 270.0, 152.0
201, 235.0, 425.0
202, 554.0, 19.0
203, 540.0, 82.0
204, 238.0, 77.0
205, 303.0, 203.0
206, 334.0, 257.0
207, 85.0, 36.0
208, 379.0, 334.0
209, 257.0, 220.0
210, 213.0, 327.0
211, 98.0, 459.0
212, 192.0, 373.0
213, 413.0, 144.0
214, 260.0, 249.0
215, 392.0, 227.0
216, 202.0, 399.0
217, 512.0, 9.0
218, 417.0, 55.0
219, 301.0, 194.0
220, 379.0, 303.0
221, 135.0, 250.0
222, 46.0, 177.0
223, 504.0, 75.0
224, 26.0, 160.0
225, 16.0, 190.0
226, 87.0, 92.0
227, 406.0, 222.0
228, 106.0, 69.0
229, 134.0, 380.0
230, 268.0, 135.0
231, 651.0, 15.0
232, 534.0, 50.0
233, 463.0, 355.0
234, 169.0, 119.0
235, 55.0, 177.0
236, 39.0, 458.0
237, 635.0, 113.0
238, 406.0, 162.0
239, 253.0, 370.0
240, 434.0, 337.0
241, 290.0, 191.0
242, 369.0, 225.0
243, 472.0, 83.0
244, 379.0, 145.0
245, 276.0, 257.0
246, 17.0, 124.0
247, 689.0, 24.0
248, 309.0, 245.0
249, 650.0, 77.0
250, 227.0, 460.0
251, 277.0, 33.0
252, 488.0, 452.0
253, 312.0, 195.0
254, 244.0, 279.0
255, 290.0, 226.0
256, 420.0, 274.0
257, 448.0, 458.0
258, 357.0, 203.0
259, 595.0, 323.0
260, 112.0, 453.0
261, 311.0, 48.0
262, 162.0, 64.0
263, 350.0, 248.0
264, 528.0, 66.0
265, 500.0, 230.0
266, 293.0, 326.0
267, 511.0, 461.0
268, 428.0, 413.0
269, 127.0, 161.0
270, 252.0, 31.0
271, 429.0, 203.0
272, 206.0, 178.0
273, 281.0, 197.0
274, 127.0, 353.0
275, 565.0, 318.0
276, 122.0, 290.0
277, 575.0, 318.0
278, 121.0, 13.0
279, 347.0, 54.0
280, 470.0, 65.0
281, 259.0, 275.0
282, 403.0, 336.0
283, 326.0, 330.0
284, 648.0, 36.0
285, 295.0, 91.0
286, 666.0, 48.0
287, 100.0, 106.0
288, 532.0, 232.0
289, 106.0, 257.0
290, 324.0, 163.0
291, 444.0, 273.0
292, 297.0, 153.0
293, 186.0, 273.0
294, 330.0, 134.0
295, 248.0, 203.0
296, 570.0, 340.0
297, 471.0, 321.0
298, 434.0, 144.0
299, 531.0, 280.0
300, 291.0, 178.0
301, 285.0, 344.0
302, 220.0, 402.0
303, 548.0, 336.0
304, 136.0, 395.0
305, 173.0, 160.0
306, 640.0, 62.0
307, 117.0, 183.0
308, 278.0, 132.0
309, 147.0, 353.0
310, 421.0, 353.0
311, 323.0, 216.0
312, 200.0, 416.0
313, 522.0, 90.0
314, 421.0, 23.0
315, 421.0, 132.0
316, 491.0, 169.0
317, 103.0, 313.0
318, 277.0, 97.0
319, 207.0, 345.0
320, 276.0, 144.0
321, 171.0, 271.0
322, 517.0, 220.0
323, 130.0, 328.0
324, 296.0, 31.0
325, 339.0, 161.0
326, 123.0, 104.0
327, 592.0, 337.0
328, 690.0, 71.0
329, 414.0, 213.0
330, 105.0, 224.0
331, 489.0, 103.0
332, 363.0, 286.0
333, 105.0, 238.0
334, 301.0, 56.0
335, 605.0, 206.0
336, 620.0, 137.0
337, 335.0, 349.0
338, 598.0, 312.0
339, 254.0, 185.0
340, 386.0, 39.0
341, 674.0, 393.0
342, 418.0, 412.0
343, 589.0, 249.0
344, 155.0, 320.0
345, 107.0, 196.0
346, 82.0, 338.0
347, 469.0, 248.0
348, 242.0, 400.0
349, 174.0, 292.0
350, 505.0, 38.0
351, 417.0, 104.0
352, 563.0, 299.0
353, 29.0, 237.0
354, 378.0, 350.0
355, 346.0, 223.0
356, 389.0, 24.0
357, 72.0, 214.0
358, 67.0, 256.0
359, 476.0, 298.0
360, 252.0, 67.0
361, 231.0, 270.0
362, 52.0, 206.0
363, 438.0, 22.0
364, 128.0, 271.0
365, 44.0, 145.0
366, 114.0, 34.0
367, 145.0, 270.0
368, 330.0, 144.0
369, 524.0, 251.0
370, 98.0, 196.0
371, 340.0, 153.0
372, 220.0, 286.0
373, 137.0, 337.0
374, 300.0, 284.0
375, 442.0, 184.0
376, 493.0, 42.0
377, 510.0, 162.0
378, 211.0, 187.0
379, 45.0, 52.0
380, 33.0, 366.0
381, 638.0, 88.0
382, 369.0, 213.0
383, 630.0, 123.0
384, 158.0, 118.0
385, 492.0, 470.0
386, 554.0, 136.0
387, 670.0, 25.0
388, 474.0, 339.0
389, 76.0, 222.0
390, 506.0, 119.0
391, 42.0, 221.0
392, 541.0, 439.0
393, 199.0, 213.0
394, 76.0, 408.0
395, 416.0, 183.0
396, 193.0, 290.0
397, 87.0, 298.0
398, 380.0, 75.0
399, 284.0, 394.0
400, 462.0, 293.0
401, 359.0, 25.0
402, 217.0, 14.0
403, 124.0, 252.0
404, 189.0, 104.0
405, 227.0, 151.0
406, 394.0, 39.0
407, 405.0, 190.0
408, 589.0, 353.0
409, 181.0, 298.0
410, 357.0, 176.0
411, 454.0, 214.0
412, 368.0, 120.0
413, 202.0, 140.0
414, 577.0, 418.0
415, 605.0, 62.0
416, 270.0, 426.0
417, 462.0, 471.0
418, 483.0, 163.0
419, 142.0, 439.0
420, 283.0, 287.0
421, 246.0, 458.0
422, 617.0, 157.0
423, 242.0, 357.0
424, 171.0, 196.0
425, 307.0, 163.0
426, 148.0, 312.0
427, 580.0, 100.0
428, 278.0, 331.0
429, 176.0, 89.0
430, 245.0, 260.0
431, 368.0, 95.0
432, 105.0, 163.0
433, 726.0, 209.0
434, 116.0, 346.0
435, 337.0, 26.0
436, 75.0, 148.0
437, 517.0, 310.0
438, 367.0, 272.0
439, 131.0, 371.0
440, 517.0, 206.0
441, 218.0, 194.0
442, 534.0, 163.0
443, 77.0, 461.0
444, 417.0, 120.0
445, 665.0, 73.0
446, 324.0, 205.0
447, 166.0, 172.0
448, 413.0, 133.0
449, 65.0, 466.0
450, 155.0, 291.0
451, 283.0, 86.0
452, 377.0, 437.0
453, 176.0, 215.0
454, 82.0, 236.0
455, 166.0, 19.0
456, 495.0, 119.0
457, 462.0, 394.0
458, 234.0, 174.0
459, 342.0, 408.0
460, 15.0, 279.0
461, 73.0, 99.0
462, 211.0, 315.0
463, 472.0, 369.0
464, 499.0, 303.0
465, 439.0, 53.0
466, 27.0, 40.0
467, 572.0, 266.0
468, 370.0, 465.0
469, 471.0, 459.0
470, 225.0, 166.0
471, 509.0, 176.0
472, 255.0, 390.0
473, 100.0, 205.0
474, 203.0, 189.0
475, 574.0, 205.0
476, 48.0, 464.0
477, 504.0, 345.0
478, 156.0, 361.0
479, 506.0, 207.0
480, 598.0, 444.0
481, 324.0, 237.0
482, 445.0, 120.0
483, 622.0, 61.0
484, 109.0, 373.0
485, 391.0, 238.0
486, 14.0, 391.0
487, 69.0, 337.0
488, 280.0, 359.0
489, 15.0, 178.0
490, 441.0, 214.0
491, 359.0, 213.0
492, 46.0, 262.0
493, 102.0, 140.0
494, 533.0, 196.0
495, 592.0, 98.0
496, 253.0, 410.0
497, 496.0, 256.0
498, 496.0, 53.0
499, 117.0, 471.0
