0, 572.0, 167.0
1, 544.0, 211.0
2, 582.0, 182.0
3, 666.0, 181.0
4, 137.0, 263.0
5, 564.0, 285.0
6, 296.0, 428.0
7, 296.0, 204.0
8, 539.0, 161.0
9, 502.0, 384.0
10, 125.0, 208.0
11, 158.0, 323.0
12, 452.0, 35.0
13, 412.0, 249.0
14, 60.0, 436.0
15, 313.0, 172.0
16, 286.0, 197.0
17, 154.0, 295.0
18, 590.0, 210.0
19, 632.0, 156.0
20, 147.0, 262.0
21, 469.0, 139.0
22, 400.0, 411.0
23, 465.0, 47.0
24, 154.0, 200.0
25, 89.0, 272.0
26, 150.0, 237.0
27, 47.0, 396.0
28, 436.0, 305.0
29, 468.0, 154.0
30, 510.0, 258.0
31, 393.0, 115.0
32, 629.0, 445.0
33, 453.0, 324.0
34, 694.0, 318.0
35, 454.0, 20.0
36, 208.0, 69.0
37, 357.0, 457.0
38, 421.0, 211.0
39, 116.0, 210.0
40, 186.0, 101.0
41, 156.0, 311.0
42, 70.0, 252.0
43, 732.0, 409.0
44, 679.0, 223.0
45, 570.0, 374.0
46, 122.0, 195.0
47, 650.0, 121.0
48, 260.0, 233.0
49, 443.0, 280.0
50, 141.0, 289.0
51, 280.0, 318.0
52, 326.0, 330.0
53, 32.0, 302.0
54, 462.0, 461.0
55, 393.0, 83.0
56, 160.0, 455.0
57, 694.0, 234.0
58, 287.0, 465.0
59, 628.0, 58.0
60, 537.0, 148.0
61, 572.0, 141.0
62, 313.0, 323.0
63, 414.0, 163.0
64, 230.0, 112.0
65, 421.0, 381.0
66, 604.0, 225.0
67, 235.0, 198.0
68, 298.0, 164.0
69, 414.0, 172.0
70, 561.0, 151.0
71, 311.0, 447.0
72, 376.0, 187.0
73, 197.0, 77.0
74, 494.0, 50.0
75, 648.0, 215.0
76, 703.0, 332.0
77, 295.0, 175.0
78, 584.0, 141.0
79, 456.0, 290.0
80, 443.0, 403.0
81, 406.0, 296.0
82, 582.0, 250.0
83, 374.0, 353.0
84, 428.0, 365.0
85, 572.0, 151.0
86, 530.0, 255.0
87, 478.0, 402.0
88, 29.0, 399.0
89, 196.0, 411.0
90, 70.0, 389.0
91, 260.0, 438.0
92, 383.0, 156.0
93, 616.0, 195.0
94, 467.0, 171.0
95, 149.0, 151.0
96, 392.0, 174.0
97, 407.0, 426.0
98, 128.0, 221.0
99, 648.0, 133.0
100, 523.0, 458.0
101, 339.0, 192.0
102, 560.0, 170.0
103, 436.0, 314.0
104, 249.0, 185.0
105, 506.0, 186.0
106, 118.0, 325.0
107, 466.0, 442.0
108, 512.0, 437.0
109, 161.0, 215.0
110, 704.0, 155.0
111, 143.0, 299.0
112, 484.0, 38.0
113, 635.0, 115.0
114, 341.0, 451.0
115, 419.0, 448.0
116, 381.0, 176.0
117, 127.0, 48.0
118, 161.0, 156.0
119, 298.0, 313.0
120, 597.0, 342.0
121, 485.0, 26.0
122, 111.0, 358.0
123, 407.0, 314.0
124, 633.0, 331.0
125, 125.0, 37.0
126, 467.0, 221.0
127, 589.0, 277.0
128, 289.0, 228.0
129, 394.0, 391.0
130, 247.0, 24.0
131, 114.0, 408.0
132, 62.0, 359.0
133, 116.0, 245.0
134, 552.0, 190.0
135, 145.0, 401.0
136, 679.0, 186.0
137, 572.0, 202.0
138, 632.0, 220.0
139, 74.0, 211.0
140, 415.0, 154.0
141, 372.0, 461.0
142, 47.0, 367.0
143, 494.0, 314.0
144, 603.0, 195.0
145, 403.0, 71.0
146, 216.0, 58.0
147, 652.0, 199.0
148, 596.0, 246.0
149, 505.0, 41.0
150, 53.0, 255.0
151, 167.0, 89.0
152, 343.0, 468.0
153, 435.0, 271.0
154, 390.0, 314.0
155, 407.0, 334.0
156, 494.0, 27.0
157, 595.0, 257.0
158, 657.0, 179.0
159, 204.0, 202.0
160, 690.0, 71.0
161, 605.0, 107.0
162, 524.0, 162.0
163, 558.0, 200.0
164, 441.0, 340.0
165, 569.0, 181.0
166, 593.0, 75.0
167, 382.0, 139.0
168, 642.0, 169.0
169, 428.0, 403.0
170, 362.0, 253.0
171, 399.0, 309.0
172, 148.0, 325.0
173, 694.0, 284.0
174, 267.0, 243.0
175, 74.0, 287.0
176, 443.0, 419.0
177, 281.0, 375.0
178, 301.0, 460.0
179, 197.0, 89.0
180, 592.0, 266.0
181, 260.0, 427.0
182, 310.0, 309.0
183, 714.0, 169.0
184, 440.0, 138.0
185, 498.0, 86.0
186, 402.0, 154.0
187, 239.0, 311.0
188, 211.0, 175.0
189, 43.0, 427.0
190, 315.0, 410.0
191, 184.0, 395.0
192, 448.0, 355.0
193, 506.0, 91.0
194, 536.0, 45.0
195, 91.0, 436.0
196, 630.0, 234.0
197, 205.0, 146.0
198, 229.0, 255.0
199, 455.0, 153.0
200, 224.0, 411.0
201, 210.0, 413.0
202, 614.0, 72.0
203, 644.0, 180.0
204, 111.0, 297.0
205, 178.0, 449.0
206, 526.0, 445.0
207, 313.0, 353.0
208, 434.0, 39.0
209, 378.0, 249.0
210, 453.0, 179.0
211, 170.0, 409.0
212, 580.0, 269.0
213, 352.0, 180.0
214, 627.0, 430.0
215, 383.0, 350.0
216, 83.0, 377.0
217, 398.0, 244.0
218, 473.0, 253.0
219, 720.0, 153.0
220, 431.0, 458.0
221, 493.0, 203.0
222, 237.0, 266.0
223, 193.0, 187.0
224, 322.0, 277.0
225, 164.0, 190.0
226, 35.0, 270.0
227, 144.0, 309.0
228, 398.0, 282.0
229, 681.0, 281.0
230, 323.0, 182.0
231, 630.0, 253.0
232, 607.0, 151.0
233, 20.0, 351.0
234, 486.0, 16.0
235, 308.0, 429.0
236, 154.0, 168.0
237, 65.0, 229.0
238, 478.0, 387.0
239, 384.0, 381.0
240, 238.0, 224.0
241, 341.0, 281.0
242, 51.0, 280.0
243, 106.0, 340.0
244, 393.0, 403.0
245, 148.0, 274.0
246, 417.0, 24.0
247, 71.0, 426.0
248, 225.0, 27.0
249, 688.0, 337.0
250, 402.0, 173.0
251, 146.0, 217.0
252, 444.0, 232.0
253, 366.0, 384.0
254, 54.0, 291.0
255, 584.0, 232.0
256, 420.0, 272.0
257, 474.0, 17.0
258, 77.0, 299.0
259, 514.0, 245.0
260, 448.0, 463.0
261, 312.0, 343.0
262, 527.0, 217.0
263, 641.0, 148.0
264, 428.0, 228.0
265, 392.0, 423.0
266, 284.0, 360.0
267, 16.0, 305.0
268, 519.0, 313.0
269, 437.0, 248.0
270, 415.0, 351.0
271, 383.0, 96.0
272, 136.0, 407.0
273, 300.0, 348.0
274, 163.0, 420.0
275, 127.0, 187.0
276, 207.0, 164.0
277, 201.0, 108.0
278, 64.0, 374.0
279, 119.0, 223.0
280, 546.0, 296.0
281, 414.0, 366.0
282, 144.0, 441.0
283, 556.0, 265.0
284, 455.0, 307.0
285, 268.0, 207.0
286, 243.0, 59.0
287, 315.0, 394.0
288, 661.0, 371.0
289, 457.0, 243.0
290, 248.0, 168.0
291, 618.0, 437.0
292, 240.0, 245.0
293, 228.0, 188.0
294, 622.0, 174.0
295, 115.0, 316.0
296, 700.0, 137.0
297, 329.0, 317.0
298, 696.0, 179.0
299, 474.0, 128.0
300, 218.0, 307.0
301, 424.0, 262.0
302, 178.0, 233.0
303, 68.0, 409.0
304, 369.0, 452.0
305, 12.0, 237.0
306, 257.0, 291.0
307, 128.0, 431.0
308, 689.0, 247.0
309, 727.0, 314.0
310, 709.0, 74.0
311, 197.0, 163.0
312, 16.0, 85.0
313, 485.0, 83.0
314, 105.0, 270.0
315, 725.0, 107.0
316, 441.0, 63.0
317, 9.0, 402.0
318, 405.0, 467.0
319, 544.0, 257.0
320, 548.0, 36.0
321, 708.0, 275.0
322, 710.0, 179.0
323, 474.0, 37.0
324, 98.0, 375.0
325, 163.0, 199.0
326, 688.0, 174.0
327, 219.0, 186.0
328, 704.0, 124.0
329, 161.0, 258.0
330, 102.0, 225.0
331, 84.0, 174.0
332, 707.0, 106.0
333, 621.0, 84.0
334, 392.0, 339.0
335, 190.0, 422.0
336, 561.0, 378.0
337, 158.0, 121.0
338, 139.0, 276.0
339, 298.0, 449.0
340, 67.0, 340.0
341, 515.0, 36.0
342, 171.0, 182.0
343, 606.0, 319.0
344, 21.0, 442.0
345, 450.0, 451.0
346, 295.0, 187.0
347, 438.0, 293.0
348, 417.0, 413.0
349, 672.0, 165.0
350, 313.0, 186.0
351, 113.0, 307.0
352, 424.0, 83.0
353, 403.0, 115.0
354, 622.0, 340.0
355, 678.0, 251.0
356, 339.0, 56.0
357, 650.0, 321.0
358, 423.0, 312.0
359, 243.0, 123.0
360, 489.0, 164.0
361, 457.0, 84.0
362, 335.0, 171.0
363, 108.0, 245.0
364, 287.0, 153.0
365, 404.0, 456.0
366, 93.0, 213.0
367, 312.0, 470.0
368, 637.0, 91.0
369, 451.0, 202.0
370, 486.0, 100.0
371, 395.0, 369.0
372, 210.0, 404.0
373, 203.0, 376.0
374, 183.0, 378.0
375, 467.0, 186.0
376, 737.0, 166.0
377, 586.0, 23.0
378, 422.0, 292.0
379, 502.0, 335.0
380, 595.0, 361.0
381, 142.0, 112.0
382, 736.0, 186.0
383, 631.0, 23.0
384, 200.0, 310.0
385, 429.0, 247.0
386, 357.0, 403.0
387, 650.0, 90.0
388, 561.0, 226.0
389, 198.0, 295.0
390, 225.0, 58.0
391, 389.0, 238.0
392, 383.0, 219.0
393, 298.0, 335.0
394, 250.0, 199.0
395, 444.0, 289.0
396, 32.0, 439.0
397, 404.0, 132.0
398, 361.0, 308.0
399, 576.0, 75.0
400, 697.0, 225.0
401, 482.0, 48.0
402, 489.0, 256.0
403, 240.0, 95.0
404, 416.0, 114.0
405, 281.0, 275.0
406, 161.0, 139.0
407, 402.0, 347.0
408, 387.0, 268.0
409, 327.0, 199.0
410, 9.0, 358.0
411, 440.0, 79.0
412, 640.0, 243.0
413, 713.0, 86.0
414, 250.0, 45.0
415, 485.0, 411.0
416, 666.0, 68.0
417, 673.0, 94.0
418, 725.0, 233.0
419, 383.0, 117.0
420, 132.0, 321.0
421, 535.0, 371.0
422, 106.0, 156.0
423, 700.0, 83.0
424, 490.0, 145.0
425, 668.0, 275.0
426, 313.0, 222.0
427, 385.0, 393.0
428, 69.0, 194.0
429, 431.0, 390.0
430, 282.0, 435.0
431, 206.0, 230.0
432, 683.0, 85.0
433, 261.0, 324.0
434, 506.0, 153.0
435, 253.0, 221.0
436, 644.0, 234.0
437, 66.0, 311.0
438, 642.0, 66.0
439, 38.0, 283.0
440, 516.0, 328.0
441, 373.0, 343.0
442, 410.0, 78.0
443, 167.0, 290.0
444, 608.0, 349.0
445, 388.0, 294.0
446, 126.0, 11.0
447, 682.0, 153.0
448, 397.0, 231.0
449, 287.0, 140.0
450, 653.0, 105.0
451, 206.0, 388.0
452, 409.0, 374.0
453, 219.0, 91.0
454, 139.0, 420.0
455, 352.0, 149.0
456, 637.0, 196.0
457, 79.0, 443.0
458, 431.0, 433.0
459, 100.0, 28.0
460, 721.0, 59.0
461, 603.0, 26.0
462, 482.0, 226.0
463, 527.0, 205.0
464, 218.0, 157.0
465, 138.0, 210.0
466, 402.0, 165.0
467, 85.0, 344.0
468, 180.0, 288.0
469, 503.0, 397.0
470, 738.0, 87.0
471, 580.0, 377.0
472, 627.0, 71.0
473, 356.0, 376.0
474, 483.0, 69.0
475, 599.0, 215.0
476, 505.0, 321.0
477, 89.0, 332.0
478, 514.0, 424.0
479, 375.0, 165.0
480, 105.0, 437.0
481, 238.0, 78.0
482, 422.0, 102.0
483, 332.0, 294.0
484, 109.0, 348.0
485, 441.0, 103.0
486, 128.0, 303.0
487, 612.0, 187.0
488, 389.0, 284.0
489, 183.0, 299.0
490, 428.0, 181.0
491, 689.0, 275.0
492, 85.0, 365.0
493, 616.0, 145.0
494, 116.0, 422.0
495, 313.0, 198.0
496, 467.0, 24.0
497, 737.0, 350.0
498, 146.0, 137.0
499, 26.0, 362.0
