0, 194.0, 148.0
1, 295.0, 60.0
2, 338.0, 244.0
3, 229.0, 199.0
4, 244.0, 56.0
5, 373.0, 132.0
6, 199.0, 268.0
7, 469.0, 47.0
8, 223.0, 180.0
9, 289.0, 176.0
10, 304.0, 126.0
11, 338.0, 257.0
12, 145.0, 176.0
13, 322.0, 238.0
14, 303.0, 42.0
15, 397.0, 150.0
16, 442.0, 203.0
17, 538.0, 84.0
18, 286.0, 109.0
19, 99.0, 231.0
20, 232.0, 147.0
21, 242.0, 115.0
22, 526.0, 166.0
23, 260.0, 149.0
24, 235.0, 129.0
25, 253.0, 156.0
26, 399.0, 138.0
27, 219.0, 145.0
28, 197.0, 246.0
29, 281.0, 169.0
30, 405.0, 124.0
31, 529.0, 154.0
32, 444.0, 149.0
33, 311.0, 223.0
34, 485.0, 152.0
35, 163.0, 241.0
36, 120.0, 299.0
37, 49.0, 68.0
38, 243.0, 253.0
39, 376.0, 11.0
40, 242.0, 215.0
41, 452.0, 137.0
42, 566.0, 162.0
43, 512.0, 52.0
44, 430.0, 56.0
45, 203.0, 54.0
46, 254.0, 281.0
47, 128.0, 291.0
48, 170.0, 156.0
49, 168.0, 224.0
50, 305.0, 204.0
51, 294.0, 71.0
52, 246.0, 179.0
53, 398.0, 211.0
54, 195.0, 301.0
55, 139.0, 300.0
56, 205.0, 288.0
57, 403.0, 239.0
58, 171.0, 282.0
59, 48.0, 168.0
60, 509.0, 94.0
61, 445.0, 131.0
62, 499.0, 81.0
63, 434.0, 114.0
64, 228.0, 246.0
65, 617.0, 143.0
66, 607.0, 153.0
67, 108.0, 244.0
68, 146.0, 242.0
69, 241.0, 272.0
70, 208.0, 83.0
71, 529.0, 94.0
72, 530.0, 77.0
73, 93.0, 313.0
74, 516.0, 153.0
75, 525.0, 264.0
76, 273.0, 277.0
77, 294.0, 99.0
78, 424.0, 175.0
79, 172.0, 262.0
80, 562.0, 67.0
81, 200.0, 210.0
82, 179.0, 242.0
83, 356.0, 26.0
84, 259.0, 57.0
85, 230.0, 237.0
86, 449.0, 224.0
87, 387.0, 11.0
88, 499.0, 240.0
89, 259.0, 260.0
90, 666.0, 122.0
91, 42.0, 155.0
92, 409.0, 97.0
93, 310.0, 191.0
94, 360.0, 82.0
95, 306.0, 265.0
96, 489.0, 77.0
97, 604.0, 26.0
98, 554.0, 36.0
99, 185.0, 207.0
100, 523.0, 138.0
101, 564.0, 12.0
102, 507.0, 277.0
103, 481.0, 95.0
104, 198.0, 226.0
105, 431.0, 133.0
106, 412.0, 296.0
107, 215.0, 276.0
108, 517.0, 174.0
109, 248.0, 34.0
110, 179.0, 303.0
111, 607.0, 129.0
112, 492.0, 50.0
113, 315.0, 133.0
114, 475.0, 319.0
115, 489.0, 228.0
116, 427.0, 75.0
117, 630.0, 128.0
118, 244.0, 155.0
119, 514.0, 165.0
120, 229.0, 209.0
121, 203.0, 193.0
122, 317.0, 212.0
123, 709.0, 218.0
124, 283.0, 97.0
125, 376.0, 22.0
126, 471.0, 145.0
127, 490.0, 180.0
128, 57.0, 77.0
129, 80.0, 60.0
130, 358.0, 63.0
131, 32.0, 222.0
132, 736.0, 133.0
133, 145.0, 261.0
134, 252.0, 143.0
135, 548.0, 196.0
136, 573.0, 189.0
137, 230.0, 225.0
138, 662.0, 278.0
139, 395.0, 117.0
140, 227.0, 265.0
141, 338.0, 102.0
142, 365.0, 142.0
143, 189.0, 284.0
144, 710.0, 186.0
145, 718.0, 143.0
146, 718.0, 196.0
147, 183.0, 109.0
148, 389.0, 108.0
149, 471.0, 127.0
150, 117.0, 310.0
151, 207.0, 145.0
152, 188.0, 195.0
153, 156.0, 147.0
154, 307.0, 280.0
155, 46.0, 103.0
156, 156.0, 270.0
157, 593.0, 116.0
158, 563.0, 116.0
159, 682.0, 130.0
160, 113.0, 163.0
161, 347.0, 147.0
162, 493.0, 95.0
163, 588.0, 91.0
164, 137.0, 290.0
165, 271.0, 92.0
166, 188.0, 65.0
167, 693.0, 230.0
168, 465.0, 58.0
169, 114.0, 214.0
170, 147.0, 271.0
171, 336.0, 210.0
172, 446.0, 116.0
173, 211.0, 36.0
174, 594.0, 134.0
175, 322.0, 186.0
176, 526.0, 122.0
177, 126.0, 309.0
178, 93.0, 281.0
179, 82.0, 296.0
180, 717.0, 52.0
181, 437.0, 65.0
182, 406.0, 225.0
183, 29.0, 158.0
184, 199.0, 26.0
185, 210.0, 171.0
186, 443.0, 185.0
187, 520.0, 337.0
188, 212.0, 255.0
189, 551.0, 92.0
190, 406.0, 193.0
191, 395.0, 303.0
192, 90.0, 29.0
193, 77.0, 30.0
194, 322.0, 200.0
195, 618.0, 131.0
196, 206.0, 65.0
197, 424.0, 200.0
198, 305.0, 72.0
199, 582.0, 18.0
200, 122.0, 169.0
201, 16.0, 246.0
202, 478.0, 201.0
203, 382.0, 233.0
204, 608.0, 142.0
205, 407.0, 311.0
206, 246.0, 234.0
207, 684.0, 166.0
208, 501.0, 165.0
209, 348.0, 138.0
210, 290.0, 51.0
211, 290.0, 271.0
212, 373.0, 108.0
213, 153.0, 10.0
214, 394.0, 25.0
215, 641.0, 175.0
216, 547.0, 120.0
217, 385.0, 123.0
218, 561.0, 137.0
219, 456.0, 83.0
220, 361.0, 251.0
221, 343.0, 232.0
222, 648.0, 342.0
223, 226.0, 66.0
224, 343.0, 16.0
225, 85.0, 132.0
226, 483.0, 175.0
227, 365.0, 24.0
228, 57.0, 38.0
229, 16.0, 133.0
230, 433.0, 123.0
231, 39.0, 81.0
232, 429.0, 159.0
233, 436.0, 20.0
234, 299.0, 183.0
235, 481.0, 106.0
236, 508.0, 107.0
237, 273.0, 163.0
238, 545.0, 352.0
239, 571.0, 60.0
240, 159.0, 303.0
241, 725.0, 206.0
242, 356.0, 315.0
243, 226.0, 190.0
244, 608.0, 8.0
245, 420.0, 125.0
246, 97.0, 150.0
247, 356.0, 156.0
248, 486.0, 289.0
249, 446.0, 299.0
250, 272.0, 59.0
251, 254.0, 187.0
252, 411.0, 75.0
253, 223.0, 84.0
254, 478.0, 214.0
255, 214.0, 187.0
256, 515.0, 365.0
257, 78.0, 45.0
258, 429.0, 148.0
259, 381.0, 96.0
260, 684.0, 213.0
261, 153.0, 253.0
262, 323.0, 65.0
263, 352.0, 102.0
264, 152.0, 226.0
265, 493.0, 152.0
266, 128.0, 318.0
267, 659.0, 17.0
268, 162.0, 162.0
269, 720.0, 132.0
270, 421.0, 108.0
271, 320.0, 110.0
272, 129.0, 189.0
273, 411.0, 28.0
274, 685.0, 157.0
275, 463.0, 295.0
276, 484.0, 162.0
277, 430.0, 291.0
278, 738.0, 44.0
279, 487.0, 279.0
280, 37.0, 240.0
281, 566.0, 93.0
282, 131.0, 279.0
283, 268.0, 172.0
284, 463.0, 76.0
285, 214.0, 234.0
286, 127.0, 262.0
287, 438.0, 55.0
288, 360.0, 165.0
289, 119.0, 251.0
290, 201.0, 109.0
291, 258.0, 271.0
292, 285.0, 72.0
293, 682.0, 27.0
294, 316.0, 39.0
295, 553.0, 113.0
296, 462.0, 95.0
297, 148.0, 315.0
298, 554.0, 46.0
299, 276.0, 181.0
300, 643.0, 98.0
301, 435.0, 82.0
302, 601.0, 89.0
303, 153.0, 168.0
304, 104.0, 293.0
305, 62.0, 50.0
306, 480.0, 117.0
307, 182.0, 230.0
308, 224.0, 108.0
309, 550.0, 161.0
310, 719.0, 64.0
311, 173.0, 11.0
312, 502.0, 62.0
313, 470.0, 173.0
314, 542.0, 318.0
315, 191.0, 87.0
316, 137.0, 32.0
317, 300.0, 109.0
318, 583.0, 100.0
319, 261.0, 201.0
320, 295.0, 197.0
321, 471.0, 29.0
322, 388.0, 194.0
323, 467.0, 106.0
324, 725.0, 108.0
325, 631.0, 338.0
326, 99.0, 63.0
327, 353.0, 50.0
328, 45.0, 118.0
329, 88.0, 257.0
330, 296.0, 118.0
331, 73.0, 103.0
332, 417.0, 57.0
333, 578.0, 135.0
334, 733.0, 172.0
335, 136.0, 261.0
336, 391.0, 243.0
337, 533.0, 144.0
338, 180.0, 253.0
339, 76.0, 282.0
340, 637.0, 49.0
341, 488.0, 187.0
342, 524.0, 56.0
343, 611.0, 295.0
344, 93.0, 290.0
345, 503.0, 329.0
346, 365.0, 16.0
347, 279.0, 428.0
348, 81.0, 121.0
349, 736.0, 32.0
350, 139.0, 229.0
351, 189.0, 76.0
352, 173.0, 211.0
353, 639.0, 22.0
354, 111.0, 133.0
355, 638.0, 185.0
356, 505.0, 140.0
357, 106.0, 279.0
358, 697.0, 72.0
359, 515.0, 270.0
360, 730.0, 422.0
361, 503.0, 176.0
362, 322.0, 140.0
363, 230.0, 25.0
364, 140.0, 280.0
365, 334.0, 181.0
366, 125.0, 128.0
367, 476.0, 345.0
368, 35.0, 98.0
369, 550.0, 59.0
370, 626.0, 173.0
371, 235.0, 288.0
372, 62.0, 61.0
373, 622.0, 48.0
374, 223.0, 170.0
375, 132.0, 171.0
376, 24.0, 92.0
377, 492.0, 142.0
378, 118.0, 150.0
379, 675.0, 245.0
380, 177.0, 195.0
381, 183.0, 119.0
382, 331.0, 324.0
383, 559.0, 145.0
384, 232.0, 55.0
385, 741.0, 189.0
386, 274.0, 46.0
387, 241.0, 48.0
388, 456.0, 115.0
389, 136.0, 338.0
390, 595.0, 169.0
391, 737.0, 387.0
392, 546.0, 133.0
393, 137.0, 271.0
394, 332.0, 48.0
395, 238.0, 140.0
396, 269.0, 362.0
397, 215.0, 218.0
398, 35.0, 192.0
399, 420.0, 190.0
400, 130.0, 243.0
401, 553.0, 309.0
402, 262.0, 244.0
403, 592.0, 312.0
404, 112.0, 102.0
405, 42.0, 177.0
406, 543.0, 254.0
407, 738.0, 17.0
408, 287.0, 240.0
409, 282.0, 339.0
410, 476.0, 154.0
411, 421.0, 145.0
412, 551.0, 77.0
413, 152.0, 282.0
414, 541.0, 219.0
415, 627.0, 136.0
416, 546.0, 175.0
417, 98.0, 164.0
418, 292.0, 260.0
419, 707.0, 170.0
420, 525.0, 245.0
421, 127.0, 148.0
422, 696.0, 133.0
423, 140.0, 328.0
424, 324.0, 262.0
425, 56.0, 94.0
426, 223.0, 292.0
427, 378.0, 153.0
428, 189.0, 265.0
429, 103.0, 303.0
430, 550.0, 228.0
431, 235.0, 97.0
432, 637.0, 127.0
433, 97.0, 131.0
434, 570.0, 78.0
435, 521.0, 106.0
436, 341.0, 151.0
437, 212.0, 107.0
438, 378.0, 191.0
439, 129.0, 45.0
440, 286.0, 229.0
441, 529.0, 314.0
442, 285.0, 189.0
443, 488.0, 39.0
444, 69.0, 133.0
445, 511.0, 78.0
446, 245.0, 68.0
447, 381.0, 55.0
448, 163.0, 261.0
449, 106.0, 311.0
450, 434.0, 43.0
451, 509.0, 289.0
452, 348.0, 27.0
453, 209.0, 98.0
454, 121.0, 200.0
455, 131.0, 8.0
456, 332.0, 92.0
457, 117.0, 280.0
458, 717.0, 153.0
459, 56.0, 225.0
460, 588.0, 23.0
461, 414.0, 215.0
462, 165.0, 201.0
463, 273.0, 418.0
464, 252.0, 98.0
465, 256.0, 107.0
466, 543.0, 101.0
467, 488.0, 8.0
468, 405.0, 133.0
469, 667.0, 223.0
470, 73.0, 152.0
471, 485.0, 30.0
472, 661.0, 101.0
473, 265.0, 106.0
474, 65.0, 120.0
475, 349.0, 221.0
476, 352.0, 14.0
477, 475.0, 76.0
478, 213.0, 205.0
479, 324.0, 24.0
480, 395.0, 97.0
481, 328.0, 36.0
482, 108.0, 30.0
483, 181.0, 264.0
484, 476.0, 165.0
485, 177.0, 136.0
486, 347.0, 163.0
487, 519.0, 296.0
488, 96.0, 249.0
489, 496.0, 284.0
490, 416.0, 319.0
491, 224.0, 51.0
492, 301.0, 247.0
493, 619.0, 180.0
494, 410.0, 40.0
495, 40.0, 54.0
496, 114.0, 232.0
497, 529.0, 113.0
498, 340.0, 53.0
499, 408.0, 155.0
