0, 297.0, 295.0
1, 459.0, 236.0
2, 81.0, 431.0
3, 348.0, 127.0
4, 403.0, 407.0
5, 523.0, 417.0
6, 573.0, 326.0
7, 539.0, 153.0
8, 392.0, 34.0
9, 568.0, 334.0
10, 408.0, 294.0
11, 371.0, 221.0
12, 660.0, 203.0
13, 372.0, 200.0
14, 631.0, 312.0
15, 668.0, 51.0
16, 719.0, 212.0
17, 312.0, 425.0
18, 549.0, 132.0
19, 547.0, 145.0
20, 300.0, 220.0
21, 386.0, 151.0
22, 577.0, 424.0
23, 487.0, 398.0
24, 450.0, 450.0
25, 575.0, 300.0
26, 239.0, 73.0
27, 232.0, 277.0
28, 249.0, 401.0
29, 499.0, 362.0
30, 380.0, 31.0
31, 624.0, 465.0
32, 285.0, 250.0
33, 135.0, 171.0
34, 649.0, 370.0
35, 496.0, 280.0
36, 484.0, 241.0
37, 420.0, 410.0
38, 444.0, 244.0
39, 483.0, 265.0
40, 648.0, 186.0
41, 592.0, 178.0
42, 427.0, 156.0
43, 510.0, 218.0
44, 118.0, 297.0
45, 70.0, 363.0
46, 468.0, 439.0
47, 435.0, 419.0
48, 135.0, 273.0
49, 440.0, 26.0
50, 540.0, 347.0
51, 195.0, 137.0
52, 591.0, 115.0
53, 368.0, 323.0
54, 64.0, 328.0
55, 151.0, 457.0
56, 420.0, 101.0
57, 33.0, 307.0
58, 489.0, 113.0
59, 458.0, 79.0
60, 408.0, 281.0
61, 423.0, 210.0
62, 308.0, 321.0
63, 267.0, 76.0
64, 407.0, 37.0
65, 678.0, 45.0
66, 412.0, 58.0
67, 563.0, 324.0
68, 326.0, 296.0
69, 147.0, 314.0
70, 281.0, 307.0
71, 65.0, 395.0
72, 251.0, 154.0
73, 241.0, 100.0
74, 675.0, 412.0
75, 147.0, 342.0
76, 391.0, 335.0
77, 228.0, 467.0
78, 665.0, 187.0
79, 158.0, 78.0
80, 543.0, 164.0
81, 529.0, 399.0
82, 332.0, 401.0
83, 608.0, 373.0
84, 246.0, 271.0
85, 135.0, 457.0
86, 242.0, 112.0
87, 375.0, 159.0
88, 616.0, 165.0
89, 342.0, 323.0
90, 724.0, 195.0
91, 583.0, 213.0
92, 570.0, 158.0
93, 522.0, 429.0
94, 497.0, 389.0
95, 140.0, 100.0
96, 402.0, 343.0
97, 233.0, 292.0
98, 500.0, 351.0
99, 642.0, 211.0
100, 232.0, 311.0
101, 499.0, 429.0
102, 578.0, 285.0
103, 475.0, 361.0
104, 200.0, 360.0
105, 644.0, 201.0
106, 511.0, 227.0
107, 273.0, 274.0
108, 44.0, 448.0
109, 695.0, 250.0
110, 589.0, 233.0
111, 104.0, 447.0
112, 170.0, 320.0
113, 123.0, 459.0
114, 531.0, 301.0
115, 445.0, 316.0
116, 643.0, 451.0
117, 705.0, 310.0
118, 106.0, 299.0
119, 519.0, 299.0
120, 519.0, 405.0
121, 215.0, 191.0
122, 435.0, 209.0
123, 652.0, 228.0
124, 128.0, 373.0
125, 740.0, 433.0
126, 477.0, 106.0
127, 257.0, 66.0
128, 273.0, 410.0
129, 237.0, 157.0
130, 230.0, 89.0
131, 622.0, 310.0
132, 625.0, 336.0
133, 612.0, 338.0
134, 605.0, 241.0
135, 488.0, 290.0
136, 493.0, 377.0
137, 395.0, 280.0
138, 416.0, 368.0
139, 213.0, 172.0
140, 467.0, 161.0
141, 503.0, 111.0
142, 309.0, 217.0
143, 586.0, 248.0
144, 341.0, 264.0
145, 395.0, 55.0
146, 667.0, 402.0
147, 195.0, 126.0
148, 652.0, 169.0
149, 595.0, 252.0
150, 117.0, 359.0
151, 113.0, 384.0
152, 234.0, 169.0
153, 328.0, 119.0
154, 72.0, 417.0
155, 685.0, 430.0
156, 311.0, 160.0
157, 481.0, 72.0
158, 625.0, 26.0
159, 479.0, 162.0
160, 325.0, 90.0
161, 204.0, 72.0
162, 398.0, 184.0
163, 150.0, 269.0
164, 542.0, 173.0
165, 308.0, 73.0
166, 339.0, 230.0
167, 316.0, 64.0
168, 581.0, 69.0
169, 392.0, 20.0
170, 379.0, 223.0
171, 708.0, 426.0
172, 297.0, 309.0
173, 740.0, 198.0
174, 688.0, 418.0
175, 496.0, 227.0
176, 28.0, 401.0
177, 589.0, 346.0
178, 178.0, 362.0
179, 350.0, 163.0
180, 317.0, 230.0
181, 417.0, 432.0
182, 578.0, 95.0
183, 77.0, 388.0
184, 617.0, 243.0
185, 589.0, 314.0
186, 156.0, 375.0
187, 483.0, 277.0
188, 449.0, 429.0
189, 459.0, 383.0
190, 587.0, 298.0
191, 133.0, 350.0
192, 384.0, 242.0
193, 51.0, 429.0
194, 461.0, 107.0
195, 610.0, 19.0
196, 293.0, 438.0
197, 715.0, 224.0
198, 408.0, 259.0
199, 175.0, 70.0
200, 302.0, 238.0
201, 227.0, 451.0
202, 125.0, 332.0
203, 412.0, 310.0
204, 65.0, 373.0
205, 80.0, 398.0
206, 702.0, 367.0
207, 312.0, 399.0
208, 629.0, 378.0
209, 599.0, 342.0
210, 601.0, 333.0
211, 419.0, 89.0
212, 226.0, 132.0
213, 299.0, 173.0
214, 451.0, 264.0
215, 246.0, 304.0
216, 657.0, 215.0
217, 49.0, 284.0
218, 146.0, 364.0
219, 247.0, 167.0
220, 434.0, 163.0
221, 498.0, 440.0
222, 568.0, 44.0
223, 592.0, 277.0
224, 723.0, 443.0
225, 219.0, 456.0
226, 212.0, 101.0
227, 638.0, 291.0
228, 292.0, 420.0
229, 169.0, 43.0
230, 619.0, 372.0
231, 64.0, 88.0
232, 691.0, 442.0
233, 400.0, 66.0
234, 75.0, 461.0
235, 606.0, 322.0
236, 519.0, 206.0
237, 638.0, 376.0
238, 270.0, 315.0
239, 536.0, 369.0
240, 209.0, 125.0
241, 408.0, 21.0
242, 710.0, 336.0
243, 578.0, 159.0
244, 48.0, 461.0
245, 533.0, 190.0
246, 598.0, 288.0
247, 515.0, 445.0
248, 248.0, 285.0
249, 413.0, 400.0
250, 670.0, 171.0
251, 537.0, 391.0
252, 108.0, 462.0
253, 521.0, 391.0
254, 410.0, 71.0
255, 470.0, 193.0
256, 371.0, 235.0
257, 547.0, 74.0
258, 557.0, 260.0
259, 280.0, 156.0
260, 280.0, 76.0
261, 288.0, 335.0
262, 454.0, 59.0
263, 191.0, 71.0
264, 154.0, 470.0
265, 447.0, 388.0
266, 742.0, 388.0
267, 178.0, 284.0
268, 455.0, 470.0
269, 602.0, 141.0
270, 100.0, 222.0
271, 566.0, 314.0
272, 588.0, 450.0
273, 506.0, 402.0
274, 167.0, 28.0
275, 688.0, 105.0
276, 312.0, 207.0
277, 480.0, 98.0
278, 227.0, 189.0
279, 730.0, 418.0
280, 100.0, 372.0
281, 690.0, 45.0
282, 566.0, 15.0
283, 359.0, 170.0
284, 319.0, 18.0
285, 300.0, 195.0
286, 476.0, 218.0
287, 605.0, 180.0
288, 545.0, 294.0
289, 125.0, 390.0
290, 43.0, 407.0
291, 155.0, 107.0
292, 530.0, 444.0
293, 308.0, 84.0
294, 550.0, 207.0
295, 432.0, 238.0
296, 31.0, 411.0
297, 556.0, 337.0
298, 531.0, 22.0
299, 452.0, 420.0
300, 582.0, 332.0
301, 431.0, 296.0
302, 372.0, 171.0
303, 330.0, 234.0
304, 78.0, 86.0
305, 363.0, 372.0
306, 628.0, 11.0
307, 285.0, 268.0
308, 186.0, 339.0
309, 425.0, 25.0
310, 586.0, 363.0
311, 587.0, 202.0
312, 225.0, 74.0
313, 313.0, 146.0
314, 445.0, 120.0
315, 723.0, 363.0
316, 558.0, 388.0
317, 279.0, 450.0
318, 433.0, 453.0
319, 565.0, 187.0
320, 462.0, 412.0
321, 579.0, 470.0
322, 411.0, 445.0
323, 501.0, 236.0
324, 370.0, 149.0
325, 130.0, 77.0
326, 300.0, 208.0
327, 395.0, 291.0
328, 358.0, 122.0
329, 716.0, 454.0
330, 604.0, 125.0
331, 65.0, 467.0
332, 663.0, 130.0
333, 466.0, 62.0
334, 565.0, 172.0
335, 481.0, 386.0
336, 558.0, 285.0
337, 202.0, 53.0
338, 378.0, 336.0
339, 158.0, 68.0
340, 648.0, 242.0
341, 277.0, 428.0
342, 11.0, 380.0
343, 419.0, 38.0
344, 699.0, 326.0
345, 284.0, 426.0
346, 609.0, 415.0
347, 146.0, 326.0
348, 377.0, 262.0
349, 62.0, 70.0
350, 22.0, 384.0
351, 309.0, 391.0
352, 595.0, 85.0
353, 534.0, 289.0
354, 552.0, 53.0
355, 172.0, 393.0
356, 461.0, 449.0
357, 294.0, 460.0
358, 354.0, 380.0
359, 681.0, 69.0
360, 539.0, 439.0
361, 666.0, 283.0
362, 311.0, 301.0
363, 234.0, 421.0
364, 641.0, 27.0
365, 552.0, 248.0
366, 722.0, 240.0
367, 487.0, 253.0
368, 339.0, 206.0
369, 676.0, 95.0
370, 736.0, 140.0
371, 551.0, 113.0
372, 632.0, 244.0
373, 567.0, 403.0
374, 678.0, 445.0
375, 306.0, 119.0
376, 319.0, 385.0
377, 90.0, 238.0
378, 218.0, 441.0
379, 374.0, 280.0
380, 564.0, 67.0
381, 464.0, 87.0
382, 724.0, 399.0
383, 359.0, 277.0
384, 467.0, 14.0
385, 736.0, 462.0
386, 372.0, 300.0
387, 618.0, 326.0
388, 445.0, 15.0
389, 739.0, 56.0
390, 407.0, 246.0
391, 570.0, 211.0
392, 419.0, 112.0
393, 239.0, 122.0
394, 556.0, 375.0
395, 698.0, 456.0
396, 502.0, 123.0
397, 445.0, 225.0
398, 177.0, 81.0
399, 728.0, 298.0
400, 584.0, 387.0
401, 116.0, 318.0
402, 648.0, 403.0
403, 241.0, 53.0
404, 107.0, 249.0
405, 276.0, 55.0
406, 248.0, 324.0
407, 668.0, 421.0
408, 572.0, 147.0
409, 503.0, 324.0
410, 213.0, 419.0
411, 662.0, 101.0
412, 219.0, 259.0
413, 122.0, 437.0
414, 711.0, 236.0
415, 115.0, 280.0
416, 704.0, 137.0
417, 496.0, 165.0
418, 633.0, 448.0
419, 705.0, 378.0
420, 565.0, 243.0
421, 137.0, 386.0
422, 458.0, 121.0
423, 576.0, 127.0
424, 612.0, 307.0
425, 27.0, 150.0
426, 316.0, 169.0
427, 11.0, 208.0
428, 245.0, 338.0
429, 255.0, 80.0
430, 338.0, 467.0
431, 68.0, 449.0
432, 152.0, 99.0
433, 17.0, 259.0
434, 316.0, 191.0
435, 347.0, 332.0
436, 101.0, 471.0
437, 363.0, 181.0
438, 381.0, 18.0
439, 154.0, 296.0
440, 43.0, 263.0
441, 53.0, 301.0
442, 674.0, 370.0
443, 263.0, 87.0
444, 116.0, 187.0
445, 194.0, 379.0
446, 735.0, 216.0
447, 466.0, 275.0
448, 616.0, 295.0
449, 476.0, 424.0
450, 63.0, 124.0
451, 120.0, 204.0
452, 433.0, 72.0
453, 576.0, 313.0
454, 345.0, 388.0
455, 454.0, 328.0
456, 502.0, 246.0
457, 591.0, 427.0
458, 550.0, 342.0
459, 560.0, 30.0
460, 358.0, 151.0
461, 594.0, 416.0
462, 579.0, 405.0
463, 372.0, 359.0
464, 426.0, 124.0
465, 214.0, 160.0
466, 627.0, 435.0
467, 709.0, 126.0
468, 120.0, 347.0
469, 519.0, 251.0
470, 596.0, 301.0
471, 469.0, 404.0
472, 562.0, 77.0
473, 53.0, 381.0
474, 366.0, 130.0
475, 659.0, 364.0
476, 619.0, 70.0
477, 529.0, 163.0
478, 395.0, 302.0
479, 540.0, 418.0
480, 131.0, 420.0
481, 559.0, 209.0
482, 336.0, 166.0
483, 528.0, 110.0
484, 323.0, 332.0
485, 360.0, 218.0
486, 740.0, 80.0
487, 723.0, 346.0
488, 432.0, 435.0
489, 381.0, 188.0
490, 478.0, 349.0
491, 222.0, 240.0
492, 336.0, 22.0
493, 8.0, 455.0
494, 170.0, 331.0
495, 696.0, 72.0
496, 549.0, 64.0
497, 418.0, 171.0
498, 682.0, 399.0
499, 74.0, 69.0
