0, 257.0, 83.0
1, 100.0, 203.0
2, 355.0, 166.0
3, 506.0, 121.0
4, 357.0, 154.0
5, 634.0, 161.0
6, 561.0, 52.0
7, 22.0, 70.0
8, 152.0, 179.0
9, 350.0, 36.0
10, 388.0, 164.0
11, 351.0, 24.0
12, 239.0, 188.0
13, 314.0, 23.0
14, 488.0, 94.0
15, 432.0, 143.0
16, 632.0, 51.0
17, 410.0, 134.0
18, 87.0, 184.0
19, 190.0, 78.0
20, 141.0, 69.0
21, 63.0, 163.0
22, 475.0, 75.0
23, 451.0, 73.0
24, 705.0, 316.0
25, 619.0, 137.0
26, 210.0, 28.0
27, 130.0, 185.0
28, 217.0, 145.0
29, 425.0, 79.0
30, 181.0, 107.0
31, 532.0, 83.0
32, 509.0, 95.0
33, 187.0, 123.0
34, 684.0, 52.0
35, 337.0, 11.0
36, 586.0, 143.0
37, 592.0, 47.0
38, 331.0, 167.0
39, 444.0, 141.0
40, 231.0, 204.0
41, 414.0, 98.0
42, 268.0, 94.0
43, 496.0, 99.0
44, 651.0, 149.0
45, 688.0, 147.0
46, 468.0, 128.0
47, 362.0, 24.0
48, 575.0, 145.0
49, 204.0, 202.0
50, 480.0, 126.0
51, 355.0, 119.0
52, 127.0, 161.0
53, 130.0, 79.0
54, 212.0, 137.0
55, 339.0, 25.0
56, 443.0, 112.0
57, 183.0, 89.0
58, 488.0, 110.0
59, 81.0, 172.0
60, 633.0, 175.0
61, 265.0, 167.0
62, 432.0, 111.0
63, 345.0, 113.0
64, 73.0, 203.0
65, 578.0, 28.0
66, 412.0, 152.0
67, 267.0, 182.0
68, 231.0, 144.0
69, 189.0, 168.0
70, 522.0, 39.0
71, 326.0, 11.0
72, 117.0, 154.0
73, 243.0, 167.0
74, 392.0, 105.0
75, 511.0, 81.0
76, 322.0, 88.0
77, 533.0, 114.0
78, 39.0, 122.0
79, 514.0, 70.0
80, 233.0, 82.0
81, 720.0, 103.0
82, 441.0, 16.0
83, 153.0, 95.0
84, 399.0, 44.0
85, 487.0, 138.0
86, 374.0, 192.0
87, 504.0, 161.0
88, 142.0, 194.0
89, 110.0, 81.0
90, 325.0, 104.0
91, 532.0, 158.0
92, 149.0, 58.0
93, 401.0, 90.0
94, 666.0, 72.0
95, 121.0, 176.0
96, 172.0, 207.0
97, 107.0, 141.0
98, 586.0, 9.0
99, 384.0, 90.0
100, 514.0, 59.0
101, 413.0, 118.0
102, 440.0, 70.0
103, 547.0, 110.0
104, 63.0, 220.0
105, 253.0, 186.0
106, 235.0, 29.0
107, 618.0, 180.0
108, 563.0, 34.0
109, 635.0, 144.0
110, 159.0, 78.0
111, 610.0, 42.0
112, 79.0, 109.0
113, 318.0, 124.0
114, 429.0, 69.0
115, 52.0, 166.0
116, 50.0, 380.0
117, 271.0, 52.0
118, 210.0, 58.0
119, 318.0, 162.0
120, 97.0, 189.0
121, 204.0, 112.0
122, 345.0, 142.0
123, 722.0, 236.0
124, 24.0, 55.0
125, 97.0, 127.0
126, 339.0, 35.0
127, 204.0, 80.0
128, 102.0, 134.0
129, 349.0, 9.0
130, 733.0, 70.0
131, 170.0, 59.0
132, 496.0, 108.0
133, 96.0, 152.0
134, 298.0, 114.0
135, 461.0, 275.0
136, 199.0, 124.0
137, 421.0, 91.0
138, 265.0, 65.0
139, 674.0, 147.0
140, 357.0, 49.0
141, 116.0, 15.0
142, 510.0, 109.0
143, 401.0, 134.0
144, 74.0, 219.0
145, 85.0, 32.0
146, 335.0, 112.0
147, 253.0, 58.0
148, 114.0, 201.0
149, 607.0, 184.0
150, 520.0, 174.0
151, 169.0, 191.0
152, 174.0, 118.0
153, 455.0, 168.0
154, 186.0, 202.0
155, 384.0, 111.0
156, 685.0, 37.0
157, 137.0, 170.0
158, 53.0, 197.0
159, 53.0, 158.0
160, 526.0, 364.0
161, 454.0, 156.0
162, 404.0, 164.0
163, 556.0, 135.0
164, 432.0, 159.0
165, 333.0, 223.0
166, 573.0, 263.0
167, 599.0, 116.0
168, 669.0, 9.0
169, 446.0, 58.0
170, 431.0, 18.0
171, 329.0, 40.0
172, 396.0, 259.0
173, 737.0, 204.0
174, 349.0, 182.0
175, 58.0, 124.0
176, 444.0, 126.0
177, 729.0, 223.0
178, 384.0, 127.0
179, 307.0, 41.0
180, 164.0, 196.0
181, 164.0, 108.0
182, 94.0, 112.0
183, 220.0, 80.0
184, 375.0, 52.0
185, 455.0, 142.0
186, 467.0, 111.0
187, 285.0, 24.0
188, 347.0, 89.0
189, 20.0, 122.0
190, 646.0, 17.0
191, 386.0, 295.0
192, 740.0, 124.0
193, 145.0, 186.0
194, 533.0, 73.0
195, 310.0, 186.0
196, 731.0, 89.0
197, 109.0, 35.0
198, 453.0, 110.0
199, 709.0, 157.0
200, 458.0, 187.0
201, 128.0, 143.0
202, 666.0, 339.0
203, 16.0, 179.0
204, 36.0, 188.0
205, 251.0, 44.0
206, 94.0, 371.0
207, 650.0, 368.0
208, 340.0, 45.0
209, 433.0, 125.0
210, 698.0, 41.0
211, 200.0, 71.0
212, 524.0, 109.0
213, 722.0, 147.0
214, 178.0, 172.0
215, 593.0, 25.0
216, 580.0, 114.0
217, 369.0, 158.0
218, 717.0, 315.0
219, 565.0, 156.0
220, 443.0, 49.0
221, 608.0, 451.0
222, 539.0, 33.0
223, 485.0, 164.0
224, 173.0, 155.0
225, 720.0, 157.0
226, 706.0, 242.0
227, 667.0, 130.0
228, 686.0, 62.0
229, 422.0, 124.0
230, 108.0, 364.0
231, 50.0, 108.0
232, 594.0, 141.0
233, 677.0, 124.0
234, 557.0, 127.0
235, 555.0, 269.0
236, 45.0, 88.0
237, 623.0, 422.0
238, 668.0, 83.0
239, 98.0, 178.0
240, 307.0, 91.0
241, 391.0, 97.0
242, 712.0, 147.0
243, 141.0, 87.0
244, 135.0, 157.0
245, 365.0, 214.0
246, 215.0, 97.0
247, 402.0, 78.0
248, 162.0, 88.0
249, 118.0, 213.0
250, 493.0, 177.0
251, 127.0, 196.0
252, 366.0, 180.0
253, 248.0, 19.0
254, 525.0, 90.0
255, 208.0, 147.0
256, 664.0, 299.0
257, 375.0, 39.0
258, 579.0, 98.0
259, 283.0, 190.0
260, 139.0, 180.0
261, 695.0, 71.0
262, 75.0, 134.0
263, 421.0, 135.0
264, 8.0, 89.0
265, 539.0, 44.0
266, 112.0, 170.0
267, 726.0, 125.0
268, 336.0, 280.0
269, 152.0, 152.0
270, 78.0, 67.0
271, 313.0, 51.0
272, 19.0, 390.0
273, 529.0, 95.0
274, 326.0, 177.0
275, 29.0, 225.0
276, 24.0, 85.0
277, 48.0, 221.0
278, 446.0, 33.0
279, 390.0, 212.0
280, 174.0, 130.0
281, 8.0, 154.0
282, 10.0, 194.0
283, 59.0, 54.0
284, 232.0, 119.0
285, 129.0, 35.0
286, 614.0, 33.0
287, 421.0, 110.0
288, 404.0, 188.0
289, 618.0, 119.0
290, 205.0, 92.0
291, 560.0, 109.0
292, 511.0, 386.0
293, 243.0, 217.0
294, 431.0, 49.0
295, 330.0, 49.0
296, 488.0, 79.0
297, 67.0, 189.0
298, 429.0, 171.0
299, 519.0, 185.0
300, 87.0, 96.0
301, 639.0, 130.0
302, 235.0, 68.0
303, 672.0, 36.0
304, 692.0, 87.0
305, 206.0, 132.0
306, 415.0, 190.0
307, 211.0, 105.0
308, 134.0, 148.0
309, 562.0, 168.0
310, 350.0, 314.0
311, 645.0, 159.0
312, 591.0, 61.0
313, 722.0, 334.0
314, 465.0, 152.0
315, 674.0, 64.0
316, 663.0, 24.0
317, 642.0, 383.0
318, 246.0, 116.0
319, 339.0, 129.0
320, 307.0, 179.0
321, 498.0, 385.0
322, 280.0, 336.0
323, 203.0, 40.0
324, 606.0, 139.0
325, 403.0, 145.0
326, 191.0, 50.0
327, 647.0, 92.0
328, 469.0, 95.0
329, 670.0, 161.0
330, 151.0, 128.0
331, 469.0, 85.0
332, 593.0, 72.0
333, 364.0, 142.0
334, 718.0, 113.0
335, 306.0, 12.0
336, 196.0, 115.0
337, 65.0, 381.0
338, 455.0, 96.0
339, 398.0, 66.0
340, 143.0, 95.0
341, 634.0, 401.0
342, 303.0, 125.0
343, 339.0, 62.0
344, 376.0, 213.0
345, 578.0, 71.0
346, 607.0, 202.0
347, 595.0, 151.0
348, 676.0, 419.0
349, 257.0, 94.0
350, 242.0, 131.0
351, 465.0, 167.0
352, 147.0, 142.0
353, 26.0, 203.0
354, 642.0, 116.0
355, 146.0, 39.0
356, 604.0, 8.0
357, 293.0, 70.0
358, 73.0, 372.0
359, 517.0, 11.0
360, 451.0, 271.0
361, 146.0, 167.0
362, 252.0, 74.0
363, 226.0, 85.0
364, 523.0, 463.0
365, 160.0, 146.0
366, 325.0, 23.0
367, 221.0, 105.0
368, 371.0, 148.0
369, 568.0, 62.0
370, 39.0, 168.0
371, 709.0, 232.0
372, 288.0, 44.0
373, 401.0, 118.0
374, 705.0, 353.0
375, 414.0, 105.0
376, 378.0, 147.0
377, 395.0, 127.0
378, 444.0, 284.0
379, 696.0, 288.0
380, 488.0, 20.0
381, 517.0, 132.0
382, 434.0, 81.0
383, 416.0, 276.0
384, 354.0, 132.0
385, 655.0, 113.0
386, 440.0, 93.0
387, 161.0, 208.0
388, 493.0, 66.0
389, 98.0, 361.0
390, 686.0, 391.0
391, 239.0, 17.0
392, 232.0, 12.0
393, 181.0, 75.0
394, 248.0, 150.0
395, 630.0, 38.0
396, 377.0, 99.0
397, 366.0, 169.0
398, 334.0, 99.0
399, 194.0, 175.0
400, 192.0, 90.0
401, 44.0, 65.0
402, 80.0, 153.0
403, 516.0, 230.0
404, 156.0, 163.0
405, 352.0, 264.0
406, 286.0, 132.0
407, 167.0, 442.0
408, 678.0, 42.0
409, 222.0, 136.0
410, 196.0, 156.0
411, 287.0, 88.0
412, 218.0, 72.0
413, 290.0, 204.0
414, 90.0, 120.0
415, 355.0, 205.0
416, 359.0, 8.0
417, 543.0, 146.0
418, 599.0, 101.0
419, 678.0, 318.0
420, 331.0, 73.0
421, 308.0, 292.0
422, 49.0, 212.0
423, 510.0, 251.0
424, 697.0, 17.0
425, 521.0, 23.0
426, 505.0, 211.0
427, 168.0, 175.0
428, 276.0, 258.0
429, 439.0, 274.0
430, 235.0, 100.0
431, 635.0, 284.0
432, 373.0, 168.0
433, 626.0, 66.0
434, 318.0, 73.0
435, 618.0, 197.0
436, 16.0, 102.0
437, 303.0, 331.0
438, 377.0, 120.0
439, 466.0, 139.0
440, 435.0, 93.0
441, 133.0, 351.0
442, 160.0, 83.0
443, 597.0, 227.0
444, 719.0, 167.0
445, 158.0, 342.0
446, 187.0, 19.0
447, 280.0, 63.0
448, 499.0, 224.0
449, 443.0, 170.0
450, 73.0, 159.0
451, 394.0, 78.0
452, 572.0, 125.0
453, 716.0, 220.0
454, 374.0, 85.0
455, 376.0, 159.0
456, 319.0, 313.0
457, 143.0, 210.0
458, 146.0, 156.0
459, 396.0, 118.0
460, 510.0, 240.0
461, 475.0, 37.0
462, 386.0, 75.0
463, 400.0, 55.0
464, 20.0, 158.0
465, 191.0, 130.0
466, 113.0, 183.0
467, 658.0, 34.0
468, 679.0, 212.0
469, 181.0, 183.0
470, 676.0, 135.0
471, 100.0, 216.0
472, 443.0, 160.0
473, 615.0, 165.0
474, 123.0, 119.0
475, 358.0, 142.0
476, 529.0, 210.0
477, 349.0, 47.0
478, 86.0, 88.0
479, 538.0, 103.0
480, 186.0, 144.0
481, 662.0, 47.0
482, 486.0, 146.0
483, 228.0, 219.0
484, 253.0, 175.0
485, 553.0, 86.0
486, 103.0, 49.0
487, 425.0, 248.0
488, 613.0, 440.0
489, 716.0, 124.0
490, 720.0, 86.0
491, 567.0, 98.0
492, 554.0, 162.0
493, 607.0, 395.0
494, 183.0, 335.0
495, 34.0, 25.0
496, 585.0, 150.0
497, 631.0, 32.0
498, 335.0, 88.0
499, 115.0, 126.0
