0, 44.0, 261.0
1, 287.0, 49.0
2, 304.0, 90.0
3, 303.0, 151.0
4, 497.0, 273.0
5, 92.0, 232.0
6, 123.0, 220.0
7, 302.0, 186.0
8, 327.0, 201.0
9, 19.0, 72.0
10, 24.0, 90.0
11, 154.0, 309.0
12, 309.0, 229.0
13, 249.0, 203.0
14, 270.0, 417.0
15, 316.0, 145.0
16, 318.0, 124.0
17, 459.0, 318.0
18, 135.0, 69.0
19, 338.0, 141.0
20, 430.0, 299.0
21, 501.0, 205.0
22, 128.0, 176.0
23, 81.0, 224.0
24, 83.0, 285.0
25, 120.0, 85.0
26, 288.0, 80.0
27, 316.0, 411.0
28, 463.0, 247.0
29, 487.0, 123.0
30, 263.0, 461.0
31, 526.0, 203.0
32, 141.0, 85.0
33, 170.0, 49.0
34, 502.0, 120.0
35, 91.0, 215.0
36, 534.0, 288.0
37, 288.0, 406.0
38, 134.0, 109.0
39, 119.0, 237.0
40, 306.0, 139.0
41, 459.0, 366.0
42, 268.0, 223.0
43, 468.0, 277.0
44, 210.0, 310.0
45, 159.0, 70.0
46, 217.0, 11.0
47, 146.0, 251.0
48, 327.0, 48.0
49, 275.0, 454.0
50, 288.0, 66.0
51, 276.0, 109.0
52, 544.0, 186.0
53, 270.0, 136.0
54, 428.0, 18.0
55, 115.0, 70.0
56, 125.0, 69.0
57, 142.0, 267.0
58, 555.0, 203.0
59, 21.0, 243.0
60, 485.0, 95.0
61, 59.0, 294.0
62, 317.0, 49.0
63, 495.0, 226.0
64, 514.0, 34.0
65, 41.0, 369.0
66, 478.0, 390.0
67, 85.0, 195.0
68, 267.0, 92.0
69, 512.0, 337.0
70, 142.0, 147.0
71, 158.0, 147.0
72, 509.0, 265.0
73, 489.0, 151.0
74, 627.0, 30.0
75, 155.0, 49.0
76, 363.0, 392.0
77, 449.0, 357.0
78, 122.0, 258.0
79, 101.0, 281.0
80, 370.0, 314.0
81, 499.0, 318.0
82, 133.0, 219.0
83, 246.0, 165.0
84, 171.0, 201.0
85, 535.0, 312.0
86, 134.0, 255.0
87, 177.0, 85.0
88, 186.0, 243.0
89, 104.0, 220.0
90, 162.0, 254.0
91, 190.0, 260.0
92, 141.0, 206.0
93, 273.0, 159.0
94, 578.0, 185.0
95, 446.0, 326.0
96, 559.0, 127.0
97, 230.0, 404.0
98, 258.0, 451.0
99, 496.0, 258.0
100, 513.0, 397.0
101, 332.0, 339.0
102, 148.0, 69.0
103, 259.0, 145.0
104, 205.0, 153.0
105, 332.0, 34.0
106, 209.0, 99.0
107, 157.0, 218.0
108, 183.0, 275.0
109, 328.0, 64.0
110, 200.0, 276.0
111, 265.0, 409.0
112, 315.0, 89.0
113, 111.0, 49.0
114, 510.0, 310.0
115, 432.0, 335.0
116, 405.0, 298.0
117, 363.0, 62.0
118, 239.0, 97.0
119, 318.0, 34.0
120, 304.0, 432.0
121, 174.0, 344.0
122, 320.0, 137.0
123, 525.0, 313.0
124, 145.0, 359.0
125, 338.0, 77.0
126, 228.0, 318.0
127, 338.0, 88.0
128, 176.0, 231.0
129, 12.0, 49.0
130, 512.0, 140.0
131, 48.0, 306.0
132, 287.0, 33.0
133, 127.0, 48.0
134, 493.0, 201.0
135, 269.0, 444.0
136, 337.0, 174.0
137, 314.0, 248.0
138, 72.0, 138.0
139, 218.0, 389.0
140, 290.0, 107.0
141, 570.0, 202.0
142, 301.0, 114.0
143, 491.0, 176.0
144, 346.0, 60.0
145, 500.0, 62.0
146, 530.0, 184.0
147, 512.0, 247.0
148, 94.0, 245.0
149, 149.0, 140.0
150, 59.0, 199.0
151, 327.0, 245.0
152, 92.0, 347.0
153, 448.0, 343.0
154, 201.0, 132.0
155, 72.0, 250.0
156, 22.0, 339.0
157, 103.0, 234.0
158, 207.0, 409.0
159, 220.0, 30.0
160, 328.0, 373.0
161, 516.0, 214.0
162, 44.0, 107.0
163, 162.0, 85.0
164, 500.0, 441.0
165, 32.0, 49.0
166, 327.0, 184.0
167, 528.0, 245.0
168, 249.0, 428.0
169, 407.0, 285.0
170, 501.0, 93.0
171, 549.0, 219.0
172, 52.0, 275.0
173, 428.0, 253.0
174, 327.0, 96.0
175, 174.0, 70.0
176, 178.0, 219.0
177, 283.0, 239.0
178, 435.0, 26.0
179, 120.0, 142.0
180, 224.0, 48.0
181, 161.0, 243.0
182, 289.0, 92.0
183, 318.0, 64.0
184, 468.0, 208.0
185, 471.0, 188.0
186, 597.0, 86.0
187, 481.0, 36.0
188, 306.0, 328.0
189, 521.0, 371.0
190, 479.0, 242.0
191, 195.0, 97.0
192, 304.0, 48.0
193, 285.0, 206.0
194, 424.0, 356.0
195, 311.0, 403.0
196, 542.0, 126.0
197, 429.0, 196.0
198, 327.0, 169.0
199, 118.0, 201.0
200, 461.0, 349.0
201, 379.0, 301.0
202, 435.0, 10.0
203, 229.0, 338.0
204, 202.0, 380.0
205, 352.0, 293.0
206, 544.0, 245.0
207, 499.0, 36.0
208, 332.0, 219.0
209, 180.0, 125.0
210, 519.0, 296.0
211, 227.0, 80.0
212, 189.0, 314.0
213, 484.0, 192.0
214, 255.0, 105.0
215, 314.0, 447.0
216, 340.0, 430.0
217, 227.0, 68.0
218, 148.0, 174.0
219, 484.0, 209.0
220, 145.0, 159.0
221, 523.0, 237.0
222, 442.0, 236.0
223, 358.0, 386.0
224, 411.0, 332.0
225, 428.0, 272.0
226, 560.0, 181.0
227, 163.0, 277.0
228, 233.0, 29.0
229, 491.0, 454.0
230, 319.0, 235.0
231, 241.0, 410.0
232, 167.0, 313.0
233, 240.0, 213.0
234, 506.0, 171.0
235, 328.0, 437.0
236, 485.0, 470.0
237, 289.0, 157.0
238, 564.0, 230.0
239, 268.0, 66.0
240, 498.0, 185.0
241, 498.0, 141.0
242, 40.0, 288.0
243, 93.0, 182.0
244, 534.0, 329.0
245, 443.0, 318.0
246, 105.0, 442.0
247, 588.0, 60.0
248, 138.0, 289.0
249, 225.0, 351.0
250, 456.0, 58.0
251, 274.0, 182.0
252, 105.0, 192.0
253, 153.0, 203.0
254, 570.0, 127.0
255, 222.0, 344.0
256, 487.0, 259.0
257, 173.0, 437.0
258, 168.0, 459.0
259, 215.0, 427.0
260, 591.0, 28.0
261, 301.0, 353.0
262, 433.0, 284.0
263, 566.0, 213.0
264, 247.0, 400.0
265, 326.0, 157.0
266, 462.0, 259.0
267, 166.0, 296.0
268, 264.0, 172.0
269, 205.0, 164.0
270, 483.0, 65.0
271, 299.0, 32.0
272, 160.0, 233.0
273, 261.0, 427.0
274, 137.0, 128.0
275, 134.0, 234.0
276, 223.0, 274.0
277, 116.0, 312.0
278, 496.0, 245.0
279, 113.0, 227.0
280, 83.0, 371.0
281, 337.0, 64.0
282, 286.0, 377.0
283, 68.0, 275.0
284, 267.0, 49.0
285, 543.0, 24.0
286, 301.0, 162.0
287, 310.0, 202.0
288, 26.0, 24.0
289, 132.0, 394.0
290, 439.0, 218.0
291, 152.0, 85.0
292, 149.0, 237.0
293, 187.0, 346.0
294, 150.0, 19.0
295, 499.0, 349.0
296, 222.0, 441.0
297, 299.0, 218.0
298, 320.0, 397.0
299, 69.0, 306.0
300, 537.0, 215.0
301, 442.0, 277.0
302, 151.0, 28.0
303, 349.0, 155.0
304, 515.0, 322.0
305, 143.0, 336.0
306, 38.0, 72.0
307, 342.0, 231.0
308, 500.0, 389.0
309, 137.0, 417.0
310, 161.0, 101.0
311, 253.0, 30.0
312, 221.0, 457.0
313, 528.0, 62.0
314, 506.0, 369.0
315, 414.0, 239.0
316, 210.0, 463.0
317, 61.0, 106.0
318, 147.0, 395.0
319, 577.0, 59.0
320, 56.0, 355.0
321, 440.0, 253.0
322, 299.0, 235.0
323, 115.0, 190.0
324, 543.0, 230.0
325, 252.0, 81.0
326, 508.0, 414.0
327, 491.0, 404.0
328, 450.0, 19.0
329, 414.0, 201.0
330, 497.0, 297.0
331, 32.0, 255.0
332, 182.0, 49.0
333, 347.0, 251.0
334, 266.0, 328.0
335, 215.0, 365.0
336, 285.0, 225.0
337, 424.0, 263.0
338, 270.0, 352.0
339, 157.0, 468.0
340, 309.0, 129.0
341, 79.0, 354.0
342, 470.0, 457.0
343, 508.0, 180.0
344, 167.0, 28.0
345, 44.0, 89.0
346, 163.0, 393.0
347, 438.0, 172.0
348, 418.0, 307.0
349, 610.0, 88.0
350, 118.0, 96.0
351, 523.0, 258.0
352, 79.0, 179.0
353, 54.0, 246.0
354, 305.0, 174.0
355, 594.0, 138.0
356, 322.0, 367.0
357, 212.0, 294.0
358, 265.0, 162.0
359, 74.0, 291.0
360, 506.0, 196.0
361, 88.0, 322.0
362, 198.0, 470.0
363, 164.0, 350.0
364, 121.0, 338.0
365, 29.0, 109.0
366, 42.0, 340.0
367, 50.0, 431.0
368, 115.0, 297.0
369, 554.0, 269.0
370, 11.0, 134.0
371, 199.0, 249.0
372, 419.0, 66.0
373, 335.0, 193.0
374, 396.0, 164.0
375, 458.0, 337.0
376, 61.0, 14.0
377, 492.0, 372.0
378, 403.0, 317.0
379, 726.0, 209.0
380, 166.0, 215.0
381, 429.0, 159.0
382, 18.0, 357.0
383, 400.0, 207.0
384, 328.0, 233.0
385, 335.0, 423.0
386, 415.0, 273.0
387, 85.0, 104.0
388, 381.0, 116.0
389, 428.0, 231.0
390, 548.0, 58.0
391, 144.0, 47.0
392, 226.0, 387.0
393, 175.0, 258.0
394, 341.0, 246.0
395, 501.0, 147.0
396, 188.0, 167.0
397, 547.0, 114.0
398, 231.0, 150.0
399, 230.0, 293.0
400, 427.0, 310.0
401, 204.0, 433.0
402, 121.0, 103.0
403, 163.0, 266.0
404, 129.0, 85.0
405, 110.0, 104.0
406, 338.0, 127.0
407, 181.0, 382.0
408, 613.0, 341.0
409, 308.0, 78.0
410, 204.0, 338.0
411, 303.0, 389.0
412, 77.0, 330.0
413, 233.0, 369.0
414, 463.0, 385.0
415, 445.0, 302.0
416, 506.0, 221.0
417, 27.0, 102.0
418, 231.0, 433.0
419, 504.0, 426.0
420, 98.0, 265.0
421, 240.0, 385.0
422, 606.0, 28.0
423, 59.0, 210.0
424, 349.0, 272.0
425, 166.0, 156.0
426, 170.0, 413.0
427, 397.0, 98.0
428, 316.0, 268.0
429, 441.0, 65.0
430, 404.0, 66.0
431, 69.0, 179.0
432, 13.0, 307.0
433, 516.0, 62.0
434, 68.0, 235.0
435, 253.0, 412.0
436, 487.0, 142.0
437, 235.0, 420.0
438, 143.0, 217.0
439, 428.0, 214.0
440, 228.0, 95.0
441, 436.0, 413.0
442, 278.0, 431.0
443, 640.0, 13.0
444, 559.0, 250.0
445, 281.0, 135.0
446, 283.0, 186.0
447, 92.0, 114.0
448, 410.0, 453.0
449, 199.0, 264.0
450, 449.0, 136.0
451, 87.0, 113.0
452, 406.0, 348.0
453, 40.0, 352.0
454, 167.0, 305.0
455, 252.0, 67.0
456, 277.0, 440.0
457, 398.0, 242.0
458, 298.0, 208.0
459, 309.0, 34.0
460, 404.0, 8.0
461, 171.0, 471.0
462, 433.0, 370.0
463, 303.0, 408.0
464, 304.0, 359.0
465, 104.0, 292.0
466, 19.0, 291.0
467, 654.0, 15.0
468, 466.0, 413.0
469, 279.0, 217.0
470, 419.0, 215.0
471, 203.0, 369.0
472, 119.0, 25.0
473, 104.0, 424.0
474, 189.0, 444.0
475, 334.0, 298.0
476, 450.0, 436.0
477, 165.0, 20.0
478, 459.0, 272.0
479, 671.0, 416.0
480, 533.0, 18.0
481, 26.0, 187.0
482, 358.0, 238.0
483, 290.0, 387.0
484, 532.0, 302.0
485, 434.0, 131.0
486, 275.0, 401.0
487, 106.0, 25.0
488, 282.0, 118.0
489, 336.0, 48.0
490, 213.0, 333.0
491, 220.0, 333.0
492, 336.0, 282.0
493, 588.0, 138.0
494, 630.0, 88.0
495, 460.0, 138.0
496, 320.0, 221.0
497, 309.0, 309.0
498, 157.0, 414.0
499, 521.0, 9.0
