0, 124.0, 333.0
1, 570.0, 401.0
2, 507.0, 401.0
3, 481.0, 433.0
4, 485.0, 387.0
5, 548.0, 338.0
6, 577.0, 365.0
7, 556.0, 306.0
8, 502.0, 113.0
9, 694.0, 207.0
10, 452.0, 215.0
11, 599.0, 94.0
12, 456.0, 173.0
13, 591.0, 193.0
14, 160.0, 260.0
15, 690.0, 220.0
16, 379.0, 324.0
17, 613.0, 422.0
18, 431.0, 84.0
19, 437.0, 167.0
20, 318.0, 386.0
21, 413.0, 25.0
22, 666.0, 295.0
23, 495.0, 428.0
24, 726.0, 328.0
25, 599.0, 74.0
26, 321.0, 127.0
27, 397.0, 326.0
28, 472.0, 431.0
29, 683.0, 300.0
30, 620.0, 342.0
31, 341.0, 159.0
32, 477.0, 467.0
33, 321.0, 256.0
34, 287.0, 408.0
35, 333.0, 143.0
36, 574.0, 344.0
37, 441.0, 85.0
38, 561.0, 345.0
39, 593.0, 311.0
40, 530.0, 430.0
41, 465.0, 38.0
42, 123.0, 317.0
43, 591.0, 365.0
44, 305.0, 313.0
45, 110.0, 249.0
46, 644.0, 213.0
47, 487.0, 122.0
48, 587.0, 85.0
49, 584.0, 308.0
50, 411.0, 300.0
51, 251.0, 344.0
52, 561.0, 431.0
53, 579.0, 287.0
54, 487.0, 423.0
55, 338.0, 246.0
56, 361.0, 183.0
57, 104.0, 323.0
58, 444.0, 109.0
59, 612.0, 358.0
60, 406.0, 38.0
61, 473.0, 356.0
62, 502.0, 133.0
63, 426.0, 174.0
64, 260.0, 262.0
65, 156.0, 224.0
66, 542.0, 201.0
67, 184.0, 435.0
68, 398.0, 354.0
69, 311.0, 259.0
70, 422.0, 20.0
71, 511.0, 278.0
72, 144.0, 259.0
73, 679.0, 314.0
74, 632.0, 211.0
75, 18.0, 300.0
76, 515.0, 445.0
77, 374.0, 102.0
78, 572.0, 127.0
79, 500.0, 265.0
80, 573.0, 112.0
81, 671.0, 329.0
82, 453.0, 86.0
83, 654.0, 383.0
84, 589.0, 334.0
85, 507.0, 437.0
86, 645.0, 156.0
87, 717.0, 343.0
88, 118.0, 325.0
89, 481.0, 237.0
90, 393.0, 294.0
91, 338.0, 383.0
92, 463.0, 406.0
93, 411.0, 178.0
94, 460.0, 465.0
95, 437.0, 287.0
96, 372.0, 31.0
97, 740.0, 330.0
98, 97.0, 25.0
99, 701.0, 163.0
100, 359.0, 155.0
101, 481.0, 279.0
102, 251.0, 368.0
103, 372.0, 182.0
104, 160.0, 292.0
105, 594.0, 300.0
106, 24.0, 365.0
107, 315.0, 71.0
108, 503.0, 356.0
109, 442.0, 297.0
110, 647.0, 392.0
111, 608.0, 438.0
112, 577.0, 141.0
113, 419.0, 319.0
114, 402.0, 81.0
115, 495.0, 327.0
116, 630.0, 220.0
117, 464.0, 395.0
118, 172.0, 229.0
119, 491.0, 105.0
120, 490.0, 338.0
121, 171.0, 413.0
122, 488.0, 149.0
123, 588.0, 98.0
124, 107.0, 99.0
125, 418.0, 164.0
126, 638.0, 232.0
127, 549.0, 180.0
128, 472.0, 366.0
129, 252.0, 328.0
130, 586.0, 144.0
131, 398.0, 20.0
132, 596.0, 267.0
133, 511.0, 228.0
134, 500.0, 178.0
135, 475.0, 343.0
136, 424.0, 157.0
137, 578.0, 190.0
138, 463.0, 215.0
139, 559.0, 318.0
140, 459.0, 54.0
141, 393.0, 147.0
142, 642.0, 222.0
143, 527.0, 442.0
144, 571.0, 303.0
145, 521.0, 30.0
146, 556.0, 217.0
147, 383.0, 123.0
148, 617.0, 34.0
149, 531.0, 28.0
150, 654.0, 129.0
151, 570.0, 455.0
152, 341.0, 122.0
153, 648.0, 201.0
154, 346.0, 299.0
155, 687.0, 289.0
156, 113.0, 258.0
157, 397.0, 238.0
158, 609.0, 295.0
159, 426.0, 231.0
160, 617.0, 392.0
161, 544.0, 352.0
162, 630.0, 394.0
163, 624.0, 430.0
164, 541.0, 368.0
165, 404.0, 49.0
166, 295.0, 352.0
167, 555.0, 156.0
168, 353.0, 76.0
169, 558.0, 416.0
170, 551.0, 328.0
171, 707.0, 210.0
172, 617.0, 408.0
173, 293.0, 267.0
174, 291.0, 256.0
175, 390.0, 8.0
176, 321.0, 93.0
177, 271.0, 344.0
178, 279.0, 78.0
179, 308.0, 380.0
180, 638.0, 186.0
181, 492.0, 202.0
182, 17.0, 14.0
183, 476.0, 258.0
184, 682.0, 152.0
185, 641.0, 377.0
186, 263.0, 61.0
187, 539.0, 292.0
188, 242.0, 231.0
189, 658.0, 160.0
190, 370.0, 198.0
191, 684.0, 355.0
192, 511.0, 239.0
193, 697.0, 194.0
194, 279.0, 173.0
195, 737.0, 342.0
196, 191.0, 414.0
197, 349.0, 360.0
198, 213.0, 122.0
199, 621.0, 112.0
200, 579.0, 352.0
201, 166.0, 253.0
202, 649.0, 337.0
203, 529.0, 360.0
204, 35.0, 402.0
205, 565.0, 333.0
206, 419.0, 109.0
207, 594.0, 277.0
208, 432.0, 21.0
209, 586.0, 113.0
210, 263.0, 351.0
211, 501.0, 276.0
212, 179.0, 16.0
213, 279.0, 272.0
214, 283.0, 132.0
215, 489.0, 177.0
216, 370.0, 229.0
217, 615.0, 73.0
218, 370.0, 216.0
219, 523.0, 229.0
220, 649.0, 143.0
221, 670.0, 148.0
222, 313.0, 178.0
223, 467.0, 265.0
224, 378.0, 14.0
225, 622.0, 366.0
226, 627.0, 287.0
227, 604.0, 313.0
228, 451.0, 457.0
229, 192.0, 52.0
230, 667.0, 391.0
231, 196.0, 249.0
232, 367.0, 123.0
233, 252.0, 284.0
234, 409.0, 202.0
235, 160.0, 409.0
236, 478.0, 417.0
237, 33.0, 289.0
238, 651.0, 188.0
239, 133.0, 324.0
240, 545.0, 304.0
241, 353.0, 62.0
242, 221.0, 219.0
243, 599.0, 331.0
244, 437.0, 50.0
245, 499.0, 409.0
246, 612.0, 85.0
247, 273.0, 150.0
248, 366.0, 281.0
249, 512.0, 180.0
250, 697.0, 443.0
251, 543.0, 49.0
252, 493.0, 370.0
253, 310.0, 292.0
254, 667.0, 404.0
255, 248.0, 46.0
256, 298.0, 30.0
257, 492.0, 71.0
258, 425.0, 219.0
259, 598.0, 164.0
260, 375.0, 276.0
261, 566.0, 187.0
262, 263.0, 363.0
263, 615.0, 56.0
264, 582.0, 222.0
265, 474.0, 55.0
266, 559.0, 405.0
267, 279.0, 337.0
268, 528.0, 343.0
269, 705.0, 99.0
270, 658.0, 465.0
271, 692.0, 384.0
272, 600.0, 32.0
273, 476.0, 71.0
274, 415.0, 148.0
275, 528.0, 282.0
276, 372.0, 208.0
277, 315.0, 102.0
278, 300.0, 122.0
279, 721.0, 414.0
280, 634.0, 199.0
281, 690.0, 324.0
282, 305.0, 244.0
283, 334.0, 152.0
284, 341.0, 204.0
285, 297.0, 281.0
286, 735.0, 412.0
287, 101.0, 77.0
288, 103.0, 237.0
289, 471.0, 227.0
290, 687.0, 230.0
291, 74.0, 284.0
292, 577.0, 85.0
293, 508.0, 307.0
294, 693.0, 242.0
295, 532.0, 243.0
296, 350.0, 194.0
297, 514.0, 421.0
298, 530.0, 212.0
299, 481.0, 37.0
300, 481.0, 445.0
301, 537.0, 140.0
302, 476.0, 315.0
303, 531.0, 17.0
304, 421.0, 83.0
305, 608.0, 226.0
306, 539.0, 267.0
307, 558.0, 440.0
308, 502.0, 457.0
309, 561.0, 111.0
310, 703.0, 349.0
311, 539.0, 316.0
312, 557.0, 144.0
313, 266.0, 277.0
314, 471.0, 199.0
315, 468.0, 442.0
316, 735.0, 390.0
317, 549.0, 272.0
318, 559.0, 358.0
319, 670.0, 111.0
320, 290.0, 147.0
321, 433.0, 310.0
322, 407.0, 108.0
323, 332.0, 84.0
324, 593.0, 180.0
325, 684.0, 257.0
326, 476.0, 394.0
327, 441.0, 72.0
328, 556.0, 267.0
329, 363.0, 308.0
330, 503.0, 236.0
331, 730.0, 365.0
332, 626.0, 411.0
333, 637.0, 471.0
334, 418.0, 99.0
335, 510.0, 323.0
336, 564.0, 233.0
337, 85.0, 37.0
338, 640.0, 455.0
339, 18.0, 410.0
340, 505.0, 247.0
341, 428.0, 197.0
342, 561.0, 256.0
343, 321.0, 138.0
344, 362.0, 132.0
345, 470.0, 173.0
346, 454.0, 188.0
347, 551.0, 108.0
348, 557.0, 381.0
349, 610.0, 183.0
350, 539.0, 379.0
351, 440.0, 232.0
352, 530.0, 252.0
353, 261.0, 31.0
354, 483.0, 256.0
355, 241.0, 169.0
356, 215.0, 301.0
357, 492.0, 54.0
358, 384.0, 198.0
359, 470.0, 152.0
360, 574.0, 153.0
361, 528.0, 468.0
362, 599.0, 113.0
363, 713.0, 299.0
364, 212.0, 134.0
365, 531.0, 331.0
366, 64.0, 355.0
367, 230.0, 294.0
368, 453.0, 434.0
369, 687.0, 333.0
370, 387.0, 210.0
371, 705.0, 118.0
372, 126.0, 233.0
373, 506.0, 333.0
374, 499.0, 34.0
375, 575.0, 255.0
376, 110.0, 114.0
377, 417.0, 134.0
378, 489.0, 302.0
379, 564.0, 243.0
380, 522.0, 395.0
381, 366.0, 267.0
382, 278.0, 228.0
383, 486.0, 268.0
384, 55.0, 338.0
385, 223.0, 138.0
386, 604.0, 281.0
387, 672.0, 377.0
388, 175.0, 217.0
389, 342.0, 308.0
390, 582.0, 27.0
391, 250.0, 59.0
392, 333.0, 261.0
393, 172.0, 142.0
394, 706.0, 332.0
395, 453.0, 73.0
396, 573.0, 332.0
397, 340.0, 22.0
398, 576.0, 98.0
399, 212.0, 329.0
400, 15.0, 398.0
401, 522.0, 221.0
402, 668.0, 316.0
403, 206.0, 207.0
404, 543.0, 241.0
405, 369.0, 417.0
406, 587.0, 265.0
407, 32.0, 391.0
408, 301.0, 133.0
409, 317.0, 144.0
410, 477.0, 108.0
411, 518.0, 288.0
412, 11.0, 330.0
413, 168.0, 460.0
414, 321.0, 279.0
415, 549.0, 116.0
416, 675.0, 85.0
417, 656.0, 109.0
418, 9.0, 243.0
419, 303.0, 234.0
420, 424.0, 291.0
421, 457.0, 241.0
422, 494.0, 393.0
423, 632.0, 44.0
424, 551.0, 423.0
425, 263.0, 373.0
426, 230.0, 437.0
427, 484.0, 407.0
428, 588.0, 276.0
429, 741.0, 139.0
430, 13.0, 457.0
431, 448.0, 471.0
432, 470.0, 243.0
433, 567.0, 86.0
434, 407.0, 101.0
435, 75.0, 306.0
436, 496.0, 222.0
437, 239.0, 203.0
438, 139.0, 136.0
439, 467.0, 13.0
440, 460.0, 351.0
441, 257.0, 160.0
442, 622.0, 22.0
443, 471.0, 376.0
444, 524.0, 18.0
445, 351.0, 212.0
446, 519.0, 341.0
447, 320.0, 19.0
448, 368.0, 50.0
449, 338.0, 75.0
450, 386.0, 347.0
451, 603.0, 240.0
452, 645.0, 310.0
453, 232.0, 155.0
454, 677.0, 162.0
455, 655.0, 359.0
456, 309.0, 358.0
457, 516.0, 382.0
458, 431.0, 268.0
459, 301.0, 434.0
460, 741.0, 120.0
461, 132.0, 338.0
462, 271.0, 65.0
463, 268.0, 225.0
464, 379.0, 335.0
465, 612.0, 308.0
466, 657.0, 249.0
467, 650.0, 281.0
468, 273.0, 323.0
469, 98.0, 62.0
470, 435.0, 33.0
471, 263.0, 332.0
472, 185.0, 329.0
473, 577.0, 235.0
474, 66.0, 149.0
475, 525.0, 189.0
476, 58.0, 188.0
477, 145.0, 319.0
478, 566.0, 200.0
479, 305.0, 329.0
480, 467.0, 456.0
481, 241.0, 213.0
482, 526.0, 381.0
483, 285.0, 105.0
484, 220.0, 240.0
485, 711.0, 195.0
486, 169.0, 321.0
487, 664.0, 136.0
488, 20.0, 266.0
489, 574.0, 74.0
490, 213.0, 419.0
491, 61.0, 316.0
492, 384.0, 379.0
493, 520.0, 405.0
494, 297.0, 304.0
495, 594.0, 243.0
496, 539.0, 301.0
497, 291.0, 238.0
498, 449.0, 233.0
499, 544.0, 28.0
