0, 440.0, 335.0
1, 251.0, 360.0
2, 670.0, 419.0
3, 250.0, 375.0
4, 546.0, 196.0
5, 487.0, 348.0
6, 398.0, 344.0
7, 349.0, 382.0
8, 287.0, 272.0
9, 287.0, 255.0
10, 536.0, 365.0
11, 185.0, 323.0
12, 244.0, 260.0
13, 345.0, 433.0
14, 16.0, 83.0
15, 391.0, 252.0
16, 399.0, 247.0
17, 670.0, 332.0
18, 380.0, 86.0
19, 699.0, 417.0
20, 141.0, 190.0
21, 540.0, 381.0
22, 275.0, 343.0
23, 276.0, 273.0
24, 193.0, 437.0
25, 197.0, 189.0
26, 453.0, 220.0
27, 349.0, 366.0
28, 391.0, 312.0
29, 297.0, 230.0
30, 718.0, 267.0
31, 566.0, 351.0
32, 398.0, 371.0
33, 312.0, 333.0
34, 275.0, 256.0
35, 147.0, 46.0
36, 128.0, 101.0
37, 505.0, 23.0
38, 282.0, 200.0
39, 418.0, 234.0
40, 503.0, 440.0
41, 510.0, 324.0
42, 228.0, 361.0
43, 579.0, 196.0
44, 325.0, 166.0
45, 573.0, 244.0
46, 393.0, 92.0
47, 303.0, 434.0
48, 256.0, 45.0
49, 656.0, 9.0
50, 498.0, 174.0
51, 533.0, 142.0
52, 413.0, 50.0
53, 440.0, 64.0
54, 443.0, 54.0
55, 274.0, 319.0
56, 583.0, 267.0
57, 593.0, 342.0
58, 573.0, 35.0
59, 325.0, 152.0
60, 389.0, 351.0
61, 407.0, 331.0
62, 423.0, 428.0
63, 608.0, 397.0
64, 544.0, 437.0
65, 574.0, 316.0
66, 519.0, 276.0
67, 529.0, 325.0
68, 393.0, 47.0
69, 625.0, 306.0
70, 40.0, 278.0
71, 703.0, 251.0
72, 398.0, 467.0
73, 207.0, 263.0
74, 607.0, 42.0
75, 239.0, 455.0
76, 520.0, 365.0
77, 496.0, 425.0
78, 420.0, 447.0
79, 283.0, 302.0
80, 258.0, 314.0
81, 513.0, 133.0
82, 211.0, 159.0
83, 515.0, 454.0
84, 550.0, 338.0
85, 498.0, 346.0
86, 381.0, 77.0
87, 621.0, 187.0
88, 650.0, 355.0
89, 628.0, 270.0
90, 513.0, 82.0
91, 428.0, 258.0
92, 219.0, 262.0
93, 614.0, 386.0
94, 291.0, 175.0
95, 557.0, 245.0
96, 501.0, 144.0
97, 239.0, 466.0
98, 501.0, 393.0
99, 599.0, 229.0
100, 262.0, 460.0
101, 372.0, 251.0
102, 549.0, 411.0
103, 409.0, 403.0
104, 570.0, 106.0
105, 131.0, 118.0
106, 199.0, 322.0
107, 325.0, 211.0
108, 238.0, 251.0
109, 472.0, 76.0
110, 454.0, 409.0
111, 540.0, 326.0
112, 579.0, 291.0
113, 371.0, 44.0
114, 488.0, 337.0
115, 360.0, 166.0
116, 371.0, 376.0
117, 314.0, 50.0
118, 351.0, 257.0
119, 34.0, 83.0
120, 180.0, 345.0
121, 736.0, 466.0
122, 260.0, 337.0
123, 45.0, 298.0
124, 570.0, 385.0
125, 426.0, 51.0
126, 224.0, 339.0
127, 171.0, 188.0
128, 603.0, 212.0
129, 628.0, 159.0
130, 485.0, 374.0
131, 490.0, 154.0
132, 185.0, 172.0
133, 555.0, 258.0
134, 681.0, 254.0
135, 618.0, 371.0
136, 433.0, 343.0
137, 595.0, 267.0
138, 471.0, 307.0
139, 729.0, 95.0
140, 554.0, 123.0
141, 661.0, 395.0
142, 367.0, 469.0
143, 151.0, 63.0
144, 514.0, 236.0
145, 647.0, 396.0
146, 487.0, 173.0
147, 630.0, 149.0
148, 542.0, 402.0
149, 690.0, 234.0
150, 446.0, 420.0
151, 553.0, 143.0
152, 533.0, 29.0
153, 246.0, 275.0
154, 227.0, 377.0
155, 275.0, 332.0
156, 323.0, 237.0
157, 476.0, 350.0
158, 160.0, 310.0
159, 499.0, 408.0
160, 548.0, 185.0
161, 417.0, 365.0
162, 344.0, 452.0
163, 299.0, 333.0
164, 296.0, 75.0
165, 569.0, 326.0
166, 583.0, 120.0
167, 485.0, 195.0
168, 446.0, 388.0
169, 385.0, 237.0
170, 144.0, 129.0
171, 283.0, 428.0
172, 208.0, 341.0
173, 507.0, 190.0
174, 402.0, 435.0
175, 576.0, 357.0
176, 368.0, 453.0
177, 554.0, 391.0
178, 737.0, 251.0
179, 315.0, 239.0
180, 343.0, 425.0
181, 262.0, 81.0
182, 53.0, 56.0
183, 361.0, 238.0
184, 622.0, 326.0
185, 461.0, 388.0
186, 541.0, 296.0
187, 376.0, 327.0
188, 732.0, 273.0
189, 418.0, 31.0
190, 591.0, 21.0
191, 617.0, 208.0
192, 494.0, 363.0
193, 587.0, 441.0
194, 183.0, 391.0
195, 66.0, 386.0
196, 515.0, 392.0
197, 499.0, 334.0
198, 702.0, 374.0
199, 667.0, 379.0
200, 436.0, 221.0
201, 252.0, 425.0
202, 412.0, 307.0
203, 309.0, 77.0
204, 403.0, 223.0
205, 704.0, 235.0
206, 480.0, 281.0
207, 700.0, 320.0
208, 293.0, 220.0
209, 626.0, 227.0
210, 531.0, 211.0
211, 586.0, 106.0
212, 529.0, 386.0
213, 10.0, 150.0
214, 234.0, 23.0
215, 403.0, 48.0
216, 447.0, 302.0
217, 597.0, 77.0
218, 484.0, 210.0
219, 324.0, 177.0
220, 275.0, 75.0
221, 678.0, 91.0
222, 527.0, 461.0
223, 81.0, 443.0
224, 729.0, 282.0
225, 257.0, 258.0
226, 711.0, 390.0
227, 229.0, 268.0
228, 431.0, 24.0
229, 536.0, 356.0
230, 455.0, 203.0
231, 429.0, 356.0
232, 410.0, 356.0
233, 171.0, 248.0
234, 542.0, 65.0
235, 609.0, 257.0
236, 360.0, 153.0
237, 558.0, 228.0
238, 657.0, 235.0
239, 326.0, 142.0
240, 509.0, 352.0
241, 289.0, 373.0
242, 376.0, 155.0
243, 376.0, 340.0
244, 357.0, 448.0
245, 167.0, 223.0
246, 266.0, 416.0
247, 359.0, 204.0
248, 516.0, 374.0
249, 245.0, 339.0
250, 700.0, 352.0
251, 360.0, 190.0
252, 659.0, 213.0
253, 593.0, 8.0
254, 609.0, 69.0
255, 634.0, 83.0
256, 522.0, 175.0
257, 517.0, 408.0
258, 603.0, 129.0
259, 577.0, 305.0
260, 510.0, 285.0
261, 133.0, 129.0
262, 344.0, 152.0
263, 675.0, 46.0
264, 254.0, 60.0
265, 198.0, 206.0
266, 193.0, 222.0
267, 176.0, 65.0
268, 183.0, 465.0
269, 460.0, 373.0
270, 135.0, 139.0
271, 191.0, 332.0
272, 292.0, 190.0
273, 325.0, 198.0
274, 435.0, 442.0
275, 288.0, 341.0
276, 508.0, 174.0
277, 235.0, 62.0
278, 558.0, 83.0
279, 604.0, 141.0
280, 110.0, 407.0
281, 49.0, 312.0
282, 363.0, 329.0
283, 592.0, 326.0
284, 375.0, 385.0
285, 480.0, 238.0
286, 366.0, 83.0
287, 517.0, 217.0
288, 390.0, 439.0
289, 542.0, 14.0
290, 159.0, 184.0
291, 628.0, 350.0
292, 427.0, 68.0
293, 617.0, 433.0
294, 653.0, 333.0
295, 722.0, 337.0
296, 344.0, 470.0
297, 325.0, 259.0
298, 424.0, 80.0
299, 519.0, 429.0
300, 143.0, 31.0
301, 271.0, 293.0
302, 302.0, 168.0
303, 218.0, 324.0
304, 298.0, 315.0
305, 626.0, 292.0
306, 637.0, 70.0
307, 495.0, 22.0
308, 545.0, 247.0
309, 203.0, 305.0
310, 179.0, 179.0
311, 538.0, 122.0
312, 201.0, 143.0
313, 167.0, 129.0
314, 555.0, 371.0
315, 376.0, 316.0
316, 455.0, 425.0
317, 594.0, 313.0
318, 551.0, 160.0
319, 391.0, 360.0
320, 472.0, 397.0
321, 469.0, 382.0
322, 348.0, 226.0
323, 651.0, 257.0
324, 434.0, 235.0
325, 515.0, 229.0
326, 139.0, 13.0
327, 507.0, 465.0
328, 394.0, 113.0
329, 38.0, 56.0
330, 421.0, 335.0
331, 240.0, 352.0
332, 390.0, 326.0
333, 587.0, 186.0
334, 618.0, 153.0
335, 221.0, 279.0
336, 34.0, 252.0
337, 531.0, 92.0
338, 17.0, 184.0
339, 488.0, 264.0
340, 389.0, 413.0
341, 394.0, 206.0
342, 466.0, 432.0
343, 210.0, 367.0
344, 335.0, 153.0
345, 282.0, 243.0
346, 716.0, 376.0
347, 243.0, 316.0
348, 232.0, 142.0
349, 437.0, 417.0
350, 165.0, 335.0
351, 561.0, 286.0
352, 150.0, 354.0
353, 633.0, 237.0
354, 27.0, 220.0
355, 168.0, 49.0
356, 573.0, 143.0
357, 195.0, 178.0
358, 690.0, 370.0
359, 456.0, 74.0
360, 496.0, 460.0
361, 585.0, 70.0
362, 646.0, 346.0
363, 579.0, 79.0
364, 643.0, 151.0
365, 639.0, 258.0
366, 680.0, 228.0
367, 363.0, 32.0
368, 356.0, 409.0
369, 485.0, 297.0
370, 216.0, 412.0
371, 83.0, 462.0
372, 492.0, 400.0
373, 391.0, 58.0
374, 263.0, 90.0
375, 508.0, 302.0
376, 364.0, 96.0
377, 403.0, 136.0
378, 351.0, 175.0
379, 571.0, 92.0
380, 610.0, 449.0
381, 493.0, 304.0
382, 212.0, 149.0
383, 329.0, 387.0
384, 438.0, 77.0
385, 631.0, 391.0
386, 552.0, 270.0
387, 429.0, 272.0
388, 502.0, 229.0
389, 287.0, 331.0
390, 33.0, 314.0
391, 605.0, 310.0
392, 361.0, 386.0
393, 374.0, 267.0
394, 291.0, 205.0
395, 464.0, 56.0
396, 457.0, 449.0
397, 169.0, 237.0
398, 341.0, 166.0
399, 575.0, 129.0
400, 653.0, 305.0
401, 400.0, 153.0
402, 255.0, 279.0
403, 337.0, 241.0
404, 478.0, 334.0
405, 512.0, 343.0
406, 91.0, 420.0
407, 616.0, 221.0
408, 278.0, 22.0
409, 713.0, 354.0
410, 472.0, 290.0
411, 167.0, 204.0
412, 223.0, 249.0
413, 380.0, 469.0
414, 298.0, 91.0
415, 360.0, 216.0
416, 233.0, 277.0
417, 303.0, 211.0
418, 153.0, 251.0
419, 478.0, 324.0
420, 174.0, 408.0
421, 256.0, 298.0
422, 184.0, 52.0
423, 257.0, 451.0
424, 637.0, 325.0
425, 90.0, 69.0
426, 394.0, 193.0
427, 382.0, 135.0
428, 584.0, 392.0
429, 694.0, 390.0
430, 539.0, 414.0
431, 264.0, 276.0
432, 408.0, 120.0
433, 397.0, 296.0
434, 321.0, 88.0
435, 416.0, 347.0
436, 316.0, 29.0
437, 461.0, 22.0
438, 276.0, 90.0
439, 378.0, 144.0
440, 272.0, 238.0
441, 254.0, 219.0
442, 363.0, 311.0
443, 473.0, 442.0
444, 226.0, 435.0
445, 146.0, 215.0
446, 478.0, 68.0
447, 617.0, 55.0
448, 371.0, 103.0
449, 726.0, 363.0
450, 252.0, 411.0
451, 530.0, 246.0
452, 534.0, 156.0
453, 674.0, 271.0
454, 409.0, 442.0
455, 704.0, 181.0
456, 704.0, 407.0
457, 297.0, 289.0
458, 535.0, 448.0
459, 567.0, 403.0
460, 651.0, 70.0
461, 273.0, 450.0
462, 280.0, 121.0
463, 448.0, 359.0
464, 603.0, 378.0
465, 30.0, 354.0
466, 345.0, 116.0
467, 19.0, 366.0
468, 528.0, 413.0
469, 316.0, 13.0
470, 373.0, 430.0
471, 554.0, 307.0
472, 508.0, 10.0
473, 185.0, 272.0
474, 696.0, 431.0
475, 700.0, 282.0
476, 313.0, 365.0
477, 158.0, 291.0
478, 229.0, 134.0
479, 623.0, 140.0
480, 46.0, 463.0
481, 164.0, 195.0
482, 30.0, 301.0
483, 583.0, 367.0
484, 378.0, 64.0
485, 574.0, 228.0
486, 11.0, 226.0
487, 611.0, 359.0
488, 352.0, 463.0
489, 73.0, 469.0
490, 400.0, 265.0
491, 537.0, 169.0
492, 413.0, 433.0
493, 399.0, 426.0
494, 737.0, 305.0
495, 628.0, 319.0
496, 212.0, 354.0
497, 487.0, 186.0
498, 39.0, 19.0
499, 316.0, 228.0
