0, 119.0, 418.0
1, 265.0, 148.0
2, 262.0, 127.0
3, 162.0, 75.0
4, 163.0, 192.0
5, 457.0, 325.0
6, 510.0, 253.0
7, 229.0, 86.0
8, 575.0, 164.0
9, 158.0, 137.0
10, 611.0, 238.0
11, 165.0, 39.0
12, 382.0, 330.0
13, 420.0, 148.0
14, 496.0, 395.0
15, 438.0, 232.0
16, 451.0, 276.0
17, 184.0, 427.0
18, 224.0, 166.0
19, 480.0, 386.0
20, 206.0, 116.0
21, 679.0, 204.0
22, 253.0, 134.0
23, 379.0, 142.0
24, 145.0, 35.0
25, 487.0, 291.0
26, 362.0, 289.0
27, 202.0, 239.0
28, 172.0, 224.0
29, 403.0, 420.0
30, 543.0, 371.0
31, 197.0, 160.0
32, 182.0, 149.0
33, 440.0, 434.0
34, 623.0, 169.0
35, 259.0, 264.0
36, 82.0, 51.0
37, 244.0, 197.0
38, 403.0, 70.0
39, 74.0, 195.0
40, 182.0, 444.0
41, 523.0, 242.0
42, 203.0, 252.0
43, 175.0, 394.0
44, 401.0, 30.0
45, 283.0, 152.0
46, 286.0, 16.0
47, 82.0, 106.0
48, 471.0, 348.0
49, 445.0, 144.0
50, 450.0, 465.0
51, 405.0, 139.0
52, 134.0, 50.0
53, 396.0, 430.0
54, 223.0, 232.0
55, 385.0, 351.0
56, 420.0, 392.0
57, 236.0, 242.0
58, 221.0, 128.0
59, 175.0, 202.0
60, 202.0, 349.0
61, 509.0, 76.0
62, 352.0, 252.0
63, 457.0, 143.0
64, 330.0, 292.0
65, 559.0, 31.0
66, 160.0, 162.0
67, 492.0, 191.0
68, 226.0, 68.0
69, 269.0, 264.0
70, 137.0, 72.0
71, 421.0, 138.0
72, 322.0, 129.0
73, 161.0, 121.0
74, 544.0, 220.0
75, 535.0, 117.0
76, 501.0, 245.0
77, 378.0, 389.0
78, 265.0, 361.0
79, 217.0, 270.0
80, 342.0, 311.0
81, 111.0, 189.0
82, 556.0, 68.0
83, 659.0, 204.0
84, 537.0, 407.0
85, 416.0, 324.0
86, 194.0, 115.0
87, 159.0, 148.0
88, 439.0, 458.0
89, 452.0, 42.0
90, 280.0, 232.0
91, 484.0, 374.0
92, 652.0, 267.0
93, 85.0, 189.0
94, 524.0, 226.0
95, 222.0, 144.0
96, 114.0, 146.0
97, 261.0, 470.0
98, 215.0, 281.0
99, 255.0, 228.0
100, 315.0, 447.0
101, 169.0, 149.0
102, 300.0, 423.0
103, 282.0, 436.0
104, 160.0, 468.0
105, 455.0, 243.0
106, 624.0, 216.0
107, 354.0, 76.0
108, 266.0, 160.0
109, 251.0, 173.0
110, 263.0, 135.0
111, 443.0, 247.0
112, 94.0, 426.0
113, 264.0, 314.0
114, 492.0, 364.0
115, 396.0, 176.0
116, 230.0, 336.0
117, 343.0, 60.0
118, 240.0, 255.0
119, 255.0, 206.0
120, 200.0, 228.0
121, 444.0, 332.0
122, 178.0, 462.0
123, 279.0, 219.0
124, 217.0, 431.0
125, 612.0, 177.0
126, 28.0, 57.0
127, 587.0, 238.0
128, 525.0, 75.0
129, 427.0, 320.0
130, 152.0, 331.0
131, 243.0, 182.0
132, 603.0, 134.0
133, 130.0, 421.0
134, 185.0, 222.0
135, 254.0, 342.0
136, 83.0, 242.0
137, 128.0, 149.0
138, 614.0, 167.0
139, 434.0, 275.0
140, 291.0, 311.0
141, 158.0, 239.0
142, 330.0, 98.0
143, 411.0, 402.0
144, 326.0, 107.0
145, 70.0, 87.0
146, 243.0, 209.0
147, 133.0, 196.0
148, 546.0, 160.0
149, 171.0, 165.0
150, 293.0, 105.0
151, 450.0, 225.0
152, 328.0, 437.0
153, 120.0, 468.0
154, 146.0, 50.0
155, 127.0, 139.0
156, 589.0, 225.0
157, 332.0, 385.0
158, 506.0, 463.0
159, 597.0, 98.0
160, 14.0, 185.0
161, 151.0, 73.0
162, 255.0, 188.0
163, 650.0, 89.0
164, 392.0, 255.0
165, 421.0, 284.0
166, 344.0, 418.0
167, 528.0, 444.0
168, 374.0, 332.0
169, 346.0, 129.0
170, 483.0, 428.0
171, 107.0, 88.0
172, 622.0, 308.0
173, 489.0, 274.0
174, 418.0, 29.0
175, 660.0, 57.0
176, 137.0, 13.0
177, 280.0, 446.0
178, 556.0, 57.0
179, 478.0, 207.0
180, 601.0, 78.0
181, 416.0, 254.0
182, 477.0, 191.0
183, 672.0, 174.0
184, 729.0, 371.0
185, 480.0, 448.0
186, 378.0, 121.0
187, 208.0, 85.0
188, 150.0, 121.0
189, 354.0, 99.0
190, 118.0, 392.0
191, 280.0, 243.0
192, 435.0, 264.0
193, 467.0, 52.0
194, 147.0, 131.0
195, 179.0, 435.0
196, 559.0, 152.0
197, 408.0, 230.0
198, 222.0, 465.0
199, 556.0, 416.0
200, 601.0, 124.0
201, 97.0, 204.0
202, 242.0, 458.0
203, 356.0, 371.0
204, 585.0, 254.0
205, 522.0, 434.0
206, 446.0, 237.0
207, 511.0, 440.0
208, 662.0, 173.0
209, 452.0, 265.0
210, 382.0, 240.0
211, 73.0, 269.0
212, 247.0, 108.0
213, 77.0, 408.0
214, 493.0, 258.0
215, 584.0, 164.0
216, 426.0, 307.0
217, 497.0, 383.0
218, 458.0, 113.0
219, 265.0, 205.0
220, 60.0, 220.0
221, 415.0, 313.0
222, 67.0, 70.0
223, 245.0, 427.0
224, 264.0, 192.0
225, 733.0, 451.0
226, 441.0, 177.0
227, 99.0, 223.0
228, 170.0, 448.0
229, 161.0, 404.0
230, 390.0, 276.0
231, 555.0, 41.0
232, 580.0, 201.0
233, 208.0, 413.0
234, 68.0, 245.0
235, 652.0, 256.0
236, 449.0, 293.0
237, 104.0, 444.0
238, 339.0, 120.0
239, 306.0, 331.0
240, 190.0, 177.0
241, 413.0, 344.0
242, 520.0, 252.0
243, 288.0, 216.0
244, 228.0, 449.0
245, 92.0, 275.0
246, 413.0, 356.0
247, 202.0, 398.0
248, 468.0, 163.0
249, 149.0, 158.0
250, 723.0, 424.0
251, 276.0, 399.0
252, 639.0, 458.0
253, 528.0, 312.0
254, 216.0, 293.0
255, 306.0, 314.0
256, 432.0, 331.0
257, 728.0, 87.0
258, 582.0, 174.0
259, 130.0, 31.0
260, 472.0, 258.0
261, 79.0, 175.0
262, 590.0, 134.0
263, 188.0, 247.0
264, 329.0, 261.0
265, 22.0, 51.0
266, 551.0, 137.0
267, 330.0, 305.0
268, 395.0, 141.0
269, 404.0, 58.0
270, 407.0, 112.0
271, 510.0, 271.0
272, 391.0, 127.0
273, 571.0, 248.0
274, 403.0, 322.0
275, 206.0, 175.0
276, 659.0, 89.0
277, 367.0, 154.0
278, 697.0, 189.0
279, 258.0, 276.0
280, 328.0, 451.0
281, 474.0, 94.0
282, 209.0, 311.0
283, 706.0, 100.0
284, 396.0, 402.0
285, 474.0, 338.0
286, 142.0, 460.0
287, 225.0, 428.0
288, 671.0, 185.0
289, 164.0, 95.0
290, 373.0, 293.0
291, 153.0, 379.0
292, 302.0, 444.0
293, 281.0, 260.0
294, 292.0, 325.0
295, 53.0, 191.0
296, 62.0, 230.0
297, 740.0, 195.0
298, 338.0, 450.0
299, 627.0, 244.0
300, 712.0, 76.0
301, 572.0, 47.0
302, 261.0, 99.0
303, 212.0, 235.0
304, 534.0, 368.0
305, 92.0, 263.0
306, 518.0, 132.0
307, 335.0, 425.0
308, 117.0, 221.0
309, 60.0, 450.0
310, 62.0, 186.0
311, 392.0, 238.0
312, 516.0, 210.0
313, 394.0, 229.0
314, 222.0, 354.0
315, 206.0, 163.0
316, 225.0, 193.0
317, 81.0, 439.0
318, 89.0, 467.0
319, 351.0, 446.0
320, 168.0, 350.0
321, 23.0, 132.0
322, 454.0, 23.0
323, 284.0, 30.0
324, 317.0, 388.0
325, 423.0, 452.0
326, 536.0, 213.0
327, 549.0, 386.0
328, 622.0, 88.0
329, 363.0, 248.0
330, 248.0, 146.0
331, 739.0, 299.0
332, 339.0, 439.0
333, 155.0, 96.0
334, 701.0, 177.0
335, 249.0, 127.0
336, 299.0, 265.0
337, 506.0, 346.0
338, 156.0, 358.0
339, 402.0, 388.0
340, 705.0, 436.0
341, 45.0, 172.0
342, 551.0, 127.0
343, 545.0, 400.0
344, 214.0, 249.0
345, 633.0, 313.0
346, 396.0, 152.0
347, 524.0, 362.0
348, 675.0, 122.0
349, 437.0, 413.0
350, 278.0, 179.0
351, 173.0, 183.0
352, 103.0, 131.0
353, 220.0, 341.0
354, 360.0, 306.0
355, 510.0, 227.0
356, 547.0, 150.0
357, 240.0, 435.0
358, 319.0, 313.0
359, 623.0, 259.0
360, 632.0, 252.0
361, 395.0, 21.0
362, 331.0, 406.0
363, 186.0, 233.0
364, 508.0, 285.0
365, 625.0, 280.0
366, 715.0, 127.0
367, 213.0, 258.0
368, 214.0, 203.0
369, 466.0, 402.0
370, 423.0, 343.0
371, 103.0, 147.0
372, 48.0, 222.0
373, 618.0, 322.0
374, 456.0, 360.0
375, 286.0, 407.0
376, 672.0, 148.0
377, 363.0, 125.0
378, 382.0, 408.0
379, 536.0, 228.0
380, 540.0, 451.0
381, 84.0, 148.0
382, 490.0, 36.0
383, 453.0, 449.0
384, 356.0, 410.0
385, 504.0, 300.0
386, 193.0, 418.0
387, 234.0, 295.0
388, 255.0, 429.0
389, 595.0, 110.0
390, 233.0, 424.0
391, 673.0, 36.0
392, 443.0, 66.0
393, 455.0, 166.0
394, 270.0, 275.0
395, 245.0, 470.0
396, 476.0, 16.0
397, 520.0, 172.0
398, 502.0, 35.0
399, 283.0, 97.0
400, 370.0, 318.0
401, 536.0, 134.0
402, 556.0, 223.0
403, 187.0, 160.0
404, 115.0, 94.0
405, 60.0, 326.0
406, 286.0, 384.0
407, 489.0, 390.0
408, 126.0, 172.0
409, 640.0, 205.0
410, 42.0, 58.0
411, 659.0, 184.0
412, 530.0, 17.0
413, 99.0, 214.0
414, 466.0, 216.0
415, 516.0, 416.0
416, 684.0, 175.0
417, 476.0, 274.0
418, 90.0, 171.0
419, 299.0, 78.0
420, 613.0, 248.0
421, 465.0, 291.0
422, 414.0, 264.0
423, 298.0, 396.0
424, 416.0, 120.0
425, 63.0, 346.0
426, 195.0, 129.0
427, 199.0, 219.0
428, 384.0, 84.0
429, 703.0, 166.0
430, 562.0, 245.0
431, 695.0, 198.0
432, 128.0, 408.0
433, 115.0, 210.0
434, 599.0, 236.0
435, 195.0, 105.0
436, 428.0, 466.0
437, 40.0, 199.0
438, 144.0, 105.0
439, 300.0, 306.0
440, 491.0, 201.0
441, 347.0, 382.0
442, 731.0, 77.0
443, 532.0, 157.0
444, 484.0, 147.0
445, 391.0, 68.0
446, 193.0, 278.0
447, 481.0, 241.0
448, 145.0, 215.0
449, 443.0, 76.0
450, 116.0, 448.0
451, 127.0, 399.0
452, 412.0, 94.0
453, 386.0, 26.0
454, 455.0, 54.0
455, 392.0, 293.0
456, 589.0, 402.0
457, 92.0, 407.0
458, 621.0, 179.0
459, 39.0, 13.0
460, 587.0, 111.0
461, 29.0, 185.0
462, 534.0, 393.0
463, 364.0, 64.0
464, 165.0, 203.0
465, 475.0, 182.0
466, 143.0, 276.0
467, 225.0, 220.0
468, 66.0, 309.0
469, 224.0, 242.0
470, 100.0, 471.0
471, 671.0, 193.0
472, 79.0, 359.0
473, 579.0, 188.0
474, 721.0, 239.0
475, 677.0, 243.0
476, 604.0, 257.0
477, 743.0, 182.0
478, 594.0, 202.0
479, 352.0, 427.0
480, 326.0, 56.0
481, 368.0, 374.0
482, 684.0, 187.0
483, 291.0, 160.0
484, 140.0, 96.0
485, 579.0, 383.0
486, 709.0, 296.0
487, 545.0, 170.0
488, 517.0, 453.0
489, 426.0, 421.0
490, 469.0, 67.0
491, 264.0, 336.0
492, 426.0, 74.0
493, 227.0, 409.0
494, 416.0, 228.0
495, 515.0, 463.0
496, 613.0, 229.0
497, 722.0, 445.0
498, 635.0, 120.0
499, 345.0, 108.0
