0, 545.0, 208.0
1, 309.0, 394.0
2, 441.0, 387.0
3, 594.0, 229.0
4, 452.0, 377.0
5, 216.0, 435.0
6, 565.0, 323.0
7, 516.0, 433.0
8, 502.0, 265.0
9, 669.0, 429.0
10, 629.0, 338.0
11, 594.0, 445.0
12, 263.0, 76.0
13, 87.0, 264.0
14, 490.0, 221.0
15, 639.0, 229.0
16, 285.0, 455.0
17, 455.0, 184.0
18, 469.0, 199.0
19, 269.0, 157.0
20, 370.0, 315.0
21, 707.0, 215.0
22, 218.0, 447.0
23, 498.0, 186.0
24, 350.0, 245.0
25, 617.0, 233.0
26, 453.0, 198.0
27, 341.0, 447.0
28, 310.0, 405.0
29, 377.0, 162.0
30, 424.0, 235.0
31, 596.0, 217.0
32, 546.0, 389.0
33, 627.0, 442.0
34, 132.0, 209.0
35, 515.0, 200.0
36, 615.0, 143.0
37, 486.0, 186.0
38, 564.0, 133.0
39, 669.0, 398.0
40, 677.0, 261.0
41, 408.0, 290.0
42, 505.0, 135.0
43, 297.0, 402.0
44, 539.0, 93.0
45, 276.0, 229.0
46, 356.0, 412.0
47, 345.0, 72.0
48, 502.0, 361.0
49, 427.0, 191.0
50, 536.0, 160.0
51, 137.0, 260.0
52, 284.0, 209.0
53, 206.0, 57.0
54, 314.0, 207.0
55, 280.0, 69.0
56, 452.0, 386.0
57, 475.0, 365.0
58, 236.0, 216.0
59, 173.0, 408.0
60, 616.0, 114.0
61, 34.0, 321.0
62, 547.0, 319.0
63, 239.0, 457.0
64, 589.0, 156.0
65, 347.0, 41.0
66, 356.0, 354.0
67, 465.0, 150.0
68, 513.0, 126.0
69, 610.0, 285.0
70, 427.0, 314.0
71, 322.0, 417.0
72, 352.0, 226.0
73, 581.0, 68.0
74, 296.0, 452.0
75, 650.0, 243.0
76, 476.0, 177.0
77, 603.0, 431.0
78, 486.0, 332.0
79, 736.0, 338.0
80, 549.0, 225.0
81, 136.0, 310.0
82, 341.0, 403.0
83, 326.0, 92.0
84, 639.0, 321.0
85, 320.0, 389.0
86, 569.0, 91.0
87, 604.0, 144.0
88, 583.0, 55.0
89, 599.0, 292.0
90, 341.0, 415.0
91, 49.0, 324.0
92, 450.0, 408.0
93, 612.0, 310.0
94, 74.0, 254.0
95, 441.0, 230.0
96, 297.0, 17.0
97, 534.0, 383.0
98, 128.0, 334.0
99, 538.0, 149.0
100, 543.0, 449.0
101, 498.0, 201.0
102, 293.0, 229.0
103, 690.0, 379.0
104, 347.0, 28.0
105, 602.0, 155.0
106, 370.0, 299.0
107, 525.0, 233.0
108, 323.0, 406.0
109, 170.0, 255.0
110, 392.0, 59.0
111, 200.0, 206.0
112, 229.0, 237.0
113, 534.0, 446.0
114, 573.0, 384.0
115, 297.0, 209.0
116, 112.0, 210.0
117, 471.0, 341.0
118, 301.0, 465.0
119, 678.0, 231.0
120, 327.0, 274.0
121, 76.0, 266.0
122, 564.0, 449.0
123, 391.0, 186.0
124, 460.0, 398.0
125, 438.0, 192.0
126, 652.0, 326.0
127, 160.0, 256.0
128, 341.0, 277.0
129, 667.0, 340.0
130, 238.0, 371.0
131, 550.0, 250.0
132, 522.0, 256.0
133, 96.0, 212.0
134, 622.0, 467.0
135, 296.0, 37.0
136, 578.0, 109.0
137, 664.0, 236.0
138, 392.0, 33.0
139, 408.0, 182.0
140, 214.0, 425.0
141, 587.0, 95.0
142, 700.0, 323.0
143, 329.0, 187.0
144, 61.0, 285.0
145, 309.0, 445.0
146, 84.0, 213.0
147, 668.0, 367.0
148, 486.0, 258.0
149, 540.0, 134.0
150, 446.0, 438.0
151, 97.0, 319.0
152, 462.0, 297.0
153, 598.0, 401.0
154, 628.0, 285.0
155, 639.0, 402.0
156, 310.0, 38.0
157, 641.0, 73.0
158, 544.0, 52.0
159, 625.0, 72.0
160, 560.0, 386.0
161, 601.0, 88.0
162, 511.0, 235.0
163, 359.0, 425.0
164, 250.0, 188.0
165, 316.0, 349.0
166, 546.0, 149.0
167, 357.0, 400.0
168, 169.0, 245.0
169, 92.0, 243.0
170, 703.0, 232.0
171, 613.0, 155.0
172, 299.0, 442.0
173, 316.0, 297.0
174, 630.0, 29.0
175, 304.0, 252.0
176, 593.0, 315.0
177, 485.0, 165.0
178, 299.0, 371.0
179, 543.0, 416.0
180, 381.0, 330.0
181, 78.0, 321.0
182, 523.0, 293.0
183, 264.0, 93.0
184, 317.0, 259.0
185, 194.0, 220.0
186, 619.0, 419.0
187, 545.0, 80.0
188, 692.0, 96.0
189, 327.0, 66.0
190, 498.0, 150.0
191, 601.0, 390.0
192, 358.0, 445.0
193, 607.0, 224.0
194, 564.0, 31.0
195, 602.0, 459.0
196, 244.0, 261.0
197, 570.0, 401.0
198, 468.0, 320.0
199, 497.0, 303.0
200, 309.0, 381.0
201, 420.0, 179.0
202, 123.0, 347.0
203, 659.0, 446.0
204, 395.0, 205.0
205, 526.0, 147.0
206, 246.0, 91.0
207, 616.0, 434.0
208, 499.0, 222.0
209, 354.0, 60.0
210, 370.0, 265.0
211, 530.0, 215.0
212, 292.0, 115.0
213, 637.0, 12.0
214, 281.0, 84.0
215, 561.0, 281.0
216, 649.0, 373.0
217, 218.0, 314.0
218, 682.0, 437.0
219, 341.0, 386.0
220, 345.0, 184.0
221, 389.0, 262.0
222, 523.0, 243.0
223, 484.0, 10.0
224, 424.0, 223.0
225, 653.0, 460.0
226, 619.0, 31.0
227, 337.0, 239.0
228, 315.0, 333.0
229, 279.0, 333.0
230, 527.0, 470.0
231, 609.0, 71.0
232, 388.0, 150.0
233, 586.0, 355.0
234, 469.0, 168.0
235, 347.0, 8.0
236, 115.0, 263.0
237, 376.0, 178.0
238, 483.0, 385.0
239, 226.0, 263.0
240, 523.0, 73.0
241, 341.0, 432.0
242, 466.0, 375.0
243, 524.0, 161.0
244, 231.0, 247.0
245, 17.0, 318.0
246, 534.0, 110.0
247, 627.0, 273.0
248, 293.0, 133.0
249, 247.0, 107.0
250, 85.0, 165.0
251, 595.0, 106.0
252, 183.0, 193.0
253, 437.0, 328.0
254, 288.0, 471.0
255, 340.0, 307.0
256, 250.0, 134.0
257, 240.0, 246.0
258, 214.0, 293.0
259, 558.0, 193.0
260, 507.0, 307.0
261, 115.0, 226.0
262, 175.0, 229.0
263, 444.0, 216.0
264, 540.0, 371.0
265, 569.0, 57.0
266, 299.0, 91.0
267, 431.0, 371.0
268, 172.0, 207.0
269, 536.0, 309.0
270, 682.0, 387.0
271, 647.0, 278.0
272, 475.0, 185.0
273, 556.0, 85.0
274, 158.0, 246.0
275, 614.0, 93.0
276, 137.0, 378.0
277, 210.0, 237.0
278, 589.0, 18.0
279, 674.0, 352.0
280, 574.0, 28.0
281, 279.0, 115.0
282, 599.0, 419.0
283, 339.0, 289.0
284, 314.0, 218.0
285, 353.0, 217.0
286, 470.0, 269.0
287, 389.0, 240.0
288, 282.0, 132.0
289, 234.0, 439.0
290, 584.0, 217.0
291, 566.0, 353.0
292, 568.0, 298.0
293, 557.0, 214.0
294, 635.0, 363.0
295, 196.0, 397.0
296, 543.0, 352.0
297, 135.0, 222.0
298, 236.0, 228.0
299, 398.0, 282.0
300, 545.0, 122.0
301, 196.0, 161.0
302, 221.0, 376.0
303, 444.0, 376.0
304, 185.0, 206.0
305, 201.0, 304.0
306, 569.0, 215.0
307, 453.0, 96.0
308, 599.0, 70.0
309, 487.0, 267.0
310, 359.0, 369.0
311, 538.0, 185.0
312, 310.0, 23.0
313, 15.0, 289.0
314, 448.0, 81.0
315, 137.0, 233.0
316, 126.0, 325.0
317, 671.0, 282.0
318, 633.0, 459.0
319, 536.0, 327.0
320, 302.0, 238.0
321, 303.0, 352.0
322, 43.0, 250.0
323, 555.0, 108.0
324, 729.0, 242.0
325, 174.0, 220.0
326, 506.0, 168.0
327, 278.0, 282.0
328, 388.0, 343.0
329, 574.0, 19.0
330, 656.0, 338.0
331, 283.0, 11.0
332, 518.0, 274.0
333, 608.0, 371.0
334, 179.0, 447.0
335, 619.0, 280.0
336, 725.0, 260.0
337, 619.0, 349.0
338, 349.0, 268.0
339, 626.0, 199.0
340, 302.0, 275.0
341, 353.0, 204.0
342, 112.0, 428.0
343, 316.0, 312.0
344, 455.0, 362.0
345, 536.0, 246.0
346, 663.0, 414.0
347, 534.0, 256.0
348, 603.0, 445.0
349, 608.0, 201.0
350, 649.0, 108.0
351, 682.0, 402.0
352, 519.0, 314.0
353, 648.0, 204.0
354, 438.0, 411.0
355, 684.0, 454.0
356, 230.0, 458.0
357, 358.0, 287.0
358, 531.0, 201.0
359, 194.0, 264.0
360, 653.0, 349.0
361, 112.0, 252.0
362, 255.0, 380.0
363, 331.0, 357.0
364, 176.0, 269.0
365, 355.0, 432.0
366, 490.0, 90.0
367, 641.0, 422.0
368, 489.0, 370.0
369, 265.0, 294.0
370, 80.0, 355.0
371, 707.0, 81.0
372, 582.0, 132.0
373, 391.0, 75.0
374, 445.0, 174.0
375, 55.0, 231.0
376, 473.0, 37.0
377, 8.0, 233.0
378, 567.0, 67.0
379, 581.0, 231.0
380, 528.0, 136.0
381, 693.0, 340.0
382, 696.0, 355.0
383, 393.0, 226.0
384, 300.0, 187.0
385, 599.0, 194.0
386, 458.0, 269.0
387, 377.0, 152.0
388, 403.0, 95.0
389, 266.0, 468.0
390, 450.0, 399.0
391, 571.0, 392.0
392, 177.0, 461.0
393, 551.0, 287.0
394, 86.0, 254.0
395, 609.0, 174.0
396, 628.0, 394.0
397, 390.0, 94.0
398, 573.0, 261.0
399, 317.0, 237.0
400, 535.0, 279.0
401, 242.0, 311.0
402, 497.0, 317.0
403, 296.0, 383.0
404, 509.0, 339.0
405, 331.0, 260.0
406, 8.0, 263.0
407, 355.0, 384.0
408, 624.0, 175.0
409, 557.0, 335.0
410, 33.0, 217.0
411, 627.0, 157.0
412, 638.0, 330.0
413, 187.0, 321.0
414, 72.0, 374.0
415, 449.0, 44.0
416, 606.0, 31.0
417, 378.0, 368.0
418, 700.0, 254.0
419, 630.0, 96.0
420, 440.0, 265.0
421, 617.0, 129.0
422, 714.0, 461.0
423, 668.0, 298.0
424, 275.0, 358.0
425, 372.0, 279.0
426, 251.0, 462.0
427, 255.0, 428.0
428, 234.0, 419.0
429, 272.0, 210.0
430, 89.0, 226.0
431, 89.0, 179.0
432, 354.0, 330.0
433, 184.0, 281.0
434, 250.0, 152.0
435, 283.0, 198.0
436, 589.0, 200.0
437, 319.0, 458.0
438, 119.0, 418.0
439, 88.0, 330.0
440, 31.0, 305.0
441, 692.0, 249.0
442, 626.0, 296.0
443, 199.0, 418.0
444, 43.0, 284.0
445, 589.0, 464.0
446, 415.0, 298.0
447, 565.0, 158.0
448, 652.0, 309.0
449, 252.0, 295.0
450, 618.0, 259.0
451, 713.0, 238.0
452, 639.0, 438.0
453, 199.0, 380.0
454, 546.0, 32.0
455, 253.0, 411.0
456, 386.0, 179.0
457, 428.0, 260.0
458, 419.0, 303.0
459, 236.0, 355.0
460, 488.0, 302.0
461, 473.0, 231.0
462, 468.0, 70.0
463, 431.0, 246.0
464, 481.0, 81.0
465, 554.0, 457.0
466, 670.0, 450.0
467, 648.0, 293.0
468, 369.0, 415.0
469, 360.0, 344.0
470, 105.0, 405.0
471, 729.0, 22.0
472, 261.0, 213.0
473, 268.0, 134.0
474, 596.0, 144.0
475, 447.0, 271.0
476, 422.0, 397.0
477, 603.0, 270.0
478, 700.0, 133.0
479, 286.0, 414.0
480, 342.0, 349.0
481, 735.0, 220.0
482, 154.0, 272.0
483, 655.0, 426.0
484, 297.0, 220.0
485, 139.0, 324.0
486, 249.0, 213.0
487, 338.0, 63.0
488, 128.0, 399.0
489, 168.0, 395.0
490, 689.0, 422.0
491, 634.0, 129.0
492, 553.0, 449.0
493, 334.0, 206.0
494, 281.0, 272.0
495, 205.0, 469.0
496, 300.0, 299.0
497, 12.0, 160.0
498, 410.0, 357.0
499, 579.0, 144.0
