0, 591.0, 351.0
1, 166.0, 415.0
2, 440.0, 85.0
3, 372.0, 464.0
4, 232.0, 288.0
5, 400.0, 304.0
6, 361.0, 440.0
7, 357.0, 424.0
8, 124.0, 343.0
9, 201.0, 67.0
10, 390.0, 335.0
11, 530.0, 244.0
12, 534.0, 282.0
13, 491.0, 222.0
14, 520.0, 369.0
15, 416.0, 434.0
16, 580.0, 341.0
17, 563.0, 225.0
18, 571.0, 311.0
19, 576.0, 170.0
20, 666.0, 147.0
21, 159.0, 313.0
22, 247.0, 253.0
23, 616.0, 383.0
24, 460.0, 296.0
25, 481.0, 83.0
26, 77.0, 257.0
27, 391.0, 349.0
28, 268.0, 168.0
29, 393.0, 362.0
30, 220.0, 470.0
31, 248.0, 273.0
32, 305.0, 280.0
33, 627.0, 234.0
34, 629.0, 419.0
35, 395.0, 377.0
36, 521.0, 351.0
37, 571.0, 351.0
38, 472.0, 233.0
39, 303.0, 248.0
40, 83.0, 290.0
41, 731.0, 91.0
42, 403.0, 437.0
43, 651.0, 144.0
44, 228.0, 256.0
45, 323.0, 366.0
46, 494.0, 358.0
47, 458.0, 372.0
48, 391.0, 258.0
49, 488.0, 125.0
50, 304.0, 267.0
51, 475.0, 216.0
52, 350.0, 140.0
53, 360.0, 455.0
54, 480.0, 293.0
55, 217.0, 68.0
56, 57.0, 280.0
57, 486.0, 107.0
58, 196.0, 368.0
59, 408.0, 77.0
60, 660.0, 453.0
61, 133.0, 44.0
62, 715.0, 234.0
63, 679.0, 229.0
64, 640.0, 341.0
65, 143.0, 326.0
66, 401.0, 421.0
67, 560.0, 86.0
68, 96.0, 281.0
69, 411.0, 397.0
70, 532.0, 228.0
71, 639.0, 206.0
72, 666.0, 412.0
73, 386.0, 445.0
74, 661.0, 315.0
75, 466.0, 281.0
76, 685.0, 176.0
77, 94.0, 267.0
78, 105.0, 347.0
79, 370.0, 413.0
80, 424.0, 238.0
81, 168.0, 369.0
82, 549.0, 106.0
83, 665.0, 61.0
84, 448.0, 285.0
85, 627.0, 335.0
86, 238.0, 144.0
87, 423.0, 269.0
88, 334.0, 462.0
89, 521.0, 338.0
90, 453.0, 186.0
91, 478.0, 189.0
92, 540.0, 311.0
93, 385.0, 87.0
94, 249.0, 305.0
95, 171.0, 81.0
96, 249.0, 287.0
97, 617.0, 311.0
98, 684.0, 141.0
99, 526.0, 399.0
100, 554.0, 149.0
101, 588.0, 267.0
102, 631.0, 180.0
103, 374.0, 436.0
104, 601.0, 337.0
105, 153.0, 403.0
106, 252.0, 314.0
107, 674.0, 308.0
108, 602.0, 370.0
109, 114.0, 232.0
110, 598.0, 328.0
111, 564.0, 337.0
112, 560.0, 263.0
113, 537.0, 374.0
114, 376.0, 379.0
115, 584.0, 360.0
116, 395.0, 134.0
117, 641.0, 310.0
118, 612.0, 235.0
119, 119.0, 263.0
120, 559.0, 184.0
121, 670.0, 87.0
122, 230.0, 275.0
123, 424.0, 255.0
124, 469.0, 263.0
125, 487.0, 411.0
126, 92.0, 253.0
127, 554.0, 160.0
128, 482.0, 329.0
129, 103.0, 376.0
130, 520.0, 431.0
131, 582.0, 239.0
132, 397.0, 401.0
133, 636.0, 428.0
134, 442.0, 136.0
135, 459.0, 333.0
136, 530.0, 172.0
137, 279.0, 311.0
138, 146.0, 468.0
139, 578.0, 378.0
140, 524.0, 408.0
141, 406.0, 239.0
142, 276.0, 71.0
143, 181.0, 390.0
144, 329.0, 140.0
145, 157.0, 337.0
146, 209.0, 399.0
147, 392.0, 414.0
148, 541.0, 88.0
149, 538.0, 404.0
150, 710.0, 164.0
151, 319.0, 247.0
152, 86.0, 391.0
153, 233.0, 448.0
154, 389.0, 240.0
155, 291.0, 170.0
156, 442.0, 107.0
157, 557.0, 283.0
158, 156.0, 261.0
159, 375.0, 272.0
160, 119.0, 276.0
161, 174.0, 261.0
162, 554.0, 308.0
163, 562.0, 326.0
164, 245.0, 233.0
165, 497.0, 214.0
166, 566.0, 202.0
167, 298.0, 184.0
168, 588.0, 335.0
169, 139.0, 398.0
170, 118.0, 371.0
171, 241.0, 187.0
172, 204.0, 144.0
173, 189.0, 403.0
174, 370.0, 302.0
175, 710.0, 252.0
176, 305.0, 369.0
177, 323.0, 382.0
178, 633.0, 283.0
179, 248.0, 471.0
180, 631.0, 362.0
181, 531.0, 212.0
182, 24.0, 457.0
183, 65.0, 399.0
184, 210.0, 79.0
185, 21.0, 316.0
186, 547.0, 324.0
187, 584.0, 148.0
188, 227.0, 234.0
189, 591.0, 54.0
190, 670.0, 163.0
191, 654.0, 200.0
192, 187.0, 142.0
193, 687.0, 417.0
194, 527.0, 258.0
195, 371.0, 421.0
196, 30.0, 425.0
197, 681.0, 361.0
198, 616.0, 399.0
199, 567.0, 424.0
200, 162.0, 453.0
201, 44.0, 102.0
202, 396.0, 463.0
203, 722.0, 79.0
204, 617.0, 72.0
205, 545.0, 213.0
206, 136.0, 445.0
207, 542.0, 72.0
208, 680.0, 186.0
209, 607.0, 88.0
210, 320.0, 266.0
211, 363.0, 143.0
212, 426.0, 287.0
213, 674.0, 242.0
214, 393.0, 271.0
215, 151.0, 208.0
216, 442.0, 68.0
217, 333.0, 391.0
218, 385.0, 75.0
219, 470.0, 95.0
220, 345.0, 386.0
221, 596.0, 221.0
222, 146.0, 87.0
223, 183.0, 424.0
224, 501.0, 336.0
225, 488.0, 386.0
226, 161.0, 394.0
227, 548.0, 349.0
228, 381.0, 396.0
229, 510.0, 195.0
230, 323.0, 352.0
231, 543.0, 358.0
232, 657.0, 175.0
233, 218.0, 331.0
234, 601.0, 64.0
235, 128.0, 329.0
236, 467.0, 469.0
237, 707.0, 79.0
238, 506.0, 353.0
239, 514.0, 408.0
240, 428.0, 163.0
241, 333.0, 51.0
242, 515.0, 135.0
243, 647.0, 157.0
244, 732.0, 165.0
245, 671.0, 176.0
246, 114.0, 380.0
247, 448.0, 215.0
248, 579.0, 278.0
249, 215.0, 308.0
250, 106.0, 249.0
251, 482.0, 305.0
252, 612.0, 226.0
253, 562.0, 401.0
254, 177.0, 335.0
255, 599.0, 72.0
256, 582.0, 198.0
257, 593.0, 235.0
258, 283.0, 352.0
259, 203.0, 340.0
260, 484.0, 274.0
261, 55.0, 421.0
262, 319.0, 227.0
263, 125.0, 317.0
264, 678.0, 201.0
265, 10.0, 350.0
266, 505.0, 308.0
267, 688.0, 250.0
268, 578.0, 426.0
269, 404.0, 221.0
270, 690.0, 214.0
271, 567.0, 212.0
272, 695.0, 225.0
273, 234.0, 103.0
274, 649.0, 340.0
275, 188.0, 377.0
276, 549.0, 409.0
277, 260.0, 462.0
278, 195.0, 149.0
279, 146.0, 341.0
280, 214.0, 420.0
281, 233.0, 70.0
282, 166.0, 434.0
283, 563.0, 240.0
284, 50.0, 307.0
285, 688.0, 239.0
286, 144.0, 42.0
287, 317.0, 293.0
288, 580.0, 251.0
289, 689.0, 165.0
290, 588.0, 207.0
291, 558.0, 369.0
292, 406.0, 135.0
293, 376.0, 242.0
294, 379.0, 151.0
295, 722.0, 101.0
296, 108.0, 266.0
297, 650.0, 450.0
298, 479.0, 69.0
299, 665.0, 187.0
300, 316.0, 393.0
301, 651.0, 437.0
302, 614.0, 200.0
303, 611.0, 132.0
304, 184.0, 311.0
305, 280.0, 458.0
306, 358.0, 122.0
307, 56.0, 261.0
308, 564.0, 72.0
309, 412.0, 446.0
310, 406.0, 124.0
311, 379.0, 116.0
312, 320.0, 279.0
313, 613.0, 144.0
314, 335.0, 313.0
315, 615.0, 258.0
316, 464.0, 213.0
317, 636.0, 255.0
318, 305.0, 294.0
319, 41.0, 316.0
320, 154.0, 239.0
321, 293.0, 427.0
322, 188.0, 437.0
323, 267.0, 186.0
324, 630.0, 439.0
325, 417.0, 66.0
326, 673.0, 332.0
327, 465.0, 137.0
328, 621.0, 115.0
329, 564.0, 388.0
330, 96.0, 8.0
331, 332.0, 21.0
332, 505.0, 230.0
333, 675.0, 76.0
334, 275.0, 84.0
335, 167.0, 56.0
336, 619.0, 180.0
337, 510.0, 271.0
338, 388.0, 64.0
339, 520.0, 80.0
340, 283.0, 115.0
341, 682.0, 395.0
342, 269.0, 106.0
343, 345.0, 290.0
344, 514.0, 420.0
345, 406.0, 390.0
346, 701.0, 311.0
347, 222.0, 179.0
348, 117.0, 28.0
349, 592.0, 426.0
350, 58.0, 322.0
351, 371.0, 345.0
352, 451.0, 387.0
353, 146.0, 184.0
354, 424.0, 331.0
355, 164.0, 464.0
356, 180.0, 238.0
357, 702.0, 216.0
358, 222.0, 160.0
359, 596.0, 82.0
360, 472.0, 248.0
361, 94.0, 219.0
362, 384.0, 463.0
363, 374.0, 449.0
364, 373.0, 285.0
365, 517.0, 201.0
366, 713.0, 183.0
367, 240.0, 459.0
368, 564.0, 117.0
369, 493.0, 138.0
370, 714.0, 61.0
371, 498.0, 273.0
372, 215.0, 441.0
373, 376.0, 260.0
374, 260.0, 437.0
375, 501.0, 365.0
376, 456.0, 264.0
377, 636.0, 390.0
378, 112.0, 286.0
379, 239.0, 160.0
380, 70.0, 328.0
381, 249.0, 161.0
382, 675.0, 405.0
383, 344.0, 216.0
384, 288.0, 405.0
385, 564.0, 157.0
386, 344.0, 364.0
387, 27.0, 286.0
388, 511.0, 71.0
389, 659.0, 403.0
390, 661.0, 396.0
391, 488.0, 150.0
392, 409.0, 107.0
393, 163.0, 296.0
394, 384.0, 283.0
395, 513.0, 444.0
396, 734.0, 109.0
397, 466.0, 180.0
398, 203.0, 158.0
399, 536.0, 425.0
400, 401.0, 291.0
401, 58.0, 431.0
402, 656.0, 253.0
403, 660.0, 465.0
404, 464.0, 317.0
405, 738.0, 80.0
406, 305.0, 402.0
407, 104.0, 459.0
408, 105.0, 403.0
409, 662.0, 284.0
410, 644.0, 167.0
411, 155.0, 382.0
412, 707.0, 154.0
413, 486.0, 249.0
414, 738.0, 155.0
415, 66.0, 370.0
416, 608.0, 285.0
417, 511.0, 297.0
418, 52.0, 401.0
419, 22.0, 331.0
420, 246.0, 176.0
421, 59.0, 295.0
422, 220.0, 137.0
423, 386.0, 221.0
424, 199.0, 56.0
425, 301.0, 228.0
426, 596.0, 377.0
427, 596.0, 119.0
428, 583.0, 327.0
429, 385.0, 294.0
430, 407.0, 257.0
431, 259.0, 385.0
432, 132.0, 90.0
433, 465.0, 190.0
434, 195.0, 420.0
435, 580.0, 223.0
436, 590.0, 113.0
437, 288.0, 382.0
438, 548.0, 185.0
439, 431.0, 108.0
440, 112.0, 440.0
441, 618.0, 372.0
442, 376.0, 352.0
443, 599.0, 202.0
444, 188.0, 342.0
445, 584.0, 73.0
446, 396.0, 390.0
447, 508.0, 84.0
448, 305.0, 426.0
449, 185.0, 86.0
450, 481.0, 280.0
451, 12.0, 15.0
452, 80.0, 203.0
453, 442.0, 151.0
454, 280.0, 322.0
455, 252.0, 126.0
456, 161.0, 283.0
457, 237.0, 127.0
458, 75.0, 308.0
459, 81.0, 275.0
460, 55.0, 217.0
461, 632.0, 218.0
462, 645.0, 371.0
463, 250.0, 444.0
464, 117.0, 243.0
465, 522.0, 419.0
466, 604.0, 414.0
467, 646.0, 122.0
468, 590.0, 250.0
469, 364.0, 383.0
470, 449.0, 372.0
471, 240.0, 315.0
472, 546.0, 381.0
473, 649.0, 75.0
474, 528.0, 107.0
475, 465.0, 68.0
476, 405.0, 452.0
477, 385.0, 106.0
478, 150.0, 392.0
479, 732.0, 211.0
480, 662.0, 102.0
481, 480.0, 135.0
482, 386.0, 431.0
483, 121.0, 292.0
484, 562.0, 346.0
485, 737.0, 184.0
486, 563.0, 128.0
487, 135.0, 373.0
488, 386.0, 316.0
489, 495.0, 92.0
490, 393.0, 146.0
491, 593.0, 410.0
492, 532.0, 337.0
493, 670.0, 253.0
494, 550.0, 117.0
495, 375.0, 362.0
496, 262.0, 312.0
497, 624.0, 347.0
498, 598.0, 102.0
499, 733.0, 42.0
