0, 481.0, 171.0
1, 556.0, 344.0
2, 540.0, 195.0
3, 510.0, 197.0
4, 208.0, 387.0
5, 243.0, 241.0
6, 203.0, 277.0
7, 620.0, 348.0
8, 283.0, 248.0
9, 576.0, 282.0
10, 613.0, 368.0
11, 323.0, 403.0
12, 216.0, 413.0
13, 512.0, 308.0
14, 279.0, 168.0
15, 124.0, 420.0
16, 471.0, 288.0
17, 178.0, 312.0
18, 541.0, 346.0
19, 540.0, 322.0
20, 381.0, 397.0
21, 236.0, 284.0
22, 219.0, 299.0
23, 271.0, 284.0
24, 521.0, 54.0
25, 196.0, 58.0
26, 661.0, 331.0
27, 605.0, 364.0
28, 478.0, 223.0
29, 181.0, 253.0
30, 462.0, 61.0
31, 607.0, 261.0
32, 602.0, 109.0
33, 629.0, 12.0
34, 165.0, 332.0
35, 262.0, 234.0
36, 488.0, 75.0
37, 544.0, 121.0
38, 63.0, 428.0
39, 538.0, 61.0
40, 554.0, 386.0
41, 506.0, 209.0
42, 591.0, 251.0
43, 518.0, 399.0
44, 151.0, 322.0
45, 301.0, 255.0
46, 506.0, 339.0
47, 301.0, 336.0
48, 496.0, 209.0
49, 650.0, 319.0
50, 505.0, 293.0
51, 632.0, 372.0
52, 492.0, 266.0
53, 521.0, 66.0
54, 168.0, 183.0
55, 254.0, 145.0
56, 261.0, 288.0
57, 319.0, 384.0
58, 285.0, 261.0
59, 509.0, 119.0
60, 549.0, 329.0
61, 538.0, 174.0
62, 291.0, 310.0
63, 129.0, 277.0
64, 474.0, 98.0
65, 592.0, 381.0
66, 517.0, 320.0
67, 465.0, 227.0
68, 281.0, 190.0
69, 462.0, 372.0
70, 495.0, 192.0
71, 447.0, 33.0
72, 244.0, 178.0
73, 522.0, 352.0
74, 224.0, 471.0
75, 251.0, 120.0
76, 143.0, 124.0
77, 239.0, 272.0
78, 537.0, 18.0
79, 225.0, 460.0
80, 658.0, 346.0
81, 473.0, 456.0
82, 442.0, 274.0
83, 455.0, 125.0
84, 399.0, 47.0
85, 524.0, 432.0
86, 248.0, 192.0
87, 60.0, 238.0
88, 273.0, 334.0
89, 136.0, 366.0
90, 201.0, 193.0
91, 276.0, 155.0
92, 268.0, 349.0
93, 620.0, 359.0
94, 268.0, 398.0
95, 521.0, 219.0
96, 247.0, 205.0
97, 492.0, 339.0
98, 480.0, 160.0
99, 182.0, 342.0
100, 523.0, 262.0
101, 477.0, 125.0
102, 551.0, 452.0
103, 228.0, 127.0
104, 214.0, 81.0
105, 43.0, 192.0
106, 203.0, 346.0
107, 285.0, 329.0
108, 498.0, 438.0
109, 293.0, 355.0
110, 603.0, 44.0
111, 327.0, 426.0
112, 489.0, 123.0
113, 160.0, 385.0
114, 648.0, 174.0
115, 173.0, 202.0
116, 523.0, 340.0
117, 489.0, 397.0
118, 531.0, 318.0
119, 28.0, 380.0
120, 23.0, 170.0
121, 273.0, 266.0
122, 129.0, 393.0
123, 164.0, 311.0
124, 170.0, 259.0
125, 338.0, 395.0
126, 259.0, 80.0
127, 637.0, 322.0
128, 566.0, 168.0
129, 557.0, 178.0
130, 227.0, 354.0
131, 443.0, 428.0
132, 515.0, 277.0
133, 625.0, 336.0
134, 263.0, 186.0
135, 439.0, 247.0
136, 544.0, 464.0
137, 661.0, 241.0
138, 494.0, 240.0
139, 599.0, 434.0
140, 184.0, 178.0
141, 198.0, 394.0
142, 132.0, 334.0
143, 256.0, 399.0
144, 634.0, 309.0
145, 543.0, 435.0
146, 274.0, 322.0
147, 211.0, 374.0
148, 458.0, 268.0
149, 537.0, 335.0
150, 200.0, 223.0
151, 633.0, 139.0
152, 543.0, 365.0
153, 135.0, 412.0
154, 569.0, 8.0
155, 380.0, 411.0
156, 322.0, 264.0
157, 365.0, 397.0
158, 246.0, 262.0
159, 478.0, 363.0
160, 521.0, 331.0
161, 453.0, 102.0
162, 163.0, 166.0
163, 567.0, 59.0
164, 536.0, 447.0
165, 662.0, 318.0
166, 228.0, 157.0
167, 431.0, 278.0
168, 214.0, 189.0
169, 602.0, 88.0
170, 157.0, 226.0
171, 175.0, 234.0
172, 476.0, 302.0
173, 147.0, 392.0
174, 239.0, 126.0
175, 608.0, 242.0
176, 605.0, 191.0
177, 414.0, 370.0
178, 189.0, 34.0
179, 618.0, 184.0
180, 501.0, 85.0
181, 245.0, 466.0
182, 298.0, 409.0
183, 233.0, 344.0
184, 702.0, 424.0
185, 635.0, 162.0
186, 522.0, 443.0
187, 421.0, 199.0
188, 223.0, 111.0
189, 179.0, 162.0
190, 144.0, 276.0
191, 200.0, 69.0
192, 236.0, 463.0
193, 346.0, 49.0
194, 653.0, 356.0
195, 141.0, 171.0
196, 170.0, 95.0
197, 410.0, 14.0
198, 471.0, 377.0
199, 363.0, 409.0
200, 182.0, 11.0
201, 448.0, 65.0
202, 223.0, 18.0
203, 460.0, 238.0
204, 587.0, 336.0
205, 468.0, 326.0
206, 355.0, 335.0
207, 576.0, 296.0
208, 206.0, 289.0
209, 188.0, 197.0
210, 77.0, 62.0
211, 482.0, 68.0
212, 502.0, 103.0
213, 200.0, 360.0
214, 500.0, 54.0
215, 607.0, 335.0
216, 556.0, 119.0
217, 605.0, 351.0
218, 557.0, 203.0
219, 342.0, 333.0
220, 575.0, 202.0
221, 244.0, 21.0
222, 235.0, 254.0
223, 507.0, 164.0
224, 557.0, 407.0
225, 521.0, 250.0
226, 66.0, 255.0
227, 351.0, 395.0
228, 555.0, 57.0
229, 153.0, 208.0
230, 402.0, 181.0
231, 577.0, 272.0
232, 507.0, 256.0
233, 504.0, 427.0
234, 266.0, 196.0
235, 44.0, 312.0
236, 707.0, 446.0
237, 461.0, 176.0
238, 388.0, 163.0
239, 113.0, 94.0
240, 658.0, 369.0
241, 310.0, 374.0
242, 584.0, 401.0
243, 281.0, 180.0
244, 146.0, 189.0
245, 639.0, 21.0
246, 647.0, 243.0
247, 492.0, 292.0
248, 238.0, 306.0
249, 584.0, 113.0
250, 142.0, 158.0
251, 163.0, 239.0
252, 108.0, 118.0
253, 602.0, 63.0
254, 494.0, 311.0
255, 576.0, 171.0
256, 131.0, 405.0
257, 125.0, 385.0
258, 314.0, 335.0
259, 391.0, 60.0
260, 180.0, 326.0
261, 483.0, 458.0
262, 560.0, 240.0
263, 140.0, 66.0
264, 80.0, 401.0
265, 585.0, 353.0
266, 536.0, 49.0
267, 218.0, 100.0
268, 199.0, 452.0
269, 508.0, 28.0
270, 484.0, 27.0
271, 639.0, 469.0
272, 160.0, 295.0
273, 563.0, 360.0
274, 250.0, 44.0
275, 444.0, 12.0
276, 94.0, 284.0
277, 261.0, 173.0
278, 148.0, 56.0
279, 38.0, 154.0
280, 538.0, 97.0
281, 196.0, 256.0
282, 460.0, 186.0
283, 58.0, 307.0
284, 367.0, 449.0
285, 384.0, 188.0
286, 334.0, 320.0
287, 353.0, 450.0
288, 493.0, 167.0
289, 260.0, 336.0
290, 551.0, 436.0
291, 461.0, 288.0
292, 165.0, 78.0
293, 537.0, 145.0
294, 582.0, 261.0
295, 509.0, 37.0
296, 208.0, 354.0
297, 615.0, 16.0
298, 140.0, 39.0
299, 451.0, 243.0
300, 49.0, 284.0
301, 294.0, 233.0
302, 465.0, 100.0
303, 347.0, 406.0
304, 115.0, 364.0
305, 523.0, 298.0
306, 609.0, 444.0
307, 709.0, 260.0
308, 536.0, 424.0
309, 470.0, 71.0
310, 438.0, 366.0
311, 425.0, 232.0
312, 22.0, 148.0
313, 590.0, 48.0
314, 648.0, 137.0
315, 717.0, 382.0
316, 122.0, 376.0
317, 605.0, 375.0
318, 566.0, 117.0
319, 276.0, 222.0
320, 221.0, 185.0
321, 152.0, 303.0
322, 16.0, 355.0
323, 588.0, 161.0
324, 572.0, 184.0
325, 591.0, 226.0
326, 57.0, 185.0
327, 660.0, 262.0
328, 389.0, 117.0
329, 316.0, 415.0
330, 97.0, 177.0
331, 638.0, 351.0
332, 172.0, 115.0
333, 469.0, 29.0
334, 224.0, 380.0
335, 637.0, 335.0
336, 381.0, 427.0
337, 554.0, 270.0
338, 487.0, 417.0
339, 277.0, 231.0
340, 197.0, 380.0
341, 475.0, 276.0
342, 539.0, 269.0
343, 513.0, 441.0
344, 267.0, 275.0
345, 232.0, 51.0
346, 115.0, 438.0
347, 268.0, 308.0
348, 480.0, 376.0
349, 284.0, 209.0
350, 152.0, 104.0
351, 422.0, 49.0
352, 447.0, 139.0
353, 153.0, 358.0
354, 435.0, 398.0
355, 191.0, 237.0
356, 435.0, 107.0
357, 614.0, 65.0
358, 126.0, 254.0
359, 224.0, 367.0
360, 264.0, 102.0
361, 171.0, 382.0
362, 479.0, 317.0
363, 468.0, 85.0
364, 705.0, 244.0
365, 219.0, 284.0
366, 580.0, 85.0
367, 33.0, 394.0
368, 567.0, 156.0
369, 230.0, 231.0
370, 619.0, 323.0
371, 124.0, 65.0
372, 50.0, 213.0
373, 168.0, 395.0
374, 539.0, 28.0
375, 203.0, 406.0
376, 292.0, 386.0
377, 577.0, 67.0
378, 254.0, 294.0
379, 612.0, 382.0
380, 409.0, 113.0
381, 481.0, 278.0
382, 563.0, 464.0
383, 614.0, 466.0
384, 612.0, 322.0
385, 242.0, 139.0
386, 153.0, 116.0
387, 494.0, 362.0
388, 462.0, 442.0
389, 200.0, 316.0
390, 363.0, 141.0
391, 78.0, 30.0
392, 227.0, 215.0
393, 33.0, 109.0
394, 248.0, 108.0
395, 436.0, 306.0
396, 307.0, 306.0
397, 621.0, 375.0
398, 256.0, 159.0
399, 130.0, 313.0
400, 183.0, 216.0
401, 515.0, 417.0
402, 170.0, 344.0
403, 521.0, 203.0
404, 177.0, 68.0
405, 643.0, 429.0
406, 619.0, 431.0
407, 100.0, 20.0
408, 181.0, 359.0
409, 308.0, 278.0
410, 108.0, 64.0
411, 645.0, 214.0
412, 217.0, 50.0
413, 179.0, 423.0
414, 528.0, 287.0
415, 600.0, 265.0
416, 473.0, 253.0
417, 237.0, 98.0
418, 698.0, 346.0
419, 529.0, 275.0
420, 367.0, 47.0
421, 497.0, 250.0
422, 640.0, 416.0
423, 289.0, 286.0
424, 535.0, 368.0
425, 220.0, 316.0
426, 618.0, 141.0
427, 657.0, 454.0
428, 98.0, 62.0
429, 462.0, 215.0
430, 519.0, 171.0
431, 110.0, 259.0
432, 65.0, 197.0
433, 682.0, 224.0
434, 391.0, 207.0
435, 94.0, 42.0
436, 231.0, 328.0
437, 270.0, 249.0
438, 106.0, 244.0
439, 482.0, 194.0
440, 291.0, 377.0
441, 594.0, 281.0
442, 498.0, 30.0
443, 575.0, 50.0
444, 690.0, 407.0
445, 220.0, 268.0
446, 454.0, 316.0
447, 30.0, 195.0
448, 636.0, 198.0
449, 288.0, 222.0
450, 566.0, 253.0
451, 477.0, 351.0
452, 475.0, 189.0
453, 565.0, 142.0
454, 663.0, 185.0
455, 487.0, 353.0
456, 645.0, 287.0
457, 255.0, 63.0
458, 149.0, 139.0
459, 507.0, 238.0
460, 293.0, 140.0
461, 226.0, 68.0
462, 233.0, 364.0
463, 166.0, 142.0
464, 228.0, 298.0
465, 676.0, 313.0
466, 416.0, 84.0
467, 514.0, 467.0
468, 568.0, 212.0
469, 213.0, 402.0
470, 411.0, 447.0
471, 201.0, 112.0
472, 452.0, 88.0
473, 594.0, 273.0
474, 519.0, 180.0
475, 609.0, 229.0
476, 604.0, 212.0
477, 653.0, 9.0
478, 253.0, 130.0
479, 544.0, 247.0
480, 445.0, 352.0
481, 631.0, 218.0
482, 631.0, 356.0
483, 505.0, 266.0
484, 454.0, 364.0
485, 180.0, 265.0
486, 34.0, 291.0
487, 265.0, 122.0
488, 151.0, 148.0
489, 116.0, 427.0
490, 210.0, 467.0
491, 236.0, 415.0
492, 8.0, 409.0
493, 677.0, 328.0
494, 728.0, 449.0
495, 603.0, 182.0
496, 410.0, 243.0
497, 497.0, 41.0
498, 261.0, 356.0
499, 597.0, 305.0
