0, 432.0, 236.0
1, 413.0, 412.0
2, 322.0, 258.0
3, 293.0, 249.0
4, 584.0, 319.0
5, 444.0, 241.0
6, 735.0, 416.0
7, 420.0, 218.0
8, 436.0, 215.0
9, 141.0, 215.0
10, 651.0, 379.0
11, 561.0, 372.0
12, 459.0, 212.0
13, 553.0, 40.0
14, 342.0, 217.0
15, 553.0, 292.0
16, 423.0, 183.0
17, 71.0, 314.0
18, 448.0, 328.0
19, 215.0, 349.0
20, 439.0, 190.0
21, 178.0, 161.0
22, 661.0, 364.0
23, 406.0, 289.0
24, 600.0, 364.0
25, 493.0, 296.0
26, 461.0, 365.0
27, 388.0, 343.0
28, 584.0, 54.0
29, 551.0, 152.0
30, 439.0, 143.0
31, 614.0, 135.0
32, 230.0, 58.0
33, 554.0, 133.0
34, 685.0, 334.0
35, 202.0, 14.0
36, 359.0, 269.0
37, 607.0, 275.0
38, 534.0, 164.0
39, 430.0, 438.0
40, 271.0, 310.0
41, 217.0, 360.0
42, 252.0, 181.0
43, 574.0, 411.0
44, 388.0, 433.0
45, 449.0, 368.0
46, 304.0, 12.0
47, 535.0, 151.0
48, 423.0, 404.0
49, 458.0, 111.0
50, 295.0, 269.0
51, 199.0, 202.0
52, 546.0, 389.0
53, 197.0, 267.0
54, 514.0, 461.0
55, 586.0, 417.0
56, 386.0, 179.0
57, 187.0, 92.0
58, 416.0, 311.0
59, 250.0, 22.0
60, 605.0, 421.0
61, 574.0, 397.0
62, 724.0, 259.0
63, 366.0, 169.0
64, 181.0, 192.0
65, 389.0, 297.0
66, 37.0, 279.0
67, 573.0, 327.0
68, 187.0, 161.0
69, 610.0, 313.0
70, 452.0, 311.0
71, 524.0, 281.0
72, 346.0, 204.0
73, 482.0, 314.0
74, 537.0, 133.0
75, 26.0, 355.0
76, 597.0, 59.0
77, 422.0, 195.0
78, 583.0, 344.0
79, 293.0, 439.0
80, 411.0, 187.0
81, 426.0, 137.0
82, 590.0, 299.0
83, 610.0, 156.0
84, 496.0, 437.0
85, 390.0, 130.0
86, 277.0, 59.0
87, 125.0, 255.0
88, 585.0, 270.0
89, 435.0, 402.0
90, 697.0, 336.0
91, 568.0, 355.0
92, 179.0, 343.0
93, 365.0, 278.0
94, 626.0, 172.0
95, 451.0, 273.0
96, 129.0, 279.0
97, 291.0, 221.0
98, 368.0, 179.0
99, 496.0, 131.0
100, 259.0, 233.0
101, 282.0, 15.0
102, 453.0, 225.0
103, 187.0, 368.0
104, 277.0, 28.0
105, 472.0, 257.0
106, 608.0, 171.0
107, 509.0, 232.0
108, 345.0, 281.0
109, 407.0, 303.0
110, 337.0, 336.0
111, 530.0, 447.0
112, 475.0, 188.0
113, 391.0, 277.0
114, 484.0, 354.0
115, 480.0, 378.0
116, 632.0, 398.0
117, 699.0, 465.0
118, 459.0, 170.0
119, 384.0, 264.0
120, 282.0, 285.0
121, 511.0, 213.0
122, 621.0, 321.0
123, 267.0, 325.0
124, 583.0, 359.0
125, 736.0, 165.0
126, 708.0, 19.0
127, 456.0, 250.0
128, 259.0, 263.0
129, 160.0, 460.0
130, 386.0, 22.0
131, 148.0, 171.0
132, 389.0, 191.0
133, 241.0, 42.0
134, 404.0, 269.0
135, 628.0, 158.0
136, 277.0, 160.0
137, 419.0, 276.0
138, 483.0, 130.0
139, 284.0, 213.0
140, 401.0, 187.0
141, 496.0, 380.0
142, 613.0, 305.0
143, 632.0, 433.0
144, 428.0, 117.0
145, 540.0, 29.0
146, 699.0, 26.0
147, 701.0, 362.0
148, 397.0, 229.0
149, 569.0, 340.0
150, 246.0, 218.0
151, 535.0, 403.0
152, 440.0, 96.0
153, 327.0, 215.0
154, 192.0, 138.0
155, 248.0, 251.0
156, 151.0, 98.0
157, 504.0, 112.0
158, 223.0, 320.0
159, 255.0, 433.0
160, 459.0, 454.0
161, 557.0, 439.0
162, 384.0, 220.0
163, 230.0, 41.0
164, 524.0, 178.0
165, 288.0, 278.0
166, 292.0, 39.0
167, 403.0, 108.0
168, 300.0, 25.0
169, 523.0, 338.0
170, 385.0, 237.0
171, 239.0, 185.0
172, 395.0, 262.0
173, 462.0, 98.0
174, 395.0, 425.0
175, 439.0, 359.0
176, 153.0, 211.0
177, 164.0, 335.0
178, 445.0, 106.0
179, 504.0, 449.0
180, 204.0, 342.0
181, 277.0, 36.0
182, 405.0, 244.0
183, 398.0, 95.0
184, 439.0, 168.0
185, 668.0, 351.0
186, 546.0, 180.0
187, 449.0, 46.0
188, 303.0, 283.0
189, 495.0, 26.0
190, 613.0, 348.0
191, 476.0, 457.0
192, 191.0, 121.0
193, 564.0, 70.0
194, 388.0, 366.0
195, 488.0, 174.0
196, 493.0, 229.0
197, 212.0, 23.0
198, 410.0, 166.0
199, 602.0, 346.0
200, 696.0, 242.0
201, 135.0, 300.0
202, 390.0, 250.0
203, 322.0, 183.0
204, 277.0, 49.0
205, 401.0, 176.0
206, 443.0, 396.0
207, 438.0, 155.0
208, 130.0, 467.0
209, 320.0, 60.0
210, 308.0, 207.0
211, 481.0, 445.0
212, 271.0, 422.0
213, 166.0, 83.0
214, 711.0, 164.0
215, 382.0, 46.0
216, 308.0, 151.0
217, 418.0, 8.0
218, 635.0, 293.0
219, 400.0, 24.0
220, 634.0, 137.0
221, 714.0, 326.0
222, 668.0, 391.0
223, 534.0, 51.0
224, 475.0, 342.0
225, 479.0, 418.0
226, 547.0, 69.0
227, 504.0, 248.0
228, 556.0, 21.0
229, 738.0, 141.0
230, 557.0, 113.0
231, 347.0, 53.0
232, 603.0, 295.0
233, 434.0, 108.0
234, 406.0, 224.0
235, 465.0, 327.0
236, 617.0, 189.0
237, 169.0, 100.0
238, 521.0, 198.0
239, 497.0, 364.0
240, 718.0, 270.0
241, 386.0, 380.0
242, 223.0, 342.0
243, 41.0, 438.0
244, 266.0, 188.0
245, 512.0, 436.0
246, 174.0, 139.0
247, 55.0, 332.0
248, 402.0, 360.0
249, 60.0, 307.0
250, 707.0, 180.0
251, 721.0, 454.0
252, 699.0, 265.0
253, 573.0, 370.0
254, 177.0, 237.0
255, 299.0, 209.0
256, 251.0, 315.0
257, 454.0, 259.0
258, 432.0, 8.0
259, 196.0, 438.0
260, 388.0, 324.0
261, 717.0, 141.0
262, 410.0, 81.0
263, 602.0, 69.0
264, 411.0, 210.0
265, 401.0, 464.0
266, 629.0, 355.0
267, 237.0, 330.0
268, 439.0, 261.0
269, 603.0, 435.0
270, 251.0, 419.0
271, 606.0, 325.0
272, 420.0, 257.0
273, 276.0, 250.0
274, 333.0, 463.0
275, 463.0, 354.0
276, 40.0, 289.0
277, 451.0, 126.0
278, 654.0, 339.0
279, 642.0, 359.0
280, 534.0, 383.0
281, 309.0, 222.0
282, 470.0, 209.0
283, 482.0, 147.0
284, 378.0, 169.0
285, 345.0, 245.0
286, 538.0, 41.0
287, 159.0, 242.0
288, 548.0, 335.0
289, 157.0, 140.0
290, 364.0, 42.0
291, 310.0, 256.0
292, 294.0, 260.0
293, 347.0, 291.0
294, 462.0, 184.0
295, 357.0, 218.0
296, 274.0, 467.0
297, 630.0, 412.0
298, 613.0, 222.0
299, 329.0, 52.0
300, 657.0, 30.0
301, 456.0, 68.0
302, 440.0, 128.0
303, 195.0, 304.0
304, 549.0, 165.0
305, 298.0, 198.0
306, 195.0, 453.0
307, 493.0, 462.0
308, 82.0, 455.0
309, 217.0, 59.0
310, 318.0, 332.0
311, 237.0, 320.0
312, 252.0, 69.0
313, 648.0, 465.0
314, 671.0, 28.0
315, 485.0, 111.0
316, 518.0, 12.0
317, 400.0, 200.0
318, 617.0, 114.0
319, 370.0, 254.0
320, 283.0, 360.0
321, 480.0, 159.0
322, 385.0, 460.0
323, 171.0, 438.0
324, 489.0, 86.0
325, 419.0, 30.0
326, 361.0, 230.0
327, 474.0, 246.0
328, 665.0, 433.0
329, 526.0, 41.0
330, 524.0, 370.0
331, 670.0, 329.0
332, 437.0, 278.0
333, 432.0, 46.0
334, 336.0, 388.0
335, 209.0, 379.0
336, 407.0, 149.0
337, 406.0, 321.0
338, 541.0, 113.0
339, 596.0, 262.0
340, 708.0, 244.0
341, 647.0, 273.0
342, 398.0, 297.0
343, 89.0, 378.0
344, 189.0, 281.0
345, 632.0, 448.0
346, 712.0, 209.0
347, 346.0, 99.0
348, 14.0, 433.0
349, 263.0, 281.0
350, 240.0, 21.0
351, 64.0, 271.0
352, 537.0, 290.0
353, 666.0, 312.0
354, 325.0, 160.0
355, 214.0, 34.0
356, 266.0, 351.0
357, 687.0, 317.0
358, 185.0, 383.0
359, 638.0, 114.0
360, 443.0, 443.0
361, 539.0, 417.0
362, 709.0, 369.0
363, 577.0, 309.0
364, 228.0, 28.0
365, 291.0, 172.0
366, 589.0, 70.0
367, 671.0, 377.0
368, 532.0, 16.0
369, 247.0, 284.0
370, 136.0, 288.0
371, 417.0, 298.0
372, 197.0, 189.0
373, 709.0, 349.0
374, 452.0, 31.0
375, 696.0, 284.0
376, 42.0, 335.0
377, 313.0, 362.0
378, 335.0, 240.0
379, 543.0, 363.0
380, 499.0, 321.0
381, 185.0, 205.0
382, 197.0, 418.0
383, 312.0, 386.0
384, 705.0, 383.0
385, 478.0, 266.0
386, 237.0, 357.0
387, 461.0, 377.0
388, 332.0, 98.0
389, 637.0, 332.0
390, 352.0, 323.0
391, 480.0, 100.0
392, 703.0, 253.0
393, 473.0, 34.0
394, 450.0, 384.0
395, 688.0, 368.0
396, 519.0, 393.0
397, 275.0, 170.0
398, 424.0, 205.0
399, 463.0, 273.0
400, 240.0, 207.0
401, 299.0, 111.0
402, 473.0, 390.0
403, 588.0, 307.0
404, 315.0, 24.0
405, 673.0, 415.0
406, 451.0, 294.0
407, 631.0, 340.0
408, 396.0, 240.0
409, 681.0, 351.0
410, 722.0, 117.0
411, 203.0, 253.0
412, 309.0, 414.0
413, 741.0, 117.0
414, 476.0, 232.0
415, 535.0, 261.0
416, 434.0, 30.0
417, 664.0, 403.0
418, 549.0, 60.0
419, 362.0, 98.0
420, 566.0, 49.0
421, 293.0, 62.0
422, 677.0, 363.0
423, 545.0, 204.0
424, 498.0, 183.0
425, 386.0, 288.0
426, 229.0, 75.0
427, 583.0, 185.0
428, 263.0, 457.0
429, 173.0, 450.0
430, 498.0, 273.0
431, 265.0, 19.0
432, 573.0, 205.0
433, 466.0, 73.0
434, 327.0, 301.0
435, 38.0, 420.0
436, 421.0, 233.0
437, 411.0, 400.0
438, 210.0, 286.0
439, 388.0, 307.0
440, 484.0, 396.0
441, 591.0, 408.0
442, 199.0, 68.0
443, 420.0, 122.0
444, 718.0, 406.0
445, 333.0, 353.0
446, 228.0, 445.0
447, 487.0, 190.0
448, 279.0, 448.0
449, 638.0, 412.0
450, 262.0, 412.0
451, 230.0, 222.0
452, 176.0, 94.0
453, 571.0, 28.0
454, 721.0, 468.0
455, 242.0, 67.0
456, 372.0, 296.0
457, 185.0, 216.0
458, 410.0, 257.0
459, 482.0, 427.0
460, 565.0, 251.0
461, 281.0, 148.0
462, 71.0, 283.0
463, 171.0, 313.0
464, 499.0, 457.0
465, 184.0, 131.0
466, 286.0, 388.0
467, 154.0, 158.0
468, 325.0, 18.0
469, 533.0, 329.0
470, 116.0, 417.0
471, 178.0, 27.0
472, 420.0, 426.0
473, 738.0, 447.0
474, 646.0, 426.0
475, 452.0, 195.0
476, 715.0, 429.0
477, 436.0, 301.0
478, 131.0, 216.0
479, 730.0, 460.0
480, 577.0, 426.0
481, 631.0, 460.0
482, 39.0, 251.0
483, 18.0, 280.0
484, 291.0, 103.0
485, 293.0, 189.0
486, 282.0, 84.0
487, 421.0, 288.0
488, 473.0, 352.0
489, 331.0, 251.0
490, 252.0, 328.0
491, 560.0, 307.0
492, 344.0, 320.0
493, 244.0, 82.0
494, 346.0, 421.0
495, 323.0, 197.0
496, 428.0, 415.0
497, 521.0, 189.0
498, 384.0, 108.0
499, 330.0, 225.0
