0, 544.0, 403.0
1, 375.0, 50.0
2, 354.0, 323.0
3, 313.0, 423.0
4, 646.0, 299.0
5, 331.0, 337.0
6, 327.0, 381.0
7, 303.0, 466.0
8, 688.0, 393.0
9, 381.0, 359.0
10, 402.0, 186.0
11, 651.0, 426.0
12, 150.0, 295.0
13, 564.0, 217.0
14, 330.0, 41.0
15, 592.0, 259.0
16, 200.0, 208.0
17, 146.0, 197.0
18, 661.0, 295.0
19, 551.0, 442.0
20, 281.0, 425.0
21, 482.0, 196.0
22, 467.0, 227.0
23, 374.0, 63.0
24, 483.0, 338.0
25, 567.0, 147.0
26, 355.0, 261.0
27, 185.0, 200.0
28, 588.0, 275.0
29, 115.0, 202.0
30, 172.0, 292.0
31, 533.0, 313.0
32, 325.0, 224.0
33, 521.0, 347.0
34, 650.0, 112.0
35, 295.0, 212.0
36, 531.0, 470.0
37, 535.0, 239.0
38, 520.0, 323.0
39, 142.0, 258.0
40, 675.0, 292.0
41, 222.0, 240.0
42, 542.0, 432.0
43, 584.0, 140.0
44, 181.0, 310.0
45, 489.0, 216.0
46, 105.0, 149.0
47, 280.0, 436.0
48, 392.0, 183.0
49, 100.0, 252.0
50, 294.0, 420.0
51, 126.0, 283.0
52, 419.0, 279.0
53, 694.0, 318.0
54, 637.0, 283.0
55, 618.0, 147.0
56, 524.0, 238.0
57, 320.0, 307.0
58, 278.0, 342.0
59, 314.0, 386.0
60, 645.0, 174.0
61, 153.0, 314.0
62, 530.0, 183.0
63, 73.0, 269.0
64, 308.0, 224.0
65, 20.0, 368.0
66, 127.0, 255.0
67, 512.0, 144.0
68, 460.0, 40.0
69, 65.0, 283.0
70, 328.0, 60.0
71, 550.0, 295.0
72, 120.0, 188.0
73, 630.0, 380.0
74, 604.0, 167.0
75, 172.0, 253.0
76, 558.0, 457.0
77, 484.0, 99.0
78, 343.0, 42.0
79, 461.0, 310.0
80, 663.0, 340.0
81, 620.0, 162.0
82, 354.0, 292.0
83, 288.0, 86.0
84, 594.0, 447.0
85, 16.0, 226.0
86, 461.0, 342.0
87, 619.0, 397.0
88, 551.0, 257.0
89, 415.0, 266.0
90, 140.0, 350.0
91, 608.0, 370.0
92, 417.0, 306.0
93, 390.0, 377.0
94, 451.0, 252.0
95, 300.0, 126.0
96, 157.0, 361.0
97, 368.0, 448.0
98, 421.0, 61.0
99, 627.0, 56.0
100, 203.0, 377.0
101, 416.0, 349.0
102, 26.0, 213.0
103, 63.0, 392.0
104, 665.0, 455.0
105, 563.0, 439.0
106, 566.0, 312.0
107, 480.0, 243.0
108, 381.0, 393.0
109, 542.0, 133.0
110, 520.0, 396.0
111, 482.0, 316.0
112, 559.0, 156.0
113, 616.0, 284.0
114, 323.0, 105.0
115, 348.0, 109.0
116, 460.0, 218.0
117, 635.0, 337.0
118, 193.0, 431.0
119, 524.0, 250.0
120, 300.0, 369.0
121, 300.0, 144.0
122, 613.0, 99.0
123, 164.0, 338.0
124, 249.0, 222.0
125, 362.0, 222.0
126, 72.0, 253.0
127, 561.0, 267.0
128, 295.0, 347.0
129, 581.0, 414.0
130, 629.0, 148.0
131, 625.0, 260.0
132, 380.0, 297.0
133, 435.0, 266.0
134, 601.0, 144.0
135, 403.0, 225.0
136, 327.0, 426.0
137, 668.0, 390.0
138, 482.0, 397.0
139, 165.0, 310.0
140, 355.0, 302.0
141, 625.0, 207.0
142, 288.0, 103.0
143, 41.0, 297.0
144, 308.0, 234.0
145, 162.0, 348.0
146, 552.0, 312.0
147, 11.0, 319.0
148, 541.0, 165.0
149, 605.0, 253.0
150, 181.0, 291.0
151, 295.0, 358.0
152, 612.0, 157.0
153, 623.0, 100.0
154, 578.0, 28.0
155, 610.0, 145.0
156, 502.0, 419.0
157, 204.0, 332.0
158, 361.0, 236.0
159, 20.0, 238.0
160, 334.0, 26.0
161, 228.0, 373.0
162, 212.0, 208.0
163, 287.0, 445.0
164, 464.0, 240.0
165, 269.0, 427.0
166, 707.0, 305.0
167, 287.0, 240.0
168, 204.0, 361.0
169, 566.0, 282.0
170, 128.0, 267.0
171, 210.0, 423.0
172, 113.0, 283.0
173, 293.0, 462.0
174, 40.0, 283.0
175, 18.0, 345.0
176, 663.0, 470.0
177, 587.0, 374.0
178, 535.0, 333.0
179, 128.0, 338.0
180, 181.0, 253.0
181, 221.0, 315.0
182, 420.0, 78.0
183, 126.0, 242.0
184, 549.0, 215.0
185, 611.0, 177.0
186, 560.0, 337.0
187, 394.0, 362.0
188, 604.0, 194.0
189, 645.0, 331.0
190, 595.0, 287.0
191, 212.0, 437.0
192, 332.0, 214.0
193, 552.0, 194.0
194, 20.0, 167.0
195, 203.0, 265.0
196, 737.0, 379.0
197, 369.0, 93.0
198, 494.0, 264.0
199, 441.0, 71.0
200, 519.0, 221.0
201, 500.0, 327.0
202, 377.0, 270.0
203, 235.0, 468.0
204, 305.0, 82.0
205, 126.0, 196.0
206, 144.0, 319.0
207, 268.0, 140.0
208, 566.0, 356.0
209, 212.0, 399.0
210, 460.0, 51.0
211, 630.0, 168.0
212, 147.0, 217.0
213, 149.0, 239.0
214, 575.0, 218.0
215, 315.0, 33.0
216, 187.0, 278.0
217, 295.0, 223.0
218, 427.0, 221.0
219, 642.0, 388.0
220, 560.0, 380.0
221, 312.0, 145.0
222, 604.0, 132.0
223, 172.0, 322.0
224, 36.0, 227.0
225, 461.0, 258.0
226, 370.0, 304.0
227, 313.0, 128.0
228, 266.0, 440.0
229, 565.0, 246.0
230, 675.0, 445.0
231, 428.0, 248.0
232, 639.0, 399.0
233, 318.0, 366.0
234, 241.0, 242.0
235, 372.0, 410.0
236, 88.0, 240.0
237, 175.0, 346.0
238, 659.0, 154.0
239, 107.0, 233.0
240, 446.0, 392.0
241, 350.0, 24.0
242, 535.0, 267.0
243, 480.0, 63.0
244, 590.0, 460.0
245, 359.0, 425.0
246, 404.0, 285.0
247, 582.0, 286.0
248, 553.0, 172.0
249, 586.0, 400.0
250, 493.0, 247.0
251, 312.0, 348.0
252, 426.0, 259.0
253, 530.0, 215.0
254, 633.0, 38.0
255, 472.0, 261.0
256, 507.0, 249.0
257, 467.0, 433.0
258, 645.0, 140.0
259, 560.0, 137.0
260, 126.0, 210.0
261, 376.0, 32.0
262, 429.0, 362.0
263, 491.0, 207.0
264, 181.0, 334.0
265, 117.0, 307.0
266, 383.0, 441.0
267, 369.0, 324.0
268, 171.0, 241.0
269, 697.0, 379.0
270, 368.0, 353.0
271, 24.0, 261.0
272, 313.0, 199.0
273, 587.0, 162.0
274, 137.0, 373.0
275, 516.0, 283.0
276, 352.0, 83.0
277, 479.0, 376.0
278, 322.0, 213.0
279, 131.0, 219.0
280, 319.0, 325.0
281, 271.0, 98.0
282, 574.0, 270.0
283, 376.0, 250.0
284, 531.0, 363.0
285, 416.0, 102.0
286, 436.0, 280.0
287, 434.0, 370.0
288, 51.0, 182.0
289, 302.0, 242.0
290, 54.0, 274.0
291, 253.0, 267.0
292, 615.0, 456.0
293, 565.0, 165.0
294, 396.0, 264.0
295, 424.0, 136.0
296, 489.0, 351.0
297, 133.0, 409.0
298, 283.0, 291.0
299, 592.0, 46.0
300, 621.0, 218.0
301, 438.0, 227.0
302, 185.0, 218.0
303, 214.0, 175.0
304, 190.0, 365.0
305, 614.0, 208.0
306, 509.0, 235.0
307, 628.0, 238.0
308, 9.0, 167.0
309, 670.0, 321.0
310, 597.0, 300.0
311, 477.0, 17.0
312, 345.0, 305.0
313, 615.0, 87.0
314, 658.0, 369.0
315, 633.0, 221.0
316, 408.0, 147.0
317, 485.0, 232.0
318, 619.0, 194.0
319, 655.0, 359.0
320, 137.0, 281.0
321, 562.0, 187.0
322, 346.0, 350.0
323, 194.0, 316.0
324, 515.0, 183.0
325, 269.0, 114.0
326, 695.0, 263.0
327, 453.0, 448.0
328, 33.0, 136.0
329, 455.0, 70.0
330, 548.0, 236.0
331, 341.0, 201.0
332, 624.0, 424.0
333, 307.0, 212.0
334, 574.0, 178.0
335, 186.0, 347.0
336, 566.0, 297.0
337, 444.0, 14.0
338, 432.0, 466.0
339, 628.0, 290.0
340, 423.0, 355.0
341, 387.0, 202.0
342, 543.0, 321.0
343, 724.0, 371.0
344, 90.0, 254.0
345, 311.0, 253.0
346, 668.0, 120.0
347, 503.0, 68.0
348, 625.0, 298.0
349, 272.0, 364.0
350, 159.0, 234.0
351, 286.0, 142.0
352, 597.0, 406.0
353, 544.0, 391.0
354, 86.0, 290.0
355, 569.0, 471.0
356, 287.0, 129.0
357, 477.0, 348.0
358, 540.0, 252.0
359, 16.0, 381.0
360, 375.0, 230.0
361, 504.0, 348.0
362, 53.0, 201.0
363, 203.0, 351.0
364, 220.0, 294.0
365, 214.0, 159.0
366, 413.0, 120.0
367, 654.0, 402.0
368, 329.0, 442.0
369, 267.0, 157.0
370, 186.0, 267.0
371, 203.0, 446.0
372, 200.0, 192.0
373, 721.0, 163.0
374, 498.0, 385.0
375, 531.0, 164.0
376, 568.0, 425.0
377, 405.0, 174.0
378, 452.0, 238.0
379, 264.0, 196.0
380, 554.0, 23.0
381, 644.0, 372.0
382, 75.0, 231.0
383, 555.0, 390.0
384, 349.0, 278.0
385, 423.0, 427.0
386, 69.0, 377.0
387, 368.0, 272.0
388, 227.0, 414.0
389, 309.0, 413.0
390, 266.0, 411.0
391, 574.0, 154.0
392, 717.0, 329.0
393, 283.0, 212.0
394, 245.0, 315.0
395, 687.0, 311.0
396, 442.0, 443.0
397, 287.0, 405.0
398, 608.0, 233.0
399, 595.0, 97.0
400, 710.0, 295.0
401, 595.0, 352.0
402, 346.0, 222.0
403, 659.0, 98.0
404, 118.0, 227.0
405, 205.0, 304.0
406, 307.0, 288.0
407, 595.0, 372.0
408, 209.0, 235.0
409, 269.0, 301.0
410, 298.0, 389.0
411, 536.0, 458.0
412, 178.0, 400.0
413, 534.0, 152.0
414, 492.0, 17.0
415, 93.0, 18.0
416, 356.0, 452.0
417, 407.0, 199.0
418, 314.0, 299.0
419, 599.0, 218.0
420, 487.0, 455.0
421, 334.0, 80.0
422, 542.0, 194.0
423, 613.0, 59.0
424, 357.0, 199.0
425, 132.0, 307.0
426, 55.0, 266.0
427, 355.0, 168.0
428, 134.0, 234.0
429, 107.0, 165.0
430, 518.0, 136.0
431, 29.0, 317.0
432, 392.0, 172.0
433, 642.0, 151.0
434, 476.0, 217.0
435, 401.0, 248.0
436, 448.0, 265.0
437, 46.0, 312.0
438, 109.0, 461.0
439, 679.0, 436.0
440, 507.0, 213.0
441, 378.0, 83.0
442, 390.0, 226.0
443, 472.0, 141.0
444, 684.0, 424.0
445, 532.0, 390.0
446, 478.0, 329.0
447, 545.0, 153.0
448, 649.0, 49.0
449, 628.0, 85.0
450, 587.0, 319.0
451, 646.0, 269.0
452, 702.0, 323.0
453, 450.0, 459.0
454, 727.0, 301.0
455, 511.0, 364.0
456, 182.0, 243.0
457, 630.0, 188.0
458, 324.0, 267.0
459, 398.0, 151.0
460, 60.0, 233.0
461, 600.0, 467.0
462, 694.0, 420.0
463, 699.0, 293.0
464, 622.0, 355.0
465, 693.0, 240.0
466, 582.0, 61.0
467, 583.0, 302.0
468, 432.0, 311.0
469, 424.0, 36.0
470, 641.0, 415.0
471, 324.0, 452.0
472, 342.0, 59.0
473, 106.0, 216.0
474, 325.0, 132.0
475, 631.0, 110.0
476, 690.0, 298.0
477, 653.0, 464.0
478, 436.0, 289.0
479, 389.0, 320.0
480, 242.0, 253.0
481, 597.0, 327.0
482, 343.0, 396.0
483, 611.0, 219.0
484, 400.0, 398.0
485, 149.0, 255.0
486, 529.0, 399.0
487, 250.0, 253.0
488, 443.0, 333.0
489, 495.0, 443.0
490, 528.0, 291.0
491, 248.0, 232.0
492, 464.0, 330.0
493, 100.0, 242.0
494, 37.0, 259.0
495, 564.0, 25.0
496, 636.0, 348.0
497, 262.0, 169.0
498, 452.0, 402.0
499, 609.0, 405.0
