0, 247.0, 328.0
1, 220.0, 415.0
2, 363.0, 287.0
3, 226.0, 112.0
4, 571.0, 304.0
5, 243.0, 449.0
6, 387.0, 438.0
7, 290.0, 305.0
8, 334.0, 155.0
9, 587.0, 163.0
10, 259.0, 302.0
11, 248.0, 134.0
12, 475.0, 195.0
13, 589.0, 226.0
14, 607.0, 336.0
15, 373.0, 239.0
16, 542.0, 80.0
17, 362.0, 181.0
18, 599.0, 179.0
19, 613.0, 127.0
20, 305.0, 202.0
21, 363.0, 398.0
22, 363.0, 301.0
23, 362.0, 202.0
24, 567.0, 377.0
25, 283.0, 262.0
26, 303.0, 263.0
27, 224.0, 328.0
28, 303.0, 273.0
29, 657.0, 212.0
30, 257.0, 420.0
31, 366.0, 383.0
32, 588.0, 85.0
33, 486.0, 36.0
34, 284.0, 143.0
35, 269.0, 179.0
36, 467.0, 217.0
37, 410.0, 419.0
38, 184.0, 468.0
39, 235.0, 150.0
40, 353.0, 347.0
41, 386.0, 160.0
42, 323.0, 283.0
43, 267.0, 143.0
44, 308.0, 346.0
45, 710.0, 28.0
46, 722.0, 215.0
47, 373.0, 371.0
48, 348.0, 201.0
49, 380.0, 218.0
50, 245.0, 437.0
51, 58.0, 319.0
52, 349.0, 425.0
53, 347.0, 253.0
54, 245.0, 317.0
55, 288.0, 384.0
56, 250.0, 119.0
57, 343.0, 227.0
58, 232.0, 135.0
59, 274.0, 270.0
60, 197.0, 306.0
61, 490.0, 283.0
62, 388.0, 398.0
63, 293.0, 158.0
64, 293.0, 287.0
65, 553.0, 388.0
66, 80.0, 339.0
67, 656.0, 25.0
68, 394.0, 231.0
69, 208.0, 325.0
70, 394.0, 215.0
71, 448.0, 221.0
72, 39.0, 323.0
73, 123.0, 167.0
74, 499.0, 35.0
75, 343.0, 456.0
76, 243.0, 286.0
77, 337.0, 374.0
78, 557.0, 161.0
79, 280.0, 179.0
80, 158.0, 343.0
81, 373.0, 209.0
82, 540.0, 258.0
83, 149.0, 204.0
84, 273.0, 259.0
85, 233.0, 372.0
86, 269.0, 110.0
87, 365.0, 254.0
88, 293.0, 195.0
89, 445.0, 89.0
90, 88.0, 414.0
91, 733.0, 49.0
92, 270.0, 449.0
93, 364.0, 271.0
94, 484.0, 228.0
95, 349.0, 183.0
96, 210.0, 138.0
97, 645.0, 129.0
98, 338.0, 210.0
99, 220.0, 431.0
100, 276.0, 135.0
101, 272.0, 238.0
102, 515.0, 215.0
103, 579.0, 269.0
104, 302.0, 237.0
105, 687.0, 84.0
106, 336.0, 331.0
107, 323.0, 333.0
108, 547.0, 185.0
109, 719.0, 431.0
110, 268.0, 9.0
111, 485.0, 184.0
112, 284.0, 285.0
113, 380.0, 388.0
114, 319.0, 443.0
115, 88.0, 459.0
116, 17.0, 12.0
117, 404.0, 406.0
118, 242.0, 368.0
119, 278.0, 120.0
120, 263.0, 242.0
121, 189.0, 60.0
122, 499.0, 230.0
123, 516.0, 157.0
124, 438.0, 414.0
125, 382.0, 244.0
126, 392.0, 242.0
127, 397.0, 123.0
128, 357.0, 22.0
129, 209.0, 345.0
130, 734.0, 82.0
131, 322.0, 271.0
132, 527.0, 92.0
133, 514.0, 182.0
134, 612.0, 351.0
135, 571.0, 399.0
136, 135.0, 159.0
137, 200.0, 44.0
138, 336.0, 409.0
139, 334.0, 443.0
140, 254.0, 381.0
141, 409.0, 148.0
142, 253.0, 54.0
143, 314.0, 418.0
144, 308.0, 27.0
145, 112.0, 441.0
146, 420.0, 40.0
147, 232.0, 419.0
148, 395.0, 185.0
149, 386.0, 344.0
150, 229.0, 261.0
151, 381.0, 232.0
152, 323.0, 247.0
153, 728.0, 163.0
154, 19.0, 444.0
155, 582.0, 32.0
156, 277.0, 361.0
157, 404.0, 306.0
158, 448.0, 385.0
159, 721.0, 395.0
160, 300.0, 421.0
161, 555.0, 106.0
162, 90.0, 388.0
163, 286.0, 344.0
164, 144.0, 375.0
165, 564.0, 260.0
166, 370.0, 359.0
167, 688.0, 32.0
168, 449.0, 207.0
169, 601.0, 76.0
170, 279.0, 471.0
171, 558.0, 93.0
172, 477.0, 268.0
173, 490.0, 53.0
174, 634.0, 96.0
175, 372.0, 277.0
176, 322.0, 343.0
177, 384.0, 267.0
178, 595.0, 120.0
179, 331.0, 24.0
180, 39.0, 237.0
181, 245.0, 299.0
182, 237.0, 322.0
183, 591.0, 315.0
184, 156.0, 122.0
185, 446.0, 71.0
186, 500.0, 184.0
187, 41.0, 247.0
188, 428.0, 181.0
189, 530.0, 201.0
190, 605.0, 63.0
191, 407.0, 47.0
192, 284.0, 131.0
193, 566.0, 282.0
194, 654.0, 83.0
195, 310.0, 136.0
196, 464.0, 92.0
197, 322.0, 301.0
198, 280.0, 418.0
199, 187.0, 123.0
200, 455.0, 366.0
201, 258.0, 435.0
202, 400.0, 447.0
203, 12.0, 417.0
204, 406.0, 231.0
205, 116.0, 411.0
206, 466.0, 236.0
207, 338.0, 298.0
208, 345.0, 22.0
209, 163.0, 471.0
210, 312.0, 241.0
211, 394.0, 254.0
212, 128.0, 188.0
213, 329.0, 260.0
214, 379.0, 101.0
215, 506.0, 111.0
216, 271.0, 202.0
217, 445.0, 316.0
218, 179.0, 363.0
219, 556.0, 171.0
220, 382.0, 278.0
221, 353.0, 238.0
222, 395.0, 107.0
223, 416.0, 68.0
224, 247.0, 353.0
225, 602.0, 171.0
226, 513.0, 81.0
227, 729.0, 443.0
228, 633.0, 195.0
229, 633.0, 175.0
230, 719.0, 66.0
231, 569.0, 315.0
232, 186.0, 140.0
233, 335.0, 394.0
234, 107.0, 375.0
235, 429.0, 172.0
236, 57.0, 183.0
237, 283.0, 274.0
238, 203.0, 275.0
239, 308.0, 170.0
240, 362.0, 191.0
241, 416.0, 353.0
242, 371.0, 107.0
243, 351.0, 358.0
244, 578.0, 281.0
245, 644.0, 114.0
246, 418.0, 139.0
247, 314.0, 432.0
248, 695.0, 224.0
249, 243.0, 242.0
250, 322.0, 134.0
251, 706.0, 83.0
252, 389.0, 420.0
253, 671.0, 26.0
254, 451.0, 397.0
255, 526.0, 169.0
256, 208.0, 117.0
257, 207.0, 311.0
258, 137.0, 26.0
259, 726.0, 241.0
260, 227.0, 90.0
261, 694.0, 67.0
262, 722.0, 226.0
263, 288.0, 440.0
264, 464.0, 80.0
265, 121.0, 385.0
266, 510.0, 94.0
267, 564.0, 272.0
268, 287.0, 111.0
269, 176.0, 111.0
270, 311.0, 253.0
271, 137.0, 397.0
272, 331.0, 433.0
273, 25.0, 238.0
274, 222.0, 441.0
275, 493.0, 268.0
276, 607.0, 157.0
277, 269.0, 163.0
278, 191.0, 153.0
279, 350.0, 273.0
280, 539.0, 228.0
281, 56.0, 427.0
282, 559.0, 149.0
283, 178.0, 39.0
284, 208.0, 106.0
285, 402.0, 201.0
286, 362.0, 431.0
287, 242.0, 255.0
288, 378.0, 318.0
289, 468.0, 209.0
290, 405.0, 396.0
291, 480.0, 238.0
292, 404.0, 241.0
293, 229.0, 399.0
294, 136.0, 107.0
295, 502.0, 222.0
296, 94.0, 321.0
297, 163.0, 144.0
298, 42.0, 187.0
299, 269.0, 119.0
300, 404.0, 360.0
301, 529.0, 70.0
302, 721.0, 149.0
303, 218.0, 405.0
304, 313.0, 452.0
305, 408.0, 158.0
306, 437.0, 234.0
307, 368.0, 317.0
308, 305.0, 464.0
309, 405.0, 216.0
310, 305.0, 300.0
311, 681.0, 202.0
312, 415.0, 455.0
313, 500.0, 240.0
314, 372.0, 438.0
315, 527.0, 158.0
316, 72.0, 415.0
317, 563.0, 134.0
318, 583.0, 182.0
319, 585.0, 174.0
320, 182.0, 398.0
321, 14.0, 427.0
322, 89.0, 127.0
323, 558.0, 307.0
324, 338.0, 268.0
325, 265.0, 285.0
326, 525.0, 176.0
327, 367.0, 75.0
328, 186.0, 284.0
329, 69.0, 383.0
330, 148.0, 84.0
331, 420.0, 17.0
332, 601.0, 84.0
333, 319.0, 103.0
334, 467.0, 226.0
335, 739.0, 402.0
336, 576.0, 121.0
337, 8.0, 441.0
338, 372.0, 401.0
339, 84.0, 356.0
340, 254.0, 457.0
341, 310.0, 286.0
342, 43.0, 152.0
343, 182.0, 412.0
344, 21.0, 219.0
345, 451.0, 186.0
346, 247.0, 8.0
347, 306.0, 191.0
348, 471.0, 143.0
349, 488.0, 71.0
350, 464.0, 70.0
351, 322.0, 159.0
352, 326.0, 53.0
353, 172.0, 122.0
354, 622.0, 165.0
355, 453.0, 122.0
356, 588.0, 76.0
357, 582.0, 408.0
358, 156.0, 142.0
359, 16.0, 192.0
360, 104.0, 145.0
361, 381.0, 293.0
362, 442.0, 469.0
363, 410.0, 117.0
364, 459.0, 345.0
365, 529.0, 148.0
366, 194.0, 111.0
367, 346.0, 412.0
368, 736.0, 454.0
369, 215.0, 146.0
370, 401.0, 328.0
371, 284.0, 249.0
372, 421.0, 205.0
373, 592.0, 345.0
374, 268.0, 376.0
375, 429.0, 379.0
376, 337.0, 344.0
377, 78.0, 447.0
378, 382.0, 406.0
379, 733.0, 412.0
380, 435.0, 248.0
381, 23.0, 322.0
382, 374.0, 174.0
383, 636.0, 28.0
384, 21.0, 309.0
385, 385.0, 201.0
386, 187.0, 438.0
387, 126.0, 147.0
388, 111.0, 321.0
389, 60.0, 335.0
390, 571.0, 188.0
391, 419.0, 408.0
392, 154.0, 464.0
393, 328.0, 238.0
394, 479.0, 278.0
395, 441.0, 15.0
396, 215.0, 468.0
397, 175.0, 456.0
398, 126.0, 107.0
399, 471.0, 154.0
400, 577.0, 220.0
401, 653.0, 187.0
402, 322.0, 195.0
403, 738.0, 103.0
404, 566.0, 325.0
405, 195.0, 296.0
406, 97.0, 159.0
407, 421.0, 334.0
408, 254.0, 470.0
409, 386.0, 326.0
410, 559.0, 72.0
411, 396.0, 18.0
412, 505.0, 133.0
413, 271.0, 411.0
414, 200.0, 96.0
415, 97.0, 407.0
416, 362.0, 224.0
417, 498.0, 166.0
418, 239.0, 179.0
419, 317.0, 399.0
420, 646.0, 460.0
421, 663.0, 39.0
422, 207.0, 413.0
423, 544.0, 207.0
424, 331.0, 94.0
425, 64.0, 351.0
426, 277.0, 325.0
427, 498.0, 198.0
428, 416.0, 84.0
429, 55.0, 171.0
430, 358.0, 470.0
431, 147.0, 31.0
432, 275.0, 404.0
433, 322.0, 224.0
434, 637.0, 164.0
435, 435.0, 213.0
436, 394.0, 201.0
437, 200.0, 25.0
438, 571.0, 162.0
439, 486.0, 94.0
440, 107.0, 104.0
441, 702.0, 378.0
442, 100.0, 82.0
443, 339.0, 112.0
444, 282.0, 21.0
445, 30.0, 436.0
446, 46.0, 398.0
447, 258.0, 101.0
448, 546.0, 300.0
449, 633.0, 76.0
450, 112.0, 146.0
451, 170.0, 161.0
452, 437.0, 141.0
453, 214.0, 381.0
454, 384.0, 139.0
455, 477.0, 454.0
456, 353.0, 51.0
457, 718.0, 33.0
458, 28.0, 251.0
459, 724.0, 204.0
460, 230.0, 454.0
461, 139.0, 143.0
462, 612.0, 177.0
463, 189.0, 87.0
464, 372.0, 9.0
465, 294.0, 26.0
466, 507.0, 424.0
467, 534.0, 114.0
468, 690.0, 416.0
469, 256.0, 401.0
470, 618.0, 93.0
471, 339.0, 280.0
472, 247.0, 338.0
473, 66.0, 106.0
474, 219.0, 153.0
475, 277.0, 381.0
476, 139.0, 342.0
477, 36.0, 354.0
478, 290.0, 408.0
479, 542.0, 92.0
480, 470.0, 163.0
481, 201.0, 450.0
482, 423.0, 194.0
483, 216.0, 113.0
484, 406.0, 382.0
485, 613.0, 375.0
486, 654.0, 201.0
487, 20.0, 404.0
488, 626.0, 124.0
489, 296.0, 217.0
490, 517.0, 147.0
491, 576.0, 90.0
492, 149.0, 95.0
493, 73.0, 313.0
494, 183.0, 97.0
495, 620.0, 62.0
496, 176.0, 328.0
497, 350.0, 371.0
498, 409.0, 138.0
499, 358.0, 169.0
