0, 64.0, 163.0
1, 323.0, 225.0
2, 173.0, 207.0
3, 496.0, 99.0
4, 425.0, 79.0
5, 181.0, 107.0
6, 355.0, 166.0
7, 101.0, 203.0
8, 322.0, 88.0
9, 414.0, 98.0
10, 357.0, 154.0
11, 337.0, 10.0
12, 260.0, 143.0
13, 152.0, 179.0
14, 283.0, 237.0
15, 351.0, 24.0
16, 233.0, 82.0
17, 268.0, 147.0
18, 556.0, 135.0
19, 410.0, 134.0
20, 339.0, 35.0
21, 480.0, 126.0
22, 187.0, 123.0
23, 575.0, 144.0
24, 131.0, 185.0
25, 98.0, 178.0
26, 686.0, 36.0
27, 366.0, 214.0
28, 443.0, 112.0
29, 705.0, 316.0
30, 307.0, 91.0
31, 204.0, 79.0
32, 121.0, 176.0
33, 74.0, 203.0
34, 64.0, 221.0
35, 326.0, 11.0
36, 127.0, 161.0
37, 634.0, 161.0
38, 282.0, 336.0
39, 205.0, 202.0
40, 350.0, 35.0
41, 149.0, 58.0
42, 22.0, 391.0
43, 488.0, 110.0
44, 384.0, 90.0
45, 141.0, 68.0
46, 674.0, 147.0
47, 266.0, 182.0
48, 666.0, 72.0
49, 145.0, 186.0
50, 469.0, 128.0
51, 672.0, 36.0
52, 510.0, 108.0
53, 307.0, 41.0
54, 632.0, 51.0
55, 665.0, 300.0
56, 548.0, 110.0
57, 514.0, 59.0
58, 339.0, 24.0
59, 444.0, 141.0
60, 685.0, 52.0
61, 128.0, 142.0
62, 98.0, 189.0
63, 80.0, 109.0
64, 164.0, 196.0
65, 412.0, 152.0
66, 619.0, 137.0
67, 574.0, 263.0
68, 578.0, 28.0
69, 399.0, 43.0
70, 506.0, 121.0
71, 273.0, 164.0
72, 432.0, 159.0
73, 511.0, 81.0
74, 232.0, 144.0
75, 130.0, 79.0
76, 451.0, 73.0
77, 85.0, 32.0
78, 217.0, 145.0
79, 349.0, 9.0
80, 485.0, 165.0
81, 532.0, 83.0
82, 224.0, 95.0
83, 422.0, 91.0
84, 110.0, 81.0
85, 257.0, 82.0
86, 723.0, 236.0
87, 593.0, 47.0
88, 189.0, 169.0
89, 210.0, 28.0
90, 561.0, 51.0
91, 488.0, 94.0
92, 514.0, 69.0
93, 253.0, 58.0
94, 154.0, 96.0
95, 95.0, 113.0
96, 118.0, 154.0
97, 142.0, 194.0
98, 509.0, 95.0
99, 689.0, 147.0
100, 97.0, 152.0
101, 455.0, 142.0
102, 52.0, 166.0
103, 454.0, 156.0
104, 442.0, 16.0
105, 173.0, 155.0
106, 432.0, 143.0
107, 401.0, 90.0
108, 635.0, 143.0
109, 487.0, 138.0
110, 74.0, 220.0
111, 345.0, 113.0
112, 318.0, 73.0
113, 53.0, 197.0
114, 318.0, 124.0
115, 521.0, 174.0
116, 87.0, 184.0
117, 58.0, 124.0
118, 717.0, 315.0
119, 731.0, 89.0
120, 413.0, 117.0
121, 429.0, 69.0
122, 388.0, 164.0
123, 504.0, 161.0
124, 39.0, 121.0
125, 528.0, 365.0
126, 330.0, 49.0
127, 243.0, 167.0
128, 22.0, 70.0
129, 195.0, 175.0
130, 159.0, 77.0
131, 496.0, 108.0
132, 401.0, 134.0
133, 594.0, 141.0
134, 405.0, 164.0
135, 710.0, 157.0
136, 200.0, 71.0
137, 190.0, 77.0
138, 220.0, 80.0
139, 266.0, 65.0
140, 532.0, 158.0
141, 340.0, 45.0
142, 345.0, 141.0
143, 375.0, 192.0
144, 651.0, 149.0
145, 392.0, 97.0
146, 194.0, 101.0
147, 248.0, 146.0
148, 252.0, 74.0
149, 738.0, 204.0
150, 563.0, 34.0
151, 634.0, 175.0
152, 336.0, 112.0
153, 695.0, 71.0
154, 579.0, 71.0
155, 332.0, 167.0
156, 712.0, 147.0
157, 212.0, 137.0
158, 286.0, 24.0
159, 179.0, 172.0
160, 586.0, 142.0
161, 97.0, 127.0
162, 184.0, 89.0
163, 235.0, 28.0
164, 77.0, 67.0
165, 729.0, 223.0
166, 347.0, 88.0
167, 432.0, 110.0
168, 81.0, 172.0
169, 138.0, 170.0
170, 513.0, 387.0
171, 24.0, 55.0
172, 362.0, 23.0
173, 108.0, 141.0
174, 240.0, 188.0
175, 59.0, 54.0
176, 204.0, 112.0
177, 211.0, 58.0
178, 565.0, 156.0
179, 199.0, 124.0
180, 610.0, 42.0
181, 318.0, 161.0
182, 329.0, 40.0
183, 170.0, 191.0
184, 720.0, 157.0
185, 366.0, 181.0
186, 392.0, 105.0
187, 47.0, 391.0
188, 326.0, 177.0
189, 557.0, 269.0
190, 455.0, 169.0
191, 298.0, 114.0
192, 396.0, 259.0
193, 721.0, 103.0
194, 475.0, 74.0
195, 421.0, 110.0
196, 599.0, 116.0
197, 191.0, 49.0
198, 431.0, 18.0
199, 433.0, 125.0
200, 687.0, 62.0
201, 523.0, 38.0
202, 103.0, 134.0
203, 384.0, 111.0
204, 533.0, 114.0
205, 171.0, 59.0
206, 402.0, 77.0
207, 557.0, 127.0
208, 365.0, 142.0
209, 463.0, 276.0
210, 116.0, 15.0
211, 586.0, 9.0
212, 45.0, 87.0
213, 289.0, 322.0
214, 115.0, 201.0
215, 43.0, 21.0
216, 617.0, 119.0
217, 524.0, 109.0
218, 488.0, 79.0
219, 642.0, 115.0
220, 254.0, 185.0
221, 415.0, 190.0
222, 36.0, 188.0
223, 375.0, 40.0
224, 243.0, 134.0
225, 468.0, 111.0
226, 325.0, 104.0
227, 593.0, 24.0
228, 465.0, 152.0
229, 668.0, 83.0
230, 101.0, 216.0
231, 421.0, 134.0
232, 251.0, 173.0
233, 444.0, 125.0
234, 446.0, 58.0
235, 404.0, 189.0
236, 174.0, 118.0
237, 606.0, 139.0
238, 269.0, 94.0
239, 68.0, 189.0
240, 648.0, 91.0
241, 25.0, 85.0
242, 50.0, 108.0
243, 208.0, 146.0
244, 488.0, 20.0
245, 260.0, 121.0
246, 608.0, 183.0
247, 384.0, 127.0
248, 376.0, 214.0
249, 76.0, 134.0
250, 668.0, 339.0
251, 723.0, 147.0
252, 618.0, 180.0
253, 20.0, 121.0
254, 186.0, 202.0
255, 231.0, 204.0
256, 128.0, 196.0
257, 133.0, 267.0
258, 675.0, 64.0
259, 595.0, 151.0
260, 143.0, 94.0
261, 707.0, 243.0
262, 162.0, 87.0
263, 204.0, 41.0
264, 580.0, 114.0
265, 459.0, 187.0
266, 525.0, 89.0
267, 693.0, 87.0
268, 314.0, 23.0
269, 44.0, 65.0
270, 109.0, 35.0
271, 358.0, 49.0
272, 443.0, 49.0
273, 29.0, 225.0
274, 453.0, 110.0
275, 307.0, 179.0
276, 734.0, 70.0
277, 375.0, 52.0
278, 278.0, 258.0
279, 465.0, 167.0
280, 418.0, 277.0
281, 267.0, 131.0
282, 697.0, 289.0
283, 226.0, 85.0
284, 153.0, 152.0
285, 251.0, 44.0
286, 349.0, 182.0
287, 677.0, 124.0
288, 147.0, 142.0
289, 670.0, 8.0
290, 160.0, 147.0
291, 494.0, 177.0
292, 718.0, 113.0
293, 311.0, 186.0
294, 560.0, 108.0
295, 494.0, 121.0
296, 679.0, 420.0
297, 229.0, 220.0
298, 313.0, 51.0
299, 593.0, 72.0
300, 114.0, 125.0
301, 17.0, 179.0
302, 49.0, 222.0
303, 8.0, 154.0
304, 614.0, 32.0
305, 469.0, 85.0
306, 639.0, 130.0
307, 26.0, 203.0
308, 525.0, 465.0
309, 529.0, 95.0
310, 248.0, 18.0
311, 74.0, 372.0
312, 607.0, 202.0
313, 113.0, 170.0
314, 196.0, 156.0
315, 646.0, 17.0
316, 404.0, 145.0
317, 283.0, 191.0
318, 349.0, 48.0
319, 533.0, 73.0
320, 196.0, 115.0
321, 430.0, 49.0
322, 141.0, 87.0
323, 469.0, 95.0
324, 338.0, 280.0
325, 446.0, 285.0
326, 12.0, 402.0
327, 379.0, 147.0
328, 619.0, 197.0
329, 715.0, 124.0
330, 164.0, 107.0
331, 387.0, 295.0
332, 245.0, 217.0
333, 134.0, 148.0
334, 719.0, 167.0
335, 158.0, 163.0
336, 306.0, 30.0
337, 398.0, 66.0
338, 520.0, 185.0
339, 395.0, 127.0
340, 698.0, 42.0
341, 182.0, 73.0
342, 626.0, 66.0
343, 568.0, 62.0
344, 644.0, 383.0
345, 668.0, 130.0
346, 440.0, 70.0
347, 539.0, 32.0
348, 572.0, 125.0
349, 493.0, 66.0
350, 722.0, 334.0
351, 667.0, 114.0
352, 308.0, 230.0
353, 9.0, 195.0
354, 429.0, 171.0
355, 191.0, 130.0
356, 539.0, 44.0
357, 687.0, 391.0
358, 371.0, 148.0
359, 544.0, 147.0
360, 339.0, 62.0
361, 317.0, 39.0
362, 501.0, 385.0
363, 670.0, 161.0
364, 257.0, 93.0
365, 711.0, 232.0
366, 726.0, 125.0
367, 740.0, 123.0
368, 414.0, 104.0
369, 303.0, 125.0
370, 103.0, 49.0
371, 8.0, 89.0
372, 325.0, 23.0
373, 235.0, 101.0
374, 331.0, 74.0
375, 236.0, 68.0
376, 287.0, 88.0
377, 80.0, 153.0
378, 703.0, 365.0
379, 663.0, 23.0
380, 294.0, 70.0
381, 610.0, 395.0
382, 345.0, 296.0
383, 446.0, 33.0
384, 422.0, 123.0
385, 54.0, 158.0
386, 585.0, 150.0
387, 137.0, 157.0
388, 370.0, 158.0
389, 156.0, 203.0
390, 146.0, 39.0
391, 352.0, 315.0
392, 147.0, 167.0
393, 232.0, 119.0
394, 271.0, 52.0
395, 636.0, 401.0
396, 433.0, 92.0
397, 91.0, 55.0
398, 355.0, 119.0
399, 140.0, 180.0
400, 267.0, 39.0
401, 632.0, 450.0
402, 127.0, 111.0
403, 307.0, 11.0
404, 717.0, 220.0
405, 96.0, 372.0
406, 355.0, 132.0
407, 518.0, 11.0
408, 49.0, 213.0
409, 288.0, 43.0
410, 162.0, 210.0
411, 90.0, 120.0
412, 518.0, 131.0
413, 579.0, 98.0
414, 159.0, 342.0
415, 494.0, 10.0
416, 321.0, 51.0
417, 511.0, 240.0
418, 206.0, 92.0
419, 679.0, 317.0
420, 359.0, 8.0
421, 611.0, 452.0
422, 206.0, 132.0
423, 303.0, 74.0
424, 119.0, 213.0
425, 401.0, 118.0
426, 444.0, 93.0
427, 605.0, 8.0
428, 66.0, 382.0
429, 658.0, 34.0
430, 553.0, 85.0
431, 340.0, 129.0
432, 40.0, 168.0
433, 522.0, 24.0
434, 651.0, 369.0
435, 169.0, 175.0
436, 453.0, 271.0
437, 506.0, 211.0
438, 73.0, 159.0
439, 154.0, 350.0
440, 225.0, 136.0
441, 54.0, 29.0
442, 334.0, 97.0
443, 286.0, 132.0
444, 456.0, 96.0
445, 600.0, 101.0
446, 380.0, 160.0
447, 13.0, 132.0
448, 17.0, 103.0
449, 175.0, 130.0
450, 697.0, 17.0
451, 466.0, 139.0
452, 240.0, 17.0
453, 147.0, 289.0
454, 335.0, 223.0
455, 679.0, 43.0
456, 529.0, 386.0
457, 366.0, 169.0
458, 88.0, 96.0
459, 563.0, 168.0
460, 707.0, 354.0
461, 238.0, 197.0
462, 400.0, 55.0
463, 518.0, 231.0
464, 655.0, 299.0
465, 334.0, 87.0
466, 258.0, 164.0
467, 622.0, 262.0
468, 675.0, 434.0
469, 624.0, 423.0
470, 435.0, 80.0
471, 475.0, 37.0
472, 20.0, 159.0
473, 186.0, 144.0
474, 211.0, 104.0
475, 554.0, 162.0
476, 187.0, 18.0
477, 655.0, 113.0
478, 396.0, 118.0
479, 254.0, 253.0
480, 441.0, 275.0
481, 451.0, 93.0
482, 374.0, 85.0
483, 215.0, 96.0
484, 244.0, 121.0
485, 303.0, 312.0
486, 719.0, 71.0
487, 681.0, 211.0
488, 566.0, 145.0
489, 143.0, 210.0
490, 443.0, 159.0
491, 113.0, 183.0
492, 463.0, 429.0
493, 663.0, 46.0
494, 386.0, 75.0
495, 309.0, 292.0
496, 556.0, 149.0
497, 221.0, 104.0
498, 152.0, 128.0
499, 290.0, 204.0
