0, 432.0, 97.0
1, 406.0, 69.0
2, 386.0, 137.0
3, 658.0, 87.0
4, 406.0, 57.0
5, 619.0, 84.0
6, 507.0, 67.0
7, 440.0, 268.0
8, 443.0, 100.0
9, 519.0, 133.0
10, 508.0, 81.0
11, 302.0, 30.0
12, 629.0, 76.0
13, 261.0, 28.0
14, 547.0, 103.0
15, 193.0, 91.0
16, 220.0, 61.0
17, 154.0, 31.0
18, 119.0, 438.0
19, 454.0, 68.0
20, 259.0, 59.0
21, 433.0, 63.0
22, 473.0, 72.0
23, 284.0, 82.0
24, 426.0, 47.0
25, 653.0, 358.0
26, 544.0, 60.0
27, 586.0, 98.0
28, 173.0, 51.0
29, 590.0, 431.0
30, 536.0, 75.0
31, 589.0, 83.0
32, 660.0, 113.0
33, 527.0, 98.0
34, 553.0, 91.0
35, 508.0, 47.0
36, 468.0, 257.0
37, 582.0, 394.0
38, 498.0, 26.0
39, 277.0, 234.0
40, 495.0, 189.0
41, 344.0, 8.0
42, 473.0, 244.0
43, 496.0, 15.0
44, 218.0, 50.0
45, 573.0, 53.0
46, 433.0, 284.0
47, 452.0, 80.0
48, 590.0, 140.0
49, 269.0, 90.0
50, 451.0, 204.0
51, 664.0, 138.0
52, 152.0, 48.0
53, 571.0, 65.0
54, 109.0, 447.0
55, 114.0, 158.0
56, 376.0, 17.0
57, 420.0, 60.0
58, 599.0, 101.0
59, 279.0, 60.0
60, 595.0, 165.0
61, 582.0, 119.0
62, 389.0, 152.0
63, 639.0, 119.0
64, 485.0, 26.0
65, 295.0, 244.0
66, 247.0, 84.0
67, 352.0, 189.0
68, 530.0, 86.0
69, 120.0, 13.0
70, 463.0, 238.0
71, 333.0, 60.0
72, 501.0, 176.0
73, 656.0, 27.0
74, 225.0, 91.0
75, 595.0, 115.0
76, 267.0, 77.0
77, 310.0, 163.0
78, 135.0, 150.0
79, 464.0, 82.0
80, 583.0, 443.0
81, 568.0, 406.0
82, 353.0, 50.0
83, 184.0, 15.0
84, 113.0, 67.0
85, 575.0, 417.0
86, 532.0, 25.0
87, 442.0, 52.0
88, 558.0, 106.0
89, 296.0, 63.0
90, 508.0, 258.0
91, 347.0, 26.0
92, 407.0, 46.0
93, 217.0, 113.0
94, 241.0, 142.0
95, 532.0, 137.0
96, 55.0, 182.0
97, 623.0, 160.0
98, 596.0, 155.0
99, 267.0, 175.0
100, 726.0, 43.0
101, 574.0, 353.0
102, 382.0, 260.0
103, 393.0, 267.0
104, 122.0, 50.0
105, 312.0, 227.0
106, 145.0, 144.0
107, 575.0, 455.0
108, 18.0, 173.0
109, 591.0, 24.0
110, 537.0, 125.0
111, 454.0, 184.0
112, 86.0, 112.0
113, 621.0, 120.0
114, 280.0, 201.0
115, 468.0, 164.0
116, 316.0, 8.0
117, 364.0, 139.0
118, 421.0, 308.0
119, 323.0, 24.0
120, 233.0, 106.0
121, 541.0, 112.0
122, 263.0, 68.0
123, 608.0, 69.0
124, 380.0, 306.0
125, 170.0, 36.0
126, 587.0, 358.0
127, 335.0, 182.0
128, 109.0, 36.0
129, 313.0, 17.0
130, 609.0, 144.0
131, 383.0, 83.0
132, 116.0, 24.0
133, 216.0, 124.0
134, 460.0, 173.0
135, 105.0, 23.0
136, 267.0, 44.0
137, 451.0, 391.0
138, 606.0, 9.0
139, 261.0, 108.0
140, 243.0, 96.0
141, 603.0, 83.0
142, 517.0, 72.0
143, 72.0, 126.0
144, 429.0, 13.0
145, 615.0, 48.0
146, 369.0, 290.0
147, 502.0, 55.0
148, 591.0, 418.0
149, 427.0, 30.0
150, 519.0, 39.0
151, 478.0, 119.0
152, 574.0, 223.0
153, 489.0, 112.0
154, 383.0, 272.0
155, 35.0, 176.0
156, 563.0, 44.0
157, 284.0, 69.0
158, 623.0, 23.0
159, 384.0, 247.0
160, 197.0, 21.0
161, 733.0, 113.0
162, 714.0, 345.0
163, 483.0, 247.0
164, 39.0, 21.0
165, 654.0, 129.0
166, 374.0, 49.0
167, 545.0, 376.0
168, 257.0, 87.0
169, 696.0, 143.0
170, 513.0, 118.0
171, 474.0, 44.0
172, 646.0, 350.0
173, 15.0, 157.0
174, 626.0, 106.0
175, 337.0, 344.0
176, 438.0, 318.0
177, 480.0, 147.0
178, 445.0, 259.0
179, 449.0, 250.0
180, 15.0, 82.0
181, 275.0, 385.0
182, 482.0, 205.0
183, 236.0, 79.0
184, 451.0, 293.0
185, 326.0, 8.0
186, 597.0, 402.0
187, 159.0, 74.0
188, 425.0, 119.0
189, 709.0, 86.0
190, 505.0, 200.0
191, 100.0, 164.0
192, 612.0, 111.0
193, 319.0, 249.0
194, 532.0, 183.0
195, 589.0, 466.0
196, 663.0, 54.0
197, 359.0, 330.0
198, 20.0, 72.0
199, 457.0, 57.0
200, 167.0, 26.0
201, 423.0, 280.0
202, 25.0, 90.0
203, 239.0, 68.0
204, 209.0, 71.0
205, 111.0, 48.0
206, 33.0, 193.0
207, 125.0, 36.0
208, 732.0, 218.0
209, 199.0, 154.0
210, 66.0, 25.0
211, 521.0, 161.0
212, 443.0, 288.0
213, 621.0, 147.0
214, 567.0, 386.0
215, 470.0, 52.0
216, 348.0, 306.0
217, 360.0, 146.0
218, 402.0, 110.0
219, 48.0, 93.0
220, 73.0, 107.0
221, 445.0, 31.0
222, 563.0, 281.0
223, 609.0, 89.0
224, 682.0, 56.0
225, 430.0, 261.0
226, 704.0, 125.0
227, 510.0, 187.0
228, 214.0, 18.0
229, 309.0, 144.0
230, 263.0, 12.0
231, 184.0, 98.0
232, 235.0, 341.0
233, 316.0, 309.0
234, 144.0, 71.0
235, 327.0, 226.0
236, 237.0, 55.0
237, 104.0, 75.0
238, 170.0, 115.0
239, 523.0, 114.0
240, 177.0, 94.0
241, 643.0, 51.0
242, 688.0, 14.0
243, 607.0, 158.0
244, 599.0, 363.0
245, 218.0, 13.0
246, 296.0, 98.0
247, 329.0, 41.0
248, 553.0, 343.0
249, 393.0, 78.0
250, 501.0, 209.0
251, 370.0, 328.0
252, 407.0, 302.0
253, 525.0, 259.0
254, 181.0, 80.0
255, 483.0, 396.0
256, 33.0, 162.0
257, 209.0, 199.0
258, 510.0, 26.0
259, 571.0, 9.0
260, 330.0, 248.0
261, 594.0, 195.0
262, 398.0, 362.0
263, 48.0, 106.0
264, 360.0, 313.0
265, 366.0, 29.0
266, 352.0, 153.0
267, 458.0, 32.0
268, 278.0, 42.0
269, 517.0, 143.0
270, 497.0, 169.0
271, 180.0, 29.0
272, 165.0, 91.0
273, 592.0, 294.0
274, 436.0, 418.0
275, 387.0, 26.0
276, 429.0, 463.0
277, 412.0, 243.0
278, 658.0, 60.0
279, 524.0, 57.0
280, 520.0, 16.0
281, 645.0, 110.0
282, 537.0, 41.0
283, 640.0, 151.0
284, 460.0, 345.0
285, 463.0, 268.0
286, 215.0, 30.0
287, 91.0, 137.0
288, 560.0, 63.0
289, 391.0, 65.0
290, 33.0, 222.0
291, 245.0, 10.0
292, 418.0, 259.0
293, 235.0, 33.0
294, 605.0, 299.0
295, 408.0, 207.0
296, 565.0, 450.0
297, 643.0, 324.0
298, 535.0, 236.0
299, 61.0, 44.0
300, 360.0, 62.0
301, 688.0, 88.0
302, 468.0, 455.0
303, 449.0, 323.0
304, 737.0, 347.0
305, 584.0, 179.0
306, 306.0, 284.0
307, 111.0, 149.0
308, 489.0, 63.0
309, 622.0, 172.0
310, 307.0, 341.0
311, 158.0, 16.0
312, 581.0, 315.0
313, 380.0, 335.0
314, 143.0, 78.0
315, 223.0, 104.0
316, 703.0, 252.0
317, 40.0, 293.0
318, 707.0, 8.0
319, 411.0, 367.0
320, 60.0, 99.0
321, 448.0, 231.0
322, 268.0, 153.0
323, 308.0, 269.0
324, 157.0, 112.0
325, 362.0, 465.0
326, 133.0, 57.0
327, 377.0, 129.0
328, 391.0, 258.0
329, 743.0, 195.0
330, 401.0, 17.0
331, 94.0, 45.0
332, 528.0, 326.0
333, 177.0, 64.0
334, 64.0, 278.0
335, 701.0, 55.0
336, 662.0, 150.0
337, 315.0, 257.0
338, 28.0, 80.0
339, 428.0, 330.0
340, 506.0, 38.0
341, 361.0, 253.0
342, 422.0, 247.0
343, 348.0, 275.0
344, 678.0, 444.0
345, 86.0, 169.0
346, 295.0, 8.0
347, 488.0, 91.0
348, 334.0, 13.0
349, 614.0, 325.0
350, 549.0, 264.0
351, 581.0, 290.0
352, 203.0, 194.0
353, 230.0, 11.0
354, 495.0, 77.0
355, 240.0, 120.0
356, 592.0, 182.0
357, 306.0, 44.0
358, 310.0, 94.0
359, 468.0, 286.0
360, 743.0, 263.0
361, 20.0, 187.0
362, 335.0, 271.0
363, 451.0, 443.0
364, 23.0, 29.0
365, 174.0, 361.0
366, 489.0, 233.0
367, 472.0, 90.0
368, 168.0, 63.0
369, 430.0, 314.0
370, 620.0, 216.0
371, 396.0, 26.0
372, 250.0, 33.0
373, 449.0, 193.0
374, 110.0, 101.0
375, 487.0, 131.0
376, 554.0, 216.0
377, 376.0, 63.0
378, 15.0, 18.0
379, 290.0, 141.0
380, 493.0, 123.0
381, 541.0, 394.0
382, 124.0, 26.0
383, 22.0, 145.0
384, 445.0, 173.0
385, 408.0, 373.0
386, 514.0, 93.0
387, 528.0, 149.0
388, 324.0, 374.0
389, 46.0, 8.0
390, 409.0, 164.0
391, 435.0, 82.0
392, 613.0, 187.0
393, 409.0, 35.0
394, 338.0, 251.0
395, 340.0, 304.0
396, 201.0, 39.0
397, 581.0, 411.0
398, 112.0, 16.0
399, 500.0, 247.0
400, 94.0, 28.0
401, 539.0, 8.0
402, 249.0, 187.0
403, 714.0, 17.0
404, 456.0, 413.0
405, 691.0, 345.0
406, 669.0, 127.0
407, 419.0, 72.0
408, 512.0, 245.0
409, 707.0, 174.0
410, 352.0, 249.0
411, 251.0, 22.0
412, 718.0, 322.0
413, 413.0, 452.0
414, 278.0, 372.0
415, 479.0, 82.0
416, 355.0, 320.0
417, 406.0, 257.0
418, 490.0, 380.0
419, 439.0, 349.0
420, 406.0, 225.0
421, 423.0, 327.0
422, 655.0, 399.0
423, 478.0, 235.0
424, 287.0, 321.0
425, 441.0, 192.0
426, 18.0, 37.0
427, 49.0, 81.0
428, 485.0, 120.0
429, 470.0, 33.0
430, 679.0, 161.0
431, 103.0, 46.0
432, 319.0, 352.0
433, 480.0, 51.0
434, 458.0, 41.0
435, 695.0, 204.0
436, 634.0, 163.0
437, 271.0, 205.0
438, 465.0, 153.0
439, 181.0, 72.0
440, 366.0, 263.0
441, 199.0, 9.0
442, 353.0, 299.0
443, 589.0, 55.0
444, 728.0, 369.0
445, 351.0, 141.0
446, 315.0, 272.0
447, 346.0, 155.0
448, 618.0, 37.0
449, 131.0, 136.0
450, 88.0, 265.0
451, 335.0, 225.0
452, 622.0, 386.0
453, 314.0, 328.0
454, 283.0, 100.0
455, 323.0, 262.0
456, 190.0, 70.0
457, 298.0, 294.0
458, 34.0, 96.0
459, 314.0, 392.0
460, 593.0, 449.0
461, 481.0, 284.0
462, 424.0, 378.0
463, 669.0, 85.0
464, 581.0, 151.0
465, 720.0, 184.0
466, 24.0, 54.0
467, 624.0, 135.0
468, 490.0, 182.0
469, 484.0, 62.0
470, 304.0, 221.0
471, 362.0, 241.0
472, 691.0, 127.0
473, 544.0, 248.0
474, 126.0, 145.0
475, 455.0, 463.0
476, 338.0, 359.0
477, 83.0, 11.0
478, 581.0, 192.0
479, 370.0, 244.0
480, 353.0, 239.0
481, 476.0, 34.0
482, 715.0, 185.0
483, 246.0, 52.0
484, 319.0, 244.0
485, 303.0, 312.0
486, 627.0, 12.0
487, 483.0, 35.0
488, 462.0, 299.0
489, 324.0, 202.0
490, 286.0, 252.0
491, 160.0, 218.0
492, 440.0, 240.0
493, 465.0, 125.0
494, 422.0, 105.0
495, 719.0, 177.0
496, 225.0, 335.0
497, 273.0, 156.0
498, 157.0, 223.0
499, 376.0, 278.0
