0, 680.0, 292.0
1, 140.0, 123.0
2, 201.0, 71.0
3, 195.0, 30.0
4, 251.0, 160.0
5, 612.0, 140.0
6, 501.0, 72.0
7, 226.0, 144.0
8, 185.0, 44.0
9, 624.0, 123.0
10, 168.0, 62.0
11, 256.0, 68.0
12, 707.0, 137.0
13, 539.0, 88.0
14, 41.0, 196.0
15, 325.0, 89.0
16, 125.0, 61.0
17, 507.0, 36.0
18, 237.0, 163.0
19, 662.0, 127.0
20, 624.0, 28.0
21, 378.0, 142.0
22, 404.0, 74.0
23, 422.0, 137.0
24, 134.0, 70.0
25, 318.0, 13.0
26, 714.0, 105.0
27, 390.0, 17.0
28, 525.0, 60.0
29, 554.0, 28.0
30, 311.0, 63.0
31, 611.0, 153.0
32, 565.0, 123.0
33, 366.0, 26.0
34, 722.0, 148.0
35, 416.0, 55.0
36, 54.0, 194.0
37, 608.0, 116.0
38, 423.0, 88.0
39, 445.0, 145.0
40, 210.0, 70.0
41, 253.0, 38.0
42, 501.0, 86.0
43, 308.0, 48.0
44, 59.0, 148.0
45, 472.0, 142.0
46, 213.0, 120.0
47, 351.0, 169.0
48, 479.0, 88.0
49, 178.0, 90.0
50, 443.0, 49.0
51, 375.0, 104.0
52, 342.0, 158.0
53, 81.0, 109.0
54, 335.0, 119.0
55, 267.0, 35.0
56, 546.0, 114.0
57, 67.0, 160.0
58, 347.0, 132.0
59, 436.0, 164.0
60, 718.0, 167.0
61, 557.0, 10.0
62, 676.0, 30.0
63, 336.0, 89.0
64, 345.0, 143.0
65, 690.0, 177.0
66, 393.0, 53.0
67, 53.0, 179.0
68, 460.0, 105.0
69, 65.0, 69.0
70, 110.0, 161.0
71, 107.0, 137.0
72, 236.0, 151.0
73, 87.0, 54.0
74, 323.0, 64.0
75, 189.0, 52.0
76, 245.0, 56.0
77, 101.0, 153.0
78, 704.0, 182.0
79, 574.0, 180.0
80, 527.0, 236.0
81, 720.0, 69.0
82, 118.0, 146.0
83, 381.0, 73.0
84, 296.0, 67.0
85, 146.0, 61.0
86, 86.0, 116.0
87, 239.0, 48.0
88, 57.0, 83.0
89, 77.0, 154.0
90, 296.0, 201.0
91, 434.0, 90.0
92, 423.0, 121.0
93, 130.0, 29.0
94, 710.0, 82.0
95, 107.0, 118.0
96, 401.0, 112.0
97, 96.0, 129.0
98, 212.0, 59.0
99, 81.0, 179.0
100, 266.0, 167.0
101, 678.0, 41.0
102, 154.0, 182.0
103, 16.0, 96.0
104, 107.0, 52.0
105, 127.0, 143.0
106, 516.0, 14.0
107, 382.0, 81.0
108, 446.0, 120.0
109, 321.0, 48.0
110, 510.0, 241.0
111, 36.0, 99.0
112, 692.0, 290.0
113, 219.0, 56.0
114, 123.0, 171.0
115, 177.0, 133.0
116, 576.0, 121.0
117, 676.0, 127.0
118, 518.0, 136.0
119, 168.0, 98.0
120, 467.0, 51.0
121, 172.0, 106.0
122, 503.0, 58.0
123, 350.0, 190.0
124, 331.0, 19.0
125, 718.0, 324.0
126, 204.0, 45.0
127, 209.0, 181.0
128, 131.0, 104.0
129, 395.0, 142.0
130, 31.0, 173.0
131, 9.0, 199.0
132, 678.0, 14.0
133, 170.0, 145.0
134, 586.0, 24.0
135, 154.0, 132.0
136, 420.0, 44.0
137, 413.0, 101.0
138, 174.0, 50.0
139, 480.0, 72.0
140, 488.0, 76.0
141, 682.0, 66.0
142, 142.0, 50.0
143, 376.0, 50.0
144, 392.0, 167.0
145, 108.0, 173.0
146, 199.0, 122.0
147, 42.0, 139.0
148, 571.0, 49.0
149, 640.0, 128.0
150, 73.0, 87.0
151, 165.0, 81.0
152, 473.0, 214.0
153, 329.0, 9.0
154, 685.0, 49.0
155, 319.0, 22.0
156, 207.0, 91.0
157, 471.0, 104.0
158, 471.0, 156.0
159, 125.0, 163.0
160, 435.0, 103.0
161, 340.0, 8.0
162, 491.0, 140.0
163, 437.0, 33.0
164, 321.0, 145.0
165, 337.0, 64.0
166, 670.0, 197.0
167, 435.0, 147.0
168, 190.0, 124.0
169, 293.0, 101.0
170, 392.0, 66.0
171, 525.0, 92.0
172, 614.0, 292.0
173, 657.0, 50.0
174, 348.0, 120.0
175, 412.0, 67.0
176, 284.0, 45.0
177, 590.0, 95.0
178, 477.0, 116.0
179, 697.0, 137.0
180, 447.0, 73.0
181, 155.0, 106.0
182, 434.0, 24.0
183, 315.0, 80.0
184, 37.0, 24.0
185, 499.0, 152.0
186, 206.0, 53.0
187, 133.0, 156.0
188, 516.0, 87.0
189, 706.0, 146.0
190, 220.0, 193.0
191, 723.0, 49.0
192, 459.0, 89.0
193, 53.0, 108.0
194, 572.0, 93.0
195, 608.0, 99.0
196, 571.0, 76.0
197, 743.0, 138.0
198, 585.0, 160.0
199, 546.0, 129.0
200, 699.0, 127.0
201, 366.0, 12.0
202, 743.0, 127.0
203, 346.0, 96.0
204, 659.0, 282.0
205, 74.0, 102.0
206, 586.0, 175.0
207, 423.0, 69.0
208, 503.0, 110.0
209, 506.0, 46.0
210, 29.0, 142.0
211, 742.0, 386.0
212, 309.0, 139.0
213, 658.0, 62.0
214, 594.0, 158.0
215, 714.0, 343.0
216, 517.0, 67.0
217, 727.0, 104.0
218, 426.0, 57.0
219, 424.0, 103.0
220, 359.0, 136.0
221, 690.0, 20.0
222, 721.0, 418.0
223, 153.0, 30.0
224, 308.0, 101.0
225, 743.0, 188.0
226, 638.0, 70.0
227, 481.0, 56.0
228, 22.0, 60.0
229, 153.0, 93.0
230, 45.0, 165.0
231, 432.0, 46.0
232, 255.0, 144.0
233, 77.0, 165.0
234, 222.0, 76.0
235, 14.0, 164.0
236, 461.0, 62.0
237, 487.0, 85.0
238, 710.0, 66.0
239, 220.0, 89.0
240, 369.0, 138.0
241, 485.0, 42.0
242, 240.0, 31.0
243, 444.0, 88.0
244, 329.0, 107.0
245, 498.0, 98.0
246, 151.0, 167.0
247, 75.0, 128.0
248, 340.0, 190.0
249, 355.0, 65.0
250, 374.0, 88.0
251, 534.0, 141.0
252, 176.0, 152.0
253, 603.0, 18.0
254, 666.0, 103.0
255, 644.0, 259.0
256, 150.0, 153.0
257, 411.0, 87.0
258, 404.0, 94.0
259, 92.0, 146.0
260, 133.0, 128.0
261, 310.0, 24.0
262, 160.0, 149.0
263, 654.0, 216.0
264, 394.0, 123.0
265, 729.0, 207.0
266, 274.0, 43.0
267, 599.0, 372.0
268, 710.0, 127.0
269, 585.0, 50.0
270, 202.0, 133.0
271, 559.0, 76.0
272, 422.0, 25.0
273, 615.0, 349.0
274, 412.0, 112.0
275, 419.0, 149.0
276, 168.0, 179.0
277, 403.0, 130.0
278, 56.0, 38.0
279, 460.0, 71.0
280, 644.0, 142.0
281, 296.0, 13.0
282, 28.0, 197.0
283, 389.0, 41.0
284, 555.0, 135.0
285, 127.0, 117.0
286, 21.0, 38.0
287, 51.0, 134.0
288, 193.0, 113.0
289, 207.0, 79.0
290, 688.0, 203.0
291, 564.0, 172.0
292, 434.0, 340.0
293, 222.0, 42.0
294, 575.0, 341.0
295, 375.0, 116.0
296, 435.0, 113.0
297, 16.0, 145.0
298, 461.0, 132.0
299, 742.0, 103.0
300, 348.0, 23.0
301, 205.0, 195.0
302, 739.0, 322.0
303, 467.0, 200.0
304, 369.0, 125.0
305, 533.0, 128.0
306, 243.0, 111.0
307, 205.0, 112.0
308, 31.0, 134.0
309, 122.0, 39.0
310, 608.0, 9.0
311, 693.0, 308.0
312, 560.0, 96.0
313, 485.0, 99.0
314, 606.0, 362.0
315, 256.0, 212.0
316, 672.0, 407.0
317, 598.0, 267.0
318, 222.0, 166.0
319, 526.0, 50.0
320, 596.0, 119.0
321, 122.0, 69.0
322, 163.0, 159.0
323, 302.0, 25.0
324, 593.0, 383.0
325, 175.0, 21.0
326, 374.0, 66.0
327, 235.0, 71.0
328, 120.0, 157.0
329, 363.0, 146.0
330, 443.0, 134.0
331, 347.0, 263.0
332, 276.0, 16.0
333, 552.0, 87.0
334, 654.0, 25.0
335, 70.0, 26.0
336, 18.0, 25.0
337, 249.0, 231.0
338, 657.0, 93.0
339, 623.0, 15.0
340, 244.0, 68.0
341, 418.0, 8.0
342, 421.0, 247.0
343, 282.0, 205.0
344, 165.0, 47.0
345, 392.0, 95.0
346, 633.0, 94.0
347, 268.0, 74.0
348, 189.0, 88.0
349, 287.0, 90.0
350, 416.0, 163.0
351, 294.0, 88.0
352, 741.0, 148.0
353, 392.0, 112.0
354, 50.0, 152.0
355, 743.0, 69.0
356, 201.0, 15.0
357, 307.0, 199.0
358, 226.0, 110.0
359, 734.0, 351.0
360, 57.0, 128.0
361, 216.0, 97.0
362, 355.0, 119.0
363, 473.0, 123.0
364, 532.0, 8.0
365, 245.0, 15.0
366, 585.0, 37.0
367, 176.0, 63.0
368, 725.0, 293.0
369, 329.0, 36.0
370, 181.0, 76.0
371, 574.0, 419.0
372, 238.0, 16.0
373, 188.0, 11.0
374, 188.0, 179.0
375, 145.0, 173.0
376, 516.0, 116.0
377, 482.0, 206.0
378, 232.0, 126.0
379, 435.0, 118.0
380, 299.0, 38.0
381, 743.0, 238.0
382, 127.0, 8.0
383, 368.0, 39.0
384, 344.0, 110.0
385, 548.0, 105.0
386, 624.0, 8.0
387, 636.0, 317.0
388, 137.0, 139.0
389, 191.0, 65.0
390, 297.0, 162.0
391, 670.0, 20.0
392, 355.0, 156.0
393, 26.0, 188.0
394, 99.0, 188.0
395, 435.0, 70.0
396, 632.0, 275.0
397, 79.0, 191.0
398, 707.0, 93.0
399, 606.0, 306.0
400, 223.0, 263.0
401, 65.0, 61.0
402, 93.0, 100.0
403, 584.0, 332.0
404, 141.0, 112.0
405, 629.0, 111.0
406, 331.0, 158.0
407, 617.0, 163.0
408, 535.0, 97.0
409, 584.0, 131.0
410, 458.0, 117.0
411, 657.0, 238.0
412, 627.0, 333.0
413, 339.0, 21.0
414, 316.0, 160.0
415, 574.0, 129.0
416, 591.0, 79.0
417, 70.0, 181.0
418, 564.0, 141.0
419, 234.0, 89.0
420, 645.0, 225.0
421, 635.0, 328.0
422, 94.0, 177.0
423, 294.0, 53.0
424, 634.0, 54.0
425, 450.0, 110.0
426, 405.0, 82.0
427, 591.0, 120.0
428, 197.0, 79.0
429, 566.0, 356.0
430, 189.0, 147.0
431, 223.0, 64.0
432, 275.0, 62.0
433, 533.0, 22.0
434, 118.0, 134.0
435, 520.0, 73.0
436, 623.0, 132.0
437, 718.0, 445.0
438, 689.0, 338.0
439, 269.0, 88.0
440, 664.0, 14.0
441, 172.0, 164.0
442, 323.0, 226.0
443, 182.0, 27.0
444, 426.0, 183.0
445, 571.0, 234.0
446, 273.0, 109.0
447, 391.0, 28.0
448, 650.0, 11.0
449, 316.0, 154.0
450, 563.0, 104.0
451, 430.0, 158.0
452, 546.0, 469.0
453, 273.0, 446.0
454, 464.0, 224.0
455, 93.0, 159.0
456, 422.0, 35.0
457, 453.0, 116.0
458, 441.0, 242.0
459, 116.0, 124.0
460, 618.0, 44.0
461, 554.0, 396.0
462, 386.0, 104.0
463, 280.0, 64.0
464, 522.0, 21.0
465, 67.0, 95.0
466, 161.0, 13.0
467, 589.0, 393.0
468, 642.0, 288.0
469, 561.0, 40.0
470, 726.0, 390.0
471, 596.0, 9.0
472, 138.0, 100.0
473, 100.0, 93.0
474, 541.0, 147.0
475, 149.0, 41.0
476, 420.0, 215.0
477, 470.0, 13.0
478, 365.0, 60.0
479, 189.0, 60.0
480, 172.0, 41.0
481, 536.0, 108.0
482, 492.0, 114.0
483, 156.0, 81.0
484, 149.0, 80.0
485, 559.0, 364.0
486, 79.0, 18.0
487, 638.0, 373.0
488, 666.0, 44.0
489, 742.0, 412.0
490, 666.0, 35.0
491, 368.0, 96.0
492, 402.0, 136.0
493, 255.0, 12.0
494, 356.0, 146.0
495, 141.0, 184.0
496, 28.0, 16.0
497, 196.0, 91.0
498, 683.0, 373.0
499, 280.0, 33.0
