0, 268.0, 247.0
1, 279.0, 363.0
2, 299.0, 346.0
3, 489.0, 119.0
4, 435.0, 450.0
5, 564.0, 288.0
6, 384.0, 202.0
7, 345.0, 321.0
8, 464.0, 277.0
9, 506.0, 281.0
10, 308.0, 185.0
11, 533.0, 335.0
12, 562.0, 317.0
13, 107.0, 198.0
14, 263.0, 215.0
15, 483.0, 385.0
16, 555.0, 361.0
17, 659.0, 306.0
18, 207.0, 272.0
19, 442.0, 377.0
20, 318.0, 114.0
21, 232.0, 161.0
22, 636.0, 379.0
23, 682.0, 273.0
24, 476.0, 341.0
25, 308.0, 230.0
26, 251.0, 258.0
27, 380.0, 388.0
28, 490.0, 344.0
29, 352.0, 381.0
30, 318.0, 68.0
31, 376.0, 398.0
32, 276.0, 390.0
33, 553.0, 257.0
34, 252.0, 306.0
35, 291.0, 393.0
36, 474.0, 328.0
37, 341.0, 271.0
38, 457.0, 419.0
39, 480.0, 263.0
40, 554.0, 328.0
41, 428.0, 437.0
42, 413.0, 309.0
43, 487.0, 135.0
44, 268.0, 305.0
45, 257.0, 160.0
46, 335.0, 74.0
47, 305.0, 162.0
48, 245.0, 336.0
49, 485.0, 333.0
50, 310.0, 86.0
51, 494.0, 403.0
52, 456.0, 381.0
53, 474.0, 236.0
54, 481.0, 356.0
55, 537.0, 325.0
56, 420.0, 257.0
57, 385.0, 156.0
58, 291.0, 168.0
59, 313.0, 202.0
60, 245.0, 278.0
61, 263.0, 359.0
62, 136.0, 134.0
63, 426.0, 322.0
64, 220.0, 163.0
65, 568.0, 248.0
66, 357.0, 64.0
67, 391.0, 278.0
68, 277.0, 155.0
69, 448.0, 404.0
70, 334.0, 212.0
71, 567.0, 329.0
72, 258.0, 340.0
73, 106.0, 183.0
74, 230.0, 234.0
75, 364.0, 383.0
76, 516.0, 289.0
77, 502.0, 292.0
78, 402.0, 381.0
79, 92.0, 194.0
80, 190.0, 211.0
81, 380.0, 302.0
82, 66.0, 284.0
83, 426.0, 448.0
84, 179.0, 321.0
85, 180.0, 229.0
86, 419.0, 131.0
87, 180.0, 400.0
88, 491.0, 98.0
89, 607.0, 369.0
90, 302.0, 108.0
91, 400.0, 204.0
92, 608.0, 160.0
93, 500.0, 458.0
94, 251.0, 283.0
95, 569.0, 236.0
96, 329.0, 86.0
97, 502.0, 321.0
98, 243.0, 235.0
99, 435.0, 118.0
100, 298.0, 460.0
101, 268.0, 172.0
102, 232.0, 249.0
103, 623.0, 125.0
104, 290.0, 88.0
105, 344.0, 242.0
106, 502.0, 338.0
107, 141.0, 239.0
108, 242.0, 188.0
109, 531.0, 353.0
110, 484.0, 402.0
111, 137.0, 353.0
112, 213.0, 194.0
113, 562.0, 305.0
114, 375.0, 147.0
115, 226.0, 181.0
116, 28.0, 385.0
117, 95.0, 210.0
118, 252.0, 461.0
119, 494.0, 239.0
120, 364.0, 350.0
121, 126.0, 409.0
122, 580.0, 357.0
123, 670.0, 310.0
124, 505.0, 121.0
125, 593.0, 99.0
126, 419.0, 118.0
127, 526.0, 406.0
128, 512.0, 419.0
129, 443.0, 467.0
130, 502.0, 429.0
131, 94.0, 281.0
132, 298.0, 331.0
133, 300.0, 81.0
134, 581.0, 312.0
135, 82.0, 282.0
136, 330.0, 151.0
137, 432.0, 365.0
138, 206.0, 164.0
139, 267.0, 294.0
140, 286.0, 291.0
141, 281.0, 123.0
142, 548.0, 344.0
143, 491.0, 257.0
144, 290.0, 210.0
145, 312.0, 450.0
146, 342.0, 195.0
147, 135.0, 160.0
148, 610.0, 228.0
149, 94.0, 320.0
150, 341.0, 252.0
151, 570.0, 222.0
152, 618.0, 76.0
153, 553.0, 375.0
154, 479.0, 272.0
155, 420.0, 467.0
156, 448.0, 394.0
157, 343.0, 338.0
158, 625.0, 160.0
159, 568.0, 371.0
160, 364.0, 374.0
161, 512.0, 403.0
162, 457.0, 13.0
163, 628.0, 101.0
164, 399.0, 307.0
165, 278.0, 217.0
166, 229.0, 149.0
167, 548.0, 268.0
168, 593.0, 190.0
169, 554.0, 300.0
170, 305.0, 175.0
171, 387.0, 348.0
172, 319.0, 128.0
173, 176.0, 275.0
174, 436.0, 98.0
175, 568.0, 395.0
176, 583.0, 329.0
177, 410.0, 446.0
178, 391.0, 391.0
179, 385.0, 77.0
180, 572.0, 122.0
181, 31.0, 336.0
182, 484.0, 314.0
183, 289.0, 316.0
184, 512.0, 314.0
185, 609.0, 123.0
186, 97.0, 220.0
187, 470.0, 370.0
188, 311.0, 56.0
189, 574.0, 409.0
190, 131.0, 77.0
191, 570.0, 138.0
192, 265.0, 279.0
193, 185.0, 307.0
194, 735.0, 80.0
195, 337.0, 59.0
196, 406.0, 298.0
197, 317.0, 96.0
198, 248.0, 221.0
199, 543.0, 444.0
200, 92.0, 185.0
201, 501.0, 267.0
202, 552.0, 408.0
203, 284.0, 257.0
204, 43.0, 248.0
205, 641.0, 125.0
206, 76.0, 292.0
207, 261.0, 390.0
208, 409.0, 148.0
209, 278.0, 73.0
210, 592.0, 140.0
211, 62.0, 465.0
212, 544.0, 394.0
213, 363.0, 130.0
214, 721.0, 127.0
215, 507.0, 99.0
216, 345.0, 144.0
217, 550.0, 385.0
218, 721.0, 264.0
219, 111.0, 416.0
220, 490.0, 185.0
221, 431.0, 147.0
222, 524.0, 322.0
223, 166.0, 221.0
224, 274.0, 234.0
225, 433.0, 133.0
226, 401.0, 184.0
227, 476.0, 461.0
228, 647.0, 396.0
229, 293.0, 228.0
230, 289.0, 377.0
231, 364.0, 97.0
232, 513.0, 431.0
233, 364.0, 116.0
234, 230.0, 140.0
235, 585.0, 275.0
236, 294.0, 192.0
237, 196.0, 155.0
238, 334.0, 413.0
239, 558.0, 199.0
240, 716.0, 144.0
241, 148.0, 278.0
242, 592.0, 122.0
243, 554.0, 438.0
244, 253.0, 402.0
245, 606.0, 140.0
246, 362.0, 151.0
247, 57.0, 182.0
248, 413.0, 269.0
249, 203.0, 383.0
250, 428.0, 460.0
251, 285.0, 280.0
252, 438.0, 439.0
253, 554.0, 428.0
254, 615.0, 99.0
255, 634.0, 76.0
256, 510.0, 448.0
257, 707.0, 250.0
258, 162.0, 203.0
259, 681.0, 292.0
260, 636.0, 66.0
261, 338.0, 259.0
262, 389.0, 471.0
263, 582.0, 298.0
264, 363.0, 162.0
265, 33.0, 182.0
266, 511.0, 240.0
267, 144.0, 441.0
268, 261.0, 56.0
269, 415.0, 328.0
270, 663.0, 75.0
271, 343.0, 354.0
272, 493.0, 76.0
273, 306.0, 314.0
274, 303.0, 299.0
275, 637.0, 143.0
276, 327.0, 22.0
277, 385.0, 168.0
278, 478.0, 375.0
279, 419.0, 98.0
280, 154.0, 257.0
281, 289.0, 346.0
282, 308.0, 70.0
283, 252.0, 419.0
284, 224.0, 299.0
285, 52.0, 327.0
286, 34.0, 236.0
287, 710.0, 163.0
288, 543.0, 67.0
289, 197.0, 412.0
290, 741.0, 254.0
291, 323.0, 462.0
292, 339.0, 176.0
293, 503.0, 135.0
294, 526.0, 307.0
295, 260.0, 146.0
296, 338.0, 403.0
297, 606.0, 239.0
298, 658.0, 383.0
299, 364.0, 214.0
300, 364.0, 76.0
301, 518.0, 251.0
302, 576.0, 345.0
303, 283.0, 56.0
304, 230.0, 190.0
305, 341.0, 222.0
306, 66.0, 228.0
307, 728.0, 102.0
308, 440.0, 30.0
309, 529.0, 377.0
310, 646.0, 100.0
311, 354.0, 434.0
312, 530.0, 295.0
313, 97.0, 242.0
314, 383.0, 212.0
315, 320.0, 263.0
316, 621.0, 142.0
317, 305.0, 337.0
318, 501.0, 413.0
319, 662.0, 187.0
320, 435.0, 267.0
321, 296.0, 284.0
322, 614.0, 204.0
323, 578.0, 398.0
324, 147.0, 221.0
325, 367.0, 48.0
326, 351.0, 466.0
327, 521.0, 229.0
328, 364.0, 246.0
329, 573.0, 322.0
330, 403.0, 274.0
331, 515.0, 274.0
332, 556.0, 246.0
333, 496.0, 223.0
334, 425.0, 18.0
335, 200.0, 394.0
336, 325.0, 401.0
337, 393.0, 454.0
338, 249.0, 147.0
339, 40.0, 37.0
340, 111.0, 287.0
341, 307.0, 468.0
342, 75.0, 175.0
343, 596.0, 362.0
344, 324.0, 235.0
345, 618.0, 371.0
346, 480.0, 289.0
347, 274.0, 419.0
348, 573.0, 188.0
349, 285.0, 236.0
350, 377.0, 98.0
351, 353.0, 362.0
352, 458.0, 172.0
353, 214.0, 58.0
354, 742.0, 195.0
355, 306.0, 437.0
356, 622.0, 447.0
357, 288.0, 71.0
358, 502.0, 361.0
359, 531.0, 442.0
360, 320.0, 57.0
361, 572.0, 210.0
362, 364.0, 321.0
363, 92.0, 413.0
364, 655.0, 161.0
365, 621.0, 353.0
366, 190.0, 387.0
367, 328.0, 60.0
368, 383.0, 379.0
369, 571.0, 382.0
370, 469.0, 20.0
371, 532.0, 364.0
372, 215.0, 307.0
373, 413.0, 422.0
374, 135.0, 424.0
375, 247.0, 131.0
376, 203.0, 260.0
377, 450.0, 315.0
378, 429.0, 234.0
379, 718.0, 230.0
380, 123.0, 95.0
381, 423.0, 29.0
382, 430.0, 397.0
383, 612.0, 358.0
384, 684.0, 259.0
385, 596.0, 348.0
386, 422.0, 77.0
387, 150.0, 362.0
388, 672.0, 301.0
389, 543.0, 303.0
390, 282.0, 410.0
391, 274.0, 41.0
392, 271.0, 99.0
393, 64.0, 296.0
394, 699.0, 305.0
395, 327.0, 176.0
396, 396.0, 257.0
397, 736.0, 284.0
398, 566.0, 440.0
399, 609.0, 348.0
400, 510.0, 165.0
401, 577.0, 100.0
402, 349.0, 161.0
403, 281.0, 441.0
404, 79.0, 195.0
405, 189.0, 329.0
406, 385.0, 146.0
407, 498.0, 305.0
408, 432.0, 173.0
409, 557.0, 346.0
410, 285.0, 142.0
411, 259.0, 326.0
412, 202.0, 247.0
413, 210.0, 353.0
414, 351.0, 413.0
415, 151.0, 133.0
416, 650.0, 133.0
417, 396.0, 223.0
418, 175.0, 413.0
419, 445.0, 348.0
420, 544.0, 407.0
421, 172.0, 249.0
422, 454.0, 450.0
423, 375.0, 163.0
424, 622.0, 363.0
425, 354.0, 251.0
426, 365.0, 28.0
427, 11.0, 371.0
428, 38.0, 144.0
429, 387.0, 249.0
430, 554.0, 419.0
431, 475.0, 303.0
432, 35.0, 212.0
433, 485.0, 146.0
434, 85.0, 252.0
435, 256.0, 246.0
436, 658.0, 372.0
437, 595.0, 75.0
438, 71.0, 243.0
439, 255.0, 98.0
440, 690.0, 236.0
441, 14.0, 30.0
442, 530.0, 451.0
443, 454.0, 218.0
444, 85.0, 22.0
445, 161.0, 150.0
446, 275.0, 377.0
447, 474.0, 282.0
448, 265.0, 268.0
449, 668.0, 162.0
450, 321.0, 143.0
451, 268.0, 71.0
452, 720.0, 80.0
453, 354.0, 188.0
454, 410.0, 8.0
455, 58.0, 260.0
456, 400.0, 392.0
457, 212.0, 322.0
458, 364.0, 307.0
459, 360.0, 267.0
460, 344.0, 422.0
461, 581.0, 76.0
462, 323.0, 47.0
463, 464.0, 29.0
464, 589.0, 237.0
465, 65.0, 315.0
466, 446.0, 430.0
467, 616.0, 393.0
468, 576.0, 165.0
469, 363.0, 329.0
470, 664.0, 357.0
471, 294.0, 260.0
472, 95.0, 403.0
473, 641.0, 409.0
474, 212.0, 215.0
475, 564.0, 150.0
476, 503.0, 378.0
477, 300.0, 96.0
478, 159.0, 421.0
479, 272.0, 130.0
480, 454.0, 275.0
481, 339.0, 468.0
482, 334.0, 114.0
483, 402.0, 362.0
484, 427.0, 290.0
485, 241.0, 60.0
486, 160.0, 385.0
487, 196.0, 280.0
488, 543.0, 280.0
489, 306.0, 398.0
490, 319.0, 439.0
491, 705.0, 352.0
492, 223.0, 207.0
493, 345.0, 309.0
494, 587.0, 382.0
495, 464.0, 321.0
496, 244.0, 354.0
497, 56.0, 245.0
498, 566.0, 261.0
499, 509.0, 76.0
