0, 688.0, 19.0
1, 447.0, 61.0
2, 386.0, 81.0
3, 665.0, 103.0
4, 68.0, 106.0
5, 53.0, 117.0
6, 412.0, 123.0
7, 669.0, 123.0
8, 335.0, 135.0
9, 661.0, 143.0
10, 659.0, 148.0
11, 657.0, 153.0
12, 206.0, 172.0
13, 558.0, 172.0
14, 585.0, 180.0
15, 639.0, 183.0
16, 557.0, 186.0
17, 584.0, 186.0
18, 646.0, 187.0
19, 682.0, 190.0
20, 27.0, 192.0
21, 555.0, 197.0
22, 652.0, 199.0
23, 123.0, 202.0
24, 582.0, 203.0
25, 638.0, 205.0
26, 8.0, 209.0
27, 654.0, 210.0
28, 675.0, 212.0
29, 630.0, 213.0
30, 642.0, 219.0
31, 159.0, 221.0
32, 552.0, 221.0
33, 634.0, 221.0
34, 18.0, 223.0
35, 35.0, 223.0
36, 679.0, 223.0
37, 649.0, 224.0
38, 666.0, 227.0
39, 578.0, 228.0
40, 627.0, 231.0
41, 23.0, 236.0
42, 630.0, 238.0
43, 646.0, 241.0
44, 676.0, 243.0
45, 663.0, 245.0
46, 643.0, 253.0
47, 25.0, 254.0
48, 548.0, 254.0
49, 574.0, 255.0
50, 556.0, 258.0
51, 626.0, 258.0
52, 563.0, 259.0
53, 658.0, 263.0
54, 95.0, 264.0
55, 591.0, 264.0
56, 641.0, 264.0
57, 646.0, 265.0
58, 40.0, 268.0
59, 546.0, 268.0
60, 28.0, 269.0
61, 34.0, 269.0
62, 664.0, 269.0
63, 612.0, 272.0
64, 562.0, 273.0
65, 591.0, 273.0
66, 70.0, 274.0
67, 542.0, 275.0
68, 502.0, 278.0
69, 573.0, 278.0
70, 53.0, 279.0
71, 48.0, 280.0
72, 542.0, 280.0
73, 605.0, 280.0
74, 30.0, 281.0
75, 43.0, 281.0
76, 22.0, 282.0
77, 522.0, 284.0
78, 586.0, 284.0
79, 75.0, 286.0
80, 53.0, 291.0
81, 516.0, 291.0
82, 24.0, 292.0
83, 30.0, 292.0
84, 43.0, 292.0
85, 78.0, 294.0
86, 526.0, 298.0
87, 103.0, 300.0
88, 34.0, 302.0
89, 598.0, 306.0
90, 552.0, 310.0
91, 602.0, 311.0
92, 615.0, 312.0
93, 649.0, 313.0
94, 541.0, 314.0
95, 728.0, 315.0
96, 333.0, 317.0
97, 568.0, 318.0
98, 609.0, 322.0
99, 583.0, 324.0
100, 284.0, 326.0
101, 678.0, 327.0
102, 143.0, 332.0
103, 571.0, 332.0
104, 674.0, 333.0
105, 95.0, 334.0
106, 561.0, 334.0
107, 617.0, 334.0
108, 634.0, 335.0
109, 580.0, 337.0
110, 610.0, 340.0
111, 650.0, 342.0
112, 718.0, 346.0
113, 596.0, 347.0
114, 125.0, 348.0
115, 183.0, 348.0
116, 226.0, 348.0
117, 678.0, 348.0
118, 704.0, 351.0
119, 565.0, 352.0
120, 719.0, 352.0
121, 683.0, 365.0
122, 714.0, 379.0
123, 649.0, 389.0
124, 620.0, 411.0
125, 643.0, 415.0
126, 690.0, 416.0
127, 444.0, 422.0
128, 485.0, 422.0
129, 471.0, 423.0
130, 687.0, 423.0
131, 291.0, 424.0
132, 640.0, 429.0
133, 461.0, 432.0
134, 641.0, 434.0
135, 443.0, 435.0
136, 433.0, 436.0
137, 472.0, 436.0
138, 483.0, 438.0
139, 453.0, 439.0
140, 324.0, 446.0
141, 408.0, 446.0
142, 480.0, 446.0
143, 166.0, 447.0
144, 432.0, 447.0
145, 446.0, 448.0
146, 456.0, 451.0
147, 488.0, 451.0
148, 282.0, 452.0
149, 295.0, 452.0
150, 468.0, 452.0
151, 437.0, 453.0
152, 248.0, 456.0
153, 257.0, 456.0
154, 456.0, 460.0
155, 466.0, 461.0
156, 488.0, 462.0
157, 185.0, 463.0
158, 444.0, 463.0
159, 201.0, 464.0
160, 436.0, 464.0
161, 582.0, 464.0
162, 659.0, 466.0
163, 728.0, 466.0
164, 161.0, 467.0
165, 430.0, 468.0
166, 674.0, 468.0
167, 739.0, 469.0
168, 310.0, 470.0
