0, 276.0, 9.0
1, 33.0, 17.0
2, 704.0, 26.0
3, 28.0, 34.0
4, 57.0, 37.0
5, 698.0, 56.0
6, 696.0, 61.0
7, 607.0, 66.0
8, 28.0, 77.0
9, 76.0, 83.0
10, 680.0, 89.0
11, 143.0, 92.0
12, 77.0, 95.0
13, 677.0, 96.0
14, 29.0, 101.0
15, 8.0, 103.0
16, 119.0, 103.0
17, 19.0, 104.0
18, 141.0, 104.0
19, 675.0, 105.0
20, 167.0, 108.0
21, 292.0, 111.0
22, 79.0, 112.0
23, 30.0, 116.0
24, 96.0, 116.0
25, 11.0, 118.0
26, 38.0, 120.0
27, 84.0, 122.0
28, 121.0, 122.0
29, 137.0, 122.0
30, 142.0, 122.0
31, 161.0, 123.0
32, 39.0, 128.0
33, 20.0, 136.0
34, 40.0, 137.0
35, 263.0, 155.0
36, 29.0, 158.0
37, 39.0, 159.0
38, 104.0, 161.0
39, 116.0, 163.0
40, 28.0, 164.0
41, 124.0, 164.0
42, 49.0, 165.0
43, 63.0, 165.0
44, 153.0, 166.0
45, 172.0, 166.0
46, 197.0, 166.0
47, 218.0, 167.0
48, 379.0, 167.0
49, 163.0, 168.0
50, 656.0, 168.0
51, 65.0, 170.0
52, 228.0, 170.0
53, 28.0, 171.0
54, 142.0, 171.0
55, 152.0, 171.0
56, 38.0, 172.0
57, 188.0, 172.0
58, 249.0, 172.0
59, 653.0, 175.0
60, 290.0, 178.0
61, 218.0, 180.0
62, 52.0, 182.0
63, 39.0, 183.0
64, 68.0, 184.0
65, 594.0, 185.0
66, 331.0, 189.0
67, 217.0, 191.0
68, 250.0, 194.0
69, 613.0, 194.0
70, 236.0, 195.0
71, 642.0, 198.0
72, 341.0, 201.0
73, 590.0, 201.0
74, 217.0, 205.0
75, 610.0, 206.0
76, 642.0, 212.0
77, 716.0, 212.0
78, 658.0, 213.0
79, 671.0, 213.0
80, 587.0, 215.0
81, 236.0, 218.0
82, 288.0, 218.0
83, 654.0, 219.0
84, 606.0, 220.0
85, 216.0, 221.0
86, 664.0, 222.0
87, 673.0, 222.0
88, 640.0, 223.0
89, 216.0, 226.0
90, 243.0, 229.0
91, 287.0, 229.0
92, 652.0, 229.0
93, 238.0, 230.0
94, 215.0, 231.0
95, 670.0, 232.0
96, 267.0, 234.0
97, 233.0, 237.0
98, 254.0, 237.0
99, 602.0, 237.0
100, 639.0, 239.0
101, 12.0, 242.0
102, 613.0, 242.0
103, 650.0, 243.0
104, 269.0, 245.0
105, 578.0, 246.0
106, 625.0, 246.0
107, 663.0, 247.0
108, 234.0, 248.0
109, 255.0, 248.0
110, 552.0, 251.0
111, 601.0, 252.0
112, 235.0, 255.0
113, 286.0, 255.0
114, 567.0, 256.0
115, 619.0, 258.0
116, 638.0, 265.0
117, 596.0, 268.0
118, 696.0, 269.0
119, 651.0, 270.0
120, 607.0, 273.0
121, 617.0, 276.0
122, 629.0, 276.0
123, 719.0, 279.0
124, 272.0, 282.0
125, 653.0, 285.0
126, 689.0, 286.0
127, 362.0, 290.0
128, 679.0, 291.0
129, 295.0, 295.0
130, 671.0, 319.0
131, 690.0, 337.0
132, 650.0, 341.0
133, 527.0, 347.0
134, 392.0, 348.0
135, 509.0, 348.0
136, 651.0, 356.0
137, 504.0, 357.0
138, 516.0, 357.0
139, 527.0, 363.0
140, 495.0, 364.0
141, 506.0, 366.0
142, 409.0, 368.0
143, 654.0, 369.0
144, 521.0, 370.0
145, 512.0, 371.0
146, 537.0, 372.0
147, 503.0, 376.0
148, 670.0, 379.0
149, 656.0, 382.0
150, 504.0, 384.0
151, 514.0, 384.0
152, 539.0, 385.0
153, 687.0, 388.0
154, 148.0, 389.0
155, 133.0, 391.0
156, 427.0, 392.0
157, 530.0, 395.0
158, 30.0, 399.0
159, 549.0, 399.0
160, 662.0, 399.0
161, 669.0, 403.0
162, 699.0, 403.0
163, 659.0, 406.0
164, 138.0, 409.0
165, 491.0, 409.0
166, 706.0, 409.0
167, 681.0, 413.0
168, 667.0, 414.0
169, 712.0, 414.0
170, 612.0, 415.0
171, 648.0, 415.0
172, 100.0, 416.0
173, 620.0, 417.0
174, 446.0, 418.0
175, 607.0, 418.0
176, 720.0, 419.0
177, 87.0, 421.0
178, 136.0, 421.0
179, 128.0, 423.0
180, 609.0, 424.0
181, 614.0, 424.0
182, 662.0, 426.0
183, 682.0, 426.0
184, 578.0, 427.0
185, 126.0, 428.0
186, 604.0, 428.0
187, 496.0, 430.0
188, 654.0, 430.0
189, 724.0, 431.0
190, 635.0, 433.0
191, 677.0, 434.0
192, 665.0, 436.0
193, 729.0, 436.0
194, 603.0, 437.0
195, 615.0, 437.0
196, 593.0, 440.0
197, 686.0, 440.0
198, 737.0, 440.0
199, 81.0, 441.0
200, 639.0, 441.0
201, 605.0, 442.0
202, 620.0, 442.0
203, 719.0, 443.0
204, 634.0, 444.0
205, 650.0, 444.0
206, 708.0, 444.0
207, 99.0, 445.0
208, 594.0, 445.0
209, 665.0, 446.0
210, 207.0, 450.0
211, 596.0, 450.0
212, 707.0, 450.0
213, 626.0, 452.0
214, 674.0, 452.0
215, 611.0, 454.0
216, 696.0, 454.0
217, 669.0, 456.0
218, 652.0, 459.0
219, 255.0, 460.0
220, 662.0, 460.0
221, 684.0, 460.0
222, 239.0, 461.0
223, 244.0, 462.0
224, 619.0, 465.0
225, 699.0, 465.0
226, 187.0, 467.0
227, 689.0, 468.0
228, 40.0, 469.0
229, 642.0, 470.0
230, 716.0, 470.0
231, 212.0, 471.0
232, 655.0, 471.0
233, 675.0, 471.0
