0, 486.0, 13.0
1, 333.0, 29.0
2, 332.0, 45.0
3, 180.0, 96.0
4, 455.0, 97.0
5, 457.0, 102.0
6, 324.0, 106.0
7, 452.0, 107.0
8, 462.0, 107.0
9, 443.0, 108.0
10, 195.0, 118.0
11, 225.0, 119.0
12, 450.0, 119.0
13, 306.0, 125.0
14, 445.0, 132.0
15, 463.0, 132.0
16, 36.0, 135.0
17, 162.0, 135.0
18, 23.0, 136.0
19, 41.0, 136.0
20, 194.0, 137.0
21, 48.0, 138.0
22, 61.0, 147.0
23, 165.0, 150.0
24, 195.0, 152.0
25, 122.0, 154.0
26, 154.0, 158.0
27, 160.0, 158.0
28, 166.0, 160.0
29, 304.0, 160.0
30, 412.0, 160.0
31, 189.0, 163.0
32, 438.0, 163.0
33, 327.0, 164.0
34, 472.0, 166.0
35, 334.0, 168.0
36, 500.0, 168.0
37, 375.0, 169.0
38, 335.0, 173.0
39, 354.0, 174.0
40, 372.0, 175.0
41, 471.0, 175.0
42, 288.0, 176.0
43, 367.0, 176.0
44, 383.0, 178.0
45, 401.0, 178.0
46, 500.0, 178.0
47, 517.0, 179.0
48, 647.0, 179.0
49, 356.0, 181.0
50, 437.0, 181.0
51, 536.0, 181.0
52, 154.0, 182.0
53, 412.0, 182.0
54, 304.0, 183.0
55, 430.0, 184.0
56, 507.0, 186.0
57, 482.0, 189.0
58, 348.0, 190.0
59, 470.0, 190.0
60, 389.0, 192.0
61, 399.0, 192.0
62, 335.0, 193.0
63, 424.0, 193.0
64, 499.0, 193.0
65, 510.0, 193.0
66, 411.0, 194.0
67, 532.0, 194.0
68, 440.0, 195.0
69, 471.0, 195.0
70, 389.0, 197.0
71, 399.0, 197.0
72, 438.0, 202.0
73, 334.0, 204.0
74, 547.0, 204.0
75, 341.0, 205.0
76, 388.0, 205.0
77, 423.0, 206.0
78, 155.0, 207.0
79, 440.0, 208.0
80, 366.0, 209.0
81, 542.0, 210.0
82, 390.0, 214.0
83, 397.0, 214.0
84, 333.0, 220.0
85, 428.0, 224.0
86, 435.0, 224.0
87, 387.0, 225.0
88, 340.0, 226.0
89, 408.0, 227.0
90, 495.0, 227.0
91, 450.0, 228.0
92, 553.0, 228.0
93, 481.0, 229.0
94, 533.0, 229.0
95, 571.0, 229.0
96, 441.0, 230.0
97, 524.0, 231.0
98, 425.0, 233.0
99, 514.0, 234.0
100, 580.0, 234.0
101, 544.0, 235.0
102, 598.0, 235.0
103, 162.0, 236.0
104, 376.0, 236.0
105, 302.0, 237.0
106, 348.0, 237.0
107, 155.0, 238.0
108, 362.0, 239.0
109, 636.0, 239.0
110, 396.0, 241.0
111, 324.0, 242.0
112, 431.0, 242.0
113, 440.0, 242.0
114, 569.0, 242.0
115, 329.0, 243.0
116, 450.0, 244.0
117, 581.0, 244.0
118, 358.0, 245.0
119, 351.0, 247.0
120, 380.0, 248.0
121, 396.0, 250.0
122, 302.0, 251.0
123, 403.0, 251.0
124, 566.0, 251.0
125, 584.0, 254.0
126, 596.0, 254.0
127, 566.0, 262.0
128, 583.0, 264.0
129, 319.0, 267.0
130, 292.0, 272.0
131, 563.0, 273.0
132, 630.0, 273.0
133, 580.0, 275.0
134, 190.0, 277.0
135, 155.0, 278.0
136, 213.0, 278.0
137, 224.0, 278.0
138, 279.0, 281.0
139, 561.0, 281.0
140, 190.0, 282.0
141, 290.0, 283.0
142, 589.0, 286.0
143, 313.0, 287.0
144, 503.0, 287.0
145, 628.0, 288.0
146, 402.0, 289.0
147, 322.0, 290.0
148, 535.0, 290.0
149, 575.0, 293.0
150, 608.0, 293.0
151, 278.0, 295.0
152, 320.0, 295.0
153, 595.0, 295.0
154, 144.0, 297.0
155, 291.0, 298.0
156, 326.0, 301.0
157, 610.0, 302.0
158, 314.0, 303.0
159, 576.0, 303.0
160, 588.0, 303.0
161, 593.0, 304.0
162, 189.0, 309.0
163, 574.0, 311.0
164, 623.0, 313.0
165, 155.0, 314.0
166, 575.0, 316.0
167, 610.0, 338.0
168, 626.0, 352.0
169, 671.0, 358.0
170, 156.0, 373.0
171, 164.0, 374.0
172, 311.0, 376.0
173, 155.0, 378.0
174, 190.0, 383.0
175, 198.0, 383.0
176, 155.0, 384.0
177, 313.0, 384.0
178, 420.0, 389.0
179, 312.0, 393.0
180, 542.0, 393.0
181, 13.0, 394.0
182, 295.0, 396.0
183, 29.0, 399.0
184, 188.0, 400.0
185, 346.0, 400.0
186, 391.0, 404.0
187, 545.0, 405.0
188, 471.0, 406.0
189, 416.0, 407.0
190, 500.0, 407.0
191, 16.0, 408.0
192, 8.0, 410.0
193, 19.0, 413.0
194, 389.0, 414.0
195, 154.0, 419.0
196, 72.0, 421.0
197, 314.0, 421.0
198, 539.0, 423.0
199, 597.0, 423.0
200, 610.0, 423.0
201, 87.0, 427.0
202, 336.0, 428.0
203, 383.0, 428.0
204, 413.0, 428.0
205, 88.0, 432.0
206, 73.0, 434.0
207, 142.0, 439.0
208, 311.0, 439.0
209, 61.0, 441.0
210, 378.0, 441.0
211, 297.0, 442.0
212, 598.0, 442.0
213, 412.0, 443.0
214, 613.0, 443.0
215, 264.0, 444.0
216, 287.0, 444.0
217, 42.0, 445.0
218, 248.0, 445.0
219, 355.0, 445.0
220, 490.0, 445.0
221, 637.0, 448.0
222, 86.0, 449.0
223, 325.0, 449.0
224, 319.0, 450.0
225, 330.0, 450.0
226, 337.0, 450.0
227, 299.0, 451.0
228, 375.0, 451.0
229, 273.0, 453.0
230, 299.0, 456.0
231, 305.0, 457.0
232, 609.0, 457.0
233, 256.0, 458.0
234, 636.0, 458.0
235, 620.0, 460.0
236, 256.0, 465.0
237, 633.0, 465.0
238, 497.0, 468.0
239, 503.0, 468.0
240, 29.0, 469.0
241, 266.0, 469.0
242, 85.0, 471.0
243, 321.0, 471.0
244, 378.0, 471.0
245, 408.0, 471.0
