0, 123.0, 41.0
1, 177.0, 61.0
2, 184.0, 70.0
3, 169.0, 72.0
4, 201.0, 78.0
5, 177.0, 83.0
6, 98.0, 91.0
7, 190.0, 95.0
8, 175.0, 97.0
9, 25.0, 101.0
10, 86.0, 111.0
11, 354.0, 117.0
12, 341.0, 126.0
13, 198.0, 128.0
14, 158.0, 130.0
15, 178.0, 131.0
16, 21.0, 135.0
17, 34.0, 135.0
18, 236.0, 136.0
19, 178.0, 137.0
20, 222.0, 137.0
21, 200.0, 138.0
22, 106.0, 143.0
23, 153.0, 143.0
24, 111.0, 145.0
25, 178.0, 149.0
26, 156.0, 150.0
27, 201.0, 150.0
28, 136.0, 152.0
29, 163.0, 152.0
30, 206.0, 152.0
31, 211.0, 152.0
32, 255.0, 152.0
33, 30.0, 153.0
34, 146.0, 153.0
35, 11.0, 154.0
36, 223.0, 154.0
37, 131.0, 155.0
38, 265.0, 160.0
39, 166.0, 162.0
40, 184.0, 162.0
41, 149.0, 165.0
42, 158.0, 169.0
43, 119.0, 170.0
44, 182.0, 170.0
45, 462.0, 170.0
46, 16.0, 173.0
47, 174.0, 175.0
48, 116.0, 176.0
49, 185.0, 176.0
50, 146.0, 183.0
51, 159.0, 184.0
52, 275.0, 187.0
53, 290.0, 187.0
54, 317.0, 188.0
55, 179.0, 191.0
56, 223.0, 191.0
57, 218.0, 192.0
58, 292.0, 192.0
59, 303.0, 192.0
60, 21.0, 194.0
61, 268.0, 194.0
62, 154.0, 195.0
63, 197.0, 195.0
64, 162.0, 196.0
65, 180.0, 200.0
66, 303.0, 202.0
67, 145.0, 208.0
68, 185.0, 209.0
69, 199.0, 210.0
70, 291.0, 210.0
71, 318.0, 213.0
72, 307.0, 214.0
73, 124.0, 215.0
74, 414.0, 216.0
75, 26.0, 217.0
76, 170.0, 219.0
77, 292.0, 223.0
78, 310.0, 224.0
79, 128.0, 235.0
80, 292.0, 235.0
81, 120.0, 237.0
82, 310.0, 238.0
83, 356.0, 238.0
84, 104.0, 241.0
85, 292.0, 246.0
86, 96.0, 249.0
87, 34.0, 250.0
88, 108.0, 250.0
89, 309.0, 250.0
90, 314.0, 250.0
91, 43.0, 251.0
92, 319.0, 251.0
93, 11.0, 255.0
94, 122.0, 255.0
95, 177.0, 255.0
96, 271.0, 256.0
97, 357.0, 256.0
98, 130.0, 257.0
99, 338.0, 258.0
100, 307.0, 260.0
101, 324.0, 261.0
102, 109.0, 263.0
103, 308.0, 268.0
104, 339.0, 268.0
105, 319.0, 271.0
106, 325.0, 271.0
107, 308.0, 273.0
108, 341.0, 274.0
109, 16.0, 276.0
110, 39.0, 276.0
111, 239.0, 277.0
112, 310.0, 278.0
113, 315.0, 278.0
114, 358.0, 282.0
115, 41.0, 285.0
116, 43.0, 294.0
117, 13.0, 298.0
118, 19.0, 306.0
119, 59.0, 308.0
120, 41.0, 311.0
121, 351.0, 311.0
122, 32.0, 320.0
123, 20.0, 322.0
124, 50.0, 326.0
125, 372.0, 328.0
126, 78.0, 331.0
127, 138.0, 331.0
128, 387.0, 337.0
129, 16.0, 338.0
130, 136.0, 339.0
131, 420.0, 339.0
132, 54.0, 343.0
133, 141.0, 345.0
134, 463.0, 346.0
135, 128.0, 347.0
136, 15.0, 354.0
137, 128.0, 377.0
138, 152.0, 380.0
139, 114.0, 387.0
140, 141.0, 389.0
141, 150.0, 392.0
142, 158.0, 393.0
143, 163.0, 393.0
144, 110.0, 406.0
145, 94.0, 408.0
146, 86.0, 420.0
147, 429.0, 427.0
148, 85.0, 432.0
149, 42.0, 435.0
150, 431.0, 441.0
151, 430.0, 452.0
152, 447.0, 456.0
153, 14.0, 458.0
154, 472.0, 460.0
155, 482.0, 462.0
156, 8.0, 463.0
157, 510.0, 467.0
158, 428.0, 468.0
