0, 568.0, 8.0
1, 624.0, 8.0
2, 501.0, 10.0
3, 341.0, 13.0
4, 468.0, 13.0
5, 397.0, 14.0
6, 438.0, 14.0
7, 411.0, 15.0
8, 351.0, 16.0
9, 523.0, 16.0
10, 356.0, 17.0
11, 615.0, 17.0
12, 597.0, 20.0
13, 497.0, 24.0
14, 617.0, 26.0
15, 296.0, 28.0
16, 521.0, 28.0
17, 359.0, 31.0
18, 313.0, 32.0
19, 337.0, 32.0
20, 290.0, 34.0
21, 296.0, 37.0
22, 325.0, 37.0
23, 411.0, 37.0
24, 457.0, 37.0
25, 306.0, 38.0
26, 470.0, 42.0
27, 506.0, 42.0
28, 610.0, 43.0
29, 525.0, 45.0
30, 490.0, 46.0
31, 295.0, 48.0
32, 540.0, 52.0
33, 609.0, 52.0
34, 326.0, 57.0
35, 373.0, 59.0
36, 286.0, 62.0
37, 323.0, 70.0
38, 464.0, 70.0
39, 484.0, 70.0
40, 727.0, 70.0
41, 299.0, 71.0
42, 328.0, 72.0
43, 361.0, 73.0
44, 380.0, 73.0
45, 285.0, 74.0
46, 733.0, 74.0
47, 314.0, 75.0
48, 728.0, 75.0
49, 299.0, 76.0
50, 507.0, 78.0
51, 516.0, 79.0
52, 521.0, 79.0
53, 528.0, 79.0
54, 562.0, 79.0
55, 570.0, 79.0
56, 603.0, 79.0
57, 501.0, 80.0
58, 533.0, 80.0
59, 557.0, 80.0
60, 724.0, 80.0
61, 598.0, 81.0
62, 592.0, 82.0
63, 406.0, 84.0
64, 660.0, 84.0
65, 737.0, 84.0
66, 465.0, 87.0
67, 714.0, 88.0
68, 484.0, 90.0
69, 495.0, 91.0
70, 502.0, 91.0
71, 519.0, 92.0
72, 311.0, 93.0
73, 291.0, 99.0
74, 296.0, 99.0
75, 345.0, 99.0
76, 568.0, 99.0
77, 661.0, 99.0
78, 518.0, 100.0
79, 306.0, 101.0
80, 434.0, 101.0
81, 547.0, 101.0
82, 587.0, 101.0
83, 508.0, 102.0
84, 542.0, 102.0
85, 327.0, 103.0
86, 332.0, 103.0
87, 339.0, 103.0
88, 395.0, 103.0
89, 732.0, 103.0
90, 346.0, 104.0
91, 383.0, 106.0
92, 400.0, 106.0
93, 359.0, 107.0
94, 500.0, 110.0
95, 567.0, 110.0
96, 652.0, 111.0
97, 588.0, 114.0
98, 517.0, 115.0
99, 538.0, 115.0
100, 559.0, 118.0
101, 652.0, 118.0
102, 657.0, 122.0
103, 414.0, 124.0
104, 435.0, 130.0
105, 497.0, 130.0
106, 296.0, 131.0
107, 303.0, 132.0
108, 308.0, 132.0
109, 356.0, 132.0
110, 331.0, 133.0
111, 386.0, 133.0
112, 463.0, 133.0
113, 468.0, 133.0
114, 474.0, 133.0
115, 341.0, 134.0
116, 398.0, 134.0
117, 481.0, 134.0
118, 567.0, 134.0
119, 351.0, 135.0
120, 416.0, 135.0
121, 591.0, 138.0
122, 615.0, 140.0
123, 300.0, 146.0
124, 443.0, 146.0
125, 645.0, 148.0
126, 652.0, 149.0
127, 385.0, 152.0
128, 604.0, 152.0
129, 406.0, 153.0
130, 561.0, 153.0
131, 372.0, 154.0
132, 737.0, 154.0
133, 298.0, 156.0
134, 318.0, 156.0
135, 461.0, 157.0
136, 428.0, 158.0
137, 474.0, 158.0
138, 491.0, 158.0
139, 585.0, 159.0
140, 737.0, 159.0
141, 509.0, 164.0
142, 350.0, 166.0
143, 446.0, 166.0
144, 543.0, 167.0
145, 287.0, 168.0
146, 297.0, 168.0
147, 333.0, 168.0
148, 394.0, 168.0
149, 466.0, 168.0
150, 434.0, 169.0
151, 591.0, 169.0
152, 308.0, 170.0
153, 471.0, 170.0
154, 567.0, 170.0
155, 642.0, 171.0
156, 386.0, 172.0
157, 624.0, 172.0
158, 711.0, 172.0
159, 419.0, 173.0
160, 613.0, 173.0
161, 618.0, 173.0
162, 691.0, 173.0
163, 440.0, 177.0
164, 725.0, 178.0
165, 336.0, 179.0
166, 451.0, 179.0
167, 344.0, 180.0
168, 472.0, 180.0
169, 431.0, 183.0
170, 709.0, 183.0
171, 378.0, 186.0
172, 406.0, 186.0
173, 743.0, 186.0
174, 361.0, 188.0
175, 395.0, 188.0
176, 343.0, 189.0
177, 332.0, 191.0
178, 423.0, 191.0
179, 428.0, 192.0
180, 308.0, 193.0
181, 433.0, 193.0
182, 509.0, 196.0
183, 459.0, 198.0
184, 255.0, 199.0
185, 396.0, 200.0
186, 473.0, 201.0
187, 553.0, 201.0
188, 558.0, 202.0
189, 342.0, 203.0
190, 599.0, 203.0
191, 333.0, 204.0
192, 433.0, 205.0
193, 307.0, 206.0
194, 287.0, 207.0
195, 711.0, 208.0
196, 678.0, 211.0
197, 425.0, 212.0
198, 695.0, 213.0
199, 334.0, 215.0
200, 339.0, 215.0
201, 329.0, 216.0
202, 442.0, 216.0
203, 471.0, 219.0
204, 623.0, 219.0
205, 309.0, 221.0
206, 324.0, 222.0
207, 725.0, 224.0
208, 299.0, 226.0
209, 474.0, 226.0
210, 335.0, 227.0
211, 340.0, 227.0
212, 377.0, 228.0
213, 447.0, 229.0
214, 511.0, 229.0
215, 290.0, 230.0
216, 593.0, 230.0
217, 475.0, 231.0
218, 427.0, 232.0
219, 395.0, 233.0
220, 298.0, 235.0
221, 316.0, 237.0
222, 474.0, 237.0
223, 708.0, 237.0
224, 461.0, 240.0
225, 570.0, 242.0
226, 444.0, 243.0
227, 472.0, 245.0
228, 587.0, 246.0
229, 414.0, 252.0
230, 423.0, 253.0
231, 617.0, 253.0
232, 439.0, 257.0
233, 444.0, 257.0
234, 585.0, 257.0
235, 434.0, 259.0
236, 303.0, 261.0
237, 463.0, 261.0
238, 471.0, 263.0
239, 639.0, 264.0
240, 384.0, 265.0
241, 583.0, 265.0
242, 647.0, 266.0
243, 336.0, 267.0
244, 398.0, 267.0
245, 652.0, 267.0
246, 657.0, 268.0
247, 307.0, 269.0
248, 406.0, 269.0
249, 664.0, 270.0
250, 299.0, 271.0
251, 419.0, 272.0
252, 428.0, 274.0
253, 562.0, 276.0
254, 610.0, 278.0
255, 392.0, 279.0
256, 487.0, 280.0
257, 401.0, 281.0
258, 300.0, 282.0
259, 317.0, 282.0
260, 579.0, 283.0
261, 416.0, 285.0
262, 455.0, 285.0
263, 655.0, 285.0
264, 384.0, 286.0
265, 505.0, 287.0
266, 510.0, 289.0
267, 536.0, 289.0
268, 642.0, 289.0
269, 606.0, 290.0
270, 427.0, 291.0
271, 463.0, 291.0
272, 408.0, 292.0
273, 529.0, 292.0
274, 743.0, 292.0
275, 630.0, 293.0
276, 439.0, 295.0
277, 554.0, 295.0
278, 444.0, 296.0
279, 417.0, 300.0
280, 550.0, 300.0
281, 407.0, 301.0
282, 432.0, 303.0
283, 605.0, 304.0
284, 652.0, 304.0
285, 551.0, 305.0
286, 667.0, 305.0
287, 637.0, 308.0
288, 615.0, 309.0
289, 576.0, 311.0
290, 598.0, 311.0
291, 288.0, 314.0
292, 584.0, 315.0
293, 505.0, 316.0
294, 606.0, 318.0
295, 644.0, 318.0
296, 448.0, 319.0
297, 597.0, 319.0
298, 458.0, 322.0
299, 526.0, 322.0
300, 632.0, 322.0
301, 302.0, 323.0
302, 393.0, 323.0
303, 597.0, 324.0
304, 677.0, 324.0
305, 713.0, 324.0
306, 452.0, 325.0
307, 735.0, 325.0
308, 408.0, 326.0
309, 473.0, 327.0
310, 302.0, 328.0
311, 311.0, 328.0
312, 575.0, 328.0
313, 626.0, 328.0
314, 447.0, 329.0
315, 612.0, 329.0
316, 295.0, 330.0
317, 667.0, 330.0
318, 585.0, 332.0
319, 714.0, 332.0
320, 315.0, 334.0
321, 468.0, 334.0
322, 302.0, 335.0
323, 595.0, 335.0
324, 636.0, 335.0
325, 416.0, 336.0
326, 724.0, 337.0
327, 702.0, 338.0
328, 384.0, 340.0
329, 430.0, 340.0
330, 729.0, 340.0
331, 399.0, 343.0
332, 620.0, 345.0
333, 660.0, 346.0
334, 569.0, 347.0
335, 741.0, 347.0
336, 579.0, 348.0
337, 675.0, 348.0
338, 598.0, 350.0
339, 718.0, 350.0
340, 670.0, 352.0
341, 588.0, 353.0
342, 448.0, 359.0
343, 599.0, 361.0
344, 615.0, 361.0
345, 585.0, 363.0
346, 628.0, 363.0
347, 689.0, 364.0
348, 694.0, 365.0
349, 712.0, 365.0
350, 539.0, 368.0
351, 564.0, 368.0
352, 608.0, 371.0
353, 653.0, 374.0
354, 725.0, 374.0
355, 557.0, 375.0
356, 740.0, 377.0
357, 305.0, 379.0
358, 319.0, 379.0
359, 583.0, 379.0
360, 557.0, 380.0
361, 734.0, 386.0
362, 640.0, 387.0
363, 672.0, 387.0
364, 723.0, 391.0
365, 316.0, 392.0
366, 615.0, 394.0
367, 310.0, 403.0
368, 299.0, 406.0
369, 441.0, 406.0
370, 592.0, 407.0
371, 651.0, 411.0
372, 300.0, 416.0
373, 473.0, 417.0
374, 295.0, 420.0
375, 347.0, 422.0
376, 621.0, 423.0
377, 296.0, 425.0
378, 626.0, 425.0
379, 303.0, 430.0
380, 650.0, 431.0
381, 292.0, 432.0
382, 647.0, 440.0
383, 672.0, 446.0
384, 711.0, 454.0
385, 32.0, 455.0
386, 12.0, 456.0
387, 17.0, 456.0
388, 640.0, 463.0
389, 35.0, 464.0
390, 664.0, 469.0
391, 739.0, 471.0
