0, 275.0, 16.0
1, 284.0, 27.0
2, 275.0, 35.0
3, 286.0, 35.0
4, 281.0, 47.0
5, 292.0, 61.0
6, 513.0, 104.0
7, 135.0, 113.0
8, 168.0, 119.0
9, 150.0, 127.0
10, 135.0, 128.0
11, 158.0, 128.0
12, 142.0, 134.0
13, 151.0, 140.0
14, 169.0, 140.0
15, 158.0, 142.0
16, 138.0, 144.0
17, 143.0, 145.0
18, 170.0, 151.0
19, 250.0, 154.0
20, 262.0, 155.0
21, 136.0, 156.0
22, 117.0, 160.0
23, 181.0, 164.0
24, 187.0, 164.0
25, 152.0, 165.0
26, 174.0, 166.0
27, 126.0, 168.0
28, 160.0, 182.0
29, 138.0, 187.0
30, 147.0, 190.0
31, 503.0, 194.0
32, 508.0, 198.0
33, 202.0, 204.0
34, 251.0, 204.0
35, 150.0, 206.0
36, 262.0, 208.0
37, 168.0, 211.0
38, 177.0, 213.0
39, 187.0, 219.0
40, 163.0, 223.0
41, 110.0, 229.0
42, 122.0, 229.0
43, 183.0, 229.0
44, 202.0, 229.0
45, 218.0, 229.0
46, 93.0, 230.0
47, 178.0, 230.0
48, 151.0, 231.0
49, 129.0, 235.0
50, 49.0, 238.0
51, 39.0, 239.0
52, 154.0, 245.0
53, 242.0, 248.0
54, 229.0, 262.0
55, 128.0, 263.0
56, 219.0, 263.0
57, 224.0, 263.0
58, 245.0, 263.0
59, 206.0, 265.0
60, 187.0, 266.0
61, 160.0, 269.0
62, 140.0, 271.0
63, 122.0, 273.0
64, 248.0, 279.0
65, 318.0, 280.0
66, 263.0, 282.0
67, 283.0, 285.0
68, 275.0, 286.0
69, 123.0, 290.0
70, 253.0, 290.0
71, 258.0, 290.0
72, 263.0, 290.0
73, 331.0, 298.0
74, 337.0, 298.0
75, 324.0, 301.0
76, 249.0, 306.0
77, 302.0, 306.0
78, 286.0, 309.0
79, 265.0, 313.0
80, 356.0, 317.0
81, 320.0, 330.0
82, 310.0, 331.0
83, 250.0, 332.0
84, 292.0, 335.0
85, 382.0, 343.0
86, 387.0, 344.0
87, 294.0, 350.0
88, 371.0, 353.0
89, 261.0, 355.0
90, 440.0, 356.0
91, 348.0, 357.0
92, 63.0, 363.0
93, 302.0, 368.0
94, 355.0, 369.0
95, 307.0, 370.0
96, 266.0, 372.0
97, 362.0, 379.0
98, 250.0, 386.0
99, 257.0, 386.0
100, 363.0, 388.0
101, 342.0, 391.0
102, 375.0, 391.0
103, 329.0, 395.0
104, 343.0, 396.0
105, 30.0, 399.0
106, 293.0, 406.0
107, 372.0, 408.0
108, 436.0, 408.0
109, 358.0, 409.0
110, 381.0, 416.0
111, 261.0, 417.0
112, 259.0, 424.0
113, 343.0, 425.0
114, 401.0, 428.0
115, 406.0, 431.0
116, 370.0, 433.0
117, 415.0, 436.0
118, 354.0, 438.0
119, 260.0, 441.0
120, 421.0, 444.0
121, 429.0, 455.0
122, 357.0, 466.0
123, 288.0, 468.0
124, 386.0, 470.0
