0, 622.0, 9.0
1, 700.0, 13.0
2, 195.0, 16.0
3, 611.0, 19.0
4, 619.0, 21.0
5, 683.0, 22.0
6, 701.0, 22.0
7, 723.0, 24.0
8, 698.0, 30.0
9, 585.0, 31.0
10, 719.0, 31.0
11, 616.0, 34.0
12, 672.0, 37.0
13, 686.0, 38.0
14, 723.0, 42.0
15, 693.0, 43.0
16, 709.0, 43.0
17, 666.0, 58.0
18, 579.0, 59.0
19, 718.0, 62.0
20, 609.0, 63.0
21, 685.0, 67.0
22, 704.0, 67.0
23, 153.0, 79.0
24, 15.0, 80.0
25, 670.0, 80.0
26, 681.0, 80.0
27, 699.0, 82.0
28, 18.0, 85.0
29, 660.0, 91.0
30, 699.0, 91.0
31, 601.0, 95.0
32, 677.0, 95.0
33, 700.0, 96.0
34, 8.0, 101.0
35, 588.0, 103.0
36, 618.0, 105.0
37, 599.0, 107.0
38, 635.0, 107.0
39, 587.0, 116.0
40, 566.0, 118.0
41, 678.0, 118.0
42, 632.0, 120.0
43, 13.0, 122.0
44, 598.0, 122.0
45, 612.0, 124.0
46, 556.0, 129.0
47, 625.0, 129.0
48, 90.0, 130.0
49, 520.0, 131.0
50, 540.0, 134.0
51, 27.0, 137.0
52, 33.0, 137.0
53, 22.0, 138.0
54, 535.0, 141.0
55, 66.0, 143.0
56, 676.0, 143.0
57, 544.0, 146.0
58, 651.0, 148.0
59, 47.0, 149.0
60, 640.0, 150.0
61, 38.0, 151.0
62, 18.0, 152.0
63, 25.0, 152.0
64, 573.0, 153.0
65, 625.0, 154.0
66, 72.0, 156.0
67, 562.0, 158.0
68, 589.0, 159.0
69, 23.0, 162.0
70, 28.0, 162.0
71, 42.0, 162.0
72, 52.0, 162.0
73, 634.0, 162.0
74, 77.0, 163.0
75, 606.0, 163.0
76, 638.0, 167.0
77, 643.0, 167.0
78, 705.0, 167.0
79, 743.0, 167.0
80, 693.0, 168.0
81, 105.0, 169.0
82, 593.0, 170.0
83, 583.0, 173.0
84, 35.0, 174.0
85, 52.0, 174.0
86, 602.0, 175.0
87, 634.0, 175.0
88, 673.0, 175.0
89, 342.0, 178.0
90, 655.0, 178.0
91, 620.0, 181.0
92, 729.0, 182.0
93, 32.0, 184.0
94, 293.0, 190.0
95, 741.0, 193.0
96, 166.0, 196.0
97, 738.0, 198.0
98, 154.0, 201.0
99, 104.0, 206.0
100, 718.0, 211.0
101, 136.0, 220.0
102, 194.0, 220.0
103, 656.0, 222.0
104, 668.0, 222.0
105, 663.0, 229.0
106, 95.0, 236.0
107, 677.0, 241.0
108, 653.0, 244.0
109, 637.0, 249.0
110, 626.0, 254.0
111, 647.0, 254.0
112, 643.0, 264.0
113, 638.0, 270.0
114, 492.0, 279.0
115, 455.0, 280.0
116, 481.0, 283.0
117, 304.0, 289.0
118, 443.0, 293.0
119, 452.0, 293.0
120, 463.0, 293.0
121, 190.0, 295.0
122, 490.0, 296.0
123, 442.0, 298.0
124, 487.0, 301.0
125, 456.0, 302.0
126, 441.0, 303.0
127, 477.0, 303.0
128, 465.0, 305.0
129, 447.0, 307.0
130, 305.0, 311.0
131, 191.0, 312.0
132, 465.0, 313.0
133, 470.0, 313.0
134, 475.0, 313.0
135, 298.0, 314.0
136, 311.0, 314.0
137, 496.0, 314.0
138, 454.0, 315.0
139, 634.0, 315.0
140, 268.0, 318.0
141, 276.0, 318.0
142, 441.0, 320.0
143, 498.0, 320.0
144, 208.0, 326.0
145, 454.0, 326.0
146, 327.0, 327.0
147, 187.0, 329.0
148, 456.0, 332.0
149, 498.0, 332.0
150, 444.0, 333.0
151, 408.0, 340.0
152, 477.0, 341.0
153, 652.0, 357.0
154, 642.0, 365.0
155, 510.0, 369.0
156, 202.0, 376.0
157, 597.0, 385.0
158, 591.0, 386.0
159, 586.0, 387.0
160, 619.0, 389.0
161, 605.0, 390.0
162, 645.0, 396.0
163, 589.0, 399.0
164, 599.0, 399.0
165, 656.0, 399.0
166, 533.0, 400.0
167, 577.0, 400.0
168, 676.0, 400.0
169, 661.0, 407.0
170, 208.0, 408.0
171, 583.0, 409.0
172, 601.0, 410.0
173, 562.0, 411.0
174, 573.0, 411.0
175, 273.0, 412.0
176, 647.0, 412.0
177, 216.0, 416.0
178, 292.0, 417.0
179, 617.0, 417.0
180, 647.0, 417.0
181, 209.0, 419.0
182, 626.0, 419.0
183, 220.0, 422.0
184, 579.0, 422.0
185, 584.0, 422.0
186, 307.0, 423.0
187, 590.0, 423.0
188, 671.0, 423.0
189, 550.0, 425.0
190, 563.0, 425.0
191, 204.0, 426.0
192, 192.0, 427.0
193, 220.0, 427.0
194, 571.0, 428.0
195, 623.0, 429.0
196, 644.0, 429.0
197, 548.0, 430.0
198, 597.0, 432.0
199, 165.0, 435.0
200, 560.0, 435.0
201, 218.0, 436.0
202, 641.0, 436.0
203, 597.0, 437.0
204, 612.0, 438.0
205, 666.0, 438.0
206, 208.0, 439.0
207, 549.0, 439.0
208, 629.0, 439.0
209, 199.0, 440.0
210, 560.0, 440.0
211, 657.0, 440.0
212, 639.0, 441.0
213, 584.0, 443.0
214, 549.0, 444.0
215, 191.0, 445.0
216, 594.0, 445.0
217, 589.0, 446.0
218, 180.0, 447.0
219, 569.0, 448.0
220, 551.0, 449.0
221, 607.0, 452.0
222, 308.0, 454.0
223, 637.0, 455.0
224, 555.0, 456.0
225, 653.0, 456.0
226, 623.0, 458.0
227, 743.0, 458.0
228, 708.0, 460.0
229, 636.0, 461.0
230, 740.0, 463.0
231, 561.0, 465.0
232, 667.0, 466.0
233, 638.0, 470.0
234, 214.0, 471.0
235, 577.0, 471.0
236, 697.0, 471.0
