0, 64.0, 70.0
1, 321.0, 403.0
2, 342.0, 334.0
3, 379.0, 232.0
4, 541.0, 348.0
5, 107.0, 146.0
6, 103.0, 375.0
7, 339.0, 382.0
8, 76.0, 99.0
9, 309.0, 404.0
10, 253.0, 453.0
11, 62.0, 55.0
12, 266.0, 227.0
13, 560.0, 161.0
14, 115.0, 370.0
15, 43.0, 50.0
16, 99.0, 398.0
17, 128.0, 193.0
18, 381.0, 201.0
19, 130.0, 380.0
20, 112.0, 163.0
21, 350.0, 351.0
22, 683.0, 440.0
23, 509.0, 355.0
24, 108.0, 106.0
25, 352.0, 166.0
26, 482.0, 455.0
27, 418.0, 144.0
28, 388.0, 190.0
29, 472.0, 329.0
30, 68.0, 84.0
31, 260.0, 130.0
32, 555.0, 139.0
33, 304.0, 226.0
34, 620.0, 174.0
35, 565.0, 139.0
36, 453.0, 412.0
37, 278.0, 319.0
38, 655.0, 409.0
39, 435.0, 469.0
40, 443.0, 454.0
41, 210.0, 162.0
42, 398.0, 217.0
43, 102.0, 254.0
44, 292.0, 348.0
45, 237.0, 410.0
46, 121.0, 59.0
47, 90.0, 81.0
48, 655.0, 216.0
49, 465.0, 445.0
50, 559.0, 275.0
51, 347.0, 229.0
52, 353.0, 335.0
53, 278.0, 454.0
54, 232.0, 257.0
55, 551.0, 381.0
56, 360.0, 235.0
57, 580.0, 289.0
58, 365.0, 309.0
59, 86.0, 92.0
60, 77.0, 51.0
61, 300.0, 442.0
62, 220.0, 467.0
63, 615.0, 187.0
64, 305.0, 276.0
65, 580.0, 317.0
66, 336.0, 427.0
67, 253.0, 401.0
68, 340.0, 350.0
69, 613.0, 42.0
70, 363.0, 216.0
71, 606.0, 222.0
72, 249.0, 465.0
73, 314.0, 170.0
74, 660.0, 339.0
75, 298.0, 404.0
76, 577.0, 203.0
77, 229.0, 434.0
78, 105.0, 216.0
79, 244.0, 164.0
80, 364.0, 246.0
81, 713.0, 454.0
82, 142.0, 366.0
83, 564.0, 435.0
84, 213.0, 442.0
85, 293.0, 381.0
86, 131.0, 440.0
87, 603.0, 98.0
88, 240.0, 434.0
89, 261.0, 384.0
90, 226.0, 240.0
91, 76.0, 22.0
92, 579.0, 402.0
93, 446.0, 430.0
94, 368.0, 260.0
95, 122.0, 357.0
96, 569.0, 376.0
97, 486.0, 467.0
98, 569.0, 324.0
99, 680.0, 344.0
100, 113.0, 120.0
101, 348.0, 366.0
102, 202.0, 146.0
103, 251.0, 256.0
104, 143.0, 149.0
105, 309.0, 349.0
106, 233.0, 282.0
107, 610.0, 205.0
108, 242.0, 448.0
109, 616.0, 25.0
110, 595.0, 353.0
111, 250.0, 154.0
112, 596.0, 73.0
113, 633.0, 465.0
114, 124.0, 227.0
115, 624.0, 390.0
116, 222.0, 302.0
117, 562.0, 424.0
118, 592.0, 397.0
119, 35.0, 105.0
120, 319.0, 228.0
121, 92.0, 379.0
122, 409.0, 312.0
123, 615.0, 446.0
124, 598.0, 422.0
125, 124.0, 106.0
126, 407.0, 268.0
127, 278.0, 381.0
128, 266.0, 430.0
129, 383.0, 99.0
130, 118.0, 447.0
131, 618.0, 62.0
132, 538.0, 323.0
133, 634.0, 63.0
134, 381.0, 215.0
135, 399.0, 143.0
136, 403.0, 190.0
137, 379.0, 389.0
138, 658.0, 353.0
139, 475.0, 22.0
140, 104.0, 459.0
141, 466.0, 21.0
142, 522.0, 356.0
143, 572.0, 417.0
144, 584.0, 439.0
145, 489.0, 446.0
146, 651.0, 434.0
147, 238.0, 246.0
148, 102.0, 164.0
149, 53.0, 99.0
150, 455.0, 434.0
151, 561.0, 289.0
152, 590.0, 53.0
153, 359.0, 449.0
154, 544.0, 370.0
155, 442.0, 310.0
156, 300.0, 452.0
157, 76.0, 36.0
158, 86.0, 69.0
159, 637.0, 398.0
160, 190.0, 150.0
161, 419.0, 359.0
162, 552.0, 453.0
163, 688.0, 462.0
164, 336.0, 259.0
165, 612.0, 414.0
166, 82.0, 346.0
167, 74.0, 348.0
168, 729.0, 302.0
169, 598.0, 376.0
170, 235.0, 317.0
171, 472.0, 426.0
172, 427.0, 316.0
173, 531.0, 372.0
174, 235.0, 385.0
175, 731.0, 286.0
176, 400.0, 201.0
177, 482.0, 333.0
178, 616.0, 456.0
179, 85.0, 57.0
180, 608.0, 114.0
181, 648.0, 294.0
182, 51.0, 181.0
183, 316.0, 145.0
184, 283.0, 236.0
185, 208.0, 450.0
186, 419.0, 457.0
187, 106.0, 82.0
188, 223.0, 172.0
189, 430.0, 382.0
190, 274.0, 131.0
191, 436.0, 447.0
192, 251.0, 367.0
193, 600.0, 280.0
194, 588.0, 31.0
195, 320.0, 429.0
196, 360.0, 428.0
197, 233.0, 363.0
198, 558.0, 252.0
199, 212.0, 263.0
200, 695.0, 450.0
201, 370.0, 167.0
202, 297.0, 428.0
203, 582.0, 184.0
204, 700.0, 467.0
205, 126.0, 89.0
206, 607.0, 62.0
207, 252.0, 334.0
208, 597.0, 228.0
209, 403.0, 168.0
210, 88.0, 235.0
211, 233.0, 336.0
212, 674.0, 363.0
213, 427.0, 449.0
214, 459.0, 396.0
215, 135.0, 249.0
216, 245.0, 229.0
217, 325.0, 382.0
218, 377.0, 140.0
219, 95.0, 415.0
220, 653.0, 181.0
221, 241.0, 259.0
222, 265.0, 459.0
223, 304.0, 190.0
224, 549.0, 196.0
225, 304.0, 213.0
226, 110.0, 420.0
227, 355.0, 322.0
228, 46.0, 166.0
229, 368.0, 356.0
230, 187.0, 395.0
231, 678.0, 297.0
232, 346.0, 313.0
233, 246.0, 213.0
234, 488.0, 22.0
235, 599.0, 290.0
236, 266.0, 117.0
237, 310.0, 392.0
238, 339.0, 215.0
239, 340.0, 276.0
240, 220.0, 385.0
241, 121.0, 159.0
242, 501.0, 22.0
243, 350.0, 146.0
244, 375.0, 288.0
245, 287.0, 401.0
246, 430.0, 203.0
247, 292.0, 8.0
248, 248.0, 140.0
249, 428.0, 434.0
250, 346.0, 398.0
251, 625.0, 428.0
252, 584.0, 235.0
253, 583.0, 13.0
254, 95.0, 145.0
255, 369.0, 333.0
256, 285.0, 335.0
257, 55.0, 418.0
258, 264.0, 259.0
259, 270.0, 212.0
260, 669.0, 343.0
261, 611.0, 362.0
262, 667.0, 264.0
263, 371.0, 190.0
264, 685.0, 252.0
265, 634.0, 123.0
266, 115.0, 209.0
267, 281.0, 144.0
268, 233.0, 268.0
269, 629.0, 207.0
270, 179.0, 335.0
271, 500.0, 334.0
272, 428.0, 223.0
273, 591.0, 43.0
274, 99.0, 234.0
275, 342.0, 436.0
276, 158.0, 379.0
277, 325.0, 132.0
278, 555.0, 215.0
279, 323.0, 366.0
280, 565.0, 150.0
281, 250.0, 193.0
282, 400.0, 374.0
283, 280.0, 256.0
284, 312.0, 241.0
285, 233.0, 140.0
286, 134.0, 399.0
287, 412.0, 216.0
288, 45.0, 62.0
289, 423.0, 300.0
290, 317.0, 335.0
291, 118.0, 412.0
292, 668.0, 379.0
293, 594.0, 344.0
294, 93.0, 358.0
295, 288.0, 227.0
296, 127.0, 150.0
297, 77.0, 127.0
298, 76.0, 202.0
299, 117.0, 147.0
300, 112.0, 399.0
301, 604.0, 238.0
302, 270.0, 401.0
303, 347.0, 241.0
304, 101.0, 59.0
305, 370.0, 199.0
306, 613.0, 154.0
307, 297.0, 259.0
308, 106.0, 72.0
309, 303.0, 239.0
310, 93.0, 262.0
311, 27.0, 176.0
312, 565.0, 338.0
313, 540.0, 217.0
314, 645.0, 275.0
315, 192.0, 172.0
316, 50.0, 206.0
317, 103.0, 290.0
318, 735.0, 351.0
319, 588.0, 214.0
320, 613.0, 143.0
321, 641.0, 261.0
322, 593.0, 215.0
323, 199.0, 445.0
324, 595.0, 300.0
325, 538.0, 106.0
326, 272.0, 158.0
327, 292.0, 371.0
328, 447.0, 22.0
329, 176.0, 154.0
330, 626.0, 95.0
331, 425.0, 262.0
332, 300.0, 392.0
333, 278.0, 352.0
334, 423.0, 268.0
335, 109.0, 338.0
336, 138.0, 469.0
337, 130.0, 413.0
338, 359.0, 436.0
339, 527.0, 20.0
340, 34.0, 372.0
341, 534.0, 42.0
342, 692.0, 356.0
343, 585.0, 275.0
344, 118.0, 335.0
345, 703.0, 286.0
346, 423.0, 276.0
347, 217.0, 308.0
348, 118.0, 269.0
349, 360.0, 137.0
350, 604.0, 405.0
351, 134.0, 210.0
352, 533.0, 69.0
353, 56.0, 346.0
354, 575.0, 440.0
355, 223.0, 412.0
356, 77.0, 192.0
357, 77.0, 159.0
358, 212.0, 433.0
359, 560.0, 406.0
360, 654.0, 366.0
361, 240.0, 333.0
362, 257.0, 392.0
363, 85.0, 110.0
364, 340.0, 308.0
365, 538.0, 148.0
366, 545.0, 426.0
367, 216.0, 143.0
368, 76.0, 321.0
369, 315.0, 187.0
370, 569.0, 193.0
371, 589.0, 107.0
372, 303.0, 307.0
373, 187.0, 127.0
374, 48.0, 70.0
375, 223.0, 163.0
376, 211.0, 413.0
377, 195.0, 186.0
378, 363.0, 201.0
379, 545.0, 254.0
380, 284.0, 429.0
381, 201.0, 132.0
382, 308.0, 335.0
383, 581.0, 144.0
384, 541.0, 439.0
385, 69.0, 176.0
386, 273.0, 256.0
387, 585.0, 203.0
388, 608.0, 257.0
389, 555.0, 222.0
390, 597.0, 197.0
391, 728.0, 224.0
392, 643.0, 335.0
393, 204.0, 445.0
394, 237.0, 305.0
395, 730.0, 467.0
396, 603.0, 233.0
397, 123.0, 403.0
398, 555.0, 441.0
399, 252.0, 212.0
400, 330.0, 352.0
401, 508.0, 319.0
402, 721.0, 471.0
403, 128.0, 98.0
404, 272.0, 338.0
405, 393.0, 206.0
406, 702.0, 251.0
407, 434.0, 435.0
408, 111.0, 322.0
409, 212.0, 244.0
410, 199.0, 339.0
411, 549.0, 329.0
412, 599.0, 258.0
413, 647.0, 197.0
414, 614.0, 422.0
415, 372.0, 278.0
416, 597.0, 203.0
417, 316.0, 213.0
418, 602.0, 39.0
419, 21.0, 388.0
420, 546.0, 338.0
421, 146.0, 397.0
422, 214.0, 128.0
423, 291.0, 251.0
424, 603.0, 193.0
425, 471.0, 411.0
426, 484.0, 348.0
427, 535.0, 332.0
428, 722.0, 253.0
429, 623.0, 189.0
430, 385.0, 283.0
431, 278.0, 401.0
432, 72.0, 171.0
433, 488.0, 322.0
434, 321.0, 390.0
435, 636.0, 315.0
436, 134.0, 151.0
437, 479.0, 357.0
438, 144.0, 467.0
439, 338.0, 229.0
440, 124.0, 204.0
441, 64.0, 162.0
442, 580.0, 192.0
443, 273.0, 352.0
444, 571.0, 227.0
445, 109.0, 134.0
446, 332.0, 400.0
447, 535.0, 18.0
448, 325.0, 115.0
449, 88.0, 159.0
450, 267.0, 369.0
451, 347.0, 429.0
452, 221.0, 142.0
453, 590.0, 325.0
454, 691.0, 302.0
455, 14.0, 367.0
456, 653.0, 201.0
457, 293.0, 320.0
458, 633.0, 143.0
459, 111.0, 328.0
460, 95.0, 99.0
461, 349.0, 253.0
462, 86.0, 360.0
463, 709.0, 465.0
464, 373.0, 221.0
465, 100.0, 242.0
466, 460.0, 424.0
467, 543.0, 431.0
468, 625.0, 360.0
469, 218.0, 412.0
470, 374.0, 273.0
471, 420.0, 381.0
472, 134.0, 175.0
473, 434.0, 297.0
474, 613.0, 149.0
475, 550.0, 289.0
476, 388.0, 177.0
477, 135.0, 187.0
478, 631.0, 154.0
479, 554.0, 333.0
480, 300.0, 290.0
481, 120.0, 120.0
482, 585.0, 227.0
483, 389.0, 272.0
484, 687.0, 209.0
485, 723.0, 222.0
486, 579.0, 152.0
487, 104.0, 205.0
488, 215.0, 320.0
489, 545.0, 142.0
490, 236.0, 311.0
491, 280.0, 288.0
492, 437.0, 141.0
493, 133.0, 471.0
494, 95.0, 270.0
495, 261.0, 470.0
496, 604.0, 454.0
497, 200.0, 249.0
498, 520.0, 21.0
499, 590.0, 98.0
