0, 206.0, 39.0
1, 236.0, 41.0
2, 222.0, 43.0
3, 274.0, 43.0
4, 307.0, 43.0
5, 325.0, 44.0
6, 347.0, 44.0
7, 452.0, 46.0
8, 223.0, 51.0
9, 275.0, 51.0
10, 116.0, 53.0
11, 208.0, 53.0
12, 307.0, 53.0
13, 324.0, 54.0
14, 344.0, 54.0
15, 164.0, 56.0
16, 137.0, 57.0
17, 197.0, 57.0
18, 117.0, 58.0
19, 142.0, 59.0
20, 158.0, 60.0
21, 175.0, 60.0
22, 198.0, 62.0
23, 239.0, 63.0
24, 224.0, 64.0
25, 211.0, 66.0
26, 340.0, 67.0
27, 288.0, 68.0
28, 276.0, 69.0
29, 145.0, 70.0
30, 172.0, 70.0
31, 321.0, 70.0
32, 211.0, 71.0
33, 308.0, 72.0
34, 239.0, 76.0
35, 227.0, 77.0
36, 279.0, 77.0
37, 122.0, 78.0
38, 130.0, 78.0
39, 245.0, 78.0
40, 449.0, 78.0
41, 212.0, 79.0
42, 359.0, 79.0
43, 199.0, 80.0
44, 188.0, 83.0
45, 136.0, 86.0
46, 170.0, 86.0
47, 242.0, 87.0
48, 743.0, 89.0
49, 447.0, 92.0
50, 230.0, 93.0
51, 247.0, 93.0
52, 215.0, 98.0
53, 138.0, 102.0
54, 166.0, 102.0
55, 194.0, 103.0
56, 294.0, 104.0
57, 385.0, 104.0
58, 411.0, 104.0
59, 367.0, 106.0
60, 739.0, 106.0
61, 348.0, 107.0
62, 309.0, 109.0
63, 194.0, 110.0
64, 246.0, 111.0
65, 321.0, 111.0
66, 239.0, 112.0
67, 295.0, 113.0
68, 734.0, 113.0
69, 194.0, 115.0
70, 264.0, 115.0
71, 384.0, 115.0
72, 144.0, 117.0
73, 444.0, 119.0
74, 132.0, 120.0
75, 733.0, 120.0
76, 237.0, 123.0
77, 200.0, 125.0
78, 399.0, 127.0
79, 410.0, 127.0
80, 382.0, 128.0
81, 185.0, 130.0
82, 255.0, 131.0
83, 266.0, 132.0
84, 245.0, 133.0
85, 154.0, 135.0
86, 209.0, 135.0
87, 172.0, 136.0
88, 136.0, 143.0
89, 173.0, 143.0
90, 191.0, 143.0
91, 211.0, 143.0
92, 160.0, 144.0
93, 168.0, 144.0
94, 219.0, 144.0
95, 382.0, 144.0
96, 441.0, 147.0
97, 397.0, 149.0
98, 441.0, 152.0
99, 104.0, 153.0
100, 720.0, 153.0
101, 715.0, 156.0
102, 380.0, 158.0
103, 404.0, 158.0
104, 224.0, 159.0
105, 689.0, 159.0
106, 423.0, 161.0
107, 394.0, 164.0
108, 412.0, 164.0
109, 708.0, 165.0
110, 137.0, 169.0
111, 132.0, 171.0
112, 406.0, 172.0
113, 424.0, 173.0
114, 412.0, 176.0
115, 743.0, 176.0
116, 394.0, 178.0
117, 101.0, 179.0
118, 437.0, 179.0
119, 192.0, 183.0
120, 227.0, 183.0
121, 395.0, 183.0
122, 114.0, 185.0
123, 89.0, 192.0
124, 103.0, 192.0
125, 144.0, 192.0
126, 131.0, 193.0
127, 141.0, 200.0
128, 432.0, 203.0
129, 151.0, 204.0
130, 109.0, 207.0
131, 726.0, 209.0
132, 443.0, 213.0
133, 477.0, 213.0
134, 407.0, 226.0
135, 321.0, 233.0
136, 291.0, 236.0
137, 196.0, 241.0
138, 492.0, 242.0
139, 504.0, 245.0
140, 291.0, 251.0
141, 648.0, 252.0
142, 632.0, 253.0
143, 547.0, 257.0
144, 641.0, 261.0
145, 626.0, 262.0
146, 637.0, 266.0
147, 272.0, 268.0
148, 650.0, 268.0
149, 629.0, 269.0
150, 614.0, 270.0
151, 636.0, 271.0
152, 569.0, 272.0
153, 155.0, 274.0
154, 659.0, 274.0
155, 644.0, 275.0
156, 25.0, 277.0
157, 159.0, 285.0
158, 636.0, 287.0
159, 661.0, 287.0
160, 625.0, 288.0
161, 161.0, 290.0
162, 507.0, 290.0
163, 703.0, 293.0
164, 378.0, 294.0
165, 369.0, 295.0
166, 708.0, 295.0
167, 11.0, 296.0
168, 719.0, 297.0
169, 36.0, 301.0
170, 16.0, 304.0
171, 663.0, 304.0
172, 668.0, 306.0
173, 500.0, 307.0
174, 690.0, 310.0
175, 240.0, 312.0
176, 467.0, 312.0
177, 479.0, 312.0
178, 385.0, 313.0
179, 220.0, 314.0
180, 359.0, 314.0
181, 614.0, 314.0
182, 619.0, 315.0
183, 189.0, 320.0
184, 503.0, 320.0
185, 22.0, 321.0
186, 241.0, 321.0
187, 359.0, 322.0
188, 382.0, 322.0
189, 481.0, 323.0
190, 669.0, 324.0
191, 357.0, 328.0
192, 368.0, 330.0
193, 193.0, 334.0
194, 455.0, 334.0
195, 231.0, 336.0
196, 165.0, 339.0
197, 476.0, 342.0
198, 491.0, 342.0
199, 114.0, 343.0
200, 671.0, 343.0
201, 598.0, 346.0
202, 440.0, 347.0
203, 323.0, 348.0
204, 465.0, 348.0
205, 85.0, 349.0
206, 294.0, 350.0
207, 452.0, 350.0
208, 496.0, 351.0
209, 486.0, 353.0
210, 467.0, 355.0
211, 422.0, 356.0
212, 458.0, 356.0
213, 192.0, 359.0
214, 468.0, 360.0
215, 683.0, 361.0
216, 106.0, 362.0
217, 415.0, 363.0
218, 89.0, 365.0
219, 452.0, 365.0
220, 76.0, 367.0
221, 441.0, 367.0
222, 63.0, 371.0
223, 332.0, 371.0
224, 250.0, 373.0
225, 289.0, 374.0
226, 319.0, 374.0
227, 294.0, 375.0
228, 45.0, 376.0
229, 84.0, 376.0
230, 369.0, 376.0
231, 233.0, 377.0
232, 275.0, 377.0
233, 253.0, 378.0
234, 410.0, 378.0
235, 78.0, 379.0
236, 221.0, 379.0
237, 24.0, 380.0
238, 46.0, 381.0
239, 73.0, 381.0
240, 226.0, 381.0
241, 337.0, 381.0
242, 58.0, 383.0
243, 92.0, 383.0
244, 257.0, 384.0
245, 201.0, 386.0
246, 360.0, 386.0
247, 371.0, 386.0
248, 427.0, 386.0
249, 42.0, 387.0
250, 132.0, 387.0
251, 184.0, 388.0
252, 178.0, 389.0
253, 238.0, 389.0
254, 315.0, 389.0
255, 173.0, 390.0
256, 297.0, 391.0
257, 135.0, 392.0
258, 168.0, 392.0
259, 378.0, 392.0
260, 159.0, 393.0
261, 226.0, 393.0
262, 18.0, 395.0
263, 147.0, 396.0
264, 111.0, 397.0
265, 267.0, 397.0
266, 320.0, 399.0
267, 68.0, 400.0
268, 127.0, 400.0
269, 673.0, 401.0
270, 109.0, 402.0
271, 122.0, 402.0
272, 258.0, 403.0
273, 281.0, 403.0
274, 309.0, 404.0
275, 393.0, 405.0
276, 271.0, 406.0
277, 673.0, 406.0
278, 380.0, 407.0
279, 93.0, 409.0
280, 165.0, 409.0
281, 289.0, 409.0
282, 152.0, 410.0
283, 75.0, 413.0
284, 202.0, 413.0
285, 263.0, 413.0
286, 165.0, 414.0
287, 224.0, 414.0
288, 272.0, 414.0
289, 61.0, 415.0
290, 36.0, 416.0
291, 180.0, 416.0
292, 73.0, 418.0
293, 259.0, 418.0
294, 16.0, 421.0
295, 381.0, 421.0
296, 71.0, 423.0
297, 82.0, 423.0
298, 671.0, 424.0
299, 207.0, 425.0
300, 283.0, 425.0
301, 93.0, 426.0
302, 44.0, 427.0
303, 147.0, 429.0
304, 174.0, 429.0
305, 671.0, 429.0
306, 31.0, 432.0
307, 205.0, 433.0
308, 161.0, 435.0
309, 159.0, 440.0
310, 42.0, 441.0
311, 170.0, 444.0
312, 346.0, 445.0
313, 48.0, 452.0
314, 98.0, 452.0
315, 123.0, 453.0
316, 390.0, 454.0
317, 95.0, 459.0
318, 668.0, 461.0
319, 35.0, 463.0
320, 94.0, 464.0
321, 12.0, 465.0
322, 75.0, 468.0
323, 56.0, 471.0
324, 291.0, 471.0
325, 388.0, 471.0
