0, 528.0, 8.0
1, 555.0, 8.0
2, 171.0, 9.0
3, 481.0, 11.0
4, 548.0, 11.0
5, 676.0, 11.0
6, 543.0, 13.0
7, 596.0, 18.0
8, 171.0, 20.0
9, 530.0, 20.0
10, 652.0, 23.0
11, 642.0, 25.0
12, 657.0, 25.0
13, 431.0, 28.0
14, 502.0, 28.0
15, 420.0, 29.0
16, 719.0, 29.0
17, 485.0, 32.0
18, 380.0, 34.0
19, 644.0, 34.0
20, 617.0, 36.0
21, 405.0, 37.0
22, 433.0, 39.0
23, 658.0, 40.0
24, 482.0, 41.0
25, 680.0, 42.0
26, 392.0, 43.0
27, 610.0, 45.0
28, 491.0, 46.0
29, 425.0, 47.0
30, 642.0, 47.0
31, 616.0, 48.0
32, 434.0, 49.0
33, 374.0, 50.0
34, 591.0, 53.0
35, 665.0, 54.0
36, 608.0, 55.0
37, 656.0, 58.0
38, 155.0, 59.0
39, 423.0, 60.0
40, 370.0, 61.0
41, 642.0, 61.0
42, 581.0, 62.0
43, 411.0, 66.0
44, 568.0, 66.0
45, 589.0, 66.0
46, 668.0, 67.0
47, 435.0, 68.0
48, 399.0, 71.0
49, 446.0, 71.0
50, 551.0, 71.0
51, 558.0, 73.0
52, 643.0, 73.0
53, 660.0, 73.0
54, 392.0, 74.0
55, 722.0, 74.0
56, 569.0, 76.0
57, 648.0, 77.0
58, 372.0, 78.0
59, 356.0, 79.0
60, 448.0, 80.0
61, 540.0, 80.0
62, 418.0, 82.0
63, 528.0, 83.0
64, 549.0, 84.0
65, 517.0, 85.0
66, 644.0, 87.0
67, 371.0, 89.0
68, 342.0, 90.0
69, 665.0, 90.0
70, 403.0, 92.0
71, 421.0, 92.0
72, 359.0, 93.0
73, 452.0, 93.0
74, 333.0, 94.0
75, 397.0, 94.0
76, 707.0, 94.0
77, 339.0, 95.0
78, 344.0, 95.0
79, 372.0, 96.0
80, 447.0, 96.0
81, 649.0, 96.0
82, 520.0, 98.0
83, 682.0, 98.0
84, 350.0, 99.0
85, 675.0, 101.0
86, 315.0, 102.0
87, 336.0, 102.0
88, 663.0, 104.0
89, 709.0, 104.0
90, 723.0, 105.0
91, 237.0, 106.0
92, 362.0, 106.0
93, 424.0, 106.0
94, 372.0, 107.0
95, 378.0, 107.0
96, 324.0, 109.0
97, 331.0, 109.0
98, 417.0, 109.0
99, 293.0, 110.0
100, 318.0, 110.0
101, 339.0, 110.0
102, 722.0, 110.0
103, 684.0, 111.0
104, 233.0, 112.0
105, 247.0, 112.0
106, 346.0, 112.0
107, 284.0, 113.0
108, 643.0, 114.0
109, 269.0, 115.0
110, 353.0, 116.0
111, 402.0, 116.0
112, 309.0, 117.0
113, 375.0, 117.0
114, 380.0, 117.0
115, 673.0, 117.0
116, 720.0, 117.0
117, 664.0, 119.0
118, 692.0, 119.0
119, 296.0, 120.0
120, 476.0, 120.0
121, 366.0, 121.0
122, 303.0, 122.0
123, 359.0, 122.0
124, 687.0, 122.0
125, 254.0, 125.0
126, 286.0, 125.0
127, 480.0, 126.0
128, 364.0, 127.0
129, 452.0, 127.0
130, 275.0, 129.0
131, 298.0, 130.0
132, 462.0, 130.0
133, 441.0, 131.0
134, 669.0, 132.0
135, 317.0, 133.0
136, 262.0, 135.0
137, 368.0, 135.0
138, 294.0, 137.0
139, 678.0, 137.0
140, 743.0, 137.0
141, 452.0, 138.0
142, 476.0, 139.0
143, 280.0, 140.0
144, 445.0, 140.0
145, 374.0, 141.0
146, 381.0, 142.0
147, 466.0, 143.0
148, 484.0, 143.0
149, 664.0, 144.0
150, 452.0, 145.0
151, 614.0, 145.0
152, 292.0, 146.0
153, 374.0, 147.0
154, 277.0, 148.0
155, 441.0, 149.0
156, 272.0, 151.0
157, 467.0, 151.0
158, 601.0, 151.0
159, 290.0, 152.0
160, 375.0, 152.0
161, 712.0, 155.0
162, 272.0, 157.0
163, 290.0, 157.0
164, 375.0, 157.0
165, 454.0, 158.0
166, 199.0, 159.0
167, 267.0, 159.0
168, 285.0, 160.0
169, 333.0, 162.0
170, 277.0, 163.0
171, 375.0, 163.0
172, 387.0, 163.0
173, 732.0, 163.0
174, 291.0, 164.0
175, 572.0, 164.0
176, 375.0, 168.0
177, 380.0, 168.0
178, 290.0, 169.0
179, 281.0, 174.0
180, 291.0, 174.0
181, 372.0, 176.0
182, 391.0, 176.0
183, 383.0, 180.0
184, 293.0, 182.0
185, 370.0, 183.0
186, 285.0, 185.0
187, 401.0, 188.0
188, 297.0, 189.0
189, 365.0, 191.0
190, 386.0, 191.0
191, 403.0, 193.0
192, 376.0, 195.0
193, 302.0, 196.0
194, 361.0, 199.0
195, 367.0, 199.0
196, 423.0, 200.0
197, 307.0, 201.0
198, 389.0, 202.0
199, 406.0, 202.0
200, 356.0, 203.0
201, 416.0, 203.0
202, 301.0, 205.0
203, 378.0, 205.0
204, 314.0, 206.0
205, 347.0, 208.0
206, 414.0, 208.0
207, 292.0, 209.0
208, 323.0, 209.0
209, 369.0, 209.0
210, 328.0, 210.0
211, 337.0, 211.0
212, 305.0, 215.0
213, 379.0, 215.0
214, 555.0, 216.0
215, 330.0, 217.0
216, 350.0, 217.0
217, 295.0, 219.0
218, 317.0, 221.0
219, 429.0, 222.0
220, 333.0, 225.0
221, 360.0, 225.0
222, 308.0, 226.0
223, 355.0, 227.0
224, 323.0, 229.0
225, 296.0, 232.0
226, 336.0, 236.0
227, 311.0, 237.0
228, 293.0, 239.0
229, 314.0, 244.0
230, 296.0, 251.0
231, 436.0, 255.0
232, 292.0, 261.0
233, 529.0, 270.0
234, 251.0, 280.0
235, 539.0, 284.0
236, 435.0, 288.0
237, 304.0, 293.0
238, 256.0, 294.0
239, 299.0, 298.0
240, 294.0, 301.0
241, 299.0, 312.0
242, 539.0, 316.0
243, 436.0, 318.0
244, 710.0, 324.0
245, 316.0, 329.0
246, 306.0, 334.0
247, 256.0, 336.0
248, 234.0, 337.0
249, 277.0, 344.0
250, 332.0, 344.0
251, 16.0, 345.0
252, 264.0, 347.0
253, 314.0, 353.0
254, 260.0, 356.0
255, 243.0, 365.0
256, 264.0, 365.0
257, 440.0, 365.0
258, 649.0, 365.0
259, 273.0, 374.0
260, 293.0, 381.0
261, 409.0, 381.0
262, 243.0, 388.0
263, 539.0, 398.0
264, 545.0, 414.0
265, 147.0, 417.0
266, 142.0, 419.0
267, 660.0, 427.0
268, 701.0, 429.0
269, 734.0, 430.0
270, 116.0, 432.0
271, 739.0, 433.0
272, 742.0, 438.0
273, 504.0, 439.0
274, 572.0, 440.0
275, 716.0, 452.0
276, 352.0, 455.0
277, 641.0, 455.0
278, 93.0, 462.0
279, 527.0, 469.0
280, 362.0, 471.0
