0, 55.0, 21.0
1, 21.0, 25.0
2, 55.0, 26.0
3, 186.0, 29.0
4, 56.0, 31.0
5, 26.0, 35.0
6, 12.0, 39.0
7, 508.0, 54.0
8, 513.0, 54.0
9, 507.0, 59.0
10, 19.0, 60.0
11, 504.0, 65.0
12, 512.0, 66.0
13, 74.0, 75.0
14, 38.0, 76.0
15, 16.0, 79.0
16, 25.0, 79.0
17, 379.0, 82.0
18, 180.0, 83.0
19, 127.0, 84.0
20, 44.0, 92.0
21, 10.0, 94.0
22, 319.0, 96.0
23, 82.0, 102.0
24, 47.0, 103.0
25, 29.0, 106.0
26, 24.0, 107.0
27, 55.0, 118.0
28, 31.0, 121.0
29, 492.0, 122.0
30, 500.0, 124.0
31, 16.0, 127.0
32, 203.0, 127.0
33, 490.0, 127.0
34, 188.0, 129.0
35, 500.0, 129.0
36, 468.0, 130.0
37, 24.0, 132.0
38, 203.0, 132.0
39, 67.0, 134.0
40, 534.0, 134.0
41, 569.0, 135.0
42, 489.0, 136.0
43, 501.0, 137.0
44, 191.0, 140.0
45, 205.0, 144.0
46, 274.0, 144.0
47, 291.0, 144.0
48, 65.0, 145.0
49, 406.0, 148.0
50, 472.0, 149.0
51, 77.0, 153.0
52, 477.0, 153.0
53, 194.0, 154.0
54, 508.0, 154.0
55, 206.0, 156.0
56, 78.0, 158.0
57, 491.0, 158.0
58, 585.0, 158.0
59, 548.0, 160.0
60, 59.0, 161.0
61, 206.0, 161.0
62, 568.0, 162.0
63, 72.0, 163.0
64, 80.0, 163.0
65, 59.0, 166.0
66, 193.0, 167.0
67, 83.0, 170.0
68, 490.0, 170.0
69, 60.0, 171.0
70, 67.0, 173.0
71, 535.0, 173.0
72, 135.0, 175.0
73, 478.0, 175.0
74, 685.0, 176.0
75, 499.0, 177.0
76, 123.0, 178.0
77, 150.0, 179.0
78, 374.0, 179.0
79, 387.0, 179.0
80, 164.0, 180.0
81, 413.0, 180.0
82, 99.0, 181.0
83, 106.0, 181.0
84, 225.0, 182.0
85, 235.0, 182.0
86, 642.0, 182.0
87, 177.0, 183.0
88, 212.0, 183.0
89, 252.0, 183.0
90, 257.0, 183.0
91, 292.0, 183.0
92, 581.0, 183.0
93, 605.0, 183.0
94, 262.0, 184.0
95, 555.0, 184.0
96, 142.0, 185.0
97, 324.0, 186.0
98, 600.0, 186.0
99, 562.0, 187.0
100, 255.0, 188.0
101, 292.0, 188.0
102, 109.0, 189.0
103, 374.0, 189.0
104, 388.0, 189.0
105, 127.0, 190.0
106, 137.0, 190.0
107, 361.0, 190.0
108, 397.0, 190.0
109, 501.0, 190.0
110, 195.0, 191.0
111, 414.0, 191.0
112, 485.0, 191.0
113, 94.0, 192.0
114, 490.0, 192.0
115, 274.0, 193.0
116, 383.0, 193.0
117, 659.0, 193.0
118, 261.0, 194.0
119, 600.0, 194.0
120, 286.0, 195.0
121, 415.0, 196.0
122, 65.0, 197.0
123, 132.0, 198.0
124, 737.0, 198.0
125, 473.0, 199.0
126, 493.0, 199.0
127, 548.0, 199.0
128, 478.0, 200.0
129, 504.0, 200.0
130, 311.0, 201.0
131, 396.0, 201.0
132, 518.0, 201.0
133, 339.0, 202.0
134, 363.0, 202.0
135, 383.0, 202.0
136, 527.0, 202.0
137, 691.0, 202.0
138, 132.0, 203.0
139, 416.0, 203.0
140, 95.0, 204.0
141, 115.0, 204.0
142, 148.0, 205.0
143, 559.0, 205.0
144, 689.0, 207.0
145, 531.0, 208.0
146, 478.0, 210.0
147, 490.0, 210.0
148, 125.0, 214.0
149, 81.0, 215.0
150, 417.0, 215.0
151, 489.0, 215.0
152, 132.0, 216.0
153, 477.0, 216.0
154, 145.0, 217.0
155, 330.0, 217.0
156, 465.0, 218.0
157, 525.0, 219.0
158, 156.0, 220.0
159, 418.0, 220.0
160, 514.0, 220.0
161, 117.0, 221.0
162, 132.0, 221.0
163, 145.0, 222.0
164, 215.0, 223.0
165, 259.0, 224.0
166, 543.0, 225.0
167, 643.0, 225.0
168, 127.0, 226.0
169, 684.0, 228.0
170, 733.0, 230.0
171, 644.0, 234.0
172, 136.0, 236.0
173, 156.0, 236.0
174, 465.0, 236.0
175, 107.0, 238.0
176, 127.0, 239.0
177, 333.0, 239.0
178, 167.0, 242.0
179, 486.0, 242.0
180, 471.0, 243.0
181, 248.0, 244.0
182, 533.0, 245.0
183, 155.0, 247.0
184, 524.0, 249.0
185, 423.0, 250.0
186, 483.0, 253.0
187, 472.0, 255.0
188, 106.0, 256.0
189, 246.0, 257.0
190, 535.0, 257.0
191, 17.0, 258.0
192, 135.0, 258.0
193, 484.0, 258.0
194, 496.0, 259.0
195, 472.0, 260.0
196, 160.0, 261.0
197, 183.0, 261.0
198, 146.0, 263.0
199, 523.0, 263.0
200, 8.0, 264.0
201, 483.0, 264.0
202, 548.0, 264.0
203, 307.0, 265.0
204, 476.0, 267.0
205, 535.0, 268.0
206, 112.0, 270.0
207, 170.0, 271.0
208, 527.0, 271.0
209, 89.0, 272.0
210, 132.0, 275.0
211, 22.0, 276.0
212, 162.0, 277.0
213, 107.0, 279.0
214, 184.0, 280.0
215, 261.0, 283.0
216, 311.0, 284.0
217, 51.0, 286.0
218, 208.0, 287.0
219, 630.0, 287.0
220, 635.0, 289.0
221, 310.0, 294.0
222, 614.0, 295.0
223, 93.0, 297.0
224, 334.0, 299.0
225, 286.0, 300.0
226, 136.0, 303.0
227, 156.0, 303.0
228, 168.0, 303.0
229, 257.0, 303.0
230, 275.0, 303.0
231, 183.0, 305.0
232, 335.0, 307.0
233, 376.0, 307.0
234, 602.0, 307.0
235, 153.0, 309.0
236, 327.0, 310.0
237, 192.0, 311.0
238, 584.0, 311.0
239, 271.0, 312.0
240, 336.0, 312.0
241, 344.0, 313.0
242, 355.0, 313.0
243, 376.0, 315.0
244, 163.0, 316.0
245, 182.0, 317.0
246, 172.0, 318.0
247, 242.0, 318.0
248, 257.0, 318.0
249, 314.0, 318.0
250, 333.0, 319.0
251, 266.0, 320.0
252, 376.0, 320.0
253, 362.0, 322.0
254, 525.0, 322.0
255, 273.0, 323.0
256, 128.0, 324.0
257, 229.0, 324.0
258, 303.0, 325.0
259, 344.0, 325.0
260, 241.0, 326.0
261, 119.0, 327.0
262, 137.0, 327.0
263, 148.0, 327.0
264, 353.0, 327.0
265, 11.0, 328.0
266, 251.0, 328.0
267, 132.0, 331.0
268, 160.0, 331.0
269, 261.0, 331.0
270, 551.0, 331.0
271, 560.0, 332.0
272, 14.0, 333.0
273, 275.0, 333.0
274, 177.0, 334.0
275, 193.0, 335.0
276, 314.0, 335.0
277, 285.0, 336.0
278, 383.0, 336.0
279, 540.0, 336.0
280, 297.0, 337.0
281, 138.0, 338.0
282, 535.0, 338.0
283, 329.0, 339.0
284, 237.0, 341.0
285, 250.0, 341.0
286, 119.0, 342.0
287, 227.0, 342.0
288, 353.0, 342.0
289, 556.0, 343.0
290, 323.0, 344.0
291, 259.0, 346.0
292, 310.0, 347.0
293, 369.0, 349.0
294, 295.0, 351.0
295, 563.0, 351.0
296, 310.0, 352.0
297, 332.0, 354.0
298, 319.0, 356.0
299, 331.0, 359.0
300, 331.0, 364.0
301, 554.0, 368.0
302, 371.0, 372.0
303, 35.0, 375.0
304, 330.0, 375.0
305, 361.0, 375.0
306, 572.0, 375.0
307, 262.0, 376.0
308, 480.0, 376.0
309, 296.0, 377.0
310, 36.0, 381.0
311, 476.0, 381.0
312, 563.0, 381.0
313, 471.0, 382.0
314, 364.0, 384.0
315, 482.0, 384.0
316, 37.0, 387.0
317, 374.0, 388.0
318, 578.0, 390.0
319, 315.0, 392.0
320, 374.0, 393.0
321, 366.0, 396.0
322, 379.0, 397.0
323, 29.0, 399.0
324, 298.0, 401.0
325, 379.0, 402.0
326, 444.0, 407.0
327, 76.0, 408.0
328, 82.0, 408.0
329, 90.0, 410.0
330, 444.0, 412.0
331, 556.0, 414.0
332, 561.0, 415.0
333, 567.0, 417.0
334, 486.0, 420.0
335, 582.0, 422.0
336, 727.0, 423.0
337, 484.0, 426.0
338, 729.0, 428.0
339, 483.0, 431.0
340, 300.0, 435.0
341, 111.0, 437.0
342, 216.0, 438.0
343, 172.0, 439.0
344, 479.0, 441.0
345, 111.0, 442.0
346, 678.0, 443.0
347, 624.0, 455.0
348, 471.0, 459.0
349, 332.0, 460.0
350, 627.0, 460.0
351, 474.0, 464.0
352, 198.0, 468.0
