0, 734.0, 111.0
1, 55.0, 119.0
2, 743.0, 120.0
3, 120.0, 121.0
4, 40.0, 122.0
5, 68.0, 122.0
6, 115.0, 125.0
7, 107.0, 133.0
8, 74.0, 134.0
9, 91.0, 137.0
10, 57.0, 138.0
11, 26.0, 143.0
12, 426.0, 143.0
13, 218.0, 145.0
14, 426.0, 148.0
15, 108.0, 150.0
16, 218.0, 150.0
17, 78.0, 151.0
18, 93.0, 151.0
19, 135.0, 152.0
20, 426.0, 155.0
21, 64.0, 158.0
22, 95.0, 165.0
23, 111.0, 167.0
24, 79.0, 169.0
25, 687.0, 177.0
26, 696.0, 178.0
27, 70.0, 191.0
28, 699.0, 198.0
29, 691.0, 199.0
30, 116.0, 200.0
31, 629.0, 201.0
32, 99.0, 202.0
33, 543.0, 207.0
34, 522.0, 208.0
35, 128.0, 211.0
36, 502.0, 211.0
37, 693.0, 212.0
38, 87.0, 213.0
39, 544.0, 213.0
40, 522.0, 214.0
41, 14.0, 217.0
42, 44.0, 217.0
43, 74.0, 217.0
44, 624.0, 218.0
45, 89.0, 222.0
46, 550.0, 222.0
47, 720.0, 223.0
48, 397.0, 227.0
49, 497.0, 227.0
50, 360.0, 228.0
51, 623.0, 228.0
52, 669.0, 229.0
53, 737.0, 230.0
54, 497.0, 232.0
55, 314.0, 235.0
56, 120.0, 237.0
57, 401.0, 238.0
58, 337.0, 239.0
59, 385.0, 240.0
60, 680.0, 243.0
61, 351.0, 245.0
62, 343.0, 246.0
63, 666.0, 246.0
64, 336.0, 250.0
65, 385.0, 251.0
66, 393.0, 254.0
67, 344.0, 256.0
68, 381.0, 261.0
69, 337.0, 263.0
70, 358.0, 263.0
71, 375.0, 266.0
72, 69.0, 267.0
73, 394.0, 267.0
74, 82.0, 268.0
75, 386.0, 268.0
76, 134.0, 273.0
77, 361.0, 273.0
78, 366.0, 274.0
79, 385.0, 278.0
80, 664.0, 278.0
81, 677.0, 278.0
82, 410.0, 282.0
83, 134.0, 284.0
84, 355.0, 284.0
85, 370.0, 285.0
86, 380.0, 285.0
87, 398.0, 285.0
88, 348.0, 287.0
89, 419.0, 288.0
90, 353.0, 291.0
91, 360.0, 291.0
92, 374.0, 292.0
93, 404.0, 292.0
94, 98.0, 293.0
95, 302.0, 298.0
96, 86.0, 299.0
97, 411.0, 301.0
98, 417.0, 302.0
99, 27.0, 308.0
100, 404.0, 308.0
101, 101.0, 313.0
102, 414.0, 313.0
103, 658.0, 318.0
104, 126.0, 320.0
105, 358.0, 320.0
106, 672.0, 320.0
107, 367.0, 321.0
108, 657.0, 323.0
109, 410.0, 324.0
110, 93.0, 327.0
111, 105.0, 329.0
112, 361.0, 329.0
113, 368.0, 333.0
114, 399.0, 333.0
115, 31.0, 335.0
116, 94.0, 335.0
117, 129.0, 335.0
118, 358.0, 336.0
119, 161.0, 350.0
120, 359.0, 351.0
121, 156.0, 352.0
122, 650.0, 367.0
123, 651.0, 374.0
124, 370.0, 375.0
125, 662.0, 375.0
126, 360.0, 377.0
127, 648.0, 379.0
128, 147.0, 394.0
129, 164.0, 400.0
130, 29.0, 407.0
131, 697.0, 407.0
132, 69.0, 411.0
133, 626.0, 413.0
134, 644.0, 413.0
135, 709.0, 413.0
136, 720.0, 414.0
137, 119.0, 417.0
138, 644.0, 418.0
139, 104.0, 419.0
140, 658.0, 421.0
141, 643.0, 424.0
142, 397.0, 431.0
143, 115.0, 432.0
144, 380.0, 434.0
145, 361.0, 438.0
146, 356.0, 439.0
147, 351.0, 440.0
148, 489.0, 441.0
149, 108.0, 445.0
150, 168.0, 449.0
151, 72.0, 450.0
152, 123.0, 452.0
153, 480.0, 452.0
154, 402.0, 453.0
155, 167.0, 454.0
156, 416.0, 457.0
157, 399.0, 458.0
158, 356.0, 461.0
159, 448.0, 461.0
160, 488.0, 461.0
161, 124.0, 463.0
162, 440.0, 464.0
163, 474.0, 465.0
164, 113.0, 471.0
165, 397.0, 471.0
166, 403.0, 471.0
167, 413.0, 471.0
168, 491.0, 471.0
