0, 70.0, 15.0
1, 71.0, 20.0
2, 73.0, 34.0
3, 27.0, 52.0
4, 101.0, 52.0
5, 75.0, 53.0
6, 123.0, 53.0
7, 52.0, 54.0
8, 102.0, 57.0
9, 107.0, 66.0
10, 47.0, 69.0
11, 32.0, 73.0
12, 56.0, 76.0
13, 82.0, 79.0
14, 109.0, 80.0
15, 508.0, 84.0
16, 37.0, 89.0
17, 507.0, 89.0
18, 135.0, 90.0
19, 105.0, 91.0
20, 89.0, 92.0
21, 63.0, 94.0
22, 381.0, 98.0
23, 88.0, 103.0
24, 114.0, 104.0
25, 141.0, 104.0
26, 86.0, 111.0
27, 139.0, 111.0
28, 139.0, 116.0
29, 99.0, 117.0
30, 125.0, 117.0
31, 48.0, 119.0
32, 138.0, 121.0
33, 116.0, 126.0
34, 335.0, 127.0
35, 98.0, 128.0
36, 323.0, 128.0
37, 25.0, 131.0
38, 88.0, 132.0
39, 38.0, 133.0
40, 69.0, 134.0
41, 129.0, 136.0
42, 93.0, 139.0
43, 235.0, 144.0
44, 122.0, 147.0
45, 493.0, 148.0
46, 503.0, 148.0
47, 469.0, 151.0
48, 134.0, 152.0
49, 237.0, 154.0
50, 305.0, 156.0
51, 119.0, 159.0
52, 491.0, 159.0
53, 532.0, 159.0
54, 566.0, 161.0
55, 136.0, 162.0
56, 118.0, 164.0
57, 404.0, 165.0
58, 466.0, 167.0
59, 134.0, 169.0
60, 116.0, 170.0
61, 242.0, 172.0
62, 484.0, 172.0
63, 181.0, 175.0
64, 271.0, 175.0
65, 499.0, 175.0
66, 156.0, 176.0
67, 171.0, 177.0
68, 176.0, 177.0
69, 338.0, 178.0
70, 463.0, 179.0
71, 191.0, 180.0
72, 498.0, 180.0
73, 156.0, 181.0
74, 478.0, 181.0
75, 261.0, 183.0
76, 574.0, 184.0
77, 535.0, 185.0
78, 212.0, 186.0
79, 273.0, 186.0
80, 146.0, 187.0
81, 155.0, 187.0
82, 268.0, 187.0
83, 305.0, 187.0
84, 555.0, 188.0
85, 322.0, 190.0
86, 483.0, 190.0
87, 534.0, 191.0
88, 305.0, 192.0
89, 336.0, 192.0
90, 494.0, 194.0
91, 130.0, 195.0
92, 411.0, 195.0
93, 161.0, 196.0
94, 379.0, 196.0
95, 534.0, 196.0
96, 243.0, 197.0
97, 266.0, 197.0
98, 274.0, 197.0
99, 436.0, 197.0
100, 320.0, 198.0
101, 142.0, 199.0
102, 479.0, 199.0
103, 175.0, 200.0
104, 412.0, 200.0
105, 160.0, 201.0
106, 377.0, 201.0
107, 616.0, 201.0
108, 370.0, 204.0
109, 186.0, 205.0
110, 195.0, 205.0
111, 479.0, 206.0
112, 173.0, 207.0
113, 412.0, 208.0
114, 132.0, 209.0
115, 497.0, 210.0
116, 567.0, 210.0
117, 572.0, 210.0
118, 600.0, 210.0
119, 480.0, 211.0
120, 174.0, 212.0
121, 205.0, 212.0
122, 557.0, 212.0
123, 577.0, 212.0
124, 413.0, 213.0
125, 583.0, 213.0
126, 691.0, 213.0
127, 672.0, 214.0
128, 603.0, 215.0
129, 637.0, 215.0
130, 480.0, 216.0
131, 598.0, 216.0
132, 620.0, 216.0
133, 625.0, 216.0
134, 474.0, 217.0
135, 192.0, 218.0
136, 163.0, 219.0
137, 538.0, 219.0
138, 480.0, 221.0
139, 413.0, 222.0
140, 509.0, 222.0
141, 525.0, 224.0
142, 153.0, 226.0
143, 721.0, 226.0
144, 697.0, 227.0
145, 172.0, 228.0
146, 62.0, 229.0
147, 414.0, 229.0
148, 531.0, 230.0
149, 57.0, 232.0
150, 480.0, 232.0
151, 508.0, 232.0
152, 198.0, 233.0
153, 415.0, 234.0
154, 277.0, 236.0
155, 48.0, 237.0
156, 216.0, 237.0
157, 477.0, 237.0
158, 707.0, 238.0
159, 468.0, 239.0
160, 191.0, 240.0
161, 512.0, 242.0
162, 44.0, 243.0
163, 524.0, 243.0
164, 147.0, 244.0
165, 467.0, 244.0
166, 539.0, 246.0
167, 164.0, 247.0
168, 179.0, 248.0
169, 43.0, 249.0
170, 174.0, 249.0
171, 90.0, 251.0
172, 135.0, 252.0
173, 598.0, 254.0
174, 657.0, 254.0
175, 187.0, 256.0
176, 668.0, 256.0
177, 133.0, 257.0
178, 477.0, 258.0
179, 468.0, 259.0
180, 652.0, 259.0
181, 738.0, 259.0
182, 120.0, 261.0
183, 40.0, 262.0
184, 419.0, 262.0
185, 477.0, 263.0
186, 698.0, 263.0
187, 85.0, 264.0
188, 526.0, 264.0
189, 490.0, 265.0
190, 652.0, 266.0
191, 148.0, 267.0
192, 154.0, 267.0
193, 143.0, 268.0
194, 467.0, 269.0
195, 518.0, 269.0
196, 172.0, 270.0
197, 475.0, 273.0
198, 164.0, 275.0
199, 120.0, 277.0
200, 475.0, 278.0
201, 526.0, 279.0
202, 490.0, 280.0
203, 184.0, 281.0
204, 470.0, 281.0
205, 516.0, 281.0
206, 21.0, 283.0
207, 136.0, 283.0
208, 299.0, 283.0
209, 252.0, 284.0
210, 144.0, 285.0
211, 279.0, 288.0
212, 329.0, 289.0
213, 524.0, 289.0
214, 159.0, 292.0
215, 170.0, 292.0
216, 310.0, 292.0
217, 254.0, 293.0
218, 264.0, 293.0
219, 182.0, 294.0
220, 294.0, 294.0
221, 243.0, 296.0
222, 276.0, 297.0
223, 338.0, 299.0
224, 258.0, 303.0
225, 306.0, 304.0
226, 209.0, 305.0
227, 268.0, 306.0
228, 230.0, 307.0
229, 256.0, 308.0
230, 283.0, 311.0
231, 261.0, 312.0
232, 292.0, 312.0
233, 255.0, 314.0
234, 266.0, 315.0
235, 303.0, 316.0
236, 622.0, 316.0
237, 273.0, 318.0
238, 283.0, 319.0
239, 312.0, 320.0
240, 591.0, 321.0
241, 73.0, 322.0
242, 73.0, 327.0
243, 267.0, 328.0
244, 280.0, 329.0
245, 73.0, 332.0
246, 334.0, 335.0
247, 542.0, 338.0
248, 281.0, 339.0
249, 310.0, 342.0
250, 522.0, 343.0
251, 514.0, 350.0
252, 108.0, 353.0
253, 269.0, 354.0
254, 520.0, 357.0
255, 306.0, 359.0
256, 712.0, 360.0
257, 283.0, 361.0
258, 491.0, 363.0
259, 307.0, 368.0
260, 469.0, 369.0
261, 306.0, 373.0
262, 536.0, 374.0
263, 519.0, 381.0
264, 711.0, 382.0
265, 439.0, 383.0
266, 128.0, 385.0
267, 125.0, 390.0
268, 406.0, 396.0
269, 682.0, 401.0
270, 166.0, 403.0
271, 538.0, 405.0
272, 540.0, 410.0
273, 578.0, 413.0
274, 287.0, 419.0
275, 434.0, 420.0
276, 203.0, 424.0
277, 599.0, 424.0
278, 649.0, 425.0
279, 569.0, 427.0
280, 549.0, 430.0
281, 219.0, 432.0
282, 415.0, 435.0
283, 534.0, 435.0
284, 229.0, 437.0
285, 131.0, 439.0
286, 416.0, 440.0
287, 615.0, 440.0
288, 566.0, 442.0
289, 708.0, 442.0
290, 341.0, 445.0
291, 615.0, 445.0
292, 249.0, 447.0
293, 537.0, 447.0
294, 420.0, 448.0
295, 655.0, 448.0
296, 122.0, 457.0
297, 540.0, 458.0
298, 282.0, 463.0
299, 246.0, 464.0
300, 660.0, 466.0
301, 573.0, 467.0
302, 661.0, 471.0
