0, 232.0, 8.0
1, 340.0, 11.0
2, 229.0, 21.0
3, 344.0, 22.0
4, 384.0, 22.0
5, 675.0, 23.0
6, 332.0, 24.0
7, 334.0, 34.0
8, 228.0, 36.0
9, 339.0, 52.0
10, 327.0, 53.0
11, 226.0, 54.0
12, 225.0, 77.0
13, 192.0, 82.0
14, 222.0, 92.0
15, 205.0, 99.0
16, 194.0, 102.0
17, 223.0, 107.0
18, 207.0, 113.0
19, 194.0, 114.0
20, 219.0, 116.0
21, 188.0, 124.0
22, 171.0, 125.0
23, 219.0, 125.0
24, 173.0, 135.0
25, 188.0, 135.0
26, 201.0, 137.0
27, 228.0, 139.0
28, 234.0, 139.0
29, 221.0, 141.0
30, 289.0, 144.0
31, 301.0, 145.0
32, 208.0, 155.0
33, 42.0, 157.0
34, 186.0, 157.0
35, 26.0, 161.0
36, 43.0, 172.0
37, 193.0, 176.0
38, 202.0, 178.0
39, 13.0, 181.0
40, 209.0, 184.0
41, 43.0, 185.0
42, 8.0, 187.0
43, 142.0, 189.0
44, 154.0, 190.0
45, 53.0, 192.0
46, 62.0, 193.0
47, 167.0, 193.0
48, 226.0, 193.0
49, 141.0, 194.0
50, 283.0, 195.0
51, 191.0, 196.0
52, 205.0, 196.0
53, 328.0, 198.0
54, 585.0, 198.0
55, 140.0, 199.0
56, 216.0, 199.0
57, 294.0, 201.0
58, 164.0, 202.0
59, 148.0, 204.0
60, 156.0, 205.0
61, 189.0, 207.0
62, 216.0, 210.0
63, 227.0, 211.0
64, 246.0, 215.0
65, 180.0, 220.0
66, 577.0, 221.0
67, 139.0, 226.0
68, 194.0, 231.0
69, 176.0, 235.0
70, 149.0, 237.0
71, 278.0, 237.0
72, 141.0, 238.0
73, 272.0, 243.0
74, 243.0, 246.0
75, 132.0, 248.0
76, 252.0, 248.0
77, 152.0, 249.0
78, 174.0, 251.0
79, 191.0, 253.0
80, 338.0, 253.0
81, 217.0, 255.0
82, 251.0, 256.0
83, 242.0, 257.0
84, 564.0, 257.0
85, 261.0, 260.0
86, 574.0, 265.0
87, 130.0, 267.0
88, 270.0, 267.0
89, 276.0, 276.0
90, 261.0, 278.0
91, 284.0, 278.0
92, 268.0, 281.0
93, 273.0, 286.0
94, 259.0, 296.0
95, 281.0, 296.0
96, 300.0, 296.0
97, 270.0, 297.0
98, 295.0, 297.0
99, 290.0, 298.0
100, 333.0, 299.0
101, 324.0, 301.0
102, 261.0, 312.0
103, 341.0, 325.0
104, 264.0, 327.0
105, 334.0, 327.0
106, 348.0, 327.0
107, 290.0, 328.0
108, 310.0, 328.0
109, 649.0, 341.0
110, 317.0, 344.0
111, 329.0, 346.0
112, 364.0, 359.0
113, 329.0, 361.0
114, 338.0, 362.0
115, 307.0, 363.0
116, 400.0, 363.0
117, 315.0, 364.0
118, 276.0, 368.0
119, 256.0, 369.0
120, 208.0, 391.0
121, 252.0, 392.0
122, 282.0, 393.0
123, 30.0, 400.0
124, 426.0, 401.0
125, 391.0, 403.0
126, 286.0, 408.0
127, 370.0, 408.0
128, 349.0, 411.0
129, 290.0, 420.0
130, 371.0, 424.0
131, 358.0, 430.0
132, 416.0, 431.0
133, 265.0, 432.0
134, 253.0, 434.0
135, 274.0, 435.0
136, 246.0, 438.0
137, 325.0, 438.0
138, 330.0, 438.0
139, 351.0, 438.0
140, 281.0, 440.0
141, 336.0, 440.0
142, 374.0, 440.0
143, 277.0, 445.0
144, 362.0, 448.0
145, 351.0, 450.0
146, 271.0, 451.0
147, 337.0, 451.0
148, 371.0, 453.0
149, 354.0, 455.0
150, 244.0, 459.0
151, 273.0, 460.0
152, 334.0, 462.0
153, 351.0, 462.0
154, 364.0, 465.0
155, 335.0, 470.0
