0, 368.0, 8.0
1, 379.0, 8.0
2, 379.0, 20.0
3, 344.0, 23.0
4, 517.0, 23.0
5, 532.0, 24.0
6, 515.0, 29.0
7, 514.0, 34.0
8, 378.0, 36.0
9, 537.0, 38.0
10, 238.0, 39.0
11, 248.0, 40.0
12, 253.0, 41.0
13, 258.0, 41.0
14, 376.0, 44.0
15, 216.0, 45.0
16, 211.0, 47.0
17, 234.0, 47.0
18, 244.0, 50.0
19, 314.0, 51.0
20, 673.0, 51.0
21, 258.0, 52.0
22, 115.0, 54.0
23, 345.0, 54.0
24, 363.0, 54.0
25, 61.0, 55.0
26, 272.0, 55.0
27, 707.0, 55.0
28, 712.0, 55.0
29, 286.0, 56.0
30, 717.0, 56.0
31, 739.0, 57.0
32, 375.0, 58.0
33, 312.0, 59.0
34, 549.0, 66.0
35, 710.0, 67.0
36, 40.0, 70.0
37, 126.0, 71.0
38, 573.0, 72.0
39, 599.0, 72.0
40, 604.0, 73.0
41, 611.0, 73.0
42, 23.0, 74.0
43, 648.0, 75.0
44, 107.0, 76.0
45, 618.0, 76.0
46, 24.0, 79.0
47, 588.0, 79.0
48, 709.0, 79.0
49, 678.0, 81.0
50, 694.0, 82.0
51, 50.0, 84.0
52, 38.0, 85.0
53, 571.0, 85.0
54, 554.0, 88.0
55, 613.0, 88.0
56, 125.0, 89.0
57, 110.0, 90.0
58, 23.0, 92.0
59, 560.0, 93.0
60, 616.0, 93.0
61, 697.0, 96.0
62, 638.0, 97.0
63, 681.0, 97.0
64, 45.0, 99.0
65, 622.0, 99.0
66, 657.0, 99.0
67, 710.0, 99.0
68, 112.0, 104.0
69, 101.0, 105.0
70, 69.0, 109.0
71, 551.0, 109.0
72, 619.0, 110.0
73, 126.0, 111.0
74, 35.0, 112.0
75, 81.0, 112.0
76, 121.0, 115.0
77, 109.0, 117.0
78, 671.0, 117.0
79, 697.0, 119.0
80, 617.0, 121.0
81, 81.0, 125.0
82, 93.0, 125.0
83, 629.0, 125.0
84, 114.0, 127.0
85, 613.0, 128.0
86, 147.0, 129.0
87, 548.0, 132.0
88, 159.0, 133.0
89, 133.0, 135.0
90, 609.0, 136.0
91, 101.0, 138.0
92, 115.0, 138.0
93, 677.0, 139.0
94, 688.0, 140.0
95, 603.0, 141.0
96, 161.0, 142.0
97, 75.0, 143.0
98, 146.0, 143.0
99, 141.0, 145.0
100, 596.0, 145.0
101, 609.0, 147.0
102, 712.0, 147.0
103, 109.0, 148.0
104, 56.0, 150.0
105, 84.0, 150.0
106, 690.0, 151.0
107, 712.0, 152.0
108, 160.0, 154.0
109, 567.0, 154.0
110, 664.0, 154.0
111, 55.0, 155.0
112, 151.0, 155.0
113, 521.0, 156.0
114, 553.0, 157.0
115, 71.0, 160.0
116, 568.0, 160.0
117, 57.0, 163.0
118, 584.0, 163.0
119, 490.0, 165.0
120, 591.0, 165.0
121, 670.0, 166.0
122, 76.0, 168.0
123, 156.0, 168.0
124, 683.0, 168.0
125, 615.0, 170.0
126, 702.0, 170.0
127, 149.0, 175.0
128, 512.0, 175.0
129, 625.0, 176.0
130, 68.0, 178.0
131, 88.0, 180.0
132, 153.0, 182.0
133, 144.0, 183.0
134, 476.0, 185.0
135, 505.0, 185.0
136, 115.0, 186.0
137, 367.0, 186.0
138, 101.0, 188.0
139, 514.0, 188.0
140, 95.0, 196.0
141, 147.0, 196.0
142, 460.0, 198.0
143, 118.0, 199.0
144, 338.0, 206.0
145, 333.0, 207.0
146, 509.0, 207.0
147, 107.0, 209.0
148, 505.0, 212.0
149, 332.0, 213.0
150, 470.0, 213.0
151, 115.0, 216.0
152, 611.0, 219.0
153, 98.0, 220.0
154, 511.0, 220.0
155, 111.0, 221.0
156, 495.0, 224.0
157, 480.0, 228.0
158, 110.0, 261.0
159, 105.0, 265.0
160, 111.0, 266.0
161, 340.0, 271.0
162, 236.0, 279.0
163, 364.0, 279.0
164, 237.0, 287.0
165, 467.0, 289.0
166, 483.0, 290.0
167, 242.0, 293.0
168, 361.0, 298.0
169, 166.0, 305.0
170, 280.0, 306.0
171, 478.0, 309.0
172, 231.0, 311.0
173, 281.0, 311.0
174, 213.0, 312.0
175, 338.0, 312.0
176, 295.0, 316.0
177, 176.0, 318.0
178, 187.0, 319.0
179, 222.0, 321.0
180, 517.0, 321.0
181, 129.0, 326.0
182, 296.0, 327.0
183, 197.0, 329.0
184, 173.0, 330.0
185, 619.0, 330.0
186, 184.0, 334.0
187, 132.0, 342.0
188, 188.0, 342.0
189, 284.0, 342.0
190, 138.0, 343.0
191, 107.0, 344.0
192, 178.0, 344.0
193, 126.0, 350.0
194, 266.0, 352.0
195, 129.0, 355.0
196, 519.0, 355.0
197, 294.0, 357.0
198, 193.0, 359.0
199, 270.0, 360.0
200, 177.0, 361.0
201, 555.0, 361.0
202, 229.0, 364.0
203, 490.0, 365.0
204, 150.0, 367.0
205, 145.0, 369.0
206, 262.0, 369.0
207, 488.0, 370.0
208, 283.0, 371.0
209, 249.0, 373.0
210, 293.0, 373.0
211, 144.0, 374.0
212, 189.0, 376.0
213, 562.0, 376.0
214, 510.0, 377.0
215, 523.0, 378.0
216, 571.0, 378.0
217, 532.0, 379.0
218, 167.0, 381.0
219, 270.0, 381.0
220, 185.0, 385.0
221, 148.0, 386.0
222, 484.0, 386.0
223, 463.0, 388.0
224, 537.0, 388.0
225, 265.0, 389.0
226, 142.0, 390.0
227, 166.0, 390.0
228, 478.0, 390.0
229, 508.0, 390.0
230, 631.0, 394.0
231, 203.0, 396.0
232, 583.0, 397.0
233, 488.0, 398.0
234, 198.0, 400.0
235, 153.0, 402.0
236, 530.0, 402.0
237, 563.0, 402.0
238, 518.0, 404.0
239, 459.0, 405.0
240, 544.0, 405.0
241, 624.0, 406.0
242, 477.0, 407.0
243, 491.0, 407.0
244, 146.0, 408.0
245, 501.0, 408.0
246, 196.0, 409.0
247, 223.0, 410.0
248, 512.0, 412.0
249, 156.0, 414.0
250, 532.0, 414.0
251, 174.0, 415.0
252, 247.0, 417.0
253, 495.0, 419.0
254, 149.0, 421.0
255, 454.0, 421.0
256, 509.0, 421.0
257, 521.0, 422.0
258, 475.0, 423.0
259, 537.0, 425.0
260, 570.0, 426.0
261, 557.0, 428.0
262, 504.0, 429.0
263, 619.0, 431.0
264, 93.0, 432.0
265, 154.0, 433.0
266, 563.0, 436.0
267, 166.0, 437.0
268, 544.0, 437.0
269, 575.0, 439.0
270, 499.0, 440.0
271, 116.0, 441.0
272, 145.0, 445.0
273, 491.0, 448.0
274, 314.0, 452.0
275, 569.0, 459.0
276, 522.0, 460.0
277, 527.0, 460.0
278, 546.0, 462.0
279, 147.0, 463.0
280, 565.0, 467.0
281, 583.0, 467.0
282, 144.0, 468.0
283, 632.0, 470.0
284, 173.0, 471.0
285, 444.0, 471.0
