0, 378.0, 17.0
1, 331.0, 19.0
2, 348.0, 19.0
3, 306.0, 20.0
4, 405.0, 25.0
5, 269.0, 46.0
6, 551.0, 50.0
7, 556.0, 50.0
8, 561.0, 50.0
9, 379.0, 59.0
10, 379.0, 64.0
11, 379.0, 69.0
12, 310.0, 88.0
13, 379.0, 88.0
14, 78.0, 91.0
15, 79.0, 96.0
16, 417.0, 99.0
17, 109.0, 100.0
18, 401.0, 103.0
19, 379.0, 104.0
20, 514.0, 109.0
21, 378.0, 110.0
22, 310.0, 112.0
23, 378.0, 116.0
24, 453.0, 117.0
25, 58.0, 120.0
26, 102.0, 120.0
27, 175.0, 120.0
28, 80.0, 121.0
29, 140.0, 121.0
30, 200.0, 123.0
31, 262.0, 123.0
32, 250.0, 124.0
33, 239.0, 125.0
34, 270.0, 125.0
35, 192.0, 127.0
36, 83.0, 131.0
37, 103.0, 131.0
38, 167.0, 132.0
39, 119.0, 133.0
40, 194.0, 133.0
41, 250.0, 133.0
42, 180.0, 134.0
43, 280.0, 135.0
44, 311.0, 135.0
45, 379.0, 136.0
46, 400.0, 137.0
47, 418.0, 138.0
48, 448.0, 138.0
49, 469.0, 139.0
50, 482.0, 140.0
51, 487.0, 140.0
52, 509.0, 140.0
53, 529.0, 141.0
54, 534.0, 141.0
55, 546.0, 141.0
56, 569.0, 143.0
57, 192.0, 144.0
58, 338.0, 144.0
59, 110.0, 145.0
60, 264.0, 145.0
61, 381.0, 146.0
62, 490.0, 148.0
63, 743.0, 148.0
64, 229.0, 149.0
65, 247.0, 149.0
66, 414.0, 150.0
67, 509.0, 150.0
68, 519.0, 150.0
69, 256.0, 152.0
70, 366.0, 152.0
71, 388.0, 152.0
72, 398.0, 153.0
73, 304.0, 154.0
74, 630.0, 156.0
75, 542.0, 157.0
76, 335.0, 158.0
77, 350.0, 159.0
78, 447.0, 159.0
79, 579.0, 159.0
80, 475.0, 160.0
81, 566.0, 160.0
82, 596.0, 160.0
83, 611.0, 160.0
84, 407.0, 161.0
85, 714.0, 161.0
86, 230.0, 162.0
87, 664.0, 162.0
88, 377.0, 164.0
89, 550.0, 164.0
90, 658.0, 165.0
91, 399.0, 166.0
92, 416.0, 167.0
93, 421.0, 167.0
94, 426.0, 167.0
95, 617.0, 167.0
96, 679.0, 168.0
97, 696.0, 168.0
98, 326.0, 169.0
99, 457.0, 169.0
100, 556.0, 169.0
101, 474.0, 170.0
102, 743.0, 170.0
103, 492.0, 173.0
104, 507.0, 173.0
105, 282.0, 174.0
106, 542.0, 174.0
107, 304.0, 176.0
108, 338.0, 176.0
109, 725.0, 176.0
110, 567.0, 179.0
111, 572.0, 179.0
112, 8.0, 180.0
113, 270.0, 180.0
114, 557.0, 181.0
115, 627.0, 183.0
116, 735.0, 183.0
117, 638.0, 184.0
118, 726.0, 184.0
119, 302.0, 185.0
120, 658.0, 185.0
121, 713.0, 185.0
122, 316.0, 188.0
123, 399.0, 189.0
124, 728.0, 189.0
125, 342.0, 191.0
126, 541.0, 191.0
127, 318.0, 202.0
128, 95.0, 204.0
129, 363.0, 207.0
130, 321.0, 212.0
131, 62.0, 220.0
132, 223.0, 235.0
133, 85.0, 237.0
134, 230.0, 247.0
135, 17.0, 259.0
136, 527.0, 276.0
137, 707.0, 281.0
138, 548.0, 285.0
139, 631.0, 286.0
140, 129.0, 289.0
141, 56.0, 294.0
142, 123.0, 295.0
143, 138.0, 298.0
144, 337.0, 303.0
145, 108.0, 313.0
146, 48.0, 317.0
147, 514.0, 317.0
148, 172.0, 329.0
149, 543.0, 332.0
150, 79.0, 333.0
151, 158.0, 337.0
152, 191.0, 346.0
153, 137.0, 348.0
154, 26.0, 350.0
155, 148.0, 350.0
156, 129.0, 359.0
157, 145.0, 361.0
158, 179.0, 363.0
159, 239.0, 365.0
160, 120.0, 373.0
161, 138.0, 373.0
162, 55.0, 375.0
163, 224.0, 376.0
164, 76.0, 378.0
165, 211.0, 378.0
166, 154.0, 380.0
167, 164.0, 381.0
168, 86.0, 383.0
169, 235.0, 389.0
170, 17.0, 390.0
171, 152.0, 392.0
172, 43.0, 397.0
173, 103.0, 399.0
174, 734.0, 401.0
175, 35.0, 402.0
176, 716.0, 403.0
177, 15.0, 404.0
178, 552.0, 407.0
179, 234.0, 422.0
180, 243.0, 423.0
181, 87.0, 426.0
182, 16.0, 435.0
183, 81.0, 436.0
184, 144.0, 437.0
185, 48.0, 439.0
186, 94.0, 440.0
187, 15.0, 447.0
188, 57.0, 447.0
189, 112.0, 457.0
190, 199.0, 457.0
191, 92.0, 459.0
192, 30.0, 463.0
193, 718.0, 463.0
194, 195.0, 466.0
195, 390.0, 471.0
