0, 314.0, 8.0
1, 334.0, 8.0
2, 14.0, 16.0
3, 16.0, 35.0
4, 18.0, 40.0
5, 654.0, 43.0
6, 19.0, 46.0
7, 671.0, 52.0
8, 324.0, 53.0
9, 131.0, 55.0
10, 19.0, 57.0
11, 180.0, 67.0
12, 665.0, 73.0
13, 95.0, 75.0
14, 19.0, 78.0
15, 72.0, 78.0
16, 33.0, 87.0
17, 124.0, 89.0
18, 170.0, 89.0
19, 182.0, 89.0
20, 198.0, 90.0
21, 21.0, 91.0
22, 48.0, 91.0
23, 41.0, 94.0
24, 23.0, 101.0
25, 50.0, 101.0
26, 287.0, 103.0
27, 35.0, 104.0
28, 662.0, 110.0
29, 132.0, 111.0
30, 50.0, 115.0
31, 29.0, 116.0
32, 40.0, 116.0
33, 171.0, 116.0
34, 457.0, 117.0
35, 184.0, 118.0
36, 82.0, 125.0
37, 9.0, 126.0
38, 126.0, 133.0
39, 103.0, 135.0
40, 172.0, 135.0
41, 495.0, 135.0
42, 11.0, 136.0
43, 20.0, 136.0
44, 84.0, 140.0
45, 23.0, 143.0
46, 84.0, 145.0
47, 638.0, 145.0
48, 464.0, 147.0
49, 65.0, 149.0
50, 51.0, 150.0
51, 81.0, 150.0
52, 36.0, 151.0
53, 25.0, 152.0
54, 283.0, 154.0
55, 294.0, 154.0
56, 386.0, 161.0
57, 269.0, 162.0
58, 67.0, 169.0
59, 56.0, 171.0
60, 50.0, 172.0
61, 197.0, 173.0
62, 619.0, 173.0
63, 249.0, 174.0
64, 449.0, 176.0
65, 458.0, 177.0
66, 119.0, 178.0
67, 516.0, 180.0
68, 175.0, 181.0
69, 188.0, 181.0
70, 488.0, 181.0
71, 449.0, 182.0
72, 58.0, 183.0
73, 69.0, 183.0
74, 521.0, 183.0
75, 365.0, 184.0
76, 425.0, 184.0
77, 526.0, 184.0
78, 262.0, 185.0
79, 438.0, 185.0
80, 443.0, 185.0
81, 458.0, 185.0
82, 647.0, 186.0
83, 40.0, 187.0
84, 89.0, 187.0
85, 493.0, 187.0
86, 71.0, 188.0
87, 512.0, 188.0
88, 60.0, 189.0
89, 49.0, 192.0
90, 32.0, 195.0
91, 223.0, 195.0
92, 40.0, 196.0
93, 218.0, 196.0
94, 247.0, 197.0
95, 188.0, 198.0
96, 295.0, 198.0
97, 647.0, 198.0
98, 177.0, 199.0
99, 234.0, 199.0
100, 266.0, 199.0
101, 342.0, 199.0
102, 311.0, 200.0
103, 52.0, 203.0
104, 188.0, 203.0
105, 333.0, 203.0
106, 73.0, 204.0
107, 328.0, 204.0
108, 512.0, 204.0
109, 523.0, 205.0
110, 86.0, 209.0
111, 91.0, 209.0
112, 161.0, 211.0
113, 442.0, 214.0
114, 457.0, 215.0
115, 190.0, 217.0
116, 492.0, 217.0
117, 500.0, 217.0
118, 159.0, 219.0
119, 717.0, 219.0
120, 133.0, 220.0
121, 110.0, 223.0
122, 124.0, 223.0
123, 441.0, 223.0
124, 494.0, 223.0
125, 499.0, 223.0
126, 642.0, 223.0
127, 345.0, 224.0
128, 442.0, 228.0
129, 500.0, 228.0
130, 15.0, 229.0
131, 96.0, 229.0
132, 509.0, 230.0
133, 598.0, 230.0
134, 618.0, 230.0
135, 731.0, 230.0
136, 39.0, 231.0
137, 118.0, 231.0
138, 131.0, 231.0
139, 564.0, 231.0
140, 246.0, 232.0
141, 740.0, 232.0
142, 78.0, 233.0
143, 189.0, 233.0
144, 376.0, 233.0
145, 399.0, 233.0
146, 404.0, 233.0
147, 534.0, 233.0
148, 553.0, 233.0
149, 558.0, 233.0
150, 584.0, 233.0
151, 60.0, 234.0
152, 65.0, 234.0
153, 466.0, 234.0
154, 478.0, 234.0
155, 520.0, 234.0
156, 282.0, 235.0
157, 488.0, 235.0
158, 608.0, 235.0
159, 143.0, 236.0
160, 496.0, 236.0
161, 613.0, 236.0
162, 686.0, 236.0
163, 719.0, 236.0
164, 273.0, 237.0
165, 631.0, 237.0
166, 100.0, 238.0
167, 655.0, 238.0
168, 711.0, 238.0
169, 456.0, 239.0
170, 285.0, 240.0
171, 26.0, 241.0
172, 79.0, 241.0
173, 664.0, 241.0
174, 677.0, 241.0
175, 195.0, 242.0
176, 214.0, 243.0
177, 243.0, 243.0
178, 251.0, 243.0
179, 642.0, 243.0
180, 741.0, 244.0
181, 38.0, 247.0
182, 68.0, 247.0
183, 260.0, 247.0
184, 719.0, 247.0
185, 54.0, 248.0
186, 225.0, 248.0
187, 238.0, 248.0
188, 276.0, 249.0
189, 662.0, 249.0
190, 379.0, 250.0
191, 698.0, 250.0
192, 129.0, 251.0
193, 416.0, 251.0
194, 464.0, 251.0
195, 140.0, 252.0
196, 712.0, 252.0
197, 443.0, 253.0
198, 486.0, 253.0
199, 689.0, 253.0
200, 166.0, 254.0
201, 707.0, 254.0
202, 197.0, 255.0
203, 210.0, 255.0
204, 494.0, 255.0
205, 627.0, 255.0
206, 219.0, 256.0
207, 230.0, 256.0
208, 265.0, 256.0
209, 653.0, 256.0
210, 68.0, 258.0
211, 282.0, 259.0
212, 296.0, 259.0
213, 471.0, 260.0
214, 476.0, 260.0
215, 486.0, 260.0
216, 40.0, 261.0
217, 381.0, 261.0
218, 687.0, 262.0
219, 136.0, 263.0
220, 262.0, 263.0
221, 442.0, 264.0
222, 735.0, 264.0
223, 229.0, 266.0
224, 244.0, 266.0
225, 382.0, 266.0
226, 210.0, 267.0
227, 217.0, 268.0
228, 257.0, 268.0
229, 502.0, 268.0
230, 650.0, 268.0
231, 743.0, 268.0
232, 197.0, 269.0
233, 262.0, 269.0
234, 625.0, 269.0
235, 430.0, 270.0
236, 529.0, 270.0
237, 534.0, 271.0
238, 595.0, 271.0
239, 660.0, 271.0
240, 685.0, 271.0
241, 704.0, 271.0
242, 131.0, 272.0
243, 493.0, 272.0
244, 255.0, 273.0
245, 287.0, 273.0
246, 198.0, 274.0
247, 243.0, 274.0
248, 267.0, 274.0
249, 445.0, 274.0
250, 106.0, 275.0
251, 609.0, 275.0
252, 652.0, 275.0
253, 74.0, 276.0
254, 210.0, 276.0
255, 215.0, 276.0
256, 228.0, 276.0
257, 724.0, 276.0
258, 164.0, 277.0
259, 297.0, 277.0
260, 494.0, 277.0
261, 701.0, 278.0
262, 198.0, 279.0
263, 610.0, 280.0
264, 266.0, 281.0
265, 455.0, 282.0
266, 433.0, 283.0
267, 443.0, 283.0
268, 281.0, 284.0
269, 741.0, 284.0
270, 216.0, 286.0
271, 497.0, 286.0
272, 80.0, 288.0
273, 294.0, 288.0
274, 484.0, 288.0
275, 228.0, 289.0
276, 386.0, 289.0
277, 271.0, 292.0
278, 525.0, 293.0
279, 728.0, 295.0
280, 260.0, 296.0
281, 435.0, 297.0
282, 445.0, 297.0
283, 459.0, 297.0
284, 213.0, 298.0
285, 167.0, 299.0
286, 489.0, 302.0
287, 515.0, 302.0
288, 275.0, 303.0
289, 262.0, 304.0
290, 113.0, 306.0
291, 89.0, 309.0
292, 229.0, 309.0
293, 268.0, 309.0
294, 258.0, 311.0
295, 197.0, 312.0
296, 594.0, 314.0
297, 39.0, 319.0
298, 456.0, 319.0
299, 574.0, 319.0
300, 263.0, 324.0
301, 199.0, 326.0
302, 548.0, 329.0
303, 612.0, 329.0
304, 231.0, 330.0
305, 543.0, 331.0
306, 531.0, 336.0
307, 652.0, 337.0
308, 230.0, 341.0
309, 514.0, 342.0
310, 114.0, 343.0
311, 142.0, 343.0
312, 501.0, 346.0
313, 480.0, 348.0
314, 523.0, 351.0
315, 686.0, 351.0
316, 508.0, 352.0
317, 710.0, 352.0
318, 729.0, 352.0
319, 231.0, 353.0
320, 263.0, 354.0
321, 140.0, 355.0
322, 740.0, 355.0
323, 659.0, 356.0
324, 445.0, 359.0
325, 476.0, 360.0
326, 440.0, 361.0
327, 266.0, 362.0
328, 499.0, 364.0
329, 738.0, 364.0
330, 68.0, 367.0
331, 118.0, 367.0
332, 11.0, 368.0
333, 230.0, 370.0
334, 419.0, 370.0
335, 413.0, 372.0
336, 520.0, 372.0
337, 565.0, 373.0
338, 408.0, 375.0
339, 679.0, 375.0
340, 421.0, 377.0
341, 508.0, 377.0
342, 739.0, 377.0
343, 72.0, 379.0
344, 200.0, 379.0
345, 703.0, 379.0
346, 144.0, 381.0
347, 521.0, 381.0
348, 705.0, 384.0
349, 231.0, 385.0
350, 579.0, 385.0
351, 90.0, 387.0
352, 617.0, 387.0
353, 68.0, 389.0
354, 47.0, 391.0
355, 399.0, 392.0
356, 533.0, 392.0
357, 201.0, 394.0
358, 408.0, 394.0
359, 378.0, 395.0
360, 595.0, 395.0
361, 716.0, 395.0
362, 8.0, 396.0
363, 262.0, 398.0
364, 377.0, 400.0
365, 419.0, 400.0
366, 736.0, 400.0
367, 610.0, 403.0
368, 695.0, 404.0
369, 711.0, 404.0
370, 201.0, 405.0
371, 406.0, 407.0
372, 271.0, 413.0
373, 564.0, 413.0
374, 416.0, 414.0
375, 230.0, 415.0
376, 618.0, 415.0
377, 693.0, 416.0
378, 19.0, 417.0
379, 686.0, 417.0
380, 75.0, 422.0
381, 568.0, 422.0
382, 174.0, 424.0
383, 555.0, 424.0
384, 675.0, 424.0
385, 270.0, 427.0
386, 387.0, 427.0
387, 609.0, 427.0
388, 630.0, 427.0
389, 260.0, 429.0
390, 562.0, 431.0
391, 575.0, 431.0
392, 170.0, 432.0
393, 593.0, 432.0
394, 407.0, 433.0
395, 201.0, 434.0
396, 691.0, 436.0
397, 231.0, 437.0
398, 629.0, 440.0
399, 560.0, 441.0
400, 581.0, 441.0
401, 396.0, 442.0
402, 743.0, 446.0
403, 738.0, 448.0
404, 650.0, 451.0
405, 715.0, 451.0
406, 618.0, 452.0
407, 599.0, 453.0
408, 403.0, 454.0
409, 550.0, 454.0
410, 671.0, 454.0
411, 302.0, 455.0
412, 408.0, 455.0
413, 493.0, 455.0
414, 676.0, 455.0
415, 265.0, 456.0
416, 270.0, 456.0
417, 275.0, 456.0
418, 280.0, 457.0
419, 124.0, 458.0
420, 184.0, 458.0
421, 202.0, 458.0
422, 231.0, 458.0
423, 150.0, 459.0
424, 173.0, 459.0
425, 192.0, 459.0
426, 67.0, 461.0
427, 98.0, 461.0
428, 626.0, 462.0
429, 508.0, 465.0
430, 638.0, 466.0
431, 117.0, 470.0
432, 716.0, 471.0
