0, 467.0, 11.0
1, 467.0, 21.0
2, 219.0, 23.0
3, 449.0, 28.0
4, 232.0, 33.0
5, 450.0, 33.0
6, 261.0, 34.0
7, 251.0, 36.0
8, 262.0, 43.0
9, 252.0, 48.0
10, 235.0, 61.0
11, 450.0, 82.0
12, 293.0, 89.0
13, 449.0, 118.0
14, 693.0, 147.0
15, 614.0, 159.0
16, 587.0, 160.0
17, 599.0, 168.0
18, 607.0, 172.0
19, 45.0, 178.0
20, 611.0, 180.0
21, 598.0, 181.0
22, 586.0, 183.0
23, 591.0, 190.0
24, 46.0, 194.0
25, 446.0, 194.0
26, 597.0, 195.0
27, 615.0, 195.0
28, 295.0, 197.0
29, 438.0, 200.0
30, 589.0, 200.0
31, 602.0, 207.0
32, 616.0, 208.0
33, 589.0, 209.0
34, 425.0, 215.0
35, 309.0, 219.0
36, 277.0, 237.0
37, 308.0, 237.0
38, 551.0, 244.0
39, 585.0, 245.0
40, 630.0, 246.0
41, 671.0, 246.0
42, 448.0, 250.0
43, 453.0, 250.0
44, 278.0, 251.0
45, 308.0, 252.0
46, 237.0, 253.0
47, 559.0, 253.0
48, 178.0, 256.0
49, 425.0, 256.0
50, 453.0, 256.0
51, 630.0, 256.0
52, 183.0, 257.0
53, 167.0, 258.0
54, 188.0, 258.0
55, 458.0, 259.0
56, 510.0, 259.0
57, 672.0, 259.0
58, 696.0, 259.0
59, 537.0, 261.0
60, 144.0, 262.0
61, 167.0, 263.0
62, 235.0, 263.0
63, 240.0, 263.0
64, 188.0, 264.0
65, 278.0, 264.0
66, 293.0, 264.0
67, 459.0, 264.0
68, 480.0, 264.0
69, 200.0, 265.0
70, 510.0, 265.0
71, 306.0, 266.0
72, 538.0, 266.0
73, 585.0, 266.0
74, 245.0, 267.0
75, 498.0, 267.0
76, 518.0, 270.0
77, 554.0, 270.0
78, 560.0, 270.0
79, 577.0, 270.0
80, 631.0, 271.0
81, 484.0, 272.0
82, 135.0, 273.0
83, 646.0, 273.0
84, 672.0, 275.0
85, 695.0, 275.0
86, 631.0, 276.0
87, 690.0, 276.0
88, 721.0, 276.0
89, 144.0, 277.0
90, 18.0, 279.0
91, 584.0, 279.0
92, 569.0, 281.0
93, 634.0, 281.0
94, 553.0, 282.0
95, 591.0, 283.0
96, 21.0, 284.0
97, 521.0, 284.0
98, 526.0, 285.0
99, 460.0, 286.0
100, 537.0, 286.0
101, 144.0, 288.0
102, 469.0, 288.0
103, 590.0, 288.0
104, 24.0, 292.0
105, 15.0, 293.0
106, 591.0, 293.0
107, 469.0, 297.0
108, 570.0, 297.0
109, 552.0, 298.0
110, 588.0, 298.0
111, 468.0, 302.0
112, 498.0, 303.0
113, 527.0, 307.0
114, 14.0, 313.0
115, 471.0, 317.0
116, 577.0, 317.0
117, 650.0, 317.0
118, 459.0, 318.0
119, 586.0, 318.0
120, 662.0, 318.0
121, 672.0, 319.0
122, 525.0, 320.0
123, 533.0, 320.0
124, 703.0, 320.0
125, 726.0, 321.0
126, 608.0, 322.0
127, 651.0, 322.0
128, 596.0, 323.0
129, 574.0, 329.0
130, 583.0, 329.0
131, 516.0, 335.0
132, 478.0, 336.0
133, 11.0, 337.0
134, 496.0, 338.0
135, 484.0, 339.0
136, 583.0, 339.0
137, 595.0, 339.0
138, 538.0, 341.0
139, 611.0, 341.0
140, 276.0, 342.0
141, 451.0, 342.0
142, 510.0, 342.0
143, 456.0, 343.0
144, 482.0, 346.0
145, 513.0, 347.0
146, 538.0, 350.0
147, 548.0, 352.0
148, 38.0, 354.0
149, 52.0, 357.0
150, 424.0, 357.0
151, 16.0, 360.0
152, 39.0, 364.0
153, 53.0, 366.0
154, 28.0, 368.0
155, 445.0, 371.0
156, 40.0, 378.0
157, 414.0, 378.0
158, 48.0, 380.0
159, 276.0, 382.0
160, 337.0, 385.0
161, 41.0, 387.0
162, 402.0, 390.0
163, 298.0, 391.0
164, 303.0, 392.0
165, 413.0, 392.0
166, 41.0, 398.0
167, 449.0, 398.0
168, 549.0, 398.0
169, 33.0, 401.0
170, 445.0, 403.0
171, 395.0, 404.0
172, 414.0, 408.0
173, 443.0, 411.0
174, 455.0, 412.0
175, 33.0, 414.0
176, 266.0, 415.0
177, 271.0, 416.0
178, 25.0, 425.0
179, 19.0, 431.0
180, 423.0, 439.0
