0, 664.0, 8.0
1, 588.0, 14.0
2, 583.0, 16.0
3, 267.0, 18.0
4, 379.0, 19.0
5, 642.0, 20.0
6, 620.0, 21.0
7, 574.0, 24.0
8, 244.0, 27.0
9, 559.0, 27.0
10, 630.0, 30.0
11, 520.0, 31.0
12, 528.0, 31.0
13, 515.0, 32.0
14, 541.0, 32.0
15, 255.0, 34.0
16, 533.0, 34.0
17, 595.0, 34.0
18, 380.0, 35.0
19, 658.0, 35.0
20, 221.0, 38.0
21, 260.0, 38.0
22, 641.0, 38.0
23, 521.0, 39.0
24, 553.0, 40.0
25, 577.0, 41.0
26, 625.0, 41.0
27, 591.0, 42.0
28, 476.0, 43.0
29, 266.0, 46.0
30, 562.0, 46.0
31, 651.0, 47.0
32, 542.0, 48.0
33, 593.0, 49.0
34, 573.0, 50.0
35, 255.0, 51.0
36, 531.0, 51.0
37, 578.0, 51.0
38, 444.0, 53.0
39, 604.0, 54.0
40, 247.0, 55.0
41, 489.0, 55.0
42, 432.0, 56.0
43, 640.0, 56.0
44, 662.0, 56.0
45, 426.0, 57.0
46, 93.0, 58.0
47, 421.0, 58.0
48, 563.0, 58.0
49, 468.0, 61.0
50, 251.0, 62.0
51, 544.0, 62.0
52, 403.0, 63.0
53, 630.0, 64.0
54, 595.0, 66.0
55, 617.0, 66.0
56, 256.0, 67.0
57, 532.0, 68.0
58, 522.0, 70.0
59, 488.0, 71.0
60, 639.0, 72.0
61, 362.0, 73.0
62, 550.0, 76.0
63, 503.0, 77.0
64, 349.0, 78.0
65, 445.0, 80.0
66, 566.0, 80.0
67, 335.0, 81.0
68, 42.0, 82.0
69, 268.0, 82.0
70, 276.0, 82.0
71, 478.0, 83.0
72, 325.0, 85.0
73, 370.0, 85.0
74, 43.0, 87.0
75, 252.0, 89.0
76, 304.0, 89.0
77, 346.0, 91.0
78, 358.0, 91.0
79, 444.0, 91.0
80, 471.0, 94.0
81, 533.0, 97.0
82, 282.0, 98.0
83, 266.0, 101.0
84, 338.0, 101.0
85, 370.0, 101.0
86, 487.0, 101.0
87, 543.0, 101.0
88, 359.0, 103.0
89, 638.0, 104.0
90, 326.0, 105.0
91, 243.0, 106.0
92, 349.0, 106.0
93, 657.0, 106.0
94, 231.0, 109.0
95, 567.0, 113.0
96, 670.0, 113.0
97, 209.0, 116.0
98, 361.0, 116.0
99, 372.0, 116.0
100, 447.0, 117.0
101, 627.0, 118.0
102, 480.0, 119.0
103, 189.0, 121.0
104, 350.0, 121.0
105, 549.0, 121.0
106, 472.0, 122.0
107, 508.0, 126.0
108, 160.0, 128.0
109, 225.0, 129.0
110, 383.0, 130.0
111, 330.0, 131.0
112, 567.0, 132.0
113, 240.0, 135.0
114, 123.0, 136.0
115, 117.0, 137.0
116, 199.0, 138.0
117, 375.0, 138.0
118, 112.0, 139.0
119, 414.0, 139.0
120, 712.0, 140.0
121, 306.0, 144.0
122, 355.0, 144.0
123, 654.0, 145.0
124, 188.0, 146.0
125, 331.0, 148.0
126, 58.0, 151.0
127, 47.0, 152.0
128, 53.0, 152.0
129, 73.0, 152.0
130, 637.0, 152.0
131, 34.0, 153.0
132, 42.0, 153.0
133, 263.0, 153.0
134, 18.0, 154.0
135, 386.0, 156.0
136, 446.0, 156.0
137, 216.0, 159.0
138, 357.0, 160.0
139, 245.0, 162.0
140, 332.0, 164.0
141, 524.0, 164.0
142, 633.0, 164.0
143, 291.0, 165.0
144, 179.0, 167.0
145, 309.0, 167.0
146, 397.0, 167.0
147, 474.0, 167.0
148, 366.0, 168.0
149, 510.0, 168.0
150, 648.0, 169.0
151, 483.0, 171.0
152, 90.0, 172.0
153, 77.0, 173.0
154, 719.0, 174.0
155, 389.0, 176.0
156, 659.0, 176.0
157, 507.0, 178.0
158, 50.0, 179.0
159, 624.0, 179.0
160, 474.0, 180.0
161, 535.0, 180.0
162, 302.0, 181.0
163, 93.0, 185.0
164, 311.0, 186.0
165, 502.0, 192.0
166, 255.0, 193.0
167, 661.0, 193.0
168, 55.0, 194.0
169, 251.0, 199.0
170, 674.0, 199.0
171, 97.0, 200.0
172, 486.0, 201.0
173, 66.0, 206.0
174, 644.0, 208.0
175, 660.0, 208.0
176, 60.0, 209.0
177, 527.0, 211.0
178, 101.0, 215.0
179, 372.0, 219.0
180, 400.0, 221.0
181, 71.0, 222.0
182, 103.0, 222.0
183, 311.0, 224.0
184, 383.0, 224.0
185, 583.0, 224.0
186, 630.0, 224.0
187, 598.0, 225.0
188, 335.0, 226.0
189, 400.0, 226.0
190, 106.0, 227.0
191, 101.0, 228.0
192, 538.0, 229.0
193, 311.0, 232.0
194, 567.0, 232.0
195, 644.0, 232.0
196, 66.0, 233.0
197, 96.0, 235.0
198, 278.0, 237.0
199, 520.0, 237.0
200, 355.0, 238.0
201, 613.0, 240.0
202, 345.0, 241.0
203, 487.0, 243.0
204, 233.0, 244.0
205, 451.0, 247.0
206, 596.0, 249.0
207, 258.0, 251.0
208, 607.0, 251.0
209, 13.0, 253.0
210, 614.0, 257.0
211, 601.0, 259.0
212, 210.0, 261.0
213, 403.0, 262.0
214, 398.0, 263.0
215, 104.0, 265.0
216, 322.0, 265.0
217, 600.0, 266.0
218, 488.0, 268.0
219, 565.0, 268.0
220, 211.0, 269.0
221, 301.0, 269.0
222, 19.0, 270.0
223, 261.0, 270.0
224, 324.0, 270.0
225, 424.0, 270.0
226, 706.0, 275.0
227, 23.0, 284.0
228, 647.0, 284.0
229, 381.0, 285.0
230, 631.0, 285.0
231, 353.0, 287.0
232, 10.0, 288.0
233, 582.0, 288.0
234, 25.0, 289.0
235, 530.0, 293.0
236, 402.0, 294.0
237, 27.0, 295.0
238, 582.0, 296.0
239, 265.0, 299.0
240, 14.0, 300.0
241, 570.0, 300.0
242, 635.0, 300.0
243, 117.0, 301.0
244, 410.0, 302.0
245, 426.0, 302.0
246, 201.0, 303.0
247, 492.0, 303.0
248, 83.0, 306.0
249, 621.0, 309.0
250, 292.0, 315.0
251, 239.0, 317.0
252, 614.0, 320.0
253, 648.0, 320.0
254, 251.0, 323.0
255, 279.0, 323.0
256, 493.0, 325.0
257, 224.0, 327.0
258, 524.0, 327.0
259, 194.0, 328.0
260, 149.0, 329.0
261, 163.0, 329.0
262, 39.0, 330.0
263, 602.0, 335.0
264, 479.0, 336.0
265, 573.0, 336.0
266, 552.0, 337.0
267, 182.0, 339.0
268, 561.0, 340.0
269, 182.0, 344.0
270, 229.0, 347.0
271, 323.0, 347.0
272, 649.0, 347.0
273, 160.0, 348.0
274, 638.0, 349.0
275, 174.0, 353.0
276, 338.0, 355.0
277, 424.0, 355.0
278, 197.0, 358.0
279, 383.0, 358.0
280, 597.0, 358.0
281, 407.0, 362.0
282, 280.0, 364.0
283, 588.0, 367.0
284, 170.0, 368.0
285, 185.0, 370.0
286, 341.0, 373.0
287, 462.0, 376.0
288, 206.0, 377.0
289, 561.0, 378.0
290, 195.0, 380.0
291, 374.0, 382.0
292, 411.0, 383.0
293, 438.0, 384.0
294, 167.0, 386.0
295, 597.0, 386.0
296, 588.0, 388.0
297, 488.0, 390.0
298, 493.0, 390.0
299, 528.0, 393.0
300, 187.0, 395.0
301, 634.0, 396.0
302, 314.0, 397.0
303, 626.0, 399.0
304, 505.0, 403.0
305, 204.0, 405.0
306, 151.0, 410.0
307, 666.0, 411.0
308, 661.0, 413.0
309, 495.0, 418.0
310, 317.0, 421.0
311, 322.0, 421.0
312, 243.0, 422.0
313, 312.0, 422.0
314, 149.0, 423.0
315, 144.0, 426.0
316, 154.0, 427.0
317, 312.0, 427.0
318, 341.0, 427.0
319, 346.0, 427.0
320, 301.0, 432.0
321, 312.0, 433.0
322, 626.0, 434.0
323, 424.0, 435.0
324, 327.0, 439.0
325, 309.0, 440.0
326, 383.0, 440.0
327, 474.0, 441.0
328, 229.0, 446.0
329, 292.0, 446.0
330, 217.0, 447.0
331, 234.0, 447.0
332, 224.0, 448.0
333, 171.0, 450.0
334, 179.0, 454.0
335, 426.0, 454.0
336, 353.0, 455.0
337, 332.0, 457.0
338, 290.0, 461.0
339, 302.0, 461.0
340, 321.0, 462.0
341, 418.0, 463.0
342, 182.0, 464.0
343, 161.0, 465.0
344, 646.0, 465.0
345, 302.0, 466.0
346, 361.0, 467.0
347, 315.0, 470.0
348, 593.0, 470.0
349, 159.0, 471.0
350, 293.0, 471.0
351, 386.0, 471.0
