0, 240.0, 8.0
1, 531.0, 8.0
2, 271.0, 9.0
3, 520.0, 9.0
4, 513.0, 15.0
5, 623.0, 18.0
6, 338.0, 19.0
7, 532.0, 20.0
8, 352.0, 22.0
9, 432.0, 23.0
10, 510.0, 23.0
11, 336.0, 24.0
12, 363.0, 24.0
13, 241.0, 25.0
14, 374.0, 25.0
15, 484.0, 25.0
16, 532.0, 26.0
17, 511.0, 28.0
18, 431.0, 29.0
19, 500.0, 29.0
20, 409.0, 30.0
21, 243.0, 31.0
22, 528.0, 32.0
23, 431.0, 34.0
24, 245.0, 36.0
25, 450.0, 37.0
26, 588.0, 37.0
27, 518.0, 38.0
28, 477.0, 39.0
29, 482.0, 40.0
30, 246.0, 41.0
31, 462.0, 41.0
32, 578.0, 42.0
33, 552.0, 46.0
34, 472.0, 47.0
35, 416.0, 53.0
36, 452.0, 55.0
37, 560.0, 57.0
38, 565.0, 57.0
39, 332.0, 58.0
40, 414.0, 62.0
41, 332.0, 63.0
42, 489.0, 96.0
43, 563.0, 96.0
44, 681.0, 105.0
45, 173.0, 128.0
46, 562.0, 129.0
47, 420.0, 131.0
48, 177.0, 134.0
49, 164.0, 140.0
50, 183.0, 142.0
51, 174.0, 143.0
52, 168.0, 147.0
53, 561.0, 147.0
54, 420.0, 149.0
55, 172.0, 152.0
56, 561.0, 152.0
57, 561.0, 157.0
58, 307.0, 160.0
59, 64.0, 165.0
60, 560.0, 169.0
61, 307.0, 170.0
62, 636.0, 200.0
63, 597.0, 202.0
64, 558.0, 204.0
65, 726.0, 210.0
66, 655.0, 213.0
67, 670.0, 213.0
68, 387.0, 215.0
69, 486.0, 215.0
70, 725.0, 216.0
71, 223.0, 221.0
72, 704.0, 221.0
73, 705.0, 229.0
74, 635.0, 245.0
75, 559.0, 260.0
76, 326.0, 263.0
77, 559.0, 265.0
78, 327.0, 269.0
79, 560.0, 270.0
80, 559.0, 288.0
81, 558.0, 306.0
82, 165.0, 314.0
83, 422.0, 315.0
84, 138.0, 317.0
85, 126.0, 320.0
86, 139.0, 322.0
87, 323.0, 322.0
88, 330.0, 324.0
89, 387.0, 325.0
90, 140.0, 327.0
91, 323.0, 327.0
92, 359.0, 328.0
93, 550.0, 328.0
94, 555.0, 328.0
95, 126.0, 329.0
96, 331.0, 329.0
97, 545.0, 329.0
98, 300.0, 331.0
99, 540.0, 331.0
100, 323.0, 334.0
101, 331.0, 334.0
102, 534.0, 334.0
103, 545.0, 340.0
104, 400.0, 343.0
105, 556.0, 344.0
106, 601.0, 347.0
107, 301.0, 348.0
108, 370.0, 348.0
109, 514.0, 348.0
110, 387.0, 349.0
111, 316.0, 350.0
112, 336.0, 350.0
113, 577.0, 351.0
114, 431.0, 352.0
115, 483.0, 352.0
116, 470.0, 353.0
117, 500.0, 355.0
118, 523.0, 356.0
119, 233.0, 357.0
120, 302.0, 357.0
121, 450.0, 361.0
122, 534.0, 362.0
123, 368.0, 363.0
124, 424.0, 366.0
125, 429.0, 366.0
126, 571.0, 367.0
127, 320.0, 368.0
128, 398.0, 368.0
129, 496.0, 368.0
130, 403.0, 369.0
131, 333.0, 370.0
132, 95.0, 372.0
133, 389.0, 372.0
134, 628.0, 372.0
135, 521.0, 379.0
136, 546.0, 380.0
137, 646.0, 382.0
138, 378.0, 383.0
139, 573.0, 383.0
140, 339.0, 385.0
141, 532.0, 387.0
142, 626.0, 388.0
143, 324.0, 390.0
144, 364.0, 390.0
145, 501.0, 391.0
146, 349.0, 393.0
147, 205.0, 394.0
148, 470.0, 394.0
149, 246.0, 395.0
150, 600.0, 395.0
151, 373.0, 397.0
152, 146.0, 398.0
153, 552.0, 398.0
154, 29.0, 399.0
155, 319.0, 399.0
156, 573.0, 399.0
157, 247.0, 400.0
158, 599.0, 400.0
159, 644.0, 401.0
160, 624.0, 402.0
161, 204.0, 403.0
162, 472.0, 403.0
163, 423.0, 406.0
164, 144.0, 407.0
165, 599.0, 408.0
166, 623.0, 408.0
167, 573.0, 409.0
168, 206.0, 410.0
169, 369.0, 410.0
170, 197.0, 411.0
171, 185.0, 412.0
172, 386.0, 412.0
173, 144.0, 413.0
174, 166.0, 413.0
175, 326.0, 414.0
176, 359.0, 414.0
177, 643.0, 414.0
178, 139.0, 415.0
179, 250.0, 415.0
180, 617.0, 415.0
181, 151.0, 418.0
182, 93.0, 419.0
183, 313.0, 420.0
184, 193.0, 421.0
185, 252.0, 423.0
186, 26.0, 426.0
187, 253.0, 428.0
188, 312.0, 428.0
189, 12.0, 429.0
190, 18.0, 431.0
191, 254.0, 433.0
192, 377.0, 434.0
193, 48.0, 438.0
194, 313.0, 440.0
195, 329.0, 441.0
196, 24.0, 442.0
197, 370.0, 442.0
198, 341.0, 446.0
199, 318.0, 447.0
200, 380.0, 448.0
201, 397.0, 452.0
202, 329.0, 455.0
203, 372.0, 455.0
204, 318.0, 459.0
205, 469.0, 459.0
206, 346.0, 461.0
207, 262.0, 463.0
208, 379.0, 463.0
209, 263.0, 468.0
210, 330.0, 468.0
211, 572.0, 469.0
212, 320.0, 471.0
213, 325.0, 471.0
214, 577.0, 471.0
