0, 12.0, 19.0
1, 13.0, 24.0
2, 14.0, 31.0
3, 675.0, 37.0
4, 325.0, 38.0
5, 127.0, 39.0
6, 14.0, 61.0
7, 67.0, 62.0
8, 667.0, 63.0
9, 29.0, 72.0
10, 166.0, 74.0
11, 179.0, 74.0
12, 121.0, 75.0
13, 43.0, 76.0
14, 17.0, 77.0
15, 36.0, 79.0
16, 195.0, 79.0
17, 18.0, 85.0
18, 45.0, 85.0
19, 285.0, 88.0
20, 32.0, 89.0
21, 129.0, 96.0
22, 168.0, 96.0
23, 664.0, 97.0
24, 457.0, 99.0
25, 25.0, 100.0
26, 46.0, 100.0
27, 36.0, 101.0
28, 182.0, 102.0
29, 457.0, 104.0
30, 97.0, 107.0
31, 357.0, 107.0
32, 367.0, 110.0
33, 78.0, 111.0
34, 122.0, 118.0
35, 496.0, 120.0
36, 8.0, 122.0
37, 16.0, 122.0
38, 169.0, 123.0
39, 81.0, 127.0
40, 19.0, 128.0
41, 369.0, 129.0
42, 639.0, 133.0
43, 62.0, 134.0
44, 466.0, 134.0
45, 48.0, 136.0
46, 79.0, 136.0
47, 32.0, 137.0
48, 21.0, 138.0
49, 282.0, 141.0
50, 293.0, 141.0
51, 385.0, 148.0
52, 268.0, 149.0
53, 64.0, 156.0
54, 49.0, 157.0
55, 59.0, 157.0
56, 465.0, 158.0
57, 526.0, 158.0
58, 196.0, 160.0
59, 439.0, 163.0
60, 449.0, 163.0
61, 116.0, 165.0
62, 196.0, 165.0
63, 458.0, 165.0
64, 173.0, 167.0
65, 186.0, 167.0
66, 517.0, 167.0
67, 447.0, 168.0
68, 452.0, 168.0
69, 85.0, 169.0
70, 488.0, 169.0
71, 424.0, 171.0
72, 262.0, 172.0
73, 364.0, 172.0
74, 458.0, 172.0
75, 525.0, 172.0
76, 68.0, 173.0
77, 437.0, 173.0
78, 442.0, 173.0
79, 648.0, 174.0
80, 530.0, 175.0
81, 493.0, 176.0
82, 512.0, 176.0
83, 57.0, 177.0
84, 46.0, 178.0
85, 29.0, 180.0
86, 37.0, 181.0
87, 221.0, 182.0
88, 226.0, 182.0
89, 214.0, 183.0
90, 246.0, 184.0
91, 186.0, 185.0
92, 471.0, 185.0
93, 176.0, 186.0
94, 233.0, 186.0
95, 264.0, 186.0
96, 295.0, 186.0
97, 341.0, 187.0
98, 335.0, 188.0
99, 49.0, 190.0
100, 71.0, 190.0
101, 187.0, 191.0
102, 330.0, 191.0
103, 84.0, 196.0
104, 89.0, 196.0
105, 158.0, 199.0
106, 442.0, 201.0
107, 454.0, 203.0
108, 492.0, 205.0
109, 499.0, 205.0
110, 158.0, 206.0
111, 440.0, 206.0
112, 133.0, 207.0
113, 128.0, 208.0
114, 716.0, 208.0
115, 109.0, 210.0
116, 123.0, 210.0
117, 344.0, 211.0
118, 441.0, 211.0
119, 495.0, 211.0
120, 641.0, 212.0
121, 95.0, 215.0
122, 731.0, 215.0
123, 442.0, 216.0
124, 499.0, 216.0
125, 37.0, 218.0
126, 116.0, 218.0
127, 130.0, 218.0
128, 617.0, 218.0
129, 84.0, 219.0
130, 509.0, 219.0
131, 598.0, 219.0
132, 245.0, 220.0
133, 375.0, 220.0
134, 558.0, 220.0
135, 563.0, 220.0
136, 730.0, 220.0
137, 59.0, 221.0
138, 407.0, 221.0
139, 533.0, 221.0
140, 543.0, 221.0
141, 553.0, 221.0
142, 582.0, 221.0
143, 739.0, 221.0
144, 140.0, 222.0
145, 465.0, 222.0
146, 477.0, 222.0
147, 519.0, 222.0
148, 487.0, 223.0
149, 607.0, 223.0
150, 612.0, 223.0
151, 495.0, 224.0
152, 98.0, 225.0
153, 271.0, 225.0
154, 278.0, 225.0
155, 631.0, 225.0
156, 717.0, 225.0
157, 135.0, 226.0
158, 237.0, 226.0
159, 283.0, 227.0
160, 655.0, 227.0
161, 24.0, 228.0
162, 78.0, 228.0
163, 455.0, 228.0
164, 194.0, 229.0
165, 245.0, 230.0
166, 663.0, 230.0
167, 213.0, 231.0
168, 676.0, 231.0
169, 641.0, 232.0
170, 37.0, 233.0
171, 66.0, 233.0
172, 250.0, 233.0
173, 614.0, 233.0
174, 255.0, 234.0
175, 260.0, 234.0
176, 53.0, 235.0
177, 224.0, 236.0
178, 236.0, 236.0
179, 718.0, 236.0
180, 274.0, 237.0
181, 111.0, 238.0
182, 124.0, 238.0
183, 378.0, 238.0
184, 661.0, 238.0
185, 139.0, 239.0
186, 288.0, 239.0
187, 696.0, 239.0
188, 464.0, 240.0
189, 165.0, 241.0
190, 443.0, 241.0
191, 485.0, 241.0
192, 196.0, 242.0
193, 209.0, 242.0
194, 229.0, 243.0
195, 493.0, 243.0
196, 626.0, 243.0
197, 706.0, 243.0
198, 714.0, 243.0
199, 66.0, 244.0
200, 218.0, 244.0
201, 651.0, 244.0
202, 263.0, 245.0
203, 39.0, 247.0
204, 281.0, 247.0
205, 295.0, 247.0
206, 470.0, 248.0
207, 475.0, 248.0
208, 485.0, 248.0
209, 260.0, 251.0
210, 441.0, 252.0
211, 243.0, 253.0
212, 381.0, 253.0
213, 734.0, 253.0
214, 228.0, 254.0
215, 284.0, 254.0
216, 208.0, 255.0
217, 217.0, 256.0
218, 262.0, 256.0
219, 279.0, 256.0
220, 501.0, 256.0
221, 649.0, 256.0
222, 742.0, 256.0
223, 429.0, 258.0
224, 531.0, 258.0
225, 623.0, 258.0
226, 658.0, 259.0
227, 544.0, 260.0
228, 585.0, 260.0
229, 598.0, 260.0
230, 684.0, 260.0
231, 197.0, 261.0
232, 254.0, 261.0
233, 286.0, 261.0
234, 493.0, 261.0
235, 701.0, 261.0
236, 243.0, 262.0
237, 265.0, 262.0
238, 444.0, 262.0
239, 210.0, 263.0
240, 228.0, 263.0
241, 296.0, 263.0
242, 164.0, 264.0
243, 215.0, 264.0
244, 603.0, 264.0
245, 608.0, 264.0
246, 650.0, 265.0
247, 197.0, 266.0
248, 494.0, 266.0
249, 722.0, 266.0
250, 265.0, 268.0
251, 699.0, 268.0
252, 454.0, 269.0
253, 280.0, 270.0
254, 432.0, 270.0
255, 443.0, 273.0
256, 739.0, 273.0
257, 79.0, 274.0
258, 215.0, 274.0
259, 495.0, 275.0
260, 293.0, 276.0
261, 385.0, 276.0
262, 483.0, 276.0
263, 270.0, 280.0
264, 259.0, 283.0
265, 725.0, 284.0
266, 434.0, 285.0
267, 445.0, 285.0
268, 458.0, 285.0
269, 213.0, 286.0
270, 488.0, 290.0
271, 512.0, 290.0
272, 274.0, 291.0
273, 110.0, 295.0
274, 35.0, 296.0
275, 268.0, 296.0
276, 196.0, 299.0
277, 19.0, 302.0
278, 592.0, 303.0
279, 368.0, 304.0
280, 453.0, 306.0
281, 573.0, 306.0
282, 261.0, 312.0
283, 230.0, 313.0
284, 546.0, 317.0
285, 230.0, 318.0
286, 540.0, 319.0
287, 530.0, 324.0
288, 116.0, 327.0
289, 142.0, 329.0
290, 439.0, 329.0
291, 511.0, 330.0
292, 505.0, 331.0
293, 500.0, 333.0
294, 478.0, 335.0
295, 199.0, 339.0
296, 231.0, 339.0
297, 505.0, 339.0
298, 521.0, 339.0
299, 682.0, 339.0
300, 263.0, 340.0
301, 489.0, 340.0
302, 724.0, 340.0
303, 141.0, 341.0
304, 451.0, 343.0
305, 654.0, 343.0
306, 736.0, 343.0
307, 271.0, 347.0
308, 266.0, 348.0
309, 496.0, 351.0
310, 118.0, 353.0
311, 230.0, 356.0
312, 419.0, 357.0
313, 413.0, 359.0
314, 564.0, 360.0
315, 701.0, 360.0
316, 408.0, 361.0
317, 201.0, 364.0
318, 506.0, 364.0
319, 735.0, 364.0
320, 398.0, 366.0
321, 699.0, 366.0
322, 144.0, 367.0
323, 520.0, 369.0
324, 613.0, 369.0
325, 676.0, 369.0
326, 231.0, 371.0
327, 699.0, 371.0
328, 576.0, 372.0
329, 69.0, 375.0
330, 528.0, 377.0
331, 574.0, 377.0
332, 399.0, 378.0
333, 8.0, 381.0
334, 201.0, 381.0
335, 377.0, 382.0
336, 96.0, 383.0
337, 262.0, 383.0
338, 712.0, 383.0
339, 417.0, 386.0
340, 535.0, 386.0
341, 730.0, 388.0
342, 201.0, 391.0
343, 688.0, 391.0
344, 706.0, 391.0
345, 230.0, 394.0
346, 405.0, 395.0
347, 410.0, 395.0
348, 543.0, 396.0
349, 700.0, 398.0
350, 270.0, 399.0
351, 558.0, 400.0
352, 415.0, 401.0
353, 563.0, 401.0
354, 613.0, 401.0
355, 21.0, 402.0
356, 98.0, 403.0
357, 122.0, 403.0
358, 680.0, 403.0
359, 687.0, 403.0
360, 573.0, 405.0
361, 77.0, 406.0
362, 679.0, 408.0
363, 175.0, 409.0
364, 550.0, 409.0
365, 270.0, 413.0
366, 386.0, 413.0
367, 625.0, 414.0
368, 260.0, 415.0
369, 171.0, 416.0
370, 586.0, 416.0
371, 605.0, 416.0
372, 202.0, 417.0
373, 389.0, 418.0
374, 406.0, 418.0
375, 557.0, 418.0
376, 571.0, 418.0
377, 202.0, 422.0
378, 231.0, 423.0
379, 391.0, 423.0
380, 610.0, 423.0
381, 684.0, 423.0
382, 576.0, 424.0
383, 623.0, 426.0
384, 201.0, 428.0
385, 395.0, 428.0
386, 555.0, 428.0
387, 562.0, 429.0
388, 402.0, 434.0
389, 573.0, 435.0
390, 301.0, 437.0
391, 732.0, 438.0
392, 718.0, 440.0
393, 676.0, 441.0
394, 703.0, 441.0
395, 606.0, 442.0
396, 572.0, 443.0
397, 587.0, 443.0
398, 592.0, 443.0
399, 273.0, 444.0
400, 301.0, 444.0
401, 641.0, 444.0
402, 268.0, 445.0
403, 279.0, 445.0
404, 356.0, 445.0
405, 383.0, 445.0
406, 409.0, 445.0
407, 661.0, 445.0
408, 233.0, 446.0
409, 426.0, 446.0
410, 150.0, 447.0
411, 170.0, 447.0
412, 184.0, 447.0
413, 200.0, 447.0
414, 213.0, 447.0
415, 607.0, 447.0
416, 99.0, 450.0
417, 633.0, 451.0
418, 658.0, 451.0
419, 609.0, 452.0
420, 302.0, 454.0
421, 567.0, 455.0
422, 241.0, 457.0
423, 116.0, 458.0
424, 700.0, 462.0
425, 141.0, 464.0
426, 705.0, 464.0
427, 625.0, 465.0
428, 151.0, 466.0
429, 648.0, 467.0
430, 657.0, 469.0
431, 721.0, 469.0
432, 726.0, 470.0
433, 105.0, 471.0
434, 114.0, 471.0
