0, 171.0, 8.0
1, 172.0, 13.0
2, 656.0, 23.0
3, 448.0, 33.0
4, 345.0, 39.0
5, 585.0, 41.0
6, 592.0, 41.0
7, 176.0, 46.0
8, 188.0, 46.0
9, 195.0, 48.0
10, 219.0, 48.0
11, 354.0, 50.0
12, 333.0, 51.0
13, 196.0, 53.0
14, 178.0, 54.0
15, 343.0, 57.0
16, 583.0, 61.0
17, 196.0, 64.0
18, 178.0, 66.0
19, 188.0, 66.0
20, 352.0, 66.0
21, 343.0, 67.0
22, 334.0, 69.0
23, 413.0, 69.0
24, 364.0, 70.0
25, 322.0, 72.0
26, 342.0, 77.0
27, 355.0, 89.0
28, 335.0, 90.0
29, 738.0, 120.0
30, 8.0, 125.0
31, 8.0, 130.0
32, 347.0, 130.0
33, 368.0, 135.0
34, 10.0, 145.0
35, 10.0, 152.0
36, 730.0, 155.0
37, 10.0, 160.0
38, 107.0, 164.0
39, 202.0, 167.0
40, 223.0, 167.0
41, 234.0, 167.0
42, 197.0, 168.0
43, 83.0, 176.0
44, 319.0, 177.0
45, 307.0, 180.0
46, 11.0, 182.0
47, 725.0, 185.0
48, 470.0, 186.0
49, 40.0, 189.0
50, 208.0, 190.0
51, 724.0, 190.0
52, 57.0, 191.0
53, 23.0, 194.0
54, 49.0, 195.0
55, 60.0, 201.0
56, 26.0, 204.0
57, 116.0, 210.0
58, 61.0, 216.0
59, 389.0, 216.0
60, 717.0, 216.0
61, 49.0, 218.0
62, 34.0, 219.0
63, 96.0, 222.0
64, 464.0, 224.0
65, 715.0, 224.0
66, 315.0, 227.0
67, 327.0, 227.0
68, 405.0, 228.0
69, 229.0, 229.0
70, 307.0, 229.0
71, 477.0, 230.0
72, 12.0, 232.0
73, 561.0, 235.0
74, 712.0, 235.0
75, 99.0, 236.0
76, 13.0, 237.0
77, 462.0, 238.0
78, 27.0, 241.0
79, 461.0, 243.0
80, 77.0, 244.0
81, 93.0, 244.0
82, 472.0, 244.0
83, 526.0, 244.0
84, 710.0, 244.0
85, 198.0, 245.0
86, 445.0, 245.0
87, 499.0, 245.0
88, 38.0, 251.0
89, 245.0, 251.0
90, 72.0, 252.0
91, 88.0, 254.0
92, 46.0, 255.0
93, 233.0, 255.0
94, 211.0, 256.0
95, 704.0, 258.0
96, 191.0, 259.0
97, 65.0, 260.0
98, 679.0, 261.0
99, 38.0, 262.0
100, 546.0, 262.0
101, 455.0, 263.0
102, 484.0, 263.0
103, 44.0, 264.0
104, 394.0, 264.0
105, 469.0, 264.0
106, 515.0, 264.0
107, 531.0, 264.0
108, 388.0, 265.0
109, 10.0, 267.0
110, 293.0, 267.0
111, 88.0, 268.0
112, 45.0, 269.0
113, 565.0, 271.0
114, 692.0, 272.0
115, 619.0, 273.0
116, 46.0, 274.0
117, 79.0, 275.0
118, 675.0, 275.0
119, 604.0, 276.0
120, 632.0, 276.0
121, 460.0, 277.0
122, 470.0, 277.0
123, 504.0, 277.0
124, 681.0, 277.0
125, 72.0, 278.0
126, 214.0, 278.0
127, 455.0, 278.0
128, 707.0, 279.0
129, 582.0, 280.0
130, 387.0, 281.0
131, 560.0, 281.0
132, 593.0, 282.0
133, 637.0, 282.0
134, 531.0, 284.0
135, 620.0, 284.0
136, 544.0, 285.0
137, 733.0, 285.0
138, 320.0, 286.0
139, 461.0, 288.0
140, 83.0, 289.0
141, 125.0, 289.0
142, 670.0, 289.0
143, 428.0, 290.0
144, 452.0, 290.0
145, 423.0, 291.0
146, 628.0, 291.0
147, 678.0, 291.0
148, 216.0, 292.0
149, 609.0, 292.0
150, 388.0, 293.0
151, 402.0, 293.0
152, 237.0, 295.0
153, 520.0, 296.0
154, 721.0, 296.0
155, 294.0, 298.0
156, 453.0, 298.0
157, 473.0, 298.0
158, 340.0, 299.0
159, 395.0, 299.0
160, 70.0, 300.0
161, 320.0, 300.0
162, 626.0, 300.0
163, 87.0, 301.0
164, 697.0, 302.0
165, 492.0, 303.0
166, 240.0, 304.0
167, 460.0, 304.0
168, 500.0, 304.0
169, 606.0, 304.0
170, 702.0, 304.0
171, 99.0, 305.0
172, 248.0, 305.0
173, 253.0, 305.0
174, 273.0, 305.0
175, 227.0, 306.0
176, 141.0, 307.0
177, 194.0, 307.0
178, 217.0, 307.0
179, 268.0, 307.0
180, 404.0, 307.0
181, 278.0, 308.0
182, 305.0, 308.0
183, 179.0, 309.0
184, 204.0, 309.0
185, 370.0, 309.0
186, 389.0, 309.0
187, 665.0, 309.0
188, 104.0, 310.0
189, 166.0, 310.0
190, 629.0, 310.0
191, 686.0, 310.0
192, 127.0, 311.0
193, 152.0, 311.0
194, 340.0, 311.0
195, 345.0, 311.0
196, 717.0, 311.0
197, 110.0, 312.0
198, 595.0, 312.0
199, 722.0, 312.0
200, 472.0, 313.0
201, 489.0, 313.0
202, 99.0, 314.0
203, 460.0, 314.0
204, 534.0, 314.0
205, 500.0, 315.0
206, 520.0, 316.0
207, 77.0, 317.0
208, 259.0, 319.0
209, 701.0, 319.0
210, 406.0, 321.0
211, 448.0, 321.0
212, 112.0, 322.0
213, 308.0, 325.0
214, 155.0, 326.0
215, 690.0, 326.0
216, 127.0, 327.0
217, 144.0, 327.0
218, 104.0, 328.0
219, 95.0, 329.0
220, 114.0, 329.0
221, 150.0, 329.0
222, 499.0, 329.0
223, 159.0, 331.0
224, 450.0, 332.0
225, 173.0, 333.0
226, 149.0, 334.0
227, 139.0, 335.0
228, 363.0, 335.0
229, 129.0, 336.0
230, 160.0, 336.0
231, 336.0, 336.0
232, 743.0, 336.0
233, 251.0, 337.0
234, 300.0, 337.0
235, 117.0, 338.0
236, 514.0, 338.0
237, 106.0, 339.0
238, 471.0, 339.0
239, 713.0, 339.0
240, 150.0, 342.0
241, 159.0, 342.0
242, 172.0, 342.0
243, 178.0, 342.0
244, 139.0, 343.0
245, 84.0, 344.0
246, 117.0, 346.0
247, 459.0, 346.0
248, 127.0, 347.0
249, 233.0, 347.0
250, 506.0, 347.0
251, 413.0, 349.0
252, 469.0, 349.0
253, 145.0, 350.0
254, 187.0, 352.0
255, 177.0, 353.0
256, 164.0, 354.0
257, 105.0, 355.0
258, 115.0, 355.0
259, 137.0, 355.0
260, 483.0, 355.0
261, 153.0, 356.0
262, 358.0, 356.0
263, 80.0, 357.0
264, 462.0, 359.0
265, 510.0, 359.0
266, 140.0, 361.0
267, 128.0, 362.0
268, 282.0, 363.0
269, 271.0, 364.0
270, 164.0, 365.0
271, 296.0, 365.0
272, 140.0, 366.0
273, 112.0, 367.0
274, 391.0, 367.0
275, 305.0, 369.0
276, 318.0, 369.0
277, 347.0, 369.0
278, 268.0, 370.0
279, 291.0, 370.0
280, 602.0, 370.0
281, 597.0, 371.0
282, 146.0, 372.0
283, 105.0, 373.0
284, 130.0, 375.0
285, 89.0, 377.0
286, 153.0, 377.0
287, 245.0, 378.0
288, 584.0, 379.0
289, 163.0, 381.0
290, 283.0, 382.0
291, 294.0, 382.0
292, 123.0, 383.0
293, 133.0, 383.0
294, 488.0, 383.0
295, 304.0, 384.0
296, 146.0, 385.0
297, 355.0, 386.0
298, 103.0, 387.0
299, 295.0, 388.0
300, 323.0, 388.0
301, 155.0, 389.0
302, 338.0, 389.0
303, 311.0, 390.0
304, 122.0, 392.0
305, 705.0, 393.0
306, 218.0, 394.0
307, 112.0, 395.0
308, 656.0, 395.0
309, 145.0, 396.0
310, 392.0, 396.0
311, 715.0, 397.0
312, 661.0, 398.0
313, 29.0, 399.0
314, 131.0, 399.0
315, 289.0, 400.0
316, 250.0, 401.0
317, 305.0, 402.0
318, 124.0, 403.0
319, 723.0, 403.0
320, 12.0, 405.0
321, 104.0, 405.0
322, 230.0, 405.0
323, 555.0, 406.0
324, 116.0, 407.0
325, 210.0, 407.0
326, 370.0, 408.0
327, 725.0, 408.0
328, 299.0, 409.0
329, 54.0, 410.0
330, 84.0, 410.0
331, 378.0, 411.0
332, 688.0, 411.0
333, 25.0, 412.0
334, 412.0, 412.0
335, 219.0, 413.0
336, 227.0, 414.0
337, 521.0, 414.0
338, 403.0, 415.0
339, 267.0, 416.0
340, 294.0, 418.0
341, 100.0, 419.0
342, 306.0, 419.0
343, 369.0, 419.0
344, 539.0, 419.0
345, 395.0, 420.0
346, 212.0, 422.0
347, 379.0, 422.0
348, 534.0, 422.0
349, 224.0, 423.0
350, 236.0, 423.0
351, 312.0, 424.0
352, 324.0, 424.0
353, 543.0, 425.0
354, 33.0, 426.0
355, 246.0, 426.0
356, 386.0, 427.0
357, 360.0, 428.0
358, 196.0, 429.0
359, 56.0, 430.0
360, 207.0, 430.0
361, 554.0, 431.0
362, 415.0, 432.0
363, 222.0, 433.0
364, 243.0, 433.0
365, 260.0, 433.0
366, 275.0, 433.0
367, 727.0, 433.0
368, 77.0, 434.0
369, 294.0, 434.0
370, 307.0, 434.0
371, 333.0, 434.0
372, 289.0, 435.0
373, 320.0, 436.0
374, 382.0, 436.0
375, 352.0, 437.0
376, 375.0, 437.0
377, 394.0, 437.0
378, 417.0, 437.0
379, 532.0, 437.0
380, 407.0, 438.0
381, 684.0, 438.0
382, 366.0, 439.0
383, 231.0, 442.0
384, 518.0, 442.0
385, 287.0, 443.0
386, 222.0, 444.0
387, 163.0, 447.0
388, 550.0, 448.0
389, 189.0, 450.0
390, 200.0, 451.0
391, 212.0, 451.0
392, 373.0, 451.0
393, 254.0, 452.0
394, 364.0, 452.0
395, 384.0, 452.0
396, 273.0, 453.0
397, 281.0, 453.0
398, 293.0, 453.0
399, 319.0, 453.0
400, 351.0, 453.0
401, 199.0, 456.0
402, 558.0, 456.0
403, 647.0, 456.0
404, 500.0, 460.0
405, 619.0, 461.0
406, 44.0, 462.0
407, 87.0, 463.0
408, 365.0, 463.0
409, 419.0, 463.0
410, 712.0, 464.0
411, 179.0, 465.0
412, 383.0, 465.0
413, 575.0, 466.0
414, 352.0, 467.0
415, 372.0, 467.0
416, 494.0, 467.0
417, 406.0, 469.0
418, 383.0, 470.0
419, 366.0, 471.0
420, 419.0, 471.0
