0, 476.0, 11.0
1, 421.0, 13.0
2, 477.0, 18.0
3, 477.0, 23.0
4, 478.0, 28.0
5, 384.0, 50.0
6, 27.0, 74.0
7, 497.0, 75.0
8, 24.0, 79.0
9, 33.0, 79.0
10, 18.0, 82.0
11, 27.0, 89.0
12, 567.0, 90.0
13, 476.0, 91.0
14, 269.0, 96.0
15, 42.0, 99.0
16, 27.0, 101.0
17, 512.0, 101.0
18, 475.0, 109.0
19, 188.0, 110.0
20, 435.0, 110.0
21, 481.0, 110.0
22, 486.0, 111.0
23, 444.0, 115.0
24, 565.0, 116.0
25, 58.0, 124.0
26, 434.0, 124.0
27, 443.0, 124.0
28, 33.0, 126.0
29, 457.0, 126.0
30, 467.0, 126.0
31, 11.0, 128.0
32, 60.0, 131.0
33, 457.0, 132.0
34, 469.0, 133.0
35, 435.0, 136.0
36, 444.0, 136.0
37, 36.0, 140.0
38, 72.0, 140.0
39, 63.0, 141.0
40, 9.0, 144.0
41, 459.0, 145.0
42, 468.0, 146.0
43, 43.0, 151.0
44, 444.0, 151.0
45, 28.0, 153.0
46, 737.0, 153.0
47, 464.0, 155.0
48, 715.0, 155.0
49, 42.0, 156.0
50, 485.0, 156.0
51, 150.0, 159.0
52, 47.0, 160.0
53, 135.0, 160.0
54, 157.0, 160.0
55, 33.0, 163.0
56, 113.0, 165.0
57, 118.0, 165.0
58, 199.0, 165.0
59, 436.0, 165.0
60, 93.0, 167.0
61, 84.0, 170.0
62, 174.0, 171.0
63, 416.0, 172.0
64, 152.0, 173.0
65, 61.0, 175.0
66, 486.0, 175.0
67, 430.0, 176.0
68, 455.0, 176.0
69, 43.0, 177.0
70, 440.0, 177.0
71, 463.0, 178.0
72, 168.0, 180.0
73, 13.0, 182.0
74, 203.0, 184.0
75, 65.0, 186.0
76, 429.0, 186.0
77, 51.0, 189.0
78, 169.0, 189.0
79, 204.0, 189.0
80, 157.0, 196.0
81, 174.0, 196.0
82, 192.0, 198.0
83, 13.0, 200.0
84, 33.0, 200.0
85, 194.0, 205.0
86, 184.0, 208.0
87, 209.0, 209.0
88, 174.0, 214.0
89, 177.0, 219.0
90, 236.0, 222.0
91, 504.0, 224.0
92, 230.0, 225.0
93, 213.0, 227.0
94, 44.0, 228.0
95, 208.0, 228.0
96, 251.0, 232.0
97, 486.0, 235.0
98, 476.0, 238.0
99, 501.0, 249.0
100, 430.0, 251.0
101, 470.0, 252.0
102, 407.0, 253.0
103, 259.0, 254.0
104, 302.0, 255.0
105, 394.0, 255.0
106, 418.0, 255.0
107, 307.0, 256.0
108, 312.0, 256.0
109, 259.0, 261.0
110, 694.0, 261.0
111, 707.0, 264.0
112, 507.0, 265.0
113, 276.0, 266.0
114, 724.0, 268.0
115, 261.0, 269.0
116, 314.0, 269.0
117, 417.0, 269.0
118, 502.0, 269.0
119, 299.0, 270.0
120, 408.0, 270.0
121, 396.0, 271.0
122, 287.0, 272.0
123, 391.0, 272.0
124, 538.0, 272.0
125, 420.0, 276.0
126, 511.0, 276.0
127, 281.0, 278.0
128, 517.0, 278.0
129, 499.0, 280.0
130, 420.0, 281.0
131, 472.0, 281.0
132, 315.0, 282.0
133, 391.0, 284.0
134, 247.0, 285.0
135, 520.0, 286.0
136, 526.0, 286.0
137, 532.0, 286.0
138, 87.0, 289.0
139, 487.0, 289.0
140, 457.0, 291.0
141, 509.0, 292.0
142, 471.0, 293.0
143, 500.0, 293.0
144, 65.0, 294.0
145, 58.0, 295.0
146, 471.0, 298.0
147, 481.0, 298.0
148, 600.0, 299.0
149, 106.0, 301.0
150, 574.0, 302.0
151, 433.0, 303.0
152, 527.0, 303.0
153, 471.0, 304.0
154, 518.0, 304.0
155, 603.0, 304.0
156, 55.0, 305.0
157, 491.0, 305.0
158, 502.0, 305.0
159, 511.0, 305.0
160, 541.0, 305.0
161, 457.0, 307.0
162, 411.0, 308.0
163, 433.0, 308.0
164, 69.0, 309.0
165, 56.0, 310.0
166, 259.0, 311.0
167, 458.0, 312.0
168, 609.0, 312.0
169, 253.0, 313.0
170, 265.0, 313.0
171, 292.0, 313.0
172, 578.0, 313.0
173, 287.0, 314.0
174, 318.0, 314.0
175, 520.0, 315.0
176, 277.0, 316.0
177, 439.0, 316.0
178, 493.0, 317.0
179, 460.0, 318.0
180, 298.0, 324.0
181, 257.0, 325.0
182, 287.0, 325.0
183, 240.0, 330.0
184, 251.0, 332.0
185, 296.0, 332.0
186, 272.0, 333.0
187, 499.0, 333.0
188, 266.0, 334.0
189, 282.0, 337.0
190, 464.0, 340.0
191, 650.0, 341.0
192, 231.0, 343.0
193, 263.0, 346.0
194, 600.0, 352.0
195, 595.0, 355.0
196, 595.0, 360.0
197, 488.0, 361.0
198, 618.0, 366.0
199, 460.0, 377.0
200, 638.0, 377.0
201, 204.0, 384.0
202, 647.0, 384.0
203, 611.0, 386.0
204, 218.0, 388.0
205, 584.0, 388.0
206, 196.0, 395.0
207, 283.0, 397.0
208, 607.0, 397.0
209, 584.0, 398.0
210, 503.0, 403.0
211, 8.0, 405.0
212, 591.0, 406.0
213, 655.0, 407.0
214, 676.0, 409.0
215, 685.0, 413.0
216, 486.0, 415.0
217, 477.0, 416.0
218, 649.0, 417.0
219, 693.0, 417.0
220, 471.0, 418.0
221, 632.0, 419.0
222, 482.0, 420.0
223, 9.0, 421.0
224, 602.0, 421.0
225, 696.0, 422.0
226, 471.0, 423.0
227, 9.0, 426.0
228, 482.0, 426.0
229, 490.0, 427.0
230, 501.0, 428.0
231, 678.0, 428.0
232, 175.0, 429.0
233, 192.0, 430.0
234, 11.0, 431.0
235, 215.0, 434.0
236, 231.0, 435.0
237, 644.0, 435.0
238, 189.0, 437.0
239, 516.0, 438.0
240, 672.0, 438.0
241, 691.0, 439.0
242, 11.0, 441.0
243, 206.0, 441.0
244, 226.0, 443.0
245, 163.0, 447.0
246, 213.0, 450.0
247, 11.0, 451.0
248, 202.0, 452.0
249, 689.0, 454.0
250, 675.0, 455.0
251, 706.0, 455.0
252, 721.0, 455.0
253, 243.0, 457.0
254, 225.0, 463.0
255, 67.0, 464.0
256, 62.0, 465.0
257, 207.0, 465.0
258, 743.0, 466.0
259, 180.0, 467.0
260, 191.0, 467.0
261, 738.0, 467.0
262, 13.0, 468.0
263, 498.0, 468.0
264, 305.0, 469.0
265, 530.0, 469.0
266, 348.0, 470.0
267, 391.0, 470.0
268, 436.0, 470.0
269, 482.0, 470.0
270, 504.0, 470.0
271, 580.0, 470.0
272, 601.0, 470.0
273, 693.0, 470.0
274, 698.0, 470.0
275, 703.0, 470.0
276, 714.0, 470.0
277, 630.0, 471.0
