0, 76.0, 10.0
1, 26.0, 12.0
2, 17.0, 15.0
3, 121.0, 26.0
4, 26.0, 28.0
5, 77.0, 31.0
6, 148.0, 32.0
7, 34.0, 35.0
8, 122.0, 37.0
9, 95.0, 38.0
10, 155.0, 39.0
11, 134.0, 40.0
12, 177.0, 41.0
13, 31.0, 44.0
14, 81.0, 44.0
15, 142.0, 44.0
16, 147.0, 44.0
17, 155.0, 44.0
18, 164.0, 47.0
19, 122.0, 49.0
20, 14.0, 51.0
21, 131.0, 51.0
22, 137.0, 52.0
23, 148.0, 55.0
24, 37.0, 56.0
25, 168.0, 56.0
26, 160.0, 58.0
27, 174.0, 62.0
28, 179.0, 64.0
29, 328.0, 68.0
30, 311.0, 74.0
31, 22.0, 79.0
32, 33.0, 82.0
33, 196.0, 82.0
34, 53.0, 88.0
35, 42.0, 91.0
36, 101.0, 91.0
37, 20.0, 93.0
38, 30.0, 96.0
39, 112.0, 96.0
40, 102.0, 97.0
41, 60.0, 98.0
42, 103.0, 103.0
43, 124.0, 103.0
44, 44.0, 106.0
45, 31.0, 108.0
46, 55.0, 109.0
47, 136.0, 109.0
48, 155.0, 110.0
49, 44.0, 111.0
50, 143.0, 111.0
51, 397.0, 113.0
52, 177.0, 114.0
53, 61.0, 115.0
54, 167.0, 115.0
55, 666.0, 115.0
56, 153.0, 117.0
57, 206.0, 118.0
58, 197.0, 120.0
59, 174.0, 123.0
60, 231.0, 124.0
61, 194.0, 126.0
62, 203.0, 126.0
63, 241.0, 132.0
64, 246.0, 134.0
65, 229.0, 136.0
66, 267.0, 136.0
67, 244.0, 146.0
68, 227.0, 149.0
69, 227.0, 154.0
70, 428.0, 156.0
71, 250.0, 161.0
72, 265.0, 163.0
73, 344.0, 164.0
74, 227.0, 169.0
75, 232.0, 170.0
76, 250.0, 174.0
77, 224.0, 176.0
78, 226.0, 184.0
79, 231.0, 185.0
80, 146.0, 189.0
81, 374.0, 189.0
82, 245.0, 190.0
83, 223.0, 191.0
84, 164.0, 193.0
85, 221.0, 196.0
86, 240.0, 199.0
87, 308.0, 199.0
88, 189.0, 201.0
89, 246.0, 204.0
90, 252.0, 204.0
91, 257.0, 205.0
92, 306.0, 209.0
93, 296.0, 212.0
94, 240.0, 213.0
95, 306.0, 214.0
96, 264.0, 217.0
97, 281.0, 217.0
98, 256.0, 218.0
99, 239.0, 223.0
100, 255.0, 227.0
101, 240.0, 228.0
102, 281.0, 228.0
103, 264.0, 229.0
104, 724.0, 232.0
105, 241.0, 233.0
106, 283.0, 235.0
107, 739.0, 239.0
108, 242.0, 241.0
109, 302.0, 244.0
110, 715.0, 252.0
111, 742.0, 252.0
112, 706.0, 270.0
113, 285.0, 272.0
114, 324.0, 280.0
115, 341.0, 280.0
116, 735.0, 284.0
117, 93.0, 286.0
118, 306.0, 292.0
119, 693.0, 294.0
120, 450.0, 303.0
121, 701.0, 303.0
122, 357.0, 304.0
123, 375.0, 305.0
124, 643.0, 306.0
125, 711.0, 306.0
126, 724.0, 306.0
127, 685.0, 308.0
128, 680.0, 310.0
129, 397.0, 312.0
130, 676.0, 315.0
131, 740.0, 316.0
132, 667.0, 318.0
133, 412.0, 319.0
134, 718.0, 324.0
135, 732.0, 332.0
136, 710.0, 348.0
137, 45.0, 353.0
138, 728.0, 359.0
139, 743.0, 367.0
140, 22.0, 376.0
141, 61.0, 392.0
142, 81.0, 392.0
143, 408.0, 396.0
144, 414.0, 408.0
145, 425.0, 409.0
146, 562.0, 412.0
147, 340.0, 416.0
148, 586.0, 418.0
149, 54.0, 420.0
150, 545.0, 421.0
151, 555.0, 422.0
152, 518.0, 424.0
153, 8.0, 425.0
154, 571.0, 428.0
155, 540.0, 429.0
156, 422.0, 430.0
157, 49.0, 432.0
158, 165.0, 432.0
159, 564.0, 434.0
160, 378.0, 435.0
161, 424.0, 435.0
162, 310.0, 436.0
163, 555.0, 437.0
164, 574.0, 439.0
165, 585.0, 440.0
166, 563.0, 445.0
167, 549.0, 446.0
168, 589.0, 447.0
169, 27.0, 448.0
170, 431.0, 452.0
171, 595.0, 452.0
172, 519.0, 457.0
173, 433.0, 458.0
174, 550.0, 459.0
175, 562.0, 462.0
176, 197.0, 463.0
177, 436.0, 463.0
178, 437.0, 468.0
179, 595.0, 471.0
