0, 196.0, 8.0
1, 319.0, 10.0
2, 339.0, 10.0
3, 543.0, 10.0
4, 328.0, 16.0
5, 178.0, 18.0
6, 193.0, 19.0
7, 198.0, 19.0
8, 186.0, 20.0
9, 337.0, 26.0
10, 320.0, 27.0
11, 539.0, 28.0
12, 327.0, 35.0
13, 321.0, 46.0
14, 340.0, 46.0
15, 11.0, 48.0
16, 13.0, 53.0
17, 15.0, 58.0
18, 19.0, 73.0
19, 669.0, 83.0
20, 21.0, 95.0
21, 741.0, 109.0
22, 231.0, 114.0
23, 198.0, 116.0
24, 743.0, 116.0
25, 93.0, 118.0
26, 23.0, 119.0
27, 53.0, 128.0
28, 296.0, 129.0
29, 69.0, 131.0
30, 39.0, 133.0
31, 62.0, 135.0
32, 206.0, 136.0
33, 441.0, 138.0
34, 656.0, 140.0
35, 72.0, 141.0
36, 42.0, 142.0
37, 656.0, 145.0
38, 9.0, 150.0
39, 73.0, 155.0
40, 49.0, 156.0
41, 62.0, 156.0
42, 105.0, 162.0
43, 15.0, 168.0
44, 30.0, 168.0
45, 651.0, 170.0
46, 227.0, 171.0
47, 303.0, 173.0
48, 296.0, 174.0
49, 314.0, 174.0
50, 108.0, 175.0
51, 42.0, 177.0
52, 32.0, 178.0
53, 59.0, 179.0
54, 648.0, 180.0
55, 33.0, 183.0
56, 101.0, 184.0
57, 434.0, 184.0
58, 518.0, 185.0
59, 84.0, 188.0
60, 442.0, 189.0
61, 487.0, 189.0
62, 419.0, 190.0
63, 465.0, 190.0
64, 61.0, 191.0
65, 644.0, 194.0
66, 63.0, 196.0
67, 229.0, 196.0
68, 31.0, 198.0
69, 210.0, 198.0
70, 191.0, 200.0
71, 515.0, 200.0
72, 66.0, 201.0
73, 502.0, 201.0
74, 426.0, 202.0
75, 451.0, 202.0
76, 439.0, 203.0
77, 477.0, 203.0
78, 627.0, 203.0
79, 375.0, 204.0
80, 491.0, 204.0
81, 634.0, 204.0
82, 98.0, 205.0
83, 639.0, 205.0
84, 284.0, 206.0
85, 616.0, 207.0
86, 89.0, 210.0
87, 307.0, 211.0
88, 109.0, 212.0
89, 82.0, 213.0
90, 708.0, 213.0
91, 625.0, 215.0
92, 520.0, 216.0
93, 659.0, 216.0
94, 213.0, 218.0
95, 428.0, 218.0
96, 439.0, 218.0
97, 469.0, 218.0
98, 567.0, 218.0
99, 554.0, 220.0
100, 592.0, 220.0
101, 615.0, 220.0
102, 635.0, 221.0
103, 579.0, 222.0
104, 680.0, 222.0
105, 537.0, 223.0
106, 93.0, 224.0
107, 656.0, 224.0
108, 516.0, 226.0
109, 603.0, 227.0
110, 131.0, 228.0
111, 85.0, 229.0
112, 90.0, 231.0
113, 214.0, 231.0
114, 308.0, 231.0
115, 436.0, 231.0
116, 265.0, 232.0
117, 270.0, 232.0
118, 352.0, 232.0
119, 402.0, 232.0
120, 431.0, 232.0
121, 442.0, 232.0
122, 482.0, 232.0
123, 614.0, 232.0
124, 275.0, 233.0
125, 286.0, 233.0
126, 381.0, 233.0
127, 370.0, 234.0
128, 376.0, 234.0
129, 463.0, 234.0
130, 647.0, 234.0
131, 97.0, 235.0
132, 560.0, 235.0
133, 575.0, 235.0
134, 87.0, 237.0
135, 234.0, 237.0
136, 155.0, 238.0
137, 112.0, 239.0
138, 461.0, 240.0
139, 235.0, 242.0
140, 245.0, 243.0
141, 466.0, 243.0
142, 145.0, 244.0
143, 194.0, 244.0
144, 216.0, 244.0
145, 225.0, 244.0
146, 674.0, 244.0
147, 181.0, 245.0
148, 431.0, 245.0
149, 441.0, 245.0
150, 203.0, 246.0
151, 257.0, 246.0
152, 556.0, 246.0
153, 163.0, 247.0
154, 168.0, 247.0
155, 644.0, 247.0
156, 153.0, 248.0
157, 158.0, 248.0
158, 384.0, 248.0
159, 470.0, 248.0
160, 131.0, 249.0
161, 451.0, 249.0
162, 620.0, 249.0
163, 604.0, 250.0
164, 109.0, 251.0
165, 118.0, 251.0
166, 575.0, 251.0
167, 142.0, 252.0
168, 441.0, 252.0
169, 458.0, 252.0
170, 463.0, 252.0
171, 547.0, 252.0
172, 94.0, 253.0
173, 430.0, 254.0
174, 497.0, 254.0
175, 479.0, 255.0
176, 502.0, 255.0
177, 632.0, 256.0
178, 120.0, 257.0
179, 380.0, 257.0
180, 421.0, 259.0
181, 385.0, 260.0
182, 106.0, 261.0
183, 120.0, 262.0
184, 622.0, 262.0
185, 157.0, 263.0
186, 133.0, 264.0
187, 147.0, 264.0
188, 175.0, 264.0
189, 126.0, 265.0
190, 246.0, 266.0
191, 423.0, 268.0
192, 476.0, 269.0
193, 665.0, 269.0
194, 121.0, 270.0
195, 440.0, 270.0
196, 639.0, 270.0
197, 151.0, 271.0
198, 163.0, 272.0
199, 110.0, 274.0
200, 241.0, 274.0
201, 495.0, 274.0
202, 119.0, 275.0
203, 134.0, 275.0
204, 468.0, 275.0
205, 430.0, 276.0
206, 174.0, 277.0
207, 179.0, 278.0
208, 101.0, 279.0
209, 153.0, 279.0
210, 285.0, 279.0
211, 142.0, 280.0
212, 328.0, 280.0
213, 440.0, 280.0
214, 687.0, 281.0
215, 390.0, 282.0
216, 126.0, 284.0
217, 373.0, 284.0
218, 440.0, 285.0
219, 445.0, 285.0
220, 450.0, 285.0
221, 168.0, 286.0
222, 179.0, 286.0
223, 187.0, 286.0
224, 432.0, 287.0
225, 472.0, 287.0
226, 257.0, 288.0
227, 148.0, 289.0
228, 157.0, 289.0
229, 355.0, 290.0
230, 228.0, 291.0
231, 244.0, 291.0
232, 338.0, 291.0
233, 541.0, 291.0
234, 546.0, 291.0
235, 388.0, 292.0
236, 101.0, 295.0
237, 374.0, 295.0
238, 168.0, 296.0
239, 361.0, 296.0
240, 133.0, 297.0
241, 275.0, 297.0
242, 138.0, 298.0
243, 530.0, 298.0
244, 143.0, 299.0
245, 148.0, 299.0
246, 154.0, 299.0
247, 92.0, 300.0
248, 346.0, 301.0
249, 86.0, 302.0
250, 252.0, 302.0
251, 230.0, 303.0
252, 235.0, 303.0
253, 240.0, 303.0
254, 221.0, 304.0
255, 391.0, 304.0
256, 307.0, 305.0
257, 375.0, 305.0
258, 361.0, 306.0
259, 452.0, 306.0
260, 352.0, 307.0
261, 392.0, 309.0
262, 243.0, 310.0
263, 249.0, 310.0
264, 151.0, 311.0
265, 352.0, 312.0
266, 8.0, 313.0
267, 196.0, 314.0
268, 366.0, 314.0
269, 318.0, 315.0
270, 342.0, 315.0
271, 392.0, 315.0
272, 217.0, 316.0
273, 235.0, 316.0
274, 268.0, 316.0
275, 297.0, 316.0
276, 640.0, 316.0
277, 209.0, 317.0
278, 610.0, 317.0
279, 351.0, 318.0
280, 504.0, 318.0
281, 226.0, 319.0
282, 635.0, 319.0
283, 392.0, 320.0
284, 34.0, 323.0
285, 477.0, 323.0
286, 379.0, 324.0
287, 637.0, 324.0
288, 20.0, 325.0
289, 354.0, 325.0
290, 9.0, 326.0
291, 365.0, 326.0
292, 210.0, 327.0
293, 92.0, 328.0
294, 489.0, 329.0
295, 342.0, 330.0
296, 636.0, 330.0
297, 47.0, 332.0
298, 317.0, 332.0
299, 8.0, 333.0
300, 73.0, 333.0
301, 509.0, 334.0
302, 269.0, 335.0
303, 388.0, 335.0
304, 601.0, 335.0
305, 15.0, 341.0
306, 475.0, 341.0
307, 354.0, 342.0
308, 396.0, 342.0
309, 59.0, 343.0
310, 246.0, 343.0
311, 99.0, 344.0
312, 159.0, 344.0
313, 68.0, 345.0
314, 294.0, 345.0
315, 120.0, 346.0
316, 85.0, 347.0
317, 616.0, 347.0
318, 318.0, 348.0
319, 464.0, 349.0
320, 34.0, 350.0
321, 341.0, 350.0
322, 621.0, 350.0
323, 24.0, 351.0
324, 272.0, 354.0
325, 534.0, 354.0
326, 456.0, 355.0
327, 562.0, 356.0
328, 99.0, 359.0
329, 222.0, 359.0
330, 366.0, 359.0
331, 453.0, 360.0
332, 11.0, 362.0
333, 120.0, 363.0
334, 161.0, 364.0
335, 547.0, 367.0
336, 204.0, 368.0
337, 318.0, 369.0
338, 436.0, 369.0
339, 366.0, 372.0
340, 583.0, 373.0
341, 392.0, 375.0
342, 296.0, 376.0
343, 274.0, 377.0
344, 606.0, 377.0
345, 430.0, 378.0
346, 555.0, 379.0
347, 126.0, 382.0
348, 581.0, 383.0
349, 40.0, 384.0
350, 318.0, 384.0
351, 145.0, 385.0
352, 249.0, 385.0
353, 295.0, 385.0
354, 182.0, 388.0
355, 565.0, 388.0
356, 132.0, 389.0
357, 456.0, 391.0
358, 165.0, 392.0
359, 342.0, 392.0
360, 365.0, 393.0
361, 209.0, 394.0
362, 274.0, 394.0
363, 587.0, 394.0
364, 624.0, 395.0
365, 391.0, 396.0
366, 590.0, 399.0
367, 297.0, 400.0
368, 463.0, 400.0
369, 647.0, 401.0
370, 447.0, 402.0
371, 143.0, 403.0
372, 343.0, 403.0
373, 578.0, 403.0
374, 452.0, 404.0
375, 167.0, 406.0
376, 187.0, 406.0
377, 598.0, 406.0
378, 251.0, 408.0
379, 455.0, 409.0
380, 568.0, 409.0
381, 364.0, 411.0
382, 229.0, 414.0
383, 392.0, 414.0
384, 466.0, 414.0
385, 274.0, 415.0
386, 153.0, 416.0
387, 208.0, 416.0
388, 341.0, 416.0
389, 614.0, 416.0
390, 570.0, 418.0
391, 170.0, 419.0
392, 321.0, 424.0
393, 279.0, 426.0
394, 365.0, 426.0
395, 444.0, 426.0
396, 343.0, 427.0
397, 730.0, 427.0
398, 213.0, 428.0
399, 552.0, 428.0
400, 365.0, 431.0
401, 342.0, 432.0
402, 485.0, 433.0
403, 364.0, 436.0
404, 492.0, 437.0
405, 170.0, 438.0
406, 278.0, 438.0
407, 693.0, 438.0
408, 79.0, 442.0
409, 343.0, 445.0
410, 542.0, 446.0
411, 225.0, 447.0
412, 502.0, 447.0
413, 286.0, 452.0
414, 299.0, 452.0
415, 324.0, 455.0
416, 516.0, 455.0
417, 537.0, 455.0
418, 636.0, 455.0
419, 723.0, 455.0
420, 141.0, 456.0
421, 631.0, 456.0
422, 641.0, 456.0
423, 347.0, 457.0
424, 363.0, 457.0
425, 392.0, 458.0
426, 547.0, 459.0
427, 605.0, 465.0
428, 725.0, 466.0
429, 534.0, 468.0
