0, 18.0, 12.0
1, 656.0, 12.0
2, 205.0, 13.0
3, 655.0, 17.0
4, 579.0, 22.0
5, 374.0, 29.0
6, 262.0, 30.0
7, 611.0, 30.0
8, 632.0, 30.0
9, 549.0, 36.0
10, 522.0, 37.0
11, 241.0, 38.0
12, 517.0, 38.0
13, 621.0, 39.0
14, 511.0, 40.0
15, 583.0, 40.0
16, 525.0, 43.0
17, 590.0, 43.0
18, 649.0, 44.0
19, 251.0, 45.0
20, 375.0, 45.0
21, 632.0, 47.0
22, 517.0, 48.0
23, 218.0, 50.0
24, 571.0, 50.0
25, 583.0, 50.0
26, 615.0, 50.0
27, 537.0, 51.0
28, 471.0, 53.0
29, 571.0, 55.0
30, 554.0, 56.0
31, 642.0, 56.0
32, 262.0, 57.0
33, 533.0, 58.0
34, 251.0, 61.0
35, 596.0, 63.0
36, 497.0, 64.0
37, 653.0, 64.0
38, 631.0, 65.0
39, 242.0, 66.0
40, 556.0, 66.0
41, 419.0, 67.0
42, 404.0, 69.0
43, 411.0, 69.0
44, 462.0, 70.0
45, 33.0, 72.0
46, 247.0, 72.0
47, 399.0, 72.0
48, 537.0, 72.0
49, 93.0, 73.0
50, 609.0, 75.0
51, 524.0, 76.0
52, 252.0, 77.0
53, 401.0, 77.0
54, 481.0, 79.0
55, 547.0, 79.0
56, 362.0, 82.0
57, 437.0, 83.0
58, 497.0, 85.0
59, 343.0, 87.0
60, 486.0, 89.0
61, 558.0, 89.0
62, 496.0, 90.0
63, 273.0, 91.0
64, 471.0, 92.0
65, 320.0, 94.0
66, 364.0, 94.0
67, 43.0, 98.0
68, 248.0, 98.0
69, 303.0, 98.0
70, 341.0, 100.0
71, 352.0, 101.0
72, 593.0, 103.0
73, 384.0, 105.0
74, 526.0, 105.0
75, 276.0, 107.0
76, 456.0, 109.0
77, 536.0, 109.0
78, 364.0, 110.0
79, 261.0, 111.0
80, 631.0, 112.0
81, 249.0, 113.0
82, 323.0, 113.0
83, 334.0, 113.0
84, 354.0, 113.0
85, 344.0, 115.0
86, 226.0, 119.0
87, 664.0, 120.0
88, 560.0, 122.0
89, 441.0, 124.0
90, 355.0, 125.0
91, 367.0, 125.0
92, 206.0, 126.0
93, 20.0, 128.0
94, 470.0, 129.0
95, 186.0, 131.0
96, 344.0, 131.0
97, 435.0, 132.0
98, 517.0, 136.0
99, 158.0, 138.0
100, 377.0, 139.0
101, 562.0, 140.0
102, 350.0, 141.0
103, 527.0, 143.0
104, 236.0, 144.0
105, 324.0, 144.0
106, 141.0, 146.0
107, 120.0, 147.0
108, 115.0, 148.0
109, 109.0, 150.0
110, 548.0, 150.0
111, 487.0, 152.0
112, 302.0, 153.0
113, 649.0, 153.0
114, 350.0, 155.0
115, 185.0, 156.0
116, 629.0, 159.0
117, 57.0, 161.0
118, 71.0, 161.0
119, 46.0, 162.0
120, 41.0, 163.0
121, 260.0, 163.0
122, 32.0, 164.0
123, 17.0, 165.0
124, 380.0, 165.0
125, 439.0, 166.0
126, 212.0, 168.0
127, 518.0, 170.0
128, 594.0, 170.0
129, 241.0, 171.0
130, 625.0, 172.0
131, 468.0, 174.0
132, 503.0, 175.0
133, 530.0, 175.0
134, 304.0, 176.0
135, 489.0, 176.0
136, 392.0, 177.0
137, 477.0, 178.0
138, 361.0, 179.0
139, 89.0, 183.0
140, 168.0, 183.0
141, 76.0, 184.0
142, 618.0, 186.0
143, 500.0, 188.0
144, 48.0, 189.0
145, 641.0, 192.0
146, 92.0, 195.0
147, 59.0, 199.0
148, 488.0, 199.0
149, 515.0, 201.0
150, 251.0, 202.0
151, 607.0, 203.0
152, 657.0, 203.0
153, 53.0, 204.0
154, 247.0, 209.0
155, 628.0, 209.0
156, 96.0, 210.0
157, 547.0, 212.0
158, 489.0, 214.0
159, 64.0, 216.0
160, 654.0, 216.0
161, 59.0, 220.0
162, 99.0, 224.0
163, 367.0, 226.0
164, 394.0, 229.0
165, 479.0, 229.0
166, 368.0, 231.0
167, 70.0, 232.0
168, 250.0, 232.0
169, 549.0, 232.0
170, 593.0, 232.0
171, 99.0, 233.0
172, 378.0, 233.0
173, 395.0, 234.0
174, 491.0, 234.0
175, 104.0, 235.0
176, 307.0, 235.0
177, 533.0, 237.0
178, 99.0, 238.0
179, 445.0, 238.0
180, 469.0, 239.0
181, 639.0, 239.0
182, 64.0, 243.0
183, 94.0, 244.0
184, 420.0, 246.0
185, 516.0, 246.0
186, 274.0, 247.0
187, 351.0, 247.0
188, 340.0, 249.0
189, 381.0, 250.0
190, 482.0, 251.0
191, 492.0, 254.0
192, 504.0, 254.0
193, 231.0, 255.0
194, 373.0, 259.0
195, 640.0, 260.0
196, 255.0, 261.0
197, 596.0, 262.0
198, 11.0, 263.0
199, 595.0, 267.0
200, 495.0, 269.0
201, 206.0, 270.0
202, 393.0, 272.0
203, 319.0, 273.0
204, 422.0, 273.0
205, 595.0, 274.0
206, 103.0, 276.0
207, 207.0, 276.0
208, 470.0, 277.0
209, 483.0, 277.0
210, 257.0, 279.0
211, 518.0, 279.0
212, 16.0, 280.0
213, 419.0, 280.0
214, 337.0, 281.0
215, 461.0, 292.0
216, 541.0, 293.0
217, 21.0, 294.0
218, 348.0, 296.0
219, 644.0, 296.0
220, 22.0, 299.0
221, 525.0, 300.0
222, 338.0, 303.0
223, 398.0, 303.0
224, 24.0, 304.0
225, 262.0, 306.0
226, 11.0, 309.0
227, 114.0, 310.0
228, 406.0, 310.0
229, 487.0, 311.0
230, 198.0, 314.0
231, 79.0, 319.0
232, 30.0, 320.0
233, 325.0, 320.0
234, 475.0, 321.0
235, 290.0, 325.0
236, 400.0, 325.0
237, 236.0, 326.0
238, 32.0, 328.0
239, 644.0, 328.0
240, 247.0, 330.0
241, 611.0, 330.0
242, 452.0, 331.0
243, 276.0, 332.0
244, 488.0, 335.0
245, 222.0, 337.0
246, 521.0, 337.0
247, 191.0, 338.0
248, 330.0, 338.0
249, 160.0, 339.0
250, 36.0, 340.0
251, 372.0, 340.0
252, 145.0, 341.0
253, 599.0, 343.0
254, 476.0, 344.0
255, 549.0, 345.0
256, 558.0, 349.0
257, 179.0, 350.0
258, 398.0, 352.0
259, 226.0, 355.0
260, 645.0, 355.0
261, 157.0, 357.0
262, 319.0, 357.0
263, 283.0, 362.0
264, 535.0, 362.0
265, 420.0, 363.0
266, 335.0, 364.0
267, 170.0, 365.0
268, 194.0, 367.0
269, 379.0, 367.0
270, 594.0, 367.0
271, 404.0, 371.0
272, 279.0, 373.0
273, 585.0, 376.0
274, 166.0, 378.0
275, 183.0, 380.0
276, 338.0, 382.0
277, 603.0, 384.0
278, 181.0, 385.0
279, 204.0, 385.0
280, 558.0, 385.0
281, 458.0, 386.0
282, 192.0, 388.0
283, 371.0, 391.0
284, 407.0, 392.0
285, 165.0, 394.0
286, 500.0, 396.0
287, 594.0, 396.0
288, 584.0, 397.0
289, 486.0, 400.0
290, 624.0, 402.0
291, 184.0, 403.0
292, 496.0, 403.0
293, 525.0, 403.0
294, 582.0, 408.0
295, 202.0, 413.0
296, 149.0, 419.0
297, 555.0, 419.0
298, 664.0, 419.0
299, 293.0, 420.0
300, 658.0, 424.0
301, 483.0, 428.0
302, 658.0, 429.0
303, 491.0, 430.0
304, 311.0, 431.0
305, 320.0, 431.0
306, 504.0, 431.0
307, 147.0, 435.0
308, 340.0, 435.0
309, 227.0, 436.0
310, 152.0, 437.0
311, 305.0, 437.0
312, 483.0, 438.0
313, 300.0, 439.0
314, 343.0, 440.0
315, 309.0, 443.0
316, 623.0, 444.0
317, 421.0, 445.0
318, 505.0, 447.0
319, 325.0, 448.0
320, 472.0, 449.0
321, 304.0, 451.0
322, 380.0, 451.0
323, 232.0, 456.0
324, 289.0, 456.0
325, 322.0, 456.0
326, 225.0, 457.0
327, 215.0, 458.0
328, 220.0, 458.0
329, 168.0, 461.0
330, 495.0, 463.0
331, 176.0, 464.0
332, 606.0, 464.0
333, 350.0, 465.0
334, 580.0, 465.0
335, 267.0, 466.0
336, 329.0, 466.0
337, 286.0, 471.0
338, 299.0, 471.0
339, 318.0, 471.0
340, 464.0, 471.0
