0, 675.0, 23.0
1, 643.0, 29.0
2, 632.0, 34.0
3, 642.0, 34.0
4, 482.0, 40.0
5, 424.0, 47.0
6, 636.0, 48.0
7, 452.0, 50.0
8, 475.0, 62.0
9, 474.0, 67.0
10, 688.0, 71.0
11, 685.0, 88.0
12, 170.0, 108.0
13, 652.0, 111.0
14, 470.0, 112.0
15, 469.0, 117.0
16, 587.0, 134.0
17, 431.0, 137.0
18, 444.0, 142.0
19, 475.0, 143.0
20, 463.0, 144.0
21, 429.0, 150.0
22, 498.0, 150.0
23, 441.0, 151.0
24, 478.0, 152.0
25, 608.0, 159.0
26, 428.0, 161.0
27, 441.0, 162.0
28, 460.0, 163.0
29, 478.0, 164.0
30, 105.0, 168.0
31, 116.0, 170.0
32, 76.0, 173.0
33, 47.0, 174.0
34, 474.0, 175.0
35, 440.0, 176.0
36, 460.0, 178.0
37, 105.0, 180.0
38, 471.0, 180.0
39, 140.0, 186.0
40, 427.0, 186.0
41, 440.0, 186.0
42, 494.0, 188.0
43, 106.0, 191.0
44, 407.0, 194.0
45, 493.0, 194.0
46, 418.0, 196.0
47, 499.0, 197.0
48, 491.0, 200.0
49, 435.0, 203.0
50, 458.0, 204.0
51, 447.0, 205.0
52, 470.0, 207.0
53, 132.0, 209.0
54, 726.0, 209.0
55, 183.0, 212.0
56, 144.0, 218.0
57, 165.0, 220.0
58, 136.0, 221.0
59, 110.0, 223.0
60, 152.0, 225.0
61, 470.0, 225.0
62, 168.0, 228.0
63, 186.0, 235.0
64, 153.0, 236.0
65, 135.0, 240.0
66, 463.0, 240.0
67, 134.0, 251.0
68, 239.0, 258.0
69, 180.0, 261.0
70, 480.0, 264.0
71, 466.0, 269.0
72, 492.0, 269.0
73, 501.0, 271.0
74, 401.0, 272.0
75, 386.0, 275.0
76, 481.0, 276.0
77, 507.0, 281.0
78, 388.0, 284.0
79, 401.0, 284.0
80, 489.0, 285.0
81, 514.0, 285.0
82, 380.0, 286.0
83, 407.0, 288.0
84, 286.0, 290.0
85, 720.0, 290.0
86, 380.0, 291.0
87, 500.0, 292.0
88, 736.0, 293.0
89, 393.0, 294.0
90, 529.0, 295.0
91, 381.0, 296.0
92, 411.0, 298.0
93, 479.0, 299.0
94, 398.0, 302.0
95, 501.0, 303.0
96, 458.0, 304.0
97, 489.0, 306.0
98, 310.0, 308.0
99, 500.0, 308.0
100, 557.0, 309.0
101, 357.0, 310.0
102, 452.0, 316.0
103, 479.0, 316.0
104, 509.0, 317.0
105, 436.0, 319.0
106, 493.0, 321.0
107, 502.0, 321.0
108, 569.0, 321.0
109, 468.0, 322.0
110, 324.0, 323.0
111, 661.0, 323.0
112, 481.0, 326.0
113, 669.0, 327.0
114, 446.0, 329.0
115, 378.0, 331.0
116, 457.0, 331.0
117, 497.0, 331.0
118, 448.0, 334.0
119, 581.0, 337.0
120, 586.0, 339.0
121, 484.0, 341.0
122, 471.0, 343.0
123, 476.0, 343.0
124, 548.0, 345.0
125, 592.0, 347.0
126, 66.0, 364.0
127, 481.0, 364.0
128, 79.0, 365.0
129, 459.0, 368.0
130, 65.0, 369.0
131, 373.0, 370.0
132, 669.0, 373.0
133, 435.0, 374.0
134, 449.0, 374.0
135, 374.0, 375.0
136, 429.0, 375.0
137, 705.0, 376.0
138, 424.0, 377.0
139, 185.0, 381.0
140, 421.0, 382.0
141, 468.0, 382.0
142, 657.0, 382.0
143, 78.0, 383.0
144, 148.0, 384.0
145, 455.0, 385.0
146, 45.0, 388.0
147, 489.0, 388.0
148, 380.0, 391.0
149, 69.0, 392.0
150, 447.0, 392.0
151, 34.0, 393.0
152, 158.0, 394.0
153, 437.0, 395.0
154, 479.0, 395.0
155, 463.0, 397.0
156, 30.0, 399.0
157, 158.0, 399.0
158, 132.0, 401.0
159, 142.0, 401.0
160, 453.0, 401.0
161, 436.0, 402.0
162, 380.0, 403.0
163, 694.0, 404.0
164, 441.0, 405.0
165, 51.0, 406.0
166, 487.0, 407.0
167, 381.0, 408.0
168, 31.0, 412.0
169, 462.0, 412.0
170, 477.0, 412.0
171, 126.0, 414.0
172, 103.0, 417.0
173, 719.0, 418.0
174, 450.0, 423.0
175, 725.0, 430.0
176, 712.0, 438.0
177, 460.0, 439.0
178, 75.0, 440.0
179, 482.0, 440.0
180, 728.0, 444.0
181, 383.0, 445.0
182, 468.0, 450.0
183, 45.0, 451.0
184, 472.0, 458.0
185, 360.0, 460.0
186, 17.0, 464.0
187, 388.0, 464.0
188, 568.0, 465.0
189, 440.0, 470.0
190, 9.0, 471.0
