0, 18.0, 12.0
1, 8.0, 23.0
2, 40.0, 25.0
3, 302.0, 27.0
4, 313.0, 29.0
5, 239.0, 30.0
6, 250.0, 30.0
7, 217.0, 31.0
8, 27.0, 53.0
9, 11.0, 58.0
10, 151.0, 70.0
11, 287.0, 71.0
12, 313.0, 73.0
13, 306.0, 107.0
14, 42.0, 108.0
15, 315.0, 108.0
16, 231.0, 110.0
17, 317.0, 128.0
18, 250.0, 139.0
19, 261.0, 139.0
20, 203.0, 141.0
21, 364.0, 141.0
22, 236.0, 146.0
23, 255.0, 148.0
24, 169.0, 149.0
25, 214.0, 149.0
26, 250.0, 150.0
27, 270.0, 152.0
28, 256.0, 153.0
29, 394.0, 155.0
30, 399.0, 156.0
31, 404.0, 158.0
32, 122.0, 160.0
33, 159.0, 160.0
34, 117.0, 161.0
35, 409.0, 161.0
36, 57.0, 163.0
37, 145.0, 163.0
38, 198.0, 163.0
39, 208.0, 163.0
40, 225.0, 165.0
41, 417.0, 166.0
42, 236.0, 167.0
43, 293.0, 167.0
44, 433.0, 167.0
45, 60.0, 168.0
46, 76.0, 168.0
47, 182.0, 170.0
48, 161.0, 172.0
49, 337.0, 172.0
50, 443.0, 172.0
51, 221.0, 174.0
52, 293.0, 174.0
53, 211.0, 179.0
54, 317.0, 180.0
55, 308.0, 181.0
56, 184.0, 183.0
57, 158.0, 185.0
58, 323.0, 185.0
59, 222.0, 190.0
60, 337.0, 190.0
61, 254.0, 192.0
62, 276.0, 192.0
63, 354.0, 192.0
64, 83.0, 195.0
65, 308.0, 195.0
66, 72.0, 197.0
67, 474.0, 201.0
68, 282.0, 202.0
69, 292.0, 203.0
70, 307.0, 209.0
71, 272.0, 211.0
72, 88.0, 218.0
73, 83.0, 219.0
74, 172.0, 221.0
75, 238.0, 225.0
76, 309.0, 225.0
77, 342.0, 225.0
78, 119.0, 226.0
79, 127.0, 228.0
80, 464.0, 228.0
81, 132.0, 229.0
82, 353.0, 230.0
83, 290.0, 232.0
84, 301.0, 232.0
85, 265.0, 234.0
86, 338.0, 234.0
87, 310.0, 235.0
88, 151.0, 239.0
89, 144.0, 240.0
90, 323.0, 241.0
91, 295.0, 243.0
92, 325.0, 246.0
93, 341.0, 246.0
94, 96.0, 248.0
95, 230.0, 248.0
96, 257.0, 248.0
97, 262.0, 248.0
98, 235.0, 249.0
99, 284.0, 250.0
100, 354.0, 250.0
101, 326.0, 251.0
102, 361.0, 251.0
103, 120.0, 252.0
104, 91.0, 253.0
105, 309.0, 254.0
106, 366.0, 254.0
107, 97.0, 258.0
108, 216.0, 259.0
109, 176.0, 262.0
110, 105.0, 265.0
111, 129.0, 266.0
112, 233.0, 267.0
113, 492.0, 268.0
114, 104.0, 270.0
115, 120.0, 270.0
116, 206.0, 271.0
117, 307.0, 271.0
118, 275.0, 272.0
119, 292.0, 272.0
120, 389.0, 272.0
121, 107.0, 275.0
122, 240.0, 276.0
123, 399.0, 276.0
124, 133.0, 277.0
125, 309.0, 279.0
126, 329.0, 279.0
127, 367.0, 282.0
128, 275.0, 284.0
129, 115.0, 286.0
130, 123.0, 286.0
131, 310.0, 287.0
132, 108.0, 289.0
133, 136.0, 293.0
134, 237.0, 293.0
135, 387.0, 294.0
136, 464.0, 296.0
137, 148.0, 297.0
138, 223.0, 298.0
139, 168.0, 299.0
140, 193.0, 300.0
141, 466.0, 301.0
142, 179.0, 302.0
143, 497.0, 303.0
144, 123.0, 305.0
145, 371.0, 305.0
146, 411.0, 305.0
147, 128.0, 306.0
148, 136.0, 307.0
149, 211.0, 308.0
150, 273.0, 308.0
151, 312.0, 310.0
152, 462.0, 310.0
153, 486.0, 310.0
154, 235.0, 311.0
155, 394.0, 311.0
156, 405.0, 311.0
157, 152.0, 312.0
158, 299.0, 313.0
159, 380.0, 313.0
160, 418.0, 313.0
161, 221.0, 314.0
162, 114.0, 315.0
163, 361.0, 315.0
164, 192.0, 316.0
165, 514.0, 316.0
166, 200.0, 318.0
167, 157.0, 319.0
168, 336.0, 319.0
169, 469.0, 320.0
170, 132.0, 321.0
171, 126.0, 323.0
172, 390.0, 323.0
173, 485.0, 323.0
174, 121.0, 324.0
175, 326.0, 324.0
176, 292.0, 325.0
177, 105.0, 326.0
178, 111.0, 327.0
179, 116.0, 327.0
180, 491.0, 328.0
181, 201.0, 330.0
182, 246.0, 330.0
183, 463.0, 330.0
184, 81.0, 331.0
185, 137.0, 331.0
186, 212.0, 331.0
187, 330.0, 332.0
188, 441.0, 333.0
189, 455.0, 333.0
190, 273.0, 334.0
191, 316.0, 334.0
192, 500.0, 335.0
193, 66.0, 336.0
194, 211.0, 336.0
195, 470.0, 336.0
196, 167.0, 338.0
197, 506.0, 339.0
198, 228.0, 342.0
199, 133.0, 344.0
200, 514.0, 344.0
201, 555.0, 344.0
202, 157.0, 345.0
203, 262.0, 345.0
204, 167.0, 346.0
205, 281.0, 346.0
206, 297.0, 347.0
207, 328.0, 347.0
208, 317.0, 349.0
209, 46.0, 350.0
210, 272.0, 352.0
211, 283.0, 354.0
212, 455.0, 354.0
213, 244.0, 357.0
214, 225.0, 360.0
215, 535.0, 360.0
216, 581.0, 360.0
217, 136.0, 361.0
218, 464.0, 361.0
219, 208.0, 364.0
220, 278.0, 365.0
221, 264.0, 368.0
222, 269.0, 368.0
223, 545.0, 368.0
224, 329.0, 369.0
225, 124.0, 370.0
226, 166.0, 370.0
227, 320.0, 370.0
228, 144.0, 373.0
229, 71.0, 374.0
230, 457.0, 374.0
231, 175.0, 376.0
232, 559.0, 376.0
233, 119.0, 377.0
234, 460.0, 379.0
235, 46.0, 381.0
236, 322.0, 381.0
237, 160.0, 382.0
238, 84.0, 384.0
239, 170.0, 384.0
240, 298.0, 387.0
241, 574.0, 387.0
242, 68.0, 388.0
243, 123.0, 388.0
244, 141.0, 389.0
245, 219.0, 389.0
246, 203.0, 391.0
247, 56.0, 392.0
248, 92.0, 392.0
249, 89.0, 397.0
250, 237.0, 398.0
251, 156.0, 399.0
252, 100.0, 405.0
253, 599.0, 406.0
254, 79.0, 407.0
255, 338.0, 407.0
256, 460.0, 407.0
257, 111.0, 408.0
258, 217.0, 408.0
259, 325.0, 409.0
260, 119.0, 411.0
261, 77.0, 412.0
262, 331.0, 412.0
263, 94.0, 413.0
264, 296.0, 413.0
265, 106.0, 415.0
266, 263.0, 418.0
267, 113.0, 421.0
268, 136.0, 421.0
269, 253.0, 421.0
270, 281.0, 421.0
271, 64.0, 422.0
272, 91.0, 423.0
273, 123.0, 423.0
274, 243.0, 423.0
275, 326.0, 425.0
276, 213.0, 426.0
277, 197.0, 427.0
278, 306.0, 427.0
279, 205.0, 430.0
280, 244.0, 430.0
281, 264.0, 431.0
282, 282.0, 431.0
283, 95.0, 432.0
284, 74.0, 435.0
285, 210.0, 435.0
286, 254.0, 435.0
287, 695.0, 435.0
288, 343.0, 436.0
289, 633.0, 437.0
290, 211.0, 443.0
291, 53.0, 448.0
292, 155.0, 449.0
293, 89.0, 452.0
294, 51.0, 453.0
295, 507.0, 455.0
296, 64.0, 457.0
297, 75.0, 457.0
298, 50.0, 458.0
299, 149.0, 459.0
300, 165.0, 461.0
301, 50.0, 463.0
302, 50.0, 468.0
303, 672.0, 469.0
304, 206.0, 470.0
305, 521.0, 470.0
306, 188.0, 471.0
