0, 553.0, 8.0
1, 374.0, 16.0
2, 100.0, 22.0
3, 375.0, 33.0
4, 102.0, 48.0
5, 303.0, 49.0
6, 375.0, 49.0
7, 304.0, 54.0
8, 375.0, 58.0
9, 303.0, 59.0
10, 693.0, 63.0
11, 398.0, 66.0
12, 513.0, 69.0
13, 375.0, 70.0
14, 375.0, 75.0
15, 304.0, 77.0
16, 375.0, 81.0
17, 451.0, 81.0
18, 305.0, 82.0
19, 233.0, 84.0
20, 306.0, 88.0
21, 105.0, 91.0
22, 72.0, 93.0
23, 375.0, 94.0
24, 375.0, 99.0
25, 306.0, 100.0
26, 277.0, 104.0
27, 249.0, 107.0
28, 254.0, 107.0
29, 263.0, 107.0
30, 479.0, 107.0
31, 166.0, 109.0
32, 375.0, 109.0
33, 307.0, 110.0
34, 175.0, 111.0
35, 186.0, 111.0
36, 397.0, 111.0
37, 232.0, 113.0
38, 164.0, 115.0
39, 400.0, 117.0
40, 410.0, 117.0
41, 442.0, 117.0
42, 447.0, 117.0
43, 471.0, 117.0
44, 478.0, 117.0
45, 485.0, 117.0
46, 77.0, 118.0
47, 56.0, 119.0
48, 135.0, 119.0
49, 525.0, 119.0
50, 538.0, 119.0
51, 253.0, 120.0
52, 533.0, 121.0
53, 95.0, 122.0
54, 136.0, 124.0
55, 161.0, 124.0
56, 304.0, 124.0
57, 353.0, 124.0
58, 538.0, 124.0
59, 375.0, 125.0
60, 530.0, 131.0
61, 318.0, 132.0
62, 330.0, 132.0
63, 397.0, 132.0
64, 538.0, 134.0
65, 359.0, 139.0
66, 311.0, 140.0
67, 331.0, 141.0
68, 336.0, 141.0
69, 345.0, 141.0
70, 375.0, 141.0
71, 396.0, 141.0
72, 84.0, 142.0
73, 304.0, 142.0
74, 494.0, 144.0
75, 507.0, 144.0
76, 528.0, 144.0
77, 219.0, 147.0
78, 386.0, 147.0
79, 360.0, 148.0
80, 312.0, 149.0
81, 520.0, 150.0
82, 285.0, 152.0
83, 312.0, 155.0
84, 347.0, 156.0
85, 173.0, 157.0
86, 277.0, 157.0
87, 305.0, 157.0
88, 375.0, 157.0
89, 328.0, 158.0
90, 333.0, 158.0
91, 395.0, 158.0
92, 270.0, 161.0
93, 257.0, 163.0
94, 289.0, 163.0
95, 359.0, 166.0
96, 90.0, 167.0
97, 104.0, 168.0
98, 193.0, 169.0
99, 375.0, 169.0
100, 322.0, 170.0
101, 394.0, 170.0
102, 280.0, 171.0
103, 335.0, 171.0
104, 738.0, 171.0
105, 136.0, 172.0
106, 257.0, 172.0
107, 141.0, 173.0
108, 305.0, 173.0
109, 147.0, 174.0
110, 245.0, 174.0
111, 402.0, 174.0
112, 176.0, 175.0
113, 271.0, 175.0
114, 350.0, 175.0
115, 359.0, 176.0
116, 251.0, 177.0
117, 368.0, 177.0
118, 495.0, 177.0
119, 190.0, 179.0
120, 230.0, 180.0
121, 252.0, 182.0
122, 291.0, 182.0
123, 496.0, 182.0
124, 350.0, 183.0
125, 270.0, 184.0
126, 305.0, 184.0
127, 329.0, 184.0
128, 281.0, 185.0
129, 116.0, 186.0
130, 733.0, 186.0
131, 349.0, 188.0
132, 493.0, 188.0
133, 512.0, 188.0
134, 530.0, 188.0
135, 128.0, 190.0
136, 190.0, 191.0
137, 460.0, 191.0
138, 102.0, 192.0
139, 328.0, 192.0
140, 452.0, 192.0
141, 263.0, 194.0
142, 390.0, 196.0
143, 517.0, 198.0
144, 112.0, 199.0
145, 319.0, 199.0
146, 710.0, 199.0
147, 78.0, 200.0
148, 302.0, 200.0
149, 210.0, 202.0
150, 480.0, 202.0
151, 136.0, 203.0
152, 102.0, 204.0
153, 124.0, 204.0
154, 322.0, 204.0
155, 327.0, 204.0
156, 507.0, 204.0
157, 73.0, 205.0
158, 276.0, 205.0
159, 372.0, 205.0
160, 255.0, 207.0
161, 317.0, 208.0
162, 496.0, 208.0
163, 200.0, 210.0
164, 288.0, 210.0
165, 353.0, 210.0
166, 386.0, 210.0
167, 527.0, 210.0
168, 209.0, 211.0
169, 451.0, 211.0
170, 300.0, 212.0
171, 428.0, 212.0
172, 438.0, 212.0
173, 343.0, 213.0
174, 405.0, 214.0
175, 238.0, 216.0
176, 370.0, 216.0
177, 391.0, 216.0
178, 589.0, 216.0
179, 36.0, 217.0
180, 465.0, 217.0
181, 253.0, 219.0
182, 418.0, 220.0
183, 269.0, 221.0
184, 370.0, 221.0
185, 450.0, 221.0
186, 626.0, 221.0
187, 8.0, 223.0
188, 283.0, 223.0
189, 429.0, 223.0
190, 484.0, 223.0
191, 473.0, 225.0
192, 521.0, 225.0
193, 378.0, 226.0
194, 441.0, 226.0
195, 307.0, 227.0
196, 317.0, 227.0
197, 493.0, 228.0
198, 701.0, 228.0
199, 711.0, 228.0
200, 247.0, 229.0
201, 678.0, 229.0
202, 720.0, 230.0
203, 237.0, 231.0
204, 351.0, 233.0
205, 91.0, 234.0
206, 330.0, 234.0
207, 342.0, 234.0
208, 362.0, 235.0
209, 562.0, 237.0
210, 546.0, 238.0
211, 577.0, 238.0
212, 375.0, 240.0
213, 492.0, 240.0
214, 398.0, 241.0
215, 589.0, 242.0
216, 386.0, 243.0
217, 627.0, 243.0
218, 412.0, 244.0
219, 243.0, 246.0
220, 425.0, 246.0
221, 491.0, 246.0
222, 434.0, 248.0
223, 601.0, 248.0
224, 614.0, 248.0
225, 416.0, 249.0
226, 444.0, 250.0
227, 644.0, 251.0
228, 629.0, 252.0
229, 91.0, 253.0
230, 472.0, 254.0
231, 663.0, 254.0
232, 458.0, 255.0
233, 732.0, 256.0
234, 674.0, 257.0
235, 692.0, 259.0
236, 236.0, 260.0
237, 505.0, 260.0
238, 707.0, 260.0
239, 245.0, 261.0
240, 487.0, 261.0
241, 636.0, 261.0
242, 348.0, 264.0
243, 512.0, 264.0
244, 517.0, 264.0
245, 530.0, 265.0
246, 559.0, 266.0
247, 378.0, 267.0
248, 564.0, 268.0
249, 569.0, 268.0
250, 524.0, 269.0
251, 619.0, 269.0
252, 718.0, 269.0
253, 638.0, 270.0
254, 337.0, 272.0
255, 357.0, 272.0
256, 407.0, 272.0
257, 422.0, 274.0
258, 585.0, 274.0
259, 672.0, 275.0
260, 375.0, 277.0
261, 618.0, 277.0
262, 660.0, 278.0
263, 665.0, 278.0
264, 325.0, 279.0
265, 336.0, 279.0
266, 634.0, 280.0
267, 489.0, 281.0
268, 599.0, 281.0
269, 356.0, 282.0
270, 404.0, 284.0
271, 612.0, 285.0
272, 646.0, 287.0
273, 641.0, 288.0
274, 696.0, 288.0
275, 274.0, 289.0
276, 468.0, 292.0
277, 710.0, 292.0
278, 344.0, 293.0
279, 715.0, 293.0
280, 386.0, 295.0
281, 426.0, 298.0
282, 255.0, 300.0
283, 463.0, 302.0
284, 106.0, 304.0
285, 351.0, 306.0
286, 307.0, 311.0
287, 250.0, 314.0
288, 579.0, 316.0
289, 390.0, 318.0
290, 473.0, 318.0
291, 499.0, 321.0
292, 231.0, 322.0
293, 131.0, 324.0
294, 207.0, 324.0
295, 572.0, 324.0
296, 307.0, 326.0
297, 486.0, 327.0
298, 345.0, 328.0
299, 249.0, 329.0
300, 278.0, 330.0
301, 258.0, 333.0
302, 87.0, 340.0
303, 273.0, 343.0
304, 344.0, 343.0
305, 74.0, 345.0
306, 407.0, 346.0
307, 667.0, 350.0
308, 292.0, 351.0
309, 510.0, 354.0
310, 220.0, 355.0
311, 201.0, 359.0
312, 554.0, 359.0
313, 151.0, 361.0
314, 80.0, 362.0
315, 220.0, 363.0
316, 263.0, 364.0
317, 733.0, 367.0
318, 560.0, 368.0
319, 347.0, 370.0
320, 546.0, 371.0
321, 40.0, 372.0
322, 399.0, 372.0
323, 206.0, 373.0
324, 235.0, 374.0
325, 357.0, 374.0
326, 94.0, 376.0
327, 215.0, 377.0
328, 192.0, 378.0
329, 221.0, 379.0
330, 544.0, 380.0
331, 425.0, 381.0
332, 433.0, 384.0
333, 367.0, 385.0
334, 152.0, 386.0
335, 328.0, 387.0
336, 340.0, 388.0
337, 380.0, 390.0
338, 237.0, 391.0
339, 666.0, 391.0
340, 25.0, 392.0
341, 248.0, 392.0
342, 464.0, 392.0
343, 353.0, 393.0
344, 695.0, 394.0
345, 505.0, 395.0
346, 364.0, 397.0
347, 49.0, 400.0
348, 617.0, 401.0
349, 450.0, 402.0
350, 470.0, 403.0
351, 220.0, 404.0
352, 458.0, 405.0
353, 126.0, 410.0
354, 136.0, 411.0
355, 303.0, 412.0
356, 93.0, 414.0
357, 404.0, 416.0
358, 489.0, 416.0
359, 425.0, 418.0
360, 590.0, 419.0
361, 327.0, 421.0
362, 239.0, 424.0
363, 154.0, 430.0
364, 378.0, 432.0
365, 471.0, 432.0
366, 436.0, 434.0
367, 251.0, 435.0
368, 576.0, 437.0
369, 237.0, 441.0
370, 223.0, 442.0
371, 465.0, 445.0
372, 592.0, 445.0
373, 556.0, 447.0
374, 305.0, 454.0
375, 48.0, 457.0
376, 414.0, 457.0
377, 583.0, 457.0
378, 128.0, 458.0
379, 146.0, 458.0
380, 141.0, 459.0
381, 175.0, 460.0
382, 464.0, 460.0
383, 432.0, 465.0
384, 83.0, 471.0
