0, 94.0, 8.0
1, 129.0, 8.0
2, 407.0, 8.0
3, 228.0, 9.0
4, 294.0, 9.0
5, 242.0, 12.0
6, 407.0, 13.0
7, 74.0, 14.0
8, 129.0, 14.0
9, 294.0, 14.0
10, 192.0, 15.0
11, 261.0, 15.0
12, 272.0, 15.0
13, 277.0, 15.0
14, 300.0, 17.0
15, 151.0, 18.0
16, 138.0, 19.0
17, 179.0, 19.0
18, 232.0, 19.0
19, 165.0, 20.0
20, 198.0, 20.0
21, 152.0, 23.0
22, 77.0, 24.0
23, 141.0, 26.0
24, 312.0, 27.0
25, 144.0, 35.0
26, 184.0, 35.0
27, 202.0, 35.0
28, 167.0, 36.0
29, 88.0, 37.0
30, 93.0, 45.0
31, 147.0, 46.0
32, 486.0, 47.0
33, 248.0, 52.0
34, 97.0, 55.0
35, 323.0, 55.0
36, 340.0, 55.0
37, 713.0, 55.0
38, 192.0, 56.0
39, 200.0, 56.0
40, 264.0, 56.0
41, 302.0, 56.0
42, 85.0, 57.0
43, 286.0, 57.0
44, 150.0, 58.0
45, 274.0, 58.0
46, 368.0, 58.0
47, 158.0, 59.0
48, 250.0, 59.0
49, 295.0, 59.0
50, 48.0, 60.0
51, 218.0, 60.0
52, 351.0, 60.0
53, 104.0, 61.0
54, 208.0, 61.0
55, 96.0, 63.0
56, 285.0, 63.0
57, 315.0, 63.0
58, 143.0, 64.0
59, 340.0, 64.0
60, 734.0, 64.0
61, 192.0, 67.0
62, 352.0, 70.0
63, 707.0, 72.0
64, 142.0, 73.0
65, 108.0, 74.0
66, 210.0, 76.0
67, 126.0, 77.0
68, 200.0, 77.0
69, 222.0, 77.0
70, 339.0, 77.0
71, 728.0, 77.0
72, 115.0, 78.0
73, 164.0, 78.0
74, 141.0, 80.0
75, 146.0, 80.0
76, 356.0, 80.0
77, 367.0, 80.0
78, 401.0, 82.0
79, 90.0, 83.0
80, 123.0, 86.0
81, 147.0, 86.0
82, 167.0, 88.0
83, 401.0, 88.0
84, 701.0, 88.0
85, 175.0, 89.0
86, 340.0, 90.0
87, 357.0, 91.0
88, 722.0, 93.0
89, 339.0, 96.0
90, 61.0, 97.0
91, 400.0, 98.0
92, 340.0, 101.0
93, 355.0, 103.0
94, 94.0, 110.0
95, 337.0, 110.0
96, 85.0, 111.0
97, 353.0, 112.0
98, 399.0, 112.0
99, 714.0, 112.0
100, 361.0, 113.0
101, 726.0, 116.0
102, 55.0, 118.0
103, 381.0, 118.0
104, 282.0, 119.0
105, 304.0, 119.0
106, 738.0, 120.0
107, 352.0, 121.0
108, 368.0, 121.0
109, 686.0, 122.0
110, 70.0, 126.0
111, 383.0, 127.0
112, 710.0, 127.0
113, 735.0, 127.0
114, 654.0, 128.0
115, 184.0, 129.0
116, 353.0, 129.0
117, 44.0, 130.0
118, 721.0, 130.0
119, 59.0, 131.0
120, 369.0, 131.0
121, 382.0, 132.0
122, 672.0, 132.0
123, 727.0, 133.0
124, 101.0, 135.0
125, 87.0, 136.0
126, 352.0, 136.0
127, 396.0, 136.0
128, 717.0, 138.0
129, 352.0, 141.0
130, 98.0, 142.0
131, 703.0, 143.0
132, 46.0, 145.0
133, 66.0, 147.0
134, 98.0, 148.0
135, 108.0, 148.0
136, 726.0, 150.0
137, 737.0, 150.0
138, 79.0, 156.0
139, 392.0, 159.0
140, 422.0, 159.0
141, 417.0, 160.0
142, 385.0, 161.0
143, 403.0, 172.0
144, 440.0, 173.0
145, 468.0, 173.0
146, 372.0, 180.0
147, 378.0, 193.0
148, 252.0, 202.0
149, 726.0, 209.0
150, 496.0, 214.0
151, 117.0, 222.0
152, 145.0, 223.0
153, 419.0, 223.0
154, 595.0, 224.0
155, 614.0, 224.0
156, 510.0, 226.0
157, 117.0, 227.0
158, 148.0, 229.0
159, 603.0, 231.0
160, 584.0, 234.0
161, 589.0, 234.0
162, 599.0, 236.0
163, 308.0, 237.0
164, 318.0, 237.0
165, 150.0, 238.0
166, 612.0, 238.0
167, 525.0, 239.0
168, 579.0, 240.0
169, 591.0, 240.0
170, 10.0, 241.0
171, 96.0, 242.0
172, 719.0, 243.0
173, 743.0, 243.0
174, 606.0, 244.0
175, 620.0, 244.0
176, 66.0, 245.0
177, 597.0, 245.0
178, 533.0, 247.0
179, 631.0, 247.0
180, 587.0, 248.0
181, 639.0, 249.0
182, 649.0, 251.0
183, 741.0, 252.0
184, 296.0, 253.0
185, 319.0, 255.0
186, 585.0, 256.0
187, 597.0, 257.0
188, 157.0, 258.0
189, 314.0, 259.0
190, 623.0, 259.0
191, 292.0, 261.0
192, 548.0, 263.0
193, 287.0, 265.0
194, 299.0, 266.0
195, 14.0, 269.0
196, 597.0, 273.0
197, 380.0, 274.0
198, 667.0, 274.0
199, 618.0, 276.0
200, 743.0, 276.0
201, 718.0, 279.0
202, 35.0, 282.0
203, 414.0, 282.0
204, 734.0, 282.0
205, 19.0, 283.0
206, 692.0, 283.0
207, 402.0, 284.0
208, 672.0, 284.0
209, 697.0, 284.0
210, 365.0, 285.0
211, 702.0, 285.0
212, 612.0, 286.0
213, 134.0, 288.0
214, 375.0, 288.0
215, 388.0, 288.0
216, 8.0, 289.0
217, 126.0, 289.0
218, 165.0, 290.0
219, 174.0, 290.0
220, 699.0, 291.0
221, 346.0, 292.0
222, 68.0, 296.0
223, 73.0, 296.0
224, 148.0, 296.0
225, 366.0, 296.0
226, 683.0, 296.0
227, 139.0, 297.0
228, 200.0, 298.0
229, 207.0, 298.0
230, 356.0, 298.0
231, 194.0, 299.0
232, 337.0, 299.0
233, 110.0, 300.0
234, 213.0, 300.0
235, 47.0, 302.0
236, 95.0, 302.0
237, 171.0, 303.0
238, 84.0, 304.0
239, 688.0, 304.0
240, 713.0, 304.0
241, 600.0, 305.0
242, 731.0, 305.0
243, 21.0, 306.0
244, 53.0, 306.0
245, 287.0, 306.0
246, 326.0, 306.0
247, 358.0, 306.0
248, 702.0, 306.0
249, 61.0, 307.0
250, 743.0, 307.0
251, 149.0, 308.0
252, 137.0, 309.0
253, 188.0, 309.0
254, 278.0, 309.0
255, 599.0, 310.0
256, 612.0, 311.0
257, 154.0, 312.0
258, 266.0, 312.0
259, 335.0, 312.0
260, 695.0, 312.0
261, 710.0, 313.0
262, 216.0, 314.0
263, 288.0, 314.0
264, 719.0, 314.0
265, 181.0, 315.0
266, 8.0, 316.0
267, 231.0, 316.0
268, 729.0, 317.0
269, 59.0, 318.0
270, 167.0, 318.0
271, 64.0, 319.0
272, 304.0, 319.0
273, 743.0, 320.0
274, 73.0, 322.0
275, 253.0, 322.0
276, 105.0, 323.0
277, 83.0, 324.0
278, 705.0, 324.0
279, 185.0, 325.0
280, 131.0, 326.0
281, 171.0, 326.0
282, 289.0, 328.0
283, 299.0, 328.0
284, 728.0, 328.0
285, 70.0, 330.0
286, 605.0, 330.0
287, 113.0, 332.0
288, 53.0, 334.0
289, 102.0, 334.0
290, 713.0, 335.0
291, 112.0, 337.0
292, 736.0, 339.0
293, 698.0, 340.0
294, 289.0, 341.0
295, 294.0, 341.0
296, 284.0, 342.0
297, 602.0, 342.0
298, 66.0, 343.0
299, 73.0, 344.0
300, 56.0, 346.0
301, 28.0, 350.0
302, 23.0, 351.0
303, 221.0, 351.0
304, 600.0, 359.0
305, 246.0, 360.0
306, 294.0, 363.0
307, 599.0, 364.0
308, 696.0, 368.0
309, 739.0, 369.0
310, 718.0, 370.0
311, 227.0, 371.0
312, 597.0, 372.0
313, 294.0, 375.0
314, 596.0, 378.0
315, 719.0, 380.0
316, 558.0, 382.0
317, 190.0, 383.0
318, 293.0, 387.0
319, 730.0, 388.0
320, 295.0, 392.0
321, 227.0, 395.0
322, 296.0, 397.0
323, 743.0, 397.0
324, 78.0, 398.0
325, 30.0, 399.0
326, 725.0, 400.0
327, 591.0, 411.0
328, 298.0, 418.0
329, 121.0, 427.0
330, 531.0, 429.0
331, 526.0, 431.0
332, 521.0, 432.0
333, 287.0, 433.0
334, 321.0, 436.0
335, 233.0, 437.0
336, 301.0, 439.0
337, 496.0, 440.0
338, 300.0, 447.0
339, 479.0, 447.0
340, 288.0, 448.0
341, 527.0, 451.0
342, 302.0, 452.0
343, 464.0, 452.0
344, 458.0, 455.0
345, 561.0, 459.0
346, 304.0, 464.0
347, 565.0, 467.0
348, 410.0, 471.0
349, 415.0, 471.0
