0, 495.0, 23.0
1, 609.0, 28.0
2, 495.0, 32.0
3, 655.0, 34.0
4, 671.0, 39.0
5, 495.0, 40.0
6, 670.0, 44.0
7, 608.0, 56.0
8, 645.0, 60.0
9, 632.0, 63.0
10, 668.0, 65.0
11, 632.0, 68.0
12, 686.0, 70.0
13, 665.0, 78.0
14, 629.0, 80.0
15, 684.0, 97.0
16, 630.0, 111.0
17, 629.0, 119.0
18, 467.0, 123.0
19, 627.0, 127.0
20, 671.0, 132.0
21, 615.0, 134.0
22, 479.0, 135.0
23, 629.0, 135.0
24, 614.0, 139.0
25, 479.0, 140.0
26, 557.0, 143.0
27, 479.0, 146.0
28, 556.0, 148.0
29, 479.0, 152.0
30, 556.0, 153.0
31, 613.0, 156.0
32, 637.0, 156.0
33, 556.0, 159.0
34, 664.0, 159.0
35, 613.0, 161.0
36, 535.0, 162.0
37, 557.0, 164.0
38, 636.0, 165.0
39, 665.0, 166.0
40, 636.0, 170.0
41, 81.0, 171.0
42, 664.0, 171.0
43, 163.0, 175.0
44, 636.0, 175.0
45, 81.0, 176.0
46, 81.0, 183.0
47, 195.0, 185.0
48, 165.0, 188.0
49, 83.0, 192.0
50, 92.0, 193.0
51, 165.0, 193.0
52, 102.0, 194.0
53, 122.0, 194.0
54, 127.0, 194.0
55, 420.0, 194.0
56, 137.0, 195.0
57, 147.0, 196.0
58, 156.0, 197.0
59, 530.0, 198.0
60, 291.0, 210.0
61, 138.0, 211.0
62, 468.0, 218.0
63, 467.0, 223.0
64, 466.0, 230.0
65, 542.0, 233.0
66, 263.0, 234.0
67, 465.0, 235.0
68, 368.0, 238.0
69, 465.0, 240.0
70, 472.0, 241.0
71, 618.0, 244.0
72, 541.0, 249.0
73, 617.0, 249.0
74, 615.0, 256.0
75, 283.0, 264.0
76, 289.0, 265.0
77, 327.0, 268.0
78, 357.0, 270.0
79, 43.0, 271.0
80, 362.0, 271.0
81, 393.0, 276.0
82, 398.0, 276.0
83, 155.0, 279.0
84, 442.0, 283.0
85, 199.0, 284.0
86, 143.0, 285.0
87, 174.0, 286.0
88, 449.0, 286.0
89, 272.0, 287.0
90, 199.0, 289.0
91, 273.0, 293.0
92, 198.0, 294.0
93, 222.0, 295.0
94, 155.0, 296.0
95, 173.0, 296.0
96, 641.0, 297.0
97, 243.0, 298.0
98, 40.0, 301.0
99, 172.0, 301.0
100, 257.0, 302.0
101, 221.0, 303.0
102, 243.0, 303.0
103, 101.0, 304.0
104, 134.0, 306.0
105, 198.0, 307.0
106, 664.0, 310.0
107, 101.0, 311.0
108, 221.0, 311.0
109, 198.0, 312.0
110, 154.0, 313.0
111, 171.0, 313.0
112, 154.0, 318.0
113, 197.0, 318.0
114, 221.0, 318.0
115, 221.0, 323.0
116, 243.0, 325.0
117, 272.0, 325.0
118, 645.0, 326.0
119, 101.0, 328.0
120, 133.0, 332.0
121, 197.0, 333.0
122, 82.0, 337.0
123, 272.0, 337.0
124, 277.0, 337.0
125, 150.0, 339.0
126, 220.0, 339.0
127, 674.0, 339.0
128, 169.0, 342.0
129, 338.0, 342.0
130, 294.0, 343.0
131, 220.0, 344.0
132, 690.0, 346.0
133, 168.0, 347.0
134, 54.0, 349.0
135, 243.0, 350.0
136, 339.0, 350.0
137, 731.0, 351.0
138, 195.0, 353.0
139, 313.0, 353.0
140, 54.0, 354.0
141, 340.0, 355.0
142, 195.0, 358.0
143, 340.0, 360.0
144, 642.0, 360.0
145, 257.0, 361.0
146, 263.0, 361.0
147, 526.0, 361.0
148, 196.0, 363.0
149, 284.0, 366.0
150, 79.0, 368.0
151, 436.0, 369.0
152, 582.0, 369.0
153, 136.0, 370.0
154, 160.0, 370.0
155, 446.0, 370.0
156, 289.0, 371.0
157, 374.0, 371.0
158, 623.0, 371.0
159, 579.0, 374.0
160, 243.0, 375.0
161, 446.0, 375.0
162, 226.0, 377.0
163, 136.0, 378.0
164, 743.0, 378.0
165, 310.0, 379.0
166, 447.0, 380.0
167, 195.0, 382.0
168, 84.0, 383.0
169, 264.0, 384.0
170, 448.0, 385.0
171, 45.0, 389.0
172, 411.0, 389.0
173, 652.0, 389.0
174, 703.0, 389.0
175, 446.0, 391.0
176, 257.0, 392.0
177, 388.0, 392.0
178, 44.0, 394.0
179, 288.0, 394.0
180, 135.0, 395.0
181, 308.0, 395.0
182, 446.0, 396.0
183, 258.0, 397.0
184, 156.0, 399.0
185, 289.0, 399.0
186, 135.0, 400.0
187, 579.0, 400.0
188, 633.0, 400.0
189, 581.0, 405.0
190, 648.0, 405.0
191, 224.0, 407.0
192, 194.0, 411.0
193, 339.0, 413.0
194, 132.0, 418.0
195, 262.0, 420.0
196, 587.0, 420.0
197, 699.0, 420.0
198, 717.0, 420.0
199, 131.0, 423.0
200, 272.0, 427.0
201, 307.0, 427.0
202, 227.0, 432.0
203, 688.0, 435.0
204, 324.0, 437.0
205, 293.0, 438.0
206, 660.0, 438.0
207, 398.0, 441.0
208, 671.0, 442.0
209, 248.0, 443.0
210, 368.0, 443.0
211, 588.0, 443.0
212, 572.0, 446.0
213, 246.0, 448.0
214, 712.0, 448.0
215, 305.0, 451.0
216, 246.0, 453.0
217, 305.0, 456.0
218, 305.0, 461.0
219, 203.0, 462.0
220, 599.0, 464.0
221, 293.0, 466.0
222, 328.0, 468.0
223, 304.0, 471.0
224, 390.0, 471.0
225, 427.0, 471.0
