0, 201.0, 8.0
1, 217.0, 8.0
2, 287.0, 8.0
3, 423.0, 8.0
4, 382.0, 9.0
5, 87.0, 12.0
6, 188.0, 12.0
7, 524.0, 16.0
8, 87.0, 18.0
9, 169.0, 24.0
10, 200.0, 25.0
11, 111.0, 28.0
12, 183.0, 28.0
13, 168.0, 30.0
14, 423.0, 33.0
15, 522.0, 34.0
16, 172.0, 37.0
17, 200.0, 37.0
18, 393.0, 37.0
19, 187.0, 39.0
20, 194.0, 41.0
21, 394.0, 45.0
22, 210.0, 47.0
23, 138.0, 54.0
24, 219.0, 57.0
25, 638.0, 104.0
26, 648.0, 104.0
27, 10.0, 107.0
28, 357.0, 108.0
29, 10.0, 112.0
30, 366.0, 119.0
31, 222.0, 120.0
32, 343.0, 121.0
33, 9.0, 123.0
34, 181.0, 124.0
35, 199.0, 124.0
36, 648.0, 124.0
37, 639.0, 125.0
38, 354.0, 127.0
39, 198.0, 135.0
40, 363.0, 136.0
41, 433.0, 137.0
42, 354.0, 138.0
43, 377.0, 139.0
44, 345.0, 140.0
45, 221.0, 141.0
46, 197.0, 142.0
47, 181.0, 143.0
48, 353.0, 149.0
49, 378.0, 152.0
50, 516.0, 153.0
51, 368.0, 160.0
52, 222.0, 161.0
53, 345.0, 162.0
54, 8.0, 167.0
55, 364.0, 176.0
56, 10.0, 179.0
57, 13.0, 194.0
58, 13.0, 199.0
59, 740.0, 201.0
60, 358.0, 206.0
61, 12.0, 208.0
62, 726.0, 209.0
63, 12.0, 216.0
64, 140.0, 217.0
65, 427.0, 223.0
66, 10.0, 228.0
67, 51.0, 247.0
68, 182.0, 247.0
69, 195.0, 247.0
70, 342.0, 249.0
71, 71.0, 250.0
72, 8.0, 253.0
73, 35.0, 253.0
74, 313.0, 259.0
75, 23.0, 268.0
76, 507.0, 271.0
77, 514.0, 272.0
78, 137.0, 275.0
79, 41.0, 276.0
80, 9.0, 277.0
81, 182.0, 278.0
82, 100.0, 291.0
83, 40.0, 293.0
84, 26.0, 294.0
85, 558.0, 294.0
86, 15.0, 296.0
87, 76.0, 299.0
88, 126.0, 300.0
89, 520.0, 305.0
90, 38.0, 313.0
91, 321.0, 316.0
92, 334.0, 316.0
93, 77.0, 317.0
94, 310.0, 317.0
95, 72.0, 320.0
96, 430.0, 320.0
97, 20.0, 323.0
98, 735.0, 324.0
99, 72.0, 325.0
100, 294.0, 328.0
101, 42.0, 333.0
102, 492.0, 335.0
103, 501.0, 335.0
104, 19.0, 336.0
105, 501.0, 341.0
106, 513.0, 341.0
107, 650.0, 341.0
108, 268.0, 342.0
109, 479.0, 343.0
110, 180.0, 345.0
111, 197.0, 345.0
112, 551.0, 345.0
113, 589.0, 345.0
114, 171.0, 349.0
115, 52.0, 353.0
116, 114.0, 354.0
117, 47.0, 356.0
118, 42.0, 358.0
119, 287.0, 361.0
120, 416.0, 362.0
121, 63.0, 363.0
122, 403.0, 363.0
123, 195.0, 364.0
124, 411.0, 364.0
125, 53.0, 365.0
126, 183.0, 365.0
127, 489.0, 365.0
128, 530.0, 366.0
129, 498.0, 367.0
130, 509.0, 367.0
131, 183.0, 370.0
132, 574.0, 370.0
133, 620.0, 370.0
134, 307.0, 372.0
135, 599.0, 372.0
136, 54.0, 374.0
137, 183.0, 375.0
138, 410.0, 375.0
139, 291.0, 376.0
140, 195.0, 382.0
141, 730.0, 383.0
142, 187.0, 384.0
143, 495.0, 386.0
144, 511.0, 386.0
145, 178.0, 388.0
146, 26.0, 389.0
147, 561.0, 389.0
148, 728.0, 389.0
149, 571.0, 390.0
150, 55.0, 391.0
151, 37.0, 392.0
152, 70.0, 393.0
153, 316.0, 395.0
154, 725.0, 395.0
155, 707.0, 396.0
156, 687.0, 398.0
157, 720.0, 398.0
158, 29.0, 399.0
159, 110.0, 399.0
160, 287.0, 400.0
161, 302.0, 400.0
162, 646.0, 401.0
163, 126.0, 402.0
164, 502.0, 402.0
165, 583.0, 402.0
166, 623.0, 402.0
167, 634.0, 402.0
168, 652.0, 402.0
169, 664.0, 402.0
170, 669.0, 402.0
171, 424.0, 403.0
172, 492.0, 403.0
173, 511.0, 403.0
174, 588.0, 403.0
175, 615.0, 403.0
176, 640.0, 403.0
177, 105.0, 404.0
178, 135.0, 404.0
179, 146.0, 404.0
180, 395.0, 404.0
181, 599.0, 404.0
182, 604.0, 404.0
183, 609.0, 404.0
184, 100.0, 405.0
185, 197.0, 405.0
186, 212.0, 405.0
187, 217.0, 405.0
188, 222.0, 405.0
189, 594.0, 405.0
190, 207.0, 406.0
191, 323.0, 406.0
192, 36.0, 407.0
193, 78.0, 407.0
194, 158.0, 407.0
195, 242.0, 407.0
196, 318.0, 407.0
197, 347.0, 407.0
198, 708.0, 407.0
199, 237.0, 408.0
200, 733.0, 408.0
201, 57.0, 409.0
202, 164.0, 410.0
203, 284.0, 410.0
204, 112.0, 411.0
205, 176.0, 411.0
206, 119.0, 412.0
207, 494.0, 413.0
208, 502.0, 413.0
209, 518.0, 415.0
210, 604.0, 415.0
211, 8.0, 416.0
212, 246.0, 416.0
213, 280.0, 416.0
214, 508.0, 416.0
215, 710.0, 416.0
216, 492.0, 418.0
217, 587.0, 419.0
218, 406.0, 420.0
219, 592.0, 420.0
220, 222.0, 421.0
221, 366.0, 421.0
222, 721.0, 421.0
223, 390.0, 423.0
224, 491.0, 423.0
225, 600.0, 423.0
226, 355.0, 424.0
227, 428.0, 424.0
228, 502.0, 424.0
229, 529.0, 424.0
230, 517.0, 425.0
231, 538.0, 426.0
232, 548.0, 426.0
233, 558.0, 426.0
234, 58.0, 427.0
235, 101.0, 427.0
236, 81.0, 428.0
237, 120.0, 428.0
238, 573.0, 428.0
239, 582.0, 429.0
240, 213.0, 430.0
241, 100.0, 433.0
242, 532.0, 433.0
243, 743.0, 434.0
244, 430.0, 436.0
245, 569.0, 437.0
246, 717.0, 437.0
247, 125.0, 438.0
248, 502.0, 438.0
249, 518.0, 438.0
250, 100.0, 439.0
251, 112.0, 439.0
252, 544.0, 439.0
253, 40.0, 441.0
254, 59.0, 441.0
255, 67.0, 441.0
256, 431.0, 441.0
257, 559.0, 442.0
258, 68.0, 446.0
259, 432.0, 446.0
260, 574.0, 446.0
261, 126.0, 447.0
262, 488.0, 447.0
263, 582.0, 447.0
264, 605.0, 447.0
265, 611.0, 447.0
266, 616.0, 447.0
267, 621.0, 447.0
268, 588.0, 448.0
269, 628.0, 448.0
270, 178.0, 449.0
271, 704.0, 449.0
272, 86.0, 450.0
273, 110.0, 450.0
274, 141.0, 450.0
275, 157.0, 450.0
276, 193.0, 451.0
277, 93.0, 455.0
278, 133.0, 456.0
279, 71.0, 457.0
280, 256.0, 457.0
281, 303.0, 457.0
282, 707.0, 457.0
283, 488.0, 459.0
284, 515.0, 461.0
285, 150.0, 463.0
286, 582.0, 463.0
287, 131.0, 464.0
288, 492.0, 464.0
289, 118.0, 465.0
290, 160.0, 465.0
291, 95.0, 469.0
292, 106.0, 470.0
