0, 200.0, 15.0
1, 514.0, 26.0
2, 202.0, 41.0
3, 477.0, 42.0
4, 284.0, 43.0
5, 715.0, 73.0
6, 378.0, 75.0
7, 358.0, 85.0
8, 29.0, 90.0
9, 44.0, 91.0
10, 93.0, 91.0
11, 119.0, 91.0
12, 79.0, 92.0
13, 70.0, 93.0
14, 470.0, 97.0
15, 266.0, 104.0
16, 349.0, 116.0
17, 50.0, 117.0
18, 225.0, 117.0
19, 40.0, 132.0
20, 465.0, 137.0
21, 472.0, 138.0
22, 31.0, 141.0
23, 56.0, 148.0
24, 234.0, 159.0
25, 58.0, 161.0
26, 48.0, 168.0
27, 61.0, 176.0
28, 489.0, 179.0
29, 457.0, 181.0
30, 93.0, 191.0
31, 241.0, 191.0
32, 258.0, 193.0
33, 229.0, 194.0
34, 374.0, 195.0
35, 455.0, 197.0
36, 57.0, 198.0
37, 60.0, 209.0
38, 442.0, 211.0
39, 452.0, 211.0
40, 43.0, 215.0
41, 462.0, 215.0
42, 212.0, 216.0
43, 452.0, 220.0
44, 468.0, 220.0
45, 430.0, 221.0
46, 541.0, 221.0
47, 505.0, 222.0
48, 287.0, 223.0
49, 294.0, 223.0
50, 224.0, 226.0
51, 124.0, 229.0
52, 144.0, 229.0
53, 207.0, 229.0
54, 214.0, 229.0
55, 219.0, 229.0
56, 175.0, 231.0
57, 69.0, 232.0
58, 561.0, 232.0
59, 104.0, 233.0
60, 564.0, 237.0
61, 32.0, 238.0
62, 177.0, 240.0
63, 32.0, 243.0
64, 651.0, 245.0
65, 572.0, 246.0
66, 726.0, 246.0
67, 361.0, 247.0
68, 354.0, 248.0
69, 385.0, 248.0
70, 489.0, 248.0
71, 577.0, 248.0
72, 194.0, 249.0
73, 346.0, 249.0
74, 445.0, 249.0
75, 467.0, 249.0
76, 459.0, 250.0
77, 533.0, 250.0
78, 558.0, 250.0
79, 199.0, 252.0
80, 247.0, 252.0
81, 86.0, 253.0
82, 208.0, 253.0
83, 111.0, 259.0
84, 76.0, 260.0
85, 186.0, 260.0
86, 743.0, 263.0
87, 77.0, 265.0
88, 181.0, 265.0
89, 717.0, 265.0
90, 444.0, 266.0
91, 453.0, 266.0
92, 467.0, 266.0
93, 510.0, 266.0
94, 600.0, 266.0
95, 647.0, 266.0
96, 359.0, 267.0
97, 663.0, 267.0
98, 729.0, 267.0
99, 343.0, 271.0
100, 626.0, 271.0
101, 674.0, 272.0
102, 686.0, 272.0
103, 727.0, 277.0
104, 251.0, 279.0
105, 341.0, 279.0
106, 537.0, 279.0
107, 449.0, 281.0
108, 462.0, 281.0
109, 543.0, 281.0
110, 548.0, 281.0
111, 642.0, 281.0
112, 672.0, 281.0
113, 523.0, 282.0
114, 553.0, 282.0
115, 711.0, 282.0
116, 438.0, 283.0
117, 340.0, 284.0
118, 658.0, 284.0
119, 59.0, 285.0
120, 722.0, 285.0
121, 162.0, 286.0
122, 365.0, 286.0
123, 567.0, 286.0
124, 18.0, 287.0
125, 438.0, 288.0
126, 464.0, 288.0
127, 342.0, 289.0
128, 83.0, 290.0
129, 118.0, 291.0
130, 176.0, 291.0
131, 449.0, 291.0
132, 568.0, 291.0
133, 253.0, 293.0
134, 438.0, 293.0
135, 596.0, 294.0
136, 226.0, 295.0
137, 577.0, 295.0
138, 654.0, 295.0
139, 118.0, 296.0
140, 280.0, 296.0
141, 358.0, 296.0
142, 242.0, 297.0
143, 43.0, 298.0
144, 470.0, 298.0
145, 538.0, 298.0
146, 70.0, 299.0
147, 543.0, 299.0
148, 549.0, 299.0
149, 627.0, 299.0
150, 448.0, 301.0
151, 460.0, 301.0
152, 146.0, 302.0
153, 435.0, 302.0
154, 666.0, 302.0
155, 203.0, 304.0
156, 477.0, 305.0
157, 652.0, 305.0
158, 234.0, 306.0
159, 253.0, 306.0
160, 273.0, 306.0
161, 702.0, 306.0
162, 128.0, 307.0
163, 371.0, 307.0
164, 488.0, 307.0
165, 521.0, 307.0
166, 533.0, 307.0
167, 619.0, 307.0
168, 657.0, 307.0
169, 509.0, 308.0
170, 539.0, 308.0
171, 79.0, 309.0
172, 90.0, 309.0
173, 120.0, 309.0
174, 163.0, 309.0
175, 613.0, 309.0
176, 102.0, 310.0
177, 107.0, 310.0
178, 112.0, 310.0
179, 662.0, 310.0
180, 732.0, 310.0
181, 340.0, 311.0
182, 358.0, 311.0
183, 594.0, 311.0
184, 45.0, 312.0
185, 619.0, 312.0
186, 40.0, 313.0
187, 67.0, 313.0
188, 540.0, 313.0
189, 62.0, 314.0
190, 485.0, 314.0
191, 556.0, 314.0
192, 561.0, 314.0
193, 26.0, 315.0
194, 54.0, 315.0
195, 132.0, 315.0
196, 282.0, 315.0
197, 447.0, 315.0
198, 468.0, 315.0
199, 243.0, 316.0
200, 265.0, 316.0
201, 500.0, 316.0
202, 535.0, 316.0
203, 205.0, 317.0
204, 224.0, 317.0
205, 621.0, 317.0
206, 81.0, 318.0
207, 373.0, 318.0
208, 511.0, 318.0
209, 15.0, 321.0
210, 126.0, 322.0
211, 298.0, 323.0
212, 367.0, 324.0
213, 430.0, 324.0
214, 149.0, 325.0
215, 132.0, 326.0
216, 358.0, 326.0
217, 141.0, 327.0
218, 375.0, 327.0
219, 194.0, 328.0
220, 118.0, 329.0
221, 734.0, 329.0
222, 306.0, 330.0
223, 131.0, 331.0
224, 338.0, 331.0
225, 140.0, 333.0
226, 216.0, 336.0
227, 269.0, 336.0
228, 276.0, 336.0
229, 293.0, 336.0
230, 532.0, 336.0
231, 110.0, 337.0
232, 207.0, 337.0
233, 254.0, 337.0
234, 446.0, 337.0
235, 304.0, 339.0
236, 433.0, 340.0
237, 359.0, 343.0
238, 104.0, 344.0
239, 444.0, 346.0
240, 16.0, 347.0
241, 452.0, 347.0
242, 461.0, 347.0
243, 97.0, 352.0
244, 464.0, 355.0
245, 525.0, 355.0
246, 91.0, 358.0
247, 359.0, 358.0
248, 72.0, 359.0
249, 77.0, 359.0
250, 63.0, 360.0
251, 49.0, 361.0
252, 41.0, 362.0
253, 191.0, 362.0
254, 223.0, 362.0
255, 251.0, 362.0
256, 270.0, 362.0
257, 31.0, 363.0
258, 211.0, 363.0
259, 462.0, 364.0
260, 11.0, 365.0
261, 447.0, 366.0
262, 513.0, 367.0
263, 384.0, 368.0
264, 253.0, 375.0
265, 29.0, 376.0
266, 44.0, 377.0
267, 463.0, 377.0
268, 479.0, 378.0
269, 178.0, 381.0
270, 450.0, 381.0
271, 522.0, 381.0
272, 459.0, 382.0
273, 515.0, 382.0
274, 360.0, 388.0
275, 308.0, 393.0
276, 250.0, 394.0
277, 282.0, 394.0
278, 224.0, 395.0
279, 384.0, 399.0
280, 103.0, 400.0
281, 50.0, 403.0
282, 651.0, 404.0
283, 626.0, 420.0
284, 88.0, 425.0
285, 360.0, 425.0
286, 491.0, 427.0
287, 83.0, 429.0
288, 308.0, 433.0
289, 323.0, 433.0
290, 336.0, 433.0
291, 255.0, 434.0
292, 275.0, 434.0
293, 22.0, 435.0
294, 111.0, 436.0
295, 219.0, 436.0
296, 71.0, 439.0
297, 636.0, 443.0
298, 238.0, 444.0
299, 12.0, 445.0
300, 259.0, 446.0
301, 25.0, 447.0
302, 59.0, 447.0
303, 604.0, 448.0
304, 361.0, 450.0
305, 40.0, 453.0
306, 62.0, 453.0
307, 600.0, 453.0
308, 617.0, 454.0
309, 106.0, 455.0
310, 627.0, 461.0
311, 51.0, 462.0
