0, 645.0, 9.0
1, 640.0, 12.0
2, 671.0, 12.0
3, 743.0, 18.0
4, 684.0, 20.0
5, 698.0, 21.0
6, 722.0, 22.0
7, 621.0, 25.0
8, 698.0, 26.0
9, 631.0, 27.0
10, 682.0, 27.0
11, 715.0, 31.0
12, 743.0, 32.0
13, 621.0, 33.0
14, 672.0, 34.0
15, 730.0, 36.0
16, 681.0, 38.0
17, 620.0, 39.0
18, 719.0, 39.0
19, 663.0, 45.0
20, 321.0, 46.0
21, 632.0, 46.0
22, 695.0, 48.0
23, 604.0, 49.0
24, 503.0, 52.0
25, 651.0, 53.0
26, 695.0, 53.0
27, 498.0, 54.0
28, 620.0, 54.0
29, 492.0, 55.0
30, 681.0, 55.0
31, 287.0, 56.0
32, 483.0, 56.0
33, 676.0, 56.0
34, 639.0, 61.0
35, 644.0, 61.0
36, 254.0, 63.0
37, 653.0, 63.0
38, 249.0, 64.0
39, 244.0, 65.0
40, 281.0, 65.0
41, 626.0, 67.0
42, 621.0, 68.0
43, 437.0, 69.0
44, 450.0, 69.0
45, 267.0, 70.0
46, 284.0, 74.0
47, 421.0, 77.0
48, 179.0, 81.0
49, 248.0, 81.0
50, 268.0, 81.0
51, 292.0, 83.0
52, 287.0, 84.0
53, 607.0, 84.0
54, 399.0, 87.0
55, 693.0, 87.0
56, 141.0, 89.0
57, 419.0, 89.0
58, 272.0, 90.0
59, 407.0, 93.0
60, 133.0, 95.0
61, 392.0, 95.0
62, 605.0, 95.0
63, 128.0, 96.0
64, 610.0, 96.0
65, 588.0, 101.0
66, 131.0, 102.0
67, 210.0, 102.0
68, 383.0, 102.0
69, 405.0, 105.0
70, 580.0, 106.0
71, 246.0, 107.0
72, 614.0, 109.0
73, 97.0, 110.0
74, 120.0, 110.0
75, 395.0, 110.0
76, 154.0, 112.0
77, 609.0, 112.0
78, 386.0, 113.0
79, 603.0, 113.0
80, 422.0, 115.0
81, 137.0, 116.0
82, 417.0, 116.0
83, 14.0, 118.0
84, 408.0, 118.0
85, 8.0, 119.0
86, 589.0, 119.0
87, 121.0, 120.0
88, 381.0, 121.0
89, 704.0, 121.0
90, 369.0, 123.0
91, 581.0, 123.0
92, 606.0, 123.0
93, 109.0, 124.0
94, 396.0, 124.0
95, 104.0, 125.0
96, 218.0, 125.0
97, 413.0, 126.0
98, 567.0, 126.0
99, 198.0, 128.0
100, 606.0, 128.0
101, 141.0, 129.0
102, 510.0, 129.0
103, 253.0, 131.0
104, 384.0, 131.0
105, 119.0, 136.0
106, 400.0, 136.0
107, 405.0, 137.0
108, 110.0, 139.0
109, 392.0, 139.0
110, 413.0, 139.0
111, 495.0, 139.0
112, 160.0, 140.0
113, 365.0, 140.0
114, 387.0, 141.0
115, 488.0, 146.0
116, 410.0, 149.0
117, 398.0, 152.0
118, 377.0, 155.0
119, 224.0, 157.0
120, 170.0, 159.0
121, 719.0, 161.0
122, 698.0, 163.0
123, 157.0, 164.0
124, 743.0, 165.0
125, 699.0, 168.0
126, 726.0, 168.0
127, 646.0, 171.0
128, 54.0, 173.0
129, 699.0, 173.0
130, 638.0, 175.0
131, 678.0, 175.0
132, 717.0, 175.0
133, 237.0, 177.0
134, 623.0, 177.0
135, 608.0, 178.0
136, 733.0, 180.0
137, 698.0, 181.0
138, 303.0, 183.0
139, 668.0, 184.0
140, 640.0, 185.0
141, 295.0, 188.0
142, 602.0, 188.0
143, 651.0, 188.0
144, 703.0, 190.0
145, 82.0, 191.0
146, 583.0, 191.0
147, 683.0, 191.0
148, 612.0, 194.0
149, 669.0, 195.0
150, 594.0, 196.0
151, 648.0, 196.0
152, 63.0, 199.0
153, 501.0, 199.0
154, 517.0, 199.0
155, 256.0, 200.0
156, 511.0, 200.0
157, 417.0, 202.0
158, 426.0, 202.0
159, 584.0, 204.0
160, 247.0, 205.0
161, 438.0, 205.0
162, 408.0, 206.0
163, 509.0, 207.0
164, 480.0, 208.0
165, 467.0, 209.0
166, 565.0, 209.0
167, 503.0, 213.0
168, 330.0, 216.0
169, 400.0, 216.0
170, 184.0, 219.0
171, 253.0, 220.0
172, 392.0, 220.0
173, 412.0, 221.0
174, 423.0, 223.0
175, 480.0, 224.0
176, 311.0, 228.0
177, 419.0, 228.0
178, 431.0, 229.0
179, 462.0, 231.0
180, 224.0, 237.0
181, 268.0, 239.0
182, 487.0, 239.0
183, 417.0, 243.0
184, 159.0, 245.0
185, 204.0, 245.0
186, 466.0, 245.0
187, 478.0, 245.0
188, 311.0, 247.0
189, 436.0, 247.0
190, 568.0, 247.0
191, 414.0, 248.0
192, 340.0, 250.0
193, 345.0, 250.0
194, 409.0, 251.0
195, 586.0, 251.0
196, 567.0, 252.0
197, 253.0, 253.0
198, 143.0, 255.0
199, 464.0, 257.0
200, 567.0, 257.0
201, 450.0, 259.0
202, 315.0, 260.0
203, 398.0, 260.0
204, 413.0, 260.0
205, 427.0, 260.0
206, 212.0, 262.0
207, 193.0, 264.0
208, 423.0, 265.0
209, 303.0, 268.0
210, 570.0, 273.0
211, 415.0, 274.0
212, 402.0, 275.0
213, 434.0, 278.0
214, 377.0, 282.0
215, 346.0, 285.0
216, 370.0, 290.0
217, 571.0, 290.0
218, 290.0, 293.0
219, 381.0, 294.0
220, 117.0, 296.0
221, 279.0, 303.0
222, 356.0, 304.0
223, 328.0, 305.0
224, 243.0, 307.0
225, 342.0, 307.0
226, 351.0, 314.0
227, 570.0, 314.0
228, 125.0, 316.0
229, 341.0, 323.0
230, 351.0, 327.0
231, 356.0, 327.0
232, 18.0, 333.0
233, 571.0, 334.0
234, 242.0, 337.0
235, 414.0, 338.0
236, 346.0, 339.0
237, 568.0, 339.0
238, 631.0, 339.0
239, 425.0, 342.0
240, 420.0, 343.0
241, 699.0, 344.0
242, 231.0, 346.0
243, 566.0, 347.0
244, 620.0, 347.0
245, 31.0, 354.0
246, 307.0, 354.0
247, 659.0, 356.0
248, 651.0, 358.0
249, 735.0, 362.0
250, 647.0, 363.0
251, 172.0, 367.0
252, 281.0, 367.0
253, 312.0, 368.0
254, 368.0, 369.0
255, 358.0, 371.0
256, 363.0, 371.0
257, 353.0, 373.0
258, 262.0, 374.0
259, 688.0, 375.0
260, 726.0, 375.0
261, 367.0, 378.0
262, 681.0, 379.0
263, 349.0, 380.0
264, 312.0, 381.0
265, 727.0, 382.0
266, 676.0, 383.0
267, 308.0, 386.0
268, 143.0, 387.0
269, 183.0, 390.0
270, 501.0, 390.0
271, 496.0, 396.0
272, 29.0, 399.0
273, 326.0, 399.0
274, 720.0, 399.0
275, 529.0, 400.0
276, 169.0, 401.0
277, 713.0, 401.0
278, 314.0, 406.0
279, 343.0, 406.0
280, 563.0, 407.0
281, 260.0, 408.0
282, 525.0, 408.0
283, 338.0, 409.0
284, 238.0, 410.0
285, 559.0, 412.0
286, 556.0, 417.0
287, 300.0, 418.0
288, 711.0, 420.0
289, 595.0, 422.0
290, 306.0, 429.0
291, 743.0, 429.0
292, 640.0, 431.0
293, 635.0, 435.0
294, 630.0, 440.0
295, 711.0, 440.0
296, 209.0, 442.0
297, 681.0, 442.0
298, 203.0, 446.0
299, 505.0, 446.0
300, 480.0, 447.0
301, 680.0, 447.0
302, 743.0, 447.0
303, 198.0, 448.0
304, 518.0, 448.0
305, 679.0, 452.0
306, 468.0, 453.0
307, 519.0, 453.0
308, 290.0, 455.0
309, 463.0, 455.0
310, 727.0, 455.0
311, 200.0, 457.0
312, 100.0, 458.0
313, 498.0, 459.0
314, 720.0, 462.0
315, 217.0, 463.0
316, 515.0, 464.0
317, 448.0, 468.0
318, 714.0, 468.0
319, 729.0, 468.0
320, 211.0, 470.0
321, 84.0, 471.0
322, 313.0, 471.0
323, 527.0, 471.0
