0, 171.0, 8.0
1, 574.0, 8.0
2, 237.0, 9.0
3, 263.0, 9.0
4, 630.0, 9.0
5, 635.0, 10.0
6, 372.0, 11.0
7, 184.0, 13.0
8, 270.0, 19.0
9, 287.0, 19.0
10, 578.0, 19.0
11, 626.0, 19.0
12, 409.0, 20.0
13, 377.0, 21.0
14, 559.0, 21.0
15, 221.0, 23.0
16, 239.0, 23.0
17, 491.0, 23.0
18, 171.0, 24.0
19, 623.0, 24.0
20, 190.0, 26.0
21, 208.0, 26.0
22, 618.0, 27.0
23, 544.0, 29.0
24, 556.0, 29.0
25, 596.0, 29.0
26, 371.0, 30.0
27, 382.0, 31.0
28, 229.0, 33.0
29, 249.0, 33.0
30, 204.0, 34.0
31, 239.0, 34.0
32, 173.0, 36.0
33, 198.0, 36.0
34, 168.0, 37.0
35, 386.0, 38.0
36, 370.0, 39.0
37, 154.0, 40.0
38, 645.0, 40.0
39, 265.0, 41.0
40, 601.0, 45.0
41, 379.0, 48.0
42, 697.0, 49.0
43, 333.0, 51.0
44, 383.0, 53.0
45, 390.0, 53.0
46, 408.0, 55.0
47, 597.0, 58.0
48, 379.0, 60.0
49, 333.0, 63.0
50, 168.0, 64.0
51, 397.0, 67.0
52, 647.0, 67.0
53, 334.0, 68.0
54, 584.0, 69.0
55, 178.0, 71.0
56, 608.0, 71.0
57, 254.0, 72.0
58, 620.0, 74.0
59, 738.0, 74.0
60, 743.0, 74.0
61, 143.0, 76.0
62, 336.0, 76.0
63, 379.0, 76.0
64, 625.0, 77.0
65, 365.0, 78.0
66, 449.0, 78.0
67, 570.0, 78.0
68, 644.0, 78.0
69, 172.0, 82.0
70, 615.0, 82.0
71, 660.0, 82.0
72, 360.0, 85.0
73, 494.0, 86.0
74, 147.0, 87.0
75, 181.0, 87.0
76, 351.0, 87.0
77, 131.0, 88.0
78, 637.0, 88.0
79, 645.0, 88.0
80, 532.0, 91.0
81, 604.0, 91.0
82, 180.0, 94.0
83, 577.0, 95.0
84, 588.0, 97.0
85, 551.0, 98.0
86, 61.0, 100.0
87, 190.0, 101.0
88, 590.0, 102.0
89, 135.0, 104.0
90, 151.0, 104.0
91, 177.0, 104.0
92, 130.0, 106.0
93, 620.0, 106.0
94, 497.0, 108.0
95, 21.0, 109.0
96, 492.0, 109.0
97, 621.0, 111.0
98, 603.0, 113.0
99, 394.0, 115.0
100, 474.0, 116.0
101, 507.0, 116.0
102, 420.0, 117.0
103, 469.0, 117.0
104, 529.0, 117.0
105, 380.0, 118.0
106, 464.0, 118.0
107, 545.0, 118.0
108, 596.0, 118.0
109, 425.0, 119.0
110, 392.0, 123.0
111, 450.0, 123.0
112, 360.0, 124.0
113, 581.0, 124.0
114, 352.0, 128.0
115, 377.0, 129.0
116, 594.0, 131.0
117, 369.0, 132.0
118, 476.0, 133.0
119, 603.0, 133.0
120, 618.0, 133.0
121, 356.0, 135.0
122, 411.0, 135.0
123, 416.0, 135.0
124, 399.0, 137.0
125, 335.0, 138.0
126, 352.0, 142.0
127, 364.0, 143.0
128, 297.0, 144.0
129, 322.0, 144.0
130, 327.0, 144.0
131, 378.0, 148.0
132, 528.0, 148.0
133, 604.0, 149.0
134, 630.0, 149.0
135, 317.0, 151.0
136, 251.0, 152.0
137, 583.0, 152.0
138, 595.0, 152.0
139, 339.0, 153.0
140, 360.0, 153.0
141, 460.0, 153.0
142, 268.0, 154.0
143, 481.0, 154.0
144, 303.0, 156.0
145, 343.0, 159.0
146, 607.0, 159.0
147, 524.0, 160.0
148, 254.0, 161.0
149, 348.0, 161.0
150, 292.0, 162.0
151, 482.0, 163.0
152, 301.0, 164.0
153, 387.0, 164.0
154, 502.0, 165.0
155, 240.0, 166.0
156, 271.0, 166.0
157, 286.0, 166.0
158, 322.0, 166.0
159, 327.0, 166.0
160, 317.0, 168.0
161, 484.0, 168.0
162, 422.0, 169.0
163, 281.0, 170.0
164, 220.0, 171.0
165, 405.0, 171.0
166, 361.0, 173.0
167, 381.0, 174.0
168, 303.0, 175.0
169, 486.0, 175.0
170, 592.0, 175.0
171, 193.0, 176.0
172, 264.0, 176.0
173, 236.0, 178.0
174, 286.0, 180.0
175, 227.0, 181.0
176, 387.0, 181.0
177, 488.0, 183.0
178, 197.0, 184.0
179, 566.0, 186.0
180, 206.0, 188.0
181, 267.0, 188.0
182, 199.0, 190.0
183, 243.0, 190.0
184, 409.0, 192.0
185, 225.0, 193.0
186, 324.0, 194.0
187, 247.0, 195.0
188, 390.0, 196.0
189, 491.0, 197.0
190, 427.0, 199.0
191, 182.0, 200.0
192, 368.0, 201.0
193, 550.0, 201.0
194, 439.0, 202.0
195, 227.0, 204.0
196, 347.0, 205.0
197, 492.0, 205.0
198, 545.0, 205.0
199, 390.0, 206.0
200, 408.0, 207.0
201, 513.0, 209.0
202, 224.0, 213.0
203, 534.0, 214.0
204, 414.0, 215.0
205, 297.0, 219.0
206, 372.0, 219.0
207, 273.0, 220.0
208, 391.0, 220.0
209, 494.0, 220.0
210, 209.0, 222.0
211, 331.0, 222.0
212, 577.0, 223.0
213, 521.0, 226.0
214, 582.0, 227.0
215, 70.0, 228.0
216, 414.0, 230.0
217, 215.0, 231.0
218, 576.0, 231.0
219, 531.0, 232.0
220, 245.0, 233.0
221, 71.0, 234.0
222, 355.0, 235.0
223, 461.0, 235.0
224, 536.0, 235.0
225, 44.0, 236.0
226, 261.0, 236.0
227, 397.0, 236.0
228, 575.0, 236.0
229, 75.0, 239.0
230, 434.0, 240.0
231, 305.0, 241.0
232, 379.0, 241.0
233, 499.0, 242.0
234, 276.0, 243.0
235, 244.0, 244.0
236, 539.0, 245.0
237, 736.0, 245.0
238, 249.0, 247.0
239, 451.0, 247.0
240, 235.0, 248.0
241, 418.0, 248.0
242, 544.0, 248.0
243, 309.0, 249.0
244, 216.0, 252.0
245, 334.0, 252.0
246, 435.0, 253.0
247, 662.0, 255.0
248, 667.0, 255.0
249, 201.0, 256.0
250, 282.0, 256.0
251, 382.0, 256.0
252, 402.0, 256.0
253, 460.0, 256.0
254, 342.0, 258.0
255, 52.0, 259.0
256, 222.0, 259.0
257, 539.0, 259.0
258, 577.0, 259.0
259, 311.0, 261.0
260, 613.0, 262.0
261, 683.0, 262.0
262, 471.0, 263.0
263, 548.0, 264.0
264, 364.0, 265.0
265, 389.0, 265.0
266, 566.0, 265.0
267, 8.0, 268.0
268, 575.0, 268.0
269, 424.0, 269.0
270, 721.0, 269.0
271, 58.0, 272.0
272, 245.0, 272.0
273, 256.0, 272.0
274, 516.0, 272.0
275, 578.0, 274.0
276, 344.0, 275.0
277, 455.0, 275.0
278, 226.0, 276.0
279, 543.0, 276.0
280, 245.0, 277.0
281, 286.0, 277.0
282, 699.0, 277.0
283, 388.0, 279.0
284, 409.0, 280.0
285, 556.0, 284.0
286, 260.0, 285.0
287, 319.0, 285.0
288, 538.0, 286.0
289, 12.0, 287.0
290, 428.0, 287.0
291, 688.0, 288.0
292, 715.0, 288.0
293, 443.0, 289.0
294, 268.0, 290.0
295, 349.0, 290.0
296, 372.0, 290.0
297, 564.0, 290.0
298, 569.0, 290.0
299, 448.0, 291.0
300, 559.0, 291.0
301, 322.0, 294.0
302, 327.0, 295.0
303, 295.0, 297.0
304, 263.0, 298.0
305, 394.0, 299.0
306, 673.0, 299.0
307, 706.0, 299.0
308, 252.0, 300.0
309, 526.0, 300.0
310, 555.0, 300.0
311, 417.0, 301.0
312, 327.0, 305.0
313, 20.0, 307.0
314, 466.0, 307.0
315, 352.0, 308.0
316, 500.0, 311.0
317, 694.0, 311.0
318, 11.0, 312.0
319, 269.0, 312.0
320, 303.0, 312.0
321, 378.0, 312.0
322, 551.0, 313.0
323, 482.0, 314.0
324, 662.0, 314.0
325, 398.0, 315.0
326, 613.0, 317.0
327, 356.0, 318.0
328, 437.0, 318.0
329, 542.0, 319.0
330, 561.0, 319.0
331, 40.0, 320.0
332, 332.0, 321.0
333, 35.0, 322.0
334, 445.0, 322.0
335, 459.0, 323.0
336, 678.0, 324.0
337, 273.0, 326.0
338, 376.0, 326.0
339, 387.0, 326.0
340, 648.0, 327.0
341, 716.0, 327.0
342, 491.0, 328.0
343, 399.0, 329.0
344, 539.0, 329.0
345, 414.0, 330.0
346, 437.0, 330.0
347, 455.0, 332.0
348, 447.0, 333.0
349, 10.0, 334.0
350, 404.0, 334.0
351, 393.0, 335.0
352, 424.0, 335.0
353, 110.0, 337.0
354, 662.0, 337.0
355, 278.0, 339.0
356, 365.0, 339.0
357, 559.0, 339.0
358, 266.0, 340.0
359, 394.0, 341.0
360, 339.0, 342.0
361, 417.0, 342.0
362, 564.0, 342.0
363, 632.0, 343.0
364, 94.0, 344.0
365, 569.0, 345.0
366, 295.0, 346.0
367, 396.0, 346.0
368, 439.0, 346.0
369, 263.0, 348.0
370, 716.0, 348.0
371, 516.0, 349.0
372, 315.0, 350.0
373, 411.0, 350.0
374, 447.0, 350.0
375, 342.0, 351.0
376, 284.0, 352.0
377, 264.0, 353.0
378, 647.0, 353.0
379, 400.0, 355.0
380, 298.0, 356.0
381, 316.0, 358.0
382, 375.0, 358.0
383, 701.0, 358.0
384, 706.0, 358.0
385, 663.0, 359.0
386, 614.0, 360.0
387, 423.0, 361.0
388, 670.0, 361.0
389, 411.0, 362.0
390, 355.0, 363.0
391, 742.0, 363.0
392, 287.0, 364.0
393, 672.0, 366.0
394, 318.0, 367.0
395, 323.0, 367.0
396, 277.0, 368.0
397, 567.0, 369.0
398, 628.0, 369.0
399, 572.0, 371.0
400, 353.0, 372.0
401, 647.0, 373.0
402, 389.0, 374.0
403, 550.0, 374.0
404, 578.0, 376.0
405, 593.0, 376.0
406, 426.0, 378.0
407, 334.0, 381.0
408, 462.0, 382.0
409, 662.0, 384.0
410, 607.0, 386.0
411, 501.0, 387.0
412, 399.0, 388.0
413, 282.0, 389.0
414, 634.0, 389.0
415, 295.0, 393.0
416, 542.0, 393.0
417, 696.0, 394.0
418, 574.0, 396.0
419, 656.0, 397.0
420, 544.0, 398.0
421, 593.0, 400.0
422, 210.0, 401.0
423, 290.0, 402.0
424, 298.0, 403.0
425, 587.0, 406.0
426, 666.0, 410.0
427, 415.0, 411.0
428, 631.0, 412.0
429, 520.0, 415.0
430, 633.0, 417.0
431, 738.0, 421.0
432, 307.0, 422.0
433, 553.0, 422.0
434, 638.0, 424.0
435, 677.0, 424.0
436, 300.0, 426.0
437, 559.0, 427.0
438, 499.0, 428.0
439, 701.0, 429.0
440, 615.0, 431.0
441, 563.0, 432.0
442, 540.0, 435.0
443, 433.0, 436.0
444, 687.0, 436.0
445, 525.0, 441.0
446, 553.0, 442.0
447, 589.0, 443.0
448, 594.0, 446.0
449, 731.0, 446.0
450, 632.0, 447.0
451, 538.0, 451.0
452, 554.0, 453.0
453, 602.0, 454.0
454, 615.0, 454.0
455, 463.0, 458.0
456, 529.0, 459.0
457, 544.0, 462.0
458, 493.0, 463.0
459, 560.0, 468.0
460, 580.0, 469.0
461, 643.0, 469.0
