0, 343.0, 9.0
1, 602.0, 11.0
2, 272.0, 13.0
3, 322.0, 13.0
4, 353.0, 14.0
5, 524.0, 14.0
6, 242.0, 15.0
7, 495.0, 18.0
8, 591.0, 20.0
9, 183.0, 23.0
10, 350.0, 25.0
11, 172.0, 30.0
12, 177.0, 30.0
13, 625.0, 32.0
14, 273.0, 33.0
15, 510.0, 33.0
16, 362.0, 34.0
17, 482.0, 36.0
18, 351.0, 37.0
19, 337.0, 38.0
20, 464.0, 40.0
21, 120.0, 42.0
22, 156.0, 42.0
23, 370.0, 46.0
24, 516.0, 47.0
25, 558.0, 48.0
26, 214.0, 51.0
27, 357.0, 52.0
28, 614.0, 52.0
29, 314.0, 54.0
30, 363.0, 59.0
31, 289.0, 62.0
32, 346.0, 62.0
33, 397.0, 66.0
34, 525.0, 71.0
35, 495.0, 72.0
36, 162.0, 73.0
37, 373.0, 74.0
38, 619.0, 74.0
39, 19.0, 75.0
40, 459.0, 79.0
41, 191.0, 80.0
42, 284.0, 80.0
43, 224.0, 83.0
44, 632.0, 83.0
45, 321.0, 85.0
46, 294.0, 91.0
47, 471.0, 91.0
48, 514.0, 92.0
49, 35.0, 94.0
50, 26.0, 95.0
51, 316.0, 99.0
52, 464.0, 99.0
53, 567.0, 99.0
54, 595.0, 99.0
55, 617.0, 101.0
56, 46.0, 104.0
57, 539.0, 114.0
58, 625.0, 116.0
59, 50.0, 117.0
60, 234.0, 117.0
61, 642.0, 117.0
62, 16.0, 122.0
63, 235.0, 122.0
64, 474.0, 122.0
65, 613.0, 122.0
66, 511.0, 131.0
67, 572.0, 134.0
68, 56.0, 136.0
69, 385.0, 137.0
70, 537.0, 141.0
71, 293.0, 142.0
72, 520.0, 146.0
73, 618.0, 146.0
74, 437.0, 147.0
75, 459.0, 148.0
76, 60.0, 150.0
77, 322.0, 150.0
78, 371.0, 151.0
79, 505.0, 155.0
80, 299.0, 158.0
81, 472.0, 161.0
82, 68.0, 162.0
83, 575.0, 162.0
84, 19.0, 165.0
85, 608.0, 167.0
86, 24.0, 168.0
87, 53.0, 170.0
88, 498.0, 172.0
89, 573.0, 172.0
90, 590.0, 174.0
91, 519.0, 176.0
92, 534.0, 176.0
93, 239.0, 178.0
94, 577.0, 178.0
95, 485.0, 179.0
96, 458.0, 180.0
97, 387.0, 182.0
98, 410.0, 182.0
99, 241.0, 183.0
100, 375.0, 183.0
101, 578.0, 183.0
102, 328.0, 186.0
103, 385.0, 187.0
104, 475.0, 188.0
105, 185.0, 190.0
106, 309.0, 190.0
107, 463.0, 192.0
108, 614.0, 193.0
109, 310.0, 195.0
110, 246.0, 200.0
111, 597.0, 200.0
112, 192.0, 203.0
113, 558.0, 206.0
114, 262.0, 210.0
115, 328.0, 211.0
116, 511.0, 211.0
117, 609.0, 215.0
118, 473.0, 216.0
119, 463.0, 218.0
120, 371.0, 220.0
121, 249.0, 226.0
122, 503.0, 234.0
123, 586.0, 235.0
124, 316.0, 238.0
125, 426.0, 238.0
126, 82.0, 239.0
127, 180.0, 239.0
128, 440.0, 240.0
129, 238.0, 246.0
130, 297.0, 246.0
131, 477.0, 247.0
132, 600.0, 247.0
133, 533.0, 253.0
134, 203.0, 254.0
135, 510.0, 254.0
136, 464.0, 255.0
137, 520.0, 255.0
138, 170.0, 259.0
139, 564.0, 260.0
140, 135.0, 263.0
141, 208.0, 263.0
142, 401.0, 263.0
143, 322.0, 264.0
144, 177.0, 267.0
145, 307.0, 267.0
146, 584.0, 267.0
147, 142.0, 271.0
148, 127.0, 272.0
149, 443.0, 272.0
150, 8.0, 274.0
151, 410.0, 277.0
152, 573.0, 277.0
153, 312.0, 279.0
154, 346.0, 279.0
155, 163.0, 280.0
156, 214.0, 280.0
157, 325.0, 280.0
158, 133.0, 282.0
159, 393.0, 282.0
160, 474.0, 286.0
161, 460.0, 287.0
162, 554.0, 287.0
163, 139.0, 288.0
164, 516.0, 288.0
165, 581.0, 288.0
166, 175.0, 289.0
167, 372.0, 289.0
168, 447.0, 290.0
169, 156.0, 295.0
170, 476.0, 295.0
171, 181.0, 296.0
172, 468.0, 296.0
173, 567.0, 296.0
174, 270.0, 297.0
175, 328.0, 299.0
176, 578.0, 300.0
177, 145.0, 302.0
178, 162.0, 303.0
179, 620.0, 306.0
180, 362.0, 307.0
181, 613.0, 307.0
182, 152.0, 309.0
183, 406.0, 310.0
184, 482.0, 310.0
185, 168.0, 311.0
186, 191.0, 316.0
187, 179.0, 317.0
188, 144.0, 319.0
189, 149.0, 325.0
190, 167.0, 325.0
191, 577.0, 327.0
192, 186.0, 333.0
193, 172.0, 335.0
194, 437.0, 335.0
195, 590.0, 335.0
196, 190.0, 340.0
197, 299.0, 345.0
198, 333.0, 345.0
199, 616.0, 348.0
200, 294.0, 349.0
201, 289.0, 350.0
202, 299.0, 350.0
203, 333.0, 350.0
204, 134.0, 352.0
205, 368.0, 352.0
206, 552.0, 353.0
207, 315.0, 354.0
208, 289.0, 357.0
209, 127.0, 362.0
210, 301.0, 362.0
211, 132.0, 363.0
212, 355.0, 363.0
213, 319.0, 364.0
214, 386.0, 365.0
215, 139.0, 367.0
216, 284.0, 367.0
217, 543.0, 367.0
218, 411.0, 369.0
219, 395.0, 371.0
220, 609.0, 372.0
221, 311.0, 373.0
222, 340.0, 373.0
223, 238.0, 375.0
224, 224.0, 377.0
225, 214.0, 378.0
226, 219.0, 378.0
227, 292.0, 378.0
228, 357.0, 378.0
229, 370.0, 378.0
230, 485.0, 379.0
231, 590.0, 379.0
232, 324.0, 380.0
233, 471.0, 381.0
234, 476.0, 382.0
235, 282.0, 383.0
236, 154.0, 384.0
237, 305.0, 384.0
238, 314.0, 384.0
239, 159.0, 386.0
240, 165.0, 387.0
241, 341.0, 388.0
242, 373.0, 388.0
243, 284.0, 389.0
244, 296.0, 390.0
245, 342.0, 393.0
246, 414.0, 393.0
247, 287.0, 394.0
248, 358.0, 394.0
249, 562.0, 395.0
250, 573.0, 396.0
251, 330.0, 397.0
252, 374.0, 397.0
253, 147.0, 398.0
254, 172.0, 398.0
255, 590.0, 398.0
256, 389.0, 399.0
257, 398.0, 399.0
258, 548.0, 399.0
259, 315.0, 400.0
260, 343.0, 402.0
261, 414.0, 402.0
262, 572.0, 403.0
263, 428.0, 405.0
264, 210.0, 406.0
265, 190.0, 407.0
266, 72.0, 408.0
267, 147.0, 408.0
268, 458.0, 409.0
269, 167.0, 410.0
270, 463.0, 410.0
271, 561.0, 411.0
272, 472.0, 412.0
273, 497.0, 412.0
274, 594.0, 412.0
275, 579.0, 413.0
276, 462.0, 415.0
277, 467.0, 415.0
278, 223.0, 416.0
279, 524.0, 416.0
280, 606.0, 416.0
281, 547.0, 420.0
282, 599.0, 421.0
283, 167.0, 422.0
284, 564.0, 422.0
285, 582.0, 422.0
286, 464.0, 423.0
287, 624.0, 423.0
288, 631.0, 425.0
289, 415.0, 426.0
290, 476.0, 426.0
291, 640.0, 426.0
292, 193.0, 427.0
293, 229.0, 427.0
294, 296.0, 427.0
295, 406.0, 427.0
296, 594.0, 428.0
297, 334.0, 431.0
298, 241.0, 434.0
299, 232.0, 437.0
300, 324.0, 437.0
301, 181.0, 439.0
302, 34.0, 440.0
303, 306.0, 440.0
304, 389.0, 440.0
305, 254.0, 441.0
306, 627.0, 442.0
307, 215.0, 443.0
308, 419.0, 443.0
309, 450.0, 443.0
310, 641.0, 443.0
311, 181.0, 445.0
312, 420.0, 448.0
313, 271.0, 449.0
314, 229.0, 452.0
315, 322.0, 452.0
316, 394.0, 452.0
317, 204.0, 454.0
318, 144.0, 455.0
319, 192.0, 456.0
320, 238.0, 457.0
321, 299.0, 458.0
322, 629.0, 462.0
323, 149.0, 463.0
324, 161.0, 463.0
325, 470.0, 463.0
326, 180.0, 465.0
327, 254.0, 466.0
328, 319.0, 467.0
329, 709.0, 467.0
330, 331.0, 470.0
331, 147.0, 471.0
332, 518.0, 471.0
