0, 413.0, 20.0
1, 421.0, 23.0
2, 265.0, 34.0
3, 424.0, 35.0
4, 410.0, 37.0
5, 397.0, 39.0
6, 400.0, 47.0
7, 409.0, 55.0
8, 425.0, 57.0
9, 265.0, 62.0
10, 400.0, 65.0
11, 145.0, 71.0
12, 413.0, 72.0
13, 429.0, 73.0
14, 400.0, 76.0
15, 442.0, 79.0
16, 244.0, 89.0
17, 160.0, 93.0
18, 365.0, 104.0
19, 159.0, 115.0
20, 138.0, 116.0
21, 361.0, 121.0
22, 396.0, 122.0
23, 438.0, 122.0
24, 143.0, 129.0
25, 367.0, 132.0
26, 386.0, 132.0
27, 162.0, 133.0
28, 362.0, 133.0
29, 397.0, 134.0
30, 275.0, 136.0
31, 280.0, 136.0
32, 325.0, 136.0
33, 440.0, 137.0
34, 119.0, 138.0
35, 143.0, 138.0
36, 349.0, 138.0
37, 491.0, 140.0
38, 511.0, 140.0
39, 483.0, 141.0
40, 86.0, 142.0
41, 546.0, 142.0
42, 280.0, 144.0
43, 297.0, 144.0
44, 325.0, 146.0
45, 314.0, 147.0
46, 330.0, 147.0
47, 350.0, 148.0
48, 520.0, 148.0
49, 394.0, 150.0
50, 295.0, 152.0
51, 300.0, 152.0
52, 313.0, 152.0
53, 363.0, 152.0
54, 483.0, 152.0
55, 494.0, 152.0
56, 510.0, 152.0
57, 529.0, 152.0
58, 386.0, 153.0
59, 324.0, 154.0
60, 331.0, 154.0
61, 439.0, 157.0
62, 456.0, 159.0
63, 434.0, 160.0
64, 282.0, 161.0
65, 141.0, 162.0
66, 296.0, 162.0
67, 393.0, 162.0
68, 482.0, 163.0
69, 496.0, 163.0
70, 501.0, 163.0
71, 536.0, 163.0
72, 509.0, 164.0
73, 524.0, 164.0
74, 119.0, 165.0
75, 339.0, 165.0
76, 282.0, 166.0
77, 349.0, 166.0
78, 545.0, 166.0
79, 91.0, 167.0
80, 377.0, 167.0
81, 442.0, 167.0
82, 363.0, 168.0
83, 399.0, 168.0
84, 283.0, 171.0
85, 289.0, 171.0
86, 338.0, 175.0
87, 349.0, 175.0
88, 378.0, 175.0
89, 398.0, 176.0
90, 290.0, 180.0
91, 566.0, 181.0
92, 304.0, 183.0
93, 283.0, 184.0
94, 375.0, 184.0
95, 339.0, 185.0
96, 380.0, 185.0
97, 145.0, 186.0
98, 399.0, 187.0
99, 128.0, 190.0
100, 556.0, 191.0
101, 110.0, 193.0
102, 291.0, 193.0
103, 349.0, 193.0
104, 96.0, 194.0
105, 341.0, 194.0
106, 130.0, 195.0
107, 303.0, 195.0
108, 292.0, 198.0
109, 339.0, 199.0
110, 283.0, 202.0
111, 105.0, 204.0
112, 456.0, 208.0
113, 346.0, 209.0
114, 386.0, 209.0
115, 395.0, 210.0
116, 113.0, 211.0
117, 131.0, 211.0
118, 333.0, 213.0
119, 457.0, 214.0
120, 149.0, 215.0
121, 414.0, 215.0
122, 113.0, 216.0
123, 479.0, 216.0
124, 402.0, 217.0
125, 254.0, 218.0
126, 342.0, 218.0
127, 304.0, 219.0
128, 457.0, 219.0
129, 490.0, 219.0
130, 511.0, 219.0
131, 131.0, 220.0
132, 538.0, 221.0
133, 576.0, 221.0
134, 382.0, 222.0
135, 417.0, 222.0
136, 391.0, 223.0
137, 498.0, 223.0
138, 527.0, 223.0
139, 116.0, 224.0
140, 329.0, 224.0
141, 564.0, 225.0
142, 609.0, 225.0
143, 305.0, 226.0
144, 537.0, 226.0
145, 102.0, 227.0
146, 276.0, 227.0
147, 314.0, 227.0
148, 508.0, 227.0
149, 351.0, 228.0
150, 283.0, 229.0
151, 571.0, 230.0
152, 327.0, 231.0
153, 533.0, 231.0
154, 560.0, 232.0
155, 610.0, 232.0
156, 669.0, 232.0
157, 390.0, 233.0
158, 302.0, 234.0
159, 401.0, 234.0
160, 309.0, 235.0
161, 635.0, 235.0
162, 319.0, 237.0
163, 330.0, 237.0
164, 416.0, 237.0
165, 605.0, 240.0
166, 351.0, 241.0
167, 360.0, 244.0
168, 605.0, 245.0
169, 615.0, 248.0
170, 631.0, 249.0
171, 117.0, 253.0
172, 154.0, 254.0
173, 281.0, 255.0
174, 275.0, 256.0
175, 602.0, 257.0
176, 196.0, 260.0
177, 249.0, 260.0
178, 163.0, 264.0
179, 168.0, 264.0
180, 661.0, 264.0
181, 123.0, 265.0
182, 156.0, 265.0
183, 622.0, 265.0
184, 362.0, 266.0
185, 640.0, 267.0
186, 109.0, 268.0
187, 237.0, 269.0
188, 662.0, 269.0
189, 600.0, 270.0
190, 250.0, 271.0
191, 271.0, 274.0
192, 610.0, 279.0
193, 271.0, 280.0
194, 282.0, 280.0
195, 99.0, 281.0
196, 233.0, 282.0
197, 624.0, 282.0
198, 148.0, 283.0
199, 638.0, 283.0
200, 136.0, 285.0
201, 159.0, 286.0
202, 278.0, 286.0
203, 251.0, 287.0
204, 124.0, 288.0
205, 361.0, 291.0
206, 141.0, 294.0
207, 286.0, 295.0
208, 596.0, 295.0
209, 601.0, 296.0
210, 130.0, 299.0
211, 628.0, 303.0
212, 493.0, 304.0
213, 116.0, 306.0
214, 591.0, 306.0
215, 152.0, 308.0
216, 157.0, 308.0
217, 125.0, 313.0
218, 620.0, 315.0
219, 544.0, 317.0
220, 629.0, 321.0
221, 128.0, 322.0
222, 638.0, 322.0
223, 648.0, 324.0
224, 152.0, 325.0
225, 124.0, 327.0
226, 617.0, 331.0
227, 188.0, 332.0
228, 714.0, 332.0
229, 463.0, 333.0
230, 627.0, 335.0
231, 732.0, 335.0
232, 479.0, 337.0
233, 636.0, 337.0
234, 657.0, 339.0
235, 647.0, 340.0
236, 688.0, 340.0
237, 140.0, 343.0
238, 167.0, 343.0
239, 37.0, 344.0
240, 126.0, 345.0
241, 615.0, 345.0
242, 644.0, 352.0
243, 15.0, 353.0
244, 657.0, 354.0
245, 187.0, 355.0
246, 690.0, 355.0
247, 127.0, 357.0
248, 192.0, 358.0
249, 430.0, 358.0
250, 618.0, 358.0
251, 634.0, 361.0
252, 684.0, 362.0
253, 127.0, 363.0
254, 8.0, 368.0
255, 127.0, 368.0
256, 20.0, 371.0
257, 280.0, 371.0
258, 722.0, 371.0
259, 171.0, 374.0
260, 721.0, 376.0
261, 264.0, 389.0
262, 282.0, 390.0
263, 130.0, 391.0
264, 473.0, 394.0
265, 38.0, 395.0
266, 29.0, 399.0
267, 313.0, 405.0
268, 11.0, 410.0
269, 55.0, 412.0
270, 687.0, 415.0
271, 50.0, 436.0
272, 287.0, 442.0
273, 9.0, 446.0
274, 726.0, 446.0
275, 322.0, 451.0
276, 244.0, 454.0
277, 19.0, 457.0
278, 24.0, 458.0
279, 342.0, 459.0
280, 274.0, 466.0
281, 381.0, 466.0
282, 284.0, 469.0
283, 254.0, 470.0
284, 315.0, 470.0
285, 62.0, 471.0
286, 106.0, 471.0
287, 325.0, 471.0
