0, 291.0, 8.0
1, 630.0, 9.0
2, 311.0, 12.0
3, 311.0, 17.0
4, 614.0, 17.0
5, 629.0, 21.0
6, 611.0, 29.0
7, 580.0, 35.0
8, 629.0, 38.0
9, 557.0, 40.0
10, 588.0, 40.0
11, 599.0, 41.0
12, 611.0, 44.0
13, 575.0, 46.0
14, 574.0, 51.0
15, 586.0, 53.0
16, 571.0, 67.0
17, 741.0, 69.0
18, 583.0, 70.0
19, 201.0, 80.0
20, 478.0, 81.0
21, 568.0, 84.0
22, 424.0, 86.0
23, 579.0, 86.0
24, 552.0, 93.0
25, 473.0, 94.0
26, 480.0, 95.0
27, 488.0, 95.0
28, 591.0, 95.0
29, 569.0, 96.0
30, 580.0, 96.0
31, 703.0, 98.0
32, 421.0, 102.0
33, 379.0, 105.0
34, 384.0, 105.0
35, 389.0, 105.0
36, 547.0, 110.0
37, 623.0, 115.0
38, 653.0, 117.0
39, 433.0, 126.0
40, 473.0, 127.0
41, 507.0, 127.0
42, 628.0, 128.0
43, 726.0, 128.0
44, 670.0, 136.0
45, 433.0, 140.0
46, 649.0, 145.0
47, 543.0, 147.0
48, 554.0, 147.0
49, 548.0, 148.0
50, 563.0, 150.0
51, 584.0, 150.0
52, 692.0, 150.0
53, 568.0, 152.0
54, 606.0, 153.0
55, 669.0, 153.0
56, 432.0, 156.0
57, 458.0, 157.0
58, 493.0, 157.0
59, 641.0, 157.0
60, 607.0, 158.0
61, 627.0, 158.0
62, 476.0, 161.0
63, 680.0, 161.0
64, 450.0, 163.0
65, 628.0, 166.0
66, 617.0, 167.0
67, 430.0, 168.0
68, 578.0, 168.0
69, 583.0, 168.0
70, 473.0, 170.0
71, 589.0, 170.0
72, 640.0, 171.0
73, 483.0, 172.0
74, 618.0, 172.0
75, 660.0, 176.0
76, 619.0, 177.0
77, 430.0, 178.0
78, 608.0, 178.0
79, 446.0, 179.0
80, 453.0, 181.0
81, 600.0, 183.0
82, 636.0, 184.0
83, 658.0, 184.0
84, 541.0, 191.0
85, 684.0, 191.0
86, 478.0, 192.0
87, 552.0, 192.0
88, 664.0, 194.0
89, 565.0, 196.0
90, 522.0, 197.0
91, 638.0, 197.0
92, 682.0, 197.0
93, 647.0, 198.0
94, 553.0, 199.0
95, 627.0, 199.0
96, 560.0, 200.0
97, 614.0, 201.0
98, 548.0, 202.0
99, 577.0, 202.0
100, 682.0, 202.0
101, 598.0, 203.0
102, 688.0, 208.0
103, 515.0, 209.0
104, 565.0, 211.0
105, 634.0, 211.0
106, 415.0, 213.0
107, 531.0, 213.0
108, 276.0, 216.0
109, 687.0, 216.0
110, 743.0, 216.0
111, 281.0, 218.0
112, 494.0, 220.0
113, 466.0, 221.0
114, 305.0, 222.0
115, 390.0, 222.0
116, 461.0, 222.0
117, 566.0, 222.0
118, 385.0, 223.0
119, 631.0, 223.0
120, 676.0, 223.0
121, 417.0, 224.0
122, 684.0, 224.0
123, 479.0, 225.0
124, 447.0, 226.0
125, 274.0, 228.0
126, 294.0, 228.0
127, 622.0, 228.0
128, 627.0, 228.0
129, 564.0, 229.0
130, 265.0, 230.0
131, 655.0, 230.0
132, 324.0, 231.0
133, 741.0, 231.0
134, 255.0, 232.0
135, 196.0, 233.0
136, 415.0, 234.0
137, 248.0, 235.0
138, 303.0, 235.0
139, 628.0, 237.0
140, 615.0, 239.0
141, 235.0, 240.0
142, 552.0, 240.0
143, 230.0, 241.0
144, 194.0, 242.0
145, 225.0, 242.0
146, 449.0, 242.0
147, 454.0, 242.0
148, 165.0, 243.0
149, 189.0, 243.0
150, 392.0, 243.0
151, 735.0, 244.0
152, 184.0, 245.0
153, 216.0, 245.0
154, 594.0, 245.0
155, 678.0, 245.0
156, 695.0, 245.0
157, 332.0, 246.0
158, 624.0, 246.0
159, 414.0, 247.0
160, 208.0, 248.0
161, 384.0, 248.0
162, 200.0, 251.0
163, 643.0, 251.0
164, 486.0, 252.0
165, 622.0, 252.0
166, 193.0, 253.0
167, 304.0, 254.0
168, 469.0, 254.0
169, 572.0, 254.0
170, 181.0, 256.0
171, 342.0, 256.0
172, 405.0, 256.0
173, 140.0, 258.0
174, 387.0, 259.0
175, 170.0, 260.0
176, 330.0, 260.0
177, 415.0, 260.0
178, 549.0, 260.0
179, 663.0, 260.0
180, 163.0, 262.0
181, 309.0, 262.0
182, 460.0, 262.0
183, 382.0, 263.0
184, 430.0, 263.0
185, 594.0, 263.0
186, 158.0, 264.0
187, 465.0, 264.0
188, 710.0, 264.0
189, 641.0, 267.0
190, 142.0, 268.0
191, 147.0, 268.0
192, 446.0, 269.0
193, 487.0, 269.0
194, 137.0, 270.0
195, 574.0, 272.0
196, 297.0, 273.0
197, 325.0, 273.0
198, 606.0, 273.0
199, 615.0, 274.0
200, 665.0, 274.0
201, 125.0, 276.0
202, 285.0, 276.0
203, 551.0, 276.0
204, 584.0, 276.0
205, 621.0, 276.0
206, 112.0, 278.0
207, 280.0, 278.0
208, 636.0, 278.0
209, 724.0, 278.0
210, 275.0, 279.0
211, 105.0, 280.0
212, 449.0, 280.0
213, 536.0, 280.0
214, 561.0, 280.0
215, 267.0, 281.0
216, 440.0, 281.0
217, 100.0, 282.0
218, 262.0, 282.0
219, 543.0, 282.0
220, 412.0, 283.0
221, 549.0, 284.0
222, 88.0, 286.0
223, 247.0, 287.0
224, 583.0, 287.0
225, 635.0, 287.0
226, 78.0, 288.0
227, 83.0, 288.0
228, 302.0, 288.0
229, 328.0, 290.0
230, 609.0, 290.0
231, 466.0, 291.0
232, 71.0, 292.0
233, 437.0, 292.0
234, 650.0, 292.0
235, 453.0, 293.0
236, 61.0, 294.0
237, 56.0, 296.0
238, 47.0, 298.0
239, 36.0, 301.0
240, 31.0, 302.0
241, 714.0, 305.0
242, 24.0, 306.0
243, 410.0, 306.0
244, 402.0, 307.0
245, 415.0, 307.0
246, 420.0, 307.0
247, 14.0, 308.0
248, 8.0, 310.0
249, 442.0, 311.0
250, 333.0, 317.0
251, 454.0, 324.0
252, 459.0, 326.0
253, 707.0, 328.0
254, 515.0, 333.0
255, 340.0, 335.0
256, 638.0, 336.0
257, 414.0, 337.0
258, 550.0, 337.0
259, 384.0, 338.0
260, 490.0, 338.0
261, 555.0, 338.0
262, 560.0, 338.0
263, 439.0, 341.0
264, 662.0, 341.0
265, 266.0, 342.0
266, 576.0, 342.0
267, 395.0, 344.0
268, 501.0, 344.0
269, 533.0, 344.0
270, 616.0, 344.0
271, 406.0, 346.0
272, 252.0, 347.0
273, 516.0, 347.0
274, 521.0, 347.0
275, 511.0, 348.0
276, 647.0, 351.0
277, 241.0, 352.0
278, 624.0, 352.0
279, 387.0, 353.0
280, 459.0, 353.0
281, 659.0, 353.0
282, 443.0, 354.0
283, 494.0, 354.0
284, 550.0, 355.0
285, 684.0, 355.0
286, 398.0, 356.0
287, 636.0, 356.0
288, 510.0, 358.0
289, 230.0, 359.0
290, 235.0, 359.0
291, 489.0, 359.0
292, 696.0, 359.0
293, 277.0, 360.0
294, 520.0, 360.0
295, 223.0, 361.0
296, 418.0, 364.0
297, 487.0, 364.0
298, 215.0, 365.0
299, 334.0, 365.0
300, 551.0, 365.0
301, 586.0, 365.0
302, 633.0, 367.0
303, 668.0, 367.0
304, 677.0, 367.0
305, 294.0, 368.0
306, 656.0, 368.0
307, 661.0, 369.0
308, 206.0, 370.0
309, 548.0, 370.0
310, 648.0, 370.0
311, 691.0, 370.0
312, 444.0, 372.0
313, 278.0, 373.0
314, 341.0, 373.0
315, 336.0, 374.0
316, 196.0, 375.0
317, 206.0, 375.0
318, 564.0, 375.0
319, 603.0, 375.0
320, 271.0, 376.0
321, 331.0, 376.0
322, 190.0, 378.0
323, 419.0, 381.0
324, 241.0, 382.0
325, 617.0, 382.0
326, 180.0, 383.0
327, 326.0, 384.0
328, 432.0, 384.0
329, 171.0, 388.0
330, 603.0, 388.0
331, 408.0, 390.0
332, 523.0, 390.0
333, 424.0, 392.0
334, 615.0, 392.0
335, 161.0, 394.0
336, 345.0, 394.0
337, 667.0, 394.0
338, 405.0, 396.0
339, 126.0, 398.0
340, 151.0, 399.0
341, 599.0, 400.0
342, 633.0, 400.0
343, 643.0, 404.0
344, 414.0, 405.0
345, 601.0, 405.0
346, 108.0, 406.0
347, 626.0, 406.0
348, 88.0, 407.0
349, 139.0, 407.0
350, 439.0, 408.0
351, 542.0, 410.0
352, 663.0, 411.0
353, 129.0, 412.0
354, 408.0, 414.0
355, 523.0, 414.0
356, 555.0, 414.0
357, 672.0, 416.0
358, 120.0, 418.0
359, 624.0, 418.0
360, 677.0, 418.0
361, 451.0, 419.0
362, 659.0, 422.0
363, 415.0, 423.0
364, 561.0, 423.0
365, 345.0, 424.0
366, 397.0, 426.0
367, 426.0, 427.0
368, 443.0, 427.0
369, 498.0, 432.0
370, 660.0, 432.0
371, 431.0, 433.0
372, 530.0, 434.0
373, 619.0, 434.0
374, 648.0, 435.0
375, 511.0, 436.0
376, 246.0, 438.0
377, 671.0, 440.0
378, 681.0, 440.0
379, 689.0, 441.0
380, 500.0, 443.0
381, 650.0, 443.0
382, 226.0, 445.0
383, 11.0, 448.0
384, 239.0, 448.0
385, 250.0, 449.0
386, 505.0, 449.0
387, 561.0, 451.0
388, 649.0, 451.0
389, 263.0, 454.0
390, 235.0, 455.0
391, 612.0, 455.0
392, 663.0, 455.0
393, 673.0, 458.0
394, 289.0, 460.0
395, 274.0, 462.0
396, 250.0, 463.0
397, 318.0, 464.0
398, 556.0, 465.0
399, 688.0, 465.0
400, 255.0, 468.0
401, 301.0, 468.0
402, 336.0, 468.0
403, 674.0, 468.0
404, 643.0, 469.0
405, 663.0, 469.0
406, 367.0, 471.0
407, 513.0, 471.0
408, 585.0, 471.0
409, 637.0, 471.0
