0, 347.0, 8.0
1, 468.0, 8.0
2, 485.0, 8.0
3, 642.0, 8.0
4, 517.0, 9.0
5, 647.0, 9.0
6, 309.0, 10.0
7, 608.0, 10.0
8, 260.0, 11.0
9, 417.0, 11.0
10, 504.0, 11.0
11, 590.0, 11.0
12, 603.0, 11.0
13, 707.0, 11.0
14, 367.0, 12.0
15, 390.0, 12.0
16, 135.0, 14.0
17, 478.0, 14.0
18, 168.0, 15.0
19, 665.0, 15.0
20, 211.0, 17.0
21, 240.0, 17.0
22, 313.0, 17.0
23, 352.0, 17.0
24, 699.0, 17.0
25, 123.0, 19.0
26, 266.0, 19.0
27, 19.0, 22.0
28, 415.0, 23.0
29, 442.0, 23.0
30, 680.0, 24.0
31, 144.0, 25.0
32, 286.0, 26.0
33, 601.0, 26.0
34, 621.0, 28.0
35, 132.0, 29.0
36, 616.0, 29.0
37, 428.0, 30.0
38, 554.0, 32.0
39, 663.0, 32.0
40, 668.0, 32.0
41, 240.0, 33.0
42, 679.0, 35.0
43, 696.0, 36.0
44, 415.0, 37.0
45, 644.0, 38.0
46, 428.0, 40.0
47, 658.0, 41.0
48, 440.0, 42.0
49, 543.0, 43.0
50, 679.0, 45.0
51, 204.0, 46.0
52, 280.0, 47.0
53, 573.0, 47.0
54, 560.0, 48.0
55, 23.0, 50.0
56, 41.0, 51.0
57, 430.0, 51.0
58, 548.0, 53.0
59, 212.0, 54.0
60, 288.0, 54.0
61, 527.0, 54.0
62, 640.0, 54.0
63, 657.0, 54.0
64, 697.0, 54.0
65, 413.0, 55.0
66, 441.0, 56.0
67, 31.0, 60.0
68, 50.0, 60.0
69, 547.0, 62.0
70, 560.0, 62.0
71, 277.0, 64.0
72, 375.0, 64.0
73, 592.0, 64.0
74, 611.0, 65.0
75, 246.0, 67.0
76, 571.0, 67.0
77, 42.0, 68.0
78, 8.0, 69.0
79, 445.0, 69.0
80, 361.0, 70.0
81, 506.0, 70.0
82, 511.0, 74.0
83, 310.0, 75.0
84, 539.0, 75.0
85, 435.0, 76.0
86, 606.0, 76.0
87, 52.0, 77.0
88, 214.0, 77.0
89, 283.0, 77.0
90, 544.0, 77.0
91, 530.0, 79.0
92, 636.0, 79.0
93, 618.0, 87.0
94, 277.0, 88.0
95, 48.0, 91.0
96, 13.0, 93.0
97, 363.0, 95.0
98, 456.0, 95.0
99, 545.0, 95.0
100, 443.0, 96.0
101, 647.0, 96.0
102, 230.0, 97.0
103, 55.0, 98.0
104, 588.0, 102.0
105, 688.0, 102.0
106, 543.0, 104.0
107, 638.0, 104.0
108, 647.0, 104.0
109, 498.0, 105.0
110, 522.0, 108.0
111, 483.0, 112.0
112, 356.0, 113.0
113, 54.0, 114.0
114, 292.0, 116.0
115, 523.0, 118.0
116, 207.0, 119.0
117, 280.0, 119.0
118, 626.0, 123.0
119, 539.0, 124.0
120, 292.0, 126.0
121, 679.0, 126.0
122, 8.0, 128.0
123, 64.0, 128.0
124, 449.0, 131.0
125, 520.0, 131.0
126, 681.0, 131.0
127, 530.0, 134.0
128, 40.0, 135.0
129, 355.0, 137.0
130, 397.0, 139.0
131, 373.0, 140.0
132, 547.0, 142.0
133, 644.0, 145.0
134, 351.0, 149.0
135, 621.0, 151.0
136, 535.0, 153.0
137, 366.0, 157.0
138, 405.0, 157.0
139, 543.0, 157.0
140, 350.0, 159.0
141, 449.0, 162.0
142, 248.0, 164.0
143, 354.0, 164.0
144, 451.0, 167.0
145, 568.0, 167.0
146, 673.0, 168.0
147, 671.0, 173.0
148, 49.0, 176.0
149, 402.0, 176.0
150, 283.0, 177.0
151, 475.0, 179.0
152, 214.0, 182.0
153, 284.0, 182.0
154, 425.0, 183.0
155, 185.0, 184.0
156, 216.0, 187.0
157, 433.0, 188.0
158, 576.0, 191.0
159, 530.0, 192.0
160, 219.0, 194.0
161, 285.0, 197.0
162, 525.0, 197.0
163, 359.0, 198.0
164, 436.0, 201.0
165, 416.0, 205.0
166, 462.0, 205.0
167, 610.0, 205.0
168, 549.0, 206.0
169, 658.0, 208.0
170, 302.0, 209.0
171, 624.0, 209.0
172, 663.0, 209.0
173, 471.0, 210.0
174, 508.0, 210.0
175, 615.0, 210.0
176, 574.0, 211.0
177, 642.0, 211.0
178, 526.0, 212.0
179, 611.0, 217.0
180, 543.0, 220.0
181, 16.0, 221.0
182, 61.0, 221.0
183, 436.0, 222.0
184, 403.0, 223.0
185, 460.0, 223.0
186, 556.0, 223.0
187, 282.0, 224.0
188, 623.0, 224.0
189, 637.0, 227.0
190, 387.0, 229.0
191, 585.0, 229.0
192, 193.0, 231.0
193, 532.0, 233.0
194, 650.0, 236.0
195, 658.0, 238.0
196, 548.0, 239.0
197, 621.0, 239.0
198, 447.0, 242.0
199, 254.0, 244.0
200, 361.0, 246.0
201, 267.0, 247.0
202, 504.0, 247.0
203, 525.0, 247.0
204, 634.0, 250.0
205, 316.0, 251.0
206, 646.0, 254.0
207, 108.0, 255.0
208, 131.0, 255.0
209, 180.0, 255.0
210, 223.0, 255.0
211, 434.0, 255.0
212, 298.0, 257.0
213, 186.0, 261.0
214, 138.0, 262.0
215, 117.0, 263.0
216, 483.0, 263.0
217, 231.0, 264.0
218, 158.0, 268.0
219, 362.0, 270.0
220, 430.0, 271.0
221, 499.0, 271.0
222, 650.0, 271.0
223, 123.0, 275.0
224, 165.0, 276.0
225, 341.0, 278.0
226, 646.0, 278.0
227, 228.0, 279.0
228, 249.0, 280.0
229, 131.0, 283.0
230, 645.0, 283.0
231, 143.0, 284.0
232, 368.0, 284.0
233, 440.0, 284.0
234, 626.0, 285.0
235, 637.0, 287.0
236, 177.0, 288.0
237, 358.0, 289.0
238, 150.0, 291.0
239, 479.0, 291.0
240, 450.0, 292.0
241, 592.0, 293.0
242, 316.0, 294.0
243, 184.0, 295.0
244, 283.0, 296.0
245, 573.0, 298.0
246, 607.0, 298.0
247, 386.0, 299.0
248, 133.0, 300.0
249, 296.0, 302.0
250, 157.0, 304.0
251, 445.0, 304.0
252, 318.0, 306.0
253, 142.0, 308.0
254, 361.0, 308.0
255, 600.0, 309.0
256, 164.0, 310.0
257, 186.0, 310.0
258, 559.0, 310.0
259, 605.0, 310.0
260, 170.0, 312.0
261, 427.0, 313.0
262, 475.0, 313.0
263, 567.0, 314.0
264, 587.0, 314.0
265, 193.0, 317.0
266, 580.0, 317.0
267, 620.0, 317.0
268, 440.0, 318.0
269, 126.0, 320.0
270, 178.0, 320.0
271, 502.0, 320.0
272, 597.0, 320.0
273, 517.0, 325.0
274, 541.0, 325.0
275, 134.0, 326.0
276, 156.0, 329.0
277, 594.0, 330.0
278, 399.0, 331.0
279, 632.0, 331.0
280, 464.0, 332.0
281, 161.0, 335.0
282, 603.0, 335.0
283, 630.0, 336.0
284, 179.0, 338.0
285, 237.0, 338.0
286, 571.0, 339.0
287, 299.0, 344.0
288, 186.0, 345.0
289, 629.0, 347.0
290, 92.0, 351.0
291, 630.0, 355.0
292, 396.0, 356.0
293, 103.0, 357.0
294, 330.0, 357.0
295, 315.0, 360.0
296, 631.0, 360.0
297, 352.0, 362.0
298, 320.0, 363.0
299, 632.0, 365.0
300, 357.0, 366.0
301, 88.0, 367.0
302, 95.0, 367.0
303, 339.0, 367.0
304, 437.0, 369.0
305, 100.0, 371.0
306, 359.0, 371.0
307, 87.0, 372.0
308, 325.0, 372.0
309, 396.0, 373.0
310, 345.0, 374.0
311, 106.0, 375.0
312, 459.0, 379.0
313, 348.0, 382.0
314, 621.0, 386.0
315, 340.0, 387.0
316, 404.0, 387.0
317, 531.0, 388.0
318, 558.0, 389.0
319, 213.0, 390.0
320, 355.0, 390.0
321, 207.0, 391.0
322, 317.0, 392.0
323, 344.0, 393.0
324, 434.0, 394.0
325, 130.0, 395.0
326, 148.0, 397.0
327, 490.0, 397.0
328, 452.0, 399.0
329, 420.0, 400.0
330, 335.0, 402.0
331, 305.0, 403.0
332, 478.0, 403.0
333, 501.0, 403.0
334, 553.0, 408.0
335, 123.0, 410.0
336, 157.0, 410.0
337, 524.0, 410.0
338, 134.0, 412.0
339, 351.0, 412.0
340, 168.0, 413.0
341, 341.0, 413.0
342, 356.0, 413.0
343, 488.0, 413.0
344, 434.0, 415.0
345, 574.0, 417.0
346, 175.0, 419.0
347, 593.0, 419.0
348, 144.0, 421.0
349, 205.0, 421.0
350, 122.0, 422.0
351, 127.0, 422.0
352, 158.0, 422.0
353, 497.0, 422.0
354, 617.0, 422.0
355, 610.0, 423.0
356, 605.0, 425.0
357, 132.0, 426.0
358, 584.0, 429.0
359, 180.0, 430.0
360, 483.0, 432.0
361, 589.0, 432.0
362, 171.0, 433.0
363, 223.0, 433.0
364, 478.0, 433.0
365, 570.0, 435.0
366, 154.0, 437.0
367, 571.0, 440.0
368, 579.0, 442.0
369, 231.0, 444.0
370, 311.0, 444.0
371, 191.0, 445.0
372, 441.0, 445.0
373, 606.0, 445.0
374, 425.0, 447.0
375, 446.0, 447.0
376, 648.0, 451.0
377, 655.0, 451.0
378, 345.0, 452.0
379, 249.0, 453.0
380, 666.0, 454.0
381, 238.0, 455.0
382, 448.0, 457.0
383, 470.0, 458.0
384, 264.0, 459.0
385, 410.0, 459.0
386, 626.0, 459.0
387, 179.0, 461.0
388, 218.0, 461.0
389, 478.0, 463.0
390, 446.0, 465.0
391, 283.0, 467.0
392, 236.0, 469.0
393, 420.0, 470.0
394, 130.0, 471.0
395, 166.0, 471.0
396, 210.0, 471.0
397, 343.0, 471.0
