0, 523.0, 10.0
1, 12.0, 13.0
2, 462.0, 28.0
3, 514.0, 40.0
4, 514.0, 45.0
5, 514.0, 50.0
6, 419.0, 70.0
7, 691.0, 72.0
8, 690.0, 81.0
9, 513.0, 91.0
10, 512.0, 96.0
11, 724.0, 102.0
12, 635.0, 103.0
13, 510.0, 105.0
14, 687.0, 106.0
15, 509.0, 110.0
16, 208.0, 113.0
17, 607.0, 114.0
18, 470.0, 126.0
19, 517.0, 126.0
20, 603.0, 127.0
21, 266.0, 128.0
22, 506.0, 128.0
23, 552.0, 128.0
24, 590.0, 128.0
25, 485.0, 130.0
26, 77.0, 133.0
27, 719.0, 134.0
28, 46.0, 135.0
29, 20.0, 137.0
30, 470.0, 139.0
31, 484.0, 139.0
32, 508.0, 141.0
33, 522.0, 143.0
34, 527.0, 143.0
35, 34.0, 145.0
36, 23.0, 146.0
37, 627.0, 146.0
38, 297.0, 148.0
39, 507.0, 148.0
40, 527.0, 148.0
41, 73.0, 149.0
42, 64.0, 151.0
43, 82.0, 151.0
44, 470.0, 151.0
45, 484.0, 152.0
46, 44.0, 153.0
47, 25.0, 156.0
48, 104.0, 159.0
49, 625.0, 159.0
50, 523.0, 160.0
51, 507.0, 161.0
52, 484.0, 166.0
53, 502.0, 168.0
54, 547.0, 172.0
55, 469.0, 177.0
56, 485.0, 178.0
57, 495.0, 178.0
58, 177.0, 179.0
59, 545.0, 179.0
60, 510.0, 181.0
61, 144.0, 182.0
62, 121.0, 184.0
63, 155.0, 184.0
64, 545.0, 185.0
65, 219.0, 186.0
66, 450.0, 187.0
67, 462.0, 187.0
68, 145.0, 189.0
69, 507.0, 190.0
70, 483.0, 191.0
71, 94.0, 192.0
72, 498.0, 192.0
73, 522.0, 192.0
74, 540.0, 192.0
75, 161.0, 194.0
76, 85.0, 195.0
77, 112.0, 195.0
78, 146.0, 195.0
79, 72.0, 197.0
80, 40.0, 200.0
81, 55.0, 200.0
82, 181.0, 200.0
83, 60.0, 201.0
84, 71.0, 202.0
85, 169.0, 203.0
86, 147.0, 205.0
87, 160.0, 205.0
88, 17.0, 206.0
89, 726.0, 209.0
90, 521.0, 212.0
91, 173.0, 213.0
92, 223.0, 213.0
93, 151.0, 217.0
94, 611.0, 218.0
95, 224.0, 224.0
96, 172.0, 227.0
97, 156.0, 228.0
98, 185.0, 234.0
99, 207.0, 235.0
100, 180.0, 236.0
101, 153.0, 239.0
102, 194.0, 241.0
103, 646.0, 241.0
104, 210.0, 243.0
105, 188.0, 245.0
106, 173.0, 246.0
107, 550.0, 246.0
108, 210.0, 248.0
109, 229.0, 249.0
110, 196.0, 250.0
111, 175.0, 251.0
112, 189.0, 252.0
113, 126.0, 256.0
114, 534.0, 256.0
115, 641.0, 257.0
116, 176.0, 258.0
117, 545.0, 260.0
118, 555.0, 261.0
119, 82.0, 263.0
120, 177.0, 263.0
121, 182.0, 263.0
122, 518.0, 263.0
123, 258.0, 266.0
124, 535.0, 266.0
125, 638.0, 268.0
126, 569.0, 269.0
127, 446.0, 270.0
128, 558.0, 270.0
129, 563.0, 270.0
130, 576.0, 271.0
131, 282.0, 273.0
132, 617.0, 273.0
133, 583.0, 274.0
134, 222.0, 276.0
135, 432.0, 276.0
136, 543.0, 276.0
137, 635.0, 277.0
138, 594.0, 280.0
139, 440.0, 281.0
140, 556.0, 281.0
141, 543.0, 282.0
142, 243.0, 283.0
143, 448.0, 283.0
144, 566.0, 285.0
145, 548.0, 286.0
146, 600.0, 287.0
147, 456.0, 290.0
148, 462.0, 290.0
149, 468.0, 290.0
150, 537.0, 290.0
151, 558.0, 290.0
152, 609.0, 291.0
153, 444.0, 292.0
154, 305.0, 293.0
155, 424.0, 293.0
156, 439.0, 293.0
157, 464.0, 295.0
158, 632.0, 295.0
159, 343.0, 297.0
160, 541.0, 299.0
161, 558.0, 299.0
162, 640.0, 299.0
163, 306.0, 300.0
164, 454.0, 301.0
165, 648.0, 301.0
166, 513.0, 302.0
167, 443.0, 303.0
168, 356.0, 304.0
169, 530.0, 304.0
170, 485.0, 305.0
171, 656.0, 305.0
172, 571.0, 306.0
173, 662.0, 306.0
174, 551.0, 307.0
175, 432.0, 309.0
176, 540.0, 309.0
177, 669.0, 309.0
178, 371.0, 312.0
179, 510.0, 312.0
180, 529.0, 312.0
181, 562.0, 312.0
182, 583.0, 312.0
183, 553.0, 315.0
184, 494.0, 316.0
185, 675.0, 316.0
186, 701.0, 316.0
187, 543.0, 319.0
188, 576.0, 319.0
189, 454.0, 320.0
190, 528.0, 320.0
191, 708.0, 320.0
192, 603.0, 322.0
193, 437.0, 323.0
194, 560.0, 323.0
195, 504.0, 324.0
196, 454.0, 325.0
197, 517.0, 325.0
198, 586.0, 325.0
199, 547.0, 326.0
200, 718.0, 326.0
201, 490.0, 327.0
202, 397.0, 328.0
203, 275.0, 329.0
204, 664.0, 329.0
205, 453.0, 330.0
206, 524.0, 331.0
207, 655.0, 332.0
208, 552.0, 335.0
209, 535.0, 336.0
210, 540.0, 337.0
211, 37.0, 338.0
212, 639.0, 338.0
213, 634.0, 339.0
214, 531.0, 351.0
215, 597.0, 355.0
216, 520.0, 357.0
217, 586.0, 357.0
218, 449.0, 358.0
219, 574.0, 361.0
220, 450.0, 363.0
221, 552.0, 370.0
222, 569.0, 371.0
223, 543.0, 373.0
224, 528.0, 374.0
225, 593.0, 377.0
226, 540.0, 378.0
227, 563.0, 379.0
228, 579.0, 380.0
229, 611.0, 380.0
230, 526.0, 382.0
231, 460.0, 385.0
232, 624.0, 387.0
233, 543.0, 388.0
234, 575.0, 388.0
235, 602.0, 390.0
236, 553.0, 392.0
237, 615.0, 392.0
238, 139.0, 394.0
239, 565.0, 396.0
240, 583.0, 397.0
241, 124.0, 399.0
242, 590.0, 399.0
243, 551.0, 402.0
244, 576.0, 402.0
245, 463.0, 403.0
246, 264.0, 404.0
247, 598.0, 407.0
248, 137.0, 410.0
249, 221.0, 411.0
250, 621.0, 411.0
251, 250.0, 412.0
252, 256.0, 412.0
253, 632.0, 413.0
254, 141.0, 417.0
255, 465.0, 419.0
256, 611.0, 419.0
257, 466.0, 424.0
258, 232.0, 425.0
259, 106.0, 426.0
260, 134.0, 427.0
261, 596.0, 427.0
262, 236.0, 430.0
263, 206.0, 432.0
264, 218.0, 432.0
265, 94.0, 434.0
266, 557.0, 436.0
267, 140.0, 442.0
268, 115.0, 445.0
269, 206.0, 447.0
270, 95.0, 450.0
271, 180.0, 451.0
272, 194.0, 455.0
273, 127.0, 456.0
274, 471.0, 457.0
275, 145.0, 458.0
276, 635.0, 458.0
277, 661.0, 458.0
278, 171.0, 460.0
279, 583.0, 464.0
280, 191.0, 468.0
281, 139.0, 469.0
282, 677.0, 469.0
283, 166.0, 470.0
