0, 179.0, 11.0
1, 575.0, 28.0
2, 547.0, 35.0
3, 476.0, 36.0
4, 532.0, 40.0
5, 554.0, 42.0
6, 567.0, 42.0
7, 365.0, 43.0
8, 523.0, 43.0
9, 562.0, 43.0
10, 161.0, 47.0
11, 547.0, 49.0
12, 480.0, 51.0
13, 534.0, 52.0
14, 577.0, 53.0
15, 570.0, 54.0
16, 524.0, 55.0
17, 381.0, 57.0
18, 557.0, 58.0
19, 704.0, 58.0
20, 430.0, 60.0
21, 548.0, 60.0
22, 416.0, 61.0
23, 543.0, 62.0
24, 593.0, 62.0
25, 538.0, 63.0
26, 406.0, 64.0
27, 392.0, 68.0
28, 524.0, 68.0
29, 432.0, 71.0
30, 498.0, 71.0
31, 374.0, 72.0
32, 482.0, 73.0
33, 587.0, 74.0
34, 477.0, 80.0
35, 431.0, 81.0
36, 661.0, 81.0
37, 368.0, 83.0
38, 485.0, 85.0
39, 420.0, 88.0
40, 626.0, 90.0
41, 408.0, 92.0
42, 638.0, 92.0
43, 397.0, 95.0
44, 603.0, 95.0
45, 353.0, 97.0
46, 370.0, 97.0
47, 389.0, 97.0
48, 431.0, 98.0
49, 626.0, 99.0
50, 340.0, 103.0
51, 595.0, 103.0
52, 235.0, 104.0
53, 318.0, 104.0
54, 439.0, 104.0
55, 625.0, 105.0
56, 330.0, 106.0
57, 639.0, 106.0
58, 601.0, 107.0
59, 413.0, 108.0
60, 584.0, 108.0
61, 367.0, 109.0
62, 576.0, 109.0
63, 356.0, 110.0
64, 624.0, 110.0
65, 659.0, 110.0
66, 247.0, 111.0
67, 311.0, 111.0
68, 441.0, 112.0
69, 592.0, 113.0
70, 346.0, 114.0
71, 567.0, 114.0
72, 290.0, 115.0
73, 332.0, 115.0
74, 398.0, 116.0
75, 556.0, 116.0
76, 267.0, 117.0
77, 281.0, 117.0
78, 392.0, 117.0
79, 657.0, 118.0
80, 322.0, 119.0
81, 415.0, 119.0
82, 645.0, 119.0
83, 314.0, 120.0
84, 573.0, 121.0
85, 328.0, 122.0
86, 334.0, 123.0
87, 445.0, 123.0
88, 367.0, 124.0
89, 372.0, 124.0
90, 543.0, 124.0
91, 623.0, 124.0
92, 251.0, 125.0
93, 305.0, 125.0
94, 357.0, 125.0
95, 440.0, 125.0
96, 505.0, 125.0
97, 527.0, 125.0
98, 292.0, 126.0
99, 341.0, 126.0
100, 516.0, 126.0
101, 554.0, 126.0
102, 282.0, 129.0
103, 300.0, 129.0
104, 270.0, 131.0
105, 347.0, 131.0
106, 417.0, 131.0
107, 536.0, 131.0
108, 506.0, 133.0
109, 645.0, 133.0
110, 258.0, 134.0
111, 408.0, 134.0
112, 293.0, 135.0
113, 369.0, 135.0
114, 374.0, 135.0
115, 352.0, 136.0
116, 364.0, 136.0
117, 359.0, 137.0
118, 394.0, 138.0
119, 507.0, 138.0
120, 629.0, 138.0
121, 623.0, 140.0
122, 275.0, 142.0
123, 288.0, 142.0
124, 356.0, 143.0
125, 696.0, 146.0
126, 270.0, 149.0
127, 284.0, 150.0
128, 360.0, 150.0
129, 621.0, 151.0
130, 643.0, 151.0
131, 464.0, 152.0
132, 440.0, 155.0
133, 261.0, 156.0
134, 295.0, 156.0
135, 621.0, 156.0
136, 361.0, 157.0
137, 283.0, 158.0
138, 430.0, 158.0
139, 371.0, 159.0
140, 450.0, 160.0
141, 462.0, 160.0
142, 620.0, 161.0
143, 277.0, 162.0
144, 655.0, 162.0
145, 678.0, 162.0
146, 269.0, 163.0
147, 364.0, 163.0
148, 263.0, 164.0
149, 650.0, 164.0
150, 636.0, 166.0
151, 431.0, 168.0
152, 365.0, 169.0
153, 323.0, 170.0
154, 280.0, 171.0
155, 463.0, 171.0
156, 438.0, 172.0
157, 680.0, 172.0
158, 451.0, 173.0
159, 618.0, 173.0
160, 364.0, 174.0
161, 428.0, 175.0
162, 693.0, 175.0
163, 250.0, 176.0
164, 469.0, 176.0
165, 655.0, 176.0
166, 281.0, 178.0
167, 362.0, 179.0
168, 637.0, 179.0
169, 644.0, 179.0
170, 452.0, 180.0
171, 691.0, 180.0
172, 375.0, 181.0
173, 282.0, 183.0
174, 367.0, 183.0
175, 661.0, 184.0
176, 439.0, 185.0
177, 688.0, 185.0
178, 274.0, 186.0
179, 656.0, 186.0
180, 359.0, 190.0
181, 286.0, 191.0
182, 640.0, 191.0
183, 375.0, 193.0
184, 368.0, 196.0
185, 588.0, 196.0
186, 356.0, 197.0
187, 289.0, 198.0
188, 341.0, 201.0
189, 351.0, 203.0
190, 634.0, 203.0
191, 385.0, 204.0
192, 371.0, 206.0
193, 288.0, 208.0
194, 347.0, 208.0
195, 360.0, 209.0
196, 387.0, 209.0
197, 548.0, 209.0
198, 278.0, 210.0
199, 300.0, 210.0
200, 352.0, 212.0
201, 634.0, 212.0
202, 341.0, 213.0
203, 307.0, 214.0
204, 403.0, 215.0
205, 372.0, 216.0
206, 331.0, 217.0
207, 290.0, 218.0
208, 319.0, 218.0
209, 324.0, 218.0
210, 678.0, 218.0
211, 281.0, 219.0
212, 362.0, 219.0
213, 389.0, 219.0
214, 397.0, 219.0
215, 272.0, 220.0
216, 353.0, 221.0
217, 404.0, 221.0
218, 314.0, 222.0
219, 302.0, 225.0
220, 334.0, 225.0
221, 358.0, 227.0
222, 292.0, 228.0
223, 317.0, 231.0
224, 281.0, 232.0
225, 306.0, 233.0
226, 276.0, 234.0
227, 342.0, 234.0
228, 294.0, 238.0
229, 408.0, 238.0
230, 316.0, 242.0
231, 298.0, 246.0
232, 278.0, 251.0
233, 529.0, 252.0
234, 274.0, 259.0
235, 232.0, 273.0
236, 411.0, 273.0
237, 281.0, 292.0
238, 275.0, 295.0
239, 270.0, 298.0
240, 498.0, 299.0
241, 241.0, 306.0
242, 275.0, 310.0
243, 743.0, 319.0
244, 279.0, 325.0
245, 230.0, 326.0
246, 290.0, 327.0
247, 248.0, 329.0
248, 279.0, 330.0
249, 405.0, 332.0
250, 728.0, 333.0
251, 302.0, 343.0
252, 234.0, 345.0
253, 500.0, 345.0
254, 286.0, 349.0
255, 215.0, 352.0
256, 243.0, 352.0
257, 743.0, 353.0
258, 243.0, 364.0
259, 476.0, 370.0
260, 740.0, 371.0
261, 261.0, 372.0
262, 656.0, 374.0
263, 210.0, 375.0
264, 109.0, 390.0
265, 82.0, 399.0
266, 596.0, 404.0
267, 703.0, 420.0
268, 731.0, 429.0
269, 726.0, 430.0
270, 721.0, 432.0
271, 496.0, 435.0
272, 43.0, 437.0
273, 64.0, 439.0
274, 29.0, 444.0
275, 311.0, 450.0
276, 19.0, 451.0
277, 455.0, 454.0
278, 595.0, 464.0
279, 517.0, 465.0
280, 319.0, 469.0
281, 631.0, 471.0
