0, 729.0, 17.0
1, 724.0, 18.0
2, 125.0, 19.0
3, 636.0, 26.0
4, 631.0, 27.0
5, 624.0, 28.0
6, 612.0, 30.0
7, 697.0, 36.0
8, 436.0, 39.0
9, 68.0, 40.0
10, 86.0, 41.0
11, 77.0, 42.0
12, 133.0, 42.0
13, 636.0, 42.0
14, 138.0, 43.0
15, 421.0, 43.0
16, 617.0, 47.0
17, 608.0, 48.0
18, 90.0, 49.0
19, 60.0, 51.0
20, 693.0, 55.0
21, 249.0, 56.0
22, 265.0, 56.0
23, 634.0, 57.0
24, 96.0, 59.0
25, 119.0, 61.0
26, 717.0, 63.0
27, 177.0, 65.0
28, 633.0, 69.0
29, 123.0, 71.0
30, 132.0, 73.0
31, 160.0, 73.0
32, 605.0, 74.0
33, 690.0, 81.0
34, 166.0, 82.0
35, 629.0, 83.0
36, 255.0, 88.0
37, 260.0, 88.0
38, 265.0, 88.0
39, 230.0, 89.0
40, 127.0, 91.0
41, 172.0, 94.0
42, 201.0, 95.0
43, 711.0, 95.0
44, 123.0, 96.0
45, 704.0, 96.0
46, 161.0, 102.0
47, 184.0, 102.0
48, 601.0, 103.0
49, 712.0, 103.0
50, 112.0, 104.0
51, 128.0, 104.0
52, 483.0, 104.0
53, 353.0, 110.0
54, 601.0, 110.0
55, 348.0, 111.0
56, 358.0, 111.0
57, 710.0, 111.0
58, 343.0, 112.0
59, 684.0, 116.0
60, 252.0, 117.0
61, 620.0, 117.0
62, 295.0, 118.0
63, 300.0, 118.0
64, 599.0, 119.0
65, 430.0, 120.0
66, 360.0, 127.0
67, 365.0, 127.0
68, 374.0, 127.0
69, 185.0, 128.0
70, 190.0, 128.0
71, 203.0, 128.0
72, 346.0, 128.0
73, 379.0, 128.0
74, 163.0, 130.0
75, 208.0, 131.0
76, 231.0, 131.0
77, 136.0, 132.0
78, 131.0, 133.0
79, 213.0, 138.0
80, 160.0, 141.0
81, 139.0, 142.0
82, 193.0, 145.0
83, 124.0, 148.0
84, 254.0, 162.0
85, 248.0, 163.0
86, 230.0, 164.0
87, 259.0, 165.0
88, 363.0, 166.0
89, 368.0, 167.0
90, 264.0, 168.0
91, 173.0, 169.0
92, 414.0, 169.0
93, 178.0, 170.0
94, 419.0, 170.0
95, 424.0, 170.0
96, 429.0, 170.0
97, 183.0, 171.0
98, 237.0, 171.0
99, 337.0, 171.0
100, 127.0, 175.0
101, 269.0, 175.0
102, 500.0, 175.0
103, 233.0, 176.0
104, 360.0, 176.0
105, 161.0, 177.0
106, 208.0, 177.0
107, 380.0, 178.0
108, 188.0, 180.0
109, 173.0, 181.0
110, 419.0, 186.0
111, 163.0, 188.0
112, 538.0, 189.0
113, 595.0, 189.0
114, 601.0, 189.0
115, 366.0, 190.0
116, 528.0, 190.0
117, 533.0, 190.0
118, 590.0, 190.0
119, 334.0, 191.0
120, 339.0, 191.0
121, 344.0, 191.0
122, 575.0, 191.0
123, 382.0, 192.0
124, 168.0, 196.0
125, 438.0, 196.0
126, 139.0, 197.0
127, 151.0, 197.0
128, 466.0, 197.0
129, 454.0, 198.0
130, 226.0, 199.0
131, 529.0, 199.0
132, 284.0, 200.0
133, 478.0, 200.0
134, 416.0, 201.0
135, 472.0, 201.0
136, 200.0, 202.0
137, 263.0, 203.0
138, 440.0, 204.0
139, 504.0, 205.0
140, 397.0, 206.0
141, 410.0, 206.0
142, 380.0, 207.0
143, 169.0, 208.0
144, 238.0, 208.0
145, 469.0, 208.0
146, 141.0, 209.0
147, 174.0, 209.0
148, 420.0, 209.0
149, 150.0, 210.0
150, 450.0, 210.0
151, 269.0, 211.0
152, 368.0, 214.0
153, 352.0, 215.0
154, 262.0, 216.0
155, 175.0, 218.0
156, 211.0, 218.0
157, 343.0, 218.0
158, 235.0, 219.0
159, 312.0, 219.0
160, 338.0, 219.0
161, 428.0, 219.0
162, 150.0, 220.0
163, 418.0, 220.0
164, 409.0, 221.0
165, 296.0, 222.0
166, 186.0, 223.0
167, 351.0, 225.0
168, 487.0, 226.0
169, 253.0, 227.0
170, 414.0, 231.0
171, 220.0, 232.0
172, 419.0, 232.0
173, 392.0, 233.0
174, 466.0, 233.0
175, 205.0, 234.0
176, 428.0, 234.0
177, 197.0, 236.0
178, 266.0, 236.0
179, 376.0, 236.0
180, 188.0, 237.0
181, 250.0, 237.0
182, 302.0, 239.0
183, 160.0, 240.0
184, 227.0, 240.0
185, 322.0, 241.0
186, 440.0, 243.0
187, 313.0, 244.0
188, 503.0, 244.0
189, 394.0, 245.0
190, 430.0, 245.0
191, 464.0, 245.0
192, 308.0, 246.0
193, 523.0, 247.0
194, 200.0, 248.0
195, 229.0, 248.0
196, 350.0, 248.0
197, 335.0, 249.0
198, 416.0, 249.0
199, 362.0, 250.0
200, 465.0, 250.0
201, 511.0, 251.0
202, 528.0, 251.0
203, 287.0, 252.0
204, 523.0, 252.0
205, 560.0, 252.0
206, 568.0, 252.0
207, 581.0, 252.0
208, 586.0, 252.0
209, 301.0, 254.0
210, 447.0, 254.0
211, 483.0, 254.0
212, 342.0, 256.0
213, 430.0, 256.0
214, 463.0, 256.0
215, 517.0, 256.0
216, 522.0, 257.0
217, 528.0, 257.0
218, 205.0, 258.0
219, 347.0, 258.0
220, 334.0, 259.0
221, 397.0, 259.0
222, 507.0, 259.0
223, 377.0, 260.0
224, 564.0, 261.0
225, 269.0, 262.0
226, 161.0, 263.0
227, 156.0, 264.0
228, 149.0, 265.0
229, 250.0, 265.0
230, 245.0, 266.0
231, 414.0, 267.0
232, 338.0, 268.0
233, 399.0, 268.0
234, 239.0, 269.0
235, 448.0, 270.0
236, 261.0, 271.0
237, 217.0, 272.0
238, 577.0, 273.0
239, 582.0, 274.0
240, 587.0, 274.0
241, 592.0, 274.0
242, 391.0, 277.0
243, 192.0, 278.0
244, 384.0, 278.0
245, 187.0, 279.0
246, 250.0, 282.0
247, 399.0, 282.0
248, 468.0, 283.0
249, 242.0, 284.0
250, 367.0, 285.0
251, 221.0, 286.0
252, 547.0, 287.0
253, 362.0, 288.0
254, 743.0, 288.0
255, 173.0, 290.0
256, 344.0, 291.0
257, 277.0, 295.0
258, 320.0, 295.0
259, 160.0, 296.0
260, 218.0, 296.0
261, 240.0, 296.0
262, 155.0, 297.0
263, 392.0, 298.0
264, 255.0, 299.0
265, 519.0, 301.0
266, 524.0, 301.0
267, 159.0, 302.0
268, 509.0, 302.0
269, 514.0, 302.0
270, 330.0, 303.0
271, 375.0, 303.0
272, 487.0, 304.0
273, 306.0, 306.0
274, 312.0, 306.0
275, 444.0, 306.0
276, 229.0, 307.0
277, 276.0, 307.0
278, 428.0, 307.0
279, 170.0, 308.0
280, 399.0, 308.0
281, 409.0, 308.0
282, 465.0, 308.0
283, 470.0, 308.0
284, 161.0, 309.0
285, 375.0, 309.0
286, 455.0, 309.0
287, 460.0, 309.0
288, 291.0, 310.0
289, 314.0, 311.0
290, 184.0, 312.0
291, 363.0, 312.0
292, 533.0, 312.0
293, 352.0, 314.0
294, 423.0, 314.0
295, 248.0, 316.0
296, 555.0, 317.0
297, 296.0, 318.0
298, 279.0, 319.0
299, 168.0, 321.0
300, 479.0, 321.0
301, 726.0, 321.0
302, 267.0, 322.0
303, 463.0, 322.0
304, 731.0, 322.0
305, 736.0, 323.0
306, 741.0, 323.0
307, 200.0, 324.0
308, 415.0, 324.0
309, 395.0, 327.0
310, 518.0, 327.0
311, 143.0, 328.0
312, 138.0, 329.0
313, 238.0, 329.0
314, 486.0, 329.0
315, 491.0, 329.0
316, 291.0, 330.0
317, 129.0, 331.0
318, 232.0, 334.0
319, 124.0, 335.0
320, 220.0, 335.0
321, 237.0, 335.0
322, 82.0, 336.0
323, 543.0, 336.0
324, 393.0, 338.0
325, 452.0, 338.0
326, 494.0, 338.0
327, 265.0, 339.0
328, 469.0, 339.0
329, 373.0, 341.0
330, 126.0, 342.0
331, 383.0, 342.0
332, 294.0, 345.0
333, 239.0, 346.0
334, 361.0, 347.0
335, 442.0, 347.0
336, 136.0, 348.0
337, 255.0, 349.0
338, 278.0, 350.0
339, 743.0, 351.0
340, 271.0, 352.0
341, 95.0, 353.0
342, 392.0, 353.0
343, 456.0, 355.0
344, 540.0, 355.0
345, 372.0, 356.0
346, 557.0, 357.0
347, 713.0, 358.0
348, 366.0, 363.0
349, 151.0, 364.0
350, 307.0, 364.0
351, 576.0, 367.0
352, 136.0, 368.0
353, 277.0, 369.0
354, 344.0, 369.0
355, 444.0, 369.0
356, 107.0, 371.0
357, 128.0, 371.0
358, 294.0, 371.0
359, 427.0, 371.0
360, 326.0, 372.0
361, 320.0, 376.0
362, 412.0, 378.0
363, 727.0, 378.0
364, 351.0, 379.0
365, 158.0, 380.0
366, 440.0, 380.0
367, 511.0, 380.0
368, 319.0, 381.0
369, 142.0, 382.0
370, 463.0, 383.0
371, 185.0, 384.0
372, 335.0, 384.0
373, 63.0, 385.0
374, 159.0, 385.0
375, 130.0, 386.0
376, 394.0, 386.0
377, 703.0, 386.0
378, 104.0, 387.0
379, 258.0, 387.0
380, 495.0, 388.0
381, 122.0, 390.0
382, 204.0, 391.0
383, 237.0, 392.0
384, 309.0, 393.0
385, 327.0, 393.0
386, 424.0, 393.0
387, 199.0, 394.0
388, 339.0, 395.0
389, 415.0, 395.0
390, 29.0, 397.0
391, 24.0, 398.0
392, 114.0, 398.0
393, 598.0, 399.0
394, 631.0, 399.0
395, 404.0, 400.0
396, 305.0, 401.0
397, 429.0, 401.0
398, 399.0, 403.0
399, 167.0, 404.0
400, 320.0, 407.0
401, 348.0, 409.0
402, 239.0, 411.0
403, 603.0, 411.0
404, 295.0, 412.0
405, 302.0, 413.0
406, 404.0, 413.0
407, 448.0, 413.0
408, 112.0, 414.0
409, 163.0, 414.0
410, 427.0, 415.0
411, 512.0, 415.0
412, 492.0, 416.0
413, 328.0, 417.0
414, 729.0, 417.0
415, 24.0, 418.0
416, 734.0, 418.0
417, 296.0, 419.0
418, 125.0, 420.0
419, 147.0, 420.0
420, 212.0, 420.0
421, 477.0, 420.0
422, 451.0, 421.0
423, 605.0, 421.0
424, 388.0, 422.0
425, 299.0, 425.0
426, 360.0, 426.0
427, 415.0, 428.0
428, 97.0, 432.0
429, 310.0, 433.0
430, 327.0, 433.0
431, 567.0, 433.0
432, 589.0, 433.0
433, 92.0, 434.0
434, 146.0, 434.0
435, 367.0, 435.0
436, 613.0, 435.0
437, 282.0, 436.0
438, 637.0, 437.0
439, 277.0, 439.0
440, 359.0, 439.0
441, 389.0, 439.0
442, 366.0, 440.0
443, 207.0, 442.0
444, 560.0, 443.0
445, 346.0, 444.0
446, 538.0, 447.0
447, 729.0, 447.0
448, 310.0, 448.0
449, 367.0, 448.0
450, 270.0, 450.0
451, 605.0, 451.0
452, 100.0, 452.0
453, 703.0, 452.0
454, 178.0, 453.0
455, 296.0, 453.0
456, 399.0, 453.0
457, 692.0, 453.0
458, 288.0, 454.0
459, 643.0, 455.0
460, 173.0, 456.0
461, 283.0, 456.0
462, 167.0, 459.0
463, 379.0, 463.0
464, 549.0, 463.0
465, 351.0, 465.0
466, 580.0, 465.0
467, 733.0, 465.0
468, 674.0, 467.0
469, 679.0, 468.0
470, 317.0, 469.0
471, 627.0, 469.0
472, 34.0, 471.0
