0, 440.0, 8.0
1, 506.0, 8.0
2, 646.0, 8.0
3, 112.0, 10.0
4, 561.0, 10.0
5, 112.0, 16.0
6, 442.0, 16.0
7, 491.0, 17.0
8, 608.0, 20.0
9, 625.0, 20.0
10, 110.0, 22.0
11, 475.0, 23.0
12, 463.0, 25.0
13, 375.0, 28.0
14, 387.0, 28.0
15, 445.0, 30.0
16, 584.0, 31.0
17, 610.0, 32.0
18, 334.0, 34.0
19, 627.0, 35.0
20, 361.0, 36.0
21, 390.0, 38.0
22, 379.0, 39.0
23, 441.0, 39.0
24, 648.0, 39.0
25, 694.0, 39.0
26, 576.0, 41.0
27, 347.0, 42.0
28, 610.0, 42.0
29, 615.0, 42.0
30, 451.0, 43.0
31, 584.0, 44.0
32, 647.0, 45.0
33, 382.0, 46.0
34, 575.0, 46.0
35, 392.0, 48.0
36, 634.0, 48.0
37, 555.0, 50.0
38, 330.0, 51.0
39, 574.0, 51.0
40, 624.0, 54.0
41, 610.0, 57.0
42, 547.0, 58.0
43, 381.0, 59.0
44, 96.0, 63.0
45, 533.0, 63.0
46, 555.0, 63.0
47, 636.0, 63.0
48, 325.0, 65.0
49, 369.0, 65.0
50, 393.0, 67.0
51, 695.0, 68.0
52, 523.0, 69.0
53, 404.0, 70.0
54, 356.0, 71.0
55, 348.0, 74.0
56, 515.0, 74.0
57, 533.0, 74.0
58, 617.0, 74.0
59, 524.0, 76.0
60, 504.0, 78.0
61, 612.0, 78.0
62, 328.0, 79.0
63, 406.0, 79.0
64, 376.0, 81.0
65, 491.0, 81.0
66, 514.0, 82.0
67, 479.0, 83.0
68, 313.0, 85.0
69, 636.0, 85.0
70, 501.0, 87.0
71, 679.0, 89.0
72, 415.0, 91.0
73, 482.0, 91.0
74, 380.0, 92.0
75, 618.0, 92.0
76, 297.0, 93.0
77, 360.0, 93.0
78, 653.0, 93.0
79, 315.0, 95.0
80, 355.0, 95.0
81, 287.0, 96.0
82, 406.0, 96.0
83, 484.0, 96.0
84, 646.0, 97.0
85, 682.0, 99.0
86, 633.0, 100.0
87, 641.0, 100.0
88, 305.0, 101.0
89, 614.0, 102.0
90, 697.0, 102.0
91, 269.0, 104.0
92, 290.0, 104.0
93, 383.0, 106.0
94, 696.0, 107.0
95, 317.0, 108.0
96, 329.0, 108.0
97, 655.0, 108.0
98, 376.0, 110.0
99, 187.0, 111.0
100, 284.0, 111.0
101, 277.0, 112.0
102, 613.0, 112.0
103, 695.0, 112.0
104, 245.0, 113.0
105, 272.0, 113.0
106, 294.0, 113.0
107, 320.0, 113.0
108, 644.0, 113.0
109, 302.0, 115.0
110, 664.0, 115.0
111, 197.0, 116.0
112, 634.0, 116.0
113, 236.0, 117.0
114, 338.0, 118.0
115, 310.0, 119.0
116, 333.0, 119.0
117, 438.0, 119.0
118, 658.0, 119.0
119, 221.0, 120.0
120, 262.0, 120.0
121, 249.0, 123.0
122, 323.0, 123.0
123, 258.0, 125.0
124, 413.0, 127.0
125, 239.0, 128.0
126, 640.0, 128.0
127, 321.0, 129.0
128, 206.0, 130.0
129, 424.0, 130.0
130, 723.0, 131.0
131, 227.0, 132.0
132, 277.0, 132.0
133, 402.0, 132.0
134, 252.0, 133.0
135, 326.0, 137.0
136, 420.0, 137.0
137, 214.0, 139.0
138, 439.0, 140.0
139, 248.0, 141.0
140, 636.0, 141.0
141, 406.0, 142.0
142, 233.0, 144.0
143, 339.0, 144.0
144, 428.0, 144.0
145, 447.0, 144.0
146, 583.0, 144.0
147, 414.0, 146.0
148, 332.0, 149.0
149, 571.0, 149.0
150, 245.0, 150.0
151, 403.0, 151.0
152, 229.0, 152.0
153, 430.0, 152.0
154, 634.0, 152.0
155, 558.0, 154.0
156, 683.0, 154.0
157, 244.0, 156.0
158, 333.0, 156.0
159, 709.0, 157.0
160, 417.0, 159.0
161, 220.0, 160.0
162, 244.0, 161.0
163, 333.0, 161.0
164, 541.0, 163.0
165, 239.0, 164.0
166, 221.0, 165.0
167, 290.0, 165.0
168, 346.0, 166.0
169, 230.0, 167.0
170, 244.0, 170.0
171, 332.0, 171.0
172, 338.0, 171.0
173, 151.0, 173.0
174, 351.0, 178.0
175, 246.0, 179.0
176, 331.0, 179.0
177, 343.0, 183.0
178, 248.0, 186.0
179, 296.0, 187.0
180, 329.0, 188.0
181, 239.0, 190.0
182, 358.0, 190.0
183, 363.0, 191.0
184, 253.0, 193.0
185, 346.0, 194.0
186, 325.0, 195.0
187, 383.0, 197.0
188, 336.0, 199.0
189, 258.0, 200.0
190, 383.0, 202.0
191, 326.0, 203.0
192, 349.0, 205.0
193, 367.0, 205.0
194, 387.0, 207.0
195, 314.0, 208.0
196, 339.0, 209.0
197, 541.0, 209.0
198, 258.0, 211.0
199, 271.0, 211.0
200, 329.0, 213.0
201, 278.0, 214.0
202, 305.0, 214.0
203, 247.0, 215.0
204, 242.0, 216.0
205, 287.0, 216.0
206, 297.0, 216.0
207, 524.0, 217.0
208, 242.0, 221.0
209, 262.0, 221.0
210, 288.0, 221.0
211, 336.0, 221.0
212, 309.0, 222.0
213, 252.0, 225.0
214, 275.0, 227.0
215, 292.0, 230.0
216, 394.0, 230.0
217, 317.0, 231.0
218, 266.0, 232.0
219, 282.0, 234.0
220, 254.0, 237.0
221, 270.0, 243.0
222, 252.0, 247.0
223, 274.0, 250.0
224, 402.0, 253.0
225, 254.0, 258.0
226, 401.0, 258.0
227, 399.0, 263.0
228, 251.0, 268.0
229, 500.0, 272.0
230, 201.0, 277.0
231, 311.0, 284.0
232, 513.0, 285.0
233, 264.0, 301.0
234, 257.0, 305.0
235, 216.0, 307.0
236, 253.0, 310.0
237, 259.0, 321.0
238, 509.0, 321.0
239, 404.0, 323.0
240, 224.0, 327.0
241, 280.0, 336.0
242, 267.0, 341.0
243, 214.0, 345.0
244, 294.0, 352.0
245, 278.0, 362.0
246, 743.0, 364.0
247, 220.0, 365.0
248, 624.0, 367.0
249, 231.0, 372.0
250, 200.0, 375.0
251, 223.0, 375.0
252, 235.0, 384.0
253, 29.0, 399.0
254, 200.0, 401.0
255, 392.0, 411.0
256, 518.0, 419.0
257, 647.0, 420.0
258, 101.0, 431.0
259, 96.0, 432.0
260, 628.0, 432.0
261, 667.0, 434.0
262, 672.0, 434.0
263, 704.0, 437.0
264, 709.0, 440.0
265, 475.0, 446.0
266, 543.0, 446.0
267, 68.0, 448.0
268, 614.0, 455.0
269, 292.0, 464.0
270, 321.0, 465.0
271, 720.0, 471.0
