0, 328.0, 219.0
1, 367.0, 351.0
2, 513.0, 277.0
3, 446.0, 243.0
4, 391.0, 240.0
5, 481.0, 185.0
6, 136.0, 172.0
7, 360.0, 237.0
8, 415.0, 304.0
9, 540.0, 257.0
10, 415.0, 226.0
11, 352.0, 65.0
12, 368.0, 298.0
13, 556.0, 325.0
14, 386.0, 326.0
15, 352.0, 293.0
16, 350.0, 85.0
17, 544.0, 278.0
18, 562.0, 230.0
19, 424.0, 291.0
20, 654.0, 120.0
21, 699.0, 58.0
22, 477.0, 57.0
23, 618.0, 100.0
24, 456.0, 280.0
25, 385.0, 283.0
26, 364.0, 386.0
27, 422.0, 182.0
28, 384.0, 361.0
29, 595.0, 268.0
30, 512.0, 304.0
31, 339.0, 47.0
32, 315.0, 124.0
33, 527.0, 89.0
34, 397.0, 262.0
35, 359.0, 330.0
36, 388.0, 315.0
37, 336.0, 62.0
38, 421.0, 248.0
39, 593.0, 279.0
40, 357.0, 262.0
41, 400.0, 235.0
42, 410.0, 263.0
43, 492.0, 59.0
44, 570.0, 341.0
45, 425.0, 339.0
46, 215.0, 308.0
47, 553.0, 20.0
48, 537.0, 346.0
49, 137.0, 446.0
50, 575.0, 413.0
51, 215.0, 288.0
52, 525.0, 297.0
53, 523.0, 270.0
54, 390.0, 212.0
55, 229.0, 277.0
56, 530.0, 151.0
57, 507.0, 325.0
58, 356.0, 364.0
59, 457.0, 254.0
60, 402.0, 300.0
61, 420.0, 319.0
62, 538.0, 106.0
63, 592.0, 352.0
64, 593.0, 24.0
65, 482.0, 257.0
66, 367.0, 50.0
67, 397.0, 200.0
68, 386.0, 338.0
69, 489.0, 437.0
70, 314.0, 152.0
71, 172.0, 441.0
72, 333.0, 124.0
73, 559.0, 371.0
74, 438.0, 438.0
75, 528.0, 192.0
76, 395.0, 363.0
77, 548.0, 380.0
78, 565.0, 272.0
79, 343.0, 255.0
80, 386.0, 177.0
81, 503.0, 453.0
82, 371.0, 273.0
83, 400.0, 379.0
84, 485.0, 243.0
85, 364.0, 180.0
86, 619.0, 284.0
87, 511.0, 465.0
88, 577.0, 325.0
89, 349.0, 100.0
90, 627.0, 252.0
91, 591.0, 244.0
92, 349.0, 344.0
93, 392.0, 278.0
94, 501.0, 310.0
95, 333.0, 381.0
96, 564.0, 383.0
97, 474.0, 283.0
98, 328.0, 255.0
99, 592.0, 303.0
100, 577.0, 375.0
101, 550.0, 410.0
102, 535.0, 237.0
103, 613.0, 218.0
104, 518.0, 316.0
105, 553.0, 240.0
106, 477.0, 433.0
107, 595.0, 102.0
108, 317.0, 93.0
109, 543.0, 248.0
110, 137.0, 434.0
111, 579.0, 90.0
112, 374.0, 310.0
113, 335.0, 287.0
114, 149.0, 447.0
115, 294.0, 165.0
116, 157.0, 461.0
117, 407.0, 350.0
118, 230.0, 240.0
119, 205.0, 451.0
120, 579.0, 313.0
121, 589.0, 291.0
122, 274.0, 205.0
123, 336.0, 298.0
124, 546.0, 268.0
125, 234.0, 384.0
126, 359.0, 205.0
127, 134.0, 387.0
128, 368.0, 194.0
129, 295.0, 247.0
130, 567.0, 331.0
131, 421.0, 469.0
132, 550.0, 290.0
133, 198.0, 330.0
134, 539.0, 220.0
135, 496.0, 33.0
136, 625.0, 264.0
137, 186.0, 467.0
138, 482.0, 31.0
139, 413.0, 452.0
140, 585.0, 266.0
141, 518.0, 203.0
142, 345.0, 276.0
143, 405.0, 245.0
144, 398.0, 336.0
145, 217.0, 70.0
146, 308.0, 259.0
147, 452.0, 441.0
148, 227.0, 320.0
149, 622.0, 275.0
150, 542.0, 369.0
151, 577.0, 229.0
152, 452.0, 84.0
153, 541.0, 75.0
154, 317.0, 73.0
155, 526.0, 308.0
156, 511.0, 71.0
157, 503.0, 101.0
158, 378.0, 292.0
159, 375.0, 210.0
160, 225.0, 159.0
161, 284.0, 201.0
162, 469.0, 439.0
163, 649.0, 178.0
164, 438.0, 274.0
165, 587.0, 206.0
166, 327.0, 273.0
167, 320.0, 25.0
168, 338.0, 309.0
169, 555.0, 76.0
170, 441.0, 407.0
171, 515.0, 329.0
172, 427.0, 136.0
173, 583.0, 349.0
174, 428.0, 268.0
175, 228.0, 50.0
176, 494.0, 43.0
177, 374.0, 249.0
178, 575.0, 103.0
179, 215.0, 320.0
180, 587.0, 337.0
181, 604.0, 228.0
182, 486.0, 293.0
183, 293.0, 279.0
184, 296.0, 93.0
185, 144.0, 305.0
186, 246.0, 388.0
187, 441.0, 298.0
188, 483.0, 49.0
189, 246.0, 399.0
190, 258.0, 395.0
191, 628.0, 198.0
192, 466.0, 29.0
193, 604.0, 283.0
194, 639.0, 84.0
195, 229.0, 309.0
196, 488.0, 464.0
197, 496.0, 338.0
198, 296.0, 80.0
199, 282.0, 263.0
200, 337.0, 220.0
201, 295.0, 144.0
202, 443.0, 312.0
203, 388.0, 377.0
204, 474.0, 461.0
205, 471.0, 77.0
206, 614.0, 248.0
207, 230.0, 295.0
208, 570.0, 243.0
209, 327.0, 322.0
210, 329.0, 98.0
211, 305.0, 93.0
212, 195.0, 158.0
213, 530.0, 73.0
214, 421.0, 60.0
215, 413.0, 366.0
216, 462.0, 238.0
217, 591.0, 329.0
218, 410.0, 290.0
219, 484.0, 317.0
220, 538.0, 291.0
221, 644.0, 200.0
222, 492.0, 325.0
223, 373.0, 169.0
224, 254.0, 374.0
225, 541.0, 300.0
226, 470.0, 90.0
227, 417.0, 336.0
228, 655.0, 132.0
229, 92.0, 446.0
230, 618.0, 170.0
231, 555.0, 285.0
232, 594.0, 383.0
233, 152.0, 437.0
234, 537.0, 90.0
235, 495.0, 128.0
236, 215.0, 330.0
237, 423.0, 220.0
238, 717.0, 52.0
239, 566.0, 149.0
240, 314.0, 139.0
241, 621.0, 84.0
242, 120.0, 175.0
243, 492.0, 458.0
244, 495.0, 147.0
245, 406.0, 252.0
246, 612.0, 187.0
247, 198.0, 460.0
248, 217.0, 46.0
249, 381.0, 237.0
250, 600.0, 160.0
251, 163.0, 440.0
252, 240.0, 303.0
253, 380.0, 196.0
254, 454.0, 194.0
255, 149.0, 391.0
256, 371.0, 233.0
257, 120.0, 199.0
258, 400.0, 322.0
259, 440.0, 452.0
260, 206.0, 190.0
261, 457.0, 62.0
262, 600.0, 80.0
263, 208.0, 44.0
264, 408.0, 157.0
265, 472.0, 333.0
266, 247.0, 172.0
267, 568.0, 319.0
268, 383.0, 245.0
269, 531.0, 329.0
270, 588.0, 219.0
271, 386.0, 254.0
272, 192.0, 447.0
273, 215.0, 275.0
274, 395.0, 188.0
275, 347.0, 383.0
276, 629.0, 100.0
277, 507.0, 269.0
278, 559.0, 249.0
279, 409.0, 339.0
280, 462.0, 135.0
281, 192.0, 201.0
282, 610.0, 272.0
283, 148.0, 171.0
284, 128.0, 296.0
285, 327.0, 283.0
286, 252.0, 305.0
287, 492.0, 276.0
288, 353.0, 242.0
289, 166.0, 328.0
290, 402.0, 214.0
291, 297.0, 202.0
292, 126.0, 442.0
293, 395.0, 348.0
294, 486.0, 199.0
295, 395.0, 251.0
296, 536.0, 134.0
297, 599.0, 293.0
298, 487.0, 284.0
299, 579.0, 256.0
300, 569.0, 135.0
301, 337.0, 318.0
302, 551.0, 342.0
303, 324.0, 350.0
304, 359.0, 224.0
305, 211.0, 373.0
306, 218.0, 471.0
307, 199.0, 470.0
308, 163.0, 258.0
309, 131.0, 355.0
310, 195.0, 211.0
311, 325.0, 393.0
312, 343.0, 150.0
313, 615.0, 260.0
314, 401.0, 170.0
315, 361.0, 282.0
316, 444.0, 326.0
317, 490.0, 68.0
318, 85.0, 436.0
319, 463.0, 224.0
320, 214.0, 156.0
321, 514.0, 436.0
322, 534.0, 308.0
323, 463.0, 470.0
324, 613.0, 29.0
325, 464.0, 315.0
326, 562.0, 172.0
327, 357.0, 357.0
328, 636.0, 232.0
329, 324.0, 148.0
330, 136.0, 403.0
331, 486.0, 232.0
332, 140.0, 231.0
333, 433.0, 452.0
334, 617.0, 299.0
335, 403.0, 270.0
336, 204.0, 316.0
337, 333.0, 115.0
338, 488.0, 35.0
339, 630.0, 37.0
340, 431.0, 399.0
341, 550.0, 207.0
342, 333.0, 235.0
343, 516.0, 263.0
344, 446.0, 232.0
345, 437.0, 324.0
346, 105.0, 458.0
347, 389.0, 265.0
348, 155.0, 330.0
349, 456.0, 157.0
350, 201.0, 287.0
351, 94.0, 460.0
352, 181.0, 170.0
353, 610.0, 292.0
354, 297.0, 302.0
355, 166.0, 345.0
356, 295.0, 116.0
357, 472.0, 30.0
358, 518.0, 442.0
359, 406.0, 364.0
360, 255.0, 217.0
361, 441.0, 61.0
362, 537.0, 265.0
363, 347.0, 239.0
364, 246.0, 234.0
365, 480.0, 225.0
366, 159.0, 167.0
367, 229.0, 173.0
368, 193.0, 365.0
369, 419.0, 258.0
370, 471.0, 236.0
371, 565.0, 77.0
372, 330.0, 395.0
373, 480.0, 43.0
374, 403.0, 223.0
375, 142.0, 272.0
376, 602.0, 307.0
377, 397.0, 213.0
378, 424.0, 303.0
379, 171.0, 70.0
380, 455.0, 328.0
381, 152.0, 238.0
382, 186.0, 88.0
383, 111.0, 427.0
384, 470.0, 304.0
385, 199.0, 299.0
386, 279.0, 273.0
387, 446.0, 128.0
388, 631.0, 20.0
389, 590.0, 196.0
390, 431.0, 459.0
391, 313.0, 8.0
392, 136.0, 417.0
393, 178.0, 260.0
394, 545.0, 179.0
395, 178.0, 162.0
396, 306.0, 73.0
397, 460.0, 143.0
398, 375.0, 185.0
399, 435.0, 33.0
400, 168.0, 101.0
401, 206.0, 395.0
402, 406.0, 231.0
403, 371.0, 335.0
404, 481.0, 456.0
405, 485.0, 339.0
406, 477.0, 31.0
407, 464.0, 120.0
408, 578.0, 439.0
409, 198.0, 244.0
410, 437.0, 317.0
411, 198.0, 265.0
412, 423.0, 172.0
413, 148.0, 372.0
414, 149.0, 405.0
415, 331.0, 148.0
416, 168.0, 244.0
417, 387.0, 201.0
418, 573.0, 264.0
419, 528.0, 261.0
420, 263.0, 383.0
421, 182.0, 376.0
422, 316.0, 108.0
423, 576.0, 203.0
424, 552.0, 337.0
425, 150.0, 425.0
426, 458.0, 321.0
427, 359.0, 169.0
428, 399.0, 29.0
429, 584.0, 146.0
430, 636.0, 223.0
431, 619.0, 165.0
432, 182.0, 425.0
433, 423.0, 232.0
434, 466.0, 110.0
435, 188.0, 299.0
436, 382.0, 227.0
437, 230.0, 397.0
438, 461.0, 263.0
439, 168.0, 164.0
440, 141.0, 251.0
441, 545.0, 54.0
442, 354.0, 252.0
443, 327.0, 303.0
444, 486.0, 448.0
445, 159.0, 389.0
446, 564.0, 157.0
447, 607.0, 262.0
448, 549.0, 219.0
449, 393.0, 229.0
450, 412.0, 216.0
451, 671.0, 100.0
452, 383.0, 304.0
453, 87.0, 368.0
454, 595.0, 79.0
455, 154.0, 257.0
456, 114.0, 452.0
457, 324.0, 137.0
458, 219.0, 466.0
459, 436.0, 74.0
460, 521.0, 72.0
461, 305.0, 82.0
462, 163.0, 421.0
463, 398.0, 276.0
464, 310.0, 233.0
465, 166.0, 310.0
466, 183.0, 390.0
467, 560.0, 221.0
468, 23.0, 215.0
469, 222.0, 366.0
470, 381.0, 272.0
471, 359.0, 305.0
472, 331.0, 314.0
473, 343.0, 93.0
474, 584.0, 251.0
475, 345.0, 287.0
476, 436.0, 166.0
477, 455.0, 269.0
478, 609.0, 301.0
479, 600.0, 312.0
480, 383.0, 375.0
481, 438.0, 469.0
482, 214.0, 191.0
483, 251.0, 236.0
484, 171.0, 429.0
485, 325.0, 124.0
486, 444.0, 287.0
487, 665.0, 118.0
488, 517.0, 229.0
489, 521.0, 262.0
490, 248.0, 229.0
491, 554.0, 220.0
492, 128.0, 424.0
493, 209.0, 378.0
494, 505.0, 92.0
495, 173.0, 368.0
496, 527.0, 317.0
497, 575.0, 157.0
498, 131.0, 360.0
499, 636.0, 192.0
