0, 362.0, 23.0
1, 294.0, 26.0
2, 318.0, 27.0
3, 720.0, 30.0
4, 306.0, 34.0
5, 308.0, 39.0
6, 314.0, 43.0
7, 167.0, 44.0
8, 303.0, 44.0
9, 292.0, 45.0
10, 298.0, 50.0
11, 157.0, 53.0
12, 301.0, 55.0
13, 306.0, 55.0
14, 706.0, 64.0
15, 147.0, 66.0
16, 317.0, 68.0
17, 298.0, 69.0
18, 311.0, 98.0
19, 271.0, 99.0
20, 329.0, 101.0
21, 388.0, 101.0
22, 393.0, 101.0
23, 437.0, 102.0
24, 461.0, 102.0
25, 703.0, 105.0
26, 295.0, 106.0
27, 274.0, 108.0
28, 368.0, 110.0
29, 231.0, 116.0
30, 189.0, 117.0
31, 263.0, 118.0
32, 247.0, 120.0
33, 299.0, 120.0
34, 339.0, 121.0
35, 275.0, 122.0
36, 326.0, 122.0
37, 362.0, 123.0
38, 352.0, 124.0
39, 648.0, 130.0
40, 260.0, 132.0
41, 198.0, 133.0
42, 275.0, 133.0
43, 670.0, 133.0
44, 682.0, 133.0
45, 687.0, 133.0
46, 302.0, 134.0
47, 250.0, 135.0
48, 645.0, 135.0
49, 287.0, 136.0
50, 12.0, 137.0
51, 207.0, 138.0
52, 261.0, 138.0
53, 743.0, 139.0
54, 198.0, 141.0
55, 645.0, 141.0
56, 667.0, 143.0
57, 695.0, 147.0
58, 400.0, 149.0
59, 710.0, 149.0
60, 410.0, 150.0
61, 231.0, 151.0
62, 687.0, 151.0
63, 261.0, 152.0
64, 642.0, 152.0
65, 420.0, 153.0
66, 648.0, 153.0
67, 199.0, 154.0
68, 456.0, 154.0
69, 664.0, 154.0
70, 353.0, 155.0
71, 382.0, 155.0
72, 388.0, 155.0
73, 393.0, 155.0
74, 718.0, 155.0
75, 359.0, 156.0
76, 377.0, 156.0
77, 364.0, 157.0
78, 302.0, 158.0
79, 340.0, 158.0
80, 455.0, 159.0
81, 293.0, 160.0
82, 316.0, 161.0
83, 688.0, 163.0
84, 263.0, 165.0
85, 710.0, 165.0
86, 254.0, 166.0
87, 410.0, 167.0
88, 658.0, 167.0
89, 291.0, 168.0
90, 423.0, 168.0
91, 455.0, 168.0
92, 200.0, 169.0
93, 454.0, 173.0
94, 317.0, 174.0
95, 306.0, 175.0
96, 639.0, 176.0
97, 297.0, 177.0
98, 412.0, 177.0
99, 735.0, 177.0
100, 663.0, 178.0
101, 266.0, 179.0
102, 385.0, 179.0
103, 399.0, 181.0
104, 743.0, 181.0
105, 233.0, 182.0
106, 215.0, 184.0
107, 382.0, 184.0
108, 619.0, 184.0
109, 635.0, 184.0
110, 225.0, 185.0
111, 422.0, 185.0
112, 377.0, 186.0
113, 275.0, 187.0
114, 729.0, 188.0
115, 453.0, 189.0
116, 662.0, 189.0
117, 734.0, 190.0
118, 687.0, 191.0
119, 276.0, 192.0
120, 407.0, 192.0
121, 426.0, 193.0
122, 720.0, 194.0
123, 192.0, 195.0
124, 290.0, 195.0
125, 442.0, 197.0
126, 363.0, 205.0
127, 452.0, 207.0
128, 428.0, 208.0
129, 423.0, 209.0
130, 692.0, 210.0
131, 200.0, 216.0
132, 190.0, 220.0
133, 278.0, 221.0
134, 164.0, 226.0
135, 466.0, 227.0
136, 444.0, 230.0
137, 175.0, 232.0
138, 499.0, 232.0
139, 683.0, 232.0
140, 512.0, 234.0
141, 694.0, 235.0
142, 481.0, 236.0
143, 201.0, 238.0
144, 457.0, 238.0
145, 163.0, 239.0
146, 148.0, 241.0
147, 189.0, 241.0
148, 194.0, 241.0
149, 718.0, 242.0
150, 705.0, 244.0
151, 729.0, 245.0
152, 432.0, 248.0
153, 60.0, 251.0
154, 166.0, 252.0
155, 330.0, 253.0
156, 551.0, 257.0
157, 604.0, 257.0
158, 719.0, 258.0
159, 594.0, 259.0
160, 670.0, 260.0
161, 495.0, 261.0
162, 31.0, 262.0
163, 683.0, 263.0
164, 21.0, 264.0
165, 569.0, 264.0
166, 576.0, 265.0
167, 476.0, 266.0
168, 498.0, 268.0
169, 581.0, 269.0
170, 740.0, 269.0
171, 697.0, 270.0
172, 652.0, 271.0
173, 617.0, 272.0
174, 702.0, 272.0
175, 229.0, 275.0
176, 330.0, 282.0
177, 612.0, 283.0
178, 617.0, 283.0
179, 396.0, 287.0
180, 546.0, 287.0
181, 731.0, 289.0
182, 736.0, 291.0
183, 445.0, 293.0
184, 741.0, 293.0
185, 314.0, 295.0
186, 391.0, 296.0
187, 435.0, 296.0
188, 397.0, 297.0
189, 424.0, 299.0
190, 370.0, 302.0
191, 348.0, 307.0
192, 396.0, 307.0
193, 312.0, 308.0
194, 522.0, 308.0
195, 436.0, 309.0
196, 549.0, 309.0
197, 372.0, 310.0
198, 458.0, 310.0
199, 441.0, 312.0
200, 325.0, 313.0
201, 552.0, 314.0
202, 447.0, 315.0
203, 533.0, 315.0
204, 320.0, 316.0
205, 349.0, 317.0
206, 204.0, 318.0
207, 310.0, 318.0
208, 511.0, 319.0
209, 524.0, 319.0
210, 370.0, 321.0
211, 327.0, 324.0
212, 507.0, 326.0
213, 350.0, 327.0
214, 520.0, 328.0
215, 501.0, 329.0
216, 536.0, 329.0
217, 362.0, 330.0
218, 58.0, 331.0
219, 488.0, 331.0
220, 310.0, 332.0
221, 356.0, 333.0
222, 208.0, 334.0
223, 526.0, 336.0
224, 204.0, 339.0
225, 199.0, 340.0
226, 300.0, 340.0
227, 500.0, 342.0
228, 192.0, 343.0
229, 490.0, 343.0
230, 495.0, 343.0
231, 186.0, 344.0
232, 509.0, 344.0
233, 667.0, 344.0
234, 392.0, 345.0
235, 475.0, 345.0
236, 374.0, 346.0
237, 270.0, 348.0
238, 421.0, 348.0
239, 410.0, 350.0
240, 310.0, 351.0
241, 351.0, 354.0
242, 402.0, 354.0
243, 240.0, 356.0
244, 501.0, 356.0
245, 223.0, 357.0
246, 365.0, 357.0
247, 261.0, 359.0
248, 340.0, 359.0
249, 381.0, 360.0
250, 356.0, 361.0
251, 447.0, 361.0
252, 291.0, 362.0
253, 328.0, 363.0
254, 491.0, 363.0
255, 67.0, 364.0
256, 280.0, 364.0
257, 346.0, 364.0
258, 395.0, 364.0
259, 670.0, 364.0
260, 410.0, 365.0
261, 504.0, 365.0
262, 367.0, 367.0
263, 340.0, 368.0
264, 19.0, 370.0
265, 64.0, 371.0
266, 310.0, 371.0
267, 358.0, 371.0
268, 246.0, 372.0
269, 492.0, 372.0
270, 223.0, 373.0
271, 420.0, 373.0
272, 20.0, 375.0
273, 69.0, 376.0
274, 319.0, 376.0
275, 389.0, 376.0
276, 235.0, 377.0
277, 344.0, 377.0
278, 63.0, 378.0
279, 211.0, 378.0
280, 287.0, 379.0
281, 405.0, 380.0
282, 508.0, 381.0
283, 280.0, 382.0
284, 342.0, 382.0
285, 63.0, 383.0
286, 330.0, 383.0
287, 201.0, 384.0
288, 217.0, 385.0
289, 192.0, 386.0
290, 273.0, 388.0
291, 387.0, 388.0
292, 523.0, 388.0
293, 284.0, 390.0
294, 180.0, 391.0
295, 348.0, 391.0
296, 360.0, 391.0
297, 672.0, 391.0
298, 221.0, 392.0
299, 254.0, 393.0
300, 510.0, 393.0
301, 334.0, 394.0
302, 194.0, 395.0
303, 163.0, 397.0
304, 242.0, 397.0
305, 365.0, 397.0
306, 346.0, 399.0
307, 732.0, 400.0
308, 260.0, 401.0
309, 359.0, 401.0
310, 234.0, 402.0
311, 274.0, 402.0
312, 286.0, 402.0
313, 176.0, 406.0
314, 220.0, 406.0
315, 511.0, 409.0
316, 691.0, 410.0
317, 31.0, 412.0
318, 205.0, 412.0
319, 233.0, 412.0
320, 325.0, 412.0
321, 513.0, 414.0
322, 453.0, 415.0
323, 193.0, 416.0
324, 743.0, 416.0
325, 167.0, 419.0
326, 308.0, 419.0
327, 515.0, 419.0
328, 687.0, 421.0
329, 153.0, 423.0
330, 692.0, 423.0
331, 185.0, 425.0
332, 657.0, 426.0
333, 294.0, 427.0
334, 203.0, 428.0
335, 282.0, 428.0
336, 680.0, 428.0
337, 315.0, 430.0
338, 715.0, 430.0
339, 237.0, 431.0
340, 279.0, 433.0
341, 517.0, 434.0
342, 261.0, 435.0
343, 271.0, 435.0
344, 301.0, 436.0
345, 736.0, 437.0
346, 683.0, 438.0
347, 288.0, 440.0
348, 301.0, 444.0
349, 664.0, 444.0
350, 237.0, 445.0
351, 287.0, 445.0
352, 609.0, 446.0
353, 703.0, 447.0
354, 206.0, 448.0
355, 290.0, 450.0
356, 519.0, 450.0
357, 708.0, 450.0
358, 348.0, 451.0
359, 226.0, 452.0
360, 519.0, 455.0
361, 678.0, 458.0
362, 729.0, 458.0
363, 743.0, 458.0
364, 520.0, 460.0
365, 708.0, 460.0
366, 209.0, 462.0
367, 304.0, 463.0
368, 293.0, 464.0
369, 587.0, 466.0
370, 730.0, 468.0
371, 189.0, 469.0
372, 680.0, 471.0
373, 705.0, 471.0
