0, 540.0, 8.0
1, 152.0, 9.0
2, 528.0, 9.0
3, 376.0, 11.0
4, 183.0, 12.0
5, 191.0, 12.0
6, 552.0, 12.0
7, 600.0, 12.0
8, 73.0, 16.0
9, 569.0, 16.0
10, 694.0, 16.0
11, 619.0, 17.0
12, 48.0, 18.0
13, 671.0, 19.0
14, 596.0, 24.0
15, 541.0, 25.0
16, 580.0, 26.0
17, 568.0, 31.0
18, 616.0, 32.0
19, 668.0, 33.0
20, 739.0, 34.0
21, 690.0, 36.0
22, 53.0, 37.0
23, 553.0, 38.0
24, 156.0, 39.0
25, 666.0, 41.0
26, 684.0, 43.0
27, 157.0, 44.0
28, 581.0, 45.0
29, 738.0, 45.0
30, 596.0, 46.0
31, 158.0, 51.0
32, 56.0, 52.0
33, 565.0, 52.0
34, 634.0, 52.0
35, 112.0, 53.0
36, 337.0, 53.0
37, 688.0, 53.0
38, 620.0, 54.0
39, 663.0, 54.0
40, 351.0, 55.0
41, 644.0, 55.0
42, 159.0, 56.0
43, 606.0, 57.0
44, 625.0, 57.0
45, 594.0, 60.0
46, 612.0, 62.0
47, 643.0, 62.0
48, 316.0, 63.0
49, 160.0, 64.0
50, 579.0, 65.0
51, 59.0, 66.0
52, 734.0, 67.0
53, 593.0, 68.0
54, 55.0, 71.0
55, 668.0, 74.0
56, 610.0, 76.0
57, 56.0, 77.0
58, 62.0, 79.0
59, 162.0, 80.0
60, 594.0, 83.0
61, 664.0, 83.0
62, 732.0, 83.0
63, 630.0, 84.0
64, 647.0, 84.0
65, 616.0, 85.0
66, 163.0, 87.0
67, 652.0, 88.0
68, 739.0, 88.0
69, 65.0, 91.0
70, 620.0, 91.0
71, 637.0, 92.0
72, 164.0, 93.0
73, 605.0, 93.0
74, 621.0, 96.0
75, 200.0, 97.0
76, 313.0, 97.0
77, 184.0, 98.0
78, 192.0, 98.0
79, 607.0, 98.0
80, 165.0, 99.0
81, 592.0, 100.0
82, 729.0, 101.0
83, 67.0, 102.0
84, 635.0, 102.0
85, 223.0, 103.0
86, 284.0, 103.0
87, 609.0, 103.0
88, 679.0, 103.0
89, 590.0, 105.0
90, 630.0, 106.0
91, 165.0, 108.0
92, 570.0, 109.0
93, 64.0, 110.0
94, 559.0, 110.0
95, 69.0, 111.0
96, 588.0, 111.0
97, 654.0, 111.0
98, 687.0, 112.0
99, 642.0, 113.0
100, 254.0, 114.0
101, 268.0, 115.0
102, 588.0, 116.0
103, 167.0, 117.0
104, 627.0, 118.0
105, 678.0, 118.0
106, 557.0, 119.0
107, 595.0, 119.0
108, 534.0, 120.0
109, 650.0, 120.0
110, 661.0, 120.0
111, 641.0, 121.0
112, 707.0, 121.0
113, 694.0, 122.0
114, 725.0, 122.0
115, 71.0, 123.0
116, 168.0, 123.0
117, 237.0, 124.0
118, 500.0, 124.0
119, 667.0, 126.0
120, 208.0, 127.0
121, 168.0, 128.0
122, 536.0, 129.0
123, 523.0, 130.0
124, 548.0, 130.0
125, 561.0, 130.0
126, 578.0, 130.0
127, 588.0, 130.0
128, 618.0, 130.0
129, 601.0, 131.0
130, 636.0, 131.0
131, 608.0, 132.0
132, 692.0, 132.0
133, 168.0, 133.0
134, 74.0, 137.0
135, 660.0, 137.0
136, 678.0, 138.0
137, 488.0, 141.0
138, 493.0, 141.0
139, 585.0, 141.0
140, 614.0, 141.0
141, 638.0, 141.0
142, 328.0, 142.0
143, 408.0, 142.0
144, 413.0, 142.0
145, 435.0, 142.0
146, 499.0, 142.0
147, 510.0, 142.0
148, 522.0, 142.0
149, 555.0, 142.0
150, 569.0, 142.0
151, 590.0, 142.0
152, 602.0, 142.0
153, 626.0, 142.0
154, 647.0, 142.0
155, 690.0, 142.0
156, 171.0, 143.0
157, 213.0, 143.0
158, 231.0, 143.0
159, 252.0, 143.0
160, 285.0, 143.0
161, 299.0, 143.0
162, 308.0, 143.0
163, 349.0, 143.0
164, 542.0, 143.0
165, 726.0, 143.0
166, 66.0, 144.0
167, 154.0, 144.0
168, 186.0, 144.0
169, 198.0, 144.0
170, 263.0, 144.0
171, 15.0, 145.0
172, 98.0, 145.0
173, 40.0, 146.0
174, 742.0, 147.0
175, 460.0, 149.0
176, 560.0, 149.0
177, 593.0, 149.0
178, 528.0, 152.0
179, 104.0, 162.0
180, 423.0, 163.0
181, 564.0, 166.0
182, 507.0, 169.0
183, 45.0, 183.0
184, 560.0, 186.0
185, 578.0, 186.0
186, 256.0, 187.0
187, 456.0, 187.0
188, 411.0, 198.0
189, 444.0, 202.0
190, 560.0, 204.0
191, 583.0, 204.0
192, 243.0, 207.0
193, 716.0, 254.0
194, 214.0, 265.0
195, 547.0, 273.0
196, 672.0, 318.0
197, 172.0, 345.0
198, 98.0, 351.0
199, 639.0, 356.0
200, 650.0, 357.0
201, 164.0, 361.0
202, 642.0, 369.0
203, 159.0, 372.0
204, 154.0, 381.0
205, 184.0, 389.0
206, 150.0, 391.0
207, 164.0, 392.0
208, 147.0, 396.0
209, 123.0, 398.0
210, 119.0, 407.0
211, 142.0, 407.0
212, 557.0, 407.0
213, 158.0, 410.0
214, 547.0, 416.0
215, 137.0, 418.0
216, 91.0, 419.0
217, 126.0, 420.0
218, 24.0, 423.0
219, 150.0, 425.0
220, 140.0, 429.0
221, 163.0, 430.0
222, 130.0, 432.0
223, 58.0, 439.0
224, 174.0, 441.0
225, 112.0, 443.0
226, 124.0, 443.0
227, 542.0, 443.0
228, 81.0, 453.0
229, 562.0, 453.0
230, 137.0, 454.0
231, 67.0, 455.0
232, 116.0, 456.0
233, 168.0, 456.0
234, 291.0, 456.0
235, 696.0, 456.0
236, 113.0, 462.0
237, 88.0, 465.0
238, 154.0, 465.0
239, 695.0, 465.0
240, 62.0, 467.0
241, 143.0, 468.0
242, 292.0, 468.0
243, 198.0, 470.0
