0, 421.0, 8.0
1, 445.0, 8.0
2, 458.0, 8.0
3, 472.0, 8.0
4, 485.0, 8.0
5, 502.0, 8.0
6, 516.0, 8.0
7, 536.0, 8.0
8, 548.0, 8.0
9, 390.0, 9.0
10, 411.0, 9.0
11, 429.0, 9.0
12, 731.0, 10.0
13, 301.0, 11.0
14, 312.0, 11.0
15, 548.0, 18.0
16, 571.0, 18.0
17, 581.0, 18.0
18, 522.0, 19.0
19, 536.0, 19.0
20, 560.0, 19.0
21, 419.0, 20.0
22, 457.0, 20.0
23, 471.0, 20.0
24, 483.0, 20.0
25, 501.0, 20.0
26, 511.0, 20.0
27, 591.0, 20.0
28, 724.0, 20.0
29, 311.0, 21.0
30, 390.0, 21.0
31, 428.0, 21.0
32, 444.0, 21.0
33, 596.0, 21.0
34, 741.0, 21.0
35, 406.0, 22.0
36, 411.0, 24.0
37, 278.0, 26.0
38, 427.0, 29.0
39, 276.0, 32.0
40, 596.0, 32.0
41, 416.0, 34.0
42, 396.0, 35.0
43, 298.0, 36.0
44, 405.0, 36.0
45, 362.0, 110.0
46, 338.0, 116.0
47, 619.0, 128.0
48, 621.0, 134.0
49, 606.0, 135.0
50, 391.0, 141.0
51, 330.0, 144.0
52, 610.0, 144.0
53, 390.0, 150.0
54, 338.0, 172.0
55, 154.0, 181.0
56, 272.0, 197.0
57, 324.0, 201.0
58, 358.0, 202.0
59, 390.0, 205.0
60, 388.0, 217.0
61, 395.0, 217.0
62, 359.0, 240.0
63, 669.0, 244.0
64, 359.0, 245.0
65, 359.0, 250.0
66, 555.0, 252.0
67, 573.0, 252.0
68, 572.0, 257.0
69, 271.0, 261.0
70, 572.0, 262.0
71, 557.0, 263.0
72, 272.0, 266.0
73, 358.0, 269.0
74, 530.0, 270.0
75, 272.0, 273.0
76, 217.0, 281.0
77, 524.0, 285.0
78, 218.0, 286.0
79, 428.0, 288.0
80, 526.0, 291.0
81, 357.0, 293.0
82, 272.0, 297.0
83, 357.0, 298.0
84, 384.0, 300.0
85, 357.0, 305.0
86, 658.0, 322.0
87, 219.0, 327.0
88, 356.0, 327.0
89, 537.0, 337.0
90, 356.0, 349.0
91, 271.0, 350.0
92, 276.0, 351.0
93, 403.0, 351.0
94, 393.0, 352.0
95, 398.0, 352.0
96, 388.0, 353.0
97, 271.0, 356.0
98, 333.0, 358.0
99, 526.0, 358.0
100, 301.0, 359.0
101, 221.0, 360.0
102, 478.0, 360.0
103, 483.0, 360.0
104, 268.0, 362.0
105, 380.0, 362.0
106, 534.0, 364.0
107, 331.0, 366.0
108, 539.0, 366.0
109, 268.0, 367.0
110, 356.0, 368.0
111, 286.0, 369.0
112, 302.0, 371.0
113, 268.0, 372.0
114, 381.0, 376.0
115, 654.0, 376.0
116, 568.0, 377.0
117, 332.0, 379.0
118, 546.0, 379.0
119, 275.0, 380.0
120, 367.0, 380.0
121, 320.0, 383.0
122, 355.0, 383.0
123, 286.0, 384.0
124, 564.0, 384.0
125, 266.0, 387.0
126, 354.0, 388.0
127, 565.0, 389.0
128, 377.0, 391.0
129, 553.0, 392.0
130, 297.0, 393.0
131, 309.0, 394.0
132, 319.0, 394.0
133, 567.0, 394.0
134, 355.0, 396.0
135, 500.0, 397.0
136, 277.0, 398.0
137, 29.0, 399.0
138, 227.0, 399.0
139, 319.0, 399.0
140, 532.0, 399.0
141, 298.0, 400.0
142, 377.0, 400.0
143, 548.0, 401.0
144, 319.0, 404.0
145, 560.0, 404.0
146, 570.0, 404.0
147, 652.0, 407.0
148, 276.0, 409.0
149, 386.0, 410.0
150, 225.0, 411.0
151, 353.0, 412.0
152, 366.0, 412.0
153, 287.0, 413.0
154, 320.0, 413.0
155, 536.0, 413.0
156, 552.0, 413.0
157, 652.0, 413.0
158, 298.0, 414.0
159, 308.0, 414.0
160, 327.0, 414.0
161, 575.0, 414.0
162, 564.0, 415.0
163, 225.0, 416.0
164, 353.0, 417.0
165, 244.0, 420.0
166, 378.0, 420.0
167, 386.0, 421.0
168, 554.0, 422.0
169, 565.0, 422.0
170, 367.0, 423.0
171, 395.0, 424.0
172, 645.0, 424.0
173, 335.0, 425.0
174, 411.0, 425.0
175, 554.0, 427.0
176, 296.0, 428.0
177, 323.0, 428.0
178, 287.0, 429.0
179, 503.0, 429.0
180, 343.0, 430.0
181, 266.0, 431.0
182, 305.0, 431.0
183, 554.0, 432.0
184, 353.0, 433.0
185, 650.0, 433.0
186, 265.0, 436.0
187, 555.0, 437.0
188, 504.0, 442.0
189, 296.0, 443.0
190, 228.0, 445.0
191, 325.0, 446.0
192, 244.0, 447.0
193, 503.0, 447.0
194, 643.0, 450.0
195, 570.0, 451.0
196, 555.0, 452.0
197, 508.0, 453.0
198, 645.0, 455.0
199, 513.0, 456.0
200, 556.0, 458.0
201, 464.0, 459.0
202, 647.0, 460.0
203, 200.0, 461.0
204, 232.0, 461.0
205, 455.0, 463.0
206, 460.0, 464.0
207, 215.0, 465.0
208, 244.0, 465.0
209, 559.0, 466.0
210, 231.0, 467.0
211, 532.0, 467.0
212, 473.0, 468.0
213, 244.0, 470.0
