0, 442.0, 9.0
1, 401.0, 12.0
2, 482.0, 12.0
3, 496.0, 12.0
4, 477.0, 13.0
5, 69.0, 16.0
6, 563.0, 16.0
7, 86.0, 17.0
8, 94.0, 17.0
9, 113.0, 17.0
10, 521.0, 18.0
11, 441.0, 21.0
12, 491.0, 22.0
13, 473.0, 27.0
14, 95.0, 29.0
15, 433.0, 30.0
16, 410.0, 31.0
17, 493.0, 34.0
18, 485.0, 35.0
19, 477.0, 36.0
20, 135.0, 41.0
21, 414.0, 41.0
22, 448.0, 41.0
23, 120.0, 42.0
24, 392.0, 43.0
25, 419.0, 43.0
26, 432.0, 44.0
27, 130.0, 45.0
28, 83.0, 47.0
29, 97.0, 47.0
30, 608.0, 49.0
31, 137.0, 50.0
32, 74.0, 51.0
33, 127.0, 52.0
34, 584.0, 56.0
35, 84.0, 57.0
36, 92.0, 58.0
37, 622.0, 59.0
38, 609.0, 62.0
39, 76.0, 63.0
40, 136.0, 63.0
41, 635.0, 63.0
42, 125.0, 64.0
43, 88.0, 66.0
44, 633.0, 70.0
45, 598.0, 71.0
46, 103.0, 74.0
47, 118.0, 75.0
48, 632.0, 75.0
49, 85.0, 76.0
50, 129.0, 76.0
51, 363.0, 76.0
52, 453.0, 78.0
53, 216.0, 81.0
54, 112.0, 85.0
55, 117.0, 85.0
56, 354.0, 85.0
57, 385.0, 89.0
58, 353.0, 91.0
59, 123.0, 92.0
60, 137.0, 96.0
61, 382.0, 96.0
62, 279.0, 98.0
63, 587.0, 100.0
64, 363.0, 101.0
65, 128.0, 102.0
66, 112.0, 104.0
67, 514.0, 107.0
68, 544.0, 107.0
69, 563.0, 107.0
70, 526.0, 111.0
71, 263.0, 113.0
72, 542.0, 115.0
73, 223.0, 116.0
74, 561.0, 119.0
75, 224.0, 121.0
76, 542.0, 121.0
77, 523.0, 124.0
78, 225.0, 128.0
79, 550.0, 128.0
80, 540.0, 131.0
81, 546.0, 137.0
82, 617.0, 141.0
83, 610.0, 142.0
84, 576.0, 144.0
85, 716.0, 145.0
86, 541.0, 147.0
87, 557.0, 148.0
88, 623.0, 148.0
89, 614.0, 149.0
90, 635.0, 150.0
91, 522.0, 152.0
92, 527.0, 152.0
93, 532.0, 152.0
94, 542.0, 152.0
95, 503.0, 154.0
96, 614.0, 154.0
97, 571.0, 155.0
98, 608.0, 155.0
99, 474.0, 156.0
100, 371.0, 157.0
101, 457.0, 157.0
102, 620.0, 157.0
103, 427.0, 158.0
104, 108.0, 159.0
105, 383.0, 159.0
106, 540.0, 159.0
107, 553.0, 159.0
108, 721.0, 159.0
109, 186.0, 160.0
110, 441.0, 160.0
111, 570.0, 160.0
112, 517.0, 161.0
113, 527.0, 161.0
114, 656.0, 161.0
115, 683.0, 163.0
116, 455.0, 165.0
117, 501.0, 165.0
118, 579.0, 166.0
119, 481.0, 167.0
120, 547.0, 167.0
121, 384.0, 168.0
122, 471.0, 168.0
123, 538.0, 168.0
124, 589.0, 168.0
125, 646.0, 168.0
126, 518.0, 169.0
127, 569.0, 169.0
128, 439.0, 170.0
129, 601.0, 170.0
130, 412.0, 171.0
131, 425.0, 171.0
132, 527.0, 171.0
133, 629.0, 172.0
134, 519.0, 174.0
135, 479.0, 177.0
136, 383.0, 178.0
137, 372.0, 179.0
138, 465.0, 180.0
139, 566.0, 180.0
140, 446.0, 181.0
141, 296.0, 182.0
142, 487.0, 183.0
143, 428.0, 186.0
144, 502.0, 187.0
145, 519.0, 187.0
146, 668.0, 187.0
147, 683.0, 188.0
148, 193.0, 189.0
149, 410.0, 189.0
150, 294.0, 192.0
151, 482.0, 193.0
152, 394.0, 194.0
153, 464.0, 194.0
154, 166.0, 196.0
155, 406.0, 197.0
156, 445.0, 198.0
157, 146.0, 199.0
158, 195.0, 200.0
159, 253.0, 200.0
160, 427.0, 200.0
161, 495.0, 200.0
162, 502.0, 200.0
163, 238.0, 201.0
164, 416.0, 202.0
165, 280.0, 203.0
166, 396.0, 204.0
167, 152.0, 213.0
168, 385.0, 213.0
169, 138.0, 215.0
170, 196.0, 217.0
171, 128.0, 218.0
172, 256.0, 218.0
173, 150.0, 219.0
174, 154.0, 224.0
175, 473.0, 224.0
176, 173.0, 225.0
177, 257.0, 231.0
178, 167.0, 234.0
179, 234.0, 236.0
180, 682.0, 238.0
181, 135.0, 241.0
182, 193.0, 243.0
183, 262.0, 245.0
184, 224.0, 246.0
185, 248.0, 246.0
186, 169.0, 247.0
187, 390.0, 251.0
188, 606.0, 251.0
189, 245.0, 254.0
190, 183.0, 255.0
191, 216.0, 256.0
192, 391.0, 256.0
193, 161.0, 257.0
194, 199.0, 257.0
195, 385.0, 257.0
196, 403.0, 257.0
197, 176.0, 261.0
198, 215.0, 261.0
199, 156.0, 264.0
200, 682.0, 264.0
201, 187.0, 265.0
202, 405.0, 267.0
203, 196.0, 270.0
204, 154.0, 271.0
205, 191.0, 271.0
206, 238.0, 271.0
207, 217.0, 272.0
208, 171.0, 273.0
209, 295.0, 273.0
210, 149.0, 274.0
211, 176.0, 274.0
212, 217.0, 277.0
213, 188.0, 280.0
214, 474.0, 281.0
215, 605.0, 282.0
216, 159.0, 283.0
217, 428.0, 283.0
218, 181.0, 289.0
219, 397.0, 291.0
220, 176.0, 292.0
221, 198.0, 295.0
222, 398.0, 296.0
223, 415.0, 298.0
224, 170.0, 300.0
225, 727.0, 303.0
226, 166.0, 306.0
227, 143.0, 311.0
228, 197.0, 313.0
229, 721.0, 314.0
230, 172.0, 315.0
231, 152.0, 316.0
232, 682.0, 317.0
233, 743.0, 319.0
234, 399.0, 324.0
235, 738.0, 328.0
236, 743.0, 333.0
237, 584.0, 337.0
238, 743.0, 346.0
239, 580.0, 348.0
240, 589.0, 350.0
241, 510.0, 352.0
242, 735.0, 353.0
243, 690.0, 359.0
244, 464.0, 361.0
245, 510.0, 361.0
246, 522.0, 362.0
247, 532.0, 362.0
248, 562.0, 365.0
249, 598.0, 365.0
250, 733.0, 365.0
251, 428.0, 366.0
252, 509.0, 366.0
253, 609.0, 366.0
254, 465.0, 367.0
255, 540.0, 369.0
256, 130.0, 370.0
257, 520.0, 370.0
258, 742.0, 370.0
259, 403.0, 371.0
260, 428.0, 371.0
261, 602.0, 371.0
262, 558.0, 374.0
263, 507.0, 376.0
264, 729.0, 376.0
265, 125.0, 377.0
266, 597.0, 377.0
267, 60.0, 378.0
268, 527.0, 378.0
269, 608.0, 378.0
270, 538.0, 379.0
271, 562.0, 379.0
272, 568.0, 379.0
273, 426.0, 380.0
274, 627.0, 381.0
275, 740.0, 381.0
276, 54.0, 382.0
277, 459.0, 382.0
278, 495.0, 385.0
279, 508.0, 386.0
280, 52.0, 387.0
281, 556.0, 387.0
282, 522.0, 388.0
283, 736.0, 390.0
284, 78.0, 394.0
285, 492.0, 394.0
286, 739.0, 395.0
287, 734.0, 396.0
288, 553.0, 397.0
289, 620.0, 397.0
290, 630.0, 398.0
291, 404.0, 399.0
292, 491.0, 399.0
293, 736.0, 401.0
294, 564.0, 403.0
295, 623.0, 404.0
296, 528.0, 406.0
297, 736.0, 406.0
298, 549.0, 407.0
299, 618.0, 408.0
300, 629.0, 410.0
301, 527.0, 412.0
302, 727.0, 412.0
303, 26.0, 417.0
304, 526.0, 417.0
305, 701.0, 419.0
306, 526.0, 422.0
307, 719.0, 423.0
308, 700.0, 424.0
309, 729.0, 428.0
310, 701.0, 429.0
311, 59.0, 433.0
312, 647.0, 434.0
313, 451.0, 436.0
314, 565.0, 436.0
315, 718.0, 437.0
316, 646.0, 439.0
317, 564.0, 441.0
318, 728.0, 442.0
319, 38.0, 443.0
320, 13.0, 444.0
321, 565.0, 446.0
322, 652.0, 448.0
323, 447.0, 449.0
324, 714.0, 451.0
325, 195.0, 452.0
326, 609.0, 457.0
327, 172.0, 458.0
328, 724.0, 458.0
329, 185.0, 459.0
330, 19.0, 460.0
331, 718.0, 461.0
332, 574.0, 462.0
333, 609.0, 462.0
334, 35.0, 463.0
335, 30.0, 464.0
336, 513.0, 464.0
337, 712.0, 464.0
338, 719.0, 466.0
339, 574.0, 467.0
340, 183.0, 468.0
341, 192.0, 468.0
342, 10.0, 471.0
343, 589.0, 471.0
344, 601.0, 471.0
345, 722.0, 471.0
