0, 167.0, 28.0
1, 168.0, 33.0
2, 311.0, 36.0
3, 646.0, 59.0
4, 55.0, 60.0
5, 25.0, 68.0
6, 15.0, 70.0
7, 156.0, 73.0
8, 556.0, 73.0
9, 170.0, 74.0
10, 30.0, 75.0
11, 24.0, 77.0
12, 8.0, 78.0
13, 413.0, 79.0
14, 32.0, 84.0
15, 272.0, 86.0
16, 284.0, 86.0
17, 355.0, 88.0
18, 642.0, 94.0
19, 11.0, 99.0
20, 22.0, 99.0
21, 33.0, 99.0
22, 443.0, 103.0
23, 65.0, 109.0
24, 464.0, 122.0
25, 36.0, 123.0
26, 68.0, 124.0
27, 477.0, 124.0
28, 67.0, 130.0
29, 19.0, 133.0
30, 41.0, 134.0
31, 32.0, 135.0
32, 66.0, 135.0
33, 495.0, 135.0
34, 8.0, 136.0
35, 271.0, 139.0
36, 438.0, 139.0
37, 281.0, 140.0
38, 293.0, 141.0
39, 511.0, 141.0
40, 494.0, 145.0
41, 374.0, 146.0
42, 51.0, 154.0
43, 544.0, 157.0
44, 492.0, 159.0
45, 412.0, 162.0
46, 436.0, 162.0
47, 493.0, 164.0
48, 543.0, 164.0
49, 739.0, 164.0
50, 40.0, 165.0
51, 500.0, 165.0
52, 164.0, 166.0
53, 176.0, 166.0
54, 473.0, 166.0
55, 411.0, 167.0
56, 440.0, 167.0
57, 73.0, 168.0
58, 247.0, 169.0
59, 507.0, 169.0
60, 543.0, 169.0
61, 353.0, 170.0
62, 254.0, 171.0
63, 427.0, 171.0
64, 478.0, 171.0
65, 56.0, 172.0
66, 512.0, 172.0
67, 165.0, 173.0
68, 176.0, 173.0
69, 631.0, 173.0
70, 221.0, 175.0
71, 33.0, 176.0
72, 74.0, 176.0
73, 493.0, 176.0
74, 734.0, 177.0
75, 398.0, 178.0
76, 165.0, 179.0
77, 23.0, 180.0
78, 202.0, 182.0
79, 235.0, 182.0
80, 253.0, 183.0
81, 165.0, 184.0
82, 215.0, 184.0
83, 220.0, 184.0
84, 282.0, 184.0
85, 328.0, 184.0
86, 395.0, 184.0
87, 414.0, 184.0
88, 316.0, 185.0
89, 302.0, 186.0
90, 603.0, 186.0
91, 177.0, 187.0
92, 36.0, 188.0
93, 732.0, 188.0
94, 58.0, 189.0
95, 415.0, 189.0
96, 171.0, 190.0
97, 166.0, 191.0
98, 358.0, 193.0
99, 319.0, 194.0
100, 140.0, 198.0
101, 415.0, 198.0
102, 429.0, 199.0
103, 450.0, 201.0
104, 598.0, 201.0
105, 477.0, 202.0
106, 483.0, 202.0
107, 491.0, 203.0
108, 693.0, 203.0
109, 724.0, 203.0
110, 335.0, 204.0
111, 380.0, 204.0
112, 550.0, 204.0
113, 426.0, 205.0
114, 112.0, 207.0
115, 478.0, 207.0
116, 743.0, 207.0
117, 101.0, 208.0
118, 483.0, 208.0
119, 629.0, 208.0
120, 424.0, 210.0
121, 453.0, 210.0
122, 329.0, 211.0
123, 429.0, 211.0
124, 610.0, 212.0
125, 741.0, 212.0
126, 84.0, 213.0
127, 127.0, 213.0
128, 484.0, 213.0
129, 117.0, 214.0
130, 492.0, 215.0
131, 546.0, 215.0
132, 570.0, 215.0
133, 597.0, 215.0
134, 72.0, 216.0
135, 497.0, 216.0
136, 503.0, 216.0
137, 508.0, 216.0
138, 513.0, 216.0
139, 588.0, 216.0
140, 705.0, 216.0
141, 232.0, 217.0
142, 518.0, 217.0
143, 537.0, 217.0
144, 582.0, 217.0
145, 52.0, 218.0
146, 362.0, 218.0
147, 523.0, 218.0
148, 557.0, 218.0
149, 740.0, 218.0
150, 414.0, 219.0
151, 452.0, 219.0
152, 463.0, 219.0
153, 721.0, 219.0
154, 131.0, 220.0
155, 429.0, 220.0
156, 480.0, 220.0
157, 77.0, 221.0
158, 84.0, 221.0
159, 101.0, 221.0
160, 257.0, 221.0
161, 611.0, 221.0
162, 623.0, 221.0
163, 695.0, 221.0
164, 120.0, 222.0
165, 229.0, 222.0
166, 269.0, 222.0
167, 635.0, 222.0
168, 660.0, 222.0
169, 38.0, 223.0
170, 237.0, 223.0
171, 686.0, 223.0
172, 65.0, 224.0
173, 442.0, 225.0
174, 217.0, 226.0
175, 643.0, 226.0
176, 621.0, 228.0
177, 37.0, 229.0
178, 247.0, 229.0
179, 222.0, 230.0
180, 235.0, 230.0
181, 207.0, 231.0
182, 260.0, 231.0
183, 654.0, 231.0
184, 694.0, 231.0
185, 666.0, 232.0
186, 198.0, 234.0
187, 641.0, 234.0
188, 674.0, 234.0
189, 736.0, 234.0
190, 273.0, 235.0
191, 366.0, 235.0
192, 404.0, 235.0
193, 450.0, 236.0
194, 215.0, 237.0
195, 429.0, 237.0
196, 682.0, 238.0
197, 691.0, 238.0
198, 479.0, 239.0
199, 606.0, 239.0
200, 631.0, 239.0
201, 262.0, 240.0
202, 366.0, 241.0
203, 664.0, 241.0
204, 26.0, 243.0
205, 280.0, 243.0
206, 201.0, 244.0
207, 461.0, 244.0
208, 250.0, 245.0
209, 471.0, 245.0
210, 430.0, 246.0
211, 214.0, 247.0
212, 269.0, 247.0
213, 709.0, 247.0
214, 201.0, 249.0
215, 369.0, 249.0
216, 422.0, 249.0
217, 264.0, 250.0
218, 393.0, 251.0
219, 717.0, 251.0
220, 428.0, 252.0
221, 627.0, 252.0
222, 604.0, 253.0
223, 637.0, 253.0
224, 731.0, 253.0
225, 195.0, 254.0
226, 253.0, 254.0
227, 662.0, 254.0
228, 679.0, 254.0
229, 190.0, 255.0
230, 271.0, 255.0
231, 417.0, 255.0
232, 529.0, 255.0
233, 595.0, 255.0
234, 201.0, 257.0
235, 431.0, 257.0
236, 589.0, 258.0
237, 633.0, 259.0
238, 698.0, 259.0
239, 281.0, 260.0
240, 478.0, 261.0
241, 676.0, 261.0
242, 227.0, 263.0
243, 265.0, 264.0
244, 419.0, 264.0
245, 430.0, 266.0
246, 714.0, 266.0
247, 278.0, 269.0
248, 419.0, 269.0
249, 481.0, 269.0
250, 499.0, 270.0
251, 255.0, 271.0
252, 468.0, 271.0
253, 373.0, 272.0
254, 229.0, 274.0
255, 240.0, 274.0
256, 504.0, 275.0
257, 214.0, 277.0
258, 702.0, 277.0
259, 199.0, 278.0
260, 407.0, 279.0
261, 419.0, 280.0
262, 427.0, 281.0
263, 470.0, 284.0
264, 479.0, 284.0
265, 720.0, 285.0
266, 721.0, 292.0
267, 474.0, 293.0
268, 738.0, 293.0
269, 300.0, 295.0
270, 313.0, 295.0
271, 346.0, 295.0
272, 351.0, 295.0
273, 358.0, 295.0
274, 413.0, 295.0
275, 480.0, 295.0
276, 267.0, 296.0
277, 291.0, 296.0
278, 378.0, 296.0
279, 86.0, 297.0
280, 423.0, 298.0
281, 501.0, 300.0
282, 428.0, 301.0
283, 419.0, 303.0
284, 438.0, 303.0
285, 678.0, 305.0
286, 528.0, 309.0
287, 421.0, 310.0
288, 449.0, 310.0
289, 391.0, 314.0
290, 312.0, 315.0
291, 384.0, 316.0
292, 463.0, 317.0
293, 468.0, 318.0
294, 455.0, 320.0
295, 559.0, 320.0
296, 266.0, 321.0
297, 398.0, 321.0
298, 482.0, 323.0
299, 579.0, 328.0
300, 497.0, 330.0
301, 46.0, 331.0
302, 318.0, 331.0
303, 366.0, 331.0
304, 371.0, 331.0
305, 591.0, 333.0
306, 401.0, 334.0
307, 388.0, 336.0
308, 608.0, 340.0
309, 26.0, 342.0
310, 314.0, 342.0
311, 360.0, 342.0
312, 522.0, 342.0
313, 343.0, 344.0
314, 527.0, 344.0
315, 390.0, 345.0
316, 477.0, 345.0
317, 417.0, 348.0
318, 499.0, 348.0
319, 324.0, 349.0
320, 370.0, 349.0
321, 539.0, 349.0
322, 513.0, 350.0
323, 101.0, 351.0
324, 487.0, 351.0
325, 391.0, 352.0
326, 455.0, 352.0
327, 347.0, 353.0
328, 392.0, 357.0
329, 429.0, 357.0
330, 554.0, 357.0
331, 359.0, 358.0
332, 412.0, 358.0
333, 559.0, 360.0
334, 660.0, 361.0
335, 508.0, 362.0
336, 564.0, 362.0
337, 393.0, 363.0
338, 447.0, 364.0
339, 433.0, 366.0
340, 410.0, 367.0
341, 511.0, 367.0
342, 525.0, 368.0
343, 421.0, 369.0
344, 740.0, 370.0
345, 556.0, 371.0
346, 571.0, 374.0
347, 499.0, 376.0
348, 517.0, 376.0
349, 531.0, 376.0
350, 481.0, 385.0
351, 538.0, 385.0
352, 65.0, 387.0
353, 524.0, 387.0
354, 53.0, 390.0
355, 418.0, 392.0
356, 586.0, 392.0
357, 741.0, 393.0
358, 509.0, 394.0
359, 111.0, 395.0
360, 447.0, 395.0
361, 626.0, 396.0
362, 590.0, 397.0
363, 610.0, 397.0
364, 316.0, 398.0
365, 530.0, 398.0
366, 300.0, 400.0
367, 372.0, 400.0
368, 390.0, 400.0
369, 331.0, 401.0
370, 467.0, 401.0
371, 578.0, 401.0
372, 651.0, 401.0
373, 253.0, 402.0
374, 272.0, 402.0
375, 295.0, 403.0
376, 205.0, 404.0
377, 230.0, 404.0
378, 336.0, 404.0
379, 404.0, 404.0
380, 142.0, 405.0
381, 129.0, 406.0
382, 67.0, 407.0
383, 72.0, 407.0
384, 91.0, 407.0
385, 533.0, 407.0
386, 42.0, 408.0
387, 436.0, 408.0
388, 17.0, 409.0
389, 60.0, 409.0
390, 538.0, 410.0
391, 456.0, 411.0
392, 590.0, 411.0
393, 287.0, 412.0
394, 675.0, 412.0
395, 437.0, 413.0
396, 481.0, 413.0
397, 515.0, 413.0
398, 308.0, 416.0
399, 320.0, 418.0
400, 406.0, 419.0
401, 422.0, 420.0
402, 545.0, 420.0
403, 561.0, 421.0
404, 594.0, 422.0
405, 191.0, 423.0
406, 322.0, 423.0
407, 474.0, 423.0
408, 129.0, 424.0
409, 166.0, 424.0
410, 281.0, 425.0
411, 94.0, 426.0
412, 345.0, 426.0
413, 408.0, 426.0
414, 56.0, 427.0
415, 301.0, 427.0
416, 442.0, 427.0
417, 710.0, 427.0
418, 529.0, 428.0
419, 345.0, 431.0
420, 468.0, 431.0
421, 489.0, 432.0
422, 571.0, 434.0
423, 543.0, 435.0
424, 219.0, 438.0
425, 678.0, 438.0
426, 695.0, 440.0
427, 532.0, 443.0
428, 550.0, 444.0
429, 376.0, 445.0
430, 427.0, 445.0
431, 143.0, 447.0
432, 654.0, 447.0
433, 633.0, 448.0
434, 614.0, 451.0
435, 218.0, 452.0
436, 556.0, 453.0
437, 192.0, 454.0
438, 237.0, 454.0
439, 584.0, 455.0
440, 399.0, 456.0
441, 571.0, 456.0
442, 415.0, 457.0
443, 297.0, 458.0
444, 193.0, 459.0
445, 536.0, 459.0
446, 180.0, 460.0
447, 479.0, 461.0
448, 67.0, 462.0
449, 28.0, 463.0
450, 173.0, 464.0
451, 546.0, 464.0
452, 196.0, 465.0
453, 498.0, 465.0
454, 201.0, 467.0
455, 360.0, 470.0
