0, 218.0, 8.0
1, 243.0, 8.0
2, 248.0, 8.0
3, 263.0, 8.0
4, 472.0, 8.0
5, 43.0, 9.0
6, 275.0, 9.0
7, 296.0, 9.0
8, 326.0, 13.0
9, 200.0, 15.0
10, 337.0, 15.0
11, 352.0, 17.0
12, 366.0, 17.0
13, 15.0, 18.0
14, 383.0, 19.0
15, 285.0, 20.0
16, 273.0, 21.0
17, 328.0, 21.0
18, 201.0, 23.0
19, 253.0, 24.0
20, 263.0, 24.0
21, 294.0, 24.0
22, 299.0, 26.0
23, 286.0, 27.0
24, 253.0, 29.0
25, 255.0, 34.0
26, 233.0, 38.0
27, 212.0, 41.0
28, 13.0, 45.0
29, 22.0, 45.0
30, 204.0, 51.0
31, 399.0, 51.0
32, 215.0, 52.0
33, 292.0, 52.0
34, 300.0, 52.0
35, 352.0, 52.0
36, 414.0, 52.0
37, 723.0, 52.0
38, 240.0, 53.0
39, 258.0, 54.0
40, 339.0, 54.0
41, 361.0, 54.0
42, 313.0, 55.0
43, 382.0, 55.0
44, 437.0, 55.0
45, 425.0, 56.0
46, 393.0, 58.0
47, 740.0, 59.0
48, 291.0, 60.0
49, 413.0, 62.0
50, 423.0, 64.0
51, 247.0, 65.0
52, 205.0, 66.0
53, 718.0, 66.0
54, 305.0, 68.0
55, 297.0, 69.0
56, 223.0, 70.0
57, 229.0, 70.0
58, 236.0, 70.0
59, 315.0, 70.0
60, 412.0, 70.0
61, 736.0, 70.0
62, 267.0, 71.0
63, 206.0, 72.0
64, 251.0, 73.0
65, 426.0, 73.0
66, 435.0, 73.0
67, 267.0, 76.0
68, 359.0, 76.0
69, 32.0, 78.0
70, 346.0, 78.0
71, 21.0, 80.0
72, 712.0, 80.0
73, 275.0, 81.0
74, 411.0, 81.0
75, 426.0, 82.0
76, 732.0, 83.0
77, 461.0, 88.0
78, 410.0, 89.0
79, 363.0, 91.0
80, 423.0, 92.0
81, 325.0, 95.0
82, 204.0, 99.0
83, 408.0, 99.0
84, 726.0, 99.0
85, 423.0, 101.0
86, 428.0, 101.0
87, 173.0, 104.0
88, 445.0, 106.0
89, 363.0, 107.0
90, 379.0, 108.0
91, 701.0, 109.0
92, 277.0, 112.0
93, 445.0, 112.0
94, 696.0, 112.0
95, 723.0, 112.0
96, 94.0, 115.0
97, 164.0, 115.0
98, 113.0, 116.0
99, 175.0, 116.0
100, 674.0, 116.0
101, 738.0, 116.0
102, 421.0, 117.0
103, 692.0, 117.0
104, 426.0, 118.0
105, 44.0, 120.0
106, 71.0, 120.0
107, 198.0, 120.0
108, 208.0, 120.0
109, 456.0, 120.0
110, 203.0, 121.0
111, 719.0, 125.0
112, 179.0, 129.0
113, 350.0, 129.0
114, 34.0, 132.0
115, 743.0, 132.0
116, 26.0, 133.0
117, 39.0, 140.0
118, 481.0, 142.0
119, 451.0, 143.0
120, 441.0, 144.0
121, 446.0, 144.0
122, 55.0, 154.0
123, 458.0, 154.0
124, 513.0, 155.0
125, 490.0, 156.0
126, 45.0, 158.0
127, 525.0, 158.0
128, 318.0, 159.0
129, 287.0, 160.0
130, 232.0, 162.0
131, 308.0, 164.0
132, 288.0, 165.0
133, 266.0, 166.0
134, 239.0, 169.0
135, 310.0, 173.0
136, 266.0, 174.0
137, 290.0, 174.0
138, 729.0, 174.0
139, 244.0, 176.0
140, 734.0, 178.0
141, 328.0, 180.0
142, 545.0, 181.0
143, 550.0, 182.0
144, 268.0, 184.0
145, 289.0, 184.0
146, 275.0, 191.0
147, 281.0, 191.0
148, 402.0, 194.0
149, 409.0, 194.0
150, 674.0, 194.0
151, 212.0, 195.0
152, 235.0, 195.0
153, 742.0, 195.0
154, 689.0, 198.0
155, 320.0, 199.0
156, 643.0, 200.0
157, 396.0, 202.0
158, 624.0, 202.0
159, 585.0, 204.0
160, 590.0, 206.0
161, 185.0, 207.0
162, 396.0, 207.0
163, 237.0, 208.0
164, 415.0, 208.0
165, 283.0, 209.0
166, 726.0, 209.0
167, 297.0, 210.0
168, 402.0, 210.0
169, 706.0, 210.0
170, 736.0, 210.0
171, 215.0, 211.0
172, 77.0, 212.0
173, 104.0, 213.0
174, 202.0, 213.0
175, 263.0, 213.0
176, 273.0, 213.0
177, 475.0, 213.0
178, 109.0, 214.0
179, 254.0, 214.0
180, 283.0, 214.0
181, 710.0, 215.0
182, 186.0, 216.0
183, 192.0, 217.0
184, 230.0, 217.0
185, 237.0, 217.0
186, 307.0, 217.0
187, 319.0, 217.0
188, 102.0, 218.0
189, 168.0, 221.0
190, 285.0, 221.0
191, 299.0, 221.0
192, 66.0, 222.0
193, 267.0, 222.0
194, 273.0, 222.0
195, 278.0, 222.0
196, 482.0, 222.0
197, 149.0, 223.0
198, 218.0, 223.0
199, 239.0, 223.0
200, 101.0, 224.0
201, 342.0, 224.0
202, 325.0, 225.0
203, 330.0, 225.0
204, 347.0, 225.0
205, 466.0, 225.0
206, 304.0, 226.0
207, 310.0, 226.0
208, 279.0, 227.0
209, 352.0, 227.0
210, 430.0, 227.0
211, 442.0, 227.0
212, 167.0, 228.0
213, 184.0, 228.0
214, 200.0, 228.0
215, 137.0, 229.0
216, 210.0, 229.0
217, 263.0, 230.0
218, 148.0, 231.0
219, 251.0, 231.0
220, 453.0, 231.0
221, 651.0, 231.0
222, 326.0, 232.0
223, 392.0, 232.0
224, 418.0, 232.0
225, 162.0, 234.0
226, 363.0, 234.0
227, 181.0, 235.0
228, 149.0, 236.0
229, 192.0, 236.0
230, 200.0, 236.0
231, 349.0, 236.0
232, 209.0, 237.0
233, 332.0, 238.0
234, 72.0, 239.0
235, 170.0, 239.0
236, 648.0, 239.0
237, 135.0, 240.0
238, 249.0, 240.0
239, 263.0, 240.0
240, 291.0, 240.0
241, 523.0, 240.0
242, 528.0, 240.0
243, 165.0, 241.0
244, 421.0, 241.0
245, 515.0, 241.0
246, 533.0, 241.0
247, 273.0, 242.0
248, 304.0, 242.0
249, 538.0, 243.0
250, 351.0, 244.0
251, 8.0, 245.0
252, 144.0, 245.0
253, 437.0, 245.0
254, 234.0, 249.0
255, 495.0, 250.0
256, 547.0, 250.0
257, 204.0, 251.0
258, 218.0, 251.0
259, 404.0, 251.0
260, 423.0, 251.0
261, 192.0, 254.0
262, 223.0, 254.0
263, 167.0, 255.0
264, 172.0, 256.0
265, 202.0, 256.0
266, 552.0, 256.0
267, 147.0, 258.0
268, 194.0, 259.0
269, 12.0, 261.0
270, 554.0, 261.0
271, 125.0, 262.0
272, 187.0, 262.0
273, 648.0, 264.0
274, 439.0, 265.0
275, 539.0, 265.0
276, 544.0, 265.0
277, 739.0, 265.0
278, 501.0, 266.0
279, 555.0, 266.0
280, 198.0, 267.0
281, 423.0, 270.0
282, 305.0, 271.0
283, 557.0, 271.0
284, 55.0, 272.0
285, 215.0, 272.0
286, 648.0, 273.0
287, 193.0, 275.0
288, 16.0, 276.0
289, 331.0, 276.0
290, 103.0, 277.0
291, 440.0, 277.0
292, 526.0, 277.0
293, 203.0, 278.0
294, 424.0, 278.0
295, 648.0, 278.0
296, 243.0, 279.0
297, 353.0, 279.0
298, 280.0, 281.0
299, 559.0, 283.0
300, 648.0, 283.0
301, 464.0, 284.0
302, 328.0, 285.0
303, 480.0, 286.0
304, 502.0, 286.0
305, 462.0, 289.0
306, 518.0, 289.0
307, 423.0, 291.0
308, 13.0, 292.0
309, 352.0, 293.0
310, 465.0, 294.0
311, 424.0, 296.0
312, 512.0, 299.0
313, 499.0, 300.0
314, 455.0, 303.0
315, 544.0, 304.0
316, 646.0, 304.0
317, 59.0, 306.0
318, 454.0, 308.0
319, 508.0, 308.0
320, 503.0, 309.0
321, 60.0, 311.0
322, 516.0, 311.0
323, 397.0, 313.0
324, 415.0, 313.0
325, 453.0, 313.0
326, 535.0, 316.0
327, 426.0, 318.0
328, 498.0, 321.0
329, 516.0, 321.0
330, 466.0, 322.0
331, 451.0, 329.0
332, 426.0, 330.0
333, 33.0, 332.0
334, 485.0, 332.0
335, 643.0, 332.0
336, 22.0, 333.0
337, 473.0, 334.0
338, 284.0, 336.0
339, 164.0, 337.0
340, 622.0, 337.0
341, 425.0, 338.0
342, 528.0, 338.0
343, 63.0, 339.0
344, 417.0, 340.0
345, 426.0, 343.0
346, 385.0, 344.0
347, 589.0, 345.0
348, 280.0, 347.0
349, 452.0, 347.0
350, 425.0, 348.0
351, 66.0, 352.0
352, 453.0, 352.0
353, 427.0, 353.0
354, 104.0, 354.0
355, 335.0, 354.0
356, 536.0, 354.0
357, 468.0, 355.0
358, 384.0, 357.0
359, 455.0, 357.0
360, 493.0, 359.0
361, 533.0, 360.0
362, 528.0, 362.0
363, 285.0, 364.0
364, 625.0, 365.0
365, 230.0, 366.0
366, 472.0, 367.0
367, 66.0, 368.0
368, 428.0, 368.0
369, 484.0, 368.0
370, 336.0, 369.0
371, 464.0, 370.0
372, 497.0, 370.0
373, 630.0, 370.0
374, 433.0, 372.0
375, 509.0, 374.0
376, 103.0, 378.0
377, 479.0, 378.0
378, 671.0, 378.0
379, 328.0, 382.0
380, 464.0, 382.0
381, 489.0, 383.0
382, 68.0, 386.0
383, 428.0, 388.0
384, 228.0, 393.0
385, 68.0, 394.0
386, 109.0, 394.0
387, 316.0, 394.0
388, 484.0, 394.0
389, 70.0, 399.0
390, 487.0, 399.0
391, 612.0, 402.0
392, 70.0, 407.0
393, 477.0, 415.0
394, 479.0, 420.0
395, 312.0, 421.0
396, 318.0, 427.0
397, 310.0, 428.0
398, 71.0, 429.0
399, 263.0, 430.0
400, 231.0, 437.0
401, 452.0, 439.0
402, 711.0, 439.0
403, 72.0, 443.0
404, 411.0, 443.0
405, 457.0, 443.0
406, 172.0, 444.0
407, 210.0, 444.0
408, 140.0, 448.0
409, 465.0, 448.0
410, 448.0, 451.0
411, 105.0, 454.0
412, 456.0, 455.0
413, 274.0, 458.0
414, 210.0, 459.0
415, 232.0, 459.0
416, 219.0, 460.0
417, 314.0, 460.0
418, 309.0, 461.0
419, 202.0, 464.0
420, 155.0, 467.0
421, 276.0, 467.0
422, 107.0, 468.0
423, 250.0, 468.0
424, 241.0, 469.0
425, 230.0, 471.0
426, 442.0, 471.0
