0, 75.0, 8.0
1, 453.0, 9.0
2, 218.0, 10.0
3, 233.0, 11.0
4, 235.0, 16.0
5, 350.0, 19.0
6, 368.0, 20.0
7, 577.0, 20.0
8, 219.0, 21.0
9, 586.0, 21.0
10, 77.0, 23.0
11, 358.0, 25.0
12, 219.0, 27.0
13, 229.0, 28.0
14, 78.0, 31.0
15, 366.0, 33.0
16, 358.0, 34.0
17, 350.0, 35.0
18, 376.0, 37.0
19, 420.0, 38.0
20, 583.0, 38.0
21, 575.0, 39.0
22, 356.0, 43.0
23, 350.0, 53.0
24, 368.0, 53.0
25, 87.0, 71.0
26, 366.0, 75.0
27, 87.0, 76.0
28, 87.0, 81.0
29, 358.0, 91.0
30, 646.0, 95.0
31, 351.0, 99.0
32, 42.0, 103.0
33, 740.0, 103.0
34, 87.0, 106.0
35, 65.0, 107.0
36, 141.0, 108.0
37, 410.0, 109.0
38, 555.0, 111.0
39, 106.0, 115.0
40, 223.0, 116.0
41, 235.0, 116.0
42, 46.0, 117.0
43, 66.0, 118.0
44, 119.0, 119.0
45, 96.0, 120.0
46, 638.0, 120.0
47, 114.0, 121.0
48, 345.0, 124.0
49, 97.0, 127.0
50, 120.0, 127.0
51, 565.0, 128.0
52, 108.0, 130.0
53, 332.0, 130.0
54, 322.0, 131.0
55, 48.0, 132.0
56, 69.0, 132.0
57, 235.0, 132.0
58, 102.0, 140.0
59, 111.0, 140.0
60, 120.0, 140.0
61, 72.0, 148.0
62, 634.0, 148.0
63, 84.0, 149.0
64, 95.0, 149.0
65, 147.0, 149.0
66, 53.0, 150.0
67, 468.0, 150.0
68, 56.0, 160.0
69, 77.0, 160.0
70, 121.0, 160.0
71, 135.0, 160.0
72, 89.0, 161.0
73, 94.0, 161.0
74, 148.0, 161.0
75, 52.0, 165.0
76, 116.0, 169.0
77, 499.0, 169.0
78, 111.0, 170.0
79, 143.0, 170.0
80, 106.0, 171.0
81, 121.0, 171.0
82, 126.0, 171.0
83, 48.0, 172.0
84, 99.0, 172.0
85, 81.0, 173.0
86, 722.0, 173.0
87, 29.0, 175.0
88, 736.0, 175.0
89, 318.0, 176.0
90, 327.0, 176.0
91, 337.0, 177.0
92, 408.0, 184.0
93, 137.0, 187.0
94, 130.0, 189.0
95, 125.0, 190.0
96, 224.0, 195.0
97, 236.0, 195.0
98, 460.0, 199.0
99, 442.0, 201.0
100, 467.0, 201.0
101, 553.0, 201.0
102, 133.0, 203.0
103, 304.0, 203.0
104, 493.0, 204.0
105, 517.0, 205.0
106, 122.0, 206.0
107, 552.0, 206.0
108, 392.0, 207.0
109, 715.0, 208.0
110, 444.0, 209.0
111, 455.0, 210.0
112, 225.0, 211.0
113, 472.0, 211.0
114, 236.0, 212.0
115, 426.0, 213.0
116, 625.0, 213.0
117, 501.0, 214.0
118, 123.0, 215.0
119, 134.0, 215.0
120, 529.0, 215.0
121, 166.0, 216.0
122, 235.0, 217.0
123, 711.0, 217.0
124, 223.0, 219.0
125, 277.0, 219.0
126, 291.0, 221.0
127, 305.0, 222.0
128, 235.0, 223.0
129, 326.0, 223.0
130, 441.0, 223.0
131, 222.0, 224.0
132, 202.0, 225.0
133, 552.0, 225.0
134, 136.0, 226.0
135, 356.0, 226.0
136, 361.0, 226.0
137, 386.0, 227.0
138, 709.0, 227.0
139, 152.0, 228.0
140, 376.0, 228.0
141, 722.0, 228.0
142, 441.0, 229.0
143, 167.0, 231.0
144, 176.0, 231.0
145, 454.0, 231.0
146, 473.0, 233.0
147, 188.0, 235.0
148, 208.0, 235.0
149, 440.0, 235.0
150, 496.0, 235.0
151, 597.0, 235.0
152, 511.0, 236.0
153, 221.0, 237.0
154, 456.0, 237.0
155, 557.0, 237.0
156, 138.0, 239.0
157, 153.0, 239.0
158, 702.0, 239.0
159, 501.0, 240.0
160, 676.0, 240.0
161, 623.0, 242.0
162, 400.0, 244.0
163, 458.0, 244.0
164, 480.0, 244.0
165, 238.0, 245.0
166, 717.0, 245.0
167, 428.0, 246.0
168, 440.0, 246.0
169, 506.0, 246.0
170, 552.0, 246.0
171, 573.0, 247.0
172, 596.0, 247.0
173, 624.0, 247.0
174, 95.0, 248.0
175, 106.0, 248.0
176, 533.0, 248.0
177, 547.0, 248.0
178, 587.0, 248.0
179, 166.0, 249.0
180, 154.0, 250.0
181, 178.0, 250.0
182, 231.0, 250.0
183, 714.0, 250.0
184, 90.0, 251.0
185, 472.0, 251.0
186, 607.0, 251.0
187, 686.0, 251.0
188, 128.0, 252.0
189, 495.0, 252.0
190, 482.0, 253.0
191, 628.0, 253.0
192, 500.0, 254.0
193, 648.0, 254.0
194, 677.0, 254.0
195, 669.0, 255.0
196, 699.0, 255.0
197, 154.0, 256.0
198, 220.0, 256.0
199, 714.0, 256.0
200, 165.0, 258.0
201, 245.0, 258.0
202, 615.0, 258.0
203, 402.0, 259.0
204, 427.0, 260.0
205, 432.0, 260.0
206, 443.0, 260.0
207, 453.0, 261.0
208, 470.0, 261.0
209, 694.0, 261.0
210, 190.0, 262.0
211, 209.0, 263.0
212, 633.0, 263.0
213, 676.0, 263.0
214, 737.0, 263.0
215, 656.0, 264.0
216, 257.0, 265.0
217, 236.0, 266.0
218, 403.0, 266.0
219, 496.0, 266.0
220, 339.0, 267.0
221, 603.0, 267.0
222, 624.0, 268.0
223, 666.0, 268.0
224, 674.0, 268.0
225, 196.0, 269.0
226, 358.0, 269.0
227, 460.0, 269.0
228, 479.0, 269.0
229, 711.0, 269.0
230, 489.0, 270.0
231, 370.0, 271.0
232, 405.0, 271.0
233, 450.0, 271.0
234, 455.0, 271.0
235, 221.0, 272.0
236, 50.0, 273.0
237, 59.0, 273.0
238, 69.0, 273.0
239, 329.0, 273.0
240, 422.0, 273.0
241, 442.0, 275.0
242, 242.0, 276.0
243, 344.0, 276.0
244, 505.0, 277.0
245, 689.0, 277.0
246, 620.0, 278.0
247, 534.0, 279.0
248, 601.0, 279.0
249, 629.0, 279.0
250, 270.0, 280.0
251, 353.0, 280.0
252, 694.0, 280.0
253, 33.0, 281.0
254, 499.0, 281.0
255, 649.0, 281.0
256, 290.0, 282.0
257, 459.0, 282.0
258, 373.0, 283.0
259, 443.0, 283.0
260, 589.0, 283.0
261, 112.0, 284.0
262, 313.0, 284.0
263, 326.0, 284.0
264, 708.0, 284.0
265, 483.0, 285.0
266, 626.0, 285.0
267, 45.0, 286.0
268, 78.0, 286.0
269, 498.0, 286.0
270, 661.0, 287.0
271, 680.0, 287.0
272, 448.0, 289.0
273, 364.0, 290.0
274, 458.0, 290.0
275, 338.0, 292.0
276, 408.0, 292.0
277, 373.0, 293.0
278, 692.0, 293.0
279, 34.0, 294.0
280, 500.0, 294.0
281, 490.0, 295.0
282, 320.0, 297.0
283, 325.0, 298.0
284, 367.0, 298.0
285, 372.0, 298.0
286, 437.0, 298.0
287, 92.0, 299.0
288, 337.0, 300.0
289, 520.0, 300.0
290, 682.0, 301.0
291, 450.0, 302.0
292, 94.0, 304.0
293, 375.0, 304.0
294, 20.0, 306.0
295, 492.0, 306.0
296, 498.0, 307.0
297, 698.0, 310.0
298, 349.0, 311.0
299, 367.0, 312.0
300, 325.0, 315.0
301, 578.0, 318.0
302, 556.0, 323.0
303, 311.0, 325.0
304, 289.0, 329.0
305, 544.0, 329.0
306, 336.0, 333.0
307, 115.0, 336.0
308, 358.0, 336.0
309, 370.0, 336.0
310, 396.0, 339.0
311, 119.0, 343.0
312, 505.0, 345.0
313, 663.0, 348.0
314, 677.0, 350.0
315, 370.0, 352.0
316, 243.0, 358.0
317, 684.0, 358.0
318, 287.0, 362.0
319, 357.0, 364.0
320, 681.0, 367.0
321, 135.0, 369.0
322, 438.0, 371.0
323, 309.0, 372.0
324, 423.0, 380.0
325, 677.0, 382.0
326, 700.0, 383.0
327, 733.0, 383.0
328, 668.0, 384.0
329, 686.0, 384.0
330, 356.0, 385.0
331, 620.0, 386.0
332, 662.0, 386.0
333, 482.0, 387.0
334, 605.0, 387.0
335, 651.0, 388.0
336, 657.0, 388.0
337, 632.0, 393.0
338, 428.0, 395.0
339, 149.0, 397.0
340, 712.0, 399.0
341, 606.0, 401.0
342, 618.0, 401.0
343, 623.0, 401.0
344, 638.0, 401.0
345, 287.0, 402.0
346, 590.0, 402.0
347, 628.0, 402.0
348, 650.0, 402.0
349, 679.0, 403.0
350, 660.0, 405.0
351, 494.0, 407.0
352, 693.0, 408.0
353, 605.0, 411.0
354, 675.0, 411.0
355, 439.0, 412.0
356, 495.0, 412.0
357, 654.0, 414.0
358, 308.0, 415.0
359, 586.0, 415.0
360, 614.0, 415.0
361, 442.0, 417.0
362, 496.0, 417.0
363, 627.0, 419.0
364, 368.0, 422.0
365, 373.0, 422.0
366, 137.0, 424.0
367, 475.0, 425.0
368, 641.0, 425.0
369, 255.0, 429.0
370, 507.0, 431.0
371, 492.0, 434.0
372, 510.0, 436.0
373, 630.0, 436.0
374, 287.0, 437.0
375, 638.0, 439.0
376, 669.0, 440.0
377, 704.0, 440.0
378, 740.0, 440.0
379, 685.0, 442.0
380, 312.0, 443.0
381, 690.0, 445.0
382, 474.0, 446.0
383, 162.0, 448.0
384, 700.0, 451.0
385, 359.0, 452.0
386, 670.0, 452.0
387, 517.0, 453.0
388, 707.0, 456.0
389, 684.0, 457.0
390, 718.0, 458.0
391, 554.0, 459.0
392, 623.0, 459.0
393, 545.0, 460.0
394, 580.0, 460.0
395, 593.0, 460.0
396, 560.0, 461.0
397, 598.0, 461.0
398, 656.0, 461.0
399, 521.0, 462.0
400, 530.0, 463.0
401, 565.0, 463.0
402, 727.0, 465.0
403, 567.0, 468.0
404, 681.0, 468.0
405, 543.0, 469.0
406, 604.0, 469.0
407, 698.0, 469.0
408, 708.0, 469.0
409, 552.0, 471.0
410, 572.0, 471.0
411, 621.0, 471.0
412, 634.0, 471.0
413, 649.0, 471.0
