0, 388.0, 30.0
1, 402.0, 89.0
2, 358.0, 416.0
3, 375.0, 37.0
4, 390.0, 19.0
5, 271.0, 461.0
6, 431.0, 59.0
7, 416.0, 83.0
8, 369.0, 422.0
9, 467.0, 330.0
10, 471.0, 361.0
11, 489.0, 136.0
12, 370.0, 26.0
13, 421.0, 98.0
14, 607.0, 411.0
15, 376.0, 440.0
16, 473.0, 230.0
17, 528.0, 345.0
18, 250.0, 450.0
19, 654.0, 434.0
20, 357.0, 373.0
21, 466.0, 432.0
22, 488.0, 262.0
23, 410.0, 23.0
24, 128.0, 194.0
25, 456.0, 378.0
26, 615.0, 404.0
27, 232.0, 335.0
28, 454.0, 326.0
29, 486.0, 423.0
30, 230.0, 178.0
31, 571.0, 327.0
32, 249.0, 403.0
33, 458.0, 201.0
34, 354.0, 448.0
35, 460.0, 249.0
36, 125.0, 298.0
37, 441.0, 99.0
38, 233.0, 237.0
39, 540.0, 273.0
40, 364.0, 15.0
41, 284.0, 463.0
42, 482.0, 147.0
43, 485.0, 100.0
44, 455.0, 100.0
45, 97.0, 259.0
46, 159.0, 247.0
47, 233.0, 316.0
48, 196.0, 237.0
49, 533.0, 354.0
50, 560.0, 353.0
51, 240.0, 432.0
52, 497.0, 451.0
53, 484.0, 113.0
54, 170.0, 243.0
55, 482.0, 405.0
56, 81.0, 257.0
57, 488.0, 234.0
58, 213.0, 171.0
59, 481.0, 390.0
60, 28.0, 235.0
61, 108.0, 295.0
62, 480.0, 201.0
63, 494.0, 274.0
64, 82.0, 244.0
65, 97.0, 295.0
66, 616.0, 305.0
67, 224.0, 421.0
68, 567.0, 340.0
69, 662.0, 364.0
70, 20.0, 222.0
71, 483.0, 349.0
72, 157.0, 207.0
73, 363.0, 435.0
74, 193.0, 293.0
75, 97.0, 279.0
76, 455.0, 285.0
77, 400.0, 376.0
78, 270.0, 449.0
79, 453.0, 193.0
80, 450.0, 268.0
81, 566.0, 395.0
82, 704.0, 387.0
83, 380.0, 46.0
84, 224.0, 433.0
85, 482.0, 249.0
86, 572.0, 348.0
87, 455.0, 445.0
88, 364.0, 406.0
89, 350.0, 429.0
90, 212.0, 247.0
91, 472.0, 419.0
92, 472.0, 194.0
93, 231.0, 266.0
94, 513.0, 452.0
95, 623.0, 285.0
96, 444.0, 87.0
97, 274.0, 470.0
98, 402.0, 32.0
99, 104.0, 333.0
100, 111.0, 460.0
101, 431.0, 188.0
102, 187.0, 310.0
103, 364.0, 451.0
104, 698.0, 435.0
105, 11.0, 204.0
106, 412.0, 56.0
107, 87.0, 152.0
108, 408.0, 67.0
109, 93.0, 82.0
110, 11.0, 256.0
111, 127.0, 209.0
112, 434.0, 295.0
113, 340.0, 374.0
114, 349.0, 20.0
115, 171.0, 219.0
116, 249.0, 301.0
117, 503.0, 396.0
118, 524.0, 247.0
119, 468.0, 266.0
120, 341.0, 390.0
121, 58.0, 289.0
122, 489.0, 182.0
123, 104.0, 213.0
124, 544.0, 340.0
125, 538.0, 363.0
126, 431.0, 215.0
127, 423.0, 399.0
128, 597.0, 283.0
129, 659.0, 299.0
130, 194.0, 278.0
131, 464.0, 290.0
132, 650.0, 388.0
133, 712.0, 284.0
134, 428.0, 427.0
135, 638.0, 446.0
136, 142.0, 309.0
137, 681.0, 356.0
138, 686.0, 449.0
139, 61.0, 267.0
140, 250.0, 320.0
141, 405.0, 415.0
142, 56.0, 251.0
143, 593.0, 390.0
144, 378.0, 403.0
145, 510.0, 304.0
146, 416.0, 321.0
147, 274.0, 395.0
148, 668.0, 282.0
149, 233.0, 408.0
150, 424.0, 241.0
151, 597.0, 338.0
152, 504.0, 132.0
153, 420.0, 305.0
154, 676.0, 392.0
155, 540.0, 309.0
156, 140.0, 193.0
157, 513.0, 201.0
158, 568.0, 154.0
159, 155.0, 222.0
160, 118.0, 319.0
161, 645.0, 458.0
162, 592.0, 330.0
163, 391.0, 395.0
164, 98.0, 177.0
165, 425.0, 72.0
166, 621.0, 416.0
167, 198.0, 380.0
168, 645.0, 421.0
169, 519.0, 61.0
170, 513.0, 433.0
171, 77.0, 348.0
172, 79.0, 442.0
173, 69.0, 250.0
174, 378.0, 464.0
175, 524.0, 191.0
176, 453.0, 316.0
177, 94.0, 441.0
178, 447.0, 223.0
179, 632.0, 414.0
180, 716.0, 380.0
181, 204.0, 309.0
182, 328.0, 19.0
183, 245.0, 176.0
184, 717.0, 191.0
185, 471.0, 133.0
186, 215.0, 271.0
187, 616.0, 319.0
188, 549.0, 226.0
189, 702.0, 275.0
190, 407.0, 316.0
191, 107.0, 354.0
192, 420.0, 274.0
193, 436.0, 48.0
194, 460.0, 134.0
195, 526.0, 295.0
196, 588.0, 342.0
197, 490.0, 441.0
198, 557.0, 334.0
199, 52.0, 271.0
200, 422.0, 46.0
201, 510.0, 470.0
202, 231.0, 304.0
203, 656.0, 319.0
204, 606.0, 423.0
205, 243.0, 471.0
206, 170.0, 146.0
207, 401.0, 234.0
208, 414.0, 300.0
209, 563.0, 255.0
210, 22.0, 293.0
211, 359.0, 466.0
212, 402.0, 335.0
213, 137.0, 145.0
214, 103.0, 322.0
215, 362.0, 396.0
216, 232.0, 360.0
217, 661.0, 166.0
218, 727.0, 455.0
219, 246.0, 426.0
220, 587.0, 455.0
221, 603.0, 194.0
222, 431.0, 147.0
223, 645.0, 441.0
224, 501.0, 145.0
225, 510.0, 258.0
226, 107.0, 229.0
227, 378.0, 453.0
228, 611.0, 242.0
229, 580.0, 325.0
230, 397.0, 80.0
231, 508.0, 101.0
232, 405.0, 348.0
233, 421.0, 254.0
234, 65.0, 147.0
235, 344.0, 403.0
236, 546.0, 252.0
237, 432.0, 85.0
238, 464.0, 215.0
239, 190.0, 366.0
240, 200.0, 425.0
241, 366.0, 442.0
242, 520.0, 280.0
243, 349.0, 371.0
244, 508.0, 189.0
245, 34.0, 275.0
246, 212.0, 280.0
247, 359.0, 386.0
248, 350.0, 408.0
249, 550.0, 265.0
250, 398.0, 268.0
251, 230.0, 297.0
252, 541.0, 289.0
253, 150.0, 180.0
254, 527.0, 266.0
255, 120.0, 354.0
256, 356.0, 362.0
257, 392.0, 350.0
258, 607.0, 333.0
259, 143.0, 214.0
260, 470.0, 145.0
261, 408.0, 43.0
262, 193.0, 403.0
263, 239.0, 373.0
264, 472.0, 153.0
265, 342.0, 44.0
266, 237.0, 399.0
267, 348.0, 419.0
268, 503.0, 188.0
269, 147.0, 368.0
270, 433.0, 307.0
271, 90.0, 269.0
272, 79.0, 268.0
273, 95.0, 186.0
274, 88.0, 456.0
275, 407.0, 181.0
276, 602.0, 327.0
277, 95.0, 140.0
278, 498.0, 198.0
279, 157.0, 175.0
280, 483.0, 432.0
281, 223.0, 297.0
282, 121.0, 330.0
283, 421.0, 137.0
284, 414.0, 10.0
285, 14.0, 306.0
286, 572.0, 359.0
287, 668.0, 347.0
288, 235.0, 449.0
289, 250.0, 206.0
290, 156.0, 452.0
291, 433.0, 424.0
292, 249.0, 239.0
293, 372.0, 432.0
294, 395.0, 286.0
295, 103.0, 305.0
296, 228.0, 470.0
297, 98.0, 243.0
298, 589.0, 263.0
299, 65.0, 152.0
300, 741.0, 393.0
301, 254.0, 438.0
302, 582.0, 346.0
303, 100.0, 146.0
304, 94.0, 408.0
305, 699.0, 299.0
306, 241.0, 8.0
307, 70.0, 283.0
308, 464.0, 90.0
309, 392.0, 323.0
310, 253.0, 373.0
311, 565.0, 318.0
312, 123.0, 415.0
313, 106.0, 451.0
314, 605.0, 262.0
315, 604.0, 387.0
316, 505.0, 408.0
317, 690.0, 278.0
318, 487.0, 306.0
319, 540.0, 251.0
320, 737.0, 315.0
321, 285.0, 376.0
322, 231.0, 289.0
323, 624.0, 456.0
324, 262.0, 469.0
325, 230.0, 391.0
326, 592.0, 295.0
327, 503.0, 101.0
328, 441.0, 228.0
329, 238.0, 384.0
330, 522.0, 470.0
331, 436.0, 318.0
332, 392.0, 85.0
333, 427.0, 140.0
334, 420.0, 265.0
335, 121.0, 177.0
336, 495.0, 392.0
337, 100.0, 224.0
338, 58.0, 357.0
339, 439.0, 279.0
340, 316.0, 101.0
341, 578.0, 451.0
342, 338.0, 357.0
343, 251.0, 378.0
344, 356.0, 456.0
345, 498.0, 191.0
346, 612.0, 328.0
347, 634.0, 248.0
348, 489.0, 311.0
349, 466.0, 135.0
350, 493.0, 204.0
351, 77.0, 289.0
352, 391.0, 331.0
353, 23.0, 311.0
354, 349.0, 395.0
355, 125.0, 387.0
356, 402.0, 56.0
357, 455.0, 72.0
358, 355.0, 356.0
359, 339.0, 364.0
360, 683.0, 280.0
361, 585.0, 331.0
362, 118.0, 200.0
363, 666.0, 421.0
364, 404.0, 306.0
365, 67.0, 142.0
366, 445.0, 294.0
367, 399.0, 8.0
368, 31.0, 363.0
369, 359.0, 8.0
370, 487.0, 123.0
371, 409.0, 148.0
372, 414.0, 162.0
373, 415.0, 409.0
374, 422.0, 285.0
375, 425.0, 274.0
376, 190.0, 183.0
377, 119.0, 391.0
378, 512.0, 64.0
379, 455.0, 240.0
380, 522.0, 362.0
381, 416.0, 135.0
382, 155.0, 183.0
383, 497.0, 212.0
384, 184.0, 407.0
385, 422.0, 56.0
386, 137.0, 251.0
387, 236.0, 378.0
388, 478.0, 162.0
389, 223.0, 186.0
390, 115.0, 354.0
391, 8.0, 370.0
392, 435.0, 156.0
393, 485.0, 213.0
394, 71.0, 267.0
395, 171.0, 390.0
396, 700.0, 365.0
397, 609.0, 160.0
398, 119.0, 341.0
399, 385.0, 400.0
400, 210.0, 184.0
401, 734.0, 286.0
402, 477.0, 423.0
403, 108.0, 304.0
404, 619.0, 214.0
405, 349.0, 380.0
406, 397.0, 322.0
407, 532.0, 264.0
408, 87.0, 280.0
409, 586.0, 323.0
410, 258.0, 369.0
411, 9.0, 305.0
412, 245.0, 207.0
413, 14.0, 341.0
414, 132.0, 252.0
415, 488.0, 432.0
416, 373.0, 44.0
417, 568.0, 364.0
418, 439.0, 274.0
419, 591.0, 460.0
420, 17.0, 278.0
421, 444.0, 281.0
422, 288.0, 366.0
423, 177.0, 407.0
424, 502.0, 210.0
425, 101.0, 452.0
426, 486.0, 191.0
427, 589.0, 467.0
428, 533.0, 363.0
429, 148.0, 175.0
430, 599.0, 319.0
431, 202.0, 186.0
432, 249.0, 234.0
433, 327.0, 389.0
434, 92.0, 245.0
435, 391.0, 403.0
436, 105.0, 150.0
437, 606.0, 428.0
438, 412.0, 108.0
439, 174.0, 298.0
440, 425.0, 290.0
441, 660.0, 421.0
442, 552.0, 334.0
443, 127.0, 253.0
444, 438.0, 422.0
445, 554.0, 401.0
446, 498.0, 90.0
447, 516.0, 365.0
448, 724.0, 188.0
449, 92.0, 279.0
450, 195.0, 184.0
451, 579.0, 456.0
452, 82.0, 197.0
453, 703.0, 286.0
454, 101.0, 464.0
455, 488.0, 270.0
456, 499.0, 140.0
457, 119.0, 384.0
458, 113.0, 304.0
459, 163.0, 187.0
460, 237.0, 413.0
461, 12.0, 471.0
462, 532.0, 291.0
463, 526.0, 256.0
464, 664.0, 427.0
465, 477.0, 135.0
466, 320.0, 42.0
467, 116.0, 256.0
468, 206.0, 303.0
469, 624.0, 466.0
470, 584.0, 461.0
471, 130.0, 387.0
472, 378.0, 159.0
473, 226.0, 159.0
474, 459.0, 89.0
475, 450.0, 303.0
476, 497.0, 242.0
477, 559.0, 373.0
478, 105.0, 141.0
479, 736.0, 388.0
480, 558.0, 344.0
481, 410.0, 269.0
482, 422.0, 249.0
483, 211.0, 179.0
484, 596.0, 28.0
485, 588.0, 289.0
486, 607.0, 467.0
487, 150.0, 321.0
488, 418.0, 120.0
489, 521.0, 179.0
490, 61.0, 406.0
491, 340.0, 379.0
492, 695.0, 277.0
493, 126.0, 330.0
494, 629.0, 453.0
495, 143.0, 324.0
496, 481.0, 295.0
497, 142.0, 250.0
498, 205.0, 423.0
499, 29.0, 276.0
