0, 265.0, 11.0
1, 372.0, 24.0
2, 736.0, 24.0
3, 322.0, 30.0
4, 345.0, 33.0
5, 363.0, 36.0
6, 503.0, 36.0
7, 379.0, 40.0
8, 394.0, 41.0
9, 380.0, 45.0
10, 556.0, 47.0
11, 613.0, 47.0
12, 618.0, 48.0
13, 421.0, 52.0
14, 420.0, 57.0
15, 425.0, 57.0
16, 22.0, 67.0
17, 208.0, 71.0
18, 389.0, 82.0
19, 389.0, 87.0
20, 198.0, 97.0
21, 315.0, 97.0
22, 388.0, 98.0
23, 315.0, 102.0
24, 209.0, 105.0
25, 385.0, 121.0
26, 314.0, 123.0
27, 384.0, 126.0
28, 466.0, 127.0
29, 314.0, 128.0
30, 383.0, 132.0
31, 407.0, 132.0
32, 315.0, 136.0
33, 382.0, 137.0
34, 260.0, 143.0
35, 381.0, 145.0
36, 312.0, 149.0
37, 260.0, 152.0
38, 206.0, 153.0
39, 379.0, 159.0
40, 378.0, 166.0
41, 305.0, 169.0
42, 378.0, 171.0
43, 400.0, 174.0
44, 157.0, 175.0
45, 140.0, 177.0
46, 414.0, 177.0
47, 314.0, 179.0
48, 355.0, 181.0
49, 16.0, 182.0
50, 40.0, 183.0
51, 110.0, 183.0
52, 327.0, 183.0
53, 350.0, 183.0
54, 376.0, 185.0
55, 45.0, 186.0
56, 263.0, 186.0
57, 404.0, 186.0
58, 409.0, 187.0
59, 285.0, 188.0
60, 420.0, 188.0
61, 345.0, 189.0
62, 15.0, 190.0
63, 298.0, 190.0
64, 48.0, 191.0
65, 264.0, 191.0
66, 307.0, 193.0
67, 256.0, 194.0
68, 16.0, 195.0
69, 356.0, 196.0
70, 396.0, 196.0
71, 267.0, 197.0
72, 285.0, 197.0
73, 203.0, 198.0
74, 324.0, 198.0
75, 138.0, 199.0
76, 337.0, 199.0
77, 374.0, 199.0
78, 355.0, 201.0
79, 251.0, 202.0
80, 276.0, 202.0
81, 304.0, 204.0
82, 346.0, 204.0
83, 181.0, 205.0
84, 138.0, 206.0
85, 289.0, 206.0
86, 393.0, 206.0
87, 476.0, 206.0
88, 211.0, 207.0
89, 260.0, 207.0
90, 383.0, 207.0
91, 481.0, 207.0
92, 158.0, 209.0
93, 243.0, 211.0
94, 321.0, 211.0
95, 232.0, 212.0
96, 354.0, 212.0
97, 288.0, 213.0
98, 267.0, 214.0
99, 336.0, 214.0
100, 371.0, 214.0
101, 507.0, 214.0
102, 344.0, 216.0
103, 313.0, 219.0
104, 207.0, 220.0
105, 223.0, 220.0
106, 97.0, 221.0
107, 252.0, 221.0
108, 286.0, 221.0
109, 343.0, 221.0
110, 390.0, 222.0
111, 296.0, 223.0
112, 324.0, 223.0
113, 263.0, 226.0
114, 276.0, 226.0
115, 205.0, 228.0
116, 368.0, 229.0
117, 64.0, 231.0
118, 338.0, 231.0
119, 351.0, 231.0
120, 191.0, 232.0
121, 142.0, 233.0
122, 181.0, 233.0
123, 186.0, 233.0
124, 317.0, 234.0
125, 365.0, 234.0
126, 388.0, 234.0
127, 249.0, 235.0
128, 274.0, 235.0
129, 133.0, 236.0
130, 169.0, 237.0
131, 357.0, 239.0
132, 389.0, 239.0
133, 17.0, 240.0
134, 164.0, 240.0
135, 159.0, 241.0
136, 338.0, 242.0
137, 247.0, 243.0
138, 394.0, 243.0
139, 495.0, 245.0
140, 150.0, 247.0
141, 246.0, 248.0
142, 87.0, 250.0
143, 67.0, 253.0
144, 249.0, 253.0
145, 162.0, 254.0
146, 62.0, 255.0
147, 189.0, 259.0
148, 41.0, 261.0
149, 175.0, 262.0
150, 180.0, 262.0
151, 23.0, 266.0
152, 71.0, 266.0
153, 178.0, 272.0
154, 173.0, 274.0
155, 64.0, 276.0
156, 182.0, 277.0
157, 125.0, 278.0
158, 163.0, 278.0
159, 487.0, 278.0
160, 435.0, 280.0
161, 43.0, 281.0
162, 177.0, 281.0
163, 155.0, 282.0
164, 487.0, 283.0
165, 74.0, 286.0
166, 143.0, 287.0
167, 486.0, 290.0
168, 155.0, 292.0
169, 363.0, 292.0
170, 368.0, 294.0
171, 59.0, 295.0
172, 87.0, 296.0
173, 375.0, 296.0
174, 104.0, 297.0
175, 44.0, 298.0
176, 132.0, 299.0
177, 178.0, 301.0
178, 94.0, 304.0
179, 111.0, 304.0
180, 29.0, 305.0
181, 72.0, 305.0
182, 460.0, 305.0
183, 614.0, 306.0
184, 49.0, 310.0
185, 725.0, 310.0
186, 336.0, 311.0
187, 328.0, 312.0
188, 197.0, 314.0
189, 290.0, 314.0
190, 356.0, 314.0
191, 285.0, 315.0
192, 90.0, 316.0
193, 455.0, 316.0
194, 398.0, 320.0
195, 617.0, 320.0
196, 24.0, 321.0
197, 475.0, 325.0
198, 470.0, 327.0
199, 175.0, 328.0
200, 281.0, 328.0
201, 54.0, 329.0
202, 463.0, 329.0
203, 716.0, 329.0
204, 180.0, 330.0
205, 471.0, 332.0
206, 32.0, 336.0
207, 60.0, 338.0
208, 471.0, 338.0
209, 708.0, 342.0
210, 284.0, 346.0
211, 46.0, 347.0
212, 39.0, 349.0
213, 167.0, 351.0
214, 702.0, 352.0
215, 60.0, 354.0
216, 184.0, 355.0
217, 27.0, 356.0
218, 60.0, 359.0
219, 91.0, 361.0
220, 716.0, 361.0
221, 171.0, 365.0
222, 74.0, 369.0
223, 101.0, 369.0
224, 692.0, 369.0
225, 39.0, 373.0
226, 105.0, 379.0
227, 279.0, 380.0
228, 713.0, 382.0
229, 458.0, 383.0
230, 435.0, 384.0
231, 80.0, 395.0
232, 455.0, 395.0
233, 428.0, 396.0
234, 96.0, 397.0
235, 455.0, 400.0
236, 90.0, 403.0
237, 102.0, 406.0
238, 423.0, 409.0
239, 87.0, 414.0
240, 425.0, 414.0
241, 79.0, 416.0
242, 667.0, 417.0
243, 446.0, 427.0
244, 163.0, 429.0
245, 62.0, 432.0
246, 257.0, 432.0
247, 265.0, 436.0
248, 256.0, 437.0
249, 234.0, 439.0
250, 231.0, 444.0
251, 253.0, 448.0
252, 229.0, 449.0
253, 442.0, 456.0
254, 442.0, 463.0
255, 720.0, 464.0
256, 640.0, 468.0
257, 442.0, 469.0
258, 464.0, 469.0
259, 720.0, 469.0
