0, 415.0, 375.0
1, 409.0, 405.0
2, 515.0, 337.0
3, 239.0, 311.0
4, 266.0, 244.0
5, 337.0, 356.0
6, 424.0, 390.0
7, 333.0, 256.0
8, 98.0, 359.0
9, 590.0, 217.0
10, 222.0, 258.0
11, 343.0, 398.0
12, 192.0, 366.0
13, 123.0, 379.0
14, 478.0, 390.0
15, 266.0, 256.0
16, 333.0, 274.0
17, 565.0, 255.0
18, 247.0, 227.0
19, 551.0, 359.0
20, 234.0, 225.0
21, 273.0, 306.0
22, 92.0, 316.0
23, 108.0, 333.0
24, 370.0, 345.0
25, 455.0, 467.0
26, 553.0, 206.0
27, 620.0, 229.0
28, 249.0, 302.0
29, 264.0, 336.0
30, 226.0, 271.0
31, 298.0, 287.0
32, 580.0, 247.0
33, 413.0, 300.0
34, 273.0, 215.0
35, 226.0, 326.0
36, 250.0, 313.0
37, 554.0, 247.0
38, 363.0, 430.0
39, 219.0, 312.0
40, 558.0, 275.0
41, 414.0, 329.0
42, 389.0, 338.0
43, 51.0, 197.0
44, 125.0, 248.0
45, 260.0, 279.0
46, 279.0, 344.0
47, 433.0, 406.0
48, 238.0, 298.0
49, 117.0, 340.0
50, 263.0, 304.0
51, 285.0, 273.0
52, 555.0, 224.0
53, 126.0, 277.0
54, 196.0, 345.0
55, 566.0, 64.0
56, 574.0, 226.0
57, 103.0, 384.0
58, 401.0, 386.0
59, 332.0, 419.0
60, 341.0, 377.0
61, 537.0, 391.0
62, 236.0, 285.0
63, 35.0, 262.0
64, 297.0, 275.0
65, 109.0, 373.0
66, 59.0, 384.0
67, 136.0, 383.0
68, 395.0, 317.0
69, 32.0, 362.0
70, 243.0, 274.0
71, 331.0, 398.0
72, 242.0, 213.0
73, 416.0, 454.0
74, 438.0, 423.0
75, 295.0, 357.0
76, 443.0, 392.0
77, 292.0, 87.0
78, 288.0, 219.0
79, 103.0, 320.0
80, 580.0, 269.0
81, 133.0, 233.0
82, 432.0, 396.0
83, 570.0, 266.0
84, 83.0, 113.0
85, 489.0, 342.0
86, 669.0, 415.0
87, 306.0, 346.0
88, 527.0, 29.0
89, 113.0, 318.0
90, 177.0, 234.0
91, 99.0, 207.0
92, 426.0, 381.0
93, 526.0, 311.0
94, 264.0, 230.0
95, 305.0, 319.0
96, 57.0, 334.0
97, 109.0, 144.0
98, 346.0, 428.0
99, 342.0, 462.0
100, 290.0, 157.0
101, 323.0, 315.0
102, 356.0, 395.0
103, 88.0, 291.0
104, 17.0, 283.0
105, 435.0, 465.0
106, 516.0, 167.0
107, 434.0, 415.0
108, 538.0, 53.0
109, 279.0, 245.0
110, 284.0, 254.0
111, 331.0, 440.0
112, 18.0, 345.0
113, 246.0, 262.0
114, 60.0, 262.0
115, 538.0, 455.0
116, 547.0, 260.0
117, 495.0, 379.0
118, 338.0, 390.0
119, 353.0, 433.0
120, 677.0, 399.0
121, 81.0, 206.0
122, 437.0, 455.0
123, 96.0, 400.0
124, 88.0, 233.0
125, 412.0, 428.0
126, 15.0, 162.0
127, 222.0, 241.0
128, 402.0, 299.0
129, 398.0, 442.0
130, 577.0, 450.0
131, 506.0, 296.0
132, 265.0, 348.0
133, 702.0, 151.0
134, 568.0, 291.0
135, 194.0, 150.0
136, 372.0, 404.0
137, 322.0, 241.0
138, 274.0, 320.0
139, 560.0, 104.0
140, 152.0, 389.0
141, 529.0, 325.0
142, 312.0, 278.0
143, 293.0, 428.0
144, 617.0, 250.0
145, 569.0, 51.0
146, 179.0, 249.0
147, 93.0, 223.0
148, 130.0, 21.0
149, 695.0, 175.0
150, 112.0, 20.0
151, 308.0, 422.0
152, 389.0, 408.0
153, 77.0, 224.0
154, 64.0, 291.0
155, 388.0, 355.0
156, 176.0, 428.0
157, 620.0, 13.0
158, 279.0, 260.0
159, 179.0, 436.0
160, 546.0, 65.0
161, 644.0, 373.0
162, 560.0, 189.0
163, 563.0, 209.0
164, 116.0, 9.0
165, 128.0, 205.0
166, 263.0, 322.0
167, 427.0, 362.0
168, 40.0, 187.0
169, 671.0, 16.0
170, 652.0, 405.0
171, 131.0, 350.0
172, 562.0, 235.0
173, 387.0, 450.0
174, 117.0, 143.0
175, 333.0, 242.0
176, 550.0, 30.0
177, 527.0, 342.0
178, 564.0, 30.0
179, 26.0, 404.0
180, 119.0, 233.0
181, 496.0, 393.0
182, 125.0, 268.0
183, 536.0, 66.0
184, 257.0, 213.0
185, 370.0, 395.0
186, 279.0, 282.0
187, 239.0, 329.0
188, 143.0, 273.0
189, 287.0, 380.0
190, 231.0, 216.0
191, 170.0, 274.0
192, 490.0, 136.0
193, 514.0, 359.0
194, 306.0, 237.0
195, 151.0, 360.0
196, 392.0, 329.0
197, 271.0, 271.0
198, 46.0, 332.0
199, 338.0, 325.0
200, 354.0, 323.0
201, 116.0, 289.0
202, 11.0, 414.0
203, 141.0, 346.0
204, 350.0, 230.0
205, 45.0, 272.0
206, 507.0, 410.0
207, 36.0, 383.0
208, 161.0, 310.0
209, 322.0, 456.0
210, 79.0, 322.0
211, 231.0, 316.0
212, 264.0, 158.0
213, 437.0, 383.0
214, 280.0, 440.0
215, 327.0, 282.0
216, 532.0, 376.0
217, 517.0, 325.0
218, 143.0, 393.0
219, 252.0, 336.0
220, 151.0, 377.0
221, 108.0, 349.0
222, 116.0, 207.0
223, 107.0, 78.0
224, 570.0, 429.0
225, 461.0, 359.0
226, 444.0, 417.0
227, 608.0, 198.0
228, 671.0, 378.0
229, 330.0, 297.0
230, 549.0, 52.0
231, 504.0, 366.0
232, 556.0, 446.0
233, 225.0, 166.0
234, 97.0, 288.0
235, 525.0, 291.0
236, 403.0, 369.0
237, 630.0, 391.0
238, 615.0, 393.0
239, 403.0, 281.0
240, 400.0, 173.0
241, 308.0, 334.0
242, 221.0, 221.0
243, 488.0, 415.0
244, 563.0, 80.0
245, 530.0, 104.0
246, 692.0, 418.0
247, 248.0, 352.0
248, 20.0, 151.0
249, 454.0, 433.0
250, 115.0, 261.0
251, 369.0, 447.0
252, 642.0, 429.0
253, 166.0, 152.0
254, 319.0, 297.0
255, 438.0, 134.0
256, 357.0, 411.0
257, 295.0, 236.0
258, 223.0, 149.0
259, 120.0, 357.0
260, 448.0, 440.0
261, 629.0, 372.0
262, 559.0, 409.0
263, 186.0, 407.0
264, 142.0, 241.0
265, 634.0, 162.0
266, 103.0, 114.0
267, 331.0, 388.0
268, 152.0, 459.0
269, 465.0, 411.0
270, 491.0, 360.0
271, 426.0, 444.0
272, 421.0, 266.0
273, 469.0, 395.0
274, 511.0, 317.0
275, 448.0, 411.0
276, 435.0, 335.0
277, 609.0, 445.0
278, 500.0, 284.0
279, 185.0, 334.0
280, 135.0, 213.0
281, 384.0, 367.0
282, 127.0, 370.0
283, 206.0, 325.0
284, 440.0, 118.0
285, 493.0, 106.0
286, 528.0, 279.0
287, 310.0, 444.0
288, 360.0, 356.0
289, 312.0, 360.0
290, 299.0, 303.0
291, 382.0, 403.0
292, 397.0, 412.0
293, 541.0, 173.0
294, 296.0, 410.0
295, 304.0, 249.0
296, 232.0, 370.0
297, 103.0, 302.0
298, 214.0, 209.0
299, 226.0, 290.0
300, 306.0, 269.0
301, 168.0, 293.0
302, 511.0, 469.0
303, 561.0, 464.0
304, 428.0, 283.0
305, 299.0, 220.0
306, 639.0, 411.0
307, 330.0, 376.0
308, 186.0, 310.0
309, 673.0, 62.0
310, 56.0, 209.0
311, 374.0, 319.0
312, 542.0, 101.0
313, 435.0, 166.0
314, 316.0, 229.0
315, 659.0, 380.0
316, 122.0, 404.0
317, 45.0, 406.0
318, 345.0, 273.0
319, 700.0, 445.0
320, 58.0, 285.0
321, 437.0, 351.0
322, 269.0, 406.0
323, 110.0, 113.0
324, 312.0, 215.0
325, 444.0, 405.0
326, 72.0, 299.0
327, 65.0, 251.0
328, 258.0, 265.0
329, 576.0, 349.0
330, 543.0, 80.0
331, 308.0, 379.0
332, 331.0, 368.0
333, 57.0, 394.0
334, 233.0, 460.0
335, 636.0, 152.0
336, 291.0, 319.0
337, 673.0, 136.0
338, 334.0, 232.0
339, 405.0, 267.0
340, 418.0, 344.0
341, 665.0, 443.0
342, 520.0, 376.0
343, 415.0, 392.0
344, 427.0, 217.0
345, 507.0, 448.0
346, 538.0, 30.0
347, 281.0, 88.0
348, 733.0, 296.0
349, 443.0, 27.0
350, 185.0, 262.0
351, 109.0, 276.0
352, 544.0, 140.0
353, 109.0, 212.0
354, 405.0, 396.0
355, 127.0, 317.0
356, 107.0, 290.0
357, 339.0, 186.0
358, 133.0, 259.0
359, 555.0, 398.0
360, 86.0, 275.0
361, 658.0, 223.0
362, 560.0, 337.0
363, 349.0, 387.0
364, 324.0, 405.0
365, 549.0, 427.0
366, 398.0, 434.0
367, 486.0, 167.0
368, 53.0, 234.0
369, 313.0, 371.0
370, 518.0, 284.0
371, 56.0, 186.0
372, 438.0, 106.0
373, 176.0, 286.0
374, 367.0, 417.0
375, 685.0, 208.0
376, 282.0, 316.0
377, 332.0, 429.0
378, 190.0, 414.0
379, 559.0, 454.0
380, 106.0, 240.0
381, 100.0, 78.0
382, 34.0, 312.0
383, 485.0, 455.0
384, 544.0, 369.0
385, 404.0, 468.0
386, 358.0, 333.0
387, 16.0, 245.0
388, 580.0, 326.0
389, 614.0, 415.0
390, 148.0, 297.0
391, 322.0, 437.0
392, 734.0, 33.0
393, 383.0, 283.0
394, 123.0, 330.0
395, 516.0, 369.0
396, 356.0, 312.0
397, 633.0, 255.0
398, 525.0, 286.0
399, 600.0, 14.0
400, 72.0, 401.0
401, 586.0, 460.0
402, 699.0, 27.0
403, 307.0, 215.0
404, 415.0, 469.0
405, 154.0, 285.0
406, 79.0, 304.0
407, 153.0, 297.0
408, 375.0, 273.0
409, 356.0, 421.0
410, 91.0, 242.0
411, 25.0, 471.0
412, 416.0, 399.0
413, 30.0, 188.0
414, 284.0, 328.0
415, 379.0, 328.0
416, 503.0, 429.0
417, 12.0, 325.0
418, 437.0, 346.0
419, 471.0, 431.0
420, 238.0, 99.0
421, 237.0, 263.0
422, 197.0, 177.0
423, 363.0, 386.0
424, 327.0, 346.0
425, 45.0, 242.0
426, 378.0, 428.0
427, 273.0, 239.0
428, 551.0, 377.0
429, 428.0, 343.0
430, 425.0, 464.0
431, 282.0, 234.0
432, 669.0, 144.0
433, 319.0, 186.0
434, 660.0, 289.0
435, 15.0, 368.0
436, 610.0, 322.0
437, 641.0, 361.0
438, 294.0, 336.0
439, 377.0, 417.0
440, 115.0, 301.0
441, 328.0, 334.0
442, 457.0, 399.0
443, 462.0, 449.0
444, 139.0, 291.0
445, 331.0, 407.0
446, 410.0, 418.0
447, 314.0, 408.0
448, 536.0, 345.0
449, 437.0, 152.0
450, 435.0, 366.0
451, 210.0, 270.0
452, 192.0, 419.0
453, 89.0, 301.0
454, 452.0, 396.0
455, 299.0, 440.0
456, 418.0, 412.0
457, 533.0, 428.0
458, 131.0, 407.0
459, 730.0, 76.0
460, 40.0, 344.0
461, 218.0, 277.0
462, 109.0, 218.0
463, 302.0, 430.0
464, 174.0, 208.0
465, 360.0, 405.0
466, 277.0, 228.0
467, 366.0, 316.0
468, 687.0, 244.0
469, 497.0, 447.0
470, 641.0, 223.0
471, 263.0, 267.0
472, 310.0, 145.0
473, 37.0, 352.0
474, 294.0, 250.0
475, 494.0, 471.0
476, 21.0, 355.0
477, 192.0, 336.0
478, 541.0, 401.0
479, 344.0, 262.0
480, 276.0, 223.0
481, 382.0, 438.0
482, 356.0, 304.0
483, 680.0, 384.0
484, 56.0, 290.0
485, 156.0, 54.0
486, 487.0, 156.0
487, 408.0, 457.0
488, 373.0, 429.0
489, 198.0, 269.0
490, 20.0, 268.0
491, 743.0, 343.0
492, 108.0, 231.0
493, 302.0, 155.0
494, 710.0, 191.0
495, 326.0, 466.0
496, 491.0, 353.0
497, 700.0, 265.0
498, 478.0, 422.0
499, 301.0, 237.0
