0, 295.0, 10.0
1, 297.0, 16.0
2, 161.0, 31.0
3, 704.0, 56.0
4, 671.0, 60.0
5, 246.0, 67.0
6, 300.0, 70.0
7, 687.0, 70.0
8, 653.0, 73.0
9, 689.0, 75.0
10, 695.0, 81.0
11, 680.0, 83.0
12, 667.0, 86.0
13, 671.0, 92.0
14, 395.0, 94.0
15, 102.0, 97.0
16, 677.0, 97.0
17, 121.0, 98.0
18, 353.0, 99.0
19, 261.0, 101.0
20, 321.0, 101.0
21, 301.0, 102.0
22, 107.0, 109.0
23, 123.0, 109.0
24, 404.0, 121.0
25, 126.0, 125.0
26, 110.0, 127.0
27, 302.0, 135.0
28, 315.0, 139.0
29, 444.0, 144.0
30, 278.0, 146.0
31, 623.0, 163.0
32, 353.0, 166.0
33, 326.0, 177.0
34, 179.0, 178.0
35, 304.0, 178.0
36, 442.0, 178.0
37, 344.0, 179.0
38, 376.0, 179.0
39, 346.0, 184.0
40, 361.0, 185.0
41, 403.0, 188.0
42, 232.0, 191.0
43, 267.0, 193.0
44, 633.0, 193.0
45, 619.0, 194.0
46, 370.0, 196.0
47, 234.0, 208.0
48, 306.0, 213.0
49, 371.0, 215.0
50, 275.0, 225.0
51, 378.0, 231.0
52, 378.0, 236.0
53, 519.0, 239.0
54, 308.0, 240.0
55, 608.0, 242.0
56, 580.0, 243.0
57, 593.0, 244.0
58, 309.0, 245.0
59, 150.0, 253.0
60, 237.0, 256.0
61, 379.0, 258.0
62, 621.0, 258.0
63, 136.0, 259.0
64, 311.0, 264.0
65, 402.0, 266.0
66, 312.0, 271.0
67, 379.0, 271.0
68, 460.0, 273.0
69, 728.0, 274.0
70, 312.0, 276.0
71, 379.0, 277.0
72, 603.0, 279.0
73, 614.0, 280.0
74, 379.0, 282.0
75, 313.0, 287.0
76, 313.0, 292.0
77, 375.0, 293.0
78, 492.0, 293.0
79, 532.0, 294.0
80, 379.0, 302.0
81, 380.0, 307.0
82, 401.0, 307.0
83, 374.0, 308.0
84, 479.0, 309.0
85, 313.0, 310.0
86, 402.0, 312.0
87, 507.0, 312.0
88, 493.0, 316.0
89, 402.0, 317.0
90, 533.0, 317.0
91, 357.0, 321.0
92, 380.0, 321.0
93, 375.0, 322.0
94, 572.0, 322.0
95, 425.0, 323.0
96, 405.0, 324.0
97, 420.0, 324.0
98, 299.0, 325.0
99, 324.0, 326.0
100, 410.0, 327.0
101, 596.0, 327.0
102, 724.0, 327.0
103, 403.0, 330.0
104, 312.0, 331.0
105, 735.0, 331.0
106, 252.0, 333.0
107, 359.0, 333.0
108, 327.0, 335.0
109, 380.0, 335.0
110, 475.0, 337.0
111, 342.0, 338.0
112, 359.0, 338.0
113, 298.0, 341.0
114, 400.0, 341.0
115, 307.0, 342.0
116, 359.0, 343.0
117, 278.0, 345.0
118, 390.0, 345.0
119, 734.0, 346.0
120, 739.0, 347.0
121, 359.0, 348.0
122, 336.0, 349.0
123, 216.0, 351.0
124, 247.0, 351.0
125, 379.0, 351.0
126, 347.0, 352.0
127, 283.0, 353.0
128, 306.0, 354.0
129, 360.0, 354.0
130, 390.0, 354.0
131, 399.0, 357.0
132, 264.0, 359.0
133, 360.0, 359.0
134, 377.0, 359.0
135, 168.0, 360.0
136, 322.0, 360.0
137, 239.0, 362.0
138, 337.0, 363.0
139, 273.0, 364.0
140, 346.0, 364.0
141, 378.0, 364.0
142, 241.0, 367.0
143, 401.0, 367.0
144, 154.0, 370.0
145, 316.0, 370.0
146, 344.0, 370.0
147, 246.0, 372.0
148, 257.0, 372.0
149, 360.0, 372.0
150, 300.0, 373.0
151, 327.0, 373.0
152, 374.0, 374.0
153, 266.0, 375.0
154, 388.0, 375.0
155, 366.0, 379.0
156, 322.0, 383.0
157, 411.0, 383.0
158, 158.0, 384.0
159, 170.0, 386.0
160, 265.0, 387.0
161, 250.0, 389.0
162, 344.0, 390.0
163, 245.0, 391.0
164, 170.0, 392.0
165, 159.0, 393.0
166, 368.0, 394.0
167, 275.0, 395.0
168, 226.0, 396.0
169, 238.0, 398.0
170, 310.0, 398.0
171, 170.0, 400.0
172, 249.0, 403.0
173, 160.0, 404.0
174, 471.0, 405.0
175, 471.0, 410.0
176, 188.0, 411.0
177, 224.0, 411.0
178, 242.0, 412.0
179, 219.0, 414.0
180, 172.0, 415.0
181, 212.0, 415.0
182, 272.0, 416.0
183, 288.0, 416.0
184, 471.0, 416.0
185, 308.0, 417.0
186, 204.0, 418.0
187, 167.0, 420.0
188, 199.0, 420.0
189, 194.0, 422.0
190, 187.0, 424.0
191, 165.0, 425.0
192, 240.0, 425.0
193, 108.0, 426.0
194, 244.0, 430.0
195, 177.0, 434.0
196, 228.0, 436.0
197, 458.0, 437.0
198, 446.0, 439.0
199, 98.0, 441.0
200, 218.0, 445.0
201, 461.0, 445.0
202, 166.0, 447.0
203, 213.0, 448.0
204, 449.0, 449.0
205, 161.0, 450.0
206, 155.0, 454.0
207, 205.0, 456.0
208, 453.0, 459.0
209, 52.0, 460.0
210, 200.0, 461.0
211, 142.0, 464.0
212, 194.0, 467.0
213, 189.0, 471.0
214, 456.0, 471.0
