0, 416.0, 8.0
1, 480.0, 8.0
2, 108.0, 11.0
3, 559.0, 15.0
4, 482.0, 19.0
5, 272.0, 43.0
6, 89.0, 50.0
7, 105.0, 51.0
8, 107.0, 56.0
9, 107.0, 61.0
10, 316.0, 63.0
11, 91.0, 66.0
12, 224.0, 67.0
13, 241.0, 67.0
14, 102.0, 68.0
15, 233.0, 73.0
16, 417.0, 77.0
17, 233.0, 78.0
18, 239.0, 80.0
19, 226.0, 81.0
20, 250.0, 84.0
21, 232.0, 88.0
22, 547.0, 88.0
23, 416.0, 93.0
24, 227.0, 98.0
25, 243.0, 98.0
26, 110.0, 119.0
27, 236.0, 130.0
28, 592.0, 141.0
29, 531.0, 144.0
30, 608.0, 144.0
31, 561.0, 147.0
32, 586.0, 148.0
33, 201.0, 149.0
34, 599.0, 149.0
35, 100.0, 150.0
36, 114.0, 151.0
37, 499.0, 151.0
38, 525.0, 153.0
39, 467.0, 156.0
40, 612.0, 156.0
41, 542.0, 157.0
42, 588.0, 160.0
43, 601.0, 161.0
44, 540.0, 162.0
45, 532.0, 163.0
46, 616.0, 164.0
47, 215.0, 165.0
48, 204.0, 166.0
49, 534.0, 168.0
50, 605.0, 169.0
51, 504.0, 171.0
52, 534.0, 173.0
53, 545.0, 175.0
54, 570.0, 175.0
55, 583.0, 175.0
56, 596.0, 175.0
57, 610.0, 175.0
58, 525.0, 178.0
59, 467.0, 180.0
60, 541.0, 180.0
61, 338.0, 181.0
62, 452.0, 182.0
63, 440.0, 183.0
64, 613.0, 183.0
65, 599.0, 185.0
66, 14.0, 186.0
67, 503.0, 188.0
68, 560.0, 189.0
69, 580.0, 189.0
70, 516.0, 190.0
71, 536.0, 191.0
72, 605.0, 192.0
73, 550.0, 193.0
74, 597.0, 195.0
75, 117.0, 197.0
76, 16.0, 198.0
77, 633.0, 201.0
78, 11.0, 206.0
79, 203.0, 206.0
80, 212.0, 206.0
81, 222.0, 206.0
82, 611.0, 208.0
83, 506.0, 210.0
84, 372.0, 218.0
85, 559.0, 221.0
86, 587.0, 221.0
87, 616.0, 221.0
88, 628.0, 221.0
89, 335.0, 223.0
90, 553.0, 223.0
91, 316.0, 224.0
92, 107.0, 225.0
93, 114.0, 225.0
94, 743.0, 225.0
95, 119.0, 226.0
96, 358.0, 226.0
97, 378.0, 227.0
98, 561.0, 228.0
99, 633.0, 229.0
100, 380.0, 232.0
101, 188.0, 234.0
102, 271.0, 235.0
103, 303.0, 236.0
104, 313.0, 236.0
105, 337.0, 236.0
106, 326.0, 237.0
107, 360.0, 237.0
108, 383.0, 238.0
109, 623.0, 238.0
110, 108.0, 242.0
111, 120.0, 243.0
112, 566.0, 245.0
113, 276.0, 247.0
114, 120.0, 248.0
115, 505.0, 249.0
116, 41.0, 250.0
117, 412.0, 250.0
118, 329.0, 251.0
119, 344.0, 252.0
120, 363.0, 252.0
121, 368.0, 252.0
122, 293.0, 253.0
123, 105.0, 254.0
124, 119.0, 255.0
125, 157.0, 255.0
126, 189.0, 256.0
127, 210.0, 256.0
128, 170.0, 257.0
129, 255.0, 258.0
130, 622.0, 258.0
131, 233.0, 259.0
132, 363.0, 259.0
133, 411.0, 259.0
134, 658.0, 259.0
135, 246.0, 260.0
136, 443.0, 260.0
137, 641.0, 261.0
138, 290.0, 262.0
139, 313.0, 262.0
140, 385.0, 262.0
141, 279.0, 263.0
142, 326.0, 263.0
143, 345.0, 263.0
144, 430.0, 263.0
145, 650.0, 263.0
146, 355.0, 264.0
147, 366.0, 264.0
148, 42.0, 265.0
149, 54.0, 265.0
150, 123.0, 266.0
151, 67.0, 268.0
152, 90.0, 268.0
153, 105.0, 268.0
154, 137.0, 268.0
155, 355.0, 269.0
156, 665.0, 269.0
157, 25.0, 271.0
158, 129.0, 272.0
159, 573.0, 273.0
160, 345.0, 274.0
161, 350.0, 274.0
162, 258.0, 275.0
163, 312.0, 275.0
164, 329.0, 275.0
165, 607.0, 275.0
166, 281.0, 276.0
167, 307.0, 276.0
168, 618.0, 276.0
169, 628.0, 276.0
170, 363.0, 277.0
171, 639.0, 277.0
172, 652.0, 277.0
173, 568.0, 278.0
174, 282.0, 281.0
175, 354.0, 281.0
176, 42.0, 282.0
177, 56.0, 282.0
178, 330.0, 282.0
179, 359.0, 282.0
180, 27.0, 283.0
181, 436.0, 283.0
182, 577.0, 283.0
183, 608.0, 283.0
184, 664.0, 283.0
185, 431.0, 284.0
186, 371.0, 285.0
187, 284.0, 286.0
188, 658.0, 286.0
189, 303.0, 287.0
190, 322.0, 288.0
191, 60.0, 289.0
192, 70.0, 289.0
193, 29.0, 290.0
194, 41.0, 291.0
195, 360.0, 292.0
196, 104.0, 294.0
197, 646.0, 294.0
198, 202.0, 295.0
199, 664.0, 295.0
200, 63.0, 296.0
201, 331.0, 296.0
202, 428.0, 297.0
203, 363.0, 298.0
204, 438.0, 298.0
205, 582.0, 298.0
206, 55.0, 300.0
207, 118.0, 300.0
208, 47.0, 301.0
209, 73.0, 302.0
210, 92.0, 302.0
211, 322.0, 302.0
212, 356.0, 304.0
213, 383.0, 304.0
214, 199.0, 306.0
215, 218.0, 306.0
216, 226.0, 306.0
217, 288.0, 307.0
218, 128.0, 308.0
219, 646.0, 308.0
220, 50.0, 310.0
221, 77.0, 311.0
222, 213.0, 311.0
223, 311.0, 311.0
224, 651.0, 311.0
225, 108.0, 312.0
226, 325.0, 312.0
227, 357.0, 313.0
228, 362.0, 314.0
229, 70.0, 315.0
230, 212.0, 316.0
231, 232.0, 316.0
232, 426.0, 318.0
233, 91.0, 319.0
234, 69.0, 320.0
235, 186.0, 321.0
236, 687.0, 324.0
237, 228.0, 325.0
238, 335.0, 328.0
239, 220.0, 329.0
240, 691.0, 329.0
241, 234.0, 330.0
242, 181.0, 332.0
243, 186.0, 332.0
244, 384.0, 334.0
245, 707.0, 335.0
246, 593.0, 338.0
247, 604.0, 338.0
248, 220.0, 339.0
249, 632.0, 340.0
250, 695.0, 341.0
251, 655.0, 342.0
252, 594.0, 343.0
253, 669.0, 343.0
254, 705.0, 344.0
255, 580.0, 345.0
256, 187.0, 346.0
257, 683.0, 346.0
258, 715.0, 346.0
259, 215.0, 348.0
260, 733.0, 349.0
261, 597.0, 351.0
262, 227.0, 352.0
263, 615.0, 352.0
264, 641.0, 353.0
265, 715.0, 353.0
266, 690.0, 355.0
267, 215.0, 360.0
268, 669.0, 360.0
269, 328.0, 361.0
270, 678.0, 362.0
271, 660.0, 366.0
272, 736.0, 366.0
273, 720.0, 369.0
274, 304.0, 373.0
275, 632.0, 374.0
276, 292.0, 378.0
277, 582.0, 378.0
278, 713.0, 381.0
279, 285.0, 384.0
280, 627.0, 388.0
281, 283.0, 390.0
282, 675.0, 392.0
283, 736.0, 392.0
284, 288.0, 393.0
285, 254.0, 396.0
286, 419.0, 396.0
287, 229.0, 400.0
288, 216.0, 403.0
289, 418.0, 405.0
290, 681.0, 408.0
291, 417.0, 410.0
292, 591.0, 411.0
293, 11.0, 412.0
294, 614.0, 414.0
295, 726.0, 414.0
296, 367.0, 416.0
297, 592.0, 417.0
298, 352.0, 418.0
299, 600.0, 418.0
300, 628.0, 418.0
301, 213.0, 419.0
302, 584.0, 419.0
303, 342.0, 421.0
304, 329.0, 422.0
305, 669.0, 422.0
306, 213.0, 424.0
307, 687.0, 424.0
308, 311.0, 425.0
309, 705.0, 425.0
310, 603.0, 426.0
311, 633.0, 428.0
312, 213.0, 429.0
313, 377.0, 429.0
314, 643.0, 429.0
315, 284.0, 431.0
316, 604.0, 431.0
317, 697.0, 432.0
318, 26.0, 434.0
319, 597.0, 434.0
320, 719.0, 434.0
321, 251.0, 435.0
322, 379.0, 435.0
323, 605.0, 436.0
324, 632.0, 436.0
325, 622.0, 437.0
326, 642.0, 437.0
327, 232.0, 439.0
328, 725.0, 439.0
329, 730.0, 439.0
330, 211.0, 440.0
331, 379.0, 440.0
332, 208.0, 446.0
333, 626.0, 447.0
334, 655.0, 447.0
335, 708.0, 447.0
336, 572.0, 448.0
337, 600.0, 448.0
338, 637.0, 449.0
339, 207.0, 451.0
340, 670.0, 451.0
341, 627.0, 452.0
342, 699.0, 455.0
343, 611.0, 456.0
344, 628.0, 457.0
345, 651.0, 457.0
346, 386.0, 459.0
347, 580.0, 459.0
348, 569.0, 461.0
349, 682.0, 461.0
350, 207.0, 464.0
351, 631.0, 464.0
352, 359.0, 466.0
353, 364.0, 466.0
354, 596.0, 466.0
355, 653.0, 468.0
356, 632.0, 469.0
357, 680.0, 470.0
358, 412.0, 471.0
359, 576.0, 471.0
360, 588.0, 471.0
