0, 230.0, 8.0
1, 386.0, 8.0
2, 420.0, 8.0
3, 707.0, 8.0
4, 242.0, 9.0
5, 411.0, 9.0
6, 402.0, 10.0
7, 493.0, 11.0
8, 46.0, 15.0
9, 405.0, 17.0
10, 410.0, 21.0
11, 402.0, 37.0
12, 418.0, 57.0
13, 60.0, 80.0
14, 87.0, 82.0
15, 412.0, 84.0
16, 60.0, 88.0
17, 467.0, 96.0
18, 681.0, 102.0
19, 479.0, 106.0
20, 61.0, 117.0
21, 130.0, 117.0
22, 30.0, 119.0
23, 363.0, 122.0
24, 237.0, 123.0
25, 252.0, 123.0
26, 29.0, 124.0
27, 96.0, 127.0
28, 74.0, 128.0
29, 85.0, 128.0
30, 394.0, 129.0
31, 520.0, 130.0
32, 70.0, 133.0
33, 102.0, 133.0
34, 31.0, 134.0
35, 377.0, 136.0
36, 75.0, 137.0
37, 94.0, 137.0
38, 364.0, 138.0
39, 457.0, 139.0
40, 104.0, 144.0
41, 73.0, 145.0
42, 253.0, 145.0
43, 36.0, 152.0
44, 8.0, 154.0
45, 366.0, 154.0
46, 552.0, 156.0
47, 561.0, 156.0
48, 253.0, 158.0
49, 104.0, 160.0
50, 80.0, 161.0
51, 92.0, 161.0
52, 140.0, 170.0
53, 41.0, 173.0
54, 56.0, 173.0
55, 692.0, 176.0
56, 16.0, 179.0
57, 618.0, 179.0
58, 31.0, 180.0
59, 73.0, 180.0
60, 584.0, 180.0
61, 26.0, 181.0
62, 597.0, 181.0
63, 142.0, 186.0
64, 48.0, 189.0
65, 63.0, 189.0
66, 68.0, 189.0
67, 19.0, 191.0
68, 88.0, 195.0
69, 370.0, 195.0
70, 15.0, 196.0
71, 67.0, 196.0
72, 136.0, 196.0
73, 361.0, 196.0
74, 383.0, 196.0
75, 100.0, 199.0
76, 114.0, 200.0
77, 13.0, 201.0
78, 88.0, 201.0
79, 473.0, 202.0
80, 78.0, 204.0
81, 50.0, 207.0
82, 8.0, 208.0
83, 130.0, 219.0
84, 539.0, 220.0
85, 403.0, 221.0
86, 120.0, 222.0
87, 240.0, 222.0
88, 256.0, 222.0
89, 520.0, 222.0
90, 554.0, 224.0
91, 609.0, 224.0
92, 111.0, 225.0
93, 590.0, 226.0
94, 624.0, 227.0
95, 532.0, 228.0
96, 240.0, 229.0
97, 255.0, 229.0
98, 143.0, 231.0
99, 340.0, 233.0
100, 105.0, 234.0
101, 113.0, 235.0
102, 345.0, 235.0
103, 512.0, 235.0
104, 143.0, 236.0
105, 467.0, 236.0
106, 460.0, 237.0
107, 455.0, 238.0
108, 534.0, 238.0
109, 606.0, 238.0
110, 124.0, 240.0
111, 494.0, 240.0
112, 574.0, 240.0
113, 554.0, 241.0
114, 255.0, 242.0
115, 241.0, 243.0
116, 369.0, 243.0
117, 616.0, 243.0
118, 657.0, 244.0
119, 107.0, 246.0
120, 468.0, 246.0
121, 255.0, 247.0
122, 240.0, 248.0
123, 167.0, 251.0
124, 255.0, 252.0
125, 240.0, 253.0
126, 109.0, 256.0
127, 127.0, 256.0
128, 514.0, 257.0
129, 253.0, 260.0
130, 238.0, 261.0
131, 475.0, 262.0
132, 530.0, 262.0
133, 540.0, 262.0
134, 554.0, 262.0
135, 724.0, 262.0
136, 138.0, 263.0
137, 191.0, 263.0
138, 564.0, 265.0
139, 595.0, 266.0
140, 671.0, 266.0
141, 316.0, 267.0
142, 128.0, 268.0
143, 630.0, 268.0
144, 179.0, 269.0
145, 368.0, 269.0
146, 327.0, 270.0
147, 343.0, 270.0
148, 169.0, 271.0
149, 404.0, 271.0
150, 205.0, 274.0
151, 140.0, 275.0
152, 150.0, 275.0
153, 181.0, 275.0
154, 195.0, 275.0
155, 220.0, 275.0
156, 439.0, 275.0
157, 239.0, 276.0
158, 257.0, 276.0
159, 268.0, 276.0
160, 273.0, 276.0
161, 279.0, 276.0
162, 284.0, 276.0
163, 477.0, 276.0
164, 551.0, 276.0
165, 663.0, 276.0
166, 721.0, 276.0
167, 262.0, 277.0
168, 460.0, 277.0
169, 512.0, 277.0
170, 234.0, 278.0
171, 524.0, 278.0
172, 536.0, 278.0
173, 624.0, 278.0
174, 297.0, 279.0
175, 633.0, 279.0
176, 692.0, 279.0
177, 151.0, 280.0
178, 229.0, 280.0
179, 638.0, 280.0
180, 643.0, 280.0
181, 709.0, 280.0
182, 743.0, 280.0
183, 552.0, 281.0
184, 652.0, 281.0
185, 661.0, 281.0
186, 732.0, 281.0
187, 213.0, 282.0
188, 557.0, 283.0
189, 578.0, 283.0
190, 159.0, 284.0
191, 347.0, 284.0
192, 583.0, 284.0
193, 545.0, 285.0
194, 618.0, 286.0
195, 133.0, 287.0
196, 524.0, 287.0
197, 739.0, 287.0
198, 534.0, 288.0
199, 564.0, 289.0
200, 216.0, 290.0
201, 631.0, 290.0
202, 573.0, 292.0
203, 585.0, 292.0
204, 590.0, 292.0
205, 142.0, 293.0
206, 152.0, 293.0
207, 168.0, 293.0
208, 184.0, 293.0
209, 595.0, 293.0
210, 601.0, 293.0
211, 295.0, 295.0
212, 614.0, 295.0
213, 485.0, 296.0
214, 503.0, 296.0
215, 522.0, 296.0
216, 534.0, 296.0
217, 546.0, 297.0
218, 551.0, 297.0
219, 556.0, 297.0
220, 584.0, 297.0
221, 338.0, 299.0
222, 723.0, 299.0
223, 154.0, 301.0
224, 168.0, 301.0
225, 143.0, 302.0
226, 187.0, 302.0
227, 571.0, 302.0
228, 583.0, 302.0
229, 288.0, 304.0
230, 561.0, 306.0
231, 592.0, 306.0
232, 554.0, 307.0
233, 566.0, 307.0
234, 534.0, 308.0
235, 489.0, 309.0
236, 571.0, 309.0
237, 166.0, 310.0
238, 189.0, 310.0
239, 581.0, 310.0
240, 215.0, 312.0
241, 718.0, 312.0
242, 210.0, 313.0
243, 280.0, 314.0
244, 743.0, 314.0
245, 153.0, 315.0
246, 181.0, 315.0
247, 204.0, 315.0
248, 311.0, 315.0
249, 517.0, 316.0
250, 600.0, 316.0
251, 172.0, 317.0
252, 630.0, 317.0
253, 375.0, 318.0
254, 590.0, 318.0
255, 614.0, 318.0
256, 641.0, 318.0
257, 298.0, 319.0
258, 646.0, 319.0
259, 655.0, 319.0
260, 707.0, 320.0
261, 200.0, 321.0
262, 215.0, 322.0
263, 174.0, 323.0
264, 185.0, 323.0
265, 224.0, 323.0
266, 316.0, 325.0
267, 520.0, 327.0
268, 163.0, 328.0
269, 710.0, 328.0
270, 148.0, 330.0
271, 327.0, 330.0
272, 177.0, 331.0
273, 190.0, 332.0
274, 160.0, 333.0
275, 551.0, 333.0
276, 140.0, 334.0
277, 202.0, 334.0
278, 466.0, 334.0
279, 536.0, 334.0
280, 125.0, 336.0
281, 437.0, 336.0
282, 475.0, 336.0
283, 458.0, 337.0
284, 579.0, 337.0
285, 265.0, 338.0
286, 181.0, 339.0
287, 608.0, 340.0
288, 17.0, 341.0
289, 537.0, 341.0
290, 176.0, 342.0
291, 189.0, 342.0
292, 580.0, 342.0
293, 551.0, 343.0
294, 67.0, 345.0
295, 136.0, 347.0
296, 153.0, 347.0
297, 158.0, 347.0
298, 348.0, 347.0
299, 610.0, 347.0
300, 148.0, 348.0
301, 165.0, 348.0
302, 502.0, 349.0
303, 596.0, 349.0
304, 631.0, 349.0
305, 183.0, 350.0
306, 198.0, 350.0
307, 141.0, 351.0
308, 530.0, 354.0
309, 136.0, 355.0
310, 296.0, 355.0
311, 523.0, 355.0
312, 535.0, 355.0
313, 41.0, 356.0
314, 109.0, 356.0
315, 36.0, 357.0
316, 155.0, 357.0
317, 175.0, 357.0
318, 285.0, 357.0
319, 541.0, 357.0
320, 26.0, 358.0
321, 146.0, 358.0
322, 249.0, 358.0
323, 546.0, 358.0
324, 8.0, 359.0
325, 122.0, 360.0
326, 181.0, 361.0
327, 164.0, 362.0
328, 137.0, 363.0
329, 155.0, 363.0
330, 270.0, 363.0
331, 596.0, 363.0
332, 247.0, 364.0
333, 308.0, 365.0
334, 607.0, 365.0
335, 294.0, 366.0
336, 163.0, 367.0
337, 482.0, 369.0
338, 20.0, 370.0
339, 91.0, 370.0
340, 270.0, 370.0
341, 381.0, 370.0
342, 284.0, 372.0
343, 337.0, 372.0
344, 483.0, 374.0
345, 246.0, 375.0
346, 271.0, 375.0
347, 292.0, 375.0
348, 260.0, 376.0
349, 303.0, 376.0
350, 416.0, 376.0
351, 318.0, 377.0
352, 119.0, 378.0
353, 198.0, 378.0
354, 397.0, 378.0
355, 457.0, 378.0
356, 13.0, 379.0
357, 313.0, 379.0
358, 208.0, 380.0
359, 271.0, 380.0
360, 427.0, 380.0
361, 47.0, 381.0
362, 240.0, 381.0
363, 282.0, 382.0
364, 308.0, 383.0
365, 229.0, 384.0
366, 464.0, 384.0
367, 151.0, 385.0
368, 732.0, 386.0
369, 255.0, 388.0
370, 267.0, 388.0
371, 514.0, 388.0
372, 333.0, 389.0
373, 575.0, 389.0
374, 20.0, 390.0
375, 262.0, 390.0
376, 9.0, 391.0
377, 281.0, 391.0
378, 455.0, 391.0
379, 32.0, 392.0
380, 461.0, 392.0
381, 499.0, 392.0
382, 183.0, 394.0
383, 476.0, 394.0
384, 27.0, 395.0
385, 296.0, 395.0
386, 393.0, 395.0
387, 271.0, 396.0
388, 308.0, 396.0
389, 488.0, 397.0
390, 449.0, 398.0
391, 518.0, 398.0
392, 705.0, 398.0
393, 220.0, 399.0
394, 467.0, 399.0
395, 335.0, 400.0
396, 12.0, 401.0
397, 269.0, 401.0
398, 348.0, 401.0
399, 357.0, 401.0
400, 442.0, 403.0
401, 710.0, 403.0
402, 256.0, 404.0
403, 487.0, 405.0
404, 694.0, 405.0
405, 220.0, 406.0
406, 459.0, 406.0
407, 476.0, 406.0
408, 262.0, 407.0
409, 390.0, 407.0
410, 402.0, 407.0
411, 449.0, 408.0
412, 203.0, 409.0
413, 269.0, 409.0
414, 418.0, 411.0
415, 682.0, 412.0
416, 433.0, 414.0
417, 442.0, 414.0
418, 524.0, 414.0
419, 246.0, 415.0
420, 299.0, 415.0
421, 454.0, 416.0
422, 695.0, 416.0
423, 466.0, 418.0
424, 490.0, 419.0
425, 525.0, 419.0
426, 203.0, 422.0
427, 343.0, 422.0
428, 688.0, 422.0
429, 513.0, 424.0
430, 527.0, 424.0
431, 17.0, 426.0
432, 387.0, 428.0
433, 529.0, 429.0
434, 434.0, 434.0
435, 453.0, 435.0
436, 465.0, 436.0
437, 483.0, 437.0
438, 652.0, 437.0
439, 463.0, 444.0
440, 658.0, 444.0
441, 535.0, 446.0
442, 641.0, 446.0
443, 462.0, 449.0
444, 536.0, 451.0
445, 481.0, 453.0
446, 634.0, 455.0
447, 296.0, 456.0
448, 537.0, 458.0
449, 446.0, 459.0
450, 453.0, 460.0
451, 461.0, 462.0
452, 537.0, 463.0
453, 447.0, 464.0
454, 480.0, 464.0
455, 341.0, 467.0
