0, 65.0, 8.0
1, 78.0, 8.0
2, 475.0, 8.0
3, 93.0, 11.0
4, 626.0, 16.0
5, 34.0, 17.0
6, 728.0, 20.0
7, 46.0, 23.0
8, 24.0, 31.0
9, 383.0, 37.0
10, 456.0, 37.0
11, 375.0, 39.0
12, 440.0, 39.0
13, 71.0, 40.0
14, 23.0, 44.0
15, 407.0, 46.0
16, 37.0, 48.0
17, 305.0, 51.0
18, 295.0, 52.0
19, 32.0, 54.0
20, 13.0, 57.0
21, 277.0, 57.0
22, 203.0, 61.0
23, 415.0, 75.0
24, 54.0, 79.0
25, 296.0, 84.0
26, 354.0, 85.0
27, 280.0, 86.0
28, 370.0, 86.0
29, 378.0, 86.0
30, 307.0, 88.0
31, 209.0, 93.0
32, 708.0, 93.0
33, 307.0, 96.0
34, 332.0, 97.0
35, 297.0, 101.0
36, 307.0, 101.0
37, 523.0, 104.0
38, 282.0, 110.0
39, 169.0, 112.0
40, 393.0, 118.0
41, 298.0, 120.0
42, 182.0, 121.0
43, 307.0, 122.0
44, 283.0, 123.0
45, 371.0, 125.0
46, 379.0, 126.0
47, 307.0, 128.0
48, 186.0, 131.0
49, 284.0, 133.0
50, 298.0, 133.0
51, 307.0, 133.0
52, 201.0, 136.0
53, 378.0, 138.0
54, 308.0, 139.0
55, 336.0, 139.0
56, 383.0, 140.0
57, 299.0, 142.0
58, 390.0, 142.0
59, 284.0, 143.0
60, 308.0, 144.0
61, 405.0, 144.0
62, 416.0, 146.0
63, 299.0, 148.0
64, 443.0, 149.0
65, 454.0, 151.0
66, 284.0, 152.0
67, 298.0, 153.0
68, 283.0, 161.0
69, 308.0, 161.0
70, 299.0, 162.0
71, 274.0, 163.0
72, 255.0, 165.0
73, 282.0, 166.0
74, 191.0, 167.0
75, 416.0, 167.0
76, 294.0, 168.0
77, 287.0, 170.0
78, 152.0, 172.0
79, 264.0, 172.0
80, 305.0, 172.0
81, 221.0, 173.0
82, 318.0, 175.0
83, 200.0, 176.0
84, 195.0, 177.0
85, 256.0, 177.0
86, 223.0, 178.0
87, 323.0, 178.0
88, 454.0, 178.0
89, 172.0, 179.0
90, 153.0, 180.0
91, 183.0, 180.0
92, 238.0, 180.0
93, 415.0, 180.0
94, 211.0, 181.0
95, 228.0, 181.0
96, 264.0, 182.0
97, 656.0, 183.0
98, 124.0, 184.0
99, 135.0, 185.0
100, 219.0, 185.0
101, 547.0, 186.0
102, 256.0, 187.0
103, 246.0, 188.0
104, 272.0, 188.0
105, 289.0, 188.0
106, 334.0, 188.0
107, 329.0, 190.0
108, 343.0, 190.0
109, 415.0, 191.0
110, 504.0, 191.0
111, 229.0, 192.0
112, 212.0, 193.0
113, 265.0, 194.0
114, 610.0, 195.0
115, 272.0, 197.0
116, 350.0, 197.0
117, 201.0, 199.0
118, 413.0, 199.0
119, 596.0, 199.0
120, 303.0, 201.0
121, 431.0, 201.0
122, 343.0, 202.0
123, 609.0, 202.0
124, 172.0, 203.0
125, 257.0, 203.0
126, 214.0, 205.0
127, 369.0, 205.0
128, 374.0, 205.0
129, 204.0, 206.0
130, 231.0, 206.0
131, 127.0, 207.0
132, 344.0, 207.0
133, 362.0, 207.0
134, 277.0, 210.0
135, 128.0, 212.0
136, 414.0, 213.0
137, 630.0, 213.0
138, 290.0, 215.0
139, 268.0, 216.0
140, 299.0, 216.0
141, 129.0, 217.0
142, 330.0, 217.0
143, 379.0, 217.0
144, 304.0, 220.0
145, 361.0, 221.0
146, 123.0, 224.0
147, 606.0, 225.0
148, 336.0, 227.0
149, 331.0, 229.0
150, 345.0, 229.0
151, 326.0, 232.0
152, 131.0, 233.0
153, 142.0, 233.0
154, 363.0, 237.0
155, 419.0, 237.0
156, 320.0, 240.0
157, 372.0, 240.0
158, 167.0, 241.0
159, 216.0, 243.0
160, 344.0, 246.0
161, 534.0, 246.0
162, 333.0, 249.0
163, 446.0, 249.0
164, 180.0, 250.0
165, 284.0, 250.0
166, 316.0, 250.0
167, 418.0, 250.0
168, 386.0, 253.0
169, 362.0, 254.0
170, 374.0, 254.0
171, 425.0, 257.0
172, 207.0, 258.0
173, 186.0, 260.0
174, 352.0, 261.0
175, 149.0, 262.0
176, 315.0, 262.0
177, 342.0, 262.0
178, 394.0, 262.0
179, 403.0, 262.0
180, 361.0, 264.0
181, 171.0, 265.0
182, 331.0, 266.0
183, 135.0, 268.0
184, 367.0, 269.0
185, 160.0, 271.0
186, 345.0, 271.0
187, 385.0, 272.0
188, 275.0, 274.0
189, 368.0, 274.0
190, 303.0, 275.0
191, 138.0, 278.0
192, 148.0, 278.0
193, 404.0, 278.0
194, 158.0, 279.0
195, 225.0, 279.0
196, 332.0, 280.0
197, 353.0, 280.0
198, 236.0, 281.0
199, 286.0, 282.0
200, 294.0, 282.0
201, 309.0, 283.0
202, 385.0, 283.0
203, 423.0, 283.0
204, 167.0, 284.0
205, 219.0, 284.0
206, 260.0, 285.0
207, 361.0, 285.0
208, 523.0, 285.0
209, 167.0, 289.0
210, 222.0, 289.0
211, 292.0, 291.0
212, 303.0, 291.0
213, 386.0, 291.0
214, 145.0, 293.0
215, 317.0, 293.0
216, 245.0, 295.0
217, 276.0, 295.0
218, 402.0, 295.0
219, 442.0, 296.0
220, 311.0, 297.0
221, 421.0, 297.0
222, 188.0, 298.0
223, 228.0, 298.0
224, 255.0, 298.0
225, 270.0, 299.0
226, 282.0, 300.0
227, 288.0, 300.0
228, 169.0, 301.0
229, 345.0, 302.0
230, 192.0, 304.0
231, 327.0, 304.0
232, 352.0, 304.0
233, 357.0, 304.0
234, 369.0, 304.0
235, 218.0, 305.0
236, 300.0, 305.0
237, 310.0, 305.0
238, 316.0, 305.0
239, 387.0, 305.0
240, 275.0, 306.0
241, 150.0, 307.0
242, 159.0, 307.0
243, 236.0, 308.0
244, 336.0, 308.0
245, 341.0, 308.0
246, 353.0, 309.0
247, 195.0, 311.0
248, 222.0, 312.0
249, 244.0, 312.0
250, 213.0, 313.0
251, 289.0, 313.0
252, 345.0, 313.0
253, 177.0, 314.0
254, 357.0, 314.0
255, 281.0, 315.0
256, 414.0, 315.0
257, 191.0, 316.0
258, 196.0, 316.0
259, 299.0, 316.0
260, 269.0, 317.0
261, 256.0, 318.0
262, 239.0, 319.0
263, 439.0, 319.0
264, 346.0, 320.0
265, 225.0, 321.0
266, 208.0, 322.0
267, 172.0, 323.0
268, 184.0, 323.0
269, 286.0, 323.0
270, 392.0, 323.0
271, 154.0, 327.0
272, 198.0, 327.0
273, 418.0, 327.0
274, 147.0, 328.0
275, 233.0, 328.0
276, 297.0, 328.0
277, 328.0, 328.0
278, 357.0, 328.0
279, 218.0, 329.0
280, 265.0, 330.0
281, 283.0, 331.0
282, 163.0, 332.0
283, 175.0, 332.0
284, 381.0, 334.0
285, 439.0, 334.0
286, 275.0, 335.0
287, 347.0, 336.0
288, 373.0, 336.0
289, 180.0, 337.0
290, 295.0, 337.0
291, 316.0, 339.0
292, 361.0, 339.0
293, 149.0, 340.0
294, 253.0, 340.0
295, 372.0, 341.0
296, 411.0, 343.0
297, 316.0, 344.0
298, 168.0, 345.0
299, 274.0, 345.0
300, 263.0, 346.0
301, 327.0, 346.0
302, 453.0, 347.0
303, 437.0, 348.0
304, 470.0, 348.0
305, 362.0, 349.0
306, 349.0, 350.0
307, 138.0, 351.0
308, 160.0, 351.0
309, 384.0, 351.0
310, 437.0, 353.0
311, 108.0, 354.0
312, 155.0, 354.0
313, 377.0, 354.0
314, 30.0, 355.0
315, 349.0, 355.0
316, 589.0, 355.0
317, 141.0, 356.0
318, 168.0, 356.0
319, 294.0, 356.0
320, 339.0, 356.0
321, 277.0, 357.0
322, 402.0, 357.0
323, 271.0, 358.0
324, 328.0, 358.0
325, 364.0, 359.0
326, 419.0, 359.0
327, 99.0, 360.0
328, 318.0, 360.0
329, 501.0, 360.0
330, 158.0, 362.0
331, 430.0, 362.0
332, 468.0, 362.0
333, 331.0, 363.0
334, 387.0, 364.0
335, 505.0, 365.0
336, 453.0, 366.0
337, 491.0, 366.0
338, 255.0, 367.0
339, 614.0, 368.0
340, 75.0, 369.0
341, 238.0, 369.0
342, 605.0, 369.0
343, 407.0, 370.0
344, 462.0, 370.0
345, 616.0, 373.0
346, 423.0, 374.0
347, 592.0, 374.0
348, 645.0, 374.0
349, 464.0, 375.0
350, 67.0, 376.0
351, 86.0, 376.0
352, 167.0, 376.0
353, 519.0, 376.0
354, 376.0, 377.0
355, 248.0, 378.0
356, 485.0, 378.0
357, 620.0, 378.0
358, 365.0, 379.0
359, 410.0, 379.0
360, 628.0, 379.0
361, 315.0, 380.0
362, 218.0, 381.0
363, 657.0, 381.0
364, 377.0, 382.0
365, 431.0, 382.0
366, 77.0, 383.0
367, 513.0, 384.0
368, 51.0, 385.0
369, 317.0, 385.0
370, 543.0, 385.0
371, 476.0, 386.0
372, 529.0, 386.0
373, 388.0, 387.0
374, 495.0, 387.0
375, 63.0, 388.0
376, 599.0, 388.0
377, 615.0, 388.0
378, 352.0, 389.0
379, 642.0, 389.0
380, 669.0, 389.0
381, 168.0, 390.0
382, 364.0, 391.0
383, 184.0, 394.0
384, 290.0, 394.0
385, 351.0, 394.0
386, 305.0, 395.0
387, 625.0, 395.0
388, 414.0, 396.0
389, 684.0, 397.0
390, 544.0, 398.0
391, 576.0, 398.0
392, 288.0, 399.0
393, 581.0, 399.0
394, 59.0, 400.0
395, 165.0, 400.0
396, 353.0, 400.0
397, 561.0, 400.0
398, 571.0, 403.0
399, 639.0, 403.0
400, 36.0, 404.0
401, 93.0, 404.0
402, 153.0, 404.0
403, 536.0, 404.0
404, 288.0, 405.0
405, 670.0, 405.0
406, 697.0, 405.0
407, 394.0, 406.0
408, 50.0, 409.0
409, 68.0, 409.0
410, 552.0, 409.0
411, 80.0, 411.0
412, 340.0, 412.0
413, 362.0, 412.0
414, 652.0, 412.0
415, 683.0, 412.0
416, 370.0, 413.0
417, 196.0, 414.0
418, 35.0, 415.0
419, 171.0, 415.0
420, 287.0, 415.0
421, 383.0, 415.0
422, 712.0, 415.0
423, 191.0, 416.0
424, 319.0, 417.0
425, 253.0, 418.0
426, 396.0, 418.0
427, 146.0, 419.0
428, 390.0, 419.0
429, 552.0, 420.0
430, 695.0, 420.0
431, 206.0, 422.0
432, 667.0, 422.0
433, 88.0, 424.0
434, 354.0, 424.0
435, 726.0, 424.0
436, 12.0, 425.0
437, 312.0, 425.0
438, 385.0, 425.0
439, 398.0, 425.0
440, 421.0, 425.0
441, 29.0, 426.0
442, 75.0, 426.0
443, 372.0, 426.0
444, 190.0, 427.0
445, 342.0, 427.0
446, 364.0, 427.0
447, 304.0, 428.0
448, 318.0, 429.0
449, 200.0, 430.0
450, 710.0, 430.0
451, 286.0, 431.0
452, 679.0, 431.0
453, 565.0, 432.0
454, 740.0, 433.0
455, 186.0, 434.0
456, 215.0, 434.0
457, 424.0, 434.0
458, 15.0, 436.0
459, 687.0, 436.0
460, 723.0, 438.0
461, 207.0, 439.0
462, 695.0, 441.0
463, 84.0, 442.0
464, 106.0, 443.0
465, 365.0, 445.0
466, 13.0, 446.0
467, 302.0, 446.0
468, 184.0, 448.0
469, 738.0, 448.0
470, 95.0, 450.0
471, 121.0, 450.0
472, 344.0, 450.0
473, 354.0, 451.0
474, 711.0, 452.0
475, 565.0, 456.0
476, 93.0, 458.0
477, 134.0, 458.0
478, 114.0, 461.0
479, 244.0, 461.0
480, 181.0, 462.0
481, 558.0, 463.0
482, 94.0, 464.0
483, 142.0, 465.0
484, 124.0, 466.0
485, 169.0, 466.0
486, 357.0, 466.0
487, 77.0, 469.0
488, 183.0, 469.0
489, 558.0, 470.0
490, 130.0, 471.0
491, 573.0, 471.0
