0, 551.0, 293.0
1, 457.0, 260.0
2, 422.0, 362.0
3, 359.0, 369.0
4, 544.0, 270.0
5, 529.0, 260.0
6, 333.0, 361.0
7, 510.0, 378.0
8, 455.0, 226.0
9, 219.0, 293.0
10, 94.0, 202.0
11, 366.0, 395.0
12, 635.0, 308.0
13, 439.0, 363.0
14, 536.0, 331.0
15, 500.0, 257.0
16, 450.0, 283.0
17, 428.0, 262.0
18, 306.0, 219.0
19, 335.0, 148.0
20, 730.0, 63.0
21, 442.0, 260.0
22, 479.0, 299.0
23, 453.0, 239.0
24, 433.0, 352.0
25, 542.0, 283.0
26, 530.0, 246.0
27, 556.0, 279.0
28, 396.0, 380.0
29, 584.0, 105.0
30, 670.0, 310.0
31, 565.0, 89.0
32, 63.0, 228.0
33, 576.0, 140.0
34, 163.0, 366.0
35, 517.0, 235.0
36, 232.0, 367.0
37, 318.0, 147.0
38, 46.0, 201.0
39, 576.0, 253.0
40, 345.0, 252.0
41, 344.0, 299.0
42, 732.0, 406.0
43, 515.0, 243.0
44, 383.0, 389.0
45, 585.0, 262.0
46, 10.0, 222.0
47, 504.0, 79.0
48, 300.0, 194.0
49, 699.0, 247.0
50, 546.0, 304.0
51, 109.0, 312.0
52, 268.0, 259.0
53, 24.0, 223.0
54, 314.0, 266.0
55, 448.0, 215.0
56, 530.0, 382.0
57, 417.0, 254.0
58, 706.0, 94.0
59, 562.0, 105.0
60, 377.0, 327.0
61, 404.0, 239.0
62, 523.0, 378.0
63, 334.0, 165.0
64, 414.0, 238.0
65, 331.0, 219.0
66, 19.0, 234.0
67, 551.0, 85.0
68, 535.0, 367.0
69, 493.0, 152.0
70, 304.0, 248.0
71, 387.0, 204.0
72, 349.0, 405.0
73, 301.0, 385.0
74, 270.0, 273.0
75, 510.0, 154.0
76, 495.0, 376.0
77, 508.0, 401.0
78, 420.0, 298.0
79, 292.0, 265.0
80, 218.0, 211.0
81, 667.0, 326.0
82, 82.0, 210.0
83, 632.0, 326.0
84, 365.0, 234.0
85, 33.0, 197.0
86, 251.0, 353.0
87, 341.0, 311.0
88, 578.0, 293.0
89, 555.0, 318.0
90, 403.0, 427.0
91, 522.0, 394.0
92, 164.0, 340.0
93, 415.0, 453.0
94, 397.0, 270.0
95, 653.0, 312.0
96, 35.0, 210.0
97, 73.0, 388.0
98, 213.0, 37.0
99, 418.0, 351.0
100, 484.0, 287.0
101, 286.0, 191.0
102, 314.0, 343.0
103, 368.0, 426.0
104, 98.0, 329.0
105, 328.0, 308.0
106, 351.0, 221.0
107, 45.0, 236.0
108, 371.0, 414.0
109, 88.0, 329.0
110, 83.0, 196.0
111, 679.0, 106.0
112, 353.0, 334.0
113, 595.0, 231.0
114, 229.0, 278.0
115, 517.0, 275.0
116, 256.0, 272.0
117, 306.0, 448.0
118, 559.0, 70.0
119, 528.0, 344.0
120, 80.0, 227.0
121, 267.0, 233.0
122, 300.0, 400.0
123, 630.0, 340.0
124, 505.0, 176.0
125, 564.0, 244.0
126, 608.0, 345.0
127, 699.0, 384.0
128, 302.0, 275.0
129, 554.0, 137.0
130, 502.0, 234.0
131, 388.0, 371.0
132, 408.0, 228.0
133, 624.0, 347.0
134, 399.0, 225.0
135, 572.0, 235.0
136, 491.0, 305.0
137, 105.0, 213.0
138, 390.0, 349.0
139, 528.0, 269.0
140, 527.0, 157.0
141, 530.0, 136.0
142, 284.0, 218.0
143, 623.0, 231.0
144, 513.0, 429.0
145, 307.0, 426.0
146, 544.0, 261.0
147, 230.0, 297.0
148, 516.0, 259.0
149, 545.0, 344.0
150, 512.0, 142.0
151, 273.0, 216.0
152, 184.0, 24.0
153, 321.0, 425.0
154, 266.0, 190.0
155, 366.0, 332.0
156, 580.0, 91.0
157, 263.0, 417.0
158, 480.0, 340.0
159, 346.0, 442.0
160, 415.0, 282.0
161, 330.0, 232.0
162, 567.0, 401.0
163, 186.0, 348.0
164, 397.0, 403.0
165, 318.0, 465.0
166, 341.0, 335.0
167, 332.0, 199.0
168, 605.0, 87.0
169, 565.0, 290.0
170, 525.0, 316.0
171, 411.0, 439.0
172, 574.0, 361.0
173, 685.0, 327.0
174, 616.0, 199.0
175, 478.0, 446.0
176, 578.0, 51.0
177, 205.0, 315.0
178, 265.0, 205.0
179, 705.0, 75.0
180, 387.0, 414.0
181, 344.0, 350.0
182, 349.0, 281.0
183, 296.0, 467.0
184, 259.0, 239.0
185, 503.0, 241.0
186, 337.0, 398.0
187, 550.0, 398.0
188, 320.0, 447.0
189, 436.0, 374.0
190, 318.0, 282.0
191, 100.0, 133.0
192, 236.0, 223.0
193, 739.0, 27.0
194, 561.0, 160.0
195, 377.0, 345.0
196, 368.0, 256.0
197, 347.0, 425.0
198, 545.0, 323.0
199, 201.0, 33.0
200, 438.0, 274.0
201, 590.0, 299.0
202, 245.0, 257.0
203, 294.0, 364.0
204, 468.0, 249.0
205, 449.0, 380.0
206, 87.0, 304.0
207, 431.0, 221.0
208, 416.0, 422.0
209, 299.0, 349.0
210, 676.0, 353.0
211, 219.0, 309.0
212, 299.0, 426.0
213, 255.0, 370.0
214, 706.0, 270.0
215, 419.0, 429.0
216, 718.0, 31.0
217, 231.0, 409.0
218, 447.0, 292.0
219, 357.0, 158.0
220, 85.0, 316.0
221, 709.0, 350.0
222, 647.0, 82.0
223, 334.0, 286.0
224, 367.0, 442.0
225, 235.0, 185.0
226, 252.0, 215.0
227, 643.0, 295.0
228, 390.0, 234.0
229, 604.0, 211.0
230, 124.0, 301.0
231, 431.0, 245.0
232, 106.0, 225.0
233, 707.0, 362.0
234, 461.0, 294.0
235, 282.0, 357.0
236, 366.0, 246.0
237, 466.0, 466.0
238, 655.0, 356.0
239, 455.0, 438.0
240, 522.0, 179.0
241, 488.0, 175.0
242, 574.0, 313.0
243, 730.0, 191.0
244, 67.0, 56.0
245, 285.0, 226.0
246, 351.0, 234.0
247, 492.0, 432.0
248, 413.0, 267.0
249, 580.0, 208.0
250, 351.0, 186.0
251, 56.0, 180.0
252, 256.0, 88.0
253, 39.0, 186.0
254, 233.0, 214.0
255, 258.0, 262.0
256, 303.0, 261.0
257, 237.0, 63.0
258, 238.0, 289.0
259, 327.0, 252.0
260, 473.0, 287.0
261, 117.0, 232.0
262, 256.0, 225.0
263, 278.0, 394.0
264, 304.0, 137.0
265, 677.0, 183.0
266, 232.0, 348.0
267, 385.0, 106.0
268, 687.0, 308.0
269, 221.0, 235.0
270, 288.0, 153.0
271, 584.0, 348.0
272, 217.0, 322.0
273, 557.0, 185.0
274, 277.0, 466.0
275, 476.0, 320.0
276, 456.0, 302.0
277, 546.0, 244.0
278, 732.0, 388.0
279, 84.0, 267.0
280, 373.0, 198.0
281, 230.0, 319.0
282, 498.0, 414.0
283, 238.0, 102.0
284, 325.0, 380.0
285, 483.0, 361.0
286, 194.0, 34.0
287, 297.0, 236.0
288, 495.0, 345.0
289, 34.0, 52.0
290, 280.0, 113.0
291, 513.0, 297.0
292, 435.0, 293.0
293, 637.0, 175.0
294, 626.0, 217.0
295, 324.0, 400.0
296, 306.0, 231.0
297, 226.0, 83.0
298, 582.0, 238.0
299, 474.0, 260.0
300, 231.0, 338.0
301, 733.0, 163.0
302, 449.0, 310.0
303, 513.0, 406.0
304, 605.0, 236.0
305, 282.0, 380.0
306, 472.0, 358.0
307, 555.0, 346.0
308, 373.0, 463.0
309, 590.0, 219.0
310, 283.0, 256.0
311, 559.0, 327.0
312, 104.0, 51.0
313, 18.0, 210.0
314, 681.0, 172.0
315, 490.0, 331.0
316, 450.0, 365.0
317, 441.0, 300.0
318, 273.0, 103.0
319, 735.0, 44.0
320, 401.0, 205.0
321, 501.0, 361.0
322, 75.0, 169.0
323, 75.0, 181.0
324, 518.0, 356.0
325, 572.0, 220.0
326, 394.0, 285.0
327, 256.0, 285.0
328, 488.0, 348.0
329, 419.0, 274.0
330, 645.0, 305.0
331, 194.0, 59.0
332, 567.0, 347.0
333, 742.0, 426.0
334, 476.0, 213.0
335, 332.0, 459.0
336, 377.0, 160.0
337, 737.0, 49.0
338, 399.0, 317.0
339, 529.0, 81.0
340, 451.0, 331.0
341, 60.0, 199.0
342, 109.0, 177.0
343, 143.0, 44.0
344, 385.0, 286.0
345, 566.0, 302.0
346, 493.0, 132.0
347, 505.0, 334.0
348, 150.0, 340.0
349, 218.0, 331.0
350, 325.0, 165.0
351, 252.0, 295.0
352, 252.0, 233.0
353, 230.0, 328.0
354, 99.0, 51.0
355, 467.0, 284.0
356, 384.0, 268.0
357, 687.0, 78.0
358, 334.0, 333.0
359, 352.0, 347.0
360, 334.0, 414.0
361, 590.0, 327.0
362, 345.0, 362.0
363, 432.0, 209.0
364, 570.0, 333.0
365, 461.0, 337.0
366, 589.0, 351.0
367, 558.0, 399.0
368, 459.0, 211.0
369, 580.0, 227.0
370, 499.0, 315.0
371, 327.0, 241.0
372, 312.0, 180.0
373, 442.0, 287.0
374, 323.0, 368.0
375, 371.0, 378.0
376, 172.0, 26.0
377, 356.0, 271.0
378, 93.0, 396.0
379, 264.0, 213.0
380, 182.0, 410.0
381, 409.0, 204.0
382, 528.0, 302.0
383, 103.0, 172.0
384, 669.0, 202.0
385, 424.0, 281.0
386, 456.0, 250.0
387, 95.0, 66.0
388, 516.0, 388.0
389, 426.0, 212.0
390, 459.0, 321.0
391, 36.0, 416.0
392, 336.0, 350.0
393, 219.0, 274.0
394, 595.0, 245.0
395, 497.0, 289.0
396, 570.0, 207.0
397, 259.0, 23.0
398, 487.0, 428.0
399, 264.0, 280.0
400, 537.0, 297.0
401, 154.0, 349.0
402, 77.0, 136.0
403, 268.0, 113.0
404, 285.0, 272.0
405, 269.0, 351.0
406, 188.0, 118.0
407, 401.0, 285.0
408, 509.0, 305.0
409, 429.0, 281.0
410, 415.0, 225.0
411, 282.0, 286.0
412, 288.0, 249.0
413, 304.0, 239.0
414, 530.0, 356.0
415, 662.0, 97.0
416, 53.0, 393.0
417, 479.0, 312.0
418, 195.0, 47.0
419, 655.0, 321.0
420, 56.0, 265.0
421, 586.0, 245.0
422, 357.0, 347.0
423, 264.0, 383.0
424, 337.0, 267.0
425, 184.0, 405.0
426, 464.0, 312.0
427, 351.0, 381.0
428, 504.0, 418.0
429, 256.0, 30.0
430, 74.0, 105.0
431, 537.0, 238.0
432, 686.0, 219.0
433, 673.0, 385.0
434, 726.0, 29.0
435, 446.0, 246.0
436, 693.0, 137.0
437, 398.0, 297.0
438, 367.0, 448.0
439, 264.0, 296.0
440, 324.0, 292.0
441, 292.0, 139.0
442, 439.0, 233.0
443, 701.0, 111.0
444, 94.0, 315.0
445, 371.0, 213.0
446, 332.0, 274.0
447, 88.0, 384.0
448, 661.0, 307.0
449, 657.0, 296.0
450, 272.0, 286.0
451, 176.0, 362.0
452, 626.0, 358.0
453, 347.0, 432.0
454, 104.0, 199.0
455, 416.0, 211.0
456, 402.0, 181.0
457, 468.0, 329.0
458, 672.0, 303.0
459, 45.0, 215.0
460, 463.0, 271.0
461, 646.0, 352.0
462, 429.0, 235.0
463, 250.0, 339.0
464, 484.0, 325.0
465, 735.0, 76.0
466, 375.0, 364.0
467, 659.0, 253.0
468, 538.0, 355.0
469, 376.0, 279.0
470, 332.0, 323.0
471, 346.0, 289.0
472, 507.0, 169.0
473, 424.0, 235.0
474, 302.0, 268.0
475, 437.0, 251.0
476, 443.0, 224.0
477, 375.0, 178.0
478, 264.0, 24.0
479, 681.0, 338.0
480, 542.0, 178.0
481, 495.0, 327.0
482, 184.0, 44.0
483, 444.0, 377.0
484, 574.0, 412.0
485, 89.0, 348.0
486, 318.0, 233.0
487, 174.0, 21.0
488, 93.0, 15.0
489, 247.0, 215.0
490, 671.0, 80.0
491, 662.0, 297.0
492, 388.0, 241.0
493, 263.0, 452.0
494, 176.0, 54.0
495, 266.0, 345.0
496, 663.0, 164.0
497, 361.0, 275.0
498, 535.0, 320.0
499, 466.0, 279.0
