0, 306.0, 112.0
1, 155.0, 136.0
2, 248.0, 98.0
3, 525.0, 334.0
4, 336.0, 262.0
5, 298.0, 181.0
6, 319.0, 458.0
7, 339.0, 143.0
8, 335.0, 243.0
9, 112.0, 370.0
10, 172.0, 170.0
11, 209.0, 135.0
12, 315.0, 182.0
13, 272.0, 395.0
14, 462.0, 156.0
15, 157.0, 347.0
16, 293.0, 332.0
17, 255.0, 254.0
18, 240.0, 69.0
19, 115.0, 346.0
20, 364.0, 361.0
21, 351.0, 362.0
22, 315.0, 127.0
23, 199.0, 355.0
24, 288.0, 454.0
25, 105.0, 383.0
26, 156.0, 167.0
27, 255.0, 287.0
28, 146.0, 325.0
29, 350.0, 197.0
30, 118.0, 172.0
31, 295.0, 125.0
32, 260.0, 145.0
33, 175.0, 351.0
34, 291.0, 314.0
35, 142.0, 217.0
36, 135.0, 378.0
37, 234.0, 352.0
38, 360.0, 263.0
39, 441.0, 172.0
40, 359.0, 238.0
41, 314.0, 294.0
42, 454.0, 166.0
43, 315.0, 307.0
44, 333.0, 154.0
45, 255.0, 272.0
46, 201.0, 194.0
47, 286.0, 147.0
48, 332.0, 381.0
49, 184.0, 371.0
50, 247.0, 438.0
51, 228.0, 370.0
52, 461.0, 205.0
53, 322.0, 26.0
54, 367.0, 351.0
55, 477.0, 129.0
56, 318.0, 112.0
57, 197.0, 345.0
58, 179.0, 15.0
59, 232.0, 335.0
60, 159.0, 372.0
61, 82.0, 379.0
62, 494.0, 126.0
63, 312.0, 264.0
64, 100.0, 225.0
65, 251.0, 459.0
66, 297.0, 264.0
67, 351.0, 461.0
68, 239.0, 87.0
69, 339.0, 114.0
70, 301.0, 305.0
71, 382.0, 349.0
72, 499.0, 207.0
73, 367.0, 340.0
74, 337.0, 198.0
75, 349.0, 305.0
76, 286.0, 131.0
77, 363.0, 371.0
78, 495.0, 152.0
79, 327.0, 365.0
80, 486.0, 199.0
81, 368.0, 14.0
82, 352.0, 383.0
83, 505.0, 195.0
84, 142.0, 366.0
85, 181.0, 400.0
86, 208.0, 364.0
87, 129.0, 216.0
88, 347.0, 134.0
89, 329.0, 292.0
90, 190.0, 355.0
91, 249.0, 375.0
92, 355.0, 179.0
93, 380.0, 303.0
94, 268.0, 218.0
95, 328.0, 302.0
96, 138.0, 206.0
97, 335.0, 396.0
98, 117.0, 204.0
99, 301.0, 466.0
100, 284.0, 231.0
101, 347.0, 144.0
102, 232.0, 453.0
103, 245.0, 199.0
104, 262.0, 198.0
105, 272.0, 167.0
106, 320.0, 383.0
107, 371.0, 127.0
108, 330.0, 208.0
109, 564.0, 417.0
110, 144.0, 464.0
111, 673.0, 104.0
112, 105.0, 184.0
113, 100.0, 196.0
114, 360.0, 202.0
115, 511.0, 296.0
116, 265.0, 84.0
117, 374.0, 263.0
118, 299.0, 208.0
119, 134.0, 178.0
120, 168.0, 327.0
121, 265.0, 316.0
122, 302.0, 295.0
123, 373.0, 173.0
124, 371.0, 154.0
125, 285.0, 172.0
126, 315.0, 8.0
127, 169.0, 147.0
128, 259.0, 383.0
129, 558.0, 197.0
130, 245.0, 285.0
131, 92.0, 371.0
132, 473.0, 209.0
133, 376.0, 196.0
134, 309.0, 209.0
135, 201.0, 208.0
136, 167.0, 128.0
137, 243.0, 271.0
138, 554.0, 378.0
139, 249.0, 79.0
140, 307.0, 197.0
141, 336.0, 19.0
142, 474.0, 191.0
143, 262.0, 373.0
144, 383.0, 381.0
145, 52.0, 268.0
146, 168.0, 424.0
147, 108.0, 234.0
148, 333.0, 180.0
149, 63.0, 255.0
150, 526.0, 179.0
151, 325.0, 323.0
152, 209.0, 345.0
153, 308.0, 127.0
154, 311.0, 244.0
155, 380.0, 464.0
156, 380.0, 275.0
157, 174.0, 459.0
158, 352.0, 371.0
159, 223.0, 96.0
160, 126.0, 353.0
161, 556.0, 394.0
162, 157.0, 360.0
163, 537.0, 340.0
164, 453.0, 149.0
165, 283.0, 464.0
166, 543.0, 178.0
167, 284.0, 220.0
168, 263.0, 280.0
169, 130.0, 161.0
170, 126.0, 389.0
171, 145.0, 357.0
172, 259.0, 72.0
173, 265.0, 161.0
174, 377.0, 237.0
175, 495.0, 181.0
176, 276.0, 442.0
177, 558.0, 225.0
178, 69.0, 122.0
179, 221.0, 350.0
180, 441.0, 185.0
181, 517.0, 325.0
182, 371.0, 402.0
183, 166.0, 355.0
184, 558.0, 177.0
185, 169.0, 159.0
186, 235.0, 362.0
187, 150.0, 193.0
188, 103.0, 214.0
189, 404.0, 194.0
190, 127.0, 367.0
191, 267.0, 344.0
192, 187.0, 203.0
193, 475.0, 152.0
194, 437.0, 469.0
195, 490.0, 299.0
196, 255.0, 444.0
197, 196.0, 406.0
198, 102.0, 411.0
199, 217.0, 75.0
200, 258.0, 175.0
201, 252.0, 190.0
202, 415.0, 469.0
203, 181.0, 383.0
204, 302.0, 389.0
205, 284.0, 251.0
206, 397.0, 316.0
207, 329.0, 111.0
208, 253.0, 399.0
209, 233.0, 59.0
210, 238.0, 302.0
211, 238.0, 106.0
212, 166.0, 210.0
213, 31.0, 307.0
214, 417.0, 189.0
215, 455.0, 470.0
216, 352.0, 112.0
217, 316.0, 327.0
218, 259.0, 112.0
219, 305.0, 21.0
220, 266.0, 186.0
221, 269.0, 269.0
222, 289.0, 183.0
223, 370.0, 115.0
224, 78.0, 324.0
225, 416.0, 231.0
226, 453.0, 134.0
227, 55.0, 313.0
228, 184.0, 162.0
229, 232.0, 135.0
230, 362.0, 471.0
231, 365.0, 462.0
232, 307.0, 45.0
233, 86.0, 406.0
234, 194.0, 148.0
235, 381.0, 327.0
236, 326.0, 338.0
237, 323.0, 133.0
238, 311.0, 168.0
239, 110.0, 265.0
240, 41.0, 427.0
241, 120.0, 330.0
242, 275.0, 101.0
243, 546.0, 122.0
244, 230.0, 80.0
245, 553.0, 353.0
246, 49.0, 382.0
247, 108.0, 64.0
248, 568.0, 394.0
249, 537.0, 351.0
250, 338.0, 371.0
251, 366.0, 178.0
252, 336.0, 459.0
253, 365.0, 423.0
254, 332.0, 135.0
255, 271.0, 146.0
256, 251.0, 385.0
257, 530.0, 406.0
258, 242.0, 245.0
259, 260.0, 450.0
260, 554.0, 293.0
261, 407.0, 414.0
262, 126.0, 71.0
263, 12.0, 357.0
264, 11.0, 387.0
265, 85.0, 89.0
266, 11.0, 162.0
267, 120.0, 361.0
268, 202.0, 15.0
269, 222.0, 228.0
270, 115.0, 404.0
271, 242.0, 48.0
272, 56.0, 230.0
273, 191.0, 29.0
274, 188.0, 450.0
275, 429.0, 358.0
276, 420.0, 267.0
277, 381.0, 338.0
278, 275.0, 257.0
279, 513.0, 388.0
280, 479.0, 13.0
281, 261.0, 94.0
282, 557.0, 252.0
283, 143.0, 146.0
284, 192.0, 11.0
285, 228.0, 123.0
286, 42.0, 293.0
287, 136.0, 327.0
288, 64.0, 199.0
289, 45.0, 242.0
290, 243.0, 177.0
291, 100.0, 18.0
292, 494.0, 165.0
293, 235.0, 112.0
294, 292.0, 201.0
295, 350.0, 340.0
296, 329.0, 43.0
297, 200.0, 173.0
298, 664.0, 82.0
299, 230.0, 30.0
300, 234.0, 236.0
301, 60.0, 131.0
302, 31.0, 294.0
303, 556.0, 268.0
304, 31.0, 344.0
305, 339.0, 364.0
306, 46.0, 275.0
307, 236.0, 255.0
308, 312.0, 36.0
309, 585.0, 415.0
310, 462.0, 189.0
311, 38.0, 249.0
312, 90.0, 202.0
313, 211.0, 252.0
314, 246.0, 319.0
315, 307.0, 134.0
316, 466.0, 301.0
317, 247.0, 360.0
318, 279.0, 269.0
319, 235.0, 208.0
320, 208.0, 106.0
321, 348.0, 216.0
322, 159.0, 334.0
323, 96.0, 344.0
324, 142.0, 233.0
325, 309.0, 468.0
326, 171.0, 402.0
327, 321.0, 471.0
328, 506.0, 180.0
329, 58.0, 115.0
330, 232.0, 222.0
331, 192.0, 337.0
332, 247.0, 349.0
333, 117.0, 139.0
334, 369.0, 431.0
335, 372.0, 136.0
336, 298.0, 162.0
337, 125.0, 246.0
338, 127.0, 200.0
339, 222.0, 20.0
340, 117.0, 150.0
341, 195.0, 323.0
342, 346.0, 33.0
343, 641.0, 92.0
344, 415.0, 10.0
345, 300.0, 136.0
346, 191.0, 434.0
347, 133.0, 347.0
348, 515.0, 344.0
349, 424.0, 467.0
350, 69.0, 304.0
351, 347.0, 159.0
352, 268.0, 106.0
353, 286.0, 190.0
354, 149.0, 200.0
355, 267.0, 237.0
356, 478.0, 47.0
357, 342.0, 320.0
358, 354.0, 214.0
359, 266.0, 134.0
360, 479.0, 24.0
361, 124.0, 251.0
362, 337.0, 124.0
363, 492.0, 192.0
364, 348.0, 117.0
365, 373.0, 471.0
366, 364.0, 303.0
367, 304.0, 75.0
368, 301.0, 120.0
369, 78.0, 143.0
370, 420.0, 250.0
371, 343.0, 380.0
372, 90.0, 283.0
373, 473.0, 300.0
374, 343.0, 207.0
375, 170.0, 368.0
376, 461.0, 194.0
377, 406.0, 270.0
378, 29.0, 255.0
379, 477.0, 83.0
380, 547.0, 54.0
381, 242.0, 151.0
382, 107.0, 151.0
383, 220.0, 40.0
384, 135.0, 82.0
385, 436.0, 362.0
386, 461.0, 147.0
387, 144.0, 178.0
388, 281.0, 194.0
389, 225.0, 248.0
390, 282.0, 210.0
391, 241.0, 320.0
392, 482.0, 140.0
393, 256.0, 183.0
394, 240.0, 212.0
395, 297.0, 457.0
396, 306.0, 28.0
397, 326.0, 253.0
398, 203.0, 323.0
399, 398.0, 466.0
400, 87.0, 375.0
401, 87.0, 252.0
402, 176.0, 229.0
403, 317.0, 342.0
404, 477.0, 88.0
405, 371.0, 141.0
406, 241.0, 171.0
407, 254.0, 86.0
408, 333.0, 308.0
409, 180.0, 37.0
410, 411.0, 190.0
411, 471.0, 471.0
412, 144.0, 277.0
413, 274.0, 196.0
414, 187.0, 455.0
415, 477.0, 78.0
416, 229.0, 41.0
417, 302.0, 224.0
418, 104.0, 340.0
419, 256.0, 134.0
420, 190.0, 347.0
421, 188.0, 209.0
422, 520.0, 250.0
423, 76.0, 99.0
424, 207.0, 226.0
425, 335.0, 471.0
426, 480.0, 67.0
427, 302.0, 64.0
428, 302.0, 321.0
429, 139.0, 344.0
430, 214.0, 270.0
431, 509.0, 383.0
432, 183.0, 60.0
433, 623.0, 157.0
434, 191.0, 223.0
435, 137.0, 161.0
436, 499.0, 247.0
437, 422.0, 321.0
438, 240.0, 165.0
439, 98.0, 275.0
440, 271.0, 381.0
441, 276.0, 139.0
442, 192.0, 141.0
443, 336.0, 353.0
444, 121.0, 187.0
445, 317.0, 335.0
446, 242.0, 349.0
447, 341.0, 36.0
448, 479.0, 18.0
449, 215.0, 323.0
450, 476.0, 164.0
451, 235.0, 96.0
452, 137.0, 55.0
453, 281.0, 177.0
454, 76.0, 127.0
455, 149.0, 350.0
456, 461.0, 9.0
457, 103.0, 45.0
458, 363.0, 211.0
459, 142.0, 171.0
460, 494.0, 160.0
461, 344.0, 471.0
462, 440.0, 284.0
463, 344.0, 123.0
464, 155.0, 221.0
465, 197.0, 336.0
466, 90.0, 90.0
467, 367.0, 407.0
468, 233.0, 263.0
469, 233.0, 203.0
470, 79.0, 293.0
471, 9.0, 140.0
472, 59.0, 120.0
473, 365.0, 146.0
474, 274.0, 269.0
475, 292.0, 41.0
476, 199.0, 178.0
477, 483.0, 183.0
478, 186.0, 144.0
479, 381.0, 343.0
480, 272.0, 243.0
481, 398.0, 305.0
482, 120.0, 228.0
483, 462.0, 135.0
484, 274.0, 75.0
485, 245.0, 144.0
486, 128.0, 195.0
487, 70.0, 144.0
488, 622.0, 17.0
489, 324.0, 116.0
490, 343.0, 180.0
491, 307.0, 227.0
492, 152.0, 365.0
493, 460.0, 21.0
494, 501.0, 185.0
495, 333.0, 314.0
496, 168.0, 397.0
497, 317.0, 18.0
498, 168.0, 444.0
499, 313.0, 279.0
