0, 168.0, 408.0
1, 111.0, 436.0
2, 298.0, 315.0
3, 343.0, 404.0
4, 289.0, 452.0
5, 122.0, 449.0
6, 414.0, 325.0
7, 539.0, 36.0
8, 193.0, 365.0
9, 224.0, 389.0
10, 312.0, 381.0
11, 144.0, 448.0
12, 512.0, 50.0
13, 285.0, 376.0
14, 397.0, 342.0
15, 306.0, 195.0
16, 377.0, 399.0
17, 435.0, 17.0
18, 321.0, 344.0
19, 510.0, 66.0
20, 158.0, 433.0
21, 279.0, 328.0
22, 575.0, 349.0
23, 413.0, 337.0
24, 123.0, 439.0
25, 194.0, 312.0
26, 176.0, 459.0
27, 67.0, 422.0
28, 35.0, 392.0
29, 155.0, 348.0
30, 120.0, 299.0
31, 300.0, 73.0
32, 16.0, 410.0
33, 99.0, 285.0
34, 278.0, 280.0
35, 604.0, 147.0
36, 220.0, 359.0
37, 42.0, 435.0
38, 364.0, 385.0
39, 526.0, 42.0
40, 343.0, 428.0
41, 168.0, 450.0
42, 381.0, 372.0
43, 540.0, 215.0
44, 28.0, 437.0
45, 81.0, 287.0
46, 127.0, 396.0
47, 275.0, 84.0
48, 97.0, 333.0
49, 63.0, 431.0
50, 496.0, 457.0
51, 513.0, 291.0
52, 385.0, 317.0
53, 263.0, 37.0
54, 674.0, 383.0
55, 289.0, 299.0
56, 206.0, 364.0
57, 322.0, 253.0
58, 148.0, 283.0
59, 102.0, 301.0
60, 38.0, 404.0
61, 459.0, 15.0
62, 413.0, 356.0
63, 121.0, 459.0
64, 252.0, 462.0
65, 328.0, 426.0
66, 312.0, 211.0
67, 300.0, 87.0
68, 239.0, 398.0
69, 308.0, 301.0
70, 63.0, 339.0
71, 533.0, 66.0
72, 13.0, 318.0
73, 659.0, 75.0
74, 561.0, 342.0
75, 272.0, 459.0
76, 728.0, 81.0
77, 536.0, 52.0
78, 64.0, 263.0
79, 515.0, 37.0
80, 280.0, 40.0
81, 331.0, 264.0
82, 185.0, 433.0
83, 211.0, 408.0
84, 206.0, 343.0
85, 301.0, 289.0
86, 14.0, 277.0
87, 30.0, 284.0
88, 310.0, 242.0
89, 196.0, 470.0
90, 262.0, 404.0
91, 452.0, 379.0
92, 106.0, 322.0
93, 327.0, 354.0
94, 491.0, 307.0
95, 274.0, 60.0
96, 296.0, 43.0
97, 63.0, 441.0
98, 301.0, 107.0
99, 440.0, 427.0
100, 629.0, 356.0
101, 466.0, 98.0
102, 522.0, 61.0
103, 164.0, 380.0
104, 181.0, 316.0
105, 191.0, 440.0
106, 238.0, 357.0
107, 595.0, 84.0
108, 132.0, 450.0
109, 54.0, 353.0
110, 365.0, 157.0
111, 403.0, 334.0
112, 319.0, 220.0
113, 318.0, 198.0
114, 107.0, 273.0
115, 275.0, 105.0
116, 301.0, 62.0
117, 321.0, 40.0
118, 404.0, 159.0
119, 358.0, 401.0
120, 193.0, 273.0
121, 26.0, 266.0
122, 148.0, 305.0
123, 328.0, 212.0
124, 11.0, 393.0
125, 300.0, 394.0
126, 512.0, 204.0
127, 141.0, 471.0
128, 75.0, 263.0
129, 94.0, 271.0
130, 10.0, 252.0
131, 180.0, 337.0
132, 431.0, 251.0
133, 52.0, 427.0
134, 176.0, 470.0
135, 335.0, 229.0
136, 380.0, 337.0
137, 402.0, 316.0
138, 400.0, 353.0
139, 352.0, 390.0
140, 122.0, 410.0
141, 369.0, 443.0
142, 207.0, 387.0
143, 238.0, 389.0
144, 423.0, 445.0
145, 187.0, 383.0
146, 137.0, 435.0
147, 283.0, 71.0
148, 62.0, 368.0
149, 155.0, 454.0
150, 82.0, 336.0
151, 232.0, 462.0
152, 325.0, 236.0
153, 314.0, 471.0
154, 287.0, 344.0
155, 398.0, 421.0
156, 131.0, 462.0
157, 266.0, 8.0
158, 191.0, 119.0
159, 633.0, 120.0
160, 24.0, 248.0
161, 88.0, 354.0
162, 313.0, 230.0
163, 249.0, 387.0
164, 441.0, 280.0
165, 605.0, 211.0
166, 393.0, 402.0
167, 63.0, 409.0
168, 187.0, 104.0
169, 389.0, 330.0
170, 357.0, 38.0
171, 20.0, 343.0
172, 95.0, 375.0
173, 188.0, 395.0
174, 551.0, 52.0
175, 472.0, 427.0
176, 330.0, 302.0
177, 197.0, 385.0
178, 262.0, 422.0
179, 243.0, 107.0
180, 424.0, 371.0
181, 411.0, 312.0
182, 349.0, 189.0
183, 694.0, 379.0
184, 244.0, 135.0
185, 299.0, 370.0
186, 43.0, 289.0
187, 672.0, 145.0
188, 180.0, 22.0
189, 524.0, 51.0
190, 258.0, 448.0
191, 403.0, 390.0
192, 56.0, 326.0
193, 636.0, 107.0
194, 452.0, 186.0
195, 390.0, 253.0
196, 449.0, 370.0
197, 341.0, 205.0
198, 120.0, 471.0
199, 53.0, 288.0
200, 643.0, 75.0
201, 347.0, 362.0
202, 63.0, 400.0
203, 190.0, 134.0
204, 114.0, 262.0
205, 15.0, 438.0
206, 261.0, 441.0
207, 291.0, 166.0
208, 67.0, 388.0
209, 398.0, 257.0
210, 138.0, 293.0
211, 229.0, 341.0
212, 245.0, 165.0
213, 118.0, 392.0
214, 226.0, 351.0
215, 487.0, 178.0
216, 417.0, 109.0
217, 636.0, 89.0
218, 412.0, 34.0
219, 150.0, 429.0
220, 498.0, 266.0
221, 530.0, 104.0
222, 496.0, 65.0
223, 656.0, 43.0
224, 481.0, 444.0
225, 291.0, 136.0
226, 492.0, 359.0
227, 432.0, 182.0
228, 278.0, 423.0
229, 189.0, 351.0
230, 328.0, 244.0
231, 714.0, 374.0
232, 500.0, 210.0
233, 208.0, 370.0
234, 364.0, 307.0
235, 192.0, 167.0
236, 235.0, 372.0
237, 44.0, 339.0
238, 644.0, 56.0
239, 365.0, 407.0
240, 204.0, 288.0
241, 8.0, 452.0
242, 541.0, 442.0
243, 166.0, 421.0
244, 445.0, 433.0
245, 572.0, 447.0
246, 72.0, 335.0
247, 374.0, 390.0
248, 225.0, 399.0
249, 436.0, 313.0
250, 661.0, 121.0
251, 396.0, 36.0
252, 342.0, 307.0
253, 262.0, 355.0
254, 105.0, 409.0
255, 624.0, 106.0
256, 727.0, 435.0
257, 608.0, 134.0
258, 292.0, 265.0
259, 420.0, 383.0
260, 70.0, 316.0
261, 531.0, 453.0
262, 468.0, 78.0
263, 504.0, 249.0
264, 322.0, 412.0
265, 268.0, 391.0
266, 689.0, 120.0
267, 147.0, 392.0
268, 675.0, 76.0
269, 190.0, 222.0
270, 140.0, 425.0
271, 453.0, 33.0
272, 181.0, 399.0
273, 235.0, 438.0
274, 449.0, 154.0
275, 619.0, 121.0
276, 528.0, 173.0
277, 230.0, 405.0
278, 272.0, 451.0
279, 614.0, 151.0
280, 229.0, 421.0
281, 442.0, 264.0
282, 537.0, 437.0
283, 154.0, 468.0
284, 284.0, 85.0
285, 241.0, 440.0
286, 403.0, 172.0
287, 537.0, 82.0
288, 599.0, 235.0
289, 430.0, 327.0
290, 314.0, 397.0
291, 408.0, 422.0
292, 732.0, 189.0
293, 392.0, 72.0
294, 303.0, 335.0
295, 264.0, 350.0
296, 630.0, 135.0
297, 251.0, 409.0
298, 612.0, 189.0
299, 262.0, 378.0
300, 416.0, 81.0
301, 459.0, 350.0
302, 501.0, 311.0
303, 680.0, 119.0
304, 543.0, 423.0
305, 245.0, 154.0
306, 185.0, 375.0
307, 629.0, 235.0
308, 496.0, 292.0
309, 181.0, 276.0
310, 628.0, 95.0
311, 428.0, 346.0
312, 290.0, 131.0
313, 189.0, 410.0
314, 551.0, 36.0
315, 242.0, 421.0
316, 680.0, 355.0
317, 344.0, 265.0
318, 315.0, 415.0
319, 617.0, 137.0
320, 48.0, 303.0
321, 156.0, 360.0
322, 355.0, 372.0
323, 194.0, 153.0
324, 529.0, 162.0
325, 508.0, 214.0
326, 426.0, 322.0
327, 511.0, 192.0
328, 615.0, 247.0
329, 521.0, 224.0
330, 183.0, 413.0
331, 177.0, 355.0
332, 597.0, 254.0
333, 509.0, 223.0
334, 598.0, 244.0
335, 180.0, 94.0
336, 141.0, 230.0
337, 599.0, 22.0
338, 316.0, 402.0
339, 407.0, 134.0
340, 428.0, 426.0
341, 362.0, 229.0
342, 451.0, 146.0
343, 682.0, 373.0
344, 160.0, 458.0
345, 490.0, 157.0
346, 726.0, 209.0
347, 720.0, 257.0
348, 294.0, 258.0
349, 248.0, 400.0
350, 492.0, 205.0
351, 494.0, 283.0
352, 111.0, 306.0
353, 230.0, 457.0
354, 621.0, 66.0
355, 738.0, 12.0
356, 654.0, 102.0
357, 344.0, 292.0
358, 398.0, 311.0
359, 104.0, 404.0
360, 417.0, 59.0
361, 662.0, 223.0
362, 378.0, 38.0
363, 160.0, 283.0
364, 312.0, 316.0
365, 168.0, 280.0
366, 655.0, 376.0
367, 482.0, 216.0
368, 491.0, 449.0
369, 37.0, 333.0
370, 215.0, 467.0
371, 57.0, 269.0
372, 57.0, 229.0
373, 467.0, 425.0
374, 447.0, 227.0
375, 436.0, 277.0
376, 31.0, 291.0
377, 57.0, 395.0
378, 490.0, 92.0
379, 72.0, 440.0
380, 335.0, 344.0
381, 294.0, 271.0
382, 135.0, 404.0
383, 512.0, 182.0
384, 523.0, 414.0
385, 158.0, 402.0
386, 474.0, 278.0
387, 62.0, 202.0
388, 583.0, 251.0
389, 644.0, 33.0
390, 607.0, 244.0
391, 412.0, 256.0
392, 382.0, 405.0
393, 202.0, 433.0
394, 618.0, 93.0
395, 160.0, 423.0
396, 507.0, 88.0
397, 709.0, 389.0
398, 723.0, 17.0
399, 163.0, 463.0
400, 457.0, 307.0
401, 58.0, 388.0
402, 411.0, 268.0
403, 495.0, 229.0
404, 593.0, 218.0
405, 663.0, 60.0
406, 57.0, 346.0
407, 504.0, 93.0
408, 176.0, 447.0
409, 725.0, 256.0
410, 550.0, 94.0
411, 293.0, 193.0
412, 596.0, 208.0
413, 616.0, 381.0
414, 702.0, 79.0
415, 123.0, 423.0
416, 523.0, 205.0
417, 143.0, 362.0
418, 448.0, 388.0
419, 298.0, 303.0
420, 601.0, 184.0
421, 498.0, 47.0
422, 179.0, 418.0
423, 717.0, 36.0
424, 507.0, 283.0
425, 396.0, 294.0
426, 743.0, 39.0
427, 342.0, 377.0
428, 608.0, 21.0
429, 629.0, 35.0
430, 446.0, 244.0
431, 463.0, 371.0
432, 159.0, 413.0
433, 319.0, 184.0
434, 533.0, 128.0
435, 655.0, 86.0
436, 25.0, 343.0
437, 362.0, 199.0
438, 480.0, 169.0
439, 198.0, 378.0
440, 487.0, 383.0
441, 276.0, 432.0
442, 614.0, 223.0
443, 655.0, 353.0
444, 612.0, 233.0
445, 406.0, 223.0
446, 423.0, 333.0
447, 397.0, 270.0
448, 58.0, 289.0
449, 339.0, 246.0
450, 165.0, 471.0
451, 590.0, 266.0
452, 256.0, 415.0
453, 150.0, 359.0
454, 15.0, 433.0
455, 267.0, 422.0
456, 476.0, 71.0
457, 211.0, 435.0
458, 272.0, 11.0
459, 379.0, 309.0
460, 380.0, 348.0
461, 49.0, 339.0
462, 340.0, 195.0
463, 728.0, 16.0
464, 501.0, 155.0
465, 279.0, 384.0
466, 18.0, 249.0
467, 688.0, 332.0
468, 109.0, 425.0
469, 337.0, 305.0
470, 666.0, 54.0
471, 620.0, 307.0
472, 514.0, 31.0
473, 461.0, 280.0
474, 734.0, 440.0
475, 549.0, 188.0
476, 342.0, 40.0
477, 385.0, 422.0
478, 272.0, 374.0
479, 333.0, 339.0
480, 503.0, 182.0
481, 700.0, 366.0
482, 401.0, 35.0
483, 417.0, 222.0
484, 428.0, 352.0
485, 77.0, 336.0
486, 344.0, 247.0
487, 183.0, 63.0
488, 30.0, 425.0
489, 648.0, 115.0
490, 48.0, 289.0
491, 32.0, 311.0
492, 574.0, 24.0
493, 23.0, 307.0
494, 363.0, 213.0
495, 595.0, 165.0
496, 442.0, 197.0
497, 722.0, 431.0
498, 651.0, 409.0
499, 243.0, 119.0
