0, 485.0, 361.0
1, 500.0, 331.0
2, 309.0, 172.0
3, 435.0, 335.0
4, 256.0, 176.0
5, 661.0, 363.0
6, 708.0, 259.0
7, 487.0, 338.0
8, 350.0, 320.0
9, 461.0, 318.0
10, 413.0, 441.0
11, 534.0, 144.0
12, 686.0, 415.0
13, 463.0, 303.0
14, 483.0, 197.0
15, 443.0, 305.0
16, 512.0, 332.0
17, 454.0, 177.0
18, 277.0, 166.0
19, 44.0, 67.0
20, 31.0, 57.0
21, 601.0, 365.0
22, 385.0, 343.0
23, 354.0, 252.0
24, 429.0, 327.0
25, 499.0, 144.0
26, 434.0, 300.0
27, 441.0, 76.0
28, 494.0, 210.0
29, 380.0, 312.0
30, 31.0, 76.0
31, 292.0, 189.0
32, 270.0, 141.0
33, 399.0, 394.0
34, 573.0, 333.0
35, 232.0, 147.0
36, 399.0, 454.0
37, 496.0, 282.0
38, 302.0, 85.0
39, 393.0, 465.0
40, 408.0, 470.0
41, 329.0, 177.0
42, 706.0, 424.0
43, 457.0, 340.0
44, 393.0, 376.0
45, 43.0, 91.0
46, 602.0, 83.0
47, 394.0, 436.0
48, 564.0, 186.0
49, 44.0, 79.0
50, 449.0, 315.0
51, 316.0, 11.0
52, 720.0, 437.0
53, 513.0, 410.0
54, 308.0, 191.0
55, 263.0, 149.0
56, 506.0, 401.0
57, 601.0, 352.0
58, 456.0, 459.0
59, 586.0, 335.0
60, 358.0, 329.0
61, 434.0, 402.0
62, 680.0, 230.0
63, 442.0, 389.0
64, 581.0, 445.0
65, 387.0, 321.0
66, 223.0, 161.0
67, 246.0, 147.0
68, 504.0, 67.0
69, 60.0, 67.0
70, 22.0, 398.0
71, 264.0, 50.0
72, 436.0, 98.0
73, 350.0, 216.0
74, 283.0, 157.0
75, 526.0, 335.0
76, 544.0, 203.0
77, 294.0, 172.0
78, 628.0, 432.0
79, 56.0, 82.0
80, 441.0, 376.0
81, 447.0, 325.0
82, 696.0, 256.0
83, 568.0, 459.0
84, 485.0, 373.0
85, 462.0, 245.0
86, 432.0, 158.0
87, 527.0, 430.0
88, 446.0, 424.0
89, 484.0, 395.0
90, 598.0, 381.0
91, 575.0, 200.0
92, 444.0, 456.0
93, 462.0, 96.0
94, 61.0, 107.0
95, 364.0, 117.0
96, 434.0, 448.0
97, 340.0, 316.0
98, 464.0, 208.0
99, 357.0, 285.0
100, 415.0, 332.0
101, 332.0, 8.0
102, 413.0, 460.0
103, 497.0, 423.0
104, 632.0, 467.0
105, 718.0, 369.0
106, 351.0, 304.0
107, 572.0, 304.0
108, 365.0, 294.0
109, 447.0, 368.0
110, 583.0, 416.0
111, 450.0, 381.0
112, 471.0, 445.0
113, 662.0, 469.0
114, 557.0, 71.0
115, 8.0, 389.0
116, 495.0, 356.0
117, 332.0, 151.0
118, 410.0, 384.0
119, 719.0, 405.0
120, 373.0, 304.0
121, 10.0, 361.0
122, 371.0, 102.0
123, 568.0, 13.0
124, 342.0, 268.0
125, 406.0, 275.0
126, 531.0, 407.0
127, 471.0, 461.0
128, 550.0, 329.0
129, 550.0, 338.0
130, 243.0, 184.0
131, 604.0, 467.0
132, 397.0, 357.0
133, 524.0, 68.0
134, 609.0, 56.0
135, 9.0, 463.0
136, 565.0, 201.0
137, 426.0, 183.0
138, 348.0, 444.0
139, 391.0, 301.0
140, 511.0, 452.0
141, 359.0, 361.0
142, 505.0, 355.0
143, 475.0, 351.0
144, 422.0, 198.0
145, 20.0, 369.0
146, 551.0, 466.0
147, 675.0, 394.0
148, 362.0, 59.0
149, 694.0, 362.0
150, 375.0, 361.0
151, 363.0, 181.0
152, 660.0, 375.0
153, 656.0, 388.0
154, 493.0, 185.0
155, 545.0, 186.0
156, 470.0, 332.0
157, 387.0, 388.0
158, 228.0, 37.0
159, 595.0, 416.0
160, 668.0, 256.0
161, 212.0, 149.0
162, 331.0, 88.0
163, 423.0, 381.0
164, 33.0, 100.0
165, 488.0, 322.0
166, 454.0, 277.0
167, 707.0, 387.0
168, 569.0, 104.0
169, 303.0, 75.0
170, 643.0, 461.0
171, 666.0, 234.0
172, 431.0, 364.0
173, 736.0, 396.0
174, 513.0, 343.0
175, 394.0, 255.0
176, 428.0, 391.0
177, 491.0, 248.0
178, 594.0, 60.0
179, 227.0, 64.0
180, 459.0, 288.0
181, 701.0, 374.0
182, 281.0, 187.0
183, 243.0, 158.0
184, 676.0, 244.0
185, 433.0, 419.0
186, 570.0, 71.0
187, 671.0, 52.0
188, 462.0, 74.0
189, 434.0, 312.0
190, 572.0, 350.0
191, 544.0, 67.0
192, 737.0, 361.0
193, 253.0, 138.0
194, 91.0, 396.0
195, 30.0, 453.0
196, 219.0, 183.0
197, 452.0, 401.0
198, 486.0, 464.0
199, 447.0, 353.0
200, 377.0, 334.0
201, 699.0, 232.0
202, 540.0, 346.0
203, 392.0, 100.0
204, 558.0, 252.0
205, 672.0, 381.0
206, 486.0, 346.0
207, 492.0, 198.0
208, 513.0, 426.0
209, 433.0, 468.0
210, 694.0, 278.0
211, 460.0, 400.0
212, 304.0, 66.0
213, 654.0, 456.0
214, 502.0, 449.0
215, 671.0, 276.0
216, 740.0, 374.0
217, 527.0, 196.0
218, 590.0, 13.0
219, 424.0, 470.0
220, 587.0, 462.0
221, 462.0, 389.0
222, 263.0, 91.0
223, 639.0, 471.0
224, 452.0, 389.0
225, 459.0, 433.0
226, 398.0, 182.0
227, 521.0, 394.0
228, 455.0, 159.0
229, 230.0, 75.0
230, 689.0, 335.0
231, 539.0, 380.0
232, 580.0, 359.0
233, 645.0, 374.0
234, 553.0, 294.0
235, 338.0, 328.0
236, 365.0, 323.0
237, 37.0, 405.0
238, 541.0, 89.0
239, 320.0, 174.0
240, 371.0, 56.0
241, 392.0, 83.0
242, 350.0, 192.0
243, 589.0, 88.0
244, 339.0, 352.0
245, 90.0, 174.0
246, 414.0, 371.0
247, 429.0, 424.0
248, 295.0, 101.0
249, 483.0, 185.0
250, 662.0, 328.0
251, 437.0, 369.0
252, 406.0, 240.0
253, 91.0, 375.0
254, 567.0, 133.0
255, 645.0, 436.0
256, 518.0, 92.0
257, 99.0, 212.0
258, 488.0, 292.0
259, 493.0, 384.0
260, 436.0, 88.0
261, 20.0, 173.0
262, 669.0, 82.0
263, 548.0, 104.0
264, 331.0, 115.0
265, 228.0, 8.0
266, 342.0, 239.0
267, 583.0, 187.0
268, 338.0, 283.0
269, 665.0, 242.0
270, 732.0, 410.0
271, 445.0, 169.0
272, 384.0, 281.0
273, 571.0, 417.0
274, 524.0, 245.0
275, 335.0, 372.0
276, 268.0, 177.0
277, 368.0, 311.0
278, 690.0, 237.0
279, 344.0, 107.0
280, 376.0, 373.0
281, 691.0, 398.0
282, 378.0, 78.0
283, 341.0, 296.0
284, 89.0, 458.0
285, 722.0, 418.0
286, 434.0, 110.0
287, 526.0, 206.0
288, 596.0, 96.0
289, 558.0, 105.0
290, 16.0, 263.0
291, 434.0, 237.0
292, 418.0, 71.0
293, 536.0, 339.0
294, 668.0, 303.0
295, 450.0, 299.0
296, 513.0, 117.0
297, 388.0, 17.0
298, 434.0, 357.0
299, 600.0, 105.0
300, 532.0, 395.0
301, 321.0, 16.0
302, 716.0, 334.0
303, 285.0, 176.0
304, 399.0, 335.0
305, 492.0, 447.0
306, 713.0, 457.0
307, 518.0, 296.0
308, 251.0, 149.0
309, 533.0, 371.0
310, 19.0, 424.0
311, 286.0, 401.0
312, 359.0, 314.0
313, 267.0, 167.0
314, 495.0, 232.0
315, 279.0, 395.0
316, 437.0, 201.0
317, 378.0, 272.0
318, 507.0, 471.0
319, 672.0, 365.0
320, 513.0, 186.0
321, 531.0, 328.0
322, 230.0, 24.0
323, 678.0, 269.0
324, 482.0, 384.0
325, 580.0, 341.0
326, 220.0, 140.0
327, 417.0, 420.0
328, 458.0, 329.0
329, 651.0, 465.0
330, 339.0, 194.0
331, 418.0, 263.0
332, 508.0, 108.0
333, 230.0, 174.0
334, 357.0, 352.0
335, 454.0, 425.0
336, 437.0, 193.0
337, 334.0, 105.0
338, 357.0, 376.0
339, 259.0, 44.0
340, 91.0, 414.0
341, 279.0, 174.0
342, 332.0, 445.0
343, 122.0, 157.0
344, 519.0, 353.0
345, 566.0, 91.0
346, 460.0, 230.0
347, 470.0, 350.0
348, 594.0, 111.0
349, 665.0, 337.0
350, 473.0, 319.0
351, 11.0, 412.0
352, 497.0, 124.0
353, 455.0, 354.0
354, 669.0, 87.0
355, 343.0, 253.0
356, 427.0, 348.0
357, 480.0, 418.0
358, 420.0, 415.0
359, 269.0, 182.0
360, 344.0, 281.0
361, 388.0, 266.0
362, 727.0, 361.0
363, 520.0, 109.0
364, 408.0, 348.0
365, 151.0, 295.0
366, 366.0, 379.0
367, 728.0, 344.0
368, 92.0, 403.0
369, 389.0, 88.0
370, 504.0, 185.0
371, 535.0, 461.0
372, 143.0, 158.0
373, 574.0, 389.0
374, 577.0, 351.0
375, 723.0, 428.0
376, 453.0, 306.0
377, 248.0, 166.0
378, 340.0, 246.0
379, 448.0, 447.0
380, 443.0, 177.0
381, 719.0, 202.0
382, 417.0, 297.0
383, 443.0, 263.0
384, 350.0, 187.0
385, 640.0, 433.0
386, 296.0, 96.0
387, 373.0, 115.0
388, 340.0, 305.0
389, 607.0, 94.0
390, 587.0, 105.0
391, 523.0, 221.0
392, 341.0, 291.0
393, 536.0, 186.0
394, 683.0, 381.0
395, 512.0, 103.0
396, 370.0, 110.0
397, 525.0, 232.0
398, 680.0, 352.0
399, 409.0, 374.0
400, 88.0, 471.0
401, 565.0, 96.0
402, 520.0, 458.0
403, 370.0, 323.0
404, 378.0, 295.0
405, 567.0, 138.0
406, 350.0, 366.0
407, 393.0, 329.0
408, 28.0, 409.0
409, 524.0, 297.0
410, 568.0, 128.0
411, 423.0, 420.0
412, 687.0, 330.0
413, 432.0, 285.0
414, 510.0, 270.0
415, 445.0, 346.0
416, 473.0, 34.0
417, 268.0, 153.0
418, 92.0, 409.0
419, 513.0, 324.0
420, 721.0, 381.0
421, 393.0, 78.0
422, 721.0, 336.0
423, 326.0, 192.0
424, 364.0, 84.0
425, 343.0, 181.0
426, 274.0, 67.0
427, 374.0, 354.0
428, 669.0, 92.0
429, 367.0, 269.0
430, 711.0, 333.0
431, 568.0, 119.0
432, 280.0, 180.0
433, 476.0, 356.0
434, 539.0, 276.0
435, 471.0, 455.0
436, 578.0, 460.0
437, 373.0, 120.0
438, 366.0, 74.0
439, 532.0, 169.0
440, 393.0, 349.0
441, 398.0, 36.0
442, 469.0, 343.0
443, 665.0, 409.0
444, 431.0, 255.0
445, 614.0, 55.0
446, 471.0, 184.0
447, 398.0, 200.0
448, 588.0, 110.0
449, 415.0, 66.0
450, 593.0, 8.0
451, 575.0, 341.0
452, 563.0, 412.0
453, 436.0, 216.0
454, 485.0, 55.0
455, 123.0, 175.0
456, 306.0, 273.0
457, 258.0, 159.0
458, 359.0, 272.0
459, 8.0, 340.0
460, 296.0, 177.0
461, 356.0, 140.0
462, 440.0, 313.0
463, 415.0, 355.0
464, 231.0, 56.0
465, 546.0, 99.0
466, 372.0, 334.0
467, 405.0, 343.0
468, 434.0, 105.0
469, 238.0, 163.0
470, 503.0, 249.0
471, 432.0, 137.0
472, 589.0, 471.0
473, 681.0, 368.0
474, 530.0, 460.0
475, 498.0, 67.0
476, 444.0, 158.0
477, 605.0, 195.0
478, 435.0, 222.0
479, 672.0, 271.0
480, 532.0, 385.0
481, 564.0, 104.0
482, 340.0, 384.0
483, 448.0, 37.0
484, 394.0, 106.0
485, 543.0, 292.0
486, 683.0, 402.0
487, 348.0, 275.0
488, 388.0, 364.0
489, 336.0, 300.0
490, 332.0, 453.0
491, 514.0, 384.0
492, 93.0, 341.0
493, 666.0, 376.0
494, 501.0, 33.0
495, 360.0, 323.0
496, 376.0, 348.0
497, 445.0, 297.0
498, 343.0, 370.0
499, 533.0, 470.0
