0, 404.0, 294.0
1, 618.0, 289.0
2, 538.0, 167.0
3, 410.0, 373.0
4, 636.0, 389.0
5, 426.0, 369.0
6, 489.0, 267.0
7, 303.0, 261.0
8, 423.0, 297.0
9, 615.0, 308.0
10, 490.0, 404.0
11, 501.0, 91.0
12, 403.0, 389.0
13, 360.0, 292.0
14, 258.0, 369.0
15, 499.0, 106.0
16, 697.0, 249.0
17, 439.0, 336.0
18, 467.0, 379.0
19, 443.0, 163.0
20, 507.0, 400.0
21, 510.0, 279.0
22, 236.0, 432.0
23, 506.0, 428.0
24, 448.0, 398.0
25, 317.0, 261.0
26, 421.0, 383.0
27, 428.0, 334.0
28, 557.0, 380.0
29, 549.0, 295.0
30, 638.0, 262.0
31, 474.0, 85.0
32, 499.0, 344.0
33, 260.0, 85.0
34, 307.0, 41.0
35, 431.0, 380.0
36, 558.0, 242.0
37, 547.0, 251.0
38, 481.0, 297.0
39, 381.0, 213.0
40, 147.0, 362.0
41, 238.0, 388.0
42, 415.0, 283.0
43, 194.0, 277.0
44, 261.0, 334.0
45, 488.0, 437.0
46, 125.0, 386.0
47, 615.0, 165.0
48, 229.0, 110.0
49, 507.0, 389.0
50, 293.0, 151.0
51, 341.0, 176.0
52, 238.0, 357.0
53, 386.0, 182.0
54, 601.0, 375.0
55, 559.0, 258.0
56, 65.0, 452.0
57, 565.0, 23.0
58, 606.0, 390.0
59, 492.0, 386.0
60, 245.0, 365.0
61, 715.0, 152.0
62, 467.0, 392.0
63, 529.0, 422.0
64, 223.0, 424.0
65, 528.0, 235.0
66, 116.0, 396.0
67, 523.0, 294.0
68, 402.0, 309.0
69, 692.0, 429.0
70, 529.0, 376.0
71, 463.0, 295.0
72, 392.0, 219.0
73, 603.0, 365.0
74, 718.0, 412.0
75, 364.0, 173.0
76, 370.0, 303.0
77, 639.0, 366.0
78, 554.0, 278.0
79, 547.0, 380.0
80, 569.0, 377.0
81, 54.0, 468.0
82, 642.0, 245.0
83, 638.0, 422.0
84, 459.0, 362.0
85, 431.0, 402.0
86, 359.0, 214.0
87, 397.0, 241.0
88, 97.0, 416.0
89, 625.0, 19.0
90, 269.0, 62.0
91, 449.0, 237.0
92, 527.0, 444.0
93, 547.0, 188.0
94, 555.0, 318.0
95, 528.0, 354.0
96, 711.0, 249.0
97, 612.0, 377.0
98, 376.0, 236.0
99, 350.0, 232.0
100, 424.0, 422.0
101, 583.0, 350.0
102, 468.0, 364.0
103, 77.0, 439.0
104, 264.0, 114.0
105, 444.0, 108.0
106, 246.0, 113.0
107, 304.0, 282.0
108, 248.0, 374.0
109, 274.0, 138.0
110, 394.0, 433.0
111, 654.0, 397.0
112, 319.0, 284.0
113, 216.0, 197.0
114, 566.0, 341.0
115, 432.0, 48.0
116, 408.0, 469.0
117, 276.0, 155.0
118, 306.0, 21.0
119, 707.0, 450.0
120, 243.0, 81.0
121, 132.0, 378.0
122, 290.0, 111.0
123, 710.0, 171.0
124, 107.0, 406.0
125, 266.0, 139.0
126, 700.0, 299.0
127, 402.0, 197.0
128, 456.0, 320.0
129, 692.0, 289.0
130, 229.0, 381.0
131, 672.0, 98.0
132, 529.0, 244.0
133, 510.0, 249.0
134, 721.0, 249.0
135, 211.0, 175.0
136, 234.0, 163.0
137, 541.0, 336.0
138, 535.0, 252.0
139, 509.0, 348.0
140, 163.0, 365.0
141, 223.0, 405.0
142, 140.0, 370.0
143, 706.0, 471.0
144, 431.0, 281.0
145, 522.0, 258.0
146, 86.0, 428.0
147, 459.0, 413.0
148, 674.0, 83.0
149, 460.0, 178.0
150, 411.0, 410.0
151, 694.0, 267.0
152, 248.0, 342.0
153, 444.0, 313.0
154, 444.0, 181.0
155, 602.0, 172.0
156, 683.0, 409.0
157, 234.0, 267.0
158, 290.0, 51.0
159, 565.0, 431.0
160, 194.0, 311.0
161, 304.0, 272.0
162, 250.0, 143.0
163, 518.0, 144.0
164, 401.0, 284.0
165, 588.0, 338.0
166, 353.0, 192.0
167, 557.0, 389.0
168, 347.0, 451.0
169, 441.0, 325.0
170, 415.0, 316.0
171, 215.0, 267.0
172, 626.0, 398.0
173, 433.0, 462.0
174, 408.0, 214.0
175, 625.0, 465.0
176, 272.0, 113.0
177, 633.0, 100.0
178, 382.0, 438.0
179, 551.0, 338.0
180, 526.0, 316.0
181, 234.0, 401.0
182, 200.0, 54.0
183, 663.0, 451.0
184, 416.0, 261.0
185, 478.0, 146.0
186, 702.0, 75.0
187, 278.0, 15.0
188, 87.0, 397.0
189, 592.0, 450.0
190, 310.0, 66.0
191, 187.0, 29.0
192, 635.0, 274.0
193, 446.0, 292.0
194, 418.0, 143.0
195, 445.0, 411.0
196, 408.0, 166.0
197, 455.0, 384.0
198, 233.0, 144.0
199, 185.0, 320.0
200, 217.0, 396.0
201, 48.0, 413.0
202, 558.0, 365.0
203, 252.0, 166.0
204, 224.0, 195.0
205, 668.0, 123.0
206, 672.0, 405.0
207, 250.0, 391.0
208, 134.0, 332.0
209, 510.0, 14.0
210, 604.0, 20.0
211, 555.0, 70.0
212, 597.0, 401.0
213, 448.0, 364.0
214, 399.0, 408.0
215, 614.0, 98.0
216, 274.0, 356.0
217, 165.0, 342.0
218, 355.0, 432.0
219, 730.0, 426.0
220, 288.0, 30.0
221, 728.0, 93.0
222, 600.0, 186.0
223, 311.0, 151.0
224, 702.0, 411.0
225, 244.0, 399.0
226, 526.0, 334.0
227, 556.0, 101.0
228, 714.0, 269.0
229, 653.0, 183.0
230, 39.0, 426.0
231, 100.0, 397.0
232, 623.0, 69.0
233, 550.0, 174.0
234, 533.0, 308.0
235, 478.0, 323.0
236, 595.0, 262.0
237, 452.0, 303.0
238, 635.0, 404.0
239, 587.0, 80.0
240, 447.0, 263.0
241, 236.0, 49.0
242, 736.0, 185.0
243, 719.0, 445.0
244, 213.0, 158.0
245, 573.0, 367.0
246, 373.0, 397.0
247, 620.0, 411.0
248, 202.0, 100.0
249, 245.0, 418.0
250, 531.0, 400.0
251, 467.0, 471.0
252, 736.0, 469.0
253, 461.0, 31.0
254, 573.0, 461.0
255, 556.0, 399.0
256, 287.0, 9.0
257, 591.0, 354.0
258, 594.0, 311.0
259, 609.0, 278.0
260, 630.0, 441.0
261, 96.0, 387.0
262, 414.0, 300.0
263, 438.0, 370.0
264, 595.0, 384.0
265, 653.0, 413.0
266, 496.0, 189.0
267, 484.0, 330.0
268, 520.0, 241.0
269, 727.0, 454.0
270, 599.0, 296.0
271, 195.0, 56.0
272, 434.0, 252.0
273, 650.0, 438.0
274, 490.0, 46.0
275, 270.0, 87.0
276, 642.0, 140.0
277, 517.0, 232.0
278, 160.0, 348.0
279, 348.0, 156.0
280, 376.0, 390.0
281, 543.0, 236.0
282, 534.0, 315.0
283, 518.0, 211.0
284, 313.0, 386.0
285, 393.0, 290.0
286, 224.0, 51.0
287, 582.0, 432.0
288, 370.0, 197.0
289, 374.0, 285.0
290, 391.0, 364.0
291, 203.0, 64.0
292, 697.0, 142.0
293, 644.0, 404.0
294, 538.0, 105.0
295, 288.0, 40.0
296, 281.0, 65.0
297, 231.0, 372.0
298, 586.0, 247.0
299, 256.0, 378.0
300, 586.0, 373.0
301, 67.0, 416.0
302, 306.0, 392.0
303, 511.0, 40.0
304, 521.0, 92.0
305, 404.0, 413.0
306, 530.0, 405.0
307, 562.0, 267.0
308, 291.0, 364.0
309, 287.0, 91.0
310, 379.0, 385.0
311, 121.0, 363.0
312, 644.0, 393.0
313, 157.0, 372.0
314, 538.0, 207.0
315, 232.0, 419.0
316, 574.0, 268.0
317, 350.0, 283.0
318, 437.0, 389.0
319, 530.0, 395.0
320, 668.0, 418.0
321, 216.0, 433.0
322, 609.0, 452.0
323, 152.0, 374.0
324, 601.0, 457.0
325, 319.0, 394.0
326, 538.0, 230.0
327, 77.0, 406.0
328, 714.0, 423.0
329, 567.0, 172.0
330, 288.0, 99.0
331, 541.0, 317.0
332, 477.0, 285.0
333, 34.0, 454.0
334, 247.0, 413.0
335, 331.0, 156.0
336, 476.0, 318.0
337, 279.0, 36.0
338, 237.0, 306.0
339, 550.0, 20.0
340, 625.0, 384.0
341, 556.0, 226.0
342, 388.0, 435.0
343, 300.0, 57.0
344, 122.0, 412.0
345, 137.0, 391.0
346, 50.0, 451.0
347, 56.0, 402.0
348, 396.0, 154.0
349, 692.0, 169.0
350, 311.0, 380.0
351, 391.0, 303.0
352, 385.0, 145.0
353, 441.0, 320.0
354, 382.0, 156.0
355, 166.0, 201.0
356, 526.0, 8.0
357, 649.0, 467.0
358, 535.0, 342.0
359, 509.0, 371.0
360, 656.0, 109.0
361, 592.0, 407.0
362, 475.0, 328.0
363, 265.0, 360.0
364, 119.0, 348.0
365, 80.0, 415.0
366, 615.0, 410.0
367, 465.0, 283.0
368, 337.0, 156.0
369, 132.0, 361.0
370, 540.0, 368.0
371, 218.0, 169.0
372, 188.0, 210.0
373, 476.0, 186.0
374, 417.0, 227.0
375, 443.0, 455.0
376, 599.0, 228.0
377, 252.0, 351.0
378, 438.0, 141.0
379, 679.0, 226.0
380, 361.0, 155.0
381, 626.0, 275.0
382, 215.0, 410.0
383, 582.0, 268.0
384, 72.0, 395.0
385, 496.0, 130.0
386, 105.0, 379.0
387, 489.0, 251.0
388, 444.0, 103.0
389, 548.0, 233.0
390, 280.0, 55.0
391, 727.0, 220.0
392, 321.0, 382.0
393, 33.0, 438.0
394, 107.0, 388.0
395, 103.0, 289.0
396, 429.0, 205.0
397, 229.0, 413.0
398, 587.0, 11.0
399, 31.0, 459.0
400, 352.0, 437.0
401, 510.0, 266.0
402, 510.0, 450.0
403, 320.0, 157.0
404, 287.0, 285.0
405, 505.0, 46.0
406, 503.0, 152.0
407, 279.0, 31.0
408, 574.0, 71.0
409, 209.0, 167.0
410, 381.0, 302.0
411, 741.0, 469.0
412, 396.0, 285.0
413, 229.0, 408.0
414, 376.0, 155.0
415, 74.0, 469.0
416, 695.0, 295.0
417, 545.0, 368.0
418, 622.0, 88.0
419, 717.0, 463.0
420, 589.0, 117.0
421, 477.0, 8.0
422, 56.0, 427.0
423, 560.0, 353.0
424, 206.0, 433.0
425, 586.0, 88.0
426, 337.0, 283.0
427, 436.0, 192.0
428, 565.0, 371.0
429, 311.0, 156.0
430, 274.0, 62.0
431, 466.0, 322.0
432, 117.0, 277.0
433, 242.0, 423.0
434, 613.0, 103.0
435, 570.0, 317.0
436, 321.0, 142.0
437, 202.0, 276.0
438, 604.0, 70.0
439, 570.0, 455.0
440, 588.0, 381.0
441, 379.0, 284.0
442, 682.0, 137.0
443, 223.0, 74.0
444, 716.0, 249.0
445, 696.0, 223.0
446, 493.0, 209.0
447, 11.0, 471.0
448, 435.0, 207.0
449, 556.0, 106.0
450, 655.0, 146.0
451, 418.0, 80.0
452, 609.0, 137.0
453, 250.0, 386.0
454, 556.0, 307.0
455, 109.0, 361.0
456, 289.0, 106.0
457, 589.0, 311.0
458, 614.0, 277.0
459, 235.0, 60.0
460, 596.0, 223.0
461, 35.0, 465.0
462, 318.0, 274.0
463, 495.0, 363.0
464, 447.0, 287.0
465, 546.0, 201.0
466, 530.0, 471.0
467, 485.0, 245.0
468, 481.0, 391.0
469, 292.0, 283.0
470, 283.0, 151.0
471, 631.0, 357.0
472, 570.0, 431.0
473, 564.0, 361.0
474, 724.0, 170.0
475, 583.0, 315.0
476, 260.0, 349.0
477, 682.0, 37.0
478, 484.0, 319.0
479, 589.0, 392.0
480, 727.0, 98.0
481, 287.0, 16.0
482, 615.0, 394.0
483, 709.0, 437.0
484, 388.0, 155.0
485, 448.0, 223.0
486, 552.0, 126.0
487, 490.0, 15.0
488, 446.0, 406.0
489, 414.0, 288.0
490, 445.0, 279.0
491, 171.0, 335.0
492, 468.0, 150.0
493, 552.0, 92.0
494, 700.0, 446.0
495, 738.0, 456.0
496, 483.0, 325.0
497, 736.0, 180.0
498, 583.0, 156.0
499, 383.0, 463.0
