0, 290.0, 10.0
1, 599.0, 10.0
2, 589.0, 13.0
3, 117.0, 14.0
4, 221.0, 15.0
5, 579.0, 15.0
6, 583.0, 21.0
7, 585.0, 26.0
8, 302.0, 49.0
9, 310.0, 49.0
10, 315.0, 52.0
11, 422.0, 63.0
12, 471.0, 101.0
13, 230.0, 118.0
14, 469.0, 128.0
15, 270.0, 134.0
16, 215.0, 137.0
17, 220.0, 138.0
18, 250.0, 141.0
19, 149.0, 142.0
20, 319.0, 142.0
21, 144.0, 144.0
22, 301.0, 144.0
23, 310.0, 144.0
24, 459.0, 145.0
25, 23.0, 160.0
26, 539.0, 178.0
27, 520.0, 180.0
28, 276.0, 185.0
29, 646.0, 189.0
30, 276.0, 190.0
31, 161.0, 196.0
32, 627.0, 196.0
33, 152.0, 199.0
34, 277.0, 199.0
35, 43.0, 207.0
36, 279.0, 210.0
37, 163.0, 214.0
38, 279.0, 215.0
39, 372.0, 215.0
40, 537.0, 215.0
41, 716.0, 218.0
42, 734.0, 218.0
43, 695.0, 220.0
44, 680.0, 222.0
45, 664.0, 224.0
46, 486.0, 225.0
47, 648.0, 225.0
48, 399.0, 226.0
49, 280.0, 231.0
50, 440.0, 234.0
51, 534.0, 235.0
52, 643.0, 237.0
53, 615.0, 238.0
54, 438.0, 239.0
55, 163.0, 240.0
56, 282.0, 243.0
57, 370.0, 243.0
58, 164.0, 245.0
59, 325.0, 246.0
60, 283.0, 248.0
61, 690.0, 248.0
62, 306.0, 249.0
63, 316.0, 249.0
64, 650.0, 254.0
65, 283.0, 255.0
66, 50.0, 256.0
67, 283.0, 262.0
68, 284.0, 267.0
69, 394.0, 268.0
70, 500.0, 272.0
71, 169.0, 274.0
72, 701.0, 275.0
73, 645.0, 277.0
74, 285.0, 278.0
75, 170.0, 280.0
76, 364.0, 282.0
77, 635.0, 287.0
78, 178.0, 292.0
79, 287.0, 292.0
80, 633.0, 292.0
81, 643.0, 295.0
82, 287.0, 297.0
83, 506.0, 300.0
84, 288.0, 302.0
85, 488.0, 302.0
86, 341.0, 303.0
87, 322.0, 305.0
88, 181.0, 307.0
89, 288.0, 307.0
90, 492.0, 307.0
91, 530.0, 307.0
92, 497.0, 308.0
93, 679.0, 308.0
94, 431.0, 311.0
95, 436.0, 311.0
96, 504.0, 311.0
97, 174.0, 312.0
98, 289.0, 313.0
99, 352.0, 313.0
100, 654.0, 316.0
101, 176.0, 317.0
102, 342.0, 317.0
103, 347.0, 317.0
104, 330.0, 318.0
105, 183.0, 319.0
106, 510.0, 319.0
107, 336.0, 321.0
108, 526.0, 321.0
109, 341.0, 322.0
110, 707.0, 322.0
111, 531.0, 325.0
112, 651.0, 326.0
113, 605.0, 327.0
114, 626.0, 327.0
115, 600.0, 328.0
116, 291.0, 329.0
117, 531.0, 330.0
118, 323.0, 331.0
119, 516.0, 331.0
120, 70.0, 332.0
121, 704.0, 333.0
122, 726.0, 333.0
123, 184.0, 334.0
124, 508.0, 335.0
125, 530.0, 336.0
126, 543.0, 336.0
127, 263.0, 338.0
128, 518.0, 338.0
129, 509.0, 340.0
130, 741.0, 340.0
131, 530.0, 341.0
132, 703.0, 342.0
133, 714.0, 342.0
134, 191.0, 343.0
135, 541.0, 344.0
136, 321.0, 345.0
137, 535.0, 345.0
138, 623.0, 346.0
139, 293.0, 347.0
140, 475.0, 347.0
141, 480.0, 347.0
142, 669.0, 347.0
143, 461.0, 348.0
144, 598.0, 348.0
145, 500.0, 349.0
146, 491.0, 350.0
147, 542.0, 352.0
148, 527.0, 353.0
149, 710.0, 353.0
150, 267.0, 354.0
151, 309.0, 354.0
152, 496.0, 354.0
153, 517.0, 354.0
154, 671.0, 354.0
155, 742.0, 354.0
156, 699.0, 356.0
157, 179.0, 357.0
158, 219.0, 359.0
159, 501.0, 360.0
160, 698.0, 361.0
161, 596.0, 363.0
162, 628.0, 363.0
163, 658.0, 364.0
164, 268.0, 366.0
165, 519.0, 366.0
166, 255.0, 367.0
167, 308.0, 367.0
168, 321.0, 367.0
169, 293.0, 368.0
170, 231.0, 370.0
171, 172.0, 371.0
172, 222.0, 371.0
173, 520.0, 371.0
174, 604.0, 371.0
175, 688.0, 372.0
176, 93.0, 373.0
177, 200.0, 373.0
178, 624.0, 374.0
179, 222.0, 376.0
180, 519.0, 376.0
181, 530.0, 377.0
182, 95.0, 378.0
183, 323.0, 378.0
184, 633.0, 378.0
185, 343.0, 380.0
186, 669.0, 380.0
187, 270.0, 381.0
188, 650.0, 381.0
189, 660.0, 381.0
190, 294.0, 382.0
191, 334.0, 382.0
192, 261.0, 384.0
193, 533.0, 384.0
194, 197.0, 385.0
195, 214.0, 385.0
196, 247.0, 385.0
197, 324.0, 385.0
198, 449.0, 385.0
199, 465.0, 385.0
200, 231.0, 386.0
201, 270.0, 386.0
202, 436.0, 386.0
203, 520.0, 386.0
204, 187.0, 388.0
205, 416.0, 388.0
206, 293.0, 389.0
207, 629.0, 389.0
208, 360.0, 390.0
209, 372.0, 390.0
210, 646.0, 390.0
211, 703.0, 391.0
212, 97.0, 392.0
213, 312.0, 392.0
214, 344.0, 392.0
215, 175.0, 393.0
216, 186.0, 393.0
217, 271.0, 393.0
218, 248.0, 395.0
219, 653.0, 395.0
220, 725.0, 395.0
221, 220.0, 397.0
222, 310.0, 398.0
223, 469.0, 399.0
224, 730.0, 399.0
225, 192.0, 400.0
226, 293.0, 400.0
227, 701.0, 401.0
228, 714.0, 401.0
229, 262.0, 402.0
230, 643.0, 403.0
231, 272.0, 404.0
232, 522.0, 404.0
233, 632.0, 404.0
234, 651.0, 404.0
235, 249.0, 406.0
236, 724.0, 406.0
237, 729.0, 406.0
238, 107.0, 407.0
239, 291.0, 408.0
240, 465.0, 408.0
241, 592.0, 408.0
242, 473.0, 409.0
243, 710.0, 409.0
244, 284.0, 410.0
245, 229.0, 411.0
246, 480.0, 411.0
247, 178.0, 412.0
248, 205.0, 412.0
249, 220.0, 412.0
250, 261.0, 412.0
251, 191.0, 413.0
252, 640.0, 413.0
253, 724.0, 415.0
254, 540.0, 416.0
255, 610.0, 417.0
256, 145.0, 419.0
257, 656.0, 420.0
258, 170.0, 421.0
259, 576.0, 421.0
260, 506.0, 422.0
261, 155.0, 423.0
262, 674.0, 423.0
263, 556.0, 424.0
264, 596.0, 424.0
265, 234.0, 425.0
266, 544.0, 425.0
267, 223.0, 426.0
268, 257.0, 428.0
269, 530.0, 428.0
270, 140.0, 429.0
271, 212.0, 429.0
272, 595.0, 429.0
273, 632.0, 429.0
274, 298.0, 430.0
275, 606.0, 430.0
276, 150.0, 431.0
277, 500.0, 431.0
278, 505.0, 431.0
279, 512.0, 431.0
280, 183.0, 432.0
281, 427.0, 432.0
282, 569.0, 432.0
283, 613.0, 432.0
284, 167.0, 434.0
285, 139.0, 435.0
286, 226.0, 435.0
287, 557.0, 435.0
288, 620.0, 435.0
289, 422.0, 437.0
290, 547.0, 437.0
291, 586.0, 437.0
292, 600.0, 437.0
293, 261.0, 439.0
294, 435.0, 439.0
295, 520.0, 439.0
296, 504.0, 440.0
297, 576.0, 440.0
298, 627.0, 440.0
299, 526.0, 441.0
300, 564.0, 441.0
301, 615.0, 441.0
302, 416.0, 442.0
303, 536.0, 442.0
304, 183.0, 444.0
305, 224.0, 444.0
306, 547.0, 444.0
307, 595.0, 444.0
308, 119.0, 445.0
309, 634.0, 445.0
310, 559.0, 446.0
311, 585.0, 446.0
312, 442.0, 447.0
313, 522.0, 447.0
314, 536.0, 447.0
315, 623.0, 447.0
316, 510.0, 448.0
317, 572.0, 448.0
318, 422.0, 449.0
319, 547.0, 449.0
320, 120.0, 451.0
321, 434.0, 451.0
322, 559.0, 451.0
323, 428.0, 452.0
324, 530.0, 452.0
325, 613.0, 452.0
326, 627.0, 452.0
327, 130.0, 453.0
328, 142.0, 454.0
329, 601.0, 454.0
330, 590.0, 456.0
331, 643.0, 456.0
332, 120.0, 457.0
333, 527.0, 457.0
334, 542.0, 457.0
335, 554.0, 457.0
336, 578.0, 458.0
337, 143.0, 459.0
338, 446.0, 459.0
339, 455.0, 459.0
340, 627.0, 459.0
341, 652.0, 459.0
342, 537.0, 460.0
343, 436.0, 461.0
344, 501.0, 462.0
345, 615.0, 462.0
346, 607.0, 463.0
347, 641.0, 465.0
348, 119.0, 467.0
349, 144.0, 467.0
350, 224.0, 467.0
351, 581.0, 467.0
352, 571.0, 468.0
353, 561.0, 469.0
354, 636.0, 469.0
355, 448.0, 471.0
356, 471.0, 471.0
357, 552.0, 471.0
358, 623.0, 471.0
