0, 342.0, 8.0
1, 489.0, 8.0
2, 734.0, 9.0
3, 739.0, 9.0
4, 460.0, 10.0
5, 475.0, 10.0
6, 719.0, 11.0
7, 444.0, 13.0
8, 497.0, 13.0
9, 432.0, 14.0
10, 468.0, 18.0
11, 486.0, 19.0
12, 455.0, 21.0
13, 508.0, 24.0
14, 492.0, 26.0
15, 463.0, 28.0
16, 483.0, 29.0
17, 450.0, 30.0
18, 503.0, 33.0
19, 474.0, 36.0
20, 457.0, 39.0
21, 465.0, 47.0
22, 470.0, 47.0
23, 460.0, 48.0
24, 427.0, 52.0
25, 416.0, 53.0
26, 546.0, 53.0
27, 406.0, 55.0
28, 411.0, 55.0
29, 532.0, 56.0
30, 400.0, 59.0
31, 324.0, 61.0
32, 523.0, 62.0
33, 360.0, 63.0
34, 540.0, 63.0
35, 346.0, 64.0
36, 495.0, 64.0
37, 300.0, 65.0
38, 512.0, 67.0
39, 270.0, 70.0
40, 497.0, 70.0
41, 572.0, 73.0
42, 507.0, 79.0
43, 568.0, 83.0
44, 585.0, 84.0
45, 573.0, 88.0
46, 594.0, 89.0
47, 562.0, 92.0
48, 579.0, 93.0
49, 568.0, 97.0
50, 636.0, 98.0
51, 448.0, 99.0
52, 622.0, 99.0
53, 712.0, 100.0
54, 722.0, 100.0
55, 274.0, 101.0
56, 611.0, 101.0
57, 556.0, 103.0
58, 670.0, 104.0
59, 332.0, 107.0
60, 546.0, 109.0
61, 556.0, 118.0
62, 632.0, 118.0
63, 278.0, 119.0
64, 612.0, 119.0
65, 279.0, 124.0
66, 334.0, 124.0
67, 622.0, 126.0
68, 605.0, 127.0
69, 352.0, 128.0
70, 455.0, 128.0
71, 279.0, 129.0
72, 570.0, 131.0
73, 335.0, 133.0
74, 704.0, 133.0
75, 615.0, 135.0
76, 335.0, 139.0
77, 599.0, 139.0
78, 605.0, 142.0
79, 283.0, 145.0
80, 336.0, 145.0
81, 592.0, 148.0
82, 284.0, 151.0
83, 675.0, 153.0
84, 337.0, 155.0
85, 570.0, 155.0
86, 603.0, 158.0
87, 662.0, 158.0
88, 183.0, 161.0
89, 286.0, 161.0
90, 589.0, 162.0
91, 649.0, 162.0
92, 671.0, 164.0
93, 286.0, 166.0
94, 339.0, 166.0
95, 552.0, 166.0
96, 504.0, 168.0
97, 356.0, 169.0
98, 363.0, 169.0
99, 658.0, 169.0
100, 368.0, 170.0
101, 461.0, 170.0
102, 605.0, 170.0
103, 737.0, 171.0
104, 702.0, 172.0
105, 732.0, 172.0
106, 359.0, 174.0
107, 624.0, 174.0
108, 63.0, 175.0
109, 54.0, 177.0
110, 340.0, 177.0
111, 594.0, 177.0
112, 669.0, 178.0
113, 322.0, 179.0
114, 284.0, 181.0
115, 716.0, 182.0
116, 657.0, 184.0
117, 604.0, 185.0
118, 278.0, 186.0
119, 622.0, 186.0
120, 310.0, 187.0
121, 564.0, 187.0
122, 642.0, 187.0
123, 591.0, 188.0
124, 729.0, 188.0
125, 325.0, 189.0
126, 342.0, 190.0
127, 357.0, 190.0
128, 724.0, 193.0
129, 326.0, 194.0
130, 502.0, 194.0
131, 284.0, 196.0
132, 349.0, 196.0
133, 549.0, 196.0
134, 711.0, 196.0
135, 308.0, 197.0
136, 279.0, 198.0
137, 620.0, 198.0
138, 653.0, 198.0
139, 326.0, 199.0
140, 736.0, 199.0
141, 316.0, 200.0
142, 698.0, 201.0
143, 341.0, 203.0
144, 358.0, 203.0
145, 244.0, 204.0
146, 327.0, 204.0
147, 722.0, 205.0
148, 665.0, 207.0
149, 705.0, 207.0
150, 287.0, 208.0
151, 647.0, 208.0
152, 652.0, 208.0
153, 282.0, 209.0
154, 299.0, 209.0
155, 310.0, 209.0
156, 327.0, 209.0
157, 317.0, 210.0
158, 501.0, 210.0
159, 710.0, 210.0
160, 599.0, 211.0
161, 254.0, 212.0
162, 548.0, 212.0
163, 342.0, 213.0
164, 134.0, 214.0
165, 359.0, 214.0
166, 245.0, 215.0
167, 617.0, 215.0
168, 696.0, 215.0
169, 396.0, 216.0
170, 157.0, 217.0
171, 643.0, 217.0
172, 649.0, 217.0
173, 654.0, 217.0
174, 676.0, 217.0
175, 262.0, 219.0
176, 294.0, 219.0
177, 304.0, 219.0
178, 547.0, 219.0
179, 244.0, 220.0
180, 340.0, 220.0
181, 372.0, 220.0
182, 501.0, 220.0
183, 329.0, 221.0
184, 397.0, 222.0
185, 724.0, 222.0
186, 184.0, 223.0
187, 315.0, 223.0
188, 257.0, 224.0
189, 373.0, 225.0
190, 549.0, 225.0
191, 616.0, 225.0
192, 283.0, 226.0
193, 238.0, 227.0
194, 205.0, 229.0
195, 300.0, 229.0
196, 638.0, 229.0
197, 128.0, 230.0
198, 317.0, 230.0
199, 611.0, 230.0
200, 714.0, 230.0
201, 227.0, 232.0
202, 736.0, 232.0
203, 245.0, 233.0
204, 571.0, 233.0
205, 696.0, 233.0
206, 222.0, 234.0
207, 582.0, 234.0
208, 256.0, 235.0
209, 154.0, 237.0
210, 293.0, 237.0
211, 550.0, 238.0
212, 265.0, 239.0
213, 205.0, 240.0
214, 74.0, 242.0
215, 92.0, 243.0
216, 515.0, 244.0
217, 616.0, 244.0
218, 75.0, 247.0
219, 243.0, 247.0
220, 539.0, 247.0
221, 549.0, 247.0
222, 203.0, 248.0
223, 499.0, 248.0
224, 522.0, 248.0
225, 716.0, 251.0
226, 118.0, 252.0
227, 241.0, 252.0
228, 552.0, 252.0
229, 530.0, 254.0
230, 181.0, 255.0
231, 565.0, 256.0
232, 697.0, 256.0
233, 618.0, 258.0
234, 727.0, 259.0
235, 54.0, 260.0
236, 520.0, 260.0
237, 150.0, 261.0
238, 335.0, 263.0
239, 327.0, 264.0
240, 499.0, 265.0
241, 525.0, 266.0
242, 176.0, 268.0
243, 77.0, 271.0
244, 712.0, 272.0
245, 358.0, 273.0
246, 509.0, 274.0
247, 123.0, 275.0
248, 500.0, 275.0
249, 347.0, 276.0
250, 207.0, 277.0
251, 730.0, 277.0
252, 177.0, 278.0
253, 308.0, 279.0
254, 527.0, 280.0
255, 108.0, 281.0
256, 166.0, 282.0
257, 499.0, 282.0
258, 516.0, 282.0
259, 638.0, 282.0
260, 145.0, 284.0
261, 538.0, 285.0
262, 561.0, 285.0
263, 158.0, 286.0
264, 31.0, 287.0
265, 97.0, 287.0
266, 710.0, 287.0
267, 550.0, 288.0
268, 622.0, 288.0
269, 266.0, 289.0
270, 631.0, 289.0
271, 662.0, 289.0
272, 108.0, 290.0
273, 648.0, 290.0
274, 87.0, 291.0
275, 670.0, 291.0
276, 727.0, 291.0
277, 165.0, 292.0
278, 184.0, 293.0
279, 701.0, 294.0
280, 114.0, 295.0
281, 66.0, 296.0
282, 122.0, 298.0
283, 134.0, 298.0
284, 159.0, 298.0
285, 561.0, 298.0
286, 635.0, 301.0
287, 102.0, 302.0
288, 630.0, 302.0
289, 160.0, 303.0
290, 653.0, 303.0
291, 708.0, 304.0
292, 206.0, 305.0
293, 114.0, 306.0
294, 127.0, 307.0
295, 258.0, 307.0
296, 380.0, 308.0
297, 638.0, 308.0
298, 144.0, 311.0
299, 106.0, 312.0
300, 124.0, 312.0
301, 714.0, 312.0
302, 189.0, 314.0
303, 80.0, 315.0
304, 507.0, 317.0
305, 558.0, 317.0
306, 97.0, 318.0
307, 636.0, 318.0
308, 132.0, 319.0
309, 363.0, 319.0
310, 382.0, 319.0
311, 498.0, 319.0
312, 664.0, 319.0
313, 110.0, 320.0
314, 594.0, 321.0
315, 654.0, 321.0
316, 353.0, 322.0
317, 738.0, 323.0
318, 168.0, 325.0
319, 112.0, 326.0
320, 606.0, 326.0
321, 632.0, 326.0
322, 183.0, 328.0
323, 672.0, 328.0
324, 198.0, 329.0
325, 95.0, 330.0
326, 250.0, 330.0
327, 573.0, 330.0
328, 115.0, 331.0
329, 633.0, 331.0
330, 596.0, 332.0
331, 372.0, 334.0
332, 555.0, 334.0
333, 732.0, 335.0
334, 643.0, 336.0
335, 190.0, 337.0
336, 359.0, 338.0
337, 574.0, 338.0
338, 583.0, 338.0
339, 655.0, 338.0
340, 681.0, 338.0
341, 135.0, 339.0
342, 743.0, 340.0
343, 523.0, 341.0
344, 613.0, 341.0
345, 141.0, 342.0
346, 352.0, 342.0
347, 624.0, 342.0
348, 653.0, 343.0
349, 478.0, 344.0
350, 639.0, 345.0
351, 576.0, 346.0
352, 658.0, 346.0
353, 106.0, 347.0
354, 648.0, 347.0
355, 121.0, 348.0
356, 602.0, 348.0
357, 145.0, 349.0
358, 484.0, 349.0
359, 131.0, 350.0
360, 552.0, 350.0
361, 663.0, 350.0
362, 697.0, 352.0
363, 396.0, 353.0
364, 622.0, 353.0
365, 16.0, 354.0
366, 468.0, 354.0
367, 552.0, 355.0
368, 732.0, 355.0
369, 377.0, 356.0
370, 110.0, 357.0
371, 492.0, 357.0
372, 630.0, 357.0
373, 360.0, 358.0
374, 486.0, 358.0
375, 652.0, 358.0
376, 738.0, 358.0
377, 132.0, 360.0
378, 531.0, 360.0
379, 241.0, 361.0
380, 247.0, 362.0
381, 666.0, 362.0
382, 479.0, 363.0
383, 493.0, 363.0
384, 623.0, 365.0
385, 148.0, 366.0
386, 505.0, 366.0
387, 538.0, 366.0
388, 238.0, 368.0
389, 551.0, 368.0
390, 486.0, 369.0
391, 639.0, 369.0
392, 707.0, 370.0
393, 32.0, 371.0
394, 141.0, 371.0
395, 528.0, 371.0
396, 182.0, 372.0
397, 136.0, 373.0
398, 513.0, 373.0
399, 536.0, 373.0
400, 610.0, 373.0
401, 673.0, 373.0
402, 726.0, 373.0
403, 495.0, 376.0
404, 504.0, 377.0
405, 586.0, 378.0
406, 523.0, 379.0
407, 125.0, 380.0
408, 622.0, 381.0
409, 44.0, 382.0
410, 507.0, 385.0
411, 512.0, 386.0
412, 517.0, 386.0
413, 528.0, 387.0
414, 588.0, 387.0
415, 715.0, 389.0
416, 539.0, 390.0
417, 414.0, 392.0
418, 731.0, 392.0
419, 429.0, 394.0
420, 447.0, 395.0
421, 589.0, 395.0
422, 706.0, 395.0
423, 726.0, 395.0
424, 743.0, 395.0
425, 546.0, 399.0
426, 555.0, 399.0
427, 590.0, 400.0
428, 724.0, 400.0
429, 532.0, 401.0
430, 701.0, 403.0
431, 420.0, 404.0
432, 591.0, 405.0
433, 452.0, 408.0
434, 482.0, 412.0
435, 694.0, 415.0
436, 552.0, 416.0
437, 78.0, 417.0
438, 696.0, 421.0
439, 701.0, 424.0
440, 741.0, 424.0
441, 442.0, 429.0
442, 703.0, 429.0
443, 369.0, 431.0
444, 435.0, 431.0
445, 430.0, 432.0
446, 670.0, 435.0
447, 602.0, 443.0
448, 688.0, 443.0
449, 368.0, 444.0
450, 105.0, 446.0
451, 713.0, 448.0
452, 730.0, 448.0
453, 365.0, 452.0
454, 644.0, 454.0
455, 649.0, 454.0
456, 122.0, 455.0
457, 352.0, 455.0
458, 338.0, 457.0
459, 366.0, 457.0
460, 670.0, 457.0
461, 665.0, 458.0
462, 692.0, 459.0
463, 127.0, 460.0
464, 717.0, 460.0
465, 63.0, 461.0
466, 88.0, 462.0
467, 542.0, 462.0
468, 640.0, 463.0
469, 634.0, 464.0
470, 697.0, 464.0
471, 131.0, 465.0
472, 368.0, 465.0
473, 662.0, 465.0
474, 720.0, 465.0
475, 214.0, 466.0
476, 738.0, 466.0
477, 705.0, 467.0
478, 725.0, 469.0
479, 649.0, 470.0
480, 141.0, 471.0
481, 344.0, 471.0
