0, 281.0, 8.0
1, 127.0, 14.0
2, 129.0, 28.0
3, 142.0, 30.0
4, 498.0, 33.0
5, 477.0, 37.0
6, 741.0, 39.0
7, 488.0, 43.0
8, 276.0, 44.0
9, 130.0, 47.0
10, 491.0, 48.0
11, 288.0, 54.0
12, 476.0, 55.0
13, 338.0, 56.0
14, 283.0, 57.0
15, 272.0, 58.0
16, 325.0, 58.0
17, 481.0, 60.0
18, 284.0, 64.0
19, 333.0, 67.0
20, 342.0, 67.0
21, 188.0, 68.0
22, 295.0, 69.0
23, 179.0, 71.0
24, 193.0, 72.0
25, 321.0, 72.0
26, 348.0, 72.0
27, 490.0, 72.0
28, 210.0, 74.0
29, 474.0, 74.0
30, 275.0, 76.0
31, 299.0, 76.0
32, 335.0, 76.0
33, 277.0, 81.0
34, 323.0, 81.0
35, 353.0, 81.0
36, 302.0, 84.0
37, 272.0, 86.0
38, 267.0, 87.0
39, 289.0, 88.0
40, 335.0, 89.0
41, 348.0, 92.0
42, 308.0, 93.0
43, 334.0, 99.0
44, 313.0, 102.0
45, 516.0, 103.0
46, 334.0, 104.0
47, 346.0, 107.0
48, 15.0, 109.0
49, 356.0, 109.0
50, 318.0, 110.0
51, 361.0, 111.0
52, 373.0, 113.0
53, 322.0, 119.0
54, 342.0, 120.0
55, 253.0, 121.0
56, 351.0, 121.0
57, 368.0, 124.0
58, 328.0, 129.0
59, 453.0, 130.0
60, 349.0, 131.0
61, 365.0, 135.0
62, 390.0, 135.0
63, 328.0, 141.0
64, 334.0, 141.0
65, 729.0, 142.0
66, 694.0, 143.0
67, 715.0, 143.0
68, 356.0, 144.0
69, 330.0, 146.0
70, 361.0, 147.0
71, 371.0, 147.0
72, 19.0, 148.0
73, 382.0, 148.0
74, 340.0, 150.0
75, 399.0, 150.0
76, 355.0, 157.0
77, 362.0, 158.0
78, 380.0, 159.0
79, 392.0, 160.0
80, 258.0, 162.0
81, 425.0, 163.0
82, 495.0, 163.0
83, 709.0, 164.0
84, 441.0, 165.0
85, 447.0, 165.0
86, 352.0, 173.0
87, 356.0, 178.0
88, 424.0, 179.0
89, 360.0, 188.0
90, 607.0, 190.0
91, 401.0, 191.0
92, 410.0, 191.0
93, 475.0, 191.0
94, 426.0, 192.0
95, 357.0, 193.0
96, 439.0, 194.0
97, 446.0, 194.0
98, 364.0, 196.0
99, 389.0, 201.0
100, 407.0, 201.0
101, 420.0, 202.0
102, 369.0, 203.0
103, 29.0, 208.0
104, 411.0, 208.0
105, 442.0, 209.0
106, 503.0, 210.0
107, 68.0, 213.0
108, 268.0, 213.0
109, 351.0, 213.0
110, 525.0, 213.0
111, 22.0, 214.0
112, 105.0, 214.0
113, 538.0, 214.0
114, 417.0, 215.0
115, 561.0, 216.0
116, 566.0, 217.0
117, 90.0, 219.0
118, 581.0, 219.0
119, 18.0, 223.0
120, 740.0, 236.0
121, 536.0, 237.0
122, 155.0, 238.0
123, 632.0, 238.0
124, 355.0, 241.0
125, 443.0, 241.0
126, 527.0, 241.0
127, 578.0, 241.0
128, 88.0, 242.0
129, 460.0, 242.0
130, 372.0, 243.0
131, 419.0, 243.0
132, 434.0, 243.0
133, 673.0, 243.0
134, 79.0, 244.0
135, 173.0, 244.0
136, 182.0, 245.0
137, 391.0, 245.0
138, 684.0, 245.0
139, 187.0, 246.0
140, 409.0, 246.0
141, 46.0, 247.0
142, 399.0, 247.0
143, 17.0, 248.0
144, 535.0, 248.0
145, 721.0, 248.0
146, 81.0, 250.0
147, 152.0, 250.0
148, 134.0, 251.0
149, 430.0, 252.0
150, 451.0, 252.0
151, 555.0, 252.0
152, 116.0, 253.0
153, 94.0, 254.0
154, 111.0, 254.0
155, 395.0, 254.0
156, 103.0, 255.0
157, 406.0, 256.0
158, 13.0, 257.0
159, 428.0, 259.0
160, 440.0, 259.0
161, 420.0, 261.0
162, 543.0, 261.0
163, 415.0, 262.0
164, 67.0, 263.0
165, 8.0, 264.0
166, 52.0, 264.0
167, 448.0, 264.0
168, 551.0, 264.0
169, 402.0, 267.0
170, 39.0, 270.0
171, 381.0, 274.0
172, 423.0, 274.0
173, 441.0, 275.0
174, 524.0, 275.0
175, 183.0, 277.0
176, 188.0, 277.0
177, 549.0, 279.0
178, 561.0, 283.0
179, 80.0, 284.0
180, 491.0, 284.0
181, 67.0, 285.0
182, 412.0, 285.0
183, 424.0, 286.0
184, 539.0, 287.0
185, 437.0, 289.0
186, 20.0, 291.0
187, 548.0, 291.0
188, 349.0, 293.0
189, 568.0, 296.0
190, 105.0, 299.0
191, 492.0, 299.0
192, 442.0, 300.0
193, 470.0, 300.0
194, 481.0, 300.0
195, 421.0, 301.0
196, 43.0, 302.0
197, 501.0, 302.0
198, 375.0, 303.0
199, 431.0, 304.0
200, 89.0, 306.0
201, 183.0, 306.0
202, 457.0, 306.0
203, 462.0, 306.0
204, 72.0, 307.0
205, 451.0, 307.0
206, 441.0, 309.0
207, 446.0, 309.0
208, 375.0, 310.0
209, 479.0, 310.0
210, 124.0, 311.0
211, 490.0, 311.0
212, 544.0, 311.0
213, 56.0, 313.0
214, 427.0, 313.0
215, 457.0, 314.0
216, 462.0, 314.0
217, 374.0, 315.0
218, 467.0, 316.0
219, 624.0, 317.0
220, 614.0, 319.0
221, 14.0, 321.0
222, 515.0, 321.0
223, 423.0, 322.0
224, 428.0, 322.0
225, 484.0, 322.0
226, 416.0, 323.0
227, 599.0, 323.0
228, 631.0, 323.0
229, 433.0, 324.0
230, 143.0, 325.0
231, 652.0, 325.0
232, 403.0, 327.0
233, 638.0, 328.0
234, 346.0, 329.0
235, 463.0, 329.0
236, 541.0, 331.0
237, 562.0, 331.0
238, 455.0, 332.0
239, 372.0, 334.0
240, 122.0, 335.0
241, 484.0, 335.0
242, 627.0, 336.0
243, 391.0, 337.0
244, 673.0, 337.0
245, 540.0, 338.0
246, 472.0, 339.0
247, 495.0, 339.0
248, 702.0, 340.0
249, 528.0, 341.0
250, 708.0, 341.0
251, 713.0, 341.0
252, 27.0, 342.0
253, 345.0, 342.0
254, 488.0, 342.0
255, 593.0, 342.0
256, 96.0, 344.0
257, 610.0, 344.0
258, 677.0, 344.0
259, 117.0, 345.0
260, 374.0, 345.0
261, 408.0, 345.0
262, 345.0, 347.0
263, 427.0, 347.0
264, 415.0, 348.0
265, 458.0, 349.0
266, 490.0, 349.0
267, 658.0, 349.0
268, 559.0, 350.0
269, 378.0, 351.0
270, 343.0, 352.0
271, 388.0, 354.0
272, 712.0, 355.0
273, 479.0, 356.0
274, 615.0, 356.0
275, 343.0, 357.0
276, 144.0, 359.0
277, 401.0, 359.0
278, 720.0, 360.0
279, 368.0, 361.0
280, 475.0, 361.0
281, 90.0, 362.0
282, 415.0, 362.0
283, 590.0, 362.0
284, 595.0, 362.0
285, 552.0, 363.0
286, 143.0, 364.0
287, 132.0, 365.0
288, 388.0, 365.0
289, 372.0, 366.0
290, 560.0, 366.0
291, 738.0, 366.0
292, 75.0, 367.0
293, 701.0, 367.0
294, 485.0, 368.0
295, 144.0, 369.0
296, 438.0, 370.0
297, 515.0, 371.0
298, 83.0, 372.0
299, 533.0, 372.0
300, 643.0, 372.0
301, 111.0, 373.0
302, 549.0, 373.0
303, 407.0, 374.0
304, 586.0, 374.0
305, 49.0, 375.0
306, 527.0, 375.0
307, 688.0, 375.0
308, 726.0, 375.0
309, 361.0, 376.0
310, 647.0, 377.0
311, 185.0, 378.0
312, 391.0, 378.0
313, 48.0, 380.0
314, 107.0, 380.0
315, 364.0, 381.0
316, 495.0, 381.0
317, 500.0, 381.0
318, 539.0, 381.0
319, 84.0, 382.0
320, 369.0, 383.0
321, 79.0, 384.0
322, 253.0, 384.0
323, 106.0, 385.0
324, 408.0, 385.0
325, 509.0, 385.0
326, 742.0, 385.0
327, 22.0, 386.0
328, 345.0, 387.0
329, 652.0, 387.0
330, 58.0, 388.0
331, 146.0, 388.0
332, 187.0, 388.0
333, 421.0, 388.0
334, 486.0, 388.0
335, 527.0, 388.0
336, 608.0, 388.0
337, 723.0, 388.0
338, 500.0, 391.0
339, 696.0, 391.0
340, 188.0, 393.0
341, 514.0, 393.0
342, 39.0, 394.0
343, 344.0, 395.0
344, 472.0, 395.0
345, 508.0, 395.0
346, 618.0, 395.0
347, 9.0, 398.0
348, 186.0, 398.0
349, 717.0, 398.0
350, 355.0, 399.0
351, 503.0, 399.0
352, 157.0, 401.0
353, 23.0, 403.0
354, 476.0, 403.0
355, 637.0, 403.0
356, 603.0, 404.0
357, 733.0, 405.0
358, 437.0, 406.0
359, 513.0, 406.0
360, 738.0, 407.0
361, 9.0, 409.0
362, 677.0, 410.0
363, 715.0, 410.0
364, 691.0, 411.0
365, 359.0, 412.0
366, 148.0, 413.0
367, 480.0, 413.0
368, 511.0, 414.0
369, 653.0, 414.0
370, 344.0, 415.0
371, 349.0, 415.0
372, 339.0, 416.0
373, 600.0, 419.0
374, 649.0, 419.0
375, 666.0, 419.0
376, 427.0, 420.0
377, 502.0, 422.0
378, 741.0, 422.0
379, 687.0, 423.0
380, 711.0, 423.0
381, 305.0, 424.0
382, 640.0, 424.0
383, 718.0, 425.0
384, 676.0, 426.0
385, 500.0, 429.0
386, 690.0, 429.0
387, 287.0, 430.0
388, 515.0, 430.0
389, 305.0, 432.0
390, 628.0, 432.0
391, 734.0, 432.0
392, 743.0, 432.0
393, 619.0, 434.0
394, 515.0, 435.0
395, 556.0, 435.0
396, 287.0, 437.0
397, 707.0, 437.0
398, 144.0, 438.0
399, 594.0, 438.0
400, 545.0, 439.0
401, 696.0, 439.0
402, 411.0, 442.0
403, 506.0, 442.0
404, 706.0, 442.0
405, 298.0, 444.0
406, 354.0, 444.0
407, 551.0, 444.0
408, 306.0, 446.0
409, 512.0, 446.0
410, 226.0, 447.0
411, 290.0, 447.0
412, 85.0, 448.0
413, 143.0, 448.0
414, 436.0, 450.0
415, 197.0, 451.0
416, 452.0, 451.0
417, 685.0, 451.0
418, 192.0, 453.0
419, 290.0, 453.0
420, 299.0, 454.0
421, 150.0, 455.0
422, 459.0, 455.0
423, 615.0, 455.0
424, 730.0, 456.0
425, 562.0, 457.0
426, 85.0, 458.0
427, 188.0, 458.0
428, 226.0, 459.0
429, 289.0, 459.0
430, 309.0, 459.0
431, 572.0, 459.0
432, 149.0, 460.0
433, 304.0, 462.0
434, 592.0, 462.0
435, 23.0, 463.0
436, 587.0, 463.0
437, 609.0, 463.0
438, 741.0, 463.0
439, 96.0, 464.0
440, 150.0, 465.0
441, 186.0, 465.0
442, 275.0, 465.0
443, 581.0, 465.0
444, 290.0, 466.0
445, 344.0, 466.0
446, 378.0, 466.0
447, 439.0, 468.0
448, 563.0, 468.0
449, 151.0, 470.0
450, 93.0, 471.0
451, 311.0, 471.0
452, 463.0, 471.0
