0, 321.0, 8.0
1, 315.0, 22.0
2, 334.0, 22.0
3, 174.0, 40.0
4, 176.0, 58.0
5, 176.0, 63.0
6, 325.0, 67.0
7, 544.0, 74.0
8, 668.0, 75.0
9, 315.0, 84.0
10, 57.0, 86.0
11, 387.0, 90.0
12, 560.0, 92.0
13, 25.0, 95.0
14, 15.0, 96.0
15, 163.0, 98.0
16, 178.0, 99.0
17, 30.0, 101.0
18, 16.0, 103.0
19, 23.0, 104.0
20, 658.0, 105.0
21, 311.0, 108.0
22, 33.0, 111.0
23, 572.0, 112.0
24, 17.0, 113.0
25, 426.0, 113.0
26, 296.0, 115.0
27, 283.0, 116.0
28, 10.0, 126.0
29, 33.0, 126.0
30, 21.0, 127.0
31, 178.0, 129.0
32, 68.0, 136.0
33, 653.0, 137.0
34, 457.0, 138.0
35, 462.0, 138.0
36, 35.0, 150.0
37, 54.0, 150.0
38, 70.0, 152.0
39, 69.0, 157.0
40, 19.0, 161.0
41, 479.0, 161.0
42, 67.0, 162.0
43, 490.0, 162.0
44, 42.0, 163.0
45, 385.0, 166.0
46, 8.0, 167.0
47, 290.0, 169.0
48, 280.0, 170.0
49, 302.0, 171.0
50, 631.0, 174.0
51, 385.0, 179.0
52, 46.0, 184.0
53, 51.0, 184.0
54, 169.0, 191.0
55, 182.0, 192.0
56, 175.0, 194.0
57, 41.0, 195.0
58, 75.0, 198.0
59, 425.0, 198.0
60, 446.0, 198.0
61, 170.0, 199.0
62, 455.0, 199.0
63, 182.0, 200.0
64, 56.0, 201.0
65, 484.0, 202.0
66, 556.0, 202.0
67, 261.0, 203.0
68, 514.0, 204.0
69, 34.0, 207.0
70, 365.0, 207.0
71, 556.0, 207.0
72, 641.0, 210.0
73, 170.0, 211.0
74, 425.0, 211.0
75, 183.0, 212.0
76, 409.0, 212.0
77, 459.0, 212.0
78, 439.0, 213.0
79, 291.0, 214.0
80, 231.0, 215.0
81, 170.0, 216.0
82, 494.0, 216.0
83, 37.0, 217.0
84, 512.0, 217.0
85, 527.0, 217.0
86, 59.0, 218.0
87, 741.0, 220.0
88, 170.0, 221.0
89, 182.0, 221.0
90, 73.0, 223.0
91, 78.0, 223.0
92, 223.0, 223.0
93, 613.0, 224.0
94, 214.0, 225.0
95, 370.0, 226.0
96, 167.0, 227.0
97, 553.0, 227.0
98, 233.0, 228.0
99, 250.0, 228.0
100, 261.0, 229.0
101, 291.0, 230.0
102, 738.0, 230.0
103, 425.0, 231.0
104, 112.0, 233.0
105, 102.0, 234.0
106, 311.0, 234.0
107, 317.0, 234.0
108, 347.0, 234.0
109, 342.0, 235.0
110, 440.0, 235.0
111, 334.0, 236.0
112, 61.0, 237.0
113, 389.0, 237.0
114, 462.0, 237.0
115, 116.0, 238.0
116, 136.0, 238.0
117, 128.0, 239.0
118, 151.0, 239.0
119, 489.0, 239.0
120, 83.0, 240.0
121, 185.0, 240.0
122, 507.0, 240.0
123, 608.0, 240.0
124, 560.0, 243.0
125, 728.0, 244.0
126, 177.0, 245.0
127, 700.0, 245.0
128, 142.0, 246.0
129, 637.0, 246.0
130, 65.0, 247.0
131, 95.0, 248.0
132, 169.0, 249.0
133, 374.0, 249.0
134, 296.0, 250.0
135, 424.0, 251.0
136, 442.0, 251.0
137, 468.0, 252.0
138, 556.0, 252.0
139, 514.0, 253.0
140, 520.0, 253.0
141, 637.0, 253.0
142, 715.0, 253.0
143, 547.0, 254.0
144, 580.0, 254.0
145, 606.0, 254.0
146, 86.0, 255.0
147, 533.0, 255.0
148, 597.0, 255.0
149, 103.0, 256.0
150, 499.0, 256.0
151, 561.0, 256.0
152, 566.0, 256.0
153, 120.0, 257.0
154, 453.0, 257.0
155, 542.0, 257.0
156, 130.0, 258.0
157, 619.0, 258.0
158, 631.0, 258.0
159, 508.0, 259.0
160, 642.0, 259.0
161, 713.0, 259.0
162, 461.0, 260.0
163, 472.0, 261.0
164, 485.0, 261.0
165, 667.0, 261.0
166, 720.0, 261.0
167, 143.0, 262.0
168, 349.0, 262.0
169, 692.0, 262.0
170, 702.0, 262.0
171, 494.0, 263.0
172, 87.0, 264.0
173, 103.0, 265.0
174, 123.0, 265.0
175, 650.0, 265.0
176, 729.0, 265.0
177, 628.0, 266.0
178, 92.0, 267.0
179, 377.0, 267.0
180, 415.0, 267.0
181, 410.0, 268.0
182, 428.0, 268.0
183, 132.0, 269.0
184, 439.0, 269.0
185, 446.0, 269.0
186, 459.0, 270.0
187, 660.0, 270.0
188, 358.0, 271.0
189, 720.0, 271.0
190, 100.0, 272.0
191, 81.0, 273.0
192, 648.0, 273.0
193, 275.0, 274.0
194, 377.0, 274.0
195, 679.0, 274.0
196, 438.0, 275.0
197, 671.0, 275.0
198, 489.0, 276.0
199, 614.0, 276.0
200, 638.0, 276.0
201, 445.0, 278.0
202, 687.0, 278.0
203, 469.0, 279.0
204, 697.0, 279.0
205, 379.0, 280.0
206, 439.0, 280.0
207, 136.0, 281.0
208, 433.0, 281.0
209, 481.0, 281.0
210, 104.0, 282.0
211, 148.0, 282.0
212, 743.0, 282.0
213, 402.0, 283.0
214, 670.0, 284.0
215, 75.0, 287.0
216, 428.0, 287.0
217, 731.0, 287.0
218, 70.0, 288.0
219, 633.0, 288.0
220, 118.0, 289.0
221, 139.0, 289.0
222, 497.0, 289.0
223, 611.0, 289.0
224, 537.0, 290.0
225, 542.0, 290.0
226, 45.0, 291.0
227, 92.0, 291.0
228, 644.0, 291.0
229, 715.0, 291.0
230, 740.0, 291.0
231, 577.0, 292.0
232, 149.0, 293.0
233, 667.0, 293.0
234, 684.0, 293.0
235, 597.0, 294.0
236, 722.0, 294.0
237, 155.0, 295.0
238, 427.0, 295.0
239, 634.0, 295.0
240, 67.0, 296.0
241, 262.0, 296.0
242, 443.0, 297.0
243, 639.0, 297.0
244, 144.0, 298.0
245, 283.0, 298.0
246, 291.0, 298.0
247, 111.0, 300.0
248, 598.0, 300.0
249, 681.0, 300.0
250, 738.0, 300.0
251, 120.0, 301.0
252, 475.0, 301.0
253, 704.0, 301.0
254, 30.0, 302.0
255, 269.0, 303.0
256, 491.0, 303.0
257, 58.0, 306.0
258, 289.0, 306.0
259, 303.0, 306.0
260, 431.0, 306.0
261, 443.0, 306.0
262, 87.0, 307.0
263, 256.0, 307.0
264, 267.0, 308.0
265, 383.0, 308.0
266, 248.0, 309.0
267, 720.0, 310.0
268, 57.0, 311.0
269, 96.0, 311.0
270, 493.0, 311.0
271, 743.0, 311.0
272, 46.0, 312.0
273, 282.0, 312.0
274, 262.0, 313.0
275, 480.0, 313.0
276, 212.0, 315.0
277, 516.0, 315.0
278, 419.0, 317.0
279, 430.0, 318.0
280, 707.0, 318.0
281, 149.0, 319.0
282, 223.0, 319.0
283, 248.0, 319.0
284, 243.0, 320.0
285, 438.0, 320.0
286, 296.0, 321.0
287, 256.0, 322.0
288, 276.0, 323.0
289, 377.0, 323.0
290, 735.0, 324.0
291, 47.0, 325.0
292, 76.0, 325.0
293, 184.0, 325.0
294, 310.0, 325.0
295, 740.0, 325.0
296, 485.0, 326.0
297, 490.0, 326.0
298, 215.0, 328.0
299, 232.0, 328.0
300, 240.0, 329.0
301, 299.0, 330.0
302, 252.0, 331.0
303, 304.0, 335.0
304, 735.0, 336.0
305, 287.0, 337.0
306, 236.0, 339.0
307, 287.0, 342.0
308, 302.0, 342.0
309, 249.0, 343.0
310, 314.0, 343.0
311, 236.0, 344.0
312, 586.0, 344.0
313, 453.0, 345.0
314, 229.0, 347.0
315, 224.0, 350.0
316, 560.0, 350.0
317, 292.0, 351.0
318, 236.0, 352.0
319, 250.0, 353.0
320, 311.0, 353.0
321, 547.0, 357.0
322, 274.0, 358.0
323, 264.0, 360.0
324, 293.0, 368.0
325, 406.0, 368.0
326, 265.0, 370.0
327, 277.0, 372.0
328, 232.0, 373.0
329, 655.0, 377.0
330, 284.0, 379.0
331, 673.0, 380.0
332, 498.0, 381.0
333, 359.0, 383.0
334, 709.0, 385.0
335, 213.0, 387.0
336, 719.0, 388.0
337, 357.0, 390.0
338, 684.0, 394.0
339, 718.0, 398.0
340, 460.0, 399.0
341, 730.0, 399.0
342, 425.0, 416.0
343, 420.0, 419.0
344, 723.0, 420.0
345, 409.0, 423.0
346, 404.0, 425.0
347, 399.0, 428.0
348, 721.0, 432.0
349, 388.0, 435.0
350, 386.0, 440.0
351, 701.0, 442.0
352, 282.0, 443.0
353, 716.0, 443.0
354, 708.0, 453.0
355, 400.0, 456.0
356, 686.0, 457.0
357, 392.0, 462.0
358, 678.0, 464.0
359, 21.0, 467.0
360, 281.0, 471.0
