0, 632.0, 8.0
1, 667.0, 8.0
2, 684.0, 8.0
3, 387.0, 9.0
4, 737.0, 12.0
5, 671.0, 17.0
6, 740.0, 17.0
7, 663.0, 19.0
8, 374.0, 22.0
9, 656.0, 23.0
10, 384.0, 24.0
11, 394.0, 25.0
12, 741.0, 25.0
13, 238.0, 32.0
14, 382.0, 39.0
15, 238.0, 46.0
16, 378.0, 57.0
17, 384.0, 59.0
18, 255.0, 63.0
19, 654.0, 73.0
20, 649.0, 75.0
21, 640.0, 83.0
22, 255.0, 93.0
23, 238.0, 104.0
24, 255.0, 109.0
25, 633.0, 114.0
26, 666.0, 121.0
27, 706.0, 123.0
28, 603.0, 127.0
29, 255.0, 130.0
30, 620.0, 130.0
31, 238.0, 133.0
32, 642.0, 135.0
33, 655.0, 137.0
34, 680.0, 139.0
35, 668.0, 145.0
36, 238.0, 148.0
37, 676.0, 148.0
38, 349.0, 151.0
39, 254.0, 152.0
40, 356.0, 152.0
41, 320.0, 153.0
42, 650.0, 156.0
43, 664.0, 157.0
44, 596.0, 158.0
45, 611.0, 158.0
46, 673.0, 159.0
47, 518.0, 160.0
48, 528.0, 160.0
49, 511.0, 161.0
50, 240.0, 162.0
51, 660.0, 168.0
52, 646.0, 169.0
53, 255.0, 171.0
54, 594.0, 174.0
55, 606.0, 174.0
56, 516.0, 175.0
57, 669.0, 175.0
58, 241.0, 176.0
59, 530.0, 176.0
60, 617.0, 176.0
61, 635.0, 176.0
62, 482.0, 184.0
63, 645.0, 185.0
64, 631.0, 188.0
65, 344.0, 190.0
66, 590.0, 190.0
67, 644.0, 190.0
68, 430.0, 192.0
69, 398.0, 194.0
70, 643.0, 197.0
71, 627.0, 201.0
72, 611.0, 202.0
73, 478.0, 204.0
74, 316.0, 206.0
75, 343.0, 214.0
76, 619.0, 214.0
77, 607.0, 217.0
78, 324.0, 220.0
79, 585.0, 220.0
80, 333.0, 221.0
81, 630.0, 221.0
82, 636.0, 222.0
83, 622.0, 224.0
84, 650.0, 227.0
85, 604.0, 230.0
86, 502.0, 235.0
87, 511.0, 237.0
88, 579.0, 237.0
89, 588.0, 239.0
90, 499.0, 241.0
91, 668.0, 249.0
92, 673.0, 250.0
93, 461.0, 253.0
94, 689.0, 253.0
95, 343.0, 255.0
96, 372.0, 258.0
97, 442.0, 258.0
98, 731.0, 261.0
99, 736.0, 261.0
100, 674.0, 263.0
101, 708.0, 265.0
102, 564.0, 269.0
103, 412.0, 270.0
104, 554.0, 271.0
105, 689.0, 271.0
106, 405.0, 272.0
107, 577.0, 273.0
108, 399.0, 274.0
109, 676.0, 279.0
110, 478.0, 280.0
111, 717.0, 280.0
112, 722.0, 281.0
113, 524.0, 283.0
114, 736.0, 283.0
115, 287.0, 284.0
116, 696.0, 285.0
117, 663.0, 288.0
118, 519.0, 291.0
119, 618.0, 293.0
120, 705.0, 293.0
121, 504.0, 295.0
122, 721.0, 295.0
123, 521.0, 296.0
124, 629.0, 297.0
125, 495.0, 299.0
126, 685.0, 299.0
127, 615.0, 300.0
128, 454.0, 304.0
129, 221.0, 305.0
130, 614.0, 306.0
131, 728.0, 307.0
132, 704.0, 310.0
133, 624.0, 312.0
134, 569.0, 313.0
135, 677.0, 313.0
136, 451.0, 314.0
137, 578.0, 315.0
138, 656.0, 315.0
139, 434.0, 316.0
140, 636.0, 317.0
141, 604.0, 319.0
142, 577.0, 320.0
143, 583.0, 320.0
144, 498.0, 321.0
145, 693.0, 321.0
146, 550.0, 323.0
147, 698.0, 323.0
148, 675.0, 324.0
149, 440.0, 326.0
150, 660.0, 326.0
151, 482.0, 327.0
152, 596.0, 327.0
153, 645.0, 327.0
154, 567.0, 329.0
155, 631.0, 329.0
156, 684.0, 329.0
157, 613.0, 330.0
158, 544.0, 331.0
159, 580.0, 331.0
160, 652.0, 332.0
161, 465.0, 333.0
162, 602.0, 333.0
163, 720.0, 333.0
164, 683.0, 334.0
165, 304.0, 336.0
166, 496.0, 336.0
167, 579.0, 336.0
168, 737.0, 336.0
169, 703.0, 337.0
170, 695.0, 339.0
171, 559.0, 340.0
172, 592.0, 340.0
173, 683.0, 340.0
174, 495.0, 341.0
175, 668.0, 342.0
176, 480.0, 343.0
177, 651.0, 343.0
178, 447.0, 344.0
179, 502.0, 345.0
180, 622.0, 345.0
181, 637.0, 345.0
182, 494.0, 346.0
183, 331.0, 348.0
184, 697.0, 348.0
185, 575.0, 349.0
186, 718.0, 349.0
187, 478.0, 350.0
188, 512.0, 350.0
189, 604.0, 350.0
190, 216.0, 351.0
191, 428.0, 351.0
192, 676.0, 352.0
193, 465.0, 353.0
194, 491.0, 353.0
195, 687.0, 353.0
196, 446.0, 354.0
197, 639.0, 354.0
198, 476.0, 355.0
199, 664.0, 355.0
200, 262.0, 356.0
201, 700.0, 357.0
202, 572.0, 358.0
203, 591.0, 358.0
204, 476.0, 360.0
205, 404.0, 361.0
206, 679.0, 361.0
207, 340.0, 362.0
208, 453.0, 363.0
209, 629.0, 363.0
210, 712.0, 363.0
211, 579.0, 364.0
212, 643.0, 364.0
213, 615.0, 366.0
214, 589.0, 367.0
215, 660.0, 367.0
216, 671.0, 367.0
217, 313.0, 368.0
218, 727.0, 368.0
219, 258.0, 370.0
220, 145.0, 371.0
221, 427.0, 371.0
222, 705.0, 371.0
223, 292.0, 372.0
224, 458.0, 373.0
225, 695.0, 373.0
226, 582.0, 374.0
227, 685.0, 375.0
228, 690.0, 375.0
229, 280.0, 376.0
230, 309.0, 376.0
231, 593.0, 376.0
232, 674.0, 378.0
233, 274.0, 379.0
234, 743.0, 379.0
235, 299.0, 380.0
236, 650.0, 380.0
237, 240.0, 381.0
238, 267.0, 381.0
239, 313.0, 381.0
240, 336.0, 381.0
241, 661.0, 381.0
242, 718.0, 381.0
243, 637.0, 382.0
244, 583.0, 383.0
245, 261.0, 384.0
246, 401.0, 384.0
247, 469.0, 384.0
248, 287.0, 385.0
249, 319.0, 385.0
250, 624.0, 385.0
251, 450.0, 386.0
252, 254.0, 387.0
253, 342.0, 387.0
254, 709.0, 387.0
255, 281.0, 388.0
256, 607.0, 389.0
257, 248.0, 390.0
258, 695.0, 390.0
259, 272.0, 391.0
260, 570.0, 391.0
261, 580.0, 391.0
262, 241.0, 392.0
263, 266.0, 393.0
264, 303.0, 393.0
265, 298.0, 394.0
266, 326.0, 394.0
267, 398.0, 394.0
268, 743.0, 394.0
269, 724.0, 395.0
270, 260.0, 396.0
271, 293.0, 396.0
272, 341.0, 396.0
273, 680.0, 396.0
274, 234.0, 397.0
275, 464.0, 397.0
276, 288.0, 398.0
277, 629.0, 398.0
278, 665.0, 398.0
279, 705.0, 398.0
280, 252.0, 399.0
281, 400.0, 399.0
282, 419.0, 399.0
283, 617.0, 399.0
284, 482.0, 400.0
285, 496.0, 400.0
286, 280.0, 401.0
287, 246.0, 402.0
288, 241.0, 403.0
289, 273.0, 403.0
290, 650.0, 403.0
291, 319.0, 404.0
292, 351.0, 404.0
293, 715.0, 404.0
294, 211.0, 405.0
295, 236.0, 405.0
296, 168.0, 406.0
297, 426.0, 406.0
298, 489.0, 406.0
299, 203.0, 407.0
300, 229.0, 408.0
301, 266.0, 408.0
302, 477.0, 408.0
303, 195.0, 410.0
304, 260.0, 410.0
305, 497.0, 411.0
306, 600.0, 411.0
307, 186.0, 412.0
308, 222.0, 412.0
309, 439.0, 412.0
310, 633.0, 412.0
311, 646.0, 412.0
312, 215.0, 413.0
313, 564.0, 413.0
314, 619.0, 413.0
315, 700.0, 413.0
316, 251.0, 414.0
317, 655.0, 414.0
318, 339.0, 415.0
319, 716.0, 415.0
320, 177.0, 416.0
321, 487.0, 416.0
322, 497.0, 416.0
323, 606.0, 416.0
324, 207.0, 417.0
325, 244.0, 417.0
326, 680.0, 417.0
327, 429.0, 418.0
328, 588.0, 418.0
329, 723.0, 418.0
330, 332.0, 419.0
331, 169.0, 420.0
332, 198.0, 420.0
333, 320.0, 421.0
334, 628.0, 421.0
335, 449.0, 422.0
336, 454.0, 422.0
337, 160.0, 423.0
338, 229.0, 423.0
339, 661.0, 423.0
340, 189.0, 424.0
341, 696.0, 424.0
342, 642.0, 425.0
343, 150.0, 426.0
344, 596.0, 426.0
345, 650.0, 426.0
346, 181.0, 428.0
347, 305.0, 428.0
348, 176.0, 429.0
349, 334.0, 429.0
350, 732.0, 429.0
351, 141.0, 430.0
352, 442.0, 431.0
353, 595.0, 431.0
354, 627.0, 431.0
355, 676.0, 431.0
356, 131.0, 434.0
357, 165.0, 434.0
358, 334.0, 434.0
359, 452.0, 434.0
360, 638.0, 434.0
361, 658.0, 434.0
362, 606.0, 435.0
363, 160.0, 436.0
364, 313.0, 436.0
365, 692.0, 436.0
366, 295.0, 437.0
367, 666.0, 437.0
368, 120.0, 438.0
369, 152.0, 439.0
370, 638.0, 439.0
371, 287.0, 440.0
372, 562.0, 440.0
373, 592.0, 440.0
374, 647.0, 440.0
375, 304.0, 441.0
376, 169.0, 442.0
377, 279.0, 442.0
378, 344.0, 443.0
379, 548.0, 443.0
380, 99.0, 444.0
381, 111.0, 444.0
382, 142.0, 444.0
383, 274.0, 444.0
384, 310.0, 444.0
385, 444.0, 444.0
386, 683.0, 444.0
387, 157.0, 446.0
388, 335.0, 446.0
389, 452.0, 446.0
390, 635.0, 446.0
391, 708.0, 446.0
392, 740.0, 447.0
393, 132.0, 448.0
394, 267.0, 448.0
395, 457.0, 448.0
396, 262.0, 449.0
397, 312.0, 449.0
398, 576.0, 449.0
399, 556.0, 450.0
400, 725.0, 450.0
401, 125.0, 451.0
402, 349.0, 451.0
403, 664.0, 451.0
404, 99.0, 452.0
405, 120.0, 453.0
406, 621.0, 453.0
407, 114.0, 454.0
408, 683.0, 454.0
409, 153.0, 455.0
410, 719.0, 455.0
411, 88.0, 456.0
412, 77.0, 459.0
413, 106.0, 459.0
414, 337.0, 459.0
415, 632.0, 459.0
416, 648.0, 459.0
417, 407.0, 460.0
418, 637.0, 460.0
419, 732.0, 460.0
420, 128.0, 461.0
421, 144.0, 461.0
422, 593.0, 462.0
423, 659.0, 462.0
424, 39.0, 463.0
425, 94.0, 463.0
426, 424.0, 463.0
427, 694.0, 463.0
428, 65.0, 465.0
429, 619.0, 465.0
430, 734.0, 465.0
431, 117.0, 466.0
432, 134.0, 466.0
433, 431.0, 466.0
434, 82.0, 468.0
435, 443.0, 469.0
436, 122.0, 470.0
437, 625.0, 471.0
438, 653.0, 471.0
