0, 105.0, 200.0
1, 119.0, 200.0
2, 510.0, 104.0
3, 82.0, 143.0
4, 431.0, 213.0
5, 58.0, 171.0
6, 111.0, 75.0
7, 76.0, 113.0
8, 447.0, 361.0
9, 118.0, 137.0
10, 172.0, 109.0
11, 446.0, 247.0
12, 551.0, 233.0
13, 171.0, 233.0
14, 460.0, 370.0
15, 182.0, 260.0
16, 188.0, 162.0
17, 72.0, 174.0
18, 93.0, 75.0
19, 73.0, 130.0
20, 229.0, 353.0
21, 116.0, 181.0
22, 153.0, 158.0
23, 49.0, 94.0
24, 291.0, 337.0
25, 188.0, 286.0
26, 414.0, 234.0
27, 178.0, 386.0
28, 92.0, 199.0
29, 115.0, 113.0
30, 21.0, 415.0
31, 94.0, 311.0
32, 404.0, 247.0
33, 480.0, 124.0
34, 39.0, 92.0
35, 300.0, 251.0
36, 221.0, 241.0
37, 284.0, 251.0
38, 492.0, 258.0
39, 110.0, 86.0
40, 173.0, 274.0
41, 26.0, 110.0
42, 132.0, 181.0
43, 265.0, 254.0
44, 208.0, 88.0
45, 132.0, 139.0
46, 88.0, 175.0
47, 324.0, 271.0
48, 350.0, 319.0
49, 128.0, 225.0
50, 194.0, 270.0
51, 194.0, 348.0
52, 488.0, 84.0
53, 211.0, 361.0
54, 169.0, 195.0
55, 176.0, 291.0
56, 76.0, 193.0
57, 401.0, 377.0
58, 198.0, 220.0
59, 179.0, 353.0
60, 148.0, 181.0
61, 210.0, 279.0
62, 101.0, 298.0
63, 460.0, 139.0
64, 454.0, 158.0
65, 132.0, 379.0
66, 135.0, 203.0
67, 475.0, 104.0
68, 101.0, 285.0
69, 189.0, 84.0
70, 351.0, 289.0
71, 439.0, 202.0
72, 36.0, 74.0
73, 477.0, 457.0
74, 19.0, 270.0
75, 136.0, 247.0
76, 305.0, 193.0
77, 282.0, 336.0
78, 28.0, 43.0
79, 425.0, 68.0
80, 167.0, 259.0
81, 82.0, 76.0
82, 246.0, 343.0
83, 100.0, 177.0
84, 132.0, 368.0
85, 468.0, 83.0
86, 470.0, 181.0
87, 436.0, 225.0
88, 156.0, 357.0
89, 537.0, 245.0
90, 420.0, 263.0
91, 147.0, 231.0
92, 114.0, 310.0
93, 357.0, 302.0
94, 509.0, 255.0
95, 332.0, 329.0
96, 617.0, 84.0
97, 187.0, 316.0
98, 157.0, 87.0
99, 452.0, 322.0
100, 392.0, 55.0
101, 211.0, 112.0
102, 61.0, 93.0
103, 63.0, 193.0
104, 169.0, 176.0
105, 66.0, 74.0
106, 96.0, 134.0
107, 468.0, 91.0
108, 214.0, 349.0
109, 285.0, 280.0
110, 127.0, 150.0
111, 382.0, 233.0
112, 257.0, 246.0
113, 550.0, 275.0
114, 173.0, 86.0
115, 122.0, 79.0
116, 145.0, 199.0
117, 297.0, 237.0
118, 414.0, 218.0
119, 192.0, 126.0
120, 229.0, 341.0
121, 480.0, 351.0
122, 205.0, 319.0
123, 120.0, 275.0
124, 23.0, 404.0
125, 267.0, 223.0
126, 38.0, 137.0
127, 241.0, 321.0
128, 471.0, 373.0
129, 141.0, 363.0
130, 151.0, 144.0
131, 168.0, 210.0
132, 426.0, 330.0
133, 621.0, 352.0
134, 238.0, 283.0
135, 161.0, 275.0
136, 107.0, 345.0
137, 322.0, 279.0
138, 174.0, 134.0
139, 86.0, 132.0
140, 632.0, 105.0
141, 68.0, 13.0
142, 517.0, 42.0
143, 180.0, 250.0
144, 184.0, 147.0
145, 489.0, 75.0
146, 702.0, 411.0
147, 331.0, 194.0
148, 47.0, 274.0
149, 378.0, 290.0
150, 392.0, 256.0
151, 319.0, 225.0
152, 17.0, 152.0
153, 511.0, 273.0
154, 43.0, 106.0
155, 82.0, 232.0
156, 57.0, 37.0
157, 68.0, 344.0
158, 138.0, 226.0
159, 731.0, 308.0
160, 171.0, 223.0
161, 481.0, 116.0
162, 158.0, 286.0
163, 445.0, 303.0
164, 520.0, 239.0
165, 486.0, 312.0
166, 196.0, 366.0
167, 300.0, 332.0
168, 463.0, 233.0
169, 114.0, 329.0
170, 378.0, 246.0
171, 334.0, 49.0
172, 193.0, 303.0
173, 457.0, 343.0
174, 439.0, 189.0
175, 198.0, 290.0
176, 453.0, 63.0
177, 25.0, 91.0
178, 591.0, 30.0
179, 83.0, 220.0
180, 77.0, 431.0
181, 234.0, 239.0
182, 318.0, 240.0
183, 236.0, 332.0
184, 560.0, 276.0
185, 28.0, 121.0
186, 41.0, 35.0
187, 186.0, 207.0
188, 494.0, 245.0
189, 95.0, 361.0
190, 81.0, 375.0
191, 77.0, 443.0
192, 208.0, 300.0
193, 23.0, 168.0
194, 705.0, 364.0
195, 297.0, 224.0
196, 130.0, 285.0
197, 119.0, 264.0
198, 48.0, 133.0
199, 136.0, 83.0
200, 571.0, 232.0
201, 289.0, 303.0
202, 206.0, 342.0
203, 400.0, 323.0
204, 142.0, 173.0
205, 463.0, 165.0
206, 11.0, 263.0
207, 625.0, 242.0
208, 16.0, 369.0
209, 372.0, 276.0
210, 505.0, 232.0
211, 197.0, 183.0
212, 567.0, 424.0
213, 329.0, 118.0
214, 234.0, 219.0
215, 333.0, 318.0
216, 38.0, 234.0
217, 678.0, 288.0
218, 224.0, 302.0
219, 60.0, 136.0
220, 423.0, 301.0
221, 426.0, 50.0
222, 466.0, 120.0
223, 246.0, 296.0
224, 326.0, 295.0
225, 553.0, 347.0
226, 307.0, 238.0
227, 143.0, 276.0
228, 28.0, 202.0
229, 506.0, 49.0
230, 352.0, 271.0
231, 95.0, 117.0
232, 142.0, 147.0
233, 307.0, 274.0
234, 149.0, 220.0
235, 476.0, 240.0
236, 391.0, 245.0
237, 171.0, 380.0
238, 514.0, 216.0
239, 285.0, 194.0
240, 201.0, 237.0
241, 13.0, 98.0
242, 359.0, 289.0
243, 547.0, 217.0
244, 12.0, 246.0
245, 141.0, 388.0
246, 60.0, 107.0
247, 469.0, 134.0
248, 361.0, 336.0
249, 330.0, 230.0
250, 149.0, 392.0
251, 260.0, 313.0
252, 571.0, 440.0
253, 455.0, 17.0
254, 286.0, 295.0
255, 434.0, 239.0
256, 179.0, 172.0
257, 104.0, 144.0
258, 31.0, 16.0
259, 54.0, 221.0
260, 615.0, 98.0
261, 476.0, 95.0
262, 221.0, 357.0
263, 170.0, 146.0
264, 10.0, 124.0
265, 480.0, 141.0
266, 221.0, 344.0
267, 65.0, 213.0
268, 109.0, 297.0
269, 681.0, 272.0
270, 15.0, 32.0
271, 134.0, 333.0
272, 18.0, 364.0
273, 533.0, 267.0
274, 97.0, 223.0
275, 134.0, 40.0
276, 13.0, 190.0
277, 328.0, 174.0
278, 63.0, 52.0
279, 665.0, 326.0
280, 565.0, 246.0
281, 277.0, 224.0
282, 55.0, 300.0
283, 593.0, 232.0
284, 52.0, 74.0
285, 501.0, 431.0
286, 514.0, 77.0
287, 435.0, 255.0
288, 336.0, 272.0
289, 159.0, 267.0
290, 404.0, 258.0
291, 551.0, 247.0
292, 198.0, 280.0
293, 504.0, 216.0
294, 512.0, 191.0
295, 442.0, 318.0
296, 471.0, 173.0
297, 532.0, 219.0
298, 161.0, 385.0
299, 89.0, 84.0
300, 173.0, 304.0
301, 298.0, 366.0
302, 620.0, 256.0
303, 466.0, 362.0
304, 627.0, 231.0
305, 222.0, 329.0
306, 45.0, 71.0
307, 545.0, 44.0
308, 533.0, 280.0
309, 180.0, 191.0
310, 581.0, 71.0
311, 66.0, 104.0
312, 75.0, 321.0
313, 76.0, 375.0
314, 442.0, 288.0
315, 425.0, 316.0
316, 133.0, 328.0
317, 118.0, 343.0
318, 30.0, 394.0
319, 373.0, 344.0
320, 257.0, 238.0
321, 501.0, 340.0
322, 75.0, 41.0
323, 431.0, 190.0
324, 205.0, 307.0
325, 76.0, 306.0
326, 53.0, 157.0
327, 188.0, 110.0
328, 342.0, 252.0
329, 322.0, 177.0
330, 320.0, 322.0
331, 310.0, 339.0
332, 543.0, 165.0
333, 444.0, 344.0
334, 202.0, 267.0
335, 31.0, 220.0
336, 643.0, 462.0
337, 615.0, 377.0
338, 99.0, 85.0
339, 310.0, 280.0
340, 78.0, 48.0
341, 324.0, 314.0
342, 11.0, 435.0
343, 439.0, 264.0
344, 66.0, 298.0
345, 68.0, 366.0
346, 586.0, 239.0
347, 91.0, 110.0
348, 199.0, 143.0
349, 74.0, 218.0
350, 619.0, 141.0
351, 304.0, 316.0
352, 394.0, 20.0
353, 218.0, 225.0
354, 102.0, 224.0
355, 324.0, 303.0
356, 279.0, 304.0
357, 25.0, 396.0
358, 509.0, 345.0
359, 83.0, 225.0
360, 435.0, 345.0
361, 318.0, 333.0
362, 516.0, 348.0
363, 217.0, 335.0
364, 296.0, 295.0
365, 536.0, 224.0
366, 616.0, 367.0
367, 60.0, 299.0
368, 460.0, 131.0
369, 574.0, 115.0
370, 488.0, 288.0
371, 140.0, 167.0
372, 602.0, 310.0
373, 72.0, 295.0
374, 126.0, 88.0
375, 341.0, 301.0
376, 454.0, 153.0
377, 96.0, 218.0
378, 563.0, 342.0
379, 245.0, 333.0
380, 580.0, 281.0
381, 167.0, 37.0
382, 358.0, 278.0
383, 223.0, 318.0
384, 336.0, 19.0
385, 101.0, 96.0
386, 312.0, 306.0
387, 471.0, 236.0
388, 159.0, 373.0
389, 459.0, 350.0
390, 336.0, 10.0
391, 468.0, 143.0
392, 313.0, 259.0
393, 204.0, 352.0
394, 247.0, 236.0
395, 479.0, 149.0
396, 540.0, 275.0
397, 194.0, 324.0
398, 267.0, 335.0
399, 106.0, 369.0
400, 47.0, 16.0
401, 16.0, 51.0
402, 56.0, 306.0
403, 79.0, 53.0
404, 721.0, 104.0
405, 70.0, 82.0
406, 509.0, 20.0
407, 290.0, 116.0
408, 106.0, 119.0
409, 206.0, 324.0
410, 132.0, 144.0
411, 95.0, 177.0
412, 40.0, 47.0
413, 374.0, 349.0
414, 585.0, 244.0
415, 274.0, 185.0
416, 279.0, 173.0
417, 460.0, 113.0
418, 622.0, 347.0
419, 365.0, 311.0
420, 145.0, 377.0
421, 575.0, 285.0
422, 335.0, 24.0
423, 138.0, 103.0
424, 47.0, 282.0
425, 462.0, 106.0
426, 79.0, 380.0
427, 459.0, 93.0
428, 420.0, 249.0
429, 15.0, 384.0
430, 251.0, 329.0
431, 308.0, 261.0
432, 308.0, 178.0
433, 705.0, 164.0
434, 121.0, 234.0
435, 680.0, 436.0
436, 318.0, 246.0
437, 569.0, 55.0
438, 206.0, 292.0
439, 363.0, 54.0
440, 262.0, 327.0
441, 157.0, 365.0
442, 31.0, 53.0
443, 433.0, 300.0
444, 313.0, 334.0
445, 236.0, 337.0
446, 351.0, 304.0
447, 564.0, 337.0
448, 423.0, 287.0
449, 623.0, 340.0
450, 726.0, 152.0
451, 157.0, 195.0
452, 142.0, 290.0
453, 78.0, 366.0
454, 481.0, 356.0
455, 237.0, 344.0
456, 294.0, 192.0
457, 307.0, 209.0
458, 257.0, 114.0
459, 52.0, 79.0
460, 280.0, 193.0
461, 661.0, 407.0
462, 96.0, 367.0
463, 530.0, 288.0
464, 364.0, 62.0
465, 738.0, 288.0
466, 92.0, 98.0
467, 455.0, 22.0
468, 152.0, 300.0
469, 150.0, 171.0
470, 743.0, 275.0
471, 99.0, 241.0
472, 280.0, 213.0
473, 279.0, 314.0
474, 294.0, 318.0
475, 472.0, 151.0
476, 442.0, 352.0
477, 111.0, 335.0
478, 463.0, 170.0
479, 331.0, 308.0
480, 254.0, 221.0
481, 423.0, 236.0
482, 110.0, 124.0
483, 51.0, 192.0
484, 225.0, 74.0
485, 563.0, 225.0
486, 164.0, 372.0
487, 336.0, 35.0
488, 57.0, 127.0
489, 314.0, 290.0
490, 140.0, 301.0
491, 371.0, 281.0
492, 455.0, 12.0
493, 131.0, 84.0
494, 146.0, 186.0
495, 405.0, 296.0
496, 601.0, 276.0
497, 438.0, 328.0
498, 571.0, 342.0
499, 267.0, 287.0
