0, 478.0, 367.0
1, 487.0, 165.0
2, 125.0, 161.0
3, 487.0, 354.0
4, 536.0, 284.0
5, 427.0, 150.0
6, 527.0, 274.0
7, 468.0, 358.0
8, 429.0, 194.0
9, 191.0, 280.0
10, 434.0, 35.0
11, 412.0, 40.0
12, 205.0, 304.0
13, 471.0, 168.0
14, 135.0, 161.0
15, 123.0, 32.0
16, 516.0, 246.0
17, 188.0, 218.0
18, 464.0, 196.0
19, 120.0, 19.0
20, 265.0, 428.0
21, 579.0, 240.0
22, 411.0, 130.0
23, 455.0, 45.0
24, 478.0, 185.0
25, 468.0, 121.0
26, 319.0, 322.0
27, 111.0, 329.0
28, 498.0, 323.0
29, 181.0, 241.0
30, 367.0, 456.0
31, 117.0, 264.0
32, 458.0, 293.0
33, 463.0, 256.0
34, 495.0, 346.0
35, 248.0, 212.0
36, 569.0, 269.0
37, 243.0, 179.0
38, 511.0, 231.0
39, 504.0, 242.0
40, 478.0, 199.0
41, 274.0, 254.0
42, 204.0, 418.0
43, 114.0, 250.0
44, 146.0, 47.0
45, 526.0, 185.0
46, 502.0, 409.0
47, 216.0, 291.0
48, 100.0, 205.0
49, 704.0, 370.0
50, 229.0, 287.0
51, 114.0, 286.0
52, 108.0, 396.0
53, 480.0, 235.0
54, 572.0, 369.0
55, 528.0, 370.0
56, 450.0, 196.0
57, 446.0, 63.0
58, 460.0, 313.0
59, 105.0, 345.0
60, 237.0, 467.0
61, 401.0, 435.0
62, 460.0, 96.0
63, 250.0, 221.0
64, 575.0, 195.0
65, 515.0, 356.0
66, 545.0, 365.0
67, 429.0, 24.0
68, 468.0, 45.0
69, 140.0, 183.0
70, 563.0, 362.0
71, 259.0, 398.0
72, 413.0, 462.0
73, 383.0, 454.0
74, 175.0, 308.0
75, 250.0, 460.0
76, 230.0, 202.0
77, 268.0, 378.0
78, 518.0, 331.0
79, 250.0, 236.0
80, 712.0, 323.0
81, 502.0, 154.0
82, 363.0, 467.0
83, 494.0, 179.0
84, 42.0, 197.0
85, 569.0, 177.0
86, 259.0, 159.0
87, 199.0, 174.0
88, 485.0, 379.0
89, 459.0, 206.0
90, 506.0, 361.0
91, 543.0, 337.0
92, 590.0, 87.0
93, 270.0, 228.0
94, 267.0, 359.0
95, 278.0, 206.0
96, 294.0, 231.0
97, 29.0, 199.0
98, 269.0, 394.0
99, 249.0, 165.0
100, 281.0, 156.0
101, 418.0, 439.0
102, 114.0, 188.0
103, 224.0, 410.0
104, 222.0, 185.0
105, 508.0, 219.0
106, 540.0, 194.0
107, 344.0, 368.0
108, 468.0, 205.0
109, 270.0, 410.0
110, 453.0, 84.0
111, 256.0, 381.0
112, 500.0, 207.0
113, 498.0, 399.0
114, 502.0, 172.0
115, 441.0, 52.0
116, 263.0, 220.0
117, 465.0, 88.0
118, 673.0, 412.0
119, 477.0, 253.0
120, 153.0, 303.0
121, 173.0, 286.0
122, 464.0, 179.0
123, 21.0, 121.0
124, 729.0, 363.0
125, 255.0, 117.0
126, 598.0, 212.0
127, 310.0, 414.0
128, 106.0, 220.0
129, 471.0, 138.0
130, 135.0, 217.0
131, 422.0, 425.0
132, 277.0, 195.0
133, 571.0, 211.0
134, 119.0, 306.0
135, 246.0, 199.0
136, 138.0, 18.0
137, 448.0, 261.0
138, 326.0, 389.0
139, 210.0, 275.0
140, 382.0, 430.0
141, 395.0, 323.0
142, 300.0, 154.0
143, 474.0, 390.0
144, 8.0, 122.0
145, 290.0, 181.0
146, 696.0, 309.0
147, 639.0, 232.0
148, 218.0, 202.0
149, 396.0, 77.0
150, 669.0, 370.0
151, 112.0, 368.0
152, 520.0, 396.0
153, 169.0, 325.0
154, 291.0, 353.0
155, 409.0, 329.0
156, 690.0, 331.0
157, 581.0, 370.0
158, 261.0, 209.0
159, 504.0, 181.0
160, 599.0, 177.0
161, 270.0, 316.0
162, 613.0, 257.0
163, 138.0, 309.0
164, 445.0, 343.0
165, 234.0, 166.0
166, 701.0, 264.0
167, 129.0, 49.0
168, 275.0, 441.0
169, 709.0, 347.0
170, 559.0, 164.0
171, 322.0, 207.0
172, 305.0, 299.0
173, 294.0, 201.0
174, 119.0, 121.0
175, 341.0, 29.0
176, 437.0, 453.0
177, 387.0, 64.0
178, 296.0, 383.0
179, 547.0, 254.0
180, 391.0, 355.0
181, 139.0, 30.0
182, 422.0, 447.0
183, 572.0, 55.0
184, 440.0, 89.0
185, 188.0, 427.0
186, 435.0, 329.0
187, 467.0, 283.0
188, 130.0, 328.0
189, 257.0, 187.0
190, 181.0, 177.0
191, 241.0, 323.0
192, 131.0, 337.0
193, 145.0, 320.0
194, 725.0, 380.0
195, 424.0, 10.0
196, 546.0, 320.0
197, 180.0, 432.0
198, 485.0, 278.0
199, 255.0, 270.0
200, 382.0, 37.0
201, 450.0, 157.0
202, 485.0, 401.0
203, 463.0, 403.0
204, 431.0, 44.0
205, 427.0, 131.0
206, 619.0, 283.0
207, 514.0, 372.0
208, 152.0, 421.0
209, 539.0, 299.0
210, 131.0, 316.0
211, 385.0, 407.0
212, 323.0, 230.0
213, 438.0, 27.0
214, 599.0, 89.0
215, 143.0, 293.0
216, 290.0, 400.0
217, 554.0, 294.0
218, 47.0, 215.0
219, 391.0, 431.0
220, 513.0, 260.0
221, 527.0, 308.0
222, 411.0, 315.0
223, 155.0, 317.0
224, 230.0, 243.0
225, 146.0, 276.0
226, 293.0, 213.0
227, 126.0, 431.0
228, 33.0, 214.0
229, 387.0, 390.0
230, 333.0, 307.0
231, 194.0, 404.0
232, 563.0, 220.0
233, 608.0, 465.0
234, 642.0, 211.0
235, 660.0, 90.0
236, 187.0, 265.0
237, 197.0, 457.0
238, 366.0, 439.0
239, 201.0, 336.0
240, 587.0, 265.0
241, 669.0, 342.0
242, 553.0, 187.0
243, 277.0, 343.0
244, 187.0, 322.0
245, 285.0, 369.0
246, 133.0, 39.0
247, 126.0, 405.0
248, 404.0, 416.0
249, 580.0, 384.0
250, 677.0, 389.0
251, 254.0, 248.0
252, 181.0, 393.0
253, 552.0, 230.0
254, 158.0, 349.0
255, 395.0, 374.0
256, 526.0, 161.0
257, 474.0, 274.0
258, 451.0, 271.0
259, 468.0, 236.0
260, 414.0, 59.0
261, 324.0, 31.0
262, 393.0, 421.0
263, 643.0, 253.0
264, 319.0, 182.0
265, 214.0, 449.0
266, 250.0, 435.0
267, 330.0, 278.0
268, 588.0, 198.0
269, 696.0, 290.0
270, 593.0, 53.0
271, 578.0, 164.0
272, 159.0, 456.0
273, 451.0, 55.0
274, 178.0, 316.0
275, 423.0, 332.0
276, 443.0, 296.0
277, 176.0, 469.0
278, 405.0, 110.0
279, 667.0, 403.0
280, 458.0, 351.0
281, 416.0, 148.0
282, 410.0, 139.0
283, 575.0, 227.0
284, 261.0, 281.0
285, 232.0, 389.0
286, 227.0, 256.0
287, 450.0, 181.0
288, 396.0, 97.0
289, 556.0, 275.0
290, 149.0, 334.0
291, 738.0, 464.0
292, 182.0, 191.0
293, 596.0, 378.0
294, 232.0, 309.0
295, 224.0, 232.0
296, 300.0, 34.0
297, 237.0, 269.0
298, 117.0, 384.0
299, 716.0, 202.0
300, 683.0, 348.0
301, 385.0, 319.0
302, 473.0, 230.0
303, 536.0, 366.0
304, 420.0, 183.0
305, 482.0, 108.0
306, 700.0, 407.0
307, 149.0, 262.0
308, 144.0, 199.0
309, 298.0, 467.0
310, 247.0, 283.0
311, 445.0, 177.0
312, 613.0, 274.0
313, 209.0, 431.0
314, 398.0, 310.0
315, 702.0, 115.0
316, 357.0, 28.0
317, 424.0, 176.0
318, 224.0, 458.0
319, 210.0, 441.0
320, 543.0, 275.0
321, 274.0, 301.0
322, 470.0, 81.0
323, 381.0, 23.0
324, 529.0, 242.0
325, 450.0, 172.0
326, 194.0, 235.0
327, 208.0, 294.0
328, 689.0, 438.0
329, 129.0, 23.0
330, 565.0, 259.0
331, 554.0, 218.0
332, 245.0, 420.0
333, 523.0, 200.0
334, 439.0, 99.0
335, 548.0, 391.0
336, 393.0, 342.0
337, 236.0, 452.0
338, 528.0, 303.0
339, 369.0, 25.0
340, 168.0, 238.0
341, 123.0, 281.0
342, 460.0, 171.0
343, 187.0, 191.0
344, 724.0, 280.0
345, 592.0, 167.0
346, 550.0, 286.0
347, 711.0, 241.0
348, 440.0, 130.0
349, 419.0, 136.0
350, 393.0, 413.0
351, 374.0, 10.0
352, 528.0, 228.0
353, 737.0, 436.0
354, 249.0, 354.0
355, 82.0, 200.0
356, 600.0, 52.0
357, 482.0, 125.0
358, 167.0, 232.0
359, 678.0, 402.0
360, 437.0, 238.0
361, 694.0, 397.0
362, 704.0, 451.0
363, 413.0, 300.0
364, 470.0, 420.0
365, 289.0, 222.0
366, 291.0, 295.0
367, 267.0, 296.0
368, 441.0, 232.0
369, 550.0, 239.0
370, 736.0, 288.0
371, 486.0, 176.0
372, 446.0, 140.0
373, 230.0, 184.0
374, 371.0, 437.0
375, 208.0, 368.0
376, 476.0, 134.0
377, 415.0, 70.0
378, 440.0, 174.0
379, 638.0, 246.0
380, 59.0, 448.0
381, 350.0, 391.0
382, 279.0, 304.0
383, 101.0, 442.0
384, 159.0, 327.0
385, 539.0, 238.0
386, 215.0, 379.0
387, 189.0, 232.0
388, 120.0, 343.0
389, 709.0, 236.0
390, 386.0, 46.0
391, 311.0, 20.0
392, 201.0, 317.0
393, 480.0, 102.0
394, 590.0, 207.0
395, 379.0, 471.0
396, 263.0, 450.0
397, 443.0, 23.0
398, 385.0, 420.0
399, 179.0, 452.0
400, 447.0, 28.0
401, 583.0, 180.0
402, 403.0, 421.0
403, 196.0, 250.0
404, 470.0, 218.0
405, 740.0, 211.0
406, 296.0, 185.0
407, 312.0, 282.0
408, 209.0, 363.0
409, 285.0, 471.0
410, 193.0, 292.0
411, 372.0, 20.0
412, 130.0, 421.0
413, 441.0, 139.0
414, 265.0, 196.0
415, 465.0, 419.0
416, 271.0, 181.0
417, 167.0, 194.0
418, 10.0, 233.0
419, 140.0, 237.0
420, 732.0, 240.0
421, 657.0, 199.0
422, 743.0, 442.0
423, 124.0, 322.0
424, 453.0, 239.0
425, 196.0, 470.0
426, 267.0, 368.0
427, 18.0, 229.0
428, 158.0, 196.0
429, 34.0, 223.0
430, 173.0, 299.0
431, 558.0, 280.0
432, 710.0, 447.0
433, 130.0, 209.0
434, 736.0, 311.0
435, 439.0, 184.0
436, 463.0, 144.0
437, 144.0, 215.0
438, 479.0, 264.0
439, 224.0, 471.0
440, 448.0, 152.0
441, 694.0, 439.0
442, 355.0, 304.0
443, 232.0, 269.0
444, 446.0, 55.0
445, 476.0, 123.0
446, 444.0, 247.0
447, 219.0, 395.0
448, 583.0, 205.0
449, 408.0, 300.0
450, 450.0, 230.0
451, 152.0, 329.0
452, 552.0, 201.0
453, 469.0, 76.0
454, 678.0, 378.0
455, 558.0, 191.0
456, 283.0, 309.0
457, 283.0, 190.0
458, 374.0, 26.0
459, 136.0, 200.0
460, 199.0, 260.0
461, 444.0, 99.0
462, 444.0, 42.0
463, 448.0, 145.0
464, 253.0, 253.0
465, 696.0, 432.0
466, 201.0, 227.0
467, 164.0, 325.0
468, 295.0, 450.0
469, 186.0, 413.0
470, 56.0, 453.0
471, 404.0, 407.0
472, 708.0, 86.0
473, 164.0, 316.0
474, 579.0, 330.0
475, 481.0, 120.0
476, 166.0, 254.0
477, 568.0, 363.0
478, 439.0, 65.0
479, 460.0, 213.0
480, 523.0, 221.0
481, 238.0, 407.0
482, 432.0, 240.0
483, 371.0, 112.0
484, 622.0, 263.0
485, 203.0, 204.0
486, 178.0, 413.0
487, 224.0, 394.0
488, 420.0, 370.0
489, 519.0, 216.0
490, 698.0, 444.0
491, 428.0, 331.0
492, 276.0, 280.0
493, 146.0, 81.0
494, 504.0, 254.0
495, 644.0, 262.0
496, 688.0, 355.0
497, 401.0, 336.0
498, 467.0, 227.0
499, 312.0, 152.0
