0, 441.0, 337.0
1, 342.0, 183.0
2, 559.0, 214.0
3, 382.0, 453.0
4, 548.0, 352.0
5, 17.0, 201.0
6, 662.0, 304.0
7, 71.0, 204.0
8, 474.0, 189.0
9, 423.0, 192.0
10, 419.0, 389.0
11, 561.0, 298.0
12, 544.0, 200.0
13, 670.0, 271.0
14, 458.0, 338.0
15, 437.0, 326.0
16, 541.0, 210.0
17, 452.0, 326.0
18, 498.0, 263.0
19, 575.0, 253.0
20, 547.0, 369.0
21, 452.0, 223.0
22, 37.0, 174.0
23, 32.0, 201.0
24, 175.0, 352.0
25, 465.0, 209.0
26, 298.0, 261.0
27, 410.0, 252.0
28, 433.0, 223.0
29, 488.0, 305.0
30, 294.0, 172.0
31, 591.0, 200.0
32, 532.0, 379.0
33, 474.0, 220.0
34, 88.0, 185.0
35, 395.0, 307.0
36, 437.0, 248.0
37, 486.0, 208.0
38, 603.0, 210.0
39, 390.0, 233.0
40, 293.0, 198.0
41, 344.0, 107.0
42, 323.0, 250.0
43, 552.0, 313.0
44, 614.0, 219.0
45, 548.0, 289.0
46, 340.0, 250.0
47, 392.0, 379.0
48, 409.0, 262.0
49, 111.0, 186.0
50, 558.0, 229.0
51, 476.0, 178.0
52, 320.0, 107.0
53, 560.0, 259.0
54, 400.0, 168.0
55, 554.0, 328.0
56, 479.0, 262.0
57, 411.0, 239.0
58, 581.0, 282.0
59, 626.0, 187.0
60, 341.0, 195.0
61, 364.0, 240.0
62, 596.0, 26.0
63, 399.0, 263.0
64, 413.0, 189.0
65, 556.0, 356.0
66, 533.0, 104.0
67, 344.0, 409.0
68, 444.0, 231.0
69, 580.0, 24.0
70, 272.0, 258.0
71, 88.0, 170.0
72, 558.0, 240.0
73, 354.0, 377.0
74, 50.0, 178.0
75, 251.0, 209.0
76, 638.0, 311.0
77, 529.0, 120.0
78, 665.0, 288.0
79, 637.0, 165.0
80, 40.0, 188.0
81, 560.0, 339.0
82, 504.0, 249.0
83, 608.0, 84.0
84, 27.0, 212.0
85, 120.0, 294.0
86, 342.0, 225.0
87, 520.0, 281.0
88, 610.0, 162.0
89, 690.0, 275.0
90, 306.0, 175.0
91, 343.0, 130.0
92, 353.0, 239.0
93, 436.0, 235.0
94, 539.0, 411.0
95, 301.0, 100.0
96, 267.0, 191.0
97, 621.0, 173.0
98, 344.0, 262.0
99, 656.0, 313.0
100, 423.0, 412.0
101, 84.0, 382.0
102, 526.0, 267.0
103, 679.0, 256.0
104, 538.0, 383.0
105, 403.0, 213.0
106, 436.0, 440.0
107, 276.0, 418.0
108, 99.0, 176.0
109, 124.0, 311.0
110, 552.0, 107.0
111, 397.0, 57.0
112, 307.0, 106.0
113, 260.0, 273.0
114, 593.0, 44.0
115, 462.0, 258.0
116, 709.0, 273.0
117, 534.0, 353.0
118, 353.0, 183.0
119, 429.0, 203.0
120, 618.0, 259.0
121, 532.0, 283.0
122, 288.0, 284.0
123, 230.0, 211.0
124, 524.0, 229.0
125, 311.0, 270.0
126, 515.0, 102.0
127, 492.0, 250.0
128, 257.0, 222.0
129, 230.0, 281.0
130, 530.0, 209.0
131, 599.0, 274.0
132, 518.0, 317.0
133, 347.0, 272.0
134, 253.0, 52.0
135, 364.0, 272.0
136, 502.0, 431.0
137, 373.0, 380.0
138, 381.0, 233.0
139, 392.0, 221.0
140, 174.0, 324.0
141, 604.0, 253.0
142, 603.0, 331.0
143, 373.0, 309.0
144, 578.0, 211.0
145, 590.0, 250.0
146, 363.0, 367.0
147, 600.0, 190.0
148, 232.0, 303.0
149, 381.0, 245.0
150, 389.0, 117.0
151, 322.0, 450.0
152, 583.0, 82.0
153, 611.0, 194.0
154, 455.0, 268.0
155, 540.0, 363.0
156, 601.0, 173.0
157, 280.0, 80.0
158, 512.0, 289.0
159, 471.0, 201.0
160, 380.0, 256.0
161, 512.0, 271.0
162, 388.0, 57.0
163, 347.0, 281.0
164, 729.0, 120.0
165, 333.0, 274.0
166, 41.0, 162.0
167, 254.0, 354.0
168, 367.0, 116.0
169, 312.0, 213.0
170, 95.0, 301.0
171, 535.0, 92.0
172, 571.0, 267.0
173, 466.0, 177.0
174, 659.0, 186.0
175, 269.0, 230.0
176, 599.0, 160.0
177, 568.0, 204.0
178, 528.0, 19.0
179, 724.0, 133.0
180, 557.0, 82.0
181, 730.0, 43.0
182, 53.0, 213.0
183, 277.0, 435.0
184, 347.0, 300.0
185, 443.0, 255.0
186, 269.0, 171.0
187, 604.0, 390.0
188, 462.0, 471.0
189, 335.0, 310.0
190, 569.0, 216.0
191, 370.0, 250.0
192, 735.0, 351.0
193, 313.0, 424.0
194, 239.0, 351.0
195, 288.0, 220.0
196, 705.0, 290.0
197, 517.0, 415.0
198, 268.0, 182.0
199, 724.0, 290.0
200, 440.0, 203.0
201, 619.0, 43.0
202, 461.0, 221.0
203, 108.0, 314.0
204, 584.0, 293.0
205, 690.0, 321.0
206, 578.0, 374.0
207, 626.0, 202.0
208, 391.0, 357.0
209, 252.0, 231.0
210, 22.0, 19.0
211, 233.0, 221.0
212, 275.0, 210.0
213, 99.0, 315.0
214, 457.0, 244.0
215, 187.0, 348.0
216, 573.0, 231.0
217, 119.0, 208.0
218, 503.0, 315.0
219, 485.0, 241.0
220, 728.0, 271.0
221, 470.0, 242.0
222, 342.0, 170.0
223, 274.0, 297.0
224, 430.0, 172.0
225, 432.0, 426.0
226, 469.0, 357.0
227, 133.0, 282.0
228, 295.0, 105.0
229, 615.0, 202.0
230, 198.0, 332.0
231, 332.0, 131.0
232, 224.0, 24.0
233, 358.0, 334.0
234, 274.0, 64.0
235, 595.0, 376.0
236, 571.0, 312.0
237, 294.0, 124.0
238, 58.0, 155.0
239, 84.0, 16.0
240, 404.0, 203.0
241, 549.0, 282.0
242, 524.0, 395.0
243, 246.0, 257.0
244, 311.0, 291.0
245, 644.0, 22.0
246, 608.0, 181.0
247, 694.0, 15.0
248, 406.0, 312.0
249, 527.0, 200.0
250, 272.0, 72.0
251, 489.0, 232.0
252, 443.0, 468.0
253, 333.0, 426.0
254, 335.0, 464.0
255, 517.0, 351.0
256, 244.0, 43.0
257, 87.0, 204.0
258, 310.0, 233.0
259, 466.0, 308.0
260, 385.0, 414.0
261, 385.0, 282.0
262, 313.0, 468.0
263, 712.0, 318.0
264, 507.0, 338.0
265, 293.0, 465.0
266, 517.0, 91.0
267, 110.0, 163.0
268, 541.0, 260.0
269, 448.0, 184.0
270, 538.0, 220.0
271, 429.0, 239.0
272, 519.0, 297.0
273, 236.0, 23.0
274, 240.0, 368.0
275, 237.0, 340.0
276, 738.0, 13.0
277, 546.0, 130.0
278, 508.0, 128.0
279, 312.0, 442.0
280, 99.0, 103.0
281, 448.0, 209.0
282, 311.0, 388.0
283, 493.0, 170.0
284, 455.0, 350.0
285, 636.0, 298.0
286, 327.0, 388.0
287, 679.0, 122.0
288, 478.0, 421.0
289, 381.0, 180.0
290, 415.0, 181.0
291, 652.0, 151.0
292, 339.0, 206.0
293, 581.0, 238.0
294, 336.0, 440.0
295, 691.0, 207.0
296, 512.0, 117.0
297, 584.0, 135.0
298, 108.0, 149.0
299, 387.0, 161.0
300, 381.0, 399.0
301, 319.0, 150.0
302, 273.0, 275.0
303, 494.0, 290.0
304, 415.0, 169.0
305, 367.0, 196.0
306, 712.0, 265.0
307, 266.0, 76.0
308, 96.0, 287.0
309, 382.0, 208.0
310, 217.0, 236.0
311, 701.0, 209.0
312, 477.0, 273.0
313, 311.0, 251.0
314, 558.0, 286.0
315, 489.0, 453.0
316, 234.0, 325.0
317, 681.0, 269.0
318, 355.0, 393.0
319, 56.0, 21.0
320, 221.0, 47.0
321, 264.0, 204.0
322, 530.0, 305.0
323, 495.0, 324.0
324, 367.0, 405.0
325, 614.0, 316.0
326, 441.0, 174.0
327, 698.0, 258.0
328, 566.0, 244.0
329, 615.0, 27.0
330, 212.0, 209.0
331, 693.0, 286.0
332, 428.0, 182.0
333, 261.0, 237.0
334, 87.0, 32.0
335, 250.0, 470.0
336, 287.0, 212.0
337, 242.0, 410.0
338, 599.0, 301.0
339, 182.0, 20.0
340, 360.0, 189.0
341, 392.0, 455.0
342, 511.0, 409.0
343, 472.0, 289.0
344, 525.0, 334.0
345, 350.0, 461.0
346, 423.0, 324.0
347, 292.0, 251.0
348, 241.0, 294.0
349, 315.0, 312.0
350, 511.0, 301.0
351, 401.0, 189.0
352, 681.0, 318.0
353, 356.0, 207.0
354, 399.0, 251.0
355, 91.0, 247.0
356, 289.0, 296.0
357, 359.0, 196.0
358, 699.0, 270.0
359, 511.0, 322.0
360, 266.0, 213.0
361, 78.0, 156.0
362, 438.0, 409.0
363, 68.0, 73.0
364, 543.0, 327.0
365, 427.0, 228.0
366, 49.0, 205.0
367, 239.0, 99.0
368, 51.0, 411.0
369, 411.0, 325.0
370, 236.0, 46.0
371, 516.0, 336.0
372, 433.0, 256.0
373, 353.0, 84.0
374, 582.0, 314.0
375, 545.0, 236.0
376, 481.0, 124.0
377, 165.0, 335.0
378, 663.0, 171.0
379, 116.0, 201.0
380, 302.0, 411.0
381, 492.0, 220.0
382, 518.0, 252.0
383, 431.0, 189.0
384, 105.0, 387.0
385, 710.0, 33.0
386, 709.0, 354.0
387, 593.0, 316.0
388, 349.0, 325.0
389, 267.0, 394.0
390, 470.0, 342.0
391, 481.0, 231.0
392, 569.0, 289.0
393, 454.0, 176.0
394, 238.0, 70.0
395, 263.0, 298.0
396, 590.0, 106.0
397, 104.0, 299.0
398, 236.0, 169.0
399, 625.0, 290.0
400, 260.0, 287.0
401, 378.0, 421.0
402, 67.0, 184.0
403, 283.0, 75.0
404, 219.0, 291.0
405, 355.0, 153.0
406, 404.0, 401.0
407, 511.0, 257.0
408, 110.0, 168.0
409, 486.0, 249.0
410, 511.0, 345.0
411, 414.0, 205.0
412, 342.0, 356.0
413, 719.0, 14.0
414, 311.0, 258.0
415, 362.0, 153.0
416, 108.0, 249.0
417, 543.0, 104.0
418, 514.0, 80.0
419, 269.0, 280.0
420, 449.0, 170.0
421, 261.0, 213.0
422, 159.0, 324.0
423, 498.0, 169.0
424, 193.0, 408.0
425, 422.0, 165.0
426, 409.0, 340.0
427, 250.0, 162.0
428, 411.0, 211.0
429, 436.0, 265.0
430, 460.0, 357.0
431, 327.0, 126.0
432, 66.0, 179.0
433, 417.0, 253.0
434, 333.0, 325.0
435, 416.0, 139.0
436, 82.0, 142.0
437, 474.0, 209.0
438, 388.0, 471.0
439, 301.0, 300.0
440, 350.0, 249.0
441, 22.0, 188.0
442, 196.0, 400.0
443, 637.0, 192.0
444, 497.0, 304.0
445, 323.0, 134.0
446, 603.0, 265.0
447, 508.0, 93.0
448, 537.0, 295.0
449, 528.0, 130.0
450, 402.0, 232.0
451, 182.0, 87.0
452, 535.0, 87.0
453, 259.0, 421.0
454, 348.0, 367.0
455, 592.0, 289.0
456, 646.0, 318.0
457, 193.0, 14.0
458, 69.0, 191.0
459, 255.0, 47.0
460, 496.0, 362.0
461, 439.0, 414.0
462, 434.0, 195.0
463, 346.0, 396.0
464, 406.0, 294.0
465, 85.0, 154.0
466, 411.0, 383.0
467, 495.0, 331.0
468, 283.0, 239.0
469, 329.0, 190.0
470, 90.0, 195.0
471, 615.0, 55.0
472, 64.0, 174.0
473, 513.0, 309.0
474, 452.0, 250.0
475, 619.0, 318.0
476, 392.0, 298.0
477, 417.0, 309.0
478, 283.0, 403.0
479, 480.0, 288.0
480, 494.0, 458.0
481, 259.0, 262.0
482, 418.0, 365.0
483, 326.0, 291.0
484, 292.0, 440.0
485, 349.0, 160.0
486, 123.0, 8.0
487, 406.0, 345.0
488, 610.0, 272.0
489, 676.0, 19.0
490, 287.0, 254.0
491, 79.0, 165.0
492, 484.0, 283.0
493, 339.0, 214.0
494, 458.0, 198.0
495, 295.0, 211.0
496, 310.0, 100.0
497, 585.0, 257.0
498, 335.0, 281.0
499, 75.0, 109.0
