0, 164.0, 21.0
1, 178.0, 25.0
2, 164.0, 32.0
3, 361.0, 33.0
4, 177.0, 36.0
5, 163.0, 46.0
6, 176.0, 50.0
7, 224.0, 51.0
8, 266.0, 56.0
9, 373.0, 78.0
10, 480.0, 92.0
11, 466.0, 96.0
12, 442.0, 99.0
13, 341.0, 125.0
14, 702.0, 137.0
15, 433.0, 146.0
16, 729.0, 150.0
17, 445.0, 154.0
18, 272.0, 157.0
19, 294.0, 164.0
20, 687.0, 169.0
21, 158.0, 170.0
22, 165.0, 172.0
23, 717.0, 176.0
24, 289.0, 180.0
25, 414.0, 193.0
26, 678.0, 193.0
27, 699.0, 212.0
28, 696.0, 221.0
29, 463.0, 224.0
30, 450.0, 225.0
31, 280.0, 226.0
32, 288.0, 226.0
33, 351.0, 228.0
34, 23.0, 229.0
35, 255.0, 237.0
36, 171.0, 241.0
37, 404.0, 241.0
38, 253.0, 245.0
39, 446.0, 248.0
40, 485.0, 250.0
41, 108.0, 252.0
42, 12.0, 254.0
43, 656.0, 255.0
44, 25.0, 258.0
45, 62.0, 264.0
46, 23.0, 270.0
47, 151.0, 272.0
48, 420.0, 272.0
49, 438.0, 272.0
50, 398.0, 275.0
51, 45.0, 276.0
52, 151.0, 277.0
53, 61.0, 278.0
54, 167.0, 280.0
55, 398.0, 280.0
56, 645.0, 280.0
57, 84.0, 284.0
58, 21.0, 285.0
59, 152.0, 287.0
60, 166.0, 292.0
61, 655.0, 296.0
62, 62.0, 298.0
63, 104.0, 301.0
64, 150.0, 303.0
65, 433.0, 307.0
66, 150.0, 313.0
67, 391.0, 314.0
68, 8.0, 315.0
69, 30.0, 318.0
70, 148.0, 321.0
71, 54.0, 323.0
72, 65.0, 325.0
73, 147.0, 326.0
74, 72.0, 328.0
75, 247.0, 329.0
76, 386.0, 331.0
77, 60.0, 332.0
78, 167.0, 332.0
79, 426.0, 333.0
80, 49.0, 334.0
81, 385.0, 336.0
82, 229.0, 337.0
83, 75.0, 340.0
84, 81.0, 340.0
85, 86.0, 340.0
86, 93.0, 340.0
87, 112.0, 340.0
88, 100.0, 341.0
89, 106.0, 341.0
90, 119.0, 342.0
91, 423.0, 343.0
92, 126.0, 344.0
93, 278.0, 344.0
94, 157.0, 345.0
95, 168.0, 345.0
96, 132.0, 346.0
97, 137.0, 346.0
98, 151.0, 346.0
99, 142.0, 347.0
100, 261.0, 347.0
101, 175.0, 349.0
102, 205.0, 349.0
103, 248.0, 349.0
104, 50.0, 350.0
105, 180.0, 350.0
106, 187.0, 350.0
107, 197.0, 350.0
108, 192.0, 351.0
109, 222.0, 352.0
110, 233.0, 352.0
111, 216.0, 354.0
112, 278.0, 354.0
113, 332.0, 354.0
114, 351.0, 355.0
115, 260.0, 356.0
116, 8.0, 357.0
117, 373.0, 357.0
118, 368.0, 358.0
119, 209.0, 360.0
120, 624.0, 360.0
121, 285.0, 361.0
122, 331.0, 361.0
123, 418.0, 361.0
124, 297.0, 363.0
125, 308.0, 363.0
126, 64.0, 364.0
127, 270.0, 364.0
128, 57.0, 367.0
129, 285.0, 368.0
130, 299.0, 368.0
131, 304.0, 368.0
132, 312.0, 371.0
133, 317.0, 371.0
134, 374.0, 371.0
135, 53.0, 372.0
136, 332.0, 372.0
137, 71.0, 373.0
138, 257.0, 374.0
139, 272.0, 375.0
140, 450.0, 375.0
141, 345.0, 376.0
142, 283.0, 377.0
143, 80.0, 378.0
144, 85.0, 379.0
145, 218.0, 379.0
146, 92.0, 380.0
147, 74.0, 381.0
148, 99.0, 381.0
149, 56.0, 382.0
150, 104.0, 382.0
151, 111.0, 382.0
152, 117.0, 382.0
153, 318.0, 382.0
154, 294.0, 383.0
155, 309.0, 384.0
156, 412.0, 384.0
157, 230.0, 385.0
158, 325.0, 386.0
159, 245.0, 388.0
160, 257.0, 388.0
161, 280.0, 388.0
162, 71.0, 389.0
163, 228.0, 392.0
164, 409.0, 392.0
165, 281.0, 393.0
166, 45.0, 397.0
167, 55.0, 397.0
168, 237.0, 397.0
169, 292.0, 397.0
170, 306.0, 400.0
171, 339.0, 402.0
172, 361.0, 402.0
173, 226.0, 403.0
174, 280.0, 404.0
175, 333.0, 404.0
176, 384.0, 404.0
177, 327.0, 407.0
178, 405.0, 407.0
179, 321.0, 410.0
180, 8.0, 411.0
181, 82.0, 417.0
182, 399.0, 425.0
183, 332.0, 427.0
184, 338.0, 427.0
185, 348.0, 427.0
186, 226.0, 429.0
187, 363.0, 429.0
188, 259.0, 430.0
189, 378.0, 432.0
190, 490.0, 435.0
191, 61.0, 437.0
192, 361.0, 441.0
193, 345.0, 442.0
194, 332.0, 443.0
195, 408.0, 443.0
196, 374.0, 449.0
197, 268.0, 450.0
198, 403.0, 451.0
199, 412.0, 453.0
200, 339.0, 455.0
201, 360.0, 455.0
202, 390.0, 455.0
203, 416.0, 459.0
204, 339.0, 460.0
205, 360.0, 460.0
206, 347.0, 464.0
207, 397.0, 468.0
208, 316.0, 469.0
209, 368.0, 469.0
210, 302.0, 471.0
211, 328.0, 471.0
