0, 438.0, 159.0
1, 500.0, 255.0
2, 270.0, 462.0
3, 296.0, 155.0
4, 483.0, 242.0
5, 299.0, 461.0
6, 389.0, 210.0
7, 563.0, 177.0
8, 402.0, 186.0
9, 623.0, 310.0
10, 402.0, 140.0
11, 456.0, 412.0
12, 330.0, 336.0
13, 350.0, 138.0
14, 546.0, 316.0
15, 573.0, 316.0
16, 539.0, 230.0
17, 298.0, 369.0
18, 575.0, 153.0
19, 463.0, 428.0
20, 324.0, 117.0
21, 444.0, 238.0
22, 380.0, 128.0
23, 442.0, 137.0
24, 284.0, 389.0
25, 578.0, 139.0
26, 508.0, 121.0
27, 338.0, 89.0
28, 498.0, 460.0
29, 540.0, 50.0
30, 289.0, 351.0
31, 456.0, 459.0
32, 345.0, 411.0
33, 440.0, 374.0
34, 234.0, 275.0
35, 360.0, 211.0
36, 73.0, 327.0
37, 582.0, 125.0
38, 563.0, 151.0
39, 387.0, 139.0
40, 65.0, 311.0
41, 102.0, 324.0
42, 498.0, 133.0
43, 466.0, 471.0
44, 529.0, 377.0
45, 237.0, 172.0
46, 378.0, 199.0
47, 427.0, 101.0
48, 521.0, 330.0
49, 577.0, 438.0
50, 30.0, 422.0
51, 473.0, 463.0
52, 476.0, 225.0
53, 524.0, 311.0
54, 402.0, 163.0
55, 513.0, 387.0
56, 421.0, 135.0
57, 284.0, 405.0
58, 289.0, 129.0
59, 310.0, 366.0
60, 367.0, 180.0
61, 572.0, 169.0
62, 559.0, 319.0
63, 376.0, 164.0
64, 196.0, 129.0
65, 412.0, 121.0
66, 203.0, 218.0
67, 430.0, 373.0
68, 346.0, 336.0
69, 273.0, 371.0
70, 383.0, 96.0
71, 508.0, 30.0
72, 304.0, 139.0
73, 386.0, 182.0
74, 527.0, 34.0
75, 276.0, 223.0
76, 469.0, 108.0
77, 571.0, 113.0
78, 278.0, 451.0
79, 554.0, 419.0
80, 495.0, 232.0
81, 581.0, 293.0
82, 683.0, 432.0
83, 657.0, 335.0
84, 535.0, 159.0
85, 344.0, 52.0
86, 554.0, 446.0
87, 555.0, 169.0
88, 528.0, 223.0
89, 402.0, 315.0
90, 641.0, 366.0
91, 463.0, 228.0
92, 334.0, 401.0
93, 318.0, 363.0
94, 549.0, 51.0
95, 270.0, 15.0
96, 200.0, 83.0
97, 353.0, 86.0
98, 401.0, 41.0
99, 237.0, 226.0
100, 428.0, 191.0
101, 355.0, 431.0
102, 567.0, 446.0
103, 463.0, 150.0
104, 587.0, 452.0
105, 632.0, 314.0
106, 553.0, 195.0
107, 536.0, 458.0
108, 30.0, 284.0
109, 367.0, 90.0
110, 296.0, 390.0
111, 52.0, 443.0
112, 542.0, 446.0
113, 525.0, 53.0
114, 475.0, 161.0
115, 214.0, 44.0
116, 269.0, 290.0
117, 606.0, 323.0
118, 367.0, 123.0
119, 588.0, 63.0
120, 221.0, 80.0
121, 456.0, 368.0
122, 296.0, 402.0
123, 378.0, 289.0
124, 648.0, 412.0
125, 636.0, 376.0
126, 352.0, 149.0
127, 318.0, 381.0
128, 505.0, 228.0
129, 317.0, 399.0
130, 395.0, 109.0
131, 429.0, 400.0
132, 335.0, 417.0
133, 580.0, 310.0
134, 332.0, 362.0
135, 262.0, 85.0
136, 274.0, 350.0
137, 349.0, 360.0
138, 90.0, 340.0
139, 406.0, 428.0
140, 471.0, 91.0
141, 512.0, 151.0
142, 350.0, 122.0
143, 415.0, 56.0
144, 400.0, 152.0
145, 286.0, 282.0
146, 376.0, 191.0
147, 412.0, 99.0
148, 463.0, 250.0
149, 572.0, 463.0
150, 486.0, 461.0
151, 389.0, 119.0
152, 357.0, 108.0
153, 224.0, 265.0
154, 269.0, 447.0
155, 456.0, 245.0
156, 478.0, 332.0
157, 310.0, 395.0
158, 20.0, 402.0
159, 317.0, 345.0
160, 155.0, 438.0
161, 558.0, 463.0
162, 361.0, 374.0
163, 291.0, 212.0
164, 517.0, 284.0
165, 36.0, 299.0
166, 425.0, 160.0
167, 252.0, 291.0
168, 519.0, 135.0
169, 501.0, 368.0
170, 578.0, 73.0
171, 427.0, 126.0
172, 672.0, 414.0
173, 407.0, 202.0
174, 314.0, 116.0
175, 499.0, 109.0
176, 632.0, 452.0
177, 595.0, 89.0
178, 335.0, 315.0
179, 575.0, 85.0
180, 502.0, 269.0
181, 423.0, 383.0
182, 341.0, 128.0
183, 449.0, 397.0
184, 587.0, 174.0
185, 409.0, 273.0
186, 479.0, 133.0
187, 402.0, 354.0
188, 28.0, 346.0
189, 427.0, 113.0
190, 591.0, 304.0
191, 260.0, 273.0
192, 288.0, 237.0
193, 533.0, 432.0
194, 310.0, 386.0
195, 16.0, 327.0
196, 252.0, 374.0
197, 591.0, 460.0
198, 415.0, 469.0
199, 407.0, 363.0
200, 526.0, 150.0
201, 596.0, 441.0
202, 460.0, 31.0
203, 260.0, 259.0
204, 446.0, 113.0
205, 383.0, 72.0
206, 298.0, 232.0
207, 558.0, 93.0
208, 397.0, 417.0
209, 599.0, 113.0
210, 285.0, 367.0
211, 269.0, 393.0
212, 274.0, 272.0
213, 313.0, 104.0
214, 352.0, 382.0
215, 238.0, 336.0
216, 18.0, 373.0
217, 526.0, 357.0
218, 345.0, 194.0
219, 627.0, 341.0
220, 503.0, 470.0
221, 578.0, 62.0
222, 310.0, 377.0
223, 331.0, 146.0
224, 548.0, 339.0
225, 605.0, 32.0
226, 559.0, 247.0
227, 351.0, 39.0
228, 382.0, 330.0
229, 464.0, 387.0
230, 282.0, 335.0
231, 128.0, 247.0
232, 525.0, 122.0
233, 266.0, 177.0
234, 290.0, 311.0
235, 43.0, 400.0
236, 148.0, 402.0
237, 356.0, 401.0
238, 574.0, 192.0
239, 504.0, 449.0
240, 322.0, 103.0
241, 500.0, 43.0
242, 373.0, 211.0
243, 385.0, 17.0
244, 538.0, 323.0
245, 286.0, 455.0
246, 482.0, 433.0
247, 490.0, 471.0
248, 462.0, 238.0
249, 400.0, 93.0
250, 512.0, 103.0
251, 242.0, 259.0
252, 447.0, 152.0
253, 478.0, 121.0
254, 447.0, 77.0
255, 346.0, 437.0
256, 465.0, 411.0
257, 49.0, 427.0
258, 362.0, 221.0
259, 77.0, 352.0
260, 319.0, 23.0
261, 525.0, 452.0
262, 526.0, 88.0
263, 282.0, 141.0
264, 368.0, 350.0
265, 245.0, 410.0
266, 546.0, 389.0
267, 178.0, 45.0
268, 553.0, 66.0
269, 521.0, 407.0
270, 297.0, 379.0
271, 513.0, 427.0
272, 272.0, 237.0
273, 31.0, 375.0
274, 447.0, 346.0
275, 542.0, 87.0
276, 362.0, 129.0
277, 568.0, 299.0
278, 372.0, 311.0
279, 556.0, 382.0
280, 365.0, 44.0
281, 568.0, 425.0
282, 280.0, 439.0
283, 538.0, 102.0
284, 615.0, 44.0
285, 480.0, 388.0
286, 86.0, 367.0
287, 533.0, 110.0
288, 48.0, 361.0
289, 255.0, 105.0
290, 524.0, 209.0
291, 467.0, 46.0
292, 502.0, 335.0
293, 522.0, 218.0
294, 340.0, 116.0
295, 195.0, 190.0
296, 359.0, 326.0
297, 166.0, 267.0
298, 49.0, 324.0
299, 489.0, 409.0
300, 332.0, 350.0
301, 562.0, 290.0
302, 299.0, 353.0
303, 389.0, 164.0
304, 581.0, 420.0
305, 403.0, 341.0
306, 646.0, 465.0
307, 354.0, 414.0
308, 334.0, 438.0
309, 353.0, 221.0
310, 133.0, 419.0
311, 268.0, 339.0
312, 281.0, 471.0
313, 401.0, 65.0
314, 286.0, 224.0
315, 252.0, 219.0
316, 466.0, 120.0
317, 392.0, 305.0
318, 374.0, 408.0
319, 477.0, 383.0
320, 261.0, 319.0
321, 282.0, 81.0
322, 173.0, 456.0
323, 250.0, 189.0
324, 542.0, 172.0
325, 215.0, 54.0
326, 358.0, 457.0
327, 352.0, 159.0
328, 499.0, 349.0
329, 504.0, 354.0
330, 584.0, 93.0
331, 96.0, 307.0
332, 348.0, 350.0
333, 657.0, 422.0
334, 440.0, 352.0
335, 160.0, 37.0
336, 241.0, 125.0
337, 604.0, 11.0
338, 508.0, 218.0
339, 432.0, 91.0
340, 342.0, 328.0
341, 237.0, 109.0
342, 514.0, 447.0
343, 340.0, 71.0
344, 612.0, 327.0
345, 215.0, 432.0
346, 390.0, 451.0
347, 483.0, 150.0
348, 490.0, 181.0
349, 241.0, 61.0
350, 683.0, 450.0
351, 500.0, 73.0
352, 412.0, 446.0
353, 472.0, 427.0
354, 35.0, 446.0
355, 211.0, 197.0
356, 364.0, 70.0
357, 410.0, 400.0
358, 401.0, 30.0
359, 586.0, 35.0
360, 673.0, 458.0
361, 488.0, 140.0
362, 497.0, 161.0
363, 545.0, 152.0
364, 228.0, 287.0
365, 588.0, 158.0
366, 391.0, 151.0
367, 469.0, 232.0
368, 202.0, 105.0
369, 272.0, 261.0
370, 450.0, 207.0
371, 175.0, 290.0
372, 414.0, 185.0
373, 422.0, 362.0
374, 644.0, 340.0
375, 436.0, 48.0
376, 394.0, 68.0
377, 580.0, 203.0
378, 593.0, 74.0
379, 11.0, 437.0
380, 471.0, 78.0
381, 466.0, 450.0
382, 222.0, 292.0
383, 420.0, 180.0
384, 461.0, 76.0
385, 267.0, 430.0
386, 340.0, 107.0
387, 623.0, 469.0
388, 60.0, 450.0
389, 385.0, 58.0
390, 381.0, 428.0
391, 604.0, 69.0
392, 426.0, 393.0
393, 213.0, 266.0
394, 175.0, 277.0
395, 566.0, 123.0
396, 210.0, 34.0
397, 538.0, 412.0
398, 516.0, 435.0
399, 595.0, 44.0
400, 411.0, 377.0
401, 587.0, 470.0
402, 70.0, 348.0
403, 210.0, 250.0
404, 426.0, 171.0
405, 432.0, 419.0
406, 589.0, 40.0
407, 281.0, 153.0
408, 508.0, 332.0
409, 291.0, 443.0
410, 431.0, 344.0
411, 267.0, 381.0
412, 297.0, 22.0
413, 618.0, 318.0
414, 508.0, 413.0
415, 74.0, 439.0
416, 341.0, 470.0
417, 490.0, 223.0
418, 292.0, 425.0
419, 486.0, 404.0
420, 183.0, 136.0
421, 564.0, 38.0
422, 272.0, 323.0
423, 341.0, 361.0
424, 576.0, 105.0
425, 598.0, 61.0
426, 250.0, 237.0
427, 538.0, 389.0
428, 37.0, 409.0
429, 29.0, 261.0
430, 226.0, 138.0
431, 311.0, 356.0
432, 245.0, 101.0
433, 447.0, 89.0
434, 56.0, 294.0
435, 554.0, 34.0
436, 347.0, 160.0
437, 261.0, 324.0
438, 407.0, 85.0
439, 588.0, 110.0
440, 520.0, 105.0
441, 557.0, 137.0
442, 225.0, 104.0
443, 563.0, 416.0
444, 447.0, 428.0
445, 415.0, 368.0
446, 312.0, 317.0
447, 559.0, 101.0
448, 208.0, 66.0
449, 448.0, 15.0
450, 550.0, 356.0
451, 100.0, 383.0
452, 498.0, 89.0
453, 278.0, 51.0
454, 186.0, 79.0
455, 249.0, 181.0
456, 338.0, 464.0
457, 415.0, 387.0
458, 357.0, 77.0
459, 231.0, 69.0
460, 395.0, 300.0
461, 419.0, 159.0
462, 336.0, 455.0
463, 353.0, 67.0
464, 480.0, 352.0
465, 414.0, 343.0
466, 613.0, 450.0
467, 568.0, 95.0
468, 247.0, 275.0
469, 490.0, 447.0
470, 213.0, 92.0
471, 412.0, 145.0
472, 360.0, 353.0
473, 287.0, 329.0
474, 366.0, 340.0
475, 271.0, 81.0
476, 670.0, 371.0
477, 412.0, 353.0
478, 560.0, 128.0
479, 402.0, 107.0
480, 374.0, 361.0
481, 305.0, 24.0
482, 511.0, 435.0
483, 590.0, 293.0
484, 583.0, 8.0
485, 205.0, 264.0
486, 552.0, 141.0
487, 298.0, 471.0
488, 70.0, 48.0
489, 490.0, 248.0
490, 303.0, 319.0
491, 337.0, 40.0
492, 550.0, 306.0
493, 422.0, 148.0
494, 189.0, 22.0
495, 504.0, 151.0
496, 579.0, 208.0
497, 434.0, 132.0
498, 622.0, 11.0
499, 355.0, 408.0
