0, 536.0, 376.0
1, 357.0, 282.0
2, 362.0, 187.0
3, 398.0, 360.0
4, 464.0, 53.0
5, 172.0, 269.0
6, 471.0, 234.0
7, 196.0, 351.0
8, 603.0, 130.0
9, 194.0, 146.0
10, 359.0, 156.0
11, 211.0, 142.0
12, 430.0, 65.0
13, 209.0, 252.0
14, 424.0, 360.0
15, 661.0, 170.0
16, 318.0, 20.0
17, 34.0, 178.0
18, 544.0, 103.0
19, 98.0, 106.0
20, 534.0, 155.0
21, 418.0, 93.0
22, 436.0, 361.0
23, 536.0, 138.0
24, 366.0, 174.0
25, 546.0, 140.0
26, 532.0, 255.0
27, 378.0, 206.0
28, 566.0, 51.0
29, 406.0, 183.0
30, 143.0, 287.0
31, 312.0, 275.0
32, 341.0, 106.0
33, 545.0, 292.0
34, 552.0, 467.0
35, 365.0, 201.0
36, 379.0, 157.0
37, 400.0, 296.0
38, 333.0, 191.0
39, 517.0, 93.0
40, 558.0, 128.0
41, 538.0, 120.0
42, 428.0, 370.0
43, 327.0, 277.0
44, 442.0, 70.0
45, 343.0, 278.0
46, 554.0, 345.0
47, 313.0, 304.0
48, 171.0, 445.0
49, 578.0, 139.0
50, 312.0, 262.0
51, 421.0, 190.0
52, 607.0, 60.0
53, 443.0, 198.0
54, 469.0, 69.0
55, 21.0, 136.0
56, 395.0, 152.0
57, 188.0, 130.0
58, 111.0, 359.0
59, 93.0, 342.0
60, 400.0, 77.0
61, 436.0, 155.0
62, 423.0, 328.0
63, 701.0, 326.0
64, 369.0, 29.0
65, 204.0, 57.0
66, 344.0, 268.0
67, 116.0, 169.0
68, 421.0, 145.0
69, 621.0, 36.0
70, 88.0, 324.0
71, 528.0, 194.0
72, 199.0, 220.0
73, 93.0, 362.0
74, 524.0, 273.0
75, 506.0, 288.0
76, 32.0, 156.0
77, 324.0, 62.0
78, 584.0, 204.0
79, 397.0, 257.0
80, 209.0, 283.0
81, 331.0, 263.0
82, 430.0, 169.0
83, 386.0, 150.0
84, 145.0, 63.0
85, 142.0, 395.0
86, 740.0, 88.0
87, 581.0, 272.0
88, 600.0, 198.0
89, 44.0, 194.0
90, 349.0, 174.0
91, 569.0, 421.0
92, 199.0, 253.0
93, 498.0, 119.0
94, 389.0, 267.0
95, 183.0, 320.0
96, 381.0, 33.0
97, 631.0, 432.0
98, 155.0, 277.0
99, 316.0, 292.0
100, 125.0, 69.0
101, 499.0, 137.0
102, 154.0, 85.0
103, 112.0, 338.0
104, 394.0, 107.0
105, 425.0, 107.0
106, 647.0, 39.0
107, 449.0, 112.0
108, 631.0, 306.0
109, 437.0, 185.0
110, 444.0, 149.0
111, 239.0, 464.0
112, 458.0, 233.0
113, 361.0, 46.0
114, 127.0, 390.0
115, 647.0, 317.0
116, 233.0, 276.0
117, 575.0, 452.0
118, 413.0, 378.0
119, 634.0, 101.0
120, 414.0, 363.0
121, 161.0, 155.0
122, 665.0, 319.0
123, 630.0, 243.0
124, 454.0, 178.0
125, 547.0, 232.0
126, 478.0, 195.0
127, 673.0, 45.0
128, 446.0, 413.0
129, 183.0, 388.0
130, 355.0, 208.0
131, 477.0, 209.0
132, 406.0, 121.0
133, 140.0, 383.0
134, 626.0, 73.0
135, 708.0, 169.0
136, 206.0, 111.0
137, 602.0, 106.0
138, 473.0, 98.0
139, 338.0, 290.0
140, 493.0, 234.0
141, 182.0, 116.0
142, 505.0, 190.0
143, 172.0, 148.0
144, 488.0, 80.0
145, 437.0, 137.0
146, 518.0, 74.0
147, 723.0, 172.0
148, 618.0, 348.0
149, 400.0, 198.0
150, 342.0, 203.0
151, 387.0, 73.0
152, 620.0, 135.0
153, 353.0, 198.0
154, 221.0, 193.0
155, 14.0, 166.0
156, 205.0, 237.0
157, 468.0, 86.0
158, 576.0, 40.0
159, 132.0, 411.0
160, 474.0, 109.0
161, 487.0, 229.0
162, 630.0, 88.0
163, 552.0, 47.0
164, 249.0, 213.0
165, 482.0, 37.0
166, 574.0, 249.0
167, 276.0, 243.0
168, 346.0, 85.0
169, 161.0, 395.0
170, 394.0, 39.0
171, 454.0, 65.0
172, 423.0, 125.0
173, 630.0, 222.0
174, 183.0, 61.0
175, 188.0, 107.0
176, 298.0, 303.0
177, 341.0, 327.0
178, 524.0, 426.0
179, 676.0, 233.0
180, 480.0, 128.0
181, 677.0, 381.0
182, 648.0, 353.0
183, 242.0, 135.0
184, 345.0, 40.0
185, 313.0, 250.0
186, 367.0, 221.0
187, 204.0, 309.0
188, 225.0, 245.0
189, 607.0, 150.0
190, 731.0, 120.0
191, 652.0, 370.0
192, 341.0, 50.0
193, 318.0, 329.0
194, 301.0, 11.0
195, 677.0, 155.0
196, 642.0, 56.0
197, 671.0, 63.0
198, 113.0, 464.0
199, 159.0, 68.0
200, 222.0, 292.0
201, 234.0, 198.0
202, 635.0, 321.0
203, 384.0, 42.0
204, 138.0, 322.0
205, 471.0, 39.0
206, 205.0, 132.0
207, 98.0, 181.0
208, 44.0, 215.0
209, 386.0, 22.0
210, 427.0, 337.0
211, 156.0, 385.0
212, 644.0, 421.0
213, 93.0, 129.0
214, 257.0, 465.0
215, 615.0, 335.0
216, 257.0, 403.0
217, 366.0, 391.0
218, 373.0, 16.0
219, 628.0, 112.0
220, 412.0, 399.0
221, 586.0, 393.0
222, 595.0, 242.0
223, 483.0, 302.0
224, 531.0, 268.0
225, 647.0, 328.0
226, 426.0, 41.0
227, 96.0, 387.0
228, 244.0, 310.0
229, 531.0, 400.0
230, 585.0, 118.0
231, 591.0, 36.0
232, 426.0, 229.0
233, 332.0, 204.0
234, 654.0, 185.0
235, 67.0, 167.0
236, 633.0, 338.0
237, 548.0, 77.0
238, 163.0, 98.0
239, 103.0, 323.0
240, 240.0, 392.0
241, 219.0, 230.0
242, 213.0, 265.0
243, 194.0, 241.0
244, 562.0, 385.0
245, 635.0, 280.0
246, 106.0, 153.0
247, 454.0, 40.0
248, 160.0, 358.0
249, 545.0, 159.0
250, 536.0, 130.0
251, 629.0, 139.0
252, 658.0, 213.0
253, 671.0, 167.0
254, 713.0, 400.0
255, 558.0, 397.0
256, 165.0, 121.0
257, 309.0, 21.0
258, 114.0, 381.0
259, 13.0, 117.0
260, 554.0, 363.0
261, 195.0, 99.0
262, 563.0, 220.0
263, 146.0, 141.0
264, 98.0, 414.0
265, 356.0, 220.0
266, 222.0, 407.0
267, 362.0, 84.0
268, 570.0, 111.0
269, 159.0, 179.0
270, 452.0, 51.0
271, 717.0, 82.0
272, 84.0, 294.0
273, 380.0, 411.0
274, 198.0, 89.0
275, 328.0, 255.0
276, 61.0, 206.0
277, 58.0, 240.0
278, 115.0, 409.0
279, 261.0, 199.0
280, 582.0, 54.0
281, 666.0, 336.0
282, 335.0, 89.0
283, 248.0, 280.0
284, 195.0, 163.0
285, 399.0, 229.0
286, 480.0, 425.0
287, 119.0, 195.0
288, 592.0, 250.0
289, 72.0, 211.0
290, 318.0, 201.0
291, 204.0, 359.0
292, 238.0, 115.0
293, 632.0, 57.0
294, 621.0, 185.0
295, 386.0, 217.0
296, 137.0, 339.0
297, 144.0, 18.0
298, 533.0, 234.0
299, 41.0, 107.0
300, 696.0, 264.0
301, 377.0, 391.0
302, 250.0, 327.0
303, 261.0, 260.0
304, 661.0, 83.0
305, 557.0, 271.0
306, 441.0, 395.0
307, 331.0, 239.0
308, 399.0, 97.0
309, 118.0, 312.0
310, 648.0, 440.0
311, 697.0, 290.0
312, 664.0, 155.0
313, 560.0, 321.0
314, 446.0, 126.0
315, 203.0, 421.0
316, 674.0, 199.0
317, 380.0, 55.0
318, 552.0, 215.0
319, 632.0, 164.0
320, 391.0, 289.0
321, 601.0, 87.0
322, 656.0, 225.0
323, 82.0, 275.0
324, 575.0, 66.0
325, 610.0, 45.0
326, 686.0, 75.0
327, 181.0, 373.0
328, 248.0, 412.0
329, 375.0, 132.0
330, 548.0, 221.0
331, 385.0, 107.0
332, 281.0, 370.0
333, 508.0, 225.0
334, 536.0, 295.0
335, 97.0, 449.0
336, 499.0, 313.0
337, 230.0, 89.0
338, 368.0, 279.0
339, 704.0, 99.0
340, 221.0, 321.0
341, 520.0, 116.0
342, 417.0, 210.0
343, 418.0, 342.0
344, 476.0, 245.0
345, 446.0, 172.0
346, 368.0, 408.0
347, 336.0, 183.0
348, 622.0, 418.0
349, 409.0, 218.0
350, 588.0, 460.0
351, 212.0, 205.0
352, 24.0, 460.0
353, 463.0, 95.0
354, 135.0, 162.0
355, 309.0, 200.0
356, 550.0, 383.0
357, 357.0, 119.0
358, 448.0, 185.0
359, 136.0, 86.0
360, 113.0, 440.0
361, 358.0, 10.0
362, 726.0, 312.0
363, 700.0, 151.0
364, 133.0, 56.0
365, 169.0, 134.0
366, 541.0, 210.0
367, 690.0, 93.0
368, 555.0, 296.0
369, 514.0, 258.0
370, 545.0, 416.0
371, 95.0, 199.0
372, 299.0, 286.0
373, 128.0, 277.0
374, 693.0, 309.0
375, 183.0, 218.0
376, 531.0, 178.0
377, 143.0, 265.0
378, 737.0, 449.0
379, 190.0, 340.0
380, 510.0, 121.0
381, 440.0, 210.0
382, 583.0, 410.0
383, 600.0, 424.0
384, 620.0, 213.0
385, 150.0, 427.0
386, 374.0, 46.0
387, 391.0, 460.0
388, 352.0, 58.0
389, 741.0, 465.0
390, 641.0, 295.0
391, 485.0, 392.0
392, 667.0, 94.0
393, 613.0, 237.0
394, 239.0, 336.0
395, 729.0, 430.0
396, 208.0, 123.0
397, 230.0, 262.0
398, 60.0, 392.0
399, 686.0, 368.0
400, 316.0, 216.0
401, 255.0, 182.0
402, 553.0, 185.0
403, 80.0, 470.0
404, 467.0, 246.0
405, 494.0, 180.0
406, 670.0, 365.0
407, 258.0, 364.0
408, 363.0, 400.0
409, 609.0, 398.0
410, 451.0, 431.0
411, 525.0, 359.0
412, 194.0, 315.0
413, 377.0, 70.0
414, 104.0, 198.0
415, 519.0, 108.0
416, 573.0, 166.0
417, 654.0, 336.0
418, 708.0, 194.0
419, 716.0, 159.0
420, 569.0, 202.0
421, 586.0, 352.0
422, 333.0, 97.0
423, 574.0, 229.0
424, 8.0, 85.0
425, 379.0, 358.0
426, 384.0, 366.0
427, 661.0, 310.0
428, 353.0, 142.0
429, 543.0, 304.0
430, 621.0, 391.0
431, 366.0, 152.0
432, 671.0, 345.0
433, 345.0, 67.0
434, 319.0, 189.0
435, 498.0, 200.0
436, 703.0, 381.0
437, 521.0, 258.0
438, 369.0, 119.0
439, 591.0, 439.0
440, 175.0, 249.0
441, 266.0, 261.0
442, 709.0, 54.0
443, 644.0, 49.0
444, 109.0, 282.0
445, 151.0, 74.0
446, 315.0, 50.0
447, 231.0, 322.0
448, 530.0, 213.0
449, 426.0, 348.0
450, 253.0, 174.0
451, 560.0, 112.0
452, 678.0, 123.0
453, 374.0, 272.0
454, 373.0, 164.0
455, 517.0, 378.0
456, 704.0, 307.0
457, 594.0, 379.0
458, 661.0, 439.0
459, 617.0, 53.0
460, 157.0, 331.0
461, 156.0, 443.0
462, 586.0, 177.0
463, 637.0, 47.0
464, 234.0, 409.0
465, 466.0, 320.0
466, 362.0, 131.0
467, 534.0, 168.0
468, 362.0, 19.0
469, 108.0, 378.0
470, 86.0, 73.0
471, 660.0, 58.0
472, 672.0, 139.0
473, 707.0, 184.0
474, 431.0, 122.0
475, 491.0, 295.0
476, 404.0, 236.0
477, 347.0, 96.0
478, 255.0, 281.0
479, 85.0, 209.0
480, 619.0, 46.0
481, 327.0, 346.0
482, 529.0, 203.0
483, 459.0, 22.0
484, 464.0, 136.0
485, 595.0, 73.0
486, 661.0, 404.0
487, 636.0, 67.0
488, 418.0, 136.0
489, 396.0, 267.0
490, 593.0, 121.0
491, 214.0, 130.0
492, 539.0, 201.0
493, 671.0, 73.0
494, 520.0, 358.0
495, 43.0, 88.0
496, 682.0, 208.0
497, 134.0, 331.0
498, 572.0, 293.0
499, 314.0, 226.0
