0, 255.0, 255.0
1, 130.0, 179.0
2, 556.0, 324.0
3, 402.0, 311.0
4, 138.0, 389.0
5, 423.0, 59.0
6, 129.0, 272.0
7, 46.0, 346.0
8, 320.0, 205.0
9, 258.0, 263.0
10, 406.0, 209.0
11, 133.0, 211.0
12, 125.0, 193.0
13, 95.0, 382.0
14, 175.0, 304.0
15, 359.0, 140.0
16, 128.0, 224.0
17, 140.0, 292.0
18, 108.0, 419.0
19, 258.0, 196.0
20, 114.0, 259.0
21, 354.0, 295.0
22, 136.0, 368.0
23, 574.0, 141.0
24, 98.0, 432.0
25, 133.0, 357.0
26, 178.0, 412.0
27, 147.0, 213.0
28, 323.0, 29.0
29, 541.0, 337.0
30, 97.0, 366.0
31, 343.0, 66.0
32, 139.0, 403.0
33, 123.0, 283.0
34, 590.0, 144.0
35, 583.0, 345.0
36, 275.0, 27.0
37, 146.0, 189.0
38, 186.0, 309.0
39, 675.0, 66.0
40, 227.0, 327.0
41, 573.0, 329.0
42, 239.0, 317.0
43, 619.0, 153.0
44, 384.0, 137.0
45, 442.0, 59.0
46, 44.0, 425.0
47, 139.0, 271.0
48, 261.0, 76.0
49, 433.0, 41.0
50, 165.0, 328.0
51, 411.0, 31.0
52, 195.0, 355.0
53, 646.0, 398.0
54, 213.0, 44.0
55, 29.0, 450.0
56, 591.0, 321.0
57, 359.0, 154.0
58, 116.0, 179.0
59, 213.0, 377.0
60, 404.0, 295.0
61, 160.0, 425.0
62, 50.0, 445.0
63, 244.0, 252.0
64, 159.0, 203.0
65, 295.0, 37.0
66, 271.0, 291.0
67, 32.0, 400.0
68, 567.0, 353.0
69, 74.0, 410.0
70, 619.0, 202.0
71, 192.0, 55.0
72, 232.0, 258.0
73, 554.0, 353.0
74, 305.0, 30.0
75, 625.0, 194.0
76, 536.0, 351.0
77, 153.0, 336.0
78, 263.0, 142.0
79, 101.0, 255.0
80, 618.0, 129.0
81, 138.0, 199.0
82, 188.0, 195.0
83, 156.0, 323.0
84, 545.0, 322.0
85, 572.0, 342.0
86, 61.0, 413.0
87, 197.0, 364.0
88, 219.0, 128.0
89, 161.0, 237.0
90, 217.0, 310.0
91, 146.0, 230.0
92, 47.0, 379.0
93, 237.0, 303.0
94, 618.0, 186.0
95, 14.0, 454.0
96, 169.0, 41.0
97, 332.0, 314.0
98, 216.0, 64.0
99, 155.0, 219.0
100, 578.0, 125.0
101, 320.0, 315.0
102, 118.0, 163.0
103, 587.0, 187.0
104, 424.0, 32.0
105, 618.0, 167.0
106, 233.0, 27.0
107, 361.0, 49.0
108, 289.0, 54.0
109, 417.0, 50.0
110, 52.0, 400.0
111, 84.0, 334.0
112, 285.0, 330.0
113, 120.0, 448.0
114, 165.0, 218.0
115, 157.0, 381.0
116, 636.0, 172.0
117, 679.0, 54.0
118, 160.0, 179.0
119, 338.0, 332.0
120, 78.0, 67.0
121, 174.0, 289.0
122, 187.0, 375.0
123, 662.0, 341.0
124, 580.0, 379.0
125, 146.0, 350.0
126, 620.0, 395.0
127, 308.0, 79.0
128, 531.0, 369.0
129, 230.0, 272.0
130, 185.0, 181.0
131, 358.0, 71.0
132, 247.0, 271.0
133, 260.0, 277.0
134, 601.0, 118.0
135, 578.0, 354.0
136, 128.0, 387.0
137, 92.0, 18.0
138, 249.0, 453.0
139, 180.0, 330.0
140, 220.0, 160.0
141, 85.0, 410.0
142, 354.0, 282.0
143, 263.0, 27.0
144, 21.0, 431.0
145, 553.0, 339.0
146, 40.0, 39.0
147, 16.0, 389.0
148, 434.0, 301.0
149, 254.0, 316.0
150, 434.0, 55.0
151, 552.0, 296.0
152, 182.0, 432.0
153, 119.0, 352.0
154, 289.0, 29.0
155, 233.0, 283.0
156, 472.0, 340.0
157, 184.0, 295.0
158, 593.0, 395.0
159, 310.0, 222.0
160, 599.0, 166.0
161, 366.0, 340.0
162, 586.0, 281.0
163, 249.0, 142.0
164, 498.0, 300.0
165, 270.0, 269.0
166, 47.0, 50.0
167, 83.0, 89.0
168, 581.0, 302.0
169, 285.0, 318.0
170, 402.0, 86.0
171, 220.0, 461.0
172, 591.0, 153.0
173, 268.0, 214.0
174, 64.0, 339.0
175, 418.0, 298.0
176, 270.0, 320.0
177, 33.0, 15.0
178, 167.0, 272.0
179, 175.0, 340.0
180, 585.0, 329.0
181, 608.0, 204.0
182, 363.0, 451.0
183, 110.0, 246.0
184, 259.0, 307.0
185, 291.0, 294.0
186, 230.0, 61.0
187, 234.0, 443.0
188, 78.0, 436.0
189, 179.0, 133.0
190, 105.0, 351.0
191, 524.0, 350.0
192, 212.0, 349.0
193, 145.0, 316.0
194, 238.0, 268.0
195, 326.0, 151.0
196, 268.0, 254.0
197, 147.0, 22.0
198, 73.0, 42.0
199, 308.0, 63.0
200, 151.0, 371.0
201, 621.0, 141.0
202, 171.0, 23.0
203, 10.0, 93.0
204, 220.0, 140.0
205, 189.0, 24.0
206, 451.0, 32.0
207, 153.0, 444.0
208, 170.0, 427.0
209, 291.0, 286.0
210, 411.0, 158.0
211, 388.0, 64.0
212, 404.0, 226.0
213, 651.0, 420.0
214, 290.0, 278.0
215, 59.0, 18.0
216, 39.0, 464.0
217, 350.0, 305.0
218, 610.0, 147.0
219, 58.0, 388.0
220, 182.0, 273.0
221, 353.0, 227.0
222, 630.0, 121.0
223, 71.0, 328.0
224, 338.0, 186.0
225, 523.0, 337.0
226, 260.0, 60.0
227, 613.0, 324.0
228, 585.0, 164.0
229, 255.0, 327.0
230, 159.0, 407.0
231, 18.0, 364.0
232, 295.0, 206.0
233, 158.0, 398.0
234, 61.0, 422.0
235, 167.0, 162.0
236, 373.0, 100.0
237, 575.0, 200.0
238, 336.0, 29.0
239, 362.0, 30.0
240, 636.0, 336.0
241, 78.0, 352.0
242, 22.0, 403.0
243, 245.0, 27.0
244, 414.0, 375.0
245, 49.0, 88.0
246, 623.0, 174.0
247, 46.0, 66.0
248, 9.0, 440.0
249, 59.0, 152.0
250, 599.0, 362.0
251, 309.0, 209.0
252, 76.0, 373.0
253, 143.0, 360.0
254, 313.0, 120.0
255, 198.0, 344.0
256, 84.0, 153.0
257, 175.0, 386.0
258, 676.0, 415.0
259, 192.0, 339.0
260, 70.0, 352.0
261, 394.0, 275.0
262, 258.0, 117.0
263, 143.0, 278.0
264, 303.0, 44.0
265, 142.0, 304.0
266, 158.0, 367.0
267, 8.0, 12.0
268, 157.0, 435.0
269, 425.0, 315.0
270, 310.0, 147.0
271, 165.0, 417.0
272, 666.0, 324.0
273, 389.0, 30.0
274, 112.0, 375.0
275, 594.0, 429.0
276, 27.0, 158.0
277, 432.0, 240.0
278, 94.0, 161.0
279, 401.0, 43.0
280, 608.0, 366.0
281, 119.0, 298.0
282, 239.0, 175.0
283, 15.0, 413.0
284, 374.0, 190.0
285, 223.0, 345.0
286, 681.0, 401.0
287, 92.0, 451.0
288, 294.0, 315.0
289, 351.0, 194.0
290, 175.0, 349.0
291, 120.0, 403.0
292, 186.0, 461.0
293, 690.0, 377.0
294, 627.0, 397.0
295, 56.0, 461.0
296, 181.0, 465.0
297, 553.0, 275.0
298, 359.0, 176.0
299, 128.0, 336.0
300, 131.0, 419.0
301, 45.0, 366.0
302, 143.0, 325.0
303, 650.0, 334.0
304, 199.0, 121.0
305, 109.0, 343.0
306, 290.0, 42.0
307, 606.0, 157.0
308, 297.0, 49.0
309, 75.0, 363.0
310, 61.0, 325.0
311, 691.0, 389.0
312, 200.0, 195.0
313, 137.0, 324.0
314, 18.0, 125.0
315, 741.0, 126.0
316, 575.0, 163.0
317, 111.0, 364.0
318, 401.0, 31.0
319, 264.0, 173.0
320, 142.0, 466.0
321, 396.0, 374.0
322, 567.0, 235.0
323, 75.0, 121.0
324, 58.0, 350.0
325, 629.0, 167.0
326, 585.0, 195.0
327, 127.0, 366.0
328, 577.0, 362.0
329, 631.0, 185.0
330, 346.0, 30.0
331, 251.0, 279.0
332, 210.0, 26.0
333, 83.0, 425.0
334, 94.0, 401.0
335, 588.0, 130.0
336, 389.0, 198.0
337, 566.0, 458.0
338, 134.0, 312.0
339, 175.0, 396.0
340, 103.0, 399.0
341, 228.0, 209.0
342, 303.0, 54.0
343, 592.0, 304.0
344, 149.0, 361.0
345, 276.0, 57.0
346, 31.0, 368.0
347, 316.0, 255.0
348, 587.0, 365.0
349, 580.0, 184.0
350, 580.0, 164.0
351, 152.0, 289.0
352, 134.0, 296.0
353, 596.0, 354.0
354, 231.0, 149.0
355, 425.0, 47.0
356, 443.0, 37.0
357, 491.0, 47.0
358, 183.0, 352.0
359, 688.0, 401.0
360, 616.0, 136.0
361, 371.0, 335.0
362, 24.0, 146.0
363, 74.0, 52.0
364, 440.0, 49.0
365, 361.0, 229.0
366, 26.0, 360.0
367, 317.0, 301.0
368, 270.0, 274.0
369, 96.0, 325.0
370, 455.0, 40.0
371, 593.0, 383.0
372, 222.0, 209.0
373, 268.0, 202.0
374, 661.0, 331.0
375, 8.0, 355.0
376, 428.0, 190.0
377, 229.0, 179.0
378, 122.0, 460.0
379, 632.0, 129.0
380, 355.0, 95.0
381, 432.0, 406.0
382, 367.0, 306.0
383, 101.0, 332.0
384, 134.0, 458.0
385, 428.0, 104.0
386, 600.0, 148.0
387, 17.0, 147.0
388, 197.0, 303.0
389, 206.0, 317.0
390, 406.0, 123.0
391, 168.0, 308.0
392, 51.0, 415.0
393, 423.0, 86.0
394, 199.0, 174.0
395, 587.0, 302.0
396, 8.0, 414.0
397, 91.0, 304.0
398, 74.0, 116.0
399, 24.0, 372.0
400, 360.0, 330.0
401, 203.0, 56.0
402, 20.0, 13.0
403, 322.0, 76.0
404, 593.0, 310.0
405, 384.0, 309.0
406, 88.0, 353.0
407, 217.0, 89.0
408, 548.0, 274.0
409, 69.0, 439.0
410, 626.0, 182.0
411, 175.0, 377.0
412, 291.0, 68.0
413, 129.0, 23.0
414, 74.0, 311.0
415, 37.0, 377.0
416, 622.0, 324.0
417, 152.0, 279.0
418, 154.0, 59.0
419, 341.0, 29.0
420, 575.0, 239.0
421, 412.0, 307.0
422, 609.0, 162.0
423, 317.0, 290.0
424, 352.0, 133.0
425, 136.0, 166.0
426, 696.0, 404.0
427, 457.0, 45.0
428, 151.0, 168.0
429, 25.0, 471.0
430, 209.0, 172.0
431, 26.0, 383.0
432, 261.0, 90.0
433, 461.0, 58.0
434, 124.0, 342.0
435, 305.0, 307.0
436, 206.0, 306.0
437, 661.0, 326.0
438, 579.0, 194.0
439, 134.0, 304.0
440, 370.0, 330.0
441, 429.0, 299.0
442, 93.0, 420.0
443, 250.0, 329.0
444, 383.0, 29.0
445, 157.0, 345.0
446, 354.0, 79.0
447, 415.0, 252.0
448, 580.0, 189.0
449, 175.0, 391.0
450, 292.0, 261.0
451, 75.0, 423.0
452, 656.0, 399.0
453, 358.0, 127.0
454, 575.0, 176.0
455, 158.0, 288.0
456, 217.0, 322.0
457, 177.0, 401.0
458, 175.0, 355.0
459, 87.0, 455.0
460, 411.0, 138.0
461, 163.0, 289.0
462, 392.0, 310.0
463, 411.0, 220.0
464, 451.0, 261.0
465, 112.0, 335.0
466, 648.0, 409.0
467, 609.0, 437.0
468, 436.0, 101.0
469, 369.0, 287.0
470, 275.0, 39.0
471, 113.0, 370.0
472, 389.0, 220.0
473, 191.0, 460.0
474, 326.0, 279.0
475, 15.0, 109.0
476, 417.0, 69.0
477, 426.0, 204.0
478, 146.0, 370.0
479, 72.0, 393.0
480, 219.0, 115.0
481, 655.0, 330.0
482, 125.0, 424.0
483, 235.0, 120.0
484, 71.0, 96.0
485, 159.0, 430.0
486, 436.0, 318.0
487, 153.0, 449.0
488, 400.0, 272.0
489, 596.0, 249.0
490, 117.0, 340.0
491, 329.0, 327.0
492, 728.0, 287.0
493, 310.0, 179.0
494, 182.0, 169.0
495, 192.0, 107.0
496, 388.0, 365.0
497, 358.0, 189.0
498, 596.0, 161.0
499, 432.0, 74.0
