0, 390.0, 8.0
1, 401.0, 8.0
2, 410.0, 8.0
3, 582.0, 8.0
4, 372.0, 9.0
5, 285.0, 11.0
6, 295.0, 14.0
7, 271.0, 15.0
8, 134.0, 16.0
9, 388.0, 21.0
10, 266.0, 22.0
11, 358.0, 24.0
12, 380.0, 24.0
13, 398.0, 26.0
14, 266.0, 27.0
15, 93.0, 33.0
16, 103.0, 36.0
17, 379.0, 49.0
18, 96.0, 63.0
19, 609.0, 106.0
20, 262.0, 112.0
21, 324.0, 112.0
22, 615.0, 114.0
23, 313.0, 117.0
24, 597.0, 118.0
25, 601.0, 123.0
26, 383.0, 135.0
27, 376.0, 137.0
28, 284.0, 139.0
29, 281.0, 151.0
30, 264.0, 191.0
31, 293.0, 192.0
32, 312.0, 193.0
33, 345.0, 193.0
34, 330.0, 194.0
35, 331.0, 199.0
36, 610.0, 200.0
37, 316.0, 201.0
38, 377.0, 203.0
39, 347.0, 212.0
40, 520.0, 224.0
41, 612.0, 237.0
42, 546.0, 243.0
43, 566.0, 244.0
44, 346.0, 247.0
45, 346.0, 252.0
46, 262.0, 255.0
47, 263.0, 260.0
48, 196.0, 262.0
49, 263.0, 265.0
50, 263.0, 272.0
51, 346.0, 272.0
52, 514.0, 277.0
53, 412.0, 280.0
54, 373.0, 283.0
55, 263.0, 285.0
56, 346.0, 286.0
57, 373.0, 288.0
58, 564.0, 288.0
59, 263.0, 290.0
60, 346.0, 291.0
61, 263.0, 296.0
62, 346.0, 296.0
63, 345.0, 303.0
64, 408.0, 312.0
65, 344.0, 318.0
66, 600.0, 318.0
67, 266.0, 322.0
68, 345.0, 323.0
69, 601.0, 323.0
70, 529.0, 325.0
71, 345.0, 328.0
72, 372.0, 331.0
73, 389.0, 333.0
74, 544.0, 335.0
75, 116.0, 337.0
76, 549.0, 337.0
77, 268.0, 343.0
78, 378.0, 343.0
79, 387.0, 345.0
80, 392.0, 345.0
81, 203.0, 346.0
82, 259.0, 347.0
83, 378.0, 348.0
84, 432.0, 348.0
85, 322.0, 349.0
86, 346.0, 350.0
87, 257.0, 352.0
88, 467.0, 352.0
89, 477.0, 352.0
90, 472.0, 353.0
91, 489.0, 353.0
92, 519.0, 354.0
93, 370.0, 356.0
94, 255.0, 357.0
95, 524.0, 357.0
96, 529.0, 359.0
97, 271.0, 360.0
98, 288.0, 362.0
99, 534.0, 362.0
100, 345.0, 364.0
101, 563.0, 364.0
102, 313.0, 366.0
103, 370.0, 368.0
104, 261.0, 370.0
105, 324.0, 370.0
106, 273.0, 371.0
107, 280.0, 372.0
108, 285.0, 372.0
109, 292.0, 373.0
110, 357.0, 373.0
111, 542.0, 374.0
112, 304.0, 375.0
113, 253.0, 377.0
114, 559.0, 378.0
115, 264.0, 380.0
116, 230.0, 381.0
117, 282.0, 382.0
118, 294.0, 382.0
119, 305.0, 383.0
120, 315.0, 384.0
121, 344.0, 384.0
122, 356.0, 384.0
123, 594.0, 384.0
124, 549.0, 388.0
125, 285.0, 389.0
126, 368.0, 389.0
127, 490.0, 389.0
128, 541.0, 389.0
129, 594.0, 389.0
130, 209.0, 390.0
131, 502.0, 390.0
132, 564.0, 390.0
133, 237.0, 392.0
134, 324.0, 392.0
135, 511.0, 392.0
136, 532.0, 393.0
137, 210.0, 395.0
138, 263.0, 395.0
139, 564.0, 395.0
140, 315.0, 396.0
141, 225.0, 397.0
142, 555.0, 398.0
143, 577.0, 398.0
144, 593.0, 398.0
145, 284.0, 399.0
146, 366.0, 399.0
147, 214.0, 400.0
148, 305.0, 400.0
149, 525.0, 401.0
150, 343.0, 402.0
151, 568.0, 403.0
152, 189.0, 404.0
153, 313.0, 404.0
154, 243.0, 405.0
155, 227.0, 406.0
156, 355.0, 406.0
157, 342.0, 407.0
158, 369.0, 407.0
159, 374.0, 407.0
160, 576.0, 407.0
161, 274.0, 408.0
162, 289.0, 409.0
163, 546.0, 412.0
164, 324.0, 413.0
165, 559.0, 413.0
166, 205.0, 414.0
167, 340.0, 414.0
168, 356.0, 414.0
169, 376.0, 415.0
170, 386.0, 415.0
171, 576.0, 416.0
172, 291.0, 417.0
173, 282.0, 418.0
174, 495.0, 418.0
175, 592.0, 418.0
176, 243.0, 419.0
177, 308.0, 419.0
178, 190.0, 420.0
179, 252.0, 421.0
180, 334.0, 421.0
181, 546.0, 423.0
182, 214.0, 424.0
183, 592.0, 427.0
184, 185.0, 429.0
185, 283.0, 429.0
186, 547.0, 430.0
187, 493.0, 431.0
188, 227.0, 432.0
189, 312.0, 433.0
190, 340.0, 435.0
191, 592.0, 435.0
192, 495.0, 436.0
193, 562.0, 436.0
194, 547.0, 439.0
195, 209.0, 441.0
196, 196.0, 442.0
197, 184.0, 443.0
198, 566.0, 443.0
199, 176.0, 444.0
200, 214.0, 445.0
201, 165.0, 448.0
202, 500.0, 449.0
203, 216.0, 450.0
204, 228.0, 450.0
205, 133.0, 455.0
206, 191.0, 455.0
207, 449.0, 455.0
208, 550.0, 457.0
209, 443.0, 458.0
210, 36.0, 459.0
211, 192.0, 460.0
212, 154.0, 465.0
213, 459.0, 465.0
214, 520.0, 468.0
