0, 441.0, 327.0
1, 553.0, 218.0
2, 417.0, 200.0
3, 431.0, 226.0
4, 424.0, 326.0
5, 594.0, 220.0
6, 363.0, 457.0
7, 585.0, 211.0
8, 210.0, 270.0
9, 606.0, 189.0
10, 532.0, 306.0
11, 333.0, 235.0
12, 557.0, 252.0
13, 333.0, 180.0
14, 30.0, 163.0
15, 537.0, 209.0
16, 345.0, 457.0
17, 389.0, 164.0
18, 281.0, 180.0
19, 379.0, 228.0
20, 370.0, 228.0
21, 226.0, 313.0
22, 565.0, 31.0
23, 519.0, 108.0
24, 524.0, 356.0
25, 505.0, 220.0
26, 334.0, 459.0
27, 541.0, 293.0
28, 516.0, 123.0
29, 398.0, 345.0
30, 312.0, 461.0
31, 447.0, 220.0
32, 457.0, 199.0
33, 451.0, 244.0
34, 298.0, 191.0
35, 335.0, 128.0
36, 43.0, 168.0
37, 261.0, 235.0
38, 439.0, 446.0
39, 450.0, 255.0
40, 19.0, 201.0
41, 297.0, 235.0
42, 452.0, 175.0
43, 354.0, 353.0
44, 552.0, 264.0
45, 25.0, 190.0
46, 368.0, 396.0
47, 248.0, 248.0
48, 460.0, 186.0
49, 346.0, 180.0
50, 365.0, 368.0
51, 166.0, 335.0
52, 320.0, 236.0
53, 636.0, 300.0
54, 243.0, 272.0
55, 635.0, 188.0
56, 323.0, 127.0
57, 496.0, 464.0
58, 436.0, 316.0
59, 178.0, 331.0
60, 533.0, 345.0
61, 499.0, 309.0
62, 349.0, 194.0
63, 476.0, 231.0
64, 640.0, 285.0
65, 579.0, 272.0
66, 305.0, 418.0
67, 515.0, 26.0
68, 388.0, 59.0
69, 284.0, 250.0
70, 398.0, 247.0
71, 397.0, 256.0
72, 670.0, 256.0
73, 496.0, 448.0
74, 371.0, 381.0
75, 63.0, 194.0
76, 230.0, 382.0
77, 319.0, 353.0
78, 81.0, 162.0
79, 567.0, 88.0
80, 464.0, 257.0
81, 257.0, 207.0
82, 370.0, 445.0
83, 644.0, 268.0
84, 306.0, 399.0
85, 521.0, 206.0
86, 549.0, 227.0
87, 81.0, 176.0
88, 329.0, 325.0
89, 345.0, 413.0
90, 104.0, 178.0
91, 357.0, 368.0
92, 412.0, 189.0
93, 592.0, 164.0
94, 514.0, 394.0
95, 461.0, 176.0
96, 91.0, 298.0
97, 441.0, 237.0
98, 381.0, 216.0
99, 561.0, 278.0
100, 616.0, 168.0
101, 338.0, 376.0
102, 380.0, 116.0
103, 606.0, 203.0
104, 313.0, 105.0
105, 486.0, 326.0
106, 513.0, 342.0
107, 376.0, 469.0
108, 356.0, 238.0
109, 400.0, 453.0
110, 342.0, 234.0
111, 592.0, 196.0
112, 576.0, 376.0
113, 358.0, 115.0
114, 704.0, 344.0
115, 332.0, 220.0
116, 731.0, 40.0
117, 402.0, 187.0
118, 366.0, 411.0
119, 358.0, 334.0
120, 580.0, 34.0
121, 91.0, 167.0
122, 502.0, 105.0
123, 532.0, 469.0
124, 535.0, 223.0
125, 384.0, 355.0
126, 582.0, 192.0
127, 78.0, 358.0
128, 696.0, 137.0
129, 421.0, 228.0
130, 296.0, 264.0
131, 347.0, 362.0
132, 313.0, 284.0
133, 102.0, 298.0
134, 716.0, 205.0
135, 572.0, 249.0
136, 113.0, 281.0
137, 550.0, 306.0
138, 632.0, 471.0
139, 388.0, 257.0
140, 654.0, 29.0
141, 496.0, 266.0
142, 349.0, 442.0
143, 9.0, 190.0
144, 264.0, 189.0
145, 404.0, 393.0
146, 738.0, 367.0
147, 33.0, 177.0
148, 419.0, 217.0
149, 262.0, 250.0
150, 337.0, 444.0
151, 630.0, 309.0
152, 296.0, 465.0
153, 652.0, 254.0
154, 427.0, 201.0
155, 537.0, 110.0
156, 548.0, 242.0
157, 421.0, 316.0
158, 483.0, 259.0
159, 563.0, 238.0
160, 602.0, 175.0
161, 471.0, 449.0
162, 600.0, 471.0
163, 538.0, 329.0
164, 336.0, 105.0
165, 333.0, 192.0
166, 275.0, 199.0
167, 675.0, 286.0
168, 524.0, 234.0
169, 508.0, 471.0
170, 583.0, 176.0
171, 662.0, 272.0
172, 249.0, 262.0
173, 323.0, 448.0
174, 298.0, 375.0
175, 287.0, 338.0
176, 415.0, 418.0
177, 389.0, 206.0
178, 360.0, 194.0
179, 88.0, 286.0
180, 585.0, 252.0
181, 391.0, 197.0
182, 298.0, 389.0
183, 249.0, 237.0
184, 166.0, 308.0
185, 296.0, 246.0
186, 577.0, 51.0
187, 189.0, 317.0
188, 220.0, 255.0
189, 573.0, 201.0
190, 489.0, 247.0
191, 225.0, 198.0
192, 581.0, 163.0
193, 219.0, 19.0
194, 266.0, 456.0
195, 313.0, 418.0
196, 224.0, 292.0
197, 296.0, 211.0
198, 694.0, 287.0
199, 590.0, 90.0
200, 590.0, 310.0
201, 284.0, 238.0
202, 474.0, 208.0
203, 524.0, 196.0
204, 92.0, 318.0
205, 287.0, 99.0
206, 369.0, 240.0
207, 487.0, 459.0
208, 438.0, 259.0
209, 704.0, 176.0
210, 662.0, 470.0
211, 614.0, 307.0
212, 465.0, 430.0
213, 278.0, 436.0
214, 340.0, 400.0
215, 590.0, 183.0
216, 314.0, 387.0
217, 45.0, 203.0
218, 454.0, 209.0
219, 423.0, 260.0
220, 601.0, 51.0
221, 375.0, 306.0
222, 478.0, 410.0
223, 222.0, 189.0
224, 334.0, 166.0
225, 418.0, 389.0
226, 427.0, 246.0
227, 264.0, 347.0
228, 399.0, 234.0
229, 387.0, 247.0
230, 371.0, 216.0
231, 34.0, 151.0
232, 204.0, 187.0
233, 400.0, 370.0
234, 241.0, 188.0
235, 390.0, 314.0
236, 704.0, 51.0
237, 521.0, 96.0
238, 474.0, 314.0
239, 331.0, 355.0
240, 569.0, 363.0
241, 258.0, 167.0
242, 404.0, 248.0
243, 477.0, 297.0
244, 510.0, 366.0
245, 542.0, 88.0
246, 327.0, 395.0
247, 553.0, 361.0
248, 323.0, 406.0
249, 254.0, 184.0
250, 435.0, 181.0
251, 501.0, 379.0
252, 597.0, 258.0
253, 670.0, 25.0
254, 365.0, 261.0
255, 444.0, 266.0
256, 730.0, 20.0
257, 422.0, 240.0
258, 694.0, 469.0
259, 388.0, 380.0
260, 331.0, 341.0
261, 412.0, 404.0
262, 496.0, 340.0
263, 58.0, 168.0
264, 231.0, 19.0
265, 680.0, 270.0
266, 238.0, 442.0
267, 531.0, 278.0
268, 299.0, 101.0
269, 294.0, 162.0
270, 313.0, 378.0
271, 391.0, 336.0
272, 576.0, 12.0
273, 480.0, 283.0
274, 504.0, 324.0
275, 263.0, 390.0
276, 535.0, 232.0
277, 351.0, 148.0
278, 597.0, 36.0
279, 389.0, 229.0
280, 509.0, 196.0
281, 417.0, 248.0
282, 674.0, 210.0
283, 230.0, 265.0
284, 264.0, 446.0
285, 383.0, 334.0
286, 726.0, 58.0
287, 526.0, 342.0
288, 288.0, 119.0
289, 630.0, 154.0
290, 368.0, 173.0
291, 683.0, 313.0
292, 259.0, 71.0
293, 118.0, 296.0
294, 313.0, 434.0
295, 578.0, 323.0
296, 490.0, 394.0
297, 19.0, 10.0
298, 256.0, 176.0
299, 701.0, 124.0
300, 429.0, 172.0
301, 215.0, 41.0
302, 79.0, 194.0
303, 301.0, 332.0
304, 126.0, 269.0
305, 625.0, 31.0
306, 248.0, 44.0
307, 247.0, 200.0
308, 468.0, 126.0
309, 670.0, 267.0
310, 297.0, 440.0
311, 495.0, 294.0
312, 89.0, 273.0
313, 698.0, 269.0
314, 683.0, 263.0
315, 352.0, 185.0
316, 484.0, 305.0
317, 104.0, 161.0
318, 200.0, 10.0
319, 52.0, 146.0
320, 444.0, 203.0
321, 260.0, 157.0
322, 52.0, 13.0
323, 347.0, 471.0
324, 319.0, 306.0
325, 235.0, 233.0
326, 374.0, 429.0
327, 317.0, 121.0
328, 532.0, 134.0
329, 323.0, 321.0
330, 209.0, 212.0
331, 442.0, 459.0
332, 267.0, 60.0
333, 518.0, 352.0
334, 452.0, 455.0
335, 257.0, 256.0
336, 332.0, 280.0
337, 478.0, 247.0
338, 554.0, 206.0
339, 377.0, 137.0
340, 518.0, 258.0
341, 662.0, 316.0
342, 230.0, 342.0
343, 646.0, 33.0
344, 716.0, 312.0
345, 63.0, 66.0
346, 504.0, 94.0
347, 94.0, 95.0
348, 371.0, 205.0
349, 417.0, 141.0
350, 250.0, 214.0
351, 377.0, 158.0
352, 616.0, 194.0
353, 229.0, 325.0
354, 422.0, 442.0
355, 654.0, 129.0
356, 341.0, 321.0
357, 381.0, 291.0
358, 437.0, 245.0
359, 456.0, 401.0
360, 568.0, 140.0
361, 495.0, 130.0
362, 435.0, 206.0
363, 103.0, 141.0
364, 522.0, 220.0
365, 508.0, 296.0
366, 714.0, 22.0
367, 433.0, 195.0
368, 85.0, 236.0
369, 468.0, 295.0
370, 482.0, 170.0
371, 450.0, 301.0
372, 43.0, 387.0
373, 596.0, 287.0
374, 313.0, 398.0
375, 343.0, 341.0
376, 418.0, 185.0
377, 98.0, 366.0
378, 739.0, 349.0
379, 491.0, 313.0
380, 113.0, 199.0
381, 438.0, 219.0
382, 95.0, 333.0
383, 250.0, 336.0
384, 496.0, 284.0
385, 273.0, 258.0
386, 450.0, 344.0
387, 406.0, 137.0
388, 273.0, 75.0
389, 312.0, 145.0
390, 721.0, 228.0
391, 573.0, 114.0
392, 460.0, 266.0
393, 97.0, 284.0
394, 292.0, 95.0
395, 309.0, 359.0
396, 84.0, 24.0
397, 407.0, 177.0
398, 329.0, 202.0
399, 232.0, 65.0
400, 337.0, 433.0
401, 502.0, 84.0
402, 207.0, 282.0
403, 278.0, 228.0
404, 179.0, 14.0
405, 404.0, 167.0
406, 238.0, 39.0
407, 445.0, 343.0
408, 322.0, 167.0
409, 275.0, 70.0
410, 372.0, 353.0
411, 224.0, 283.0
412, 274.0, 191.0
413, 480.0, 220.0
414, 242.0, 209.0
415, 230.0, 154.0
416, 61.0, 180.0
417, 715.0, 320.0
418, 231.0, 94.0
419, 413.0, 164.0
420, 436.0, 168.0
421, 462.0, 219.0
422, 79.0, 146.0
423, 213.0, 469.0
424, 413.0, 231.0
425, 544.0, 201.0
426, 283.0, 363.0
427, 653.0, 313.0
428, 560.0, 309.0
429, 343.0, 265.0
430, 354.0, 384.0
431, 597.0, 62.0
432, 186.0, 378.0
433, 467.0, 276.0
434, 177.0, 79.0
435, 682.0, 116.0
436, 322.0, 343.0
437, 543.0, 257.0
438, 58.0, 364.0
439, 654.0, 265.0
440, 596.0, 203.0
441, 282.0, 191.0
442, 404.0, 200.0
443, 347.0, 320.0
444, 464.0, 169.0
445, 727.0, 215.0
446, 364.0, 445.0
447, 365.0, 160.0
448, 71.0, 134.0
449, 639.0, 173.0
450, 422.0, 449.0
451, 468.0, 230.0
452, 519.0, 215.0
453, 157.0, 318.0
454, 392.0, 142.0
455, 257.0, 272.0
456, 349.0, 204.0
457, 731.0, 143.0
458, 678.0, 346.0
459, 312.0, 442.0
460, 83.0, 8.0
461, 413.0, 221.0
462, 509.0, 204.0
463, 218.0, 272.0
464, 211.0, 255.0
465, 464.0, 302.0
466, 339.0, 349.0
467, 82.0, 186.0
468, 242.0, 295.0
469, 523.0, 319.0
470, 42.0, 194.0
471, 217.0, 288.0
472, 542.0, 316.0
473, 264.0, 384.0
474, 453.0, 332.0
475, 248.0, 369.0
476, 264.0, 424.0
477, 236.0, 188.0
478, 112.0, 193.0
479, 248.0, 328.0
480, 685.0, 42.0
481, 687.0, 158.0
482, 657.0, 169.0
483, 438.0, 338.0
484, 737.0, 181.0
485, 450.0, 204.0
486, 473.0, 246.0
487, 476.0, 321.0
488, 670.0, 55.0
489, 72.0, 147.0
490, 232.0, 41.0
491, 460.0, 286.0
492, 425.0, 180.0
493, 57.0, 159.0
494, 636.0, 321.0
495, 57.0, 233.0
496, 665.0, 208.0
497, 275.0, 268.0
498, 390.0, 186.0
499, 630.0, 318.0
