0, 439.0, 8.0
1, 501.0, 8.0
2, 609.0, 8.0
3, 354.0, 10.0
4, 324.0, 15.0
5, 400.0, 15.0
6, 516.0, 16.0
7, 726.0, 16.0
8, 497.0, 17.0
9, 712.0, 22.0
10, 397.0, 23.0
11, 501.0, 24.0
12, 385.0, 29.0
13, 483.0, 49.0
14, 535.0, 53.0
15, 319.0, 56.0
16, 540.0, 56.0
17, 319.0, 61.0
18, 505.0, 62.0
19, 318.0, 66.0
20, 463.0, 68.0
21, 100.0, 73.0
22, 315.0, 80.0
23, 385.0, 81.0
24, 380.0, 82.0
25, 314.0, 87.0
26, 380.0, 87.0
27, 380.0, 92.0
28, 26.0, 104.0
29, 467.0, 104.0
30, 8.0, 107.0
31, 462.0, 107.0
32, 57.0, 108.0
33, 458.0, 112.0
34, 695.0, 117.0
35, 683.0, 118.0
36, 311.0, 119.0
37, 454.0, 123.0
38, 680.0, 126.0
39, 697.0, 127.0
40, 285.0, 128.0
41, 294.0, 131.0
42, 308.0, 132.0
43, 689.0, 135.0
44, 677.0, 136.0
45, 326.0, 137.0
46, 332.0, 137.0
47, 282.0, 140.0
48, 292.0, 143.0
49, 303.0, 143.0
50, 74.0, 146.0
51, 313.0, 146.0
52, 63.0, 149.0
53, 370.0, 151.0
54, 291.0, 153.0
55, 68.0, 154.0
56, 302.0, 154.0
57, 453.0, 154.0
58, 91.0, 156.0
59, 68.0, 159.0
60, 282.0, 160.0
61, 322.0, 160.0
62, 63.0, 161.0
63, 104.0, 161.0
64, 269.0, 163.0
65, 491.0, 163.0
66, 511.0, 166.0
67, 321.0, 169.0
68, 326.0, 169.0
69, 512.0, 171.0
70, 424.0, 177.0
71, 417.0, 178.0
72, 433.0, 178.0
73, 512.0, 178.0
74, 476.0, 179.0
75, 494.0, 179.0
76, 310.0, 182.0
77, 458.0, 182.0
78, 98.0, 183.0
79, 467.0, 183.0
80, 596.0, 183.0
81, 584.0, 186.0
82, 398.0, 189.0
83, 291.0, 193.0
84, 298.0, 193.0
85, 310.0, 193.0
86, 422.0, 195.0
87, 454.0, 196.0
88, 440.0, 198.0
89, 600.0, 199.0
90, 558.0, 200.0
91, 308.0, 201.0
92, 359.0, 202.0
93, 469.0, 203.0
94, 568.0, 203.0
95, 592.0, 203.0
96, 435.0, 204.0
97, 448.0, 204.0
98, 245.0, 205.0
99, 256.0, 205.0
100, 576.0, 206.0
101, 56.0, 207.0
102, 61.0, 208.0
103, 481.0, 208.0
104, 229.0, 209.0
105, 427.0, 209.0
106, 44.0, 211.0
107, 75.0, 211.0
108, 39.0, 212.0
109, 315.0, 213.0
110, 556.0, 213.0
111, 467.0, 214.0
112, 86.0, 215.0
113, 265.0, 215.0
114, 324.0, 215.0
115, 443.0, 215.0
116, 76.0, 216.0
117, 305.0, 216.0
118, 453.0, 216.0
119, 499.0, 216.0
120, 565.0, 216.0
121, 32.0, 217.0
122, 255.0, 219.0
123, 576.0, 219.0
124, 232.0, 220.0
125, 45.0, 221.0
126, 26.0, 222.0
127, 21.0, 223.0
128, 320.0, 223.0
129, 461.0, 223.0
130, 545.0, 223.0
131, 423.0, 224.0
132, 540.0, 224.0
133, 262.0, 225.0
134, 315.0, 225.0
135, 282.0, 226.0
136, 344.0, 226.0
137, 391.0, 226.0
138, 242.0, 227.0
139, 272.0, 227.0
140, 354.0, 227.0
141, 15.0, 228.0
142, 96.0, 228.0
143, 292.0, 228.0
144, 538.0, 230.0
145, 233.0, 231.0
146, 579.0, 231.0
147, 360.0, 232.0
148, 449.0, 232.0
149, 563.0, 232.0
150, 291.0, 233.0
151, 15.0, 236.0
152, 56.0, 237.0
153, 407.0, 237.0
154, 283.0, 238.0
155, 529.0, 238.0
156, 597.0, 240.0
157, 578.0, 241.0
158, 602.0, 241.0
159, 551.0, 244.0
160, 12.0, 247.0
161, 69.0, 247.0
162, 387.0, 248.0
163, 85.0, 249.0
164, 64.0, 250.0
165, 557.0, 250.0
166, 566.0, 250.0
167, 164.0, 251.0
168, 392.0, 252.0
169, 133.0, 255.0
170, 314.0, 255.0
171, 412.0, 255.0
172, 512.0, 255.0
173, 291.0, 256.0
174, 119.0, 257.0
175, 46.0, 259.0
176, 174.0, 259.0
177, 420.0, 259.0
178, 301.0, 260.0
179, 367.0, 260.0
180, 14.0, 263.0
181, 95.0, 263.0
182, 322.0, 263.0
183, 388.0, 263.0
184, 286.0, 265.0
185, 398.0, 265.0
186, 16.0, 268.0
187, 241.0, 268.0
188, 410.0, 268.0
189, 437.0, 268.0
190, 542.0, 268.0
191, 549.0, 269.0
192, 537.0, 271.0
193, 188.0, 272.0
194, 318.0, 272.0
195, 34.0, 273.0
196, 286.0, 273.0
197, 313.0, 273.0
198, 300.0, 274.0
199, 83.0, 275.0
200, 102.0, 275.0
201, 326.0, 275.0
202, 22.0, 277.0
203, 371.0, 277.0
204, 310.0, 279.0
205, 383.0, 279.0
206, 397.0, 279.0
207, 453.0, 279.0
208, 545.0, 279.0
209, 200.0, 282.0
210, 430.0, 282.0
211, 555.0, 283.0
212, 159.0, 284.0
213, 543.0, 284.0
214, 362.0, 285.0
215, 64.0, 286.0
216, 242.0, 286.0
217, 318.0, 286.0
218, 640.0, 286.0
219, 296.0, 287.0
220, 51.0, 288.0
221, 56.0, 288.0
222, 555.0, 288.0
223, 569.0, 288.0
224, 114.0, 291.0
225, 307.0, 291.0
226, 228.0, 292.0
227, 473.0, 292.0
228, 56.0, 293.0
229, 342.0, 293.0
230, 352.0, 293.0
231, 584.0, 294.0
232, 209.0, 295.0
233, 378.0, 297.0
234, 416.0, 299.0
235, 583.0, 299.0
236, 63.0, 300.0
237, 174.0, 300.0
238, 188.0, 300.0
239, 125.0, 302.0
240, 462.0, 302.0
241, 341.0, 303.0
242, 328.0, 304.0
243, 163.0, 305.0
244, 180.0, 305.0
245, 58.0, 307.0
246, 151.0, 309.0
247, 350.0, 309.0
248, 131.0, 313.0
249, 210.0, 313.0
250, 172.0, 314.0
251, 358.0, 315.0
252, 184.0, 316.0
253, 301.0, 317.0
254, 325.0, 317.0
255, 336.0, 317.0
256, 170.0, 319.0
257, 100.0, 320.0
258, 180.0, 321.0
259, 145.0, 322.0
260, 459.0, 322.0
261, 157.0, 323.0
262, 293.0, 323.0
263, 524.0, 323.0
264, 168.0, 324.0
265, 209.0, 325.0
266, 259.0, 325.0
267, 344.0, 326.0
268, 138.0, 327.0
269, 153.0, 328.0
270, 528.0, 328.0
271, 84.0, 329.0
272, 110.0, 330.0
273, 461.0, 330.0
274, 573.0, 330.0
275, 173.0, 331.0
276, 374.0, 331.0
277, 432.0, 331.0
278, 451.0, 331.0
279, 133.0, 334.0
280, 351.0, 335.0
281, 56.0, 336.0
282, 64.0, 339.0
283, 42.0, 340.0
284, 182.0, 340.0
285, 153.0, 344.0
286, 208.0, 344.0
287, 117.0, 345.0
288, 178.0, 345.0
289, 270.0, 346.0
290, 700.0, 347.0
291, 416.0, 348.0
292, 450.0, 348.0
293, 567.0, 348.0
294, 17.0, 349.0
295, 362.0, 349.0
296, 105.0, 351.0
297, 76.0, 352.0
298, 575.0, 352.0
299, 65.0, 353.0
300, 201.0, 353.0
301, 411.0, 353.0
302, 263.0, 354.0
303, 188.0, 356.0
304, 724.0, 356.0
305, 582.0, 357.0
306, 92.0, 358.0
307, 310.0, 358.0
308, 369.0, 358.0
309, 424.0, 358.0
310, 113.0, 359.0
311, 264.0, 359.0
312, 11.0, 360.0
313, 41.0, 360.0
314, 118.0, 360.0
315, 123.0, 360.0
316, 402.0, 360.0
317, 140.0, 361.0
318, 175.0, 361.0
319, 588.0, 362.0
320, 615.0, 362.0
321, 28.0, 363.0
322, 164.0, 363.0
323, 258.0, 363.0
324, 271.0, 363.0
325, 353.0, 363.0
326, 51.0, 364.0
327, 417.0, 364.0
328, 435.0, 364.0
329, 211.0, 366.0
330, 366.0, 366.0
331, 599.0, 366.0
332, 87.0, 367.0
333, 163.0, 368.0
334, 192.0, 368.0
335, 282.0, 368.0
336, 544.0, 368.0
337, 116.0, 369.0
338, 15.0, 372.0
339, 613.0, 372.0
340, 20.0, 373.0
341, 134.0, 373.0
342, 280.0, 373.0
343, 25.0, 374.0
344, 275.0, 375.0
345, 424.0, 375.0
346, 127.0, 376.0
347, 384.0, 376.0
348, 556.0, 376.0
349, 288.0, 377.0
350, 136.0, 378.0
351, 620.0, 378.0
352, 56.0, 379.0
353, 96.0, 380.0
354, 75.0, 381.0
355, 118.0, 381.0
356, 263.0, 381.0
357, 574.0, 381.0
358, 625.0, 381.0
359, 184.0, 382.0
360, 169.0, 384.0
361, 633.0, 384.0
362, 127.0, 385.0
363, 196.0, 386.0
364, 642.0, 386.0
365, 20.0, 387.0
366, 101.0, 387.0
367, 112.0, 389.0
368, 373.0, 389.0
369, 678.0, 389.0
370, 124.0, 392.0
371, 46.0, 393.0
372, 647.0, 393.0
373, 268.0, 394.0
374, 656.0, 395.0
375, 211.0, 396.0
376, 247.0, 396.0
377, 32.0, 397.0
378, 100.0, 398.0
379, 134.0, 398.0
380, 195.0, 398.0
381, 65.0, 399.0
382, 332.0, 399.0
383, 360.0, 400.0
384, 664.0, 400.0
385, 669.0, 400.0
386, 122.0, 401.0
387, 547.0, 401.0
388, 177.0, 402.0
389, 675.0, 403.0
390, 20.0, 404.0
391, 686.0, 404.0
392, 693.0, 404.0
393, 87.0, 405.0
394, 681.0, 405.0
395, 698.0, 405.0
396, 153.0, 406.0
397, 622.0, 407.0
398, 327.0, 408.0
399, 17.0, 409.0
400, 28.0, 409.0
401, 79.0, 409.0
402, 670.0, 410.0
403, 543.0, 412.0
404, 12.0, 413.0
405, 36.0, 413.0
406, 69.0, 413.0
407, 101.0, 413.0
408, 724.0, 414.0
409, 55.0, 415.0
410, 188.0, 417.0
411, 100.0, 418.0
412, 121.0, 419.0
413, 325.0, 419.0
414, 82.0, 420.0
415, 643.0, 420.0
416, 164.0, 422.0
417, 98.0, 423.0
418, 650.0, 423.0
419, 706.0, 423.0
420, 17.0, 424.0
421, 179.0, 424.0
422, 524.0, 424.0
423, 321.0, 426.0
424, 134.0, 427.0
425, 34.0, 428.0
426, 192.0, 428.0
427, 538.0, 428.0
428, 656.0, 428.0
429, 77.0, 429.0
430, 178.0, 432.0
431, 206.0, 432.0
432, 9.0, 433.0
433, 43.0, 433.0
434, 320.0, 435.0
435, 555.0, 436.0
436, 672.0, 436.0
437, 163.0, 437.0
438, 202.0, 437.0
439, 711.0, 438.0
440, 716.0, 438.0
441, 84.0, 440.0
442, 663.0, 440.0
443, 696.0, 440.0
444, 192.0, 441.0
445, 348.0, 441.0
446, 737.0, 441.0
447, 199.0, 442.0
448, 321.0, 442.0
449, 35.0, 445.0
450, 101.0, 445.0
451, 132.0, 445.0
452, 212.0, 446.0
453, 10.0, 447.0
454, 657.0, 448.0
455, 736.0, 448.0
456, 179.0, 449.0
457, 677.0, 449.0
458, 350.0, 450.0
459, 80.0, 451.0
460, 308.0, 451.0
461, 682.0, 452.0
462, 191.0, 453.0
463, 687.0, 453.0
464, 90.0, 454.0
465, 392.0, 454.0
466, 692.0, 456.0
467, 168.0, 458.0
468, 563.0, 458.0
469, 729.0, 458.0
470, 427.0, 459.0
471, 50.0, 460.0
472, 63.0, 463.0
473, 181.0, 463.0
474, 200.0, 463.0
475, 133.0, 464.0
476, 295.0, 465.0
477, 40.0, 467.0
478, 244.0, 467.0
479, 180.0, 468.0
480, 197.0, 468.0
481, 164.0, 469.0
482, 89.0, 470.0
483, 33.0, 471.0
484, 721.0, 471.0
