0, 351.0, 393.0
1, 112.0, 317.0
2, 257.0, 299.0
3, 248.0, 210.0
4, 520.0, 333.0
5, 342.0, 385.0
6, 103.0, 311.0
7, 63.0, 196.0
8, 273.0, 253.0
9, 343.0, 416.0
10, 281.0, 316.0
11, 280.0, 213.0
12, 572.0, 60.0
13, 560.0, 221.0
14, 418.0, 296.0
15, 271.0, 227.0
16, 254.0, 224.0
17, 241.0, 222.0
18, 340.0, 271.0
19, 270.0, 300.0
20, 407.0, 381.0
21, 138.0, 274.0
22, 108.0, 355.0
23, 484.0, 385.0
24, 161.0, 359.0
25, 44.0, 294.0
26, 556.0, 354.0
27, 152.0, 380.0
28, 543.0, 387.0
29, 323.0, 402.0
30, 420.0, 325.0
31, 421.0, 371.0
32, 545.0, 449.0
33, 440.0, 401.0
34, 569.0, 206.0
35, 286.0, 242.0
36, 416.0, 400.0
37, 113.0, 287.0
38, 124.0, 329.0
39, 245.0, 294.0
40, 538.0, 372.0
41, 684.0, 394.0
42, 558.0, 202.0
43, 329.0, 237.0
44, 319.0, 343.0
45, 114.0, 141.0
46, 626.0, 225.0
47, 659.0, 401.0
48, 331.0, 384.0
49, 444.0, 379.0
50, 500.0, 374.0
51, 297.0, 84.0
52, 563.0, 271.0
53, 246.0, 325.0
54, 494.0, 337.0
55, 264.0, 210.0
56, 49.0, 259.0
57, 16.0, 298.0
58, 574.0, 287.0
59, 278.0, 268.0
60, 244.0, 281.0
61, 120.0, 369.0
62, 406.0, 438.0
63, 185.0, 246.0
64, 303.0, 354.0
65, 371.0, 425.0
66, 502.0, 388.0
67, 114.0, 380.0
68, 280.0, 303.0
69, 106.0, 204.0
70, 341.0, 253.0
71, 43.0, 359.0
72, 246.0, 308.0
73, 166.0, 385.0
74, 585.0, 265.0
75, 639.0, 252.0
76, 88.0, 111.0
77, 293.0, 270.0
78, 533.0, 25.0
79, 238.0, 313.0
80, 579.0, 222.0
81, 229.0, 238.0
82, 433.0, 357.0
83, 570.0, 252.0
84, 38.0, 399.0
85, 531.0, 307.0
86, 268.0, 276.0
87, 534.0, 321.0
88, 139.0, 230.0
89, 366.0, 319.0
90, 25.0, 280.0
91, 532.0, 338.0
92, 348.0, 372.0
93, 72.0, 259.0
94, 396.0, 445.0
95, 70.0, 380.0
96, 340.0, 238.0
97, 257.0, 310.0
98, 183.0, 231.0
99, 269.0, 155.0
100, 233.0, 268.0
101, 596.0, 214.0
102, 250.0, 271.0
103, 200.0, 361.0
104, 100.0, 230.0
105, 12.0, 281.0
106, 352.0, 457.0
107, 441.0, 409.0
108, 228.0, 219.0
109, 407.0, 296.0
110, 231.0, 163.0
111, 363.0, 390.0
112, 153.0, 270.0
113, 456.0, 435.0
114, 273.0, 241.0
115, 451.0, 401.0
116, 627.0, 9.0
117, 494.0, 411.0
118, 148.0, 238.0
119, 543.0, 49.0
120, 339.0, 331.0
121, 107.0, 396.0
122, 676.0, 410.0
123, 650.0, 369.0
124, 126.0, 258.0
125, 623.0, 246.0
126, 424.0, 449.0
127, 445.0, 418.0
128, 420.0, 422.0
129, 272.0, 345.0
130, 79.0, 289.0
131, 438.0, 391.0
132, 116.0, 18.0
133, 555.0, 421.0
134, 124.0, 231.0
135, 158.0, 389.0
136, 208.0, 342.0
137, 252.0, 259.0
138, 585.0, 243.0
139, 141.0, 210.0
140, 575.0, 262.0
141, 357.0, 227.0
142, 576.0, 424.0
143, 570.0, 26.0
144, 555.0, 25.0
145, 229.0, 254.0
146, 134.0, 354.0
147, 306.0, 283.0
148, 559.0, 243.0
149, 569.0, 77.0
150, 399.0, 325.0
151, 73.0, 246.0
152, 400.0, 312.0
153, 335.0, 318.0
154, 136.0, 245.0
155, 144.0, 290.0
156, 119.0, 343.0
157, 149.0, 342.0
158, 681.0, 59.0
159, 319.0, 275.0
160, 92.0, 203.0
161, 199.0, 147.0
162, 430.0, 386.0
163, 172.0, 307.0
164, 258.0, 349.0
165, 351.0, 258.0
166, 636.0, 367.0
167, 122.0, 204.0
168, 390.0, 433.0
169, 228.0, 146.0
170, 375.0, 340.0
171, 226.0, 309.0
172, 463.0, 461.0
173, 27.0, 161.0
174, 291.0, 250.0
175, 342.0, 435.0
176, 563.0, 440.0
177, 445.0, 115.0
178, 598.0, 470.0
179, 65.0, 206.0
180, 361.0, 428.0
181, 567.0, 458.0
182, 89.0, 222.0
183, 312.0, 315.0
184, 24.0, 410.0
185, 551.0, 256.0
186, 433.0, 376.0
187, 302.0, 340.0
188, 53.0, 186.0
189, 265.0, 262.0
190, 134.0, 18.0
191, 309.0, 301.0
192, 295.0, 154.0
193, 568.0, 232.0
194, 377.0, 390.0
195, 379.0, 399.0
196, 136.0, 265.0
197, 333.0, 451.0
198, 105.0, 221.0
199, 710.0, 148.0
200, 443.0, 459.0
201, 56.0, 329.0
202, 443.0, 130.0
203, 643.0, 149.0
204, 47.0, 379.0
205, 583.0, 444.0
206, 421.0, 388.0
207, 515.0, 313.0
208, 322.0, 356.0
209, 217.0, 322.0
210, 637.0, 387.0
211, 301.0, 233.0
212, 647.0, 405.0
213, 449.0, 388.0
214, 394.0, 350.0
215, 271.0, 316.0
216, 389.0, 399.0
217, 317.0, 417.0
218, 535.0, 100.0
219, 66.0, 330.0
220, 320.0, 374.0
221, 510.0, 291.0
222, 355.0, 423.0
223, 678.0, 12.0
224, 92.0, 317.0
225, 547.0, 97.0
226, 190.0, 423.0
227, 314.0, 234.0
228, 445.0, 449.0
229, 92.0, 300.0
230, 462.0, 428.0
231, 593.0, 455.0
232, 702.0, 171.0
233, 289.0, 435.0
234, 172.0, 149.0
235, 303.0, 217.0
236, 409.0, 364.0
237, 425.0, 262.0
238, 641.0, 159.0
239, 283.0, 225.0
240, 297.0, 376.0
241, 677.0, 373.0
242, 59.0, 269.0
243, 513.0, 405.0
244, 616.0, 441.0
245, 621.0, 389.0
246, 575.0, 46.0
247, 304.0, 272.0
248, 650.0, 425.0
249, 549.0, 136.0
250, 112.0, 76.0
251, 521.0, 163.0
252, 692.0, 468.0
253, 139.0, 318.0
254, 165.0, 373.0
255, 444.0, 100.0
256, 332.0, 277.0
257, 532.0, 274.0
258, 566.0, 405.0
259, 566.0, 100.0
260, 551.0, 61.0
261, 29.0, 341.0
262, 317.0, 211.0
263, 585.0, 322.0
264, 555.0, 48.0
265, 32.0, 150.0
266, 523.0, 321.0
267, 141.0, 378.0
268, 517.0, 463.0
269, 58.0, 401.0
270, 519.0, 355.0
271, 134.0, 203.0
272, 285.0, 256.0
273, 122.0, 140.0
274, 377.0, 441.0
275, 200.0, 403.0
276, 372.0, 354.0
277, 498.0, 102.0
278, 43.0, 188.0
279, 548.0, 76.0
280, 203.0, 174.0
281, 271.0, 333.0
282, 472.0, 406.0
283, 164.0, 453.0
284, 67.0, 232.0
285, 73.0, 283.0
286, 178.0, 290.0
287, 109.0, 111.0
288, 224.0, 273.0
289, 68.0, 186.0
290, 304.0, 424.0
291, 150.0, 392.0
292, 233.0, 287.0
293, 260.0, 336.0
294, 529.0, 287.0
295, 334.0, 294.0
296, 494.0, 132.0
297, 364.0, 407.0
298, 557.0, 374.0
299, 207.0, 266.0
300, 83.0, 396.0
301, 242.0, 366.0
302, 116.0, 300.0
303, 32.0, 350.0
304, 566.0, 448.0
305, 520.0, 171.0
306, 505.0, 280.0
307, 435.0, 438.0
308, 305.0, 406.0
309, 493.0, 152.0
310, 396.0, 404.0
311, 311.0, 246.0
312, 433.0, 458.0
313, 191.0, 259.0
314, 680.0, 133.0
315, 565.0, 332.0
316, 424.0, 340.0
317, 518.0, 295.0
318, 406.0, 428.0
319, 123.0, 286.0
320, 440.0, 162.0
321, 233.0, 322.0
322, 698.0, 412.0
323, 161.0, 295.0
324, 497.0, 354.0
325, 326.0, 393.0
326, 236.0, 214.0
327, 522.0, 365.0
328, 134.0, 400.0
329, 14.0, 150.0
330, 468.0, 353.0
331, 410.0, 263.0
332, 405.0, 169.0
333, 280.0, 401.0
334, 695.0, 387.0
335, 545.0, 169.0
336, 176.0, 271.0
337, 315.0, 329.0
338, 220.0, 206.0
339, 581.0, 344.0
340, 24.0, 259.0
341, 114.0, 111.0
342, 490.0, 163.0
343, 357.0, 383.0
344, 240.0, 257.0
345, 475.0, 390.0
346, 411.0, 392.0
347, 412.0, 471.0
348, 365.0, 417.0
349, 133.0, 375.0
350, 29.0, 245.0
351, 289.0, 231.0
352, 337.0, 403.0
353, 671.0, 437.0
354, 539.0, 76.0
355, 204.0, 413.0
356, 443.0, 348.0
357, 442.0, 148.0
358, 247.0, 453.0
359, 396.0, 264.0
360, 613.0, 194.0
361, 707.0, 24.0
362, 506.0, 400.0
363, 706.0, 439.0
364, 432.0, 279.0
365, 294.0, 216.0
366, 432.0, 214.0
367, 449.0, 24.0
368, 393.0, 334.0
369, 333.0, 432.0
370, 647.0, 220.0
371, 90.0, 388.0
372, 296.0, 314.0
373, 197.0, 331.0
374, 451.0, 412.0
375, 110.0, 471.0
376, 103.0, 287.0
377, 380.0, 269.0
378, 351.0, 270.0
379, 197.0, 307.0
380, 127.0, 315.0
381, 377.0, 312.0
382, 329.0, 311.0
383, 323.0, 184.0
384, 664.0, 219.0
385, 193.0, 431.0
386, 280.0, 236.0
387, 342.0, 395.0
388, 367.0, 301.0
389, 387.0, 279.0
390, 561.0, 393.0
391, 231.0, 327.0
392, 370.0, 329.0
393, 390.0, 362.0
394, 430.0, 468.0
395, 740.0, 293.0
396, 18.0, 321.0
397, 676.0, 114.0
398, 325.0, 332.0
399, 286.0, 85.0
400, 493.0, 449.0
401, 463.0, 394.0
402, 636.0, 471.0
403, 34.0, 266.0
404, 462.0, 368.0
405, 548.0, 86.0
406, 514.0, 443.0
407, 323.0, 226.0
408, 290.0, 342.0
409, 20.0, 437.0
410, 552.0, 410.0
411, 666.0, 376.0
412, 8.0, 267.0
413, 370.0, 382.0
414, 100.0, 272.0
415, 213.0, 223.0
416, 342.0, 357.0
417, 312.0, 265.0
418, 103.0, 241.0
419, 203.0, 331.0
420, 497.0, 117.0
421, 404.0, 407.0
422, 327.0, 367.0
423, 574.0, 469.0
424, 446.0, 441.0
425, 342.0, 229.0
426, 47.0, 348.0
427, 134.0, 314.0
428, 492.0, 379.0
429, 620.0, 410.0
430, 86.0, 263.0
431, 339.0, 343.0
432, 324.0, 432.0
433, 690.0, 206.0
434, 250.0, 120.0
435, 676.0, 291.0
436, 42.0, 310.0
437, 31.0, 367.0
438, 469.0, 443.0
439, 687.0, 379.0
440, 694.0, 241.0
441, 443.0, 343.0
442, 541.0, 63.0
443, 742.0, 31.0
444, 495.0, 398.0
445, 8.0, 199.0
446, 309.0, 434.0
447, 208.0, 253.0
448, 542.0, 25.0
449, 450.0, 422.0
450, 713.0, 406.0
451, 309.0, 466.0
452, 566.0, 186.0
453, 147.0, 256.0
454, 386.0, 423.0
455, 529.0, 282.0
456, 218.0, 243.0
457, 404.0, 339.0
458, 137.0, 368.0
459, 52.0, 354.0
460, 286.0, 279.0
461, 344.0, 352.0
462, 486.0, 417.0
463, 311.0, 212.0
464, 607.0, 10.0
465, 259.0, 331.0
466, 34.0, 455.0
467, 68.0, 391.0
468, 235.0, 292.0
469, 549.0, 364.0
470, 232.0, 385.0
471, 245.0, 259.0
472, 410.0, 450.0
473, 416.0, 451.0
474, 298.0, 245.0
475, 666.0, 285.0
476, 320.0, 439.0
477, 322.0, 305.0
478, 383.0, 412.0
479, 672.0, 128.0
480, 358.0, 360.0
481, 304.0, 318.0
482, 541.0, 341.0
483, 440.0, 331.0
484, 723.0, 136.0
485, 551.0, 71.0
486, 387.0, 324.0
487, 690.0, 119.0
488, 36.0, 369.0
489, 603.0, 202.0
490, 509.0, 361.0
491, 615.0, 318.0
492, 315.0, 143.0
493, 348.0, 468.0
494, 505.0, 442.0
495, 547.0, 397.0
496, 407.0, 417.0
497, 83.0, 471.0
498, 686.0, 227.0
499, 424.0, 408.0
