0, 432.0, 27.0
1, 224.0, 31.0
2, 301.0, 33.0
3, 242.0, 35.0
4, 433.0, 49.0
5, 433.0, 71.0
6, 244.0, 75.0
7, 421.0, 81.0
8, 433.0, 84.0
9, 733.0, 88.0
10, 721.0, 89.0
11, 710.0, 91.0
12, 434.0, 117.0
13, 129.0, 125.0
14, 323.0, 128.0
15, 271.0, 134.0
16, 192.0, 144.0
17, 432.0, 145.0
18, 662.0, 146.0
19, 257.0, 149.0
20, 246.0, 150.0
21, 173.0, 151.0
22, 251.0, 151.0
23, 120.0, 153.0
24, 160.0, 153.0
25, 235.0, 153.0
26, 125.0, 157.0
27, 483.0, 157.0
28, 190.0, 163.0
29, 327.0, 165.0
30, 505.0, 165.0
31, 248.0, 167.0
32, 305.0, 167.0
33, 10.0, 168.0
34, 490.0, 169.0
35, 587.0, 173.0
36, 701.0, 180.0
37, 713.0, 181.0
38, 202.0, 182.0
39, 695.0, 182.0
40, 431.0, 184.0
41, 687.0, 185.0
42, 540.0, 188.0
43, 565.0, 188.0
44, 670.0, 188.0
45, 655.0, 192.0
46, 14.0, 193.0
47, 646.0, 194.0
48, 641.0, 195.0
49, 614.0, 201.0
50, 214.0, 204.0
51, 207.0, 209.0
52, 675.0, 210.0
53, 610.0, 213.0
54, 208.0, 214.0
55, 276.0, 215.0
56, 579.0, 220.0
57, 651.0, 220.0
58, 460.0, 223.0
59, 257.0, 226.0
60, 560.0, 226.0
61, 30.0, 228.0
62, 211.0, 229.0
63, 429.0, 232.0
64, 618.0, 232.0
65, 212.0, 236.0
66, 363.0, 238.0
67, 409.0, 242.0
68, 35.0, 243.0
69, 139.0, 244.0
70, 215.0, 246.0
71, 660.0, 246.0
72, 721.0, 249.0
73, 728.0, 249.0
74, 706.0, 251.0
75, 733.0, 251.0
76, 693.0, 257.0
77, 330.0, 262.0
78, 263.0, 264.0
79, 44.0, 266.0
80, 219.0, 266.0
81, 284.0, 267.0
82, 604.0, 268.0
83, 643.0, 268.0
84, 474.0, 272.0
85, 625.0, 272.0
86, 276.0, 274.0
87, 613.0, 274.0
88, 48.0, 275.0
89, 265.0, 278.0
90, 221.0, 279.0
91, 688.0, 279.0
92, 253.0, 280.0
93, 506.0, 281.0
94, 698.0, 281.0
95, 52.0, 284.0
96, 223.0, 284.0
97, 611.0, 284.0
98, 361.0, 286.0
99, 669.0, 286.0
100, 267.0, 290.0
101, 617.0, 292.0
102, 624.0, 292.0
103, 55.0, 293.0
104, 225.0, 296.0
105, 49.0, 298.0
106, 695.0, 299.0
107, 491.0, 300.0
108, 682.0, 301.0
109, 59.0, 302.0
110, 424.0, 303.0
111, 622.0, 303.0
112, 226.0, 304.0
113, 404.0, 304.0
114, 600.0, 305.0
115, 464.0, 306.0
116, 667.0, 306.0
117, 227.0, 309.0
118, 695.0, 309.0
119, 328.0, 310.0
120, 707.0, 310.0
121, 361.0, 312.0
122, 473.0, 312.0
123, 573.0, 312.0
124, 482.0, 313.0
125, 568.0, 313.0
126, 228.0, 314.0
127, 433.0, 314.0
128, 696.0, 314.0
129, 691.0, 315.0
130, 423.0, 316.0
131, 632.0, 316.0
132, 665.0, 316.0
133, 721.0, 317.0
134, 374.0, 318.0
135, 503.0, 319.0
136, 230.0, 320.0
137, 476.0, 320.0
138, 690.0, 320.0
139, 488.0, 321.0
140, 664.0, 321.0
141, 467.0, 322.0
142, 637.0, 322.0
143, 66.0, 323.0
144, 397.0, 323.0
145, 402.0, 323.0
146, 461.0, 324.0
147, 385.0, 325.0
148, 390.0, 325.0
149, 456.0, 325.0
150, 597.0, 325.0
151, 409.0, 326.0
152, 414.0, 326.0
153, 451.0, 326.0
154, 379.0, 327.0
155, 509.0, 327.0
156, 640.0, 327.0
157, 373.0, 329.0
158, 440.0, 329.0
159, 445.0, 329.0
160, 363.0, 330.0
161, 368.0, 330.0
162, 433.0, 331.0
163, 494.0, 331.0
164, 520.0, 331.0
165, 313.0, 332.0
166, 357.0, 332.0
167, 352.0, 333.0
168, 69.0, 334.0
169, 419.0, 334.0
170, 424.0, 334.0
171, 508.0, 334.0
172, 570.0, 334.0
173, 346.0, 335.0
174, 379.0, 335.0
175, 487.0, 337.0
176, 595.0, 337.0
177, 367.0, 338.0
178, 303.0, 339.0
179, 234.0, 340.0
180, 584.0, 340.0
181, 329.0, 341.0
182, 355.0, 341.0
183, 519.0, 341.0
184, 393.0, 342.0
185, 387.0, 343.0
186, 488.0, 343.0
187, 655.0, 343.0
188, 279.0, 344.0
189, 569.0, 344.0
190, 604.0, 344.0
191, 235.0, 345.0
192, 316.0, 346.0
193, 489.0, 348.0
194, 520.0, 348.0
195, 311.0, 349.0
196, 569.0, 349.0
197, 593.0, 349.0
198, 645.0, 349.0
199, 236.0, 350.0
200, 639.0, 350.0
201, 76.0, 351.0
202, 507.0, 352.0
203, 576.0, 352.0
204, 312.0, 354.0
205, 501.0, 354.0
206, 600.0, 356.0
207, 472.0, 357.0
208, 290.0, 358.0
209, 456.0, 358.0
210, 461.0, 358.0
211, 467.0, 358.0
212, 484.0, 358.0
213, 610.0, 358.0
214, 451.0, 359.0
215, 673.0, 359.0
216, 693.0, 359.0
217, 477.0, 360.0
218, 299.0, 361.0
219, 239.0, 362.0
220, 306.0, 362.0
221, 442.0, 362.0
222, 482.0, 365.0
223, 503.0, 365.0
224, 621.0, 365.0
225, 81.0, 366.0
226, 684.0, 367.0
227, 487.0, 368.0
228, 671.0, 368.0
229, 606.0, 369.0
230, 629.0, 372.0
231, 242.0, 375.0
232, 282.0, 375.0
233, 682.0, 376.0
234, 505.0, 378.0
235, 632.0, 378.0
236, 696.0, 379.0
237, 222.0, 381.0
238, 623.0, 382.0
239, 632.0, 383.0
240, 243.0, 384.0
241, 516.0, 384.0
242, 87.0, 385.0
243, 612.0, 385.0
244, 284.0, 387.0
245, 507.0, 389.0
246, 282.0, 392.0
247, 622.0, 394.0
248, 82.0, 396.0
249, 509.0, 397.0
250, 655.0, 397.0
251, 578.0, 399.0
252, 640.0, 399.0
253, 91.0, 400.0
254, 247.0, 401.0
255, 445.0, 401.0
256, 450.0, 401.0
257, 209.0, 402.0
258, 435.0, 405.0
259, 597.0, 405.0
260, 269.0, 407.0
261, 424.0, 408.0
262, 96.0, 410.0
263, 419.0, 410.0
264, 511.0, 411.0
265, 404.0, 414.0
266, 621.0, 414.0
267, 285.0, 416.0
268, 456.0, 417.0
269, 214.0, 418.0
270, 568.0, 418.0
271, 387.0, 420.0
272, 532.0, 420.0
273, 263.0, 421.0
274, 598.0, 421.0
275, 206.0, 422.0
276, 587.0, 422.0
277, 606.0, 422.0
278, 96.0, 423.0
279, 376.0, 423.0
280, 369.0, 424.0
281, 613.0, 424.0
282, 250.0, 425.0
283, 364.0, 426.0
284, 550.0, 426.0
285, 621.0, 427.0
286, 309.0, 428.0
287, 358.0, 428.0
288, 571.0, 428.0
289, 576.0, 428.0
290, 287.0, 429.0
291, 455.0, 429.0
292, 471.0, 429.0
293, 301.0, 430.0
294, 464.0, 430.0
295, 595.0, 430.0
296, 250.0, 431.0
297, 346.0, 431.0
298, 538.0, 431.0
299, 607.0, 431.0
300, 107.0, 432.0
301, 628.0, 432.0
302, 565.0, 433.0
303, 218.0, 434.0
304, 335.0, 434.0
305, 289.0, 435.0
306, 583.0, 435.0
307, 329.0, 436.0
308, 501.0, 436.0
309, 618.0, 436.0
310, 526.0, 437.0
311, 635.0, 438.0
312, 252.0, 439.0
313, 596.0, 439.0
314, 316.0, 440.0
315, 574.0, 440.0
316, 623.0, 440.0
317, 590.0, 441.0
318, 604.0, 443.0
319, 639.0, 443.0
320, 649.0, 443.0
321, 546.0, 444.0
322, 585.0, 444.0
323, 502.0, 445.0
324, 563.0, 445.0
325, 508.0, 446.0
326, 612.0, 446.0
327, 203.0, 447.0
328, 91.0, 449.0
329, 497.0, 449.0
330, 527.0, 449.0
331, 151.0, 450.0
332, 573.0, 450.0
333, 626.0, 450.0
334, 581.0, 451.0
335, 602.0, 451.0
336, 222.0, 452.0
337, 277.0, 452.0
338, 559.0, 452.0
339, 536.0, 453.0
340, 90.0, 454.0
341, 520.0, 454.0
342, 547.0, 454.0
343, 641.0, 454.0
344, 140.0, 455.0
345, 254.0, 455.0
346, 661.0, 456.0
347, 561.0, 457.0
348, 592.0, 457.0
349, 616.0, 457.0
350, 503.0, 458.0
351, 550.0, 459.0
352, 611.0, 459.0
353, 640.0, 459.0
354, 518.0, 460.0
355, 660.0, 461.0
356, 276.0, 462.0
357, 582.0, 462.0
358, 532.0, 463.0
359, 705.0, 463.0
360, 213.0, 464.0
361, 527.0, 464.0
362, 225.0, 466.0
363, 511.0, 466.0
364, 628.0, 466.0
365, 558.0, 467.0
366, 176.0, 468.0
367, 522.0, 468.0
368, 537.0, 468.0
369, 546.0, 468.0
370, 255.0, 469.0
371, 621.0, 469.0
372, 155.0, 471.0
373, 420.0, 471.0
374, 587.0, 471.0
