0, 617.0, 8.0
1, 698.0, 8.0
2, 511.0, 9.0
3, 294.0, 10.0
4, 533.0, 10.0
5, 512.0, 14.0
6, 611.0, 14.0
7, 450.0, 15.0
8, 523.0, 16.0
9, 608.0, 19.0
10, 594.0, 20.0
11, 521.0, 21.0
12, 448.0, 24.0
13, 516.0, 24.0
14, 609.0, 29.0
15, 580.0, 35.0
16, 594.0, 37.0
17, 46.0, 39.0
18, 606.0, 62.0
19, 53.0, 88.0
20, 54.0, 94.0
21, 582.0, 96.0
22, 606.0, 99.0
23, 327.0, 106.0
24, 334.0, 109.0
25, 552.0, 116.0
26, 341.0, 118.0
27, 258.0, 121.0
28, 581.0, 121.0
29, 59.0, 122.0
30, 600.0, 123.0
31, 186.0, 127.0
32, 209.0, 128.0
33, 599.0, 128.0
34, 197.0, 133.0
35, 599.0, 133.0
36, 204.0, 134.0
37, 207.0, 142.0
38, 197.0, 143.0
39, 188.0, 144.0
40, 59.0, 151.0
41, 54.0, 153.0
42, 198.0, 153.0
43, 47.0, 160.0
44, 600.0, 163.0
45, 213.0, 164.0
46, 194.0, 165.0
47, 600.0, 168.0
48, 35.0, 174.0
49, 362.0, 181.0
50, 321.0, 184.0
51, 329.0, 184.0
52, 294.0, 187.0
53, 215.0, 191.0
54, 221.0, 191.0
55, 209.0, 192.0
56, 642.0, 192.0
57, 166.0, 194.0
58, 595.0, 194.0
59, 560.0, 195.0
60, 577.0, 195.0
61, 284.0, 196.0
62, 266.0, 197.0
63, 189.0, 199.0
64, 252.0, 199.0
65, 225.0, 200.0
66, 174.0, 201.0
67, 620.0, 203.0
68, 561.0, 204.0
69, 575.0, 204.0
70, 267.0, 206.0
71, 613.0, 206.0
72, 599.0, 207.0
73, 284.0, 208.0
74, 620.0, 210.0
75, 195.0, 211.0
76, 227.0, 211.0
77, 238.0, 211.0
78, 254.0, 211.0
79, 126.0, 212.0
80, 159.0, 212.0
81, 295.0, 213.0
82, 169.0, 214.0
83, 174.0, 214.0
84, 561.0, 215.0
85, 576.0, 215.0
86, 140.0, 216.0
87, 83.0, 217.0
88, 106.0, 217.0
89, 123.0, 217.0
90, 599.0, 221.0
91, 615.0, 221.0
92, 201.0, 224.0
93, 172.0, 225.0
94, 159.0, 227.0
95, 186.0, 227.0
96, 575.0, 227.0
97, 338.0, 230.0
98, 640.0, 230.0
99, 148.0, 231.0
100, 87.0, 232.0
101, 160.0, 232.0
102, 317.0, 232.0
103, 326.0, 233.0
104, 302.0, 234.0
105, 295.0, 236.0
106, 639.0, 236.0
107, 88.0, 237.0
108, 288.0, 237.0
109, 560.0, 237.0
110, 588.0, 238.0
111, 273.0, 239.0
112, 256.0, 240.0
113, 639.0, 242.0
114, 243.0, 244.0
115, 556.0, 245.0
116, 340.0, 246.0
117, 543.0, 246.0
118, 126.0, 247.0
119, 331.0, 247.0
120, 365.0, 247.0
121, 159.0, 248.0
122, 317.0, 248.0
123, 577.0, 248.0
124, 96.0, 249.0
125, 193.0, 249.0
126, 200.0, 249.0
127, 216.0, 249.0
128, 599.0, 249.0
129, 617.0, 249.0
130, 634.0, 249.0
131, 332.0, 255.0
132, 192.0, 257.0
133, 161.0, 258.0
134, 214.0, 258.0
135, 151.0, 259.0
136, 236.0, 260.0
137, 318.0, 260.0
138, 219.0, 262.0
139, 104.0, 264.0
140, 208.0, 264.0
141, 200.0, 265.0
142, 318.0, 265.0
143, 331.0, 265.0
144, 91.0, 266.0
145, 617.0, 266.0
146, 294.0, 272.0
147, 317.0, 272.0
148, 338.0, 272.0
149, 166.0, 273.0
150, 129.0, 277.0
151, 147.0, 277.0
152, 175.0, 277.0
153, 354.0, 277.0
154, 91.0, 278.0
155, 112.0, 278.0
156, 121.0, 278.0
157, 166.0, 278.0
158, 619.0, 278.0
159, 605.0, 280.0
160, 239.0, 281.0
161, 176.0, 282.0
162, 367.0, 283.0
163, 300.0, 284.0
164, 224.0, 286.0
165, 290.0, 286.0
166, 91.0, 287.0
167, 341.0, 287.0
168, 733.0, 287.0
169, 272.0, 288.0
170, 336.0, 288.0
171, 605.0, 288.0
172, 617.0, 290.0
173, 647.0, 296.0
174, 652.0, 296.0
175, 631.0, 298.0
176, 615.0, 300.0
177, 620.0, 300.0
178, 388.0, 302.0
179, 363.0, 307.0
180, 729.0, 307.0
181, 631.0, 309.0
182, 180.0, 311.0
183, 649.0, 312.0
184, 90.0, 314.0
185, 631.0, 314.0
186, 658.0, 314.0
187, 375.0, 315.0
188, 79.0, 316.0
189, 570.0, 316.0
190, 580.0, 318.0
191, 743.0, 320.0
192, 541.0, 321.0
193, 671.0, 321.0
194, 721.0, 322.0
195, 530.0, 323.0
196, 682.0, 324.0
197, 460.0, 325.0
198, 465.0, 326.0
199, 543.0, 326.0
200, 630.0, 326.0
201, 741.0, 326.0
202, 48.0, 328.0
203, 550.0, 330.0
204, 643.0, 330.0
205, 700.0, 330.0
206, 600.0, 331.0
207, 629.0, 333.0
208, 688.0, 333.0
209, 695.0, 333.0
210, 491.0, 334.0
211, 62.0, 335.0
212, 435.0, 335.0
213, 530.0, 335.0
214, 659.0, 335.0
215, 566.0, 336.0
216, 94.0, 337.0
217, 718.0, 337.0
218, 79.0, 338.0
219, 641.0, 338.0
220, 84.0, 339.0
221, 49.0, 340.0
222, 33.0, 342.0
223, 512.0, 343.0
224, 556.0, 344.0
225, 668.0, 346.0
226, 564.0, 348.0
227, 639.0, 350.0
228, 659.0, 351.0
229, 739.0, 351.0
230, 734.0, 353.0
231, 54.0, 354.0
232, 562.0, 354.0
233, 677.0, 356.0
234, 712.0, 359.0
235, 691.0, 361.0
236, 668.0, 364.0
237, 662.0, 366.0
238, 223.0, 368.0
239, 657.0, 368.0
240, 243.0, 370.0
241, 709.0, 371.0
242, 333.0, 372.0
243, 253.0, 374.0
244, 324.0, 375.0
245, 645.0, 375.0
246, 729.0, 376.0
247, 682.0, 377.0
248, 217.0, 378.0
249, 209.0, 379.0
250, 430.0, 380.0
251, 706.0, 380.0
252, 402.0, 381.0
253, 341.0, 383.0
254, 185.0, 386.0
255, 320.0, 387.0
256, 214.0, 388.0
257, 339.0, 388.0
258, 728.0, 388.0
259, 396.0, 389.0
260, 412.0, 389.0
261, 739.0, 390.0
262, 249.0, 391.0
263, 320.0, 392.0
264, 402.0, 393.0
265, 157.0, 394.0
266, 227.0, 395.0
267, 187.0, 396.0
268, 392.0, 397.0
269, 109.0, 401.0
270, 397.0, 401.0
271, 381.0, 402.0
272, 128.0, 403.0
273, 156.0, 403.0
274, 227.0, 404.0
275, 118.0, 406.0
276, 188.0, 407.0
277, 359.0, 407.0
278, 228.0, 409.0
279, 384.0, 410.0
280, 127.0, 414.0
281, 159.0, 416.0
282, 179.0, 418.0
283, 111.0, 421.0
284, 169.0, 421.0
285, 339.0, 422.0
286, 344.0, 422.0
287, 349.0, 422.0
288, 98.0, 424.0
289, 328.0, 425.0
290, 583.0, 429.0
291, 88.0, 431.0
292, 351.0, 433.0
293, 370.0, 433.0
294, 230.0, 434.0
295, 264.0, 434.0
296, 272.0, 435.0
297, 114.0, 436.0
298, 202.0, 436.0
299, 256.0, 436.0
300, 180.0, 437.0
301, 174.0, 438.0
302, 343.0, 439.0
303, 99.0, 441.0
304, 466.0, 441.0
305, 472.0, 441.0
306, 480.0, 442.0
307, 240.0, 443.0
308, 290.0, 443.0
309, 459.0, 444.0
310, 115.0, 445.0
311, 355.0, 445.0
312, 487.0, 446.0
313, 168.0, 448.0
314, 182.0, 448.0
315, 451.0, 448.0
316, 98.0, 450.0
317, 117.0, 450.0
318, 494.0, 451.0
319, 157.0, 452.0
320, 211.0, 452.0
321, 184.0, 453.0
322, 334.0, 453.0
323, 241.0, 454.0
324, 81.0, 455.0
325, 227.0, 455.0
326, 150.0, 456.0
327, 497.0, 456.0
328, 141.0, 458.0
329, 76.0, 459.0
330, 438.0, 459.0
331, 590.0, 459.0
332, 248.0, 460.0
333, 163.0, 461.0
334, 185.0, 462.0
335, 45.0, 464.0
336, 74.0, 464.0
337, 362.0, 464.0
338, 119.0, 465.0
339, 174.0, 465.0
340, 486.0, 465.0
341, 501.0, 465.0
342, 92.0, 466.0
343, 110.0, 467.0
344, 157.0, 467.0
345, 137.0, 469.0
