0, 453.0, 156.0
1, 431.0, 180.0
2, 270.0, 256.0
3, 513.0, 312.0
4, 395.0, 250.0
5, 341.0, 299.0
6, 436.0, 156.0
7, 540.0, 373.0
8, 132.0, 357.0
9, 334.0, 232.0
10, 144.0, 332.0
11, 510.0, 65.0
12, 163.0, 330.0
13, 158.0, 350.0
14, 282.0, 149.0
15, 242.0, 171.0
16, 60.0, 130.0
17, 265.0, 330.0
18, 612.0, 161.0
19, 361.0, 263.0
20, 423.0, 198.0
21, 602.0, 158.0
22, 608.0, 170.0
23, 134.0, 345.0
24, 139.0, 74.0
25, 480.0, 81.0
26, 286.0, 315.0
27, 77.0, 238.0
28, 475.0, 279.0
29, 502.0, 25.0
30, 284.0, 244.0
31, 580.0, 114.0
32, 490.0, 53.0
33, 317.0, 289.0
34, 161.0, 340.0
35, 476.0, 198.0
36, 530.0, 311.0
37, 70.0, 176.0
38, 235.0, 205.0
39, 255.0, 311.0
40, 494.0, 91.0
41, 218.0, 294.0
42, 248.0, 318.0
43, 457.0, 130.0
44, 109.0, 169.0
45, 129.0, 232.0
46, 354.0, 275.0
47, 176.0, 189.0
48, 257.0, 294.0
49, 602.0, 183.0
50, 458.0, 238.0
51, 260.0, 162.0
52, 492.0, 17.0
53, 134.0, 53.0
54, 276.0, 309.0
55, 35.0, 106.0
56, 451.0, 228.0
57, 117.0, 215.0
58, 320.0, 299.0
59, 150.0, 242.0
60, 571.0, 217.0
61, 521.0, 366.0
62, 15.0, 106.0
63, 94.0, 215.0
64, 272.0, 286.0
65, 127.0, 81.0
66, 269.0, 137.0
67, 39.0, 412.0
68, 477.0, 209.0
69, 36.0, 424.0
70, 626.0, 180.0
71, 523.0, 57.0
72, 673.0, 221.0
73, 276.0, 265.0
74, 318.0, 320.0
75, 227.0, 162.0
76, 132.0, 245.0
77, 297.0, 149.0
78, 151.0, 10.0
79, 254.0, 170.0
80, 507.0, 104.0
81, 557.0, 387.0
82, 261.0, 274.0
83, 446.0, 214.0
84, 312.0, 172.0
85, 279.0, 255.0
86, 175.0, 346.0
87, 78.0, 102.0
88, 280.0, 322.0
89, 330.0, 304.0
90, 455.0, 59.0
91, 350.0, 262.0
92, 144.0, 344.0
93, 42.0, 242.0
94, 226.0, 197.0
95, 60.0, 251.0
96, 242.0, 282.0
97, 576.0, 197.0
98, 648.0, 164.0
99, 464.0, 198.0
100, 391.0, 183.0
101, 156.0, 363.0
102, 114.0, 252.0
103, 171.0, 339.0
104, 292.0, 234.0
105, 128.0, 263.0
106, 318.0, 275.0
107, 251.0, 328.0
108, 478.0, 333.0
109, 474.0, 311.0
110, 148.0, 353.0
111, 123.0, 54.0
112, 52.0, 169.0
113, 309.0, 323.0
114, 185.0, 309.0
115, 285.0, 202.0
116, 117.0, 123.0
117, 132.0, 147.0
118, 272.0, 238.0
119, 456.0, 144.0
120, 594.0, 175.0
121, 309.0, 292.0
122, 139.0, 267.0
123, 227.0, 328.0
124, 66.0, 68.0
125, 476.0, 218.0
126, 317.0, 232.0
127, 330.0, 314.0
128, 109.0, 50.0
129, 466.0, 207.0
130, 100.0, 126.0
131, 328.0, 290.0
132, 144.0, 100.0
133, 676.0, 124.0
134, 110.0, 367.0
135, 261.0, 243.0
136, 93.0, 377.0
137, 644.0, 43.0
138, 134.0, 115.0
139, 678.0, 230.0
140, 80.0, 267.0
141, 564.0, 118.0
142, 8.0, 165.0
143, 143.0, 369.0
144, 620.0, 193.0
145, 505.0, 52.0
146, 530.0, 352.0
147, 443.0, 183.0
148, 195.0, 187.0
149, 670.0, 140.0
150, 110.0, 181.0
151, 39.0, 170.0
152, 274.0, 247.0
153, 342.0, 289.0
154, 546.0, 384.0
155, 503.0, 293.0
156, 499.0, 341.0
157, 46.0, 144.0
158, 155.0, 31.0
159, 431.0, 165.0
160, 96.0, 237.0
161, 85.0, 49.0
162, 14.0, 406.0
163, 31.0, 181.0
164, 202.0, 324.0
165, 282.0, 186.0
166, 568.0, 393.0
167, 119.0, 361.0
168, 258.0, 302.0
169, 525.0, 22.0
170, 289.0, 305.0
171, 468.0, 292.0
172, 288.0, 255.0
173, 27.0, 379.0
174, 448.0, 174.0
175, 122.0, 380.0
176, 129.0, 307.0
177, 493.0, 267.0
178, 490.0, 310.0
179, 481.0, 248.0
180, 307.0, 192.0
181, 296.0, 241.0
182, 596.0, 127.0
183, 173.0, 328.0
184, 292.0, 321.0
185, 637.0, 140.0
186, 79.0, 225.0
187, 54.0, 199.0
188, 688.0, 172.0
189, 367.0, 272.0
190, 70.0, 272.0
191, 199.0, 167.0
192, 515.0, 356.0
193, 486.0, 299.0
194, 319.0, 262.0
195, 42.0, 182.0
196, 116.0, 100.0
197, 123.0, 368.0
198, 152.0, 165.0
199, 630.0, 209.0
200, 323.0, 137.0
201, 81.0, 62.0
202, 61.0, 46.0
203, 21.0, 125.0
204, 97.0, 49.0
205, 713.0, 52.0
206, 47.0, 394.0
207, 567.0, 228.0
208, 353.0, 229.0
209, 650.0, 19.0
210, 21.0, 133.0
211, 62.0, 117.0
212, 92.0, 30.0
213, 651.0, 54.0
214, 121.0, 349.0
215, 312.0, 305.0
216, 272.0, 205.0
217, 109.0, 382.0
218, 359.0, 299.0
219, 478.0, 268.0
220, 441.0, 194.0
221, 19.0, 415.0
222, 111.0, 84.0
223, 458.0, 204.0
224, 281.0, 282.0
225, 217.0, 309.0
226, 232.0, 289.0
227, 731.0, 175.0
228, 609.0, 136.0
229, 450.0, 130.0
230, 523.0, 326.0
231, 63.0, 107.0
232, 104.0, 155.0
233, 398.0, 348.0
234, 347.0, 316.0
235, 655.0, 137.0
236, 358.0, 255.0
237, 18.0, 257.0
238, 523.0, 342.0
239, 329.0, 279.0
240, 126.0, 100.0
241, 298.0, 303.0
242, 46.0, 439.0
243, 571.0, 39.0
244, 669.0, 36.0
245, 491.0, 375.0
246, 191.0, 325.0
247, 500.0, 303.0
248, 458.0, 264.0
249, 257.0, 136.0
250, 557.0, 285.0
251, 481.0, 324.0
252, 143.0, 228.0
253, 696.0, 230.0
254, 506.0, 318.0
255, 281.0, 304.0
256, 109.0, 280.0
257, 302.0, 318.0
258, 95.0, 362.0
259, 563.0, 249.0
260, 227.0, 308.0
261, 509.0, 341.0
262, 533.0, 190.0
263, 287.0, 296.0
264, 456.0, 171.0
265, 91.0, 66.0
266, 263.0, 285.0
267, 292.0, 136.0
268, 593.0, 327.0
269, 662.0, 118.0
270, 268.0, 316.0
271, 48.0, 87.0
272, 21.0, 178.0
273, 478.0, 237.0
274, 146.0, 53.0
275, 477.0, 258.0
276, 743.0, 235.0
277, 700.0, 150.0
278, 306.0, 272.0
279, 250.0, 280.0
280, 376.0, 326.0
281, 57.0, 181.0
282, 146.0, 117.0
283, 595.0, 142.0
284, 121.0, 25.0
285, 677.0, 341.0
286, 534.0, 363.0
287, 165.0, 285.0
288, 260.0, 263.0
289, 99.0, 112.0
290, 572.0, 183.0
291, 349.0, 194.0
292, 109.0, 125.0
293, 304.0, 254.0
294, 524.0, 355.0
295, 295.0, 118.0
296, 280.0, 118.0
297, 83.0, 126.0
298, 264.0, 175.0
299, 134.0, 26.0
300, 181.0, 271.0
301, 71.0, 164.0
302, 406.0, 196.0
303, 185.0, 333.0
304, 510.0, 349.0
305, 63.0, 230.0
306, 19.0, 49.0
307, 668.0, 239.0
308, 10.0, 177.0
309, 63.0, 89.0
310, 363.0, 284.0
311, 134.0, 31.0
312, 488.0, 285.0
313, 8.0, 440.0
314, 318.0, 250.0
315, 257.0, 112.0
316, 514.0, 187.0
317, 332.0, 266.0
318, 320.0, 43.0
319, 622.0, 340.0
320, 269.0, 123.0
321, 626.0, 228.0
322, 388.0, 196.0
323, 604.0, 408.0
324, 260.0, 258.0
325, 293.0, 284.0
326, 368.0, 251.0
327, 460.0, 252.0
328, 384.0, 232.0
329, 151.0, 186.0
330, 539.0, 362.0
331, 471.0, 302.0
332, 226.0, 171.0
333, 360.0, 202.0
334, 193.0, 141.0
335, 154.0, 322.0
336, 186.0, 343.0
337, 42.0, 130.0
338, 20.0, 156.0
339, 565.0, 346.0
340, 207.0, 299.0
341, 200.0, 276.0
342, 304.0, 291.0
343, 26.0, 403.0
344, 433.0, 303.0
345, 267.0, 306.0
346, 693.0, 315.0
347, 428.0, 214.0
348, 95.0, 84.0
349, 116.0, 107.0
350, 62.0, 374.0
351, 399.0, 341.0
352, 462.0, 225.0
353, 92.0, 50.0
354, 317.0, 112.0
355, 517.0, 304.0
356, 36.0, 44.0
357, 384.0, 248.0
358, 351.0, 296.0
359, 331.0, 241.0
360, 342.0, 250.0
361, 148.0, 128.0
362, 342.0, 266.0
363, 274.0, 295.0
364, 123.0, 43.0
365, 296.0, 328.0
366, 467.0, 253.0
367, 75.0, 128.0
368, 379.0, 275.0
369, 45.0, 25.0
370, 624.0, 106.0
371, 154.0, 330.0
372, 377.0, 296.0
373, 259.0, 186.0
374, 712.0, 231.0
375, 290.0, 260.0
376, 155.0, 112.0
377, 100.0, 296.0
378, 551.0, 373.0
379, 278.0, 134.0
380, 215.0, 262.0
381, 323.0, 188.0
382, 701.0, 160.0
383, 688.0, 233.0
384, 311.0, 115.0
385, 467.0, 11.0
386, 242.0, 295.0
387, 254.0, 124.0
388, 702.0, 80.0
389, 686.0, 325.0
390, 157.0, 126.0
391, 90.0, 111.0
392, 357.0, 333.0
393, 159.0, 296.0
394, 561.0, 82.0
395, 238.0, 325.0
396, 537.0, 347.0
397, 151.0, 341.0
398, 151.0, 52.0
399, 455.0, 413.0
400, 282.0, 277.0
401, 448.0, 404.0
402, 439.0, 327.0
403, 156.0, 314.0
404, 624.0, 28.0
405, 568.0, 11.0
406, 293.0, 312.0
407, 483.0, 162.0
408, 176.0, 172.0
409, 76.0, 162.0
410, 314.0, 240.0
411, 13.0, 14.0
412, 47.0, 405.0
413, 656.0, 80.0
414, 553.0, 45.0
415, 97.0, 99.0
416, 193.0, 130.0
417, 700.0, 335.0
418, 661.0, 61.0
419, 729.0, 232.0
420, 568.0, 353.0
421, 292.0, 275.0
422, 302.0, 281.0
423, 78.0, 114.0
424, 380.0, 265.0
425, 457.0, 185.0
426, 365.0, 242.0
427, 267.0, 113.0
428, 64.0, 81.0
429, 406.0, 338.0
430, 307.0, 307.0
431, 166.0, 126.0
432, 468.0, 243.0
433, 299.0, 293.0
434, 626.0, 218.0
435, 95.0, 392.0
436, 9.0, 154.0
437, 278.0, 173.0
438, 739.0, 338.0
439, 431.0, 194.0
440, 298.0, 268.0
441, 249.0, 291.0
442, 192.0, 339.0
443, 425.0, 207.0
444, 667.0, 230.0
445, 656.0, 39.0
446, 217.0, 327.0
447, 542.0, 142.0
448, 294.0, 289.0
449, 43.0, 136.0
450, 214.0, 184.0
451, 435.0, 393.0
452, 246.0, 303.0
453, 704.0, 233.0
454, 604.0, 21.0
455, 111.0, 208.0
456, 449.0, 436.0
457, 283.0, 171.0
458, 461.0, 269.0
459, 651.0, 92.0
460, 559.0, 16.0
461, 642.0, 121.0
462, 119.0, 30.0
463, 118.0, 279.0
464, 310.0, 263.0
465, 208.0, 309.0
466, 341.0, 201.0
467, 98.0, 303.0
468, 229.0, 37.0
469, 275.0, 390.0
470, 720.0, 22.0
471, 299.0, 41.0
472, 457.0, 215.0
473, 625.0, 134.0
474, 71.0, 287.0
475, 302.0, 410.0
476, 90.0, 253.0
477, 159.0, 276.0
478, 174.0, 319.0
479, 270.0, 273.0
480, 138.0, 228.0
481, 174.0, 311.0
482, 567.0, 358.0
483, 134.0, 285.0
484, 369.0, 233.0
485, 334.0, 278.0
486, 134.0, 280.0
487, 47.0, 50.0
488, 20.0, 432.0
489, 300.0, 273.0
490, 462.0, 230.0
491, 310.0, 19.0
492, 267.0, 298.0
493, 14.0, 426.0
494, 698.0, 49.0
495, 495.0, 178.0
496, 358.0, 321.0
497, 298.0, 298.0
498, 287.0, 274.0
499, 72.0, 399.0
