0, 141.0, 268.0
1, 493.0, 101.0
2, 572.0, 272.0
3, 151.0, 53.0
4, 161.0, 236.0
5, 178.0, 59.0
6, 155.0, 67.0
7, 519.0, 218.0
8, 474.0, 150.0
9, 604.0, 143.0
10, 148.0, 41.0
11, 384.0, 307.0
12, 678.0, 265.0
13, 461.0, 367.0
14, 390.0, 218.0
15, 132.0, 41.0
16, 600.0, 194.0
17, 391.0, 403.0
18, 583.0, 310.0
19, 692.0, 194.0
20, 520.0, 204.0
21, 519.0, 462.0
22, 157.0, 302.0
23, 599.0, 119.0
24, 596.0, 129.0
25, 578.0, 130.0
26, 368.0, 406.0
27, 506.0, 173.0
28, 412.0, 314.0
29, 548.0, 432.0
30, 402.0, 252.0
31, 523.0, 435.0
32, 446.0, 368.0
33, 127.0, 92.0
34, 538.0, 238.0
35, 351.0, 118.0
36, 447.0, 323.0
37, 648.0, 189.0
38, 645.0, 203.0
39, 205.0, 125.0
40, 511.0, 388.0
41, 384.0, 270.0
42, 102.0, 342.0
43, 664.0, 425.0
44, 434.0, 323.0
45, 156.0, 340.0
46, 454.0, 343.0
47, 429.0, 116.0
48, 464.0, 137.0
49, 160.0, 79.0
50, 564.0, 123.0
51, 503.0, 451.0
52, 283.0, 29.0
53, 530.0, 422.0
54, 524.0, 264.0
55, 110.0, 313.0
56, 496.0, 155.0
57, 705.0, 293.0
58, 530.0, 280.0
59, 147.0, 255.0
60, 416.0, 368.0
61, 441.0, 344.0
62, 621.0, 300.0
63, 278.0, 127.0
64, 664.0, 268.0
65, 365.0, 117.0
66, 625.0, 227.0
67, 136.0, 317.0
68, 621.0, 123.0
69, 419.0, 118.0
70, 738.0, 449.0
71, 644.0, 426.0
72, 481.0, 93.0
73, 193.0, 58.0
74, 569.0, 423.0
75, 733.0, 429.0
76, 654.0, 132.0
77, 514.0, 450.0
78, 670.0, 225.0
79, 290.0, 383.0
80, 706.0, 424.0
81, 591.0, 448.0
82, 547.0, 276.0
83, 661.0, 299.0
84, 619.0, 432.0
85, 150.0, 177.0
86, 531.0, 269.0
87, 592.0, 397.0
88, 737.0, 379.0
89, 564.0, 314.0
90, 274.0, 29.0
91, 550.0, 259.0
92, 675.0, 152.0
93, 336.0, 117.0
94, 135.0, 54.0
95, 547.0, 249.0
96, 432.0, 137.0
97, 381.0, 436.0
98, 418.0, 238.0
99, 542.0, 220.0
100, 507.0, 461.0
101, 123.0, 278.0
102, 607.0, 132.0
103, 396.0, 187.0
104, 603.0, 270.0
105, 529.0, 164.0
106, 593.0, 462.0
107, 686.0, 297.0
108, 397.0, 161.0
109, 719.0, 169.0
110, 668.0, 237.0
111, 697.0, 437.0
112, 481.0, 164.0
113, 387.0, 237.0
114, 593.0, 271.0
115, 402.0, 118.0
116, 629.0, 336.0
117, 361.0, 39.0
118, 162.0, 349.0
119, 423.0, 282.0
120, 654.0, 266.0
121, 465.0, 94.0
122, 203.0, 116.0
123, 710.0, 193.0
124, 614.0, 269.0
125, 510.0, 96.0
126, 533.0, 147.0
127, 312.0, 398.0
128, 518.0, 338.0
129, 414.0, 192.0
130, 515.0, 260.0
131, 561.0, 238.0
132, 397.0, 311.0
133, 141.0, 234.0
134, 279.0, 103.0
135, 508.0, 439.0
136, 563.0, 286.0
137, 570.0, 329.0
138, 535.0, 403.0
139, 508.0, 268.0
140, 349.0, 105.0
141, 46.0, 457.0
142, 417.0, 142.0
143, 142.0, 303.0
144, 679.0, 454.0
145, 289.0, 103.0
146, 213.0, 157.0
147, 625.0, 283.0
148, 13.0, 353.0
149, 343.0, 145.0
150, 513.0, 165.0
151, 538.0, 311.0
152, 383.0, 295.0
153, 557.0, 206.0
154, 694.0, 276.0
155, 599.0, 184.0
156, 638.0, 267.0
157, 558.0, 131.0
158, 124.0, 299.0
159, 690.0, 181.0
160, 531.0, 95.0
161, 405.0, 270.0
162, 509.0, 183.0
163, 492.0, 122.0
164, 127.0, 325.0
165, 473.0, 181.0
166, 523.0, 183.0
167, 196.0, 184.0
168, 404.0, 222.0
169, 365.0, 80.0
170, 375.0, 81.0
171, 578.0, 255.0
172, 630.0, 457.0
173, 544.0, 155.0
174, 160.0, 261.0
175, 119.0, 337.0
176, 501.0, 288.0
177, 577.0, 379.0
178, 703.0, 408.0
179, 590.0, 330.0
180, 490.0, 47.0
181, 716.0, 291.0
182, 392.0, 365.0
183, 157.0, 28.0
184, 510.0, 402.0
185, 136.0, 189.0
186, 568.0, 398.0
187, 211.0, 83.0
188, 332.0, 423.0
189, 505.0, 155.0
190, 356.0, 245.0
191, 148.0, 286.0
192, 470.0, 397.0
193, 691.0, 235.0
194, 660.0, 333.0
195, 279.0, 145.0
196, 472.0, 234.0
197, 130.0, 255.0
198, 697.0, 173.0
199, 455.0, 150.0
200, 423.0, 268.0
201, 585.0, 470.0
202, 563.0, 410.0
203, 566.0, 225.0
204, 657.0, 251.0
205, 471.0, 426.0
206, 418.0, 149.0
207, 587.0, 241.0
208, 428.0, 246.0
209, 221.0, 167.0
210, 617.0, 253.0
211, 36.0, 324.0
212, 574.0, 195.0
213, 89.0, 400.0
214, 561.0, 97.0
215, 576.0, 303.0
216, 370.0, 37.0
217, 696.0, 422.0
218, 682.0, 467.0
219, 192.0, 46.0
220, 532.0, 344.0
221, 644.0, 339.0
222, 382.0, 401.0
223, 579.0, 177.0
224, 476.0, 247.0
225, 629.0, 433.0
226, 613.0, 177.0
227, 687.0, 249.0
228, 216.0, 75.0
229, 499.0, 136.0
230, 401.0, 173.0
231, 268.0, 248.0
232, 539.0, 99.0
233, 481.0, 373.0
234, 469.0, 101.0
235, 663.0, 146.0
236, 743.0, 471.0
237, 142.0, 80.0
238, 205.0, 163.0
239, 535.0, 194.0
240, 126.0, 27.0
241, 563.0, 169.0
242, 394.0, 422.0
243, 517.0, 272.0
244, 563.0, 88.0
245, 652.0, 216.0
246, 477.0, 103.0
247, 160.0, 324.0
248, 440.0, 444.0
249, 371.0, 218.0
250, 640.0, 223.0
251, 424.0, 103.0
252, 214.0, 65.0
253, 221.0, 142.0
254, 258.0, 229.0
255, 693.0, 336.0
256, 510.0, 150.0
257, 415.0, 249.0
258, 406.0, 367.0
259, 172.0, 43.0
260, 673.0, 298.0
261, 359.0, 80.0
262, 356.0, 450.0
263, 461.0, 227.0
264, 58.0, 465.0
265, 399.0, 151.0
266, 518.0, 102.0
267, 431.0, 293.0
268, 108.0, 193.0
269, 734.0, 302.0
270, 289.0, 129.0
271, 203.0, 368.0
272, 128.0, 233.0
273, 592.0, 143.0
274, 595.0, 363.0
275, 594.0, 373.0
276, 629.0, 268.0
277, 657.0, 174.0
278, 291.0, 272.0
279, 433.0, 157.0
280, 284.0, 49.0
281, 28.0, 343.0
282, 523.0, 383.0
283, 593.0, 213.0
284, 670.0, 440.0
285, 622.0, 141.0
286, 290.0, 122.0
287, 515.0, 127.0
288, 741.0, 412.0
289, 488.0, 149.0
290, 373.0, 223.0
291, 377.0, 264.0
292, 169.0, 243.0
293, 548.0, 178.0
294, 551.0, 288.0
295, 163.0, 251.0
296, 458.0, 396.0
297, 484.0, 465.0
298, 743.0, 389.0
299, 554.0, 377.0
300, 594.0, 318.0
301, 558.0, 257.0
302, 557.0, 348.0
303, 395.0, 229.0
304, 519.0, 289.0
305, 186.0, 87.0
306, 433.0, 191.0
307, 395.0, 454.0
308, 266.0, 438.0
309, 157.0, 248.0
310, 452.0, 179.0
311, 491.0, 137.0
312, 580.0, 418.0
313, 724.0, 334.0
314, 654.0, 141.0
315, 484.0, 131.0
316, 480.0, 123.0
317, 427.0, 255.0
318, 638.0, 284.0
319, 668.0, 193.0
320, 375.0, 462.0
321, 616.0, 219.0
322, 725.0, 411.0
323, 439.0, 223.0
324, 407.0, 146.0
325, 441.0, 254.0
326, 388.0, 471.0
327, 307.0, 147.0
328, 217.0, 383.0
329, 471.0, 171.0
330, 139.0, 277.0
331, 511.0, 137.0
332, 208.0, 26.0
333, 226.0, 126.0
334, 467.0, 160.0
335, 408.0, 163.0
336, 463.0, 395.0
337, 681.0, 338.0
338, 173.0, 77.0
339, 604.0, 107.0
340, 615.0, 343.0
341, 128.0, 289.0
342, 219.0, 70.0
343, 415.0, 347.0
344, 410.0, 241.0
345, 142.0, 90.0
346, 390.0, 389.0
347, 27.0, 423.0
348, 34.0, 374.0
349, 624.0, 134.0
350, 145.0, 30.0
351, 152.0, 264.0
352, 623.0, 194.0
353, 641.0, 133.0
354, 146.0, 185.0
355, 516.0, 418.0
356, 473.0, 159.0
357, 451.0, 108.0
358, 68.0, 441.0
359, 312.0, 145.0
360, 464.0, 124.0
361, 408.0, 176.0
362, 629.0, 208.0
363, 573.0, 179.0
364, 482.0, 154.0
365, 641.0, 154.0
366, 648.0, 409.0
367, 19.0, 338.0
368, 280.0, 224.0
369, 411.0, 446.0
370, 546.0, 443.0
371, 434.0, 196.0
372, 489.0, 193.0
373, 389.0, 179.0
374, 493.0, 467.0
375, 385.0, 332.0
376, 476.0, 136.0
377, 514.0, 183.0
378, 368.0, 238.0
379, 735.0, 439.0
380, 666.0, 455.0
381, 723.0, 401.0
382, 576.0, 184.0
383, 372.0, 264.0
384, 453.0, 368.0
385, 268.0, 225.0
386, 678.0, 344.0
387, 604.0, 413.0
388, 22.0, 425.0
389, 194.0, 76.0
390, 613.0, 459.0
391, 169.0, 266.0
392, 433.0, 150.0
393, 635.0, 214.0
394, 400.0, 301.0
395, 279.0, 119.0
396, 476.0, 427.0
397, 213.0, 25.0
398, 479.0, 128.0
399, 518.0, 159.0
400, 731.0, 334.0
401, 290.0, 146.0
402, 500.0, 130.0
403, 340.0, 211.0
404, 569.0, 194.0
405, 688.0, 337.0
406, 561.0, 273.0
407, 614.0, 299.0
408, 363.0, 233.0
409, 650.0, 238.0
410, 191.0, 41.0
411, 507.0, 324.0
412, 201.0, 102.0
413, 452.0, 137.0
414, 270.0, 383.0
415, 723.0, 387.0
416, 677.0, 274.0
417, 466.0, 169.0
418, 169.0, 332.0
419, 712.0, 405.0
420, 381.0, 362.0
421, 324.0, 170.0
422, 317.0, 295.0
423, 466.0, 312.0
424, 571.0, 256.0
425, 149.0, 310.0
426, 579.0, 331.0
427, 198.0, 85.0
428, 400.0, 322.0
429, 431.0, 168.0
430, 154.0, 415.0
431, 164.0, 311.0
432, 388.0, 186.0
433, 404.0, 138.0
434, 636.0, 445.0
435, 190.0, 383.0
436, 650.0, 340.0
437, 618.0, 176.0
438, 742.0, 358.0
439, 266.0, 443.0
440, 428.0, 215.0
441, 436.0, 73.0
442, 388.0, 461.0
443, 537.0, 323.0
444, 31.0, 469.0
445, 538.0, 133.0
446, 529.0, 275.0
447, 561.0, 144.0
448, 268.0, 335.0
449, 168.0, 186.0
450, 30.0, 316.0
451, 173.0, 29.0
452, 520.0, 128.0
453, 284.0, 145.0
454, 498.0, 386.0
455, 235.0, 191.0
456, 620.0, 341.0
457, 326.0, 225.0
458, 266.0, 286.0
459, 463.0, 109.0
460, 130.0, 304.0
461, 511.0, 63.0
462, 473.0, 121.0
463, 409.0, 118.0
464, 690.0, 243.0
465, 608.0, 339.0
466, 558.0, 165.0
467, 139.0, 381.0
468, 236.0, 407.0
469, 151.0, 184.0
470, 269.0, 354.0
471, 490.0, 462.0
472, 383.0, 48.0
473, 711.0, 382.0
474, 67.0, 319.0
475, 441.0, 286.0
476, 724.0, 406.0
477, 138.0, 368.0
478, 284.0, 103.0
479, 165.0, 326.0
480, 516.0, 352.0
481, 168.0, 381.0
482, 385.0, 389.0
483, 268.0, 340.0
484, 544.0, 183.0
485, 525.0, 304.0
486, 361.0, 447.0
487, 730.0, 421.0
488, 65.0, 446.0
489, 519.0, 406.0
490, 516.0, 170.0
491, 648.0, 372.0
492, 191.0, 354.0
493, 173.0, 48.0
494, 394.0, 461.0
495, 436.0, 291.0
496, 111.0, 255.0
497, 380.0, 259.0
498, 702.0, 174.0
499, 589.0, 318.0
