0, 419.0, 8.0
1, 228.0, 17.0
2, 312.0, 19.0
3, 415.0, 19.0
4, 430.0, 19.0
5, 204.0, 34.0
6, 228.0, 34.0
7, 42.0, 39.0
8, 64.0, 41.0
9, 136.0, 43.0
10, 393.0, 43.0
11, 147.0, 44.0
12, 423.0, 44.0
13, 435.0, 45.0
14, 449.0, 45.0
15, 466.0, 45.0
16, 112.0, 46.0
17, 230.0, 46.0
18, 411.0, 46.0
19, 458.0, 46.0
20, 519.0, 46.0
21, 524.0, 46.0
22, 23.0, 47.0
23, 561.0, 47.0
24, 43.0, 48.0
25, 159.0, 48.0
26, 164.0, 48.0
27, 172.0, 50.0
28, 328.0, 50.0
29, 436.0, 52.0
30, 38.0, 53.0
31, 76.0, 53.0
32, 469.0, 53.0
33, 209.0, 54.0
34, 457.0, 54.0
35, 483.0, 54.0
36, 220.0, 55.0
37, 365.0, 55.0
38, 24.0, 56.0
39, 231.0, 56.0
40, 336.0, 56.0
41, 350.0, 58.0
42, 385.0, 58.0
43, 372.0, 60.0
44, 411.0, 60.0
45, 396.0, 61.0
46, 444.0, 63.0
47, 435.0, 64.0
48, 456.0, 65.0
49, 465.0, 65.0
50, 481.0, 65.0
51, 31.0, 67.0
52, 46.0, 70.0
53, 56.0, 70.0
54, 392.0, 70.0
55, 61.0, 71.0
56, 243.0, 71.0
57, 344.0, 71.0
58, 402.0, 71.0
59, 491.0, 71.0
60, 375.0, 72.0
61, 412.0, 72.0
62, 383.0, 73.0
63, 71.0, 76.0
64, 55.0, 78.0
65, 65.0, 86.0
66, 164.0, 88.0
67, 77.0, 90.0
68, 494.0, 91.0
69, 507.0, 91.0
70, 527.0, 92.0
71, 53.0, 93.0
72, 92.0, 93.0
73, 380.0, 93.0
74, 405.0, 93.0
75, 460.0, 93.0
76, 480.0, 93.0
77, 485.0, 93.0
78, 33.0, 94.0
79, 165.0, 94.0
80, 443.0, 94.0
81, 468.0, 94.0
82, 552.0, 94.0
83, 345.0, 95.0
84, 422.0, 95.0
85, 336.0, 96.0
86, 375.0, 96.0
87, 386.0, 96.0
88, 84.0, 97.0
89, 47.0, 99.0
90, 403.0, 99.0
91, 335.0, 101.0
92, 35.0, 102.0
93, 335.0, 106.0
94, 504.0, 106.0
95, 92.0, 107.0
96, 383.0, 107.0
97, 408.0, 107.0
98, 422.0, 107.0
99, 524.0, 107.0
100, 348.0, 108.0
101, 516.0, 108.0
102, 357.0, 109.0
103, 369.0, 109.0
104, 79.0, 111.0
105, 334.0, 111.0
106, 41.0, 112.0
107, 382.0, 113.0
108, 56.0, 114.0
109, 74.0, 115.0
110, 389.0, 115.0
111, 504.0, 115.0
112, 516.0, 115.0
113, 85.0, 117.0
114, 64.0, 121.0
115, 502.0, 122.0
116, 77.0, 123.0
117, 513.0, 124.0
118, 500.0, 129.0
119, 546.0, 129.0
120, 87.0, 130.0
121, 332.0, 131.0
122, 518.0, 131.0
123, 75.0, 134.0
124, 61.0, 135.0
125, 310.0, 135.0
126, 459.0, 136.0
127, 532.0, 136.0
128, 482.0, 137.0
129, 389.0, 141.0
130, 301.0, 143.0
131, 250.0, 144.0
132, 263.0, 144.0
133, 513.0, 146.0
134, 234.0, 147.0
135, 332.0, 147.0
136, 542.0, 147.0
137, 327.0, 148.0
138, 310.0, 154.0
139, 214.0, 155.0
140, 219.0, 155.0
141, 448.0, 155.0
142, 175.0, 159.0
143, 391.0, 166.0
144, 416.0, 166.0
145, 453.0, 166.0
146, 532.0, 168.0
147, 537.0, 168.0
148, 556.0, 168.0
149, 136.0, 170.0
150, 432.0, 174.0
151, 399.0, 175.0
152, 415.0, 175.0
153, 446.0, 175.0
154, 543.0, 178.0
155, 573.0, 178.0
156, 58.0, 181.0
157, 430.0, 182.0
158, 608.0, 182.0
159, 415.0, 183.0
160, 178.0, 184.0
161, 420.0, 188.0
162, 640.0, 193.0
163, 632.0, 194.0
164, 649.0, 194.0
165, 627.0, 196.0
166, 655.0, 197.0
167, 618.0, 201.0
168, 337.0, 204.0
169, 433.0, 204.0
170, 510.0, 204.0
171, 400.0, 205.0
172, 416.0, 205.0
173, 448.0, 205.0
174, 664.0, 207.0
175, 349.0, 209.0
176, 360.0, 209.0
177, 500.0, 209.0
178, 447.0, 210.0
179, 734.0, 210.0
180, 329.0, 211.0
181, 343.0, 211.0
182, 516.0, 212.0
183, 627.0, 212.0
184, 183.0, 213.0
185, 318.0, 213.0
186, 388.0, 213.0
187, 418.0, 213.0
188, 424.0, 213.0
189, 511.0, 213.0
190, 668.0, 213.0
191, 369.0, 214.0
192, 403.0, 214.0
193, 408.0, 214.0
194, 506.0, 214.0
195, 95.0, 216.0
196, 107.0, 216.0
197, 646.0, 216.0
198, 603.0, 217.0
199, 572.0, 218.0
200, 146.0, 219.0
201, 399.0, 219.0
202, 467.0, 219.0
203, 85.0, 220.0
204, 344.0, 220.0
205, 227.0, 221.0
206, 310.0, 221.0
207, 353.0, 221.0
208, 363.0, 221.0
209, 512.0, 221.0
210, 249.0, 222.0
211, 302.0, 222.0
212, 614.0, 222.0
213, 126.0, 223.0
214, 322.0, 223.0
215, 337.0, 223.0
216, 475.0, 223.0
217, 530.0, 223.0
218, 558.0, 223.0
219, 146.0, 224.0
220, 409.0, 225.0
221, 439.0, 225.0
222, 117.0, 226.0
223, 301.0, 227.0
224, 355.0, 227.0
225, 245.0, 228.0
226, 379.0, 228.0
227, 394.0, 228.0
228, 78.0, 229.0
229, 148.0, 229.0
230, 322.0, 229.0
231, 67.0, 230.0
232, 185.0, 230.0
233, 339.0, 230.0
234, 364.0, 231.0
235, 196.0, 232.0
236, 302.0, 232.0
237, 626.0, 232.0
238, 278.0, 234.0
239, 592.0, 235.0
240, 670.0, 235.0
241, 113.0, 236.0
242, 328.0, 236.0
243, 519.0, 236.0
244, 629.0, 237.0
245, 229.0, 238.0
246, 533.0, 238.0
247, 89.0, 239.0
248, 104.0, 239.0
249, 127.0, 239.0
250, 310.0, 240.0
251, 372.0, 240.0
252, 670.0, 240.0
253, 739.0, 240.0
254, 624.0, 242.0
255, 630.0, 242.0
256, 740.0, 245.0
257, 446.0, 246.0
258, 492.0, 247.0
259, 596.0, 247.0
260, 177.0, 248.0
261, 401.0, 248.0
262, 669.0, 248.0
263, 199.0, 249.0
264, 637.0, 249.0
265, 115.0, 250.0
266, 464.0, 251.0
267, 624.0, 251.0
268, 427.0, 252.0
269, 304.0, 253.0
270, 533.0, 253.0
271, 651.0, 254.0
272, 347.0, 255.0
273, 479.0, 255.0
274, 611.0, 255.0
275, 616.0, 256.0
276, 602.0, 257.0
277, 168.0, 258.0
278, 533.0, 258.0
279, 279.0, 260.0
280, 664.0, 260.0
281, 131.0, 261.0
282, 325.0, 261.0
283, 151.0, 262.0
284, 191.0, 262.0
285, 113.0, 263.0
286, 159.0, 263.0
287, 533.0, 263.0
288, 645.0, 264.0
289, 465.0, 266.0
290, 477.0, 266.0
291, 200.0, 271.0
292, 98.0, 272.0
293, 181.0, 272.0
294, 426.0, 273.0
295, 130.0, 274.0
296, 138.0, 274.0
297, 119.0, 275.0
298, 151.0, 275.0
299, 534.0, 275.0
300, 656.0, 275.0
301, 303.0, 279.0
302, 534.0, 280.0
303, 595.0, 280.0
304, 652.0, 280.0
305, 100.0, 281.0
306, 280.0, 281.0
307, 112.0, 282.0
308, 85.0, 283.0
309, 121.0, 283.0
310, 90.0, 286.0
311, 95.0, 286.0
312, 513.0, 286.0
313, 533.0, 286.0
314, 133.0, 287.0
315, 526.0, 287.0
316, 611.0, 287.0
317, 124.0, 288.0
318, 644.0, 289.0
319, 150.0, 290.0
320, 170.0, 290.0
321, 465.0, 290.0
322, 639.0, 291.0
323, 599.0, 292.0
324, 102.0, 293.0
325, 123.0, 293.0
326, 535.0, 293.0
327, 408.0, 294.0
328, 609.0, 294.0
329, 632.0, 294.0
330, 94.0, 295.0
331, 222.0, 295.0
332, 305.0, 295.0
333, 387.0, 295.0
334, 149.0, 296.0
335, 217.0, 296.0
336, 115.0, 299.0
337, 616.0, 299.0
338, 28.0, 300.0
339, 598.0, 300.0
340, 739.0, 304.0
341, 106.0, 305.0
342, 128.0, 305.0
343, 280.0, 306.0
344, 535.0, 310.0
345, 600.0, 310.0
346, 97.0, 311.0
347, 588.0, 311.0
348, 465.0, 313.0
349, 73.0, 314.0
350, 389.0, 314.0
351, 78.0, 315.0
352, 281.0, 316.0
353, 535.0, 316.0
354, 589.0, 317.0
355, 427.0, 318.0
356, 99.0, 319.0
357, 122.0, 320.0
358, 281.0, 321.0
359, 535.0, 321.0
360, 589.0, 322.0
361, 282.0, 326.0
362, 463.0, 326.0
363, 589.0, 328.0
364, 737.0, 330.0
365, 714.0, 334.0
366, 426.0, 343.0
367, 635.0, 343.0
368, 134.0, 347.0
369, 281.0, 348.0
370, 584.0, 350.0
371, 282.0, 353.0
372, 537.0, 353.0
373, 723.0, 355.0
374, 43.0, 363.0
375, 577.0, 363.0
376, 325.0, 364.0
377, 445.0, 364.0
378, 591.0, 366.0
379, 304.0, 367.0
380, 375.0, 371.0
381, 449.0, 371.0
382, 573.0, 373.0
383, 581.0, 375.0
384, 742.0, 375.0
385, 647.0, 377.0
386, 280.0, 378.0
387, 303.0, 378.0
388, 587.0, 381.0
389, 334.0, 382.0
390, 371.0, 382.0
391, 382.0, 382.0
392, 391.0, 382.0
393, 300.0, 385.0
394, 420.0, 385.0
395, 349.0, 387.0
396, 328.0, 388.0
397, 529.0, 388.0
398, 395.0, 390.0
399, 447.0, 391.0
400, 452.0, 391.0
401, 735.0, 391.0
402, 389.0, 392.0
403, 567.0, 392.0
404, 697.0, 392.0
405, 367.0, 393.0
406, 666.0, 393.0
407, 672.0, 393.0
408, 715.0, 393.0
409, 411.0, 394.0
410, 574.0, 394.0
411, 643.0, 394.0
412, 684.0, 394.0
413, 720.0, 394.0
414, 274.0, 398.0
415, 417.0, 398.0
416, 435.0, 398.0
417, 350.0, 401.0
418, 676.0, 402.0
419, 372.0, 403.0
420, 464.0, 403.0
421, 726.0, 403.0
422, 657.0, 406.0
423, 575.0, 407.0
424, 381.0, 408.0
425, 648.0, 408.0
426, 479.0, 409.0
427, 412.0, 411.0
428, 543.0, 411.0
429, 134.0, 412.0
430, 555.0, 412.0
431, 407.0, 413.0
432, 511.0, 413.0
433, 717.0, 413.0
434, 348.0, 415.0
435, 376.0, 415.0
436, 634.0, 415.0
437, 459.0, 417.0
438, 554.0, 417.0
439, 700.0, 417.0
440, 662.0, 418.0
441, 573.0, 419.0
442, 562.0, 420.0
443, 602.0, 420.0
444, 372.0, 421.0
445, 555.0, 422.0
446, 563.0, 425.0
447, 545.0, 426.0
448, 568.0, 428.0
449, 668.0, 428.0
450, 72.0, 429.0
451, 693.0, 429.0
452, 726.0, 429.0
453, 740.0, 429.0
454, 709.0, 430.0
455, 528.0, 431.0
456, 63.0, 432.0
457, 552.0, 432.0
458, 70.0, 434.0
459, 669.0, 434.0
460, 516.0, 437.0
461, 527.0, 437.0
462, 396.0, 439.0
463, 733.0, 440.0
464, 68.0, 442.0
465, 464.0, 445.0
466, 686.0, 446.0
467, 536.0, 448.0
468, 623.0, 448.0
469, 691.0, 449.0
470, 699.0, 452.0
471, 656.0, 455.0
472, 343.0, 457.0
473, 55.0, 458.0
474, 394.0, 460.0
475, 404.0, 461.0
476, 424.0, 461.0
477, 611.0, 462.0
478, 55.0, 463.0
479, 722.0, 464.0
480, 519.0, 468.0
481, 701.0, 468.0
482, 402.0, 470.0
483, 411.0, 470.0
484, 732.0, 471.0
