0, 69.0, 8.0
1, 141.0, 9.0
2, 87.0, 13.0
3, 127.0, 15.0
4, 53.0, 20.0
5, 77.0, 21.0
6, 92.0, 22.0
7, 133.0, 22.0
8, 150.0, 23.0
9, 48.0, 27.0
10, 185.0, 27.0
11, 71.0, 31.0
12, 50.0, 32.0
13, 105.0, 32.0
14, 124.0, 33.0
15, 138.0, 34.0
16, 301.0, 37.0
17, 148.0, 40.0
18, 118.0, 41.0
19, 187.0, 41.0
20, 341.0, 41.0
21, 59.0, 45.0
22, 106.0, 46.0
23, 23.0, 51.0
24, 69.0, 51.0
25, 127.0, 52.0
26, 107.0, 54.0
27, 135.0, 54.0
28, 148.0, 56.0
29, 161.0, 59.0
30, 47.0, 60.0
31, 102.0, 64.0
32, 24.0, 65.0
33, 43.0, 71.0
34, 115.0, 71.0
35, 526.0, 73.0
36, 92.0, 76.0
37, 442.0, 76.0
38, 32.0, 77.0
39, 432.0, 77.0
40, 502.0, 77.0
41, 40.0, 84.0
42, 139.0, 86.0
43, 91.0, 89.0
44, 605.0, 91.0
45, 351.0, 92.0
46, 362.0, 92.0
47, 17.0, 97.0
48, 31.0, 98.0
49, 100.0, 98.0
50, 334.0, 98.0
51, 78.0, 100.0
52, 264.0, 103.0
53, 19.0, 114.0
54, 66.0, 114.0
55, 13.0, 122.0
56, 351.0, 124.0
57, 410.0, 125.0
58, 434.0, 125.0
59, 427.0, 126.0
60, 335.0, 127.0
61, 268.0, 132.0
62, 201.0, 133.0
63, 361.0, 137.0
64, 352.0, 141.0
65, 609.0, 143.0
66, 44.0, 147.0
67, 336.0, 148.0
68, 39.0, 151.0
69, 32.0, 160.0
70, 351.0, 160.0
71, 336.0, 161.0
72, 426.0, 165.0
73, 435.0, 167.0
74, 244.0, 168.0
75, 383.0, 169.0
76, 336.0, 171.0
77, 352.0, 172.0
78, 258.0, 173.0
79, 360.0, 173.0
80, 336.0, 180.0
81, 351.0, 184.0
82, 158.0, 185.0
83, 336.0, 185.0
84, 449.0, 185.0
85, 464.0, 187.0
86, 10.0, 190.0
87, 336.0, 190.0
88, 480.0, 190.0
89, 351.0, 191.0
90, 485.0, 191.0
91, 492.0, 192.0
92, 511.0, 195.0
93, 9.0, 196.0
94, 525.0, 199.0
95, 328.0, 200.0
96, 359.0, 200.0
97, 8.0, 201.0
98, 349.0, 201.0
99, 246.0, 202.0
100, 307.0, 202.0
101, 334.0, 202.0
102, 212.0, 207.0
103, 26.0, 208.0
104, 338.0, 208.0
105, 275.0, 209.0
106, 316.0, 210.0
107, 256.0, 212.0
108, 356.0, 212.0
109, 250.0, 213.0
110, 229.0, 214.0
111, 367.0, 214.0
112, 477.0, 214.0
113, 307.0, 215.0
114, 212.0, 216.0
115, 265.0, 216.0
116, 292.0, 216.0
117, 176.0, 217.0
118, 191.0, 217.0
119, 280.0, 217.0
120, 374.0, 217.0
121, 200.0, 220.0
122, 316.0, 220.0
123, 272.0, 221.0
124, 302.0, 223.0
125, 307.0, 223.0
126, 322.0, 225.0
127, 340.0, 225.0
128, 523.0, 226.0
129, 475.0, 227.0
130, 265.0, 228.0
131, 281.0, 228.0
132, 385.0, 228.0
133, 380.0, 230.0
134, 395.0, 231.0
135, 16.0, 232.0
136, 254.0, 234.0
137, 321.0, 234.0
138, 21.0, 235.0
139, 405.0, 237.0
140, 400.0, 238.0
141, 179.0, 239.0
142, 308.0, 239.0
143, 475.0, 239.0
144, 252.0, 240.0
145, 257.0, 240.0
146, 354.0, 240.0
147, 264.0, 241.0
148, 283.0, 241.0
149, 642.0, 242.0
150, 178.0, 244.0
151, 648.0, 244.0
152, 395.0, 245.0
153, 173.0, 246.0
154, 406.0, 247.0
155, 422.0, 248.0
156, 472.0, 248.0
157, 396.0, 250.0
158, 415.0, 250.0
159, 430.0, 252.0
160, 318.0, 253.0
161, 338.0, 253.0
162, 493.0, 253.0
163, 345.0, 255.0
164, 726.0, 256.0
165, 350.0, 257.0
166, 380.0, 259.0
167, 741.0, 261.0
168, 26.0, 262.0
169, 429.0, 262.0
170, 473.0, 263.0
171, 413.0, 264.0
172, 434.0, 264.0
173, 196.0, 265.0
174, 742.0, 266.0
175, 180.0, 267.0
176, 386.0, 270.0
177, 740.0, 271.0
178, 471.0, 272.0
179, 377.0, 273.0
180, 395.0, 273.0
181, 219.0, 275.0
182, 266.0, 278.0
183, 480.0, 280.0
184, 369.0, 281.0
185, 414.0, 282.0
186, 425.0, 282.0
187, 29.0, 283.0
188, 472.0, 283.0
189, 230.0, 285.0
190, 387.0, 285.0
191, 734.0, 285.0
192, 219.0, 289.0
193, 232.0, 290.0
194, 332.0, 290.0
195, 393.0, 291.0
196, 478.0, 291.0
197, 365.0, 293.0
198, 256.0, 294.0
199, 384.0, 294.0
200, 235.0, 295.0
201, 199.0, 296.0
202, 734.0, 297.0
203, 440.0, 299.0
204, 412.0, 300.0
205, 425.0, 301.0
206, 183.0, 302.0
207, 512.0, 302.0
208, 177.0, 304.0
209, 441.0, 304.0
210, 362.0, 305.0
211, 32.0, 306.0
212, 207.0, 306.0
213, 430.0, 306.0
214, 194.0, 307.0
215, 391.0, 307.0
216, 402.0, 307.0
217, 512.0, 307.0
218, 475.0, 311.0
219, 185.0, 312.0
220, 280.0, 312.0
221, 380.0, 312.0
222, 412.0, 312.0
223, 512.0, 312.0
224, 205.0, 315.0
225, 321.0, 315.0
226, 448.0, 315.0
227, 485.0, 315.0
228, 418.0, 317.0
229, 459.0, 317.0
230, 270.0, 318.0
231, 395.0, 318.0
232, 350.0, 320.0
233, 357.0, 320.0
234, 281.0, 321.0
235, 474.0, 321.0
236, 260.0, 322.0
237, 333.0, 322.0
238, 418.0, 322.0
239, 438.0, 324.0
240, 341.0, 325.0
241, 212.0, 326.0
242, 305.0, 326.0
243, 330.0, 327.0
244, 355.0, 327.0
245, 380.0, 327.0
246, 402.0, 327.0
247, 187.0, 328.0
248, 248.0, 328.0
249, 268.0, 328.0
250, 385.0, 329.0
251, 460.0, 329.0
252, 310.0, 330.0
253, 420.0, 330.0
254, 213.0, 331.0
255, 315.0, 331.0
256, 411.0, 334.0
257, 460.0, 334.0
258, 234.0, 335.0
259, 337.0, 335.0
260, 345.0, 335.0
261, 438.0, 335.0
262, 289.0, 336.0
263, 350.0, 336.0
264, 485.0, 336.0
265, 251.0, 337.0
266, 321.0, 337.0
267, 300.0, 338.0
268, 273.0, 339.0
269, 213.0, 340.0
270, 234.0, 340.0
271, 364.0, 340.0
272, 438.0, 340.0
273, 472.0, 340.0
274, 314.0, 342.0
275, 346.0, 342.0
276, 193.0, 344.0
277, 357.0, 344.0
278, 482.0, 344.0
279, 235.0, 345.0
280, 261.0, 345.0
281, 439.0, 345.0
282, 326.0, 346.0
283, 334.0, 346.0
284, 204.0, 347.0
285, 351.0, 348.0
286, 357.0, 349.0
287, 238.0, 350.0
288, 278.0, 350.0
289, 452.0, 350.0
290, 41.0, 351.0
291, 221.0, 351.0
292, 318.0, 351.0
293, 372.0, 351.0
294, 188.0, 352.0
295, 256.0, 354.0
296, 265.0, 354.0
297, 289.0, 354.0
298, 340.0, 354.0
299, 356.0, 354.0
300, 361.0, 354.0
301, 239.0, 355.0
302, 41.0, 356.0
303, 458.0, 356.0
304, 437.0, 357.0
305, 256.0, 359.0
306, 505.0, 359.0
307, 311.0, 360.0
308, 333.0, 360.0
309, 368.0, 361.0
310, 214.0, 362.0
311, 282.0, 362.0
312, 324.0, 362.0
313, 345.0, 362.0
314, 360.0, 362.0
315, 43.0, 363.0
316, 226.0, 363.0
317, 267.0, 363.0
318, 250.0, 364.0
319, 394.0, 364.0
320, 197.0, 365.0
321, 314.0, 365.0
322, 189.0, 366.0
323, 245.0, 366.0
324, 240.0, 369.0
325, 383.0, 370.0
326, 217.0, 371.0
327, 344.0, 371.0
328, 440.0, 371.0
329, 205.0, 372.0
330, 259.0, 372.0
331, 330.0, 372.0
332, 274.0, 373.0
333, 361.0, 373.0
334, 366.0, 373.0
335, 388.0, 373.0
336, 393.0, 373.0
337, 410.0, 373.0
338, 230.0, 374.0
339, 280.0, 374.0
340, 353.0, 374.0
341, 478.0, 374.0
342, 443.0, 376.0
343, 223.0, 378.0
344, 307.0, 378.0
345, 324.0, 378.0
346, 423.0, 378.0
347, 191.0, 379.0
348, 472.0, 379.0
349, 48.0, 380.0
350, 341.0, 380.0
351, 384.0, 381.0
352, 445.0, 381.0
353, 404.0, 382.0
354, 316.0, 383.0
355, 321.0, 383.0
356, 327.0, 383.0
357, 81.0, 384.0
358, 49.0, 385.0
359, 192.0, 385.0
360, 502.0, 387.0
361, 340.0, 388.0
362, 394.0, 388.0
363, 482.0, 388.0
364, 294.0, 389.0
365, 50.0, 390.0
366, 179.0, 390.0
367, 409.0, 390.0
368, 152.0, 391.0
369, 202.0, 391.0
370, 474.0, 392.0
371, 340.0, 393.0
372, 139.0, 395.0
373, 184.0, 395.0
374, 193.0, 395.0
375, 71.0, 396.0
376, 304.0, 396.0
377, 208.0, 398.0
378, 382.0, 398.0
379, 395.0, 398.0
380, 184.0, 401.0
381, 203.0, 401.0
382, 339.0, 401.0
383, 501.0, 403.0
384, 120.0, 404.0
385, 53.0, 405.0
386, 197.0, 406.0
387, 338.0, 406.0
388, 16.0, 407.0
389, 48.0, 407.0
390, 371.0, 407.0
391, 43.0, 408.0
392, 451.0, 408.0
393, 318.0, 410.0
394, 112.0, 412.0
395, 709.0, 413.0
396, 427.0, 418.0
397, 96.0, 419.0
398, 120.0, 420.0
399, 295.0, 420.0
400, 518.0, 421.0
401, 275.0, 422.0
402, 437.0, 422.0
403, 203.0, 423.0
404, 106.0, 424.0
405, 396.0, 424.0
406, 538.0, 424.0
407, 486.0, 426.0
408, 289.0, 427.0
409, 412.0, 428.0
410, 358.0, 429.0
411, 427.0, 430.0
412, 287.0, 432.0
413, 477.0, 432.0
414, 254.0, 433.0
415, 372.0, 433.0
416, 468.0, 433.0
417, 525.0, 434.0
418, 102.0, 435.0
419, 203.0, 437.0
420, 333.0, 437.0
421, 460.0, 437.0
422, 501.0, 437.0
423, 489.0, 438.0
424, 397.0, 439.0
425, 535.0, 439.0
426, 78.0, 440.0
427, 442.0, 441.0
428, 130.0, 442.0
429, 331.0, 442.0
430, 413.0, 442.0
431, 462.0, 442.0
432, 517.0, 443.0
433, 218.0, 444.0
434, 525.0, 444.0
435, 92.0, 445.0
436, 108.0, 447.0
437, 398.0, 447.0
438, 579.0, 447.0
439, 129.0, 448.0
440, 331.0, 448.0
441, 203.0, 450.0
442, 481.0, 450.0
443, 76.0, 451.0
444, 118.0, 451.0
445, 386.0, 451.0
446, 106.0, 452.0
447, 443.0, 452.0
448, 128.0, 453.0
449, 188.0, 453.0
450, 360.0, 453.0
451, 372.0, 453.0
452, 398.0, 453.0
453, 434.0, 453.0
454, 568.0, 453.0
455, 464.0, 454.0
456, 588.0, 457.0
457, 375.0, 458.0
458, 54.0, 459.0
459, 415.0, 460.0
460, 491.0, 460.0
461, 70.0, 463.0
462, 559.0, 465.0
463, 467.0, 466.0
464, 708.0, 466.0
465, 122.0, 467.0
466, 180.0, 468.0
467, 111.0, 469.0
468, 202.0, 469.0
469, 445.0, 469.0
470, 227.0, 471.0
471, 379.0, 471.0
472, 709.0, 471.0
