0, 395.0, 8.0
1, 403.0, 8.0
2, 634.0, 54.0
3, 508.0, 59.0
4, 403.0, 60.0
5, 494.0, 61.0
6, 501.0, 63.0
7, 623.0, 65.0
8, 39.0, 70.0
9, 492.0, 72.0
10, 502.0, 74.0
11, 129.0, 75.0
12, 156.0, 78.0
13, 399.0, 78.0
14, 17.0, 81.0
15, 399.0, 83.0
16, 199.0, 85.0
17, 43.0, 87.0
18, 51.0, 130.0
19, 126.0, 130.0
20, 27.0, 132.0
21, 79.0, 132.0
22, 141.0, 132.0
23, 101.0, 133.0
24, 96.0, 134.0
25, 117.0, 135.0
26, 371.0, 135.0
27, 155.0, 136.0
28, 395.0, 136.0
29, 433.0, 137.0
30, 484.0, 142.0
31, 495.0, 143.0
32, 384.0, 144.0
33, 156.0, 145.0
34, 400.0, 146.0
35, 414.0, 150.0
36, 143.0, 152.0
37, 371.0, 153.0
38, 384.0, 153.0
39, 174.0, 154.0
40, 575.0, 154.0
41, 162.0, 155.0
42, 588.0, 155.0
43, 400.0, 158.0
44, 411.0, 159.0
45, 608.0, 161.0
46, 146.0, 163.0
47, 163.0, 163.0
48, 384.0, 163.0
49, 427.0, 166.0
50, 372.0, 172.0
51, 431.0, 172.0
52, 147.0, 174.0
53, 163.0, 175.0
54, 426.0, 176.0
55, 370.0, 178.0
56, 359.0, 179.0
57, 204.0, 181.0
58, 401.0, 181.0
59, 420.0, 181.0
60, 143.0, 182.0
61, 168.0, 183.0
62, 173.0, 184.0
63, 163.0, 185.0
64, 191.0, 189.0
65, 176.0, 193.0
66, 405.0, 193.0
67, 192.0, 194.0
68, 565.0, 194.0
69, 161.0, 195.0
70, 120.0, 196.0
71, 575.0, 197.0
72, 79.0, 198.0
73, 587.0, 199.0
74, 205.0, 200.0
75, 175.0, 202.0
76, 168.0, 203.0
77, 433.0, 204.0
78, 476.0, 207.0
79, 407.0, 208.0
80, 487.0, 209.0
81, 420.0, 210.0
82, 441.0, 211.0
83, 407.0, 213.0
84, 426.0, 213.0
85, 409.0, 218.0
86, 546.0, 218.0
87, 395.0, 219.0
88, 552.0, 220.0
89, 224.0, 222.0
90, 519.0, 222.0
91, 421.0, 223.0
92, 472.0, 224.0
93, 482.0, 225.0
94, 531.0, 226.0
95, 198.0, 227.0
96, 384.0, 228.0
97, 439.0, 229.0
98, 483.0, 230.0
99, 568.0, 230.0
100, 447.0, 231.0
101, 97.0, 232.0
102, 647.0, 232.0
103, 721.0, 233.0
104, 470.0, 235.0
105, 475.0, 235.0
106, 215.0, 236.0
107, 310.0, 236.0
108, 462.0, 236.0
109, 608.0, 237.0
110, 355.0, 238.0
111, 91.0, 240.0
112, 411.0, 240.0
113, 621.0, 240.0
114, 634.0, 240.0
115, 80.0, 241.0
116, 652.0, 241.0
117, 501.0, 242.0
118, 344.0, 243.0
119, 454.0, 245.0
120, 42.0, 248.0
121, 735.0, 250.0
122, 56.0, 251.0
123, 740.0, 251.0
124, 51.0, 252.0
125, 87.0, 252.0
126, 439.0, 252.0
127, 570.0, 252.0
128, 585.0, 253.0
129, 557.0, 256.0
130, 419.0, 257.0
131, 604.0, 257.0
132, 394.0, 258.0
133, 48.0, 259.0
134, 407.0, 261.0
135, 456.0, 261.0
136, 550.0, 265.0
137, 596.0, 265.0
138, 280.0, 266.0
139, 557.0, 268.0
140, 436.0, 269.0
141, 431.0, 270.0
142, 584.0, 270.0
143, 665.0, 270.0
144, 285.0, 271.0
145, 290.0, 272.0
146, 425.0, 272.0
147, 606.0, 273.0
148, 408.0, 274.0
149, 446.0, 274.0
150, 48.0, 275.0
151, 197.0, 275.0
152, 396.0, 275.0
153, 375.0, 276.0
154, 664.0, 276.0
155, 271.0, 277.0
156, 185.0, 279.0
157, 409.0, 279.0
158, 732.0, 280.0
159, 279.0, 281.0
160, 554.0, 281.0
161, 211.0, 284.0
162, 434.0, 285.0
163, 187.0, 286.0
164, 37.0, 288.0
165, 383.0, 288.0
166, 586.0, 288.0
167, 715.0, 288.0
168, 181.0, 289.0
169, 251.0, 289.0
170, 264.0, 289.0
171, 606.0, 289.0
172, 445.0, 290.0
173, 201.0, 291.0
174, 234.0, 291.0
175, 422.0, 291.0
176, 20.0, 294.0
177, 263.0, 295.0
178, 592.0, 295.0
179, 433.0, 296.0
180, 667.0, 296.0
181, 395.0, 298.0
182, 271.0, 300.0
183, 252.0, 302.0
184, 448.0, 302.0
185, 714.0, 302.0
186, 104.0, 305.0
187, 719.0, 306.0
188, 399.0, 310.0
189, 83.0, 311.0
190, 102.0, 311.0
191, 259.0, 311.0
192, 595.0, 311.0
193, 455.0, 312.0
194, 40.0, 315.0
195, 72.0, 315.0
196, 243.0, 317.0
197, 594.0, 317.0
198, 653.0, 317.0
199, 28.0, 318.0
200, 64.0, 318.0
201, 103.0, 318.0
202, 154.0, 318.0
203, 146.0, 319.0
204, 140.0, 320.0
205, 168.0, 320.0
206, 277.0, 320.0
207, 163.0, 321.0
208, 593.0, 322.0
209, 400.0, 324.0
210, 84.0, 326.0
211, 123.0, 327.0
212, 592.0, 327.0
213, 59.0, 328.0
214, 112.0, 328.0
215, 265.0, 329.0
216, 435.0, 329.0
217, 44.0, 330.0
218, 652.0, 331.0
219, 90.0, 333.0
220, 139.0, 333.0
221, 265.0, 334.0
222, 419.0, 334.0
223, 18.0, 335.0
224, 29.0, 335.0
225, 631.0, 335.0
226, 130.0, 336.0
227, 73.0, 339.0
228, 267.0, 339.0
229, 19.0, 340.0
230, 647.0, 340.0
231, 47.0, 341.0
232, 85.0, 341.0
233, 657.0, 342.0
234, 444.0, 343.0
235, 428.0, 345.0
236, 396.0, 346.0
237, 29.0, 347.0
238, 50.0, 347.0
239, 416.0, 349.0
240, 36.0, 351.0
241, 98.0, 351.0
242, 408.0, 352.0
243, 12.0, 354.0
244, 83.0, 354.0
245, 437.0, 354.0
246, 272.0, 355.0
247, 646.0, 357.0
248, 274.0, 360.0
249, 406.0, 360.0
250, 412.0, 363.0
251, 47.0, 367.0
252, 639.0, 371.0
253, 409.0, 372.0
254, 194.0, 374.0
255, 39.0, 375.0
256, 374.0, 375.0
257, 430.0, 377.0
258, 27.0, 380.0
259, 282.0, 382.0
260, 626.0, 383.0
261, 12.0, 384.0
262, 397.0, 387.0
263, 641.0, 389.0
264, 359.0, 393.0
265, 578.0, 393.0
266, 673.0, 396.0
267, 584.0, 397.0
268, 679.0, 397.0
269, 286.0, 398.0
270, 357.0, 398.0
271, 591.0, 399.0
272, 688.0, 401.0
273, 578.0, 403.0
274, 570.0, 408.0
275, 289.0, 409.0
276, 623.0, 410.0
277, 655.0, 415.0
278, 291.0, 416.0
279, 619.0, 416.0
280, 625.0, 418.0
281, 638.0, 419.0
282, 669.0, 420.0
283, 294.0, 423.0
284, 339.0, 424.0
285, 631.0, 424.0
286, 76.0, 425.0
287, 84.0, 425.0
288, 336.0, 429.0
289, 399.0, 431.0
290, 651.0, 433.0
291, 358.0, 434.0
292, 505.0, 436.0
293, 724.0, 436.0
294, 729.0, 438.0
295, 300.0, 439.0
296, 624.0, 443.0
297, 630.0, 444.0
298, 523.0, 445.0
299, 736.0, 447.0
300, 634.0, 449.0
301, 365.0, 456.0
302, 712.0, 456.0
303, 99.0, 457.0
304, 399.0, 458.0
305, 610.0, 458.0
306, 635.0, 459.0
307, 706.0, 459.0
308, 308.0, 461.0
309, 614.0, 465.0
310, 452.0, 466.0
311, 624.0, 466.0
312, 687.0, 468.0
313, 546.0, 470.0
314, 636.0, 471.0
