0, 86.0, 8.0
1, 232.0, 13.0
2, 240.0, 29.0
3, 230.0, 37.0
4, 278.0, 39.0
5, 253.0, 41.0
6, 574.0, 41.0
7, 280.0, 45.0
8, 721.0, 45.0
9, 731.0, 45.0
10, 255.0, 46.0
11, 743.0, 47.0
12, 287.0, 48.0
13, 256.0, 52.0
14, 698.0, 54.0
15, 287.0, 56.0
16, 720.0, 56.0
17, 272.0, 57.0
18, 396.0, 59.0
19, 281.0, 64.0
20, 736.0, 64.0
21, 683.0, 66.0
22, 482.0, 67.0
23, 259.0, 71.0
24, 722.0, 71.0
25, 706.0, 72.0
26, 409.0, 73.0
27, 736.0, 74.0
28, 419.0, 75.0
29, 574.0, 78.0
30, 242.0, 79.0
31, 735.0, 79.0
32, 423.0, 80.0
33, 716.0, 80.0
34, 409.0, 82.0
35, 510.0, 83.0
36, 242.0, 84.0
37, 409.0, 87.0
38, 424.0, 87.0
39, 243.0, 89.0
40, 422.0, 92.0
41, 510.0, 92.0
42, 290.0, 93.0
43, 411.0, 93.0
44, 398.0, 94.0
45, 563.0, 96.0
46, 586.0, 96.0
47, 541.0, 97.0
48, 317.0, 98.0
49, 412.0, 98.0
50, 529.0, 98.0
51, 552.0, 98.0
52, 308.0, 101.0
53, 496.0, 101.0
54, 506.0, 102.0
55, 563.0, 103.0
56, 391.0, 104.0
57, 469.0, 104.0
58, 541.0, 104.0
59, 553.0, 104.0
60, 412.0, 105.0
61, 455.0, 105.0
62, 480.0, 105.0
63, 443.0, 106.0
64, 588.0, 106.0
65, 287.0, 107.0
66, 318.0, 107.0
67, 428.0, 108.0
68, 308.0, 109.0
69, 419.0, 109.0
70, 455.0, 110.0
71, 392.0, 111.0
72, 407.0, 111.0
73, 521.0, 111.0
74, 441.0, 114.0
75, 308.0, 115.0
76, 406.0, 116.0
77, 319.0, 117.0
78, 287.0, 119.0
79, 293.0, 119.0
80, 406.0, 121.0
81, 398.0, 123.0
82, 288.0, 124.0
83, 418.0, 126.0
84, 288.0, 129.0
85, 623.0, 193.0
86, 364.0, 196.0
87, 628.0, 199.0
88, 612.0, 203.0
89, 617.0, 205.0
90, 345.0, 206.0
91, 283.0, 208.0
92, 620.0, 210.0
93, 400.0, 226.0
94, 407.0, 228.0
95, 344.0, 271.0
96, 371.0, 285.0
97, 316.0, 286.0
98, 336.0, 286.0
99, 284.0, 287.0
100, 289.0, 287.0
101, 357.0, 288.0
102, 401.0, 292.0
103, 358.0, 293.0
104, 409.0, 295.0
105, 373.0, 305.0
106, 722.0, 319.0
107, 709.0, 320.0
108, 579.0, 327.0
109, 598.0, 328.0
110, 373.0, 329.0
111, 373.0, 335.0
112, 374.0, 342.0
113, 374.0, 347.0
114, 374.0, 352.0
115, 285.0, 355.0
116, 724.0, 357.0
117, 512.0, 359.0
118, 286.0, 360.0
119, 550.0, 360.0
120, 374.0, 363.0
121, 285.0, 365.0
122, 552.0, 365.0
123, 632.0, 367.0
124, 374.0, 368.0
125, 374.0, 373.0
126, 402.0, 378.0
127, 409.0, 380.0
128, 374.0, 382.0
129, 231.0, 384.0
130, 375.0, 388.0
131, 711.0, 390.0
132, 286.0, 393.0
133, 375.0, 395.0
134, 375.0, 400.0
135, 430.0, 407.0
136, 443.0, 407.0
137, 289.0, 414.0
138, 571.0, 414.0
139, 468.0, 418.0
140, 375.0, 420.0
141, 289.0, 421.0
142, 589.0, 425.0
143, 289.0, 426.0
144, 376.0, 426.0
145, 290.0, 431.0
146, 376.0, 431.0
147, 423.0, 431.0
148, 232.0, 432.0
149, 410.0, 440.0
150, 420.0, 444.0
151, 425.0, 444.0
152, 564.0, 446.0
153, 508.0, 447.0
154, 286.0, 448.0
155, 513.0, 448.0
156, 571.0, 450.0
157, 716.0, 450.0
158, 721.0, 450.0
159, 293.0, 451.0
160, 377.0, 451.0
161, 610.0, 452.0
162, 353.0, 454.0
163, 578.0, 454.0
164, 403.0, 457.0
165, 611.0, 457.0
166, 318.0, 463.0
167, 377.0, 467.0
168, 590.0, 467.0
169, 234.0, 468.0
170, 282.0, 470.0
171, 302.0, 471.0
172, 405.0, 471.0
173, 609.0, 471.0
