0, 294.0, 9.0
1, 248.0, 20.0
2, 168.0, 30.0
3, 312.0, 36.0
4, 526.0, 49.0
5, 543.0, 50.0
6, 373.0, 58.0
7, 55.0, 60.0
8, 646.0, 60.0
9, 25.0, 69.0
10, 15.0, 71.0
11, 156.0, 74.0
12, 170.0, 74.0
13, 555.0, 74.0
14, 29.0, 75.0
15, 8.0, 78.0
16, 24.0, 78.0
17, 413.0, 80.0
18, 32.0, 85.0
19, 284.0, 86.0
20, 272.0, 87.0
21, 641.0, 95.0
22, 11.0, 99.0
23, 33.0, 99.0
24, 22.0, 100.0
25, 443.0, 104.0
26, 40.0, 110.0
27, 65.0, 110.0
28, 464.0, 122.0
29, 480.0, 123.0
30, 35.0, 124.0
31, 68.0, 124.0
32, 496.0, 124.0
33, 68.0, 130.0
34, 20.0, 133.0
35, 35.0, 135.0
36, 40.0, 135.0
37, 66.0, 135.0
38, 8.0, 137.0
39, 271.0, 140.0
40, 281.0, 140.0
41, 438.0, 140.0
42, 293.0, 142.0
43, 313.0, 145.0
44, 386.0, 146.0
45, 374.0, 147.0
46, 51.0, 154.0
47, 544.0, 157.0
48, 412.0, 162.0
49, 492.0, 164.0
50, 739.0, 164.0
51, 435.0, 165.0
52, 543.0, 165.0
53, 164.0, 166.0
54, 170.0, 166.0
55, 473.0, 166.0
56, 500.0, 166.0
57, 176.0, 167.0
58, 411.0, 167.0
59, 440.0, 167.0
60, 73.0, 169.0
61, 247.0, 169.0
62, 507.0, 169.0
63, 353.0, 170.0
64, 543.0, 170.0
65, 427.0, 171.0
66, 432.0, 171.0
67, 56.0, 172.0
68, 254.0, 172.0
69, 512.0, 172.0
70, 176.0, 173.0
71, 343.0, 173.0
72, 631.0, 173.0
73, 165.0, 174.0
74, 221.0, 176.0
75, 493.0, 176.0
76, 33.0, 177.0
77, 736.0, 178.0
78, 165.0, 179.0
79, 202.0, 182.0
80, 235.0, 182.0
81, 396.0, 182.0
82, 165.0, 184.0
83, 217.0, 184.0
84, 253.0, 184.0
85, 282.0, 184.0
86, 328.0, 184.0
87, 302.0, 186.0
88, 316.0, 186.0
89, 414.0, 186.0
90, 603.0, 186.0
91, 177.0, 187.0
92, 732.0, 188.0
93, 35.0, 189.0
94, 58.0, 189.0
95, 542.0, 189.0
96, 171.0, 190.0
97, 166.0, 191.0
98, 319.0, 195.0
99, 332.0, 198.0
100, 140.0, 199.0
101, 415.0, 199.0
102, 428.0, 199.0
103, 450.0, 201.0
104, 598.0, 201.0
105, 477.0, 202.0
106, 491.0, 202.0
107, 483.0, 203.0
108, 693.0, 203.0
109, 724.0, 203.0
110, 380.0, 204.0
111, 121.0, 205.0
112, 335.0, 205.0
113, 426.0, 205.0
114, 550.0, 205.0
115, 112.0, 207.0
116, 478.0, 207.0
117, 101.0, 208.0
118, 414.0, 208.0
119, 483.0, 208.0
120, 629.0, 208.0
121, 428.0, 211.0
122, 453.0, 211.0
123, 741.0, 211.0
124, 610.0, 212.0
125, 84.0, 213.0
126, 127.0, 213.0
127, 484.0, 213.0
128, 117.0, 215.0
129, 546.0, 215.0
130, 597.0, 215.0
131, 72.0, 216.0
132, 492.0, 216.0
133, 497.0, 216.0
134, 570.0, 216.0
135, 705.0, 216.0
136, 713.0, 216.0
137, 232.0, 217.0
138, 502.0, 217.0
139, 513.0, 217.0
140, 518.0, 217.0
141, 537.0, 217.0
142, 584.0, 217.0
143, 52.0, 218.0
144, 363.0, 218.0
145, 437.0, 218.0
146, 523.0, 218.0
147, 557.0, 218.0
148, 740.0, 218.0
149, 47.0, 219.0
150, 64.0, 219.0
151, 414.0, 219.0
152, 452.0, 219.0
153, 463.0, 219.0
154, 721.0, 219.0
155, 131.0, 220.0
156, 428.0, 220.0
157, 77.0, 221.0
158, 257.0, 221.0
159, 480.0, 221.0
160, 611.0, 221.0
161, 624.0, 221.0
162, 695.0, 221.0
163, 84.0, 222.0
164, 101.0, 222.0
165, 120.0, 222.0
166, 229.0, 222.0
167, 269.0, 222.0
168, 635.0, 222.0
169, 660.0, 222.0
170, 37.0, 223.0
171, 686.0, 223.0
172, 65.0, 224.0
173, 442.0, 225.0
174, 217.0, 226.0
175, 643.0, 226.0
176, 715.0, 228.0
177, 37.0, 229.0
178, 247.0, 229.0
179, 621.0, 229.0
180, 234.0, 230.0
181, 207.0, 231.0
182, 222.0, 231.0
183, 260.0, 231.0
184, 694.0, 231.0
185, 666.0, 232.0
186, 674.0, 234.0
187, 198.0, 235.0
188, 273.0, 235.0
189, 366.0, 235.0
190, 404.0, 235.0
191, 640.0, 235.0
192, 736.0, 235.0
193, 216.0, 237.0
194, 429.0, 237.0
195, 449.0, 237.0
196, 682.0, 238.0
197, 691.0, 238.0
198, 479.0, 239.0
199, 606.0, 239.0
200, 631.0, 239.0
201, 262.0, 240.0
202, 366.0, 242.0
203, 664.0, 242.0
204, 280.0, 243.0
205, 26.0, 244.0
206, 461.0, 244.0
207, 471.0, 245.0
208, 250.0, 246.0
209, 269.0, 247.0
210, 709.0, 247.0
211, 214.0, 248.0
212, 428.0, 248.0
213, 201.0, 249.0
214, 369.0, 249.0
215, 422.0, 249.0
216, 264.0, 250.0
217, 393.0, 251.0
218, 717.0, 251.0
219, 626.0, 252.0
220, 731.0, 253.0
221, 252.0, 254.0
222, 604.0, 254.0
223, 637.0, 254.0
224, 662.0, 254.0
225, 679.0, 254.0
226, 190.0, 255.0
227, 195.0, 255.0
228, 271.0, 255.0
229, 417.0, 255.0
230, 595.0, 255.0
231, 530.0, 256.0
232, 201.0, 257.0
233, 430.0, 257.0
234, 472.0, 257.0
235, 589.0, 258.0
236, 633.0, 259.0
237, 281.0, 260.0
238, 698.0, 260.0
239, 478.0, 261.0
240, 676.0, 261.0
241, 419.0, 262.0
242, 227.0, 264.0
243, 590.0, 264.0
244, 265.0, 265.0
245, 280.0, 265.0
246, 430.0, 266.0
247, 714.0, 266.0
248, 419.0, 267.0
249, 481.0, 269.0
250, 278.0, 270.0
251, 255.0, 271.0
252, 499.0, 271.0
253, 373.0, 272.0
254, 468.0, 272.0
255, 229.0, 274.0
256, 240.0, 275.0
257, 701.0, 277.0
258, 199.0, 279.0
259, 408.0, 279.0
260, 505.0, 279.0
261, 419.0, 280.0
262, 426.0, 281.0
263, 365.0, 284.0
264, 470.0, 284.0
265, 479.0, 285.0
266, 721.0, 285.0
267, 722.0, 293.0
268, 737.0, 294.0
269, 475.0, 295.0
270, 480.0, 295.0
271, 301.0, 296.0
272, 313.0, 296.0
273, 345.0, 296.0
274, 353.0, 296.0
275, 358.0, 296.0
276, 413.0, 296.0
277, 267.0, 297.0
278, 291.0, 297.0
279, 378.0, 297.0
280, 85.0, 298.0
281, 501.0, 302.0
282, 419.0, 305.0
283, 439.0, 305.0
284, 269.0, 310.0
285, 528.0, 310.0
286, 449.0, 311.0
287, 340.0, 312.0
288, 356.0, 312.0
289, 421.0, 312.0
290, 314.0, 318.0
291, 363.0, 318.0
292, 384.0, 318.0
293, 463.0, 318.0
294, 468.0, 319.0
295, 333.0, 320.0
296, 372.0, 320.0
297, 558.0, 320.0
298, 455.0, 321.0
299, 482.0, 324.0
300, 577.0, 329.0
301, 373.0, 331.0
302, 497.0, 331.0
303, 363.0, 332.0
304, 368.0, 332.0
305, 591.0, 333.0
306, 401.0, 334.0
307, 112.0, 336.0
308, 388.0, 336.0
309, 349.0, 337.0
310, 605.0, 340.0
311, 27.0, 343.0
312, 359.0, 343.0
313, 527.0, 344.0
314, 344.0, 345.0
315, 476.0, 345.0
316, 391.0, 346.0
317, 416.0, 349.0
318, 499.0, 349.0
319, 539.0, 350.0
320, 391.0, 351.0
321, 100.0, 352.0
322, 487.0, 352.0
323, 514.0, 352.0
324, 392.0, 357.0
325, 359.0, 359.0
326, 412.0, 359.0
327, 557.0, 359.0
328, 424.0, 360.0
329, 393.0, 362.0
330, 448.0, 363.0
331, 533.0, 363.0
332, 562.0, 363.0
333, 509.0, 365.0
334, 395.0, 367.0
335, 432.0, 367.0
336, 410.0, 368.0
337, 418.0, 370.0
338, 512.0, 370.0
339, 739.0, 371.0
340, 556.0, 373.0
341, 570.0, 374.0
342, 445.0, 376.0
343, 498.0, 377.0
344, 531.0, 377.0
345, 545.0, 379.0
346, 523.0, 386.0
347, 538.0, 386.0
348, 64.0, 387.0
349, 525.0, 391.0
350, 52.0, 392.0
351, 417.0, 392.0
352, 546.0, 394.0
353, 740.0, 394.0
354, 509.0, 395.0
355, 448.0, 396.0
356, 485.0, 397.0
357, 626.0, 397.0
358, 590.0, 398.0
359, 609.0, 398.0
360, 530.0, 399.0
361, 299.0, 401.0
362, 327.0, 401.0
363, 372.0, 401.0
364, 390.0, 401.0
365, 650.0, 401.0
366, 332.0, 402.0
367, 468.0, 402.0
368, 578.0, 402.0
369, 253.0, 403.0
370, 272.0, 403.0
371, 205.0, 404.0
372, 136.0, 405.0
373, 230.0, 405.0
374, 404.0, 405.0
375, 142.0, 406.0
376, 337.0, 406.0
377, 130.0, 407.0
378, 67.0, 408.0
379, 72.0, 408.0
380, 436.0, 408.0
381, 17.0, 410.0
382, 42.0, 410.0
383, 60.0, 410.0
384, 537.0, 410.0
385, 456.0, 412.0
386, 590.0, 412.0
387, 437.0, 413.0
388, 675.0, 413.0
389, 481.0, 414.0
390, 516.0, 414.0
391, 625.0, 416.0
392, 308.0, 417.0
393, 319.0, 417.0
394, 406.0, 419.0
395, 193.0, 422.0
396, 322.0, 422.0
397, 422.0, 422.0
398, 474.0, 423.0
399, 594.0, 423.0
400, 407.0, 424.0
401, 130.0, 425.0
402, 166.0, 425.0
403, 281.0, 425.0
404, 345.0, 425.0
405, 301.0, 427.0
406, 442.0, 427.0
407, 708.0, 427.0
408, 56.0, 428.0
409, 94.0, 428.0
410, 519.0, 428.0
411, 529.0, 428.0
412, 345.0, 430.0
413, 713.0, 430.0
414, 488.0, 433.0
415, 571.0, 435.0
416, 678.0, 439.0
417, 219.0, 440.0
418, 695.0, 440.0
419, 619.0, 443.0
420, 533.0, 444.0
421, 375.0, 445.0
422, 550.0, 445.0
423, 427.0, 446.0
424, 653.0, 447.0
425, 632.0, 449.0
426, 613.0, 451.0
427, 193.0, 453.0
428, 544.0, 453.0
429, 218.0, 454.0
430, 555.0, 454.0
431, 237.0, 455.0
432, 414.0, 457.0
433, 571.0, 457.0
434, 584.0, 457.0
435, 192.0, 458.0
436, 400.0, 458.0
437, 560.0, 458.0
438, 297.0, 459.0
439, 536.0, 460.0
440, 180.0, 461.0
441, 321.0, 462.0
442, 479.0, 462.0
443, 67.0, 463.0
444, 441.0, 463.0
445, 29.0, 464.0
446, 174.0, 465.0
447, 497.0, 466.0
448, 547.0, 466.0
449, 196.0, 467.0
450, 201.0, 468.0
451, 626.0, 470.0
452, 417.0, 471.0
