0, 386.0, 8.0
1, 491.0, 8.0
2, 507.0, 8.0
3, 373.0, 11.0
4, 277.0, 15.0
5, 374.0, 16.0
6, 278.0, 20.0
7, 104.0, 24.0
8, 103.0, 29.0
9, 279.0, 29.0
10, 126.0, 30.0
11, 648.0, 31.0
12, 463.0, 32.0
13, 249.0, 33.0
14, 95.0, 35.0
15, 188.0, 36.0
16, 647.0, 36.0
17, 84.0, 37.0
18, 108.0, 43.0
19, 143.0, 43.0
20, 130.0, 44.0
21, 510.0, 44.0
22, 218.0, 45.0
23, 533.0, 45.0
24, 546.0, 45.0
25, 213.0, 46.0
26, 143.0, 48.0
27, 598.0, 48.0
28, 559.0, 49.0
29, 164.0, 50.0
30, 414.0, 50.0
31, 533.0, 50.0
32, 215.0, 51.0
33, 280.0, 51.0
34, 399.0, 51.0
35, 436.0, 51.0
36, 431.0, 52.0
37, 453.0, 52.0
38, 483.0, 52.0
39, 191.0, 55.0
40, 102.0, 56.0
41, 139.0, 56.0
42, 209.0, 56.0
43, 88.0, 59.0
44, 219.0, 59.0
45, 253.0, 61.0
46, 544.0, 61.0
47, 473.0, 63.0
48, 485.0, 63.0
49, 147.0, 65.0
50, 269.0, 65.0
51, 285.0, 65.0
52, 509.0, 67.0
53, 134.0, 69.0
54, 126.0, 70.0
55, 435.0, 70.0
56, 509.0, 72.0
57, 136.0, 74.0
58, 97.0, 75.0
59, 112.0, 76.0
60, 127.0, 76.0
61, 136.0, 79.0
62, 484.0, 79.0
63, 471.0, 80.0
64, 114.0, 81.0
65, 123.0, 81.0
66, 128.0, 81.0
67, 586.0, 83.0
68, 558.0, 84.0
69, 222.0, 88.0
70, 444.0, 88.0
71, 129.0, 89.0
72, 405.0, 91.0
73, 475.0, 91.0
74, 480.0, 91.0
75, 493.0, 91.0
76, 222.0, 93.0
77, 140.0, 94.0
78, 154.0, 95.0
79, 94.0, 97.0
80, 103.0, 97.0
81, 119.0, 97.0
82, 515.0, 100.0
83, 119.0, 102.0
84, 414.0, 104.0
85, 149.0, 105.0
86, 142.0, 106.0
87, 121.0, 107.0
88, 472.0, 108.0
89, 404.0, 110.0
90, 156.0, 111.0
91, 96.0, 115.0
92, 105.0, 115.0
93, 114.0, 115.0
94, 417.0, 115.0
95, 491.0, 115.0
96, 448.0, 116.0
97, 477.0, 116.0
98, 484.0, 116.0
99, 396.0, 117.0
100, 143.0, 119.0
101, 414.0, 120.0
102, 422.0, 121.0
103, 434.0, 121.0
104, 121.0, 124.0
105, 144.0, 124.0
106, 597.0, 127.0
107, 149.0, 128.0
108, 456.0, 128.0
109, 122.0, 129.0
110, 104.0, 132.0
111, 574.0, 140.0
112, 130.0, 141.0
113, 456.0, 141.0
114, 530.0, 141.0
115, 588.0, 141.0
116, 624.0, 141.0
117, 137.0, 142.0
118, 367.0, 142.0
119, 598.0, 143.0
120, 139.0, 148.0
121, 455.0, 148.0
122, 358.0, 149.0
123, 621.0, 150.0
124, 151.0, 151.0
125, 228.0, 151.0
126, 589.0, 151.0
127, 127.0, 153.0
128, 454.0, 153.0
129, 621.0, 155.0
130, 151.0, 156.0
131, 128.0, 158.0
132, 144.0, 158.0
133, 388.0, 159.0
134, 358.0, 162.0
135, 594.0, 163.0
136, 230.0, 168.0
137, 594.0, 168.0
138, 526.0, 170.0
139, 367.0, 172.0
140, 594.0, 173.0
141, 553.0, 177.0
142, 573.0, 177.0
143, 537.0, 178.0
144, 270.0, 180.0
145, 572.0, 189.0
146, 536.0, 190.0
147, 555.0, 191.0
148, 560.0, 191.0
149, 558.0, 205.0
150, 114.0, 206.0
151, 585.0, 210.0
152, 612.0, 210.0
153, 567.0, 212.0
154, 516.0, 214.0
155, 540.0, 214.0
156, 619.0, 214.0
157, 625.0, 214.0
158, 533.0, 215.0
159, 554.0, 215.0
160, 636.0, 217.0
161, 164.0, 218.0
162, 235.0, 218.0
163, 582.0, 218.0
164, 436.0, 219.0
165, 466.0, 219.0
166, 573.0, 220.0
167, 722.0, 220.0
168, 115.0, 221.0
169, 450.0, 221.0
170, 551.0, 221.0
171, 494.0, 223.0
172, 537.0, 223.0
173, 581.0, 224.0
174, 515.0, 225.0
175, 481.0, 226.0
176, 612.0, 226.0
177, 494.0, 228.0
178, 565.0, 228.0
179, 623.0, 228.0
180, 656.0, 228.0
181, 466.0, 229.0
182, 515.0, 230.0
183, 581.0, 230.0
184, 722.0, 231.0
185, 237.0, 232.0
186, 691.0, 232.0
187, 599.0, 233.0
188, 385.0, 234.0
189, 410.0, 234.0
190, 421.0, 234.0
191, 435.0, 234.0
192, 531.0, 235.0
193, 560.0, 235.0
194, 480.0, 236.0
195, 539.0, 236.0
196, 551.0, 236.0
197, 708.0, 236.0
198, 394.0, 237.0
199, 504.0, 237.0
200, 573.0, 237.0
201, 650.0, 238.0
202, 386.0, 239.0
203, 373.0, 240.0
204, 435.0, 240.0
205, 459.0, 240.0
206, 622.0, 240.0
207, 645.0, 240.0
208, 477.0, 241.0
209, 634.0, 241.0
210, 640.0, 241.0
211, 384.0, 244.0
212, 389.0, 244.0
213, 493.0, 244.0
214, 404.0, 245.0
215, 577.0, 245.0
216, 297.0, 246.0
217, 439.0, 246.0
218, 515.0, 246.0
219, 168.0, 247.0
220, 582.0, 247.0
221, 478.0, 248.0
222, 503.0, 248.0
223, 147.0, 249.0
224, 556.0, 249.0
225, 384.0, 251.0
226, 423.0, 251.0
227, 170.0, 252.0
228, 395.0, 252.0
229, 536.0, 252.0
230, 195.0, 253.0
231, 296.0, 253.0
232, 513.0, 253.0
233, 522.0, 253.0
234, 602.0, 253.0
235, 707.0, 253.0
236, 287.0, 256.0
237, 239.0, 257.0
238, 256.0, 257.0
239, 196.0, 258.0
240, 296.0, 258.0
241, 500.0, 258.0
242, 170.0, 259.0
243, 478.0, 259.0
244, 239.0, 262.0
245, 256.0, 262.0
246, 282.0, 262.0
247, 459.0, 262.0
248, 151.0, 263.0
249, 197.0, 263.0
250, 418.0, 263.0
251, 441.0, 263.0
252, 516.0, 263.0
253, 521.0, 263.0
254, 130.0, 264.0
255, 407.0, 265.0
256, 240.0, 267.0
257, 282.0, 267.0
258, 257.0, 268.0
259, 127.0, 272.0
260, 173.0, 272.0
261, 282.0, 272.0
262, 622.0, 272.0
263, 462.0, 276.0
264, 197.0, 279.0
265, 391.0, 279.0
266, 152.0, 280.0
267, 129.0, 281.0
268, 258.0, 283.0
269, 176.0, 284.0
270, 222.0, 290.0
271, 623.0, 294.0
272, 263.0, 301.0
273, 247.0, 305.0
274, 625.0, 305.0
275, 225.0, 308.0
276, 410.0, 309.0
277, 170.0, 315.0
278, 263.0, 316.0
279, 391.0, 316.0
280, 246.0, 319.0
281, 111.0, 321.0
282, 392.0, 321.0
283, 162.0, 323.0
284, 607.0, 324.0
285, 194.0, 325.0
286, 185.0, 327.0
287, 443.0, 327.0
288, 163.0, 328.0
289, 138.0, 329.0
290, 215.0, 330.0
291, 426.0, 330.0
292, 184.0, 332.0
293, 215.0, 336.0
294, 238.0, 336.0
295, 701.0, 336.0
296, 169.0, 338.0
297, 191.0, 342.0
298, 427.0, 345.0
299, 447.0, 347.0
300, 211.0, 348.0
301, 181.0, 349.0
302, 412.0, 351.0
303, 414.0, 356.0
304, 176.0, 357.0
305, 161.0, 359.0
306, 169.0, 367.0
307, 139.0, 368.0
308, 596.0, 368.0
309, 132.0, 373.0
310, 159.0, 376.0
311, 130.0, 378.0
312, 193.0, 381.0
313, 704.0, 383.0
314, 140.0, 385.0
315, 708.0, 388.0
316, 710.0, 393.0
317, 415.0, 394.0
318, 607.0, 405.0
319, 614.0, 409.0
320, 629.0, 416.0
321, 503.0, 424.0
322, 612.0, 425.0
323, 620.0, 428.0
324, 461.0, 431.0
325, 722.0, 431.0
326, 483.0, 432.0
327, 557.0, 433.0
328, 447.0, 437.0
329, 534.0, 437.0
330, 548.0, 437.0
331, 484.0, 438.0
332, 113.0, 439.0
333, 421.0, 439.0
334, 629.0, 439.0
335, 634.0, 439.0
336, 640.0, 440.0
337, 447.0, 442.0
338, 516.0, 442.0
339, 535.0, 442.0
340, 37.0, 443.0
341, 422.0, 444.0
342, 635.0, 447.0
343, 423.0, 449.0
344, 589.0, 449.0
345, 28.0, 452.0
346, 552.0, 452.0
347, 639.0, 452.0
348, 449.0, 454.0
349, 593.0, 454.0
350, 598.0, 455.0
351, 64.0, 456.0
352, 538.0, 456.0
353, 107.0, 457.0
354, 428.0, 457.0
355, 636.0, 458.0
356, 641.0, 458.0
357, 646.0, 458.0
358, 449.0, 459.0
359, 60.0, 461.0
360, 567.0, 461.0
361, 21.0, 462.0
362, 487.0, 462.0
363, 504.0, 462.0
364, 520.0, 462.0
365, 539.0, 462.0
366, 55.0, 465.0
367, 47.0, 471.0
368, 544.0, 471.0
369, 593.0, 471.0
