0, 458.0, 388.0
1, 306.0, 287.0
2, 401.0, 235.0
3, 185.0, 47.0
4, 567.0, 358.0
5, 408.0, 297.0
6, 582.0, 322.0
7, 307.0, 231.0
8, 308.0, 44.0
9, 217.0, 110.0
10, 423.0, 366.0
11, 594.0, 394.0
12, 512.0, 400.0
13, 406.0, 334.0
14, 388.0, 316.0
15, 31.0, 288.0
16, 536.0, 467.0
17, 78.0, 426.0
18, 388.0, 390.0
19, 623.0, 455.0
20, 557.0, 391.0
21, 474.0, 333.0
22, 417.0, 188.0
23, 376.0, 259.0
24, 588.0, 336.0
25, 313.0, 96.0
26, 389.0, 404.0
27, 579.0, 423.0
28, 294.0, 45.0
29, 449.0, 327.0
30, 488.0, 385.0
31, 480.0, 83.0
32, 362.0, 242.0
33, 469.0, 393.0
34, 336.0, 217.0
35, 659.0, 321.0
36, 546.0, 378.0
37, 446.0, 385.0
38, 314.0, 239.0
39, 464.0, 315.0
40, 661.0, 300.0
41, 582.0, 311.0
42, 540.0, 385.0
43, 336.0, 49.0
44, 472.0, 428.0
45, 557.0, 429.0
46, 315.0, 393.0
47, 414.0, 224.0
48, 406.0, 323.0
49, 565.0, 346.0
50, 568.0, 372.0
51, 522.0, 372.0
52, 538.0, 296.0
53, 458.0, 339.0
54, 554.0, 363.0
55, 365.0, 394.0
56, 330.0, 107.0
57, 523.0, 448.0
58, 325.0, 272.0
59, 570.0, 385.0
60, 576.0, 340.0
61, 370.0, 275.0
62, 417.0, 406.0
63, 345.0, 242.0
64, 441.0, 275.0
65, 365.0, 408.0
66, 205.0, 108.0
67, 467.0, 379.0
68, 591.0, 380.0
69, 390.0, 208.0
70, 444.0, 48.0
71, 559.0, 404.0
72, 395.0, 362.0
73, 538.0, 338.0
74, 417.0, 198.0
75, 65.0, 372.0
76, 523.0, 427.0
77, 535.0, 354.0
78, 401.0, 245.0
79, 406.0, 59.0
80, 426.0, 333.0
81, 346.0, 214.0
82, 532.0, 241.0
83, 449.0, 31.0
84, 551.0, 342.0
85, 497.0, 435.0
86, 449.0, 405.0
87, 335.0, 199.0
88, 445.0, 252.0
89, 420.0, 297.0
90, 282.0, 108.0
91, 418.0, 393.0
92, 78.0, 369.0
93, 409.0, 237.0
94, 439.0, 301.0
95, 188.0, 73.0
96, 525.0, 462.0
97, 444.0, 202.0
98, 534.0, 444.0
99, 241.0, 111.0
100, 333.0, 133.0
101, 371.0, 367.0
102, 499.0, 233.0
103, 442.0, 335.0
104, 81.0, 407.0
105, 628.0, 469.0
106, 432.0, 186.0
107, 511.0, 382.0
108, 534.0, 453.0
109, 408.0, 390.0
110, 481.0, 65.0
111, 576.0, 89.0
112, 535.0, 227.0
113, 732.0, 273.0
114, 532.0, 422.0
115, 493.0, 66.0
116, 295.0, 96.0
117, 327.0, 66.0
118, 310.0, 216.0
119, 381.0, 282.0
120, 372.0, 311.0
121, 473.0, 443.0
122, 443.0, 216.0
123, 522.0, 387.0
124, 206.0, 120.0
125, 413.0, 462.0
126, 511.0, 463.0
127, 429.0, 269.0
128, 397.0, 295.0
129, 15.0, 274.0
130, 638.0, 233.0
131, 33.0, 302.0
132, 674.0, 122.0
133, 474.0, 347.0
134, 322.0, 329.0
135, 19.0, 455.0
136, 489.0, 350.0
137, 596.0, 315.0
138, 569.0, 67.0
139, 490.0, 263.0
140, 417.0, 246.0
141, 392.0, 272.0
142, 335.0, 173.0
143, 392.0, 259.0
144, 253.0, 113.0
145, 473.0, 360.0
146, 395.0, 344.0
147, 367.0, 221.0
148, 559.0, 443.0
149, 533.0, 431.0
150, 502.0, 457.0
151, 359.0, 372.0
152, 579.0, 353.0
153, 307.0, 275.0
154, 546.0, 270.0
155, 314.0, 195.0
156, 397.0, 456.0
157, 515.0, 68.0
158, 454.0, 129.0
159, 343.0, 360.0
160, 478.0, 315.0
161, 719.0, 297.0
162, 319.0, 48.0
163, 418.0, 64.0
164, 451.0, 226.0
165, 544.0, 367.0
166, 66.0, 450.0
167, 647.0, 411.0
168, 328.0, 225.0
169, 31.0, 277.0
170, 558.0, 192.0
171, 657.0, 236.0
172, 699.0, 149.0
173, 385.0, 334.0
174, 393.0, 60.0
175, 349.0, 260.0
176, 485.0, 450.0
177, 456.0, 308.0
178, 49.0, 283.0
179, 484.0, 133.0
180, 457.0, 375.0
181, 427.0, 241.0
182, 530.0, 406.0
183, 356.0, 211.0
184, 319.0, 371.0
185, 339.0, 95.0
186, 182.0, 57.0
187, 40.0, 456.0
188, 585.0, 69.0
189, 446.0, 372.0
190, 547.0, 72.0
191, 664.0, 151.0
192, 618.0, 381.0
193, 217.0, 97.0
194, 530.0, 389.0
195, 581.0, 406.0
196, 62.0, 403.0
197, 379.0, 216.0
198, 533.0, 68.0
199, 405.0, 311.0
200, 433.0, 62.0
201, 308.0, 341.0
202, 510.0, 323.0
203, 346.0, 202.0
204, 611.0, 353.0
205, 465.0, 228.0
206, 565.0, 88.0
207, 321.0, 16.0
208, 314.0, 133.0
209, 617.0, 316.0
210, 339.0, 68.0
211, 18.0, 315.0
212, 664.0, 219.0
213, 429.0, 213.0
214, 524.0, 269.0
215, 100.0, 433.0
216, 386.0, 140.0
217, 294.0, 79.0
218, 312.0, 170.0
219, 479.0, 232.0
220, 420.0, 286.0
221, 674.0, 298.0
222, 169.0, 53.0
223, 631.0, 328.0
224, 217.0, 53.0
225, 325.0, 214.0
226, 396.0, 471.0
227, 296.0, 120.0
228, 665.0, 123.0
229, 589.0, 367.0
230, 89.0, 342.0
231, 373.0, 328.0
232, 462.0, 330.0
233, 243.0, 123.0
234, 255.0, 102.0
235, 416.0, 212.0
236, 455.0, 272.0
237, 716.0, 253.0
238, 93.0, 367.0
239, 576.0, 33.0
240, 394.0, 308.0
241, 512.0, 419.0
242, 69.0, 357.0
243, 648.0, 290.0
244, 25.0, 331.0
245, 488.0, 363.0
246, 642.0, 338.0
247, 599.0, 356.0
248, 326.0, 460.0
249, 35.0, 104.0
250, 229.0, 51.0
251, 299.0, 156.0
252, 638.0, 357.0
253, 466.0, 258.0
254, 589.0, 348.0
255, 375.0, 244.0
256, 73.0, 408.0
257, 14.0, 412.0
258, 696.0, 123.0
259, 450.0, 353.0
260, 298.0, 170.0
261, 639.0, 219.0
262, 380.0, 362.0
263, 528.0, 319.0
264, 405.0, 420.0
265, 680.0, 176.0
266, 87.0, 449.0
267, 637.0, 292.0
268, 310.0, 375.0
269, 106.0, 422.0
270, 48.0, 320.0
271, 512.0, 313.0
272, 34.0, 352.0
273, 460.0, 93.0
274, 390.0, 219.0
275, 360.0, 353.0
276, 296.0, 111.0
277, 205.0, 44.0
278, 295.0, 396.0
279, 396.0, 153.0
280, 424.0, 353.0
281, 645.0, 448.0
282, 551.0, 244.0
283, 359.0, 138.0
284, 448.0, 314.0
285, 522.0, 406.0
286, 424.0, 203.0
287, 435.0, 285.0
288, 661.0, 167.0
289, 478.0, 371.0
290, 296.0, 344.0
291, 367.0, 347.0
292, 332.0, 364.0
293, 479.0, 382.0
294, 446.0, 62.0
295, 649.0, 460.0
296, 665.0, 286.0
297, 203.0, 69.0
298, 536.0, 365.0
299, 529.0, 375.0
300, 612.0, 298.0
301, 296.0, 315.0
302, 295.0, 388.0
303, 601.0, 442.0
304, 647.0, 317.0
305, 296.0, 233.0
306, 329.0, 256.0
307, 329.0, 235.0
308, 504.0, 17.0
309, 307.0, 264.0
310, 380.0, 351.0
311, 627.0, 364.0
312, 242.0, 101.0
313, 621.0, 262.0
314, 504.0, 67.0
315, 269.0, 104.0
316, 313.0, 446.0
317, 505.0, 9.0
318, 404.0, 223.0
319, 428.0, 280.0
320, 662.0, 250.0
321, 197.0, 99.0
322, 617.0, 398.0
323, 544.0, 229.0
324, 321.0, 318.0
325, 665.0, 238.0
326, 343.0, 231.0
327, 97.0, 448.0
328, 486.0, 285.0
329, 611.0, 368.0
330, 663.0, 224.0
331, 84.0, 394.0
332, 16.0, 433.0
333, 712.0, 285.0
334, 196.0, 61.0
335, 443.0, 191.0
336, 555.0, 69.0
337, 70.0, 383.0
338, 579.0, 21.0
339, 575.0, 409.0
340, 313.0, 138.0
341, 426.0, 348.0
342, 79.0, 298.0
343, 425.0, 262.0
344, 416.0, 257.0
345, 655.0, 333.0
346, 343.0, 380.0
347, 613.0, 285.0
348, 559.0, 436.0
349, 396.0, 161.0
350, 324.0, 194.0
351, 295.0, 225.0
352, 471.0, 258.0
353, 455.0, 355.0
354, 47.0, 334.0
355, 551.0, 145.0
356, 416.0, 327.0
357, 80.0, 304.0
358, 416.0, 77.0
359, 525.0, 440.0
360, 29.0, 313.0
361, 364.0, 265.0
362, 537.0, 373.0
363, 295.0, 215.0
364, 632.0, 323.0
365, 70.0, 275.0
366, 517.0, 141.0
367, 581.0, 10.0
368, 712.0, 271.0
369, 634.0, 245.0
370, 612.0, 293.0
371, 231.0, 101.0
372, 79.0, 447.0
373, 219.0, 122.0
374, 436.0, 196.0
375, 436.0, 234.0
376, 439.0, 371.0
377, 611.0, 426.0
378, 297.0, 441.0
379, 52.0, 454.0
380, 429.0, 194.0
381, 655.0, 248.0
382, 195.0, 56.0
383, 503.0, 308.0
384, 523.0, 420.0
385, 43.0, 287.0
386, 295.0, 383.0
387, 646.0, 453.0
388, 587.0, 357.0
389, 406.0, 404.0
390, 280.0, 80.0
391, 367.0, 238.0
392, 93.0, 389.0
393, 522.0, 356.0
394, 308.0, 256.0
395, 53.0, 430.0
396, 377.0, 211.0
397, 111.0, 441.0
398, 282.0, 95.0
399, 541.0, 186.0
400, 333.0, 67.0
401, 544.0, 88.0
402, 242.0, 118.0
403, 243.0, 63.0
404, 606.0, 379.0
405, 257.0, 83.0
406, 490.0, 98.0
407, 465.0, 64.0
408, 401.0, 303.0
409, 326.0, 94.0
410, 375.0, 230.0
411, 688.0, 126.0
412, 607.0, 396.0
413, 679.0, 116.0
414, 462.0, 357.0
415, 588.0, 362.0
416, 634.0, 351.0
417, 295.0, 220.0
418, 731.0, 303.0
419, 698.0, 154.0
420, 445.0, 292.0
421, 401.0, 211.0
422, 384.0, 345.0
423, 294.0, 63.0
424, 300.0, 140.0
425, 37.0, 432.0
426, 528.0, 165.0
427, 687.0, 153.0
428, 205.0, 93.0
429, 640.0, 224.0
430, 26.0, 326.0
431, 519.0, 268.0
432, 293.0, 127.0
433, 79.0, 293.0
434, 490.0, 85.0
435, 76.0, 395.0
436, 71.0, 263.0
437, 520.0, 121.0
438, 198.0, 107.0
439, 553.0, 351.0
440, 296.0, 267.0
441, 334.0, 98.0
442, 543.0, 174.0
443, 310.0, 313.0
444, 27.0, 438.0
445, 20.0, 390.0
446, 406.0, 273.0
447, 296.0, 401.0
448, 395.0, 220.0
449, 312.0, 251.0
450, 41.0, 384.0
451, 300.0, 218.0
452, 662.0, 229.0
453, 619.0, 393.0
454, 16.0, 279.0
455, 469.0, 304.0
456, 611.0, 431.0
457, 631.0, 356.0
458, 436.0, 212.0
459, 425.0, 127.0
460, 416.0, 269.0
461, 44.0, 430.0
462, 499.0, 263.0
463, 336.0, 256.0
464, 487.0, 280.0
465, 336.0, 383.0
466, 309.0, 204.0
467, 76.0, 287.0
468, 195.0, 51.0
469, 402.0, 343.0
470, 80.0, 358.0
471, 225.0, 84.0
472, 736.0, 285.0
473, 405.0, 415.0
474, 296.0, 378.0
475, 281.0, 85.0
476, 329.0, 388.0
477, 246.0, 300.0
478, 603.0, 367.0
479, 405.0, 425.0
480, 541.0, 243.0
481, 72.0, 270.0
482, 600.0, 437.0
483, 669.0, 141.0
484, 92.0, 403.0
485, 325.0, 465.0
486, 658.0, 306.0
487, 375.0, 338.0
488, 283.0, 126.0
489, 329.0, 187.0
490, 326.0, 219.0
491, 435.0, 205.0
492, 603.0, 448.0
493, 329.0, 230.0
494, 381.0, 205.0
495, 10.0, 417.0
496, 295.0, 196.0
497, 13.0, 256.0
498, 525.0, 92.0
499, 533.0, 322.0
