0, 283.0, 9.0
1, 584.0, 13.0
2, 568.0, 14.0
3, 451.0, 19.0
4, 436.0, 20.0
5, 367.0, 26.0
6, 444.0, 26.0
7, 484.0, 29.0
8, 505.0, 29.0
9, 445.0, 35.0
10, 466.0, 35.0
11, 151.0, 36.0
12, 430.0, 36.0
13, 474.0, 37.0
14, 497.0, 43.0
15, 518.0, 43.0
16, 260.0, 45.0
17, 476.0, 45.0
18, 524.0, 47.0
19, 458.0, 50.0
20, 533.0, 55.0
21, 511.0, 57.0
22, 391.0, 58.0
23, 653.0, 58.0
24, 450.0, 61.0
25, 468.0, 61.0
26, 458.0, 63.0
27, 484.0, 66.0
28, 494.0, 67.0
29, 516.0, 67.0
30, 324.0, 68.0
31, 521.0, 68.0
32, 450.0, 69.0
33, 499.0, 69.0
34, 541.0, 70.0
35, 479.0, 71.0
36, 215.0, 75.0
37, 460.0, 77.0
38, 483.0, 77.0
39, 522.0, 77.0
40, 302.0, 79.0
41, 284.0, 80.0
42, 315.0, 80.0
43, 329.0, 80.0
44, 341.0, 80.0
45, 470.0, 80.0
46, 532.0, 80.0
47, 364.0, 83.0
48, 370.0, 83.0
49, 359.0, 85.0
50, 378.0, 85.0
51, 217.0, 87.0
52, 408.0, 87.0
53, 413.0, 87.0
54, 419.0, 87.0
55, 424.0, 87.0
56, 343.0, 89.0
57, 447.0, 89.0
58, 456.0, 90.0
59, 475.0, 91.0
60, 351.0, 93.0
61, 525.0, 95.0
62, 541.0, 106.0
63, 69.0, 112.0
64, 285.0, 113.0
65, 340.0, 113.0
66, 255.0, 116.0
67, 484.0, 116.0
68, 375.0, 120.0
69, 590.0, 120.0
70, 571.0, 121.0
71, 524.0, 123.0
72, 539.0, 126.0
73, 551.0, 127.0
74, 511.0, 129.0
75, 346.0, 130.0
76, 580.0, 130.0
77, 531.0, 131.0
78, 341.0, 132.0
79, 544.0, 133.0
80, 518.0, 137.0
81, 287.0, 138.0
82, 523.0, 138.0
83, 538.0, 138.0
84, 374.0, 140.0
85, 574.0, 143.0
86, 287.0, 144.0
87, 615.0, 144.0
88, 340.0, 150.0
89, 729.0, 155.0
90, 531.0, 156.0
91, 628.0, 156.0
92, 288.0, 158.0
93, 340.0, 160.0
94, 431.0, 161.0
95, 288.0, 163.0
96, 340.0, 165.0
97, 288.0, 169.0
98, 622.0, 169.0
99, 340.0, 173.0
100, 289.0, 175.0
101, 623.0, 176.0
102, 648.0, 176.0
103, 289.0, 180.0
104, 618.0, 180.0
105, 101.0, 181.0
106, 373.0, 182.0
107, 629.0, 182.0
108, 339.0, 185.0
109, 607.0, 186.0
110, 659.0, 186.0
111, 289.0, 187.0
112, 634.0, 187.0
113, 19.0, 190.0
114, 665.0, 191.0
115, 684.0, 193.0
116, 697.0, 194.0
117, 588.0, 195.0
118, 712.0, 196.0
119, 339.0, 197.0
120, 602.0, 197.0
121, 624.0, 197.0
122, 523.0, 198.0
123, 617.0, 198.0
124, 174.0, 199.0
125, 287.0, 199.0
126, 280.0, 201.0
127, 440.0, 204.0
128, 434.0, 205.0
129, 445.0, 205.0
130, 584.0, 205.0
131, 609.0, 205.0
132, 272.0, 206.0
133, 598.0, 206.0
134, 322.0, 208.0
135, 176.0, 209.0
136, 339.0, 210.0
137, 282.0, 211.0
138, 292.0, 211.0
139, 305.0, 215.0
140, 272.0, 218.0
141, 106.0, 221.0
142, 94.0, 222.0
143, 226.0, 222.0
144, 323.0, 222.0
145, 256.0, 224.0
146, 216.0, 226.0
147, 302.0, 226.0
148, 323.0, 227.0
149, 594.0, 227.0
150, 701.0, 227.0
151, 371.0, 228.0
152, 241.0, 229.0
153, 338.0, 229.0
154, 63.0, 230.0
155, 181.0, 230.0
156, 277.0, 231.0
157, 311.0, 231.0
158, 272.0, 232.0
159, 323.0, 232.0
160, 248.0, 233.0
161, 127.0, 235.0
162, 223.0, 235.0
163, 262.0, 236.0
164, 449.0, 236.0
165, 14.0, 237.0
166, 213.0, 237.0
167, 291.0, 237.0
168, 205.0, 238.0
169, 233.0, 238.0
170, 302.0, 238.0
171, 324.0, 239.0
172, 686.0, 240.0
173, 107.0, 242.0
174, 242.0, 244.0
175, 714.0, 244.0
176, 307.0, 245.0
177, 200.0, 246.0
178, 285.0, 246.0
179, 82.0, 247.0
180, 612.0, 248.0
181, 263.0, 249.0
182, 294.0, 249.0
183, 673.0, 249.0
184, 694.0, 249.0
185, 272.0, 250.0
186, 306.0, 250.0
187, 225.0, 251.0
188, 196.0, 253.0
189, 92.0, 254.0
190, 184.0, 254.0
191, 189.0, 254.0
192, 241.0, 254.0
193, 306.0, 255.0
194, 323.0, 255.0
195, 669.0, 255.0
196, 587.0, 256.0
197, 125.0, 257.0
198, 339.0, 257.0
199, 290.0, 258.0
200, 27.0, 259.0
201, 248.0, 260.0
202, 705.0, 260.0
203, 338.0, 262.0
204, 226.0, 263.0
205, 172.0, 264.0
206, 307.0, 264.0
207, 444.0, 264.0
208, 15.0, 265.0
209, 277.0, 265.0
210, 148.0, 266.0
211, 163.0, 266.0
212, 628.0, 266.0
213, 679.0, 266.0
214, 96.0, 267.0
215, 142.0, 267.0
216, 326.0, 267.0
217, 137.0, 268.0
218, 86.0, 269.0
219, 511.0, 269.0
220, 129.0, 272.0
221, 217.0, 272.0
222, 115.0, 273.0
223, 120.0, 273.0
224, 109.0, 274.0
225, 104.0, 275.0
226, 660.0, 275.0
227, 698.0, 275.0
228, 638.0, 277.0
229, 219.0, 278.0
230, 45.0, 281.0
231, 192.0, 282.0
232, 679.0, 282.0
233, 599.0, 283.0
234, 654.0, 283.0
235, 691.0, 283.0
236, 22.0, 286.0
237, 645.0, 286.0
238, 106.0, 287.0
239, 118.0, 287.0
240, 508.0, 287.0
241, 579.0, 288.0
242, 8.0, 291.0
243, 675.0, 291.0
244, 169.0, 293.0
245, 633.0, 293.0
246, 506.0, 294.0
247, 652.0, 294.0
248, 163.0, 296.0
249, 101.0, 298.0
250, 505.0, 299.0
251, 62.0, 301.0
252, 91.0, 301.0
253, 127.0, 302.0
254, 505.0, 304.0
255, 76.0, 306.0
256, 138.0, 306.0
257, 575.0, 306.0
258, 639.0, 306.0
259, 133.0, 308.0
260, 68.0, 309.0
261, 103.0, 309.0
262, 93.0, 310.0
263, 128.0, 310.0
264, 309.0, 310.0
265, 614.0, 310.0
266, 8.0, 313.0
267, 24.0, 313.0
268, 314.0, 313.0
269, 694.0, 313.0
270, 19.0, 314.0
271, 470.0, 314.0
272, 57.0, 315.0
273, 116.0, 315.0
274, 646.0, 316.0
275, 672.0, 316.0
276, 38.0, 317.0
277, 573.0, 317.0
278, 95.0, 318.0
279, 12.0, 319.0
280, 283.0, 319.0
281, 367.0, 319.0
282, 633.0, 321.0
283, 81.0, 322.0
284, 741.0, 322.0
285, 31.0, 323.0
286, 76.0, 323.0
287, 115.0, 324.0
288, 643.0, 324.0
289, 271.0, 325.0
290, 276.0, 325.0
291, 576.0, 325.0
292, 32.0, 328.0
293, 289.0, 328.0
294, 220.0, 329.0
295, 332.0, 330.0
296, 22.0, 331.0
297, 147.0, 333.0
298, 667.0, 333.0
299, 12.0, 334.0
300, 315.0, 335.0
301, 742.0, 335.0
302, 639.0, 336.0
303, 499.0, 337.0
304, 529.0, 337.0
305, 584.0, 337.0
306, 35.0, 340.0
307, 692.0, 340.0
308, 116.0, 341.0
309, 208.0, 341.0
310, 30.0, 342.0
311, 532.0, 342.0
312, 571.0, 343.0
313, 577.0, 344.0
314, 604.0, 344.0
315, 510.0, 345.0
316, 25.0, 346.0
317, 537.0, 346.0
318, 663.0, 346.0
319, 120.0, 347.0
320, 700.0, 347.0
321, 525.0, 351.0
322, 576.0, 351.0
323, 625.0, 351.0
324, 654.0, 351.0
325, 559.0, 352.0
326, 496.0, 353.0
327, 635.0, 353.0
328, 506.0, 355.0
329, 691.0, 355.0
330, 106.0, 357.0
331, 545.0, 357.0
332, 662.0, 357.0
333, 496.0, 358.0
334, 519.0, 359.0
335, 507.0, 360.0
336, 14.0, 361.0
337, 530.0, 361.0
338, 573.0, 362.0
339, 711.0, 362.0
340, 33.0, 364.0
341, 123.0, 364.0
342, 494.0, 364.0
343, 580.0, 365.0
344, 713.0, 367.0
345, 117.0, 368.0
346, 494.0, 369.0
347, 652.0, 369.0
348, 44.0, 370.0
349, 112.0, 370.0
350, 718.0, 370.0
351, 535.0, 372.0
352, 591.0, 372.0
353, 18.0, 374.0
354, 662.0, 374.0
355, 528.0, 376.0
356, 735.0, 378.0
357, 46.0, 379.0
358, 649.0, 379.0
359, 510.0, 380.0
360, 32.0, 385.0
361, 337.0, 388.0
362, 26.0, 390.0
363, 491.0, 392.0
364, 526.0, 392.0
365, 661.0, 394.0
366, 519.0, 395.0
367, 534.0, 397.0
368, 318.0, 398.0
369, 48.0, 399.0
370, 302.0, 399.0
371, 40.0, 403.0
372, 32.0, 404.0
373, 302.0, 406.0
374, 339.0, 409.0
375, 14.0, 413.0
376, 313.0, 416.0
377, 292.0, 421.0
378, 566.0, 422.0
379, 320.0, 424.0
380, 289.0, 434.0
381, 689.0, 444.0
382, 484.0, 447.0
383, 494.0, 447.0
384, 696.0, 451.0
385, 484.0, 452.0
386, 496.0, 452.0
387, 714.0, 456.0
388, 299.0, 457.0
389, 288.0, 461.0
390, 297.0, 462.0
391, 315.0, 464.0
392, 714.0, 467.0
393, 476.0, 468.0
394, 726.0, 471.0
