0, 639.0, 351.0
1, 642.0, 367.0
2, 501.0, 245.0
3, 646.0, 317.0
4, 553.0, 332.0
5, 651.0, 404.0
6, 680.0, 306.0
7, 467.0, 313.0
8, 314.0, 91.0
9, 462.0, 322.0
10, 384.0, 82.0
11, 492.0, 187.0
12, 708.0, 294.0
13, 480.0, 316.0
14, 446.0, 201.0
15, 536.0, 200.0
16, 526.0, 316.0
17, 416.0, 173.0
18, 355.0, 70.0
19, 325.0, 59.0
20, 648.0, 385.0
21, 668.0, 410.0
22, 166.0, 326.0
23, 461.0, 300.0
24, 721.0, 289.0
25, 504.0, 256.0
26, 413.0, 208.0
27, 110.0, 41.0
28, 518.0, 212.0
29, 150.0, 300.0
30, 496.0, 210.0
31, 449.0, 224.0
32, 696.0, 271.0
33, 153.0, 314.0
34, 537.0, 250.0
35, 538.0, 186.0
36, 109.0, 177.0
37, 521.0, 174.0
38, 475.0, 211.0
39, 663.0, 391.0
40, 555.0, 185.0
41, 200.0, 428.0
42, 694.0, 300.0
43, 540.0, 56.0
44, 635.0, 337.0
45, 240.0, 359.0
46, 657.0, 429.0
47, 162.0, 296.0
48, 431.0, 187.0
49, 674.0, 315.0
50, 484.0, 252.0
51, 647.0, 340.0
52, 438.0, 242.0
53, 666.0, 331.0
54, 304.0, 99.0
55, 567.0, 335.0
56, 513.0, 286.0
57, 655.0, 33.0
58, 549.0, 271.0
59, 490.0, 175.0
60, 734.0, 322.0
61, 478.0, 302.0
62, 628.0, 324.0
63, 504.0, 325.0
64, 476.0, 325.0
65, 457.0, 252.0
66, 521.0, 189.0
67, 96.0, 432.0
68, 598.0, 312.0
69, 498.0, 305.0
70, 505.0, 198.0
71, 651.0, 354.0
72, 690.0, 310.0
73, 260.0, 452.0
74, 176.0, 347.0
75, 630.0, 292.0
76, 705.0, 304.0
77, 405.0, 239.0
78, 412.0, 192.0
79, 188.0, 339.0
80, 231.0, 329.0
81, 400.0, 106.0
82, 627.0, 311.0
83, 376.0, 69.0
84, 423.0, 179.0
85, 451.0, 262.0
86, 557.0, 252.0
87, 291.0, 70.0
88, 513.0, 382.0
89, 600.0, 300.0
90, 182.0, 357.0
91, 629.0, 301.0
92, 492.0, 236.0
93, 480.0, 331.0
94, 661.0, 338.0
95, 654.0, 321.0
96, 128.0, 173.0
97, 408.0, 66.0
98, 470.0, 371.0
99, 229.0, 403.0
100, 497.0, 33.0
101, 515.0, 265.0
102, 554.0, 213.0
103, 636.0, 314.0
104, 237.0, 285.0
105, 628.0, 414.0
106, 656.0, 371.0
107, 442.0, 252.0
108, 480.0, 24.0
109, 145.0, 328.0
110, 552.0, 54.0
111, 230.0, 345.0
112, 150.0, 424.0
113, 599.0, 326.0
114, 637.0, 303.0
115, 648.0, 302.0
116, 471.0, 354.0
117, 398.0, 81.0
118, 229.0, 361.0
119, 684.0, 464.0
120, 433.0, 358.0
121, 539.0, 42.0
122, 615.0, 292.0
123, 129.0, 40.0
124, 173.0, 400.0
125, 643.0, 327.0
126, 228.0, 301.0
127, 642.0, 420.0
128, 578.0, 273.0
129, 121.0, 50.0
130, 605.0, 400.0
131, 514.0, 312.0
132, 120.0, 31.0
133, 127.0, 440.0
134, 493.0, 366.0
135, 326.0, 90.0
136, 558.0, 68.0
137, 678.0, 435.0
138, 629.0, 354.0
139, 447.0, 60.0
140, 399.0, 161.0
141, 714.0, 358.0
142, 586.0, 71.0
143, 562.0, 200.0
144, 207.0, 368.0
145, 589.0, 389.0
146, 527.0, 304.0
147, 143.0, 436.0
148, 461.0, 235.0
149, 662.0, 456.0
150, 214.0, 364.0
151, 245.0, 326.0
152, 621.0, 198.0
153, 167.0, 383.0
154, 647.0, 154.0
155, 517.0, 247.0
156, 531.0, 425.0
157, 449.0, 139.0
158, 172.0, 336.0
159, 642.0, 20.0
160, 133.0, 426.0
161, 538.0, 233.0
162, 526.0, 293.0
163, 474.0, 258.0
164, 562.0, 293.0
165, 333.0, 80.0
166, 698.0, 335.0
167, 193.0, 366.0
168, 162.0, 433.0
169, 403.0, 217.0
170, 401.0, 187.0
171, 587.0, 199.0
172, 580.0, 253.0
173, 492.0, 331.0
174, 559.0, 146.0
175, 426.0, 209.0
176, 306.0, 69.0
177, 365.0, 268.0
178, 587.0, 230.0
179, 421.0, 216.0
180, 229.0, 387.0
181, 375.0, 40.0
182, 720.0, 447.0
183, 514.0, 357.0
184, 439.0, 194.0
185, 652.0, 335.0
186, 739.0, 241.0
187, 557.0, 351.0
188, 515.0, 334.0
189, 545.0, 215.0
190, 449.0, 184.0
191, 160.0, 281.0
192, 113.0, 442.0
193, 688.0, 385.0
194, 679.0, 349.0
195, 340.0, 71.0
196, 207.0, 414.0
197, 235.0, 270.0
198, 496.0, 284.0
199, 513.0, 419.0
200, 567.0, 354.0
201, 184.0, 306.0
202, 689.0, 352.0
203, 720.0, 335.0
204, 464.0, 267.0
205, 732.0, 200.0
206, 256.0, 379.0
207, 639.0, 37.0
208, 580.0, 336.0
209, 647.0, 230.0
210, 518.0, 114.0
211, 444.0, 429.0
212, 384.0, 95.0
213, 667.0, 305.0
214, 525.0, 359.0
215, 398.0, 95.0
216, 361.0, 99.0
217, 736.0, 373.0
218, 690.0, 331.0
219, 706.0, 364.0
220, 549.0, 192.0
221, 417.0, 437.0
222, 237.0, 377.0
223, 506.0, 223.0
224, 471.0, 337.0
225, 252.0, 460.0
226, 275.0, 111.0
227, 591.0, 157.0
228, 250.0, 349.0
229, 204.0, 394.0
230, 174.0, 376.0
231, 102.0, 443.0
232, 664.0, 15.0
233, 589.0, 84.0
234, 640.0, 252.0
235, 554.0, 110.0
236, 241.0, 407.0
237, 184.0, 429.0
238, 180.0, 418.0
239, 717.0, 273.0
240, 491.0, 260.0
241, 516.0, 257.0
242, 209.0, 384.0
243, 240.0, 306.0
244, 485.0, 161.0
245, 475.0, 56.0
246, 126.0, 375.0
247, 92.0, 241.0
248, 203.0, 123.0
249, 712.0, 314.0
250, 632.0, 371.0
251, 189.0, 379.0
252, 86.0, 446.0
253, 15.0, 442.0
254, 177.0, 310.0
255, 482.0, 285.0
256, 489.0, 323.0
257, 506.0, 20.0
258, 105.0, 342.0
259, 616.0, 257.0
260, 579.0, 183.0
261, 731.0, 214.0
262, 135.0, 381.0
263, 508.0, 238.0
264, 399.0, 173.0
265, 740.0, 226.0
266, 497.0, 320.0
267, 223.0, 351.0
268, 553.0, 39.0
269, 129.0, 331.0
270, 253.0, 364.0
271, 457.0, 333.0
272, 425.0, 243.0
273, 562.0, 272.0
274, 303.0, 78.0
275, 478.0, 231.0
276, 545.0, 292.0
277, 364.0, 69.0
278, 263.0, 418.0
279, 261.0, 403.0
280, 309.0, 60.0
281, 454.0, 208.0
282, 229.0, 243.0
283, 718.0, 298.0
284, 624.0, 366.0
285, 609.0, 347.0
286, 728.0, 339.0
287, 564.0, 259.0
288, 467.0, 221.0
289, 649.0, 196.0
290, 622.0, 32.0
291, 480.0, 357.0
292, 409.0, 314.0
293, 431.0, 258.0
294, 418.0, 412.0
295, 199.0, 374.0
296, 118.0, 429.0
297, 388.0, 70.0
298, 98.0, 391.0
299, 472.0, 247.0
300, 142.0, 293.0
301, 399.0, 140.0
302, 646.0, 214.0
303, 536.0, 225.0
304, 175.0, 386.0
305, 458.0, 343.0
306, 613.0, 27.0
307, 412.0, 362.0
308, 218.0, 423.0
309, 614.0, 46.0
310, 493.0, 86.0
311, 463.0, 157.0
312, 405.0, 253.0
313, 168.0, 425.0
314, 235.0, 421.0
315, 479.0, 39.0
316, 160.0, 309.0
317, 132.0, 390.0
318, 578.0, 55.0
319, 197.0, 417.0
320, 620.0, 232.0
321, 225.0, 291.0
322, 133.0, 294.0
323, 492.0, 225.0
324, 218.0, 373.0
325, 241.0, 392.0
326, 616.0, 386.0
327, 634.0, 182.0
328, 511.0, 149.0
329, 535.0, 212.0
330, 422.0, 311.0
331, 274.0, 463.0
332, 219.0, 203.0
333, 508.0, 187.0
334, 273.0, 71.0
335, 137.0, 207.0
336, 409.0, 143.0
337, 570.0, 244.0
338, 741.0, 347.0
339, 520.0, 199.0
340, 499.0, 269.0
341, 588.0, 100.0
342, 684.0, 350.0
343, 406.0, 266.0
344, 109.0, 384.0
345, 259.0, 393.0
346, 567.0, 110.0
347, 233.0, 366.0
348, 641.0, 182.0
349, 734.0, 311.0
350, 743.0, 312.0
351, 338.0, 94.0
352, 69.0, 323.0
353, 356.0, 89.0
354, 741.0, 385.0
355, 192.0, 213.0
356, 140.0, 385.0
357, 120.0, 335.0
358, 160.0, 421.0
359, 413.0, 368.0
360, 516.0, 74.0
361, 36.0, 430.0
362, 225.0, 411.0
363, 427.0, 195.0
364, 216.0, 358.0
365, 501.0, 179.0
366, 637.0, 145.0
367, 474.0, 72.0
368, 180.0, 387.0
369, 320.0, 68.0
370, 460.0, 119.0
371, 551.0, 69.0
372, 148.0, 381.0
373, 263.0, 411.0
374, 329.0, 104.0
375, 624.0, 350.0
376, 251.0, 417.0
377, 194.0, 377.0
378, 210.0, 353.0
379, 57.0, 416.0
380, 519.0, 225.0
381, 23.0, 438.0
382, 447.0, 108.0
383, 735.0, 383.0
384, 491.0, 246.0
385, 591.0, 54.0
386, 628.0, 206.0
387, 467.0, 184.0
388, 255.0, 374.0
389, 625.0, 344.0
390, 594.0, 30.0
391, 435.0, 219.0
392, 448.0, 78.0
393, 585.0, 323.0
394, 545.0, 319.0
395, 50.0, 421.0
396, 490.0, 72.0
397, 89.0, 441.0
398, 563.0, 191.0
399, 581.0, 156.0
400, 208.0, 425.0
401, 526.0, 52.0
402, 578.0, 220.0
403, 489.0, 112.0
404, 31.0, 433.0
405, 214.0, 150.0
406, 254.0, 369.0
407, 473.0, 108.0
408, 70.0, 408.0
409, 109.0, 428.0
410, 513.0, 47.0
411, 116.0, 379.0
412, 553.0, 159.0
413, 660.0, 327.0
414, 717.0, 317.0
415, 722.0, 471.0
416, 153.0, 263.0
417, 224.0, 372.0
418, 407.0, 309.0
419, 435.0, 158.0
420, 139.0, 265.0
421, 243.0, 416.0
422, 64.0, 325.0
423, 406.0, 162.0
424, 563.0, 37.0
425, 125.0, 129.0
426, 77.0, 404.0
427, 647.0, 188.0
428, 616.0, 347.0
429, 730.0, 299.0
430, 609.0, 148.0
431, 45.0, 424.0
432, 8.0, 447.0
433, 118.0, 358.0
434, 123.0, 366.0
435, 231.0, 381.0
436, 634.0, 325.0
437, 128.0, 294.0
438, 413.0, 357.0
439, 441.0, 165.0
440, 506.0, 218.0
441, 613.0, 93.0
442, 514.0, 161.0
443, 498.0, 239.0
444, 74.0, 321.0
445, 480.0, 55.0
446, 65.0, 412.0
447, 568.0, 296.0
448, 221.0, 390.0
449, 174.0, 320.0
450, 472.0, 141.0
451, 217.0, 378.0
452, 534.0, 270.0
453, 541.0, 304.0
454, 541.0, 122.0
455, 460.0, 213.0
456, 294.0, 91.0
457, 59.0, 328.0
458, 82.0, 318.0
459, 88.0, 398.0
460, 515.0, 98.0
461, 405.0, 247.0
462, 442.0, 150.0
463, 426.0, 257.0
464, 93.0, 311.0
465, 124.0, 37.0
466, 659.0, 80.0
467, 527.0, 298.0
468, 88.0, 313.0
469, 631.0, 99.0
470, 34.0, 338.0
471, 83.0, 400.0
472, 343.0, 79.0
473, 564.0, 321.0
474, 511.0, 36.0
475, 506.0, 311.0
476, 214.0, 280.0
477, 219.0, 198.0
478, 740.0, 330.0
479, 477.0, 244.0
480, 540.0, 318.0
481, 243.0, 311.0
482, 212.0, 373.0
483, 27.0, 344.0
484, 250.0, 343.0
485, 219.0, 412.0
486, 93.0, 395.0
487, 489.0, 98.0
488, 729.0, 207.0
489, 100.0, 343.0
490, 440.0, 217.0
491, 488.0, 22.0
492, 728.0, 308.0
493, 649.0, 310.0
494, 487.0, 130.0
495, 533.0, 169.0
496, 541.0, 103.0
497, 468.0, 197.0
498, 506.0, 171.0
499, 522.0, 422.0
