0, 132.0, 8.0
1, 513.0, 8.0
2, 534.0, 10.0
3, 96.0, 12.0
4, 65.0, 13.0
5, 555.0, 15.0
6, 483.0, 16.0
7, 10.0, 19.0
8, 74.0, 19.0
9, 533.0, 24.0
10, 18.0, 25.0
11, 121.0, 25.0
12, 133.0, 26.0
13, 51.0, 27.0
14, 344.0, 27.0
15, 552.0, 27.0
16, 482.0, 28.0
17, 600.0, 29.0
18, 631.0, 29.0
19, 613.0, 31.0
20, 646.0, 31.0
21, 67.0, 33.0
22, 605.0, 33.0
23, 664.0, 33.0
24, 88.0, 34.0
25, 600.0, 35.0
26, 509.0, 36.0
27, 671.0, 36.0
28, 19.0, 37.0
29, 148.0, 37.0
30, 683.0, 38.0
31, 163.0, 39.0
32, 480.0, 39.0
33, 518.0, 39.0
34, 122.0, 40.0
35, 172.0, 40.0
36, 530.0, 40.0
37, 571.0, 40.0
38, 697.0, 41.0
39, 138.0, 42.0
40, 194.0, 42.0
41, 596.0, 42.0
42, 548.0, 43.0
43, 610.0, 43.0
44, 399.0, 46.0
45, 529.0, 47.0
46, 507.0, 48.0
47, 673.0, 48.0
48, 546.0, 49.0
49, 285.0, 52.0
50, 518.0, 52.0
51, 607.0, 52.0
52, 681.0, 52.0
53, 22.0, 53.0
54, 625.0, 53.0
55, 640.0, 55.0
56, 544.0, 56.0
57, 86.0, 57.0
58, 655.0, 58.0
59, 665.0, 59.0
60, 139.0, 61.0
61, 477.0, 61.0
62, 597.0, 62.0
63, 678.0, 62.0
64, 624.0, 64.0
65, 690.0, 64.0
66, 401.0, 67.0
67, 638.0, 67.0
68, 652.0, 67.0
69, 738.0, 68.0
70, 592.0, 70.0
71, 602.0, 70.0
72, 664.0, 70.0
73, 674.0, 72.0
74, 688.0, 73.0
75, 362.0, 76.0
76, 427.0, 76.0
77, 398.0, 80.0
78, 103.0, 83.0
79, 128.0, 85.0
80, 147.0, 86.0
81, 162.0, 87.0
82, 185.0, 88.0
83, 249.0, 92.0
84, 725.0, 92.0
85, 273.0, 93.0
86, 319.0, 96.0
87, 486.0, 108.0
88, 508.0, 108.0
89, 500.0, 110.0
90, 66.0, 116.0
91, 81.0, 117.0
92, 95.0, 117.0
93, 100.0, 118.0
94, 107.0, 118.0
95, 113.0, 118.0
96, 121.0, 118.0
97, 138.0, 118.0
98, 154.0, 120.0
99, 171.0, 120.0
100, 176.0, 120.0
101, 12.0, 129.0
102, 21.0, 129.0
103, 35.0, 129.0
104, 59.0, 129.0
105, 483.0, 129.0
106, 73.0, 130.0
107, 94.0, 130.0
108, 106.0, 131.0
109, 125.0, 131.0
110, 130.0, 131.0
111, 141.0, 131.0
112, 504.0, 132.0
113, 435.0, 135.0
114, 473.0, 135.0
115, 484.0, 135.0
116, 479.0, 136.0
117, 489.0, 136.0
118, 496.0, 136.0
119, 84.0, 138.0
120, 114.0, 138.0
121, 74.0, 139.0
122, 103.0, 139.0
123, 128.0, 143.0
124, 143.0, 143.0
125, 152.0, 143.0
126, 163.0, 143.0
127, 176.0, 143.0
128, 434.0, 143.0
129, 188.0, 144.0
130, 262.0, 144.0
131, 537.0, 144.0
132, 103.0, 145.0
133, 471.0, 145.0
134, 486.0, 145.0
135, 496.0, 145.0
136, 526.0, 145.0
137, 562.0, 145.0
138, 587.0, 145.0
139, 76.0, 146.0
140, 409.0, 146.0
141, 422.0, 146.0
142, 491.0, 146.0
143, 513.0, 146.0
144, 582.0, 146.0
145, 84.0, 148.0
146, 549.0, 148.0
147, 594.0, 148.0
148, 599.0, 149.0
149, 136.0, 150.0
150, 117.0, 151.0
151, 153.0, 151.0
152, 144.0, 152.0
153, 430.0, 152.0
154, 408.0, 155.0
155, 124.0, 158.0
156, 165.0, 158.0
157, 178.0, 158.0
158, 579.0, 158.0
159, 129.0, 159.0
160, 488.0, 159.0
161, 97.0, 160.0
162, 106.0, 161.0
163, 146.0, 161.0
164, 155.0, 161.0
165, 522.0, 161.0
166, 566.0, 161.0
167, 528.0, 162.0
168, 407.0, 163.0
169, 467.0, 164.0
170, 428.0, 165.0
171, 190.0, 169.0
172, 87.0, 170.0
173, 149.0, 171.0
174, 101.0, 172.0
175, 113.0, 172.0
176, 519.0, 173.0
177, 466.0, 174.0
178, 486.0, 174.0
179, 504.0, 174.0
180, 527.0, 175.0
181, 189.0, 176.0
182, 429.0, 176.0
183, 407.0, 177.0
184, 109.0, 180.0
185, 153.0, 180.0
186, 547.0, 181.0
187, 418.0, 182.0
188, 630.0, 182.0
189, 610.0, 183.0
190, 571.0, 184.0
191, 581.0, 184.0
192, 617.0, 184.0
193, 596.0, 185.0
194, 622.0, 185.0
195, 556.0, 186.0
196, 153.0, 187.0
197, 168.0, 187.0
198, 105.0, 188.0
199, 514.0, 190.0
200, 545.0, 191.0
201, 463.0, 192.0
202, 489.0, 192.0
203, 394.0, 193.0
204, 91.0, 194.0
205, 427.0, 195.0
206, 397.0, 200.0
207, 153.0, 204.0
208, 164.0, 204.0
209, 107.0, 206.0
210, 354.0, 206.0
211, 360.0, 206.0
212, 95.0, 207.0
213, 178.0, 207.0
214, 405.0, 211.0
215, 736.0, 211.0
216, 177.0, 212.0
217, 741.0, 212.0
218, 197.0, 215.0
219, 391.0, 215.0
220, 414.0, 217.0
221, 426.0, 217.0
222, 155.0, 218.0
223, 167.0, 218.0
224, 358.0, 218.0
225, 612.0, 220.0
226, 425.0, 226.0
227, 504.0, 228.0
228, 495.0, 230.0
229, 672.0, 236.0
230, 423.0, 240.0
231, 402.0, 242.0
232, 390.0, 244.0
233, 466.0, 253.0
234, 343.0, 264.0
235, 104.0, 265.0
236, 348.0, 268.0
237, 691.0, 274.0
238, 296.0, 275.0
239, 443.0, 277.0
240, 295.0, 280.0
241, 470.0, 283.0
242, 296.0, 285.0
243, 624.0, 286.0
244, 280.0, 287.0
245, 441.0, 289.0
246, 145.0, 291.0
247, 217.0, 296.0
248, 64.0, 300.0
249, 542.0, 302.0
250, 547.0, 304.0
251, 22.0, 306.0
252, 139.0, 306.0
253, 547.0, 309.0
254, 513.0, 311.0
255, 21.0, 312.0
256, 688.0, 316.0
257, 50.0, 318.0
258, 23.0, 321.0
259, 142.0, 355.0
260, 63.0, 363.0
261, 16.0, 367.0
262, 219.0, 367.0
263, 119.0, 368.0
264, 201.0, 371.0
265, 118.0, 373.0
266, 331.0, 381.0
267, 200.0, 382.0
268, 137.0, 383.0
269, 420.0, 387.0
270, 112.0, 390.0
271, 327.0, 397.0
272, 30.0, 399.0
273, 298.0, 413.0
274, 101.0, 423.0
275, 222.0, 432.0
276, 216.0, 434.0
277, 381.0, 442.0
278, 452.0, 444.0
279, 697.0, 444.0
280, 345.0, 446.0
281, 116.0, 459.0
282, 223.0, 459.0
283, 582.0, 462.0
284, 199.0, 466.0
285, 194.0, 467.0
286, 87.0, 469.0
287, 601.0, 469.0
