0, 67.0, 310.0
1, 432.0, 142.0
2, 689.0, 51.0
3, 570.0, 62.0
4, 72.0, 87.0
5, 591.0, 140.0
6, 496.0, 129.0
7, 322.0, 259.0
8, 323.0, 141.0
9, 278.0, 162.0
10, 146.0, 316.0
11, 701.0, 61.0
12, 66.0, 186.0
13, 161.0, 125.0
14, 372.0, 117.0
15, 336.0, 31.0
16, 622.0, 140.0
17, 461.0, 42.0
18, 159.0, 284.0
19, 139.0, 341.0
20, 108.0, 218.0
21, 398.0, 239.0
22, 110.0, 433.0
23, 87.0, 130.0
24, 360.0, 124.0
25, 428.0, 359.0
26, 580.0, 88.0
27, 424.0, 338.0
28, 127.0, 159.0
29, 153.0, 245.0
30, 160.0, 168.0
31, 151.0, 225.0
32, 587.0, 105.0
33, 315.0, 60.0
34, 61.0, 126.0
35, 508.0, 118.0
36, 503.0, 164.0
37, 152.0, 331.0
38, 75.0, 297.0
39, 524.0, 60.0
40, 505.0, 175.0
41, 322.0, 222.0
42, 387.0, 227.0
43, 322.0, 189.0
44, 628.0, 56.0
45, 497.0, 152.0
46, 39.0, 20.0
47, 337.0, 189.0
48, 77.0, 23.0
49, 601.0, 159.0
50, 450.0, 187.0
51, 72.0, 232.0
52, 361.0, 206.0
53, 559.0, 36.0
54, 295.0, 130.0
55, 459.0, 421.0
56, 654.0, 64.0
57, 598.0, 59.0
58, 324.0, 16.0
59, 305.0, 161.0
60, 122.0, 302.0
61, 228.0, 237.0
62, 222.0, 120.0
63, 410.0, 249.0
64, 511.0, 129.0
65, 127.0, 453.0
66, 371.0, 104.0
67, 477.0, 140.0
68, 163.0, 193.0
69, 36.0, 132.0
70, 151.0, 296.0
71, 585.0, 60.0
72, 112.0, 145.0
73, 396.0, 79.0
74, 368.0, 64.0
75, 279.0, 172.0
76, 300.0, 49.0
77, 728.0, 218.0
78, 300.0, 84.0
79, 51.0, 93.0
80, 333.0, 155.0
81, 246.0, 416.0
82, 126.0, 261.0
83, 254.0, 180.0
84, 303.0, 16.0
85, 625.0, 291.0
86, 144.0, 245.0
87, 305.0, 130.0
88, 184.0, 44.0
89, 499.0, 302.0
90, 128.0, 279.0
91, 100.0, 169.0
92, 404.0, 73.0
93, 73.0, 199.0
94, 291.0, 28.0
95, 638.0, 112.0
96, 395.0, 250.0
97, 111.0, 233.0
98, 436.0, 175.0
99, 154.0, 322.0
100, 283.0, 249.0
101, 341.0, 375.0
102, 503.0, 71.0
103, 118.0, 345.0
104, 76.0, 34.0
105, 90.0, 68.0
106, 369.0, 91.0
107, 332.0, 198.0
108, 325.0, 368.0
109, 249.0, 82.0
110, 249.0, 91.0
111, 531.0, 339.0
112, 465.0, 150.0
113, 54.0, 233.0
114, 453.0, 152.0
115, 97.0, 311.0
116, 370.0, 8.0
117, 553.0, 54.0
118, 273.0, 185.0
119, 41.0, 358.0
120, 167.0, 80.0
121, 304.0, 195.0
122, 261.0, 11.0
123, 26.0, 419.0
124, 124.0, 170.0
125, 17.0, 393.0
126, 227.0, 165.0
127, 163.0, 329.0
128, 53.0, 102.0
129, 24.0, 358.0
130, 347.0, 195.0
131, 118.0, 290.0
132, 470.0, 194.0
133, 77.0, 244.0
134, 251.0, 214.0
135, 78.0, 310.0
136, 626.0, 66.0
137, 322.0, 289.0
138, 527.0, 83.0
139, 472.0, 308.0
140, 252.0, 163.0
141, 178.0, 274.0
142, 265.0, 114.0
143, 397.0, 53.0
144, 110.0, 197.0
145, 441.0, 199.0
146, 407.0, 239.0
147, 84.0, 52.0
148, 76.0, 67.0
149, 236.0, 82.0
150, 357.0, 91.0
151, 48.0, 70.0
152, 657.0, 53.0
153, 153.0, 179.0
154, 670.0, 292.0
155, 493.0, 165.0
156, 121.0, 358.0
157, 479.0, 153.0
158, 339.0, 45.0
159, 351.0, 380.0
160, 371.0, 23.0
161, 611.0, 66.0
162, 238.0, 99.0
163, 171.0, 236.0
164, 550.0, 138.0
165, 21.0, 404.0
166, 155.0, 137.0
167, 108.0, 400.0
168, 252.0, 436.0
169, 217.0, 189.0
170, 666.0, 358.0
171, 245.0, 426.0
172, 208.0, 203.0
173, 234.0, 224.0
174, 89.0, 287.0
175, 323.0, 309.0
176, 105.0, 286.0
177, 109.0, 130.0
178, 333.0, 141.0
179, 59.0, 78.0
180, 252.0, 100.0
181, 348.0, 139.0
182, 151.0, 169.0
183, 183.0, 135.0
184, 569.0, 155.0
185, 381.0, 99.0
186, 89.0, 189.0
187, 66.0, 142.0
188, 242.0, 299.0
189, 431.0, 367.0
190, 410.0, 133.0
191, 87.0, 222.0
192, 586.0, 51.0
193, 92.0, 147.0
194, 168.0, 445.0
195, 305.0, 140.0
196, 630.0, 45.0
197, 614.0, 47.0
198, 538.0, 334.0
199, 226.0, 142.0
200, 67.0, 298.0
201, 678.0, 323.0
202, 692.0, 39.0
203, 188.0, 273.0
204, 77.0, 259.0
205, 114.0, 159.0
206, 548.0, 73.0
207, 615.0, 26.0
208, 82.0, 269.0
209, 102.0, 409.0
210, 346.0, 20.0
211, 612.0, 58.0
212, 140.0, 226.0
213, 335.0, 16.0
214, 291.0, 102.0
215, 314.0, 14.0
216, 242.0, 164.0
217, 449.0, 393.0
218, 11.0, 325.0
219, 278.0, 152.0
220, 474.0, 161.0
221, 355.0, 159.0
222, 191.0, 289.0
223, 28.0, 390.0
224, 534.0, 105.0
225, 197.0, 167.0
226, 83.0, 395.0
227, 116.0, 382.0
228, 105.0, 329.0
229, 180.0, 263.0
230, 335.0, 358.0
231, 114.0, 421.0
232, 460.0, 103.0
233, 229.0, 283.0
234, 347.0, 31.0
235, 262.0, 197.0
236, 58.0, 316.0
237, 487.0, 44.0
238, 221.0, 104.0
239, 419.0, 159.0
240, 242.0, 379.0
241, 519.0, 47.0
242, 265.0, 99.0
243, 568.0, 74.0
244, 38.0, 416.0
245, 15.0, 278.0
246, 358.0, 326.0
247, 331.0, 61.0
248, 434.0, 337.0
249, 323.0, 274.0
250, 550.0, 312.0
251, 192.0, 62.0
252, 451.0, 429.0
253, 149.0, 193.0
254, 387.0, 202.0
255, 352.0, 73.0
256, 444.0, 111.0
257, 161.0, 177.0
258, 116.0, 170.0
259, 596.0, 127.0
260, 86.0, 181.0
261, 39.0, 189.0
262, 379.0, 37.0
263, 335.0, 70.0
264, 522.0, 73.0
265, 41.0, 371.0
266, 288.0, 152.0
267, 77.0, 129.0
268, 348.0, 65.0
269, 245.0, 188.0
270, 99.0, 41.0
271, 25.0, 375.0
272, 156.0, 259.0
273, 90.0, 278.0
274, 162.0, 294.0
275, 206.0, 224.0
276, 289.0, 162.0
277, 228.0, 155.0
278, 66.0, 325.0
279, 427.0, 219.0
280, 150.0, 234.0
281, 697.0, 262.0
282, 322.0, 300.0
283, 411.0, 419.0
284, 210.0, 115.0
285, 243.0, 235.0
286, 246.0, 463.0
287, 163.0, 417.0
288, 108.0, 306.0
289, 253.0, 294.0
290, 417.0, 207.0
291, 181.0, 441.0
292, 514.0, 103.0
293, 145.0, 79.0
294, 181.0, 200.0
295, 118.0, 404.0
296, 467.0, 80.0
297, 618.0, 174.0
298, 188.0, 167.0
299, 69.0, 285.0
300, 222.0, 91.0
301, 585.0, 331.0
302, 536.0, 84.0
303, 531.0, 309.0
304, 275.0, 220.0
305, 223.0, 359.0
306, 77.0, 464.0
307, 28.0, 303.0
308, 91.0, 197.0
309, 437.0, 152.0
310, 136.0, 386.0
311, 348.0, 177.0
312, 291.0, 83.0
313, 359.0, 105.0
314, 652.0, 350.0
315, 609.0, 76.0
316, 494.0, 202.0
317, 45.0, 244.0
318, 16.0, 78.0
319, 384.0, 63.0
320, 404.0, 377.0
321, 11.0, 236.0
322, 518.0, 173.0
323, 297.0, 152.0
324, 610.0, 140.0
325, 62.0, 336.0
326, 52.0, 328.0
327, 455.0, 215.0
328, 198.0, 176.0
329, 132.0, 206.0
330, 326.0, 456.0
331, 528.0, 329.0
332, 451.0, 27.0
333, 110.0, 257.0
334, 213.0, 286.0
335, 413.0, 30.0
336, 133.0, 294.0
337, 612.0, 209.0
338, 90.0, 38.0
339, 128.0, 331.0
340, 253.0, 173.0
341, 687.0, 61.0
342, 149.0, 97.0
343, 190.0, 249.0
344, 557.0, 173.0
345, 29.0, 228.0
346, 480.0, 361.0
347, 681.0, 200.0
348, 52.0, 386.0
349, 174.0, 104.0
350, 630.0, 272.0
351, 42.0, 28.0
352, 310.0, 285.0
353, 362.0, 177.0
354, 158.0, 98.0
355, 538.0, 48.0
356, 679.0, 366.0
357, 163.0, 321.0
358, 197.0, 44.0
359, 140.0, 257.0
360, 169.0, 90.0
361, 322.0, 124.0
362, 209.0, 314.0
363, 457.0, 353.0
364, 525.0, 188.0
365, 58.0, 366.0
366, 13.0, 376.0
367, 633.0, 23.0
368, 448.0, 359.0
369, 600.0, 49.0
370, 170.0, 337.0
371, 558.0, 340.0
372, 31.0, 334.0
373, 438.0, 42.0
374, 575.0, 289.0
375, 497.0, 224.0
376, 504.0, 45.0
377, 164.0, 249.0
378, 268.0, 163.0
379, 463.0, 140.0
380, 185.0, 225.0
381, 426.0, 77.0
382, 126.0, 313.0
383, 595.0, 75.0
384, 222.0, 82.0
385, 393.0, 101.0
386, 43.0, 230.0
387, 299.0, 288.0
388, 155.0, 17.0
389, 75.0, 214.0
390, 504.0, 354.0
391, 436.0, 104.0
392, 228.0, 319.0
393, 276.0, 57.0
394, 226.0, 432.0
395, 194.0, 91.0
396, 188.0, 471.0
397, 227.0, 465.0
398, 656.0, 134.0
399, 678.0, 265.0
400, 238.0, 180.0
401, 485.0, 70.0
402, 292.0, 212.0
403, 486.0, 309.0
404, 204.0, 455.0
405, 645.0, 298.0
406, 268.0, 450.0
407, 30.0, 276.0
408, 89.0, 307.0
409, 186.0, 299.0
410, 40.0, 263.0
411, 168.0, 205.0
412, 61.0, 418.0
413, 632.0, 338.0
414, 47.0, 131.0
415, 233.0, 198.0
416, 290.0, 222.0
417, 22.0, 172.0
418, 305.0, 169.0
419, 128.0, 340.0
420, 624.0, 76.0
421, 144.0, 273.0
422, 448.0, 336.0
423, 349.0, 333.0
424, 715.0, 258.0
425, 52.0, 265.0
426, 589.0, 156.0
427, 274.0, 201.0
428, 601.0, 29.0
429, 218.0, 22.0
430, 317.0, 78.0
431, 195.0, 81.0
432, 702.0, 50.0
433, 400.0, 199.0
434, 372.0, 236.0
435, 276.0, 139.0
436, 15.0, 470.0
437, 324.0, 355.0
438, 659.0, 44.0
439, 35.0, 318.0
440, 536.0, 139.0
441, 82.0, 87.0
442, 553.0, 289.0
443, 440.0, 209.0
444, 390.0, 22.0
445, 44.0, 344.0
446, 406.0, 208.0
447, 36.0, 467.0
448, 21.0, 433.0
449, 441.0, 67.0
450, 454.0, 169.0
451, 722.0, 36.0
452, 80.0, 120.0
453, 544.0, 11.0
454, 591.0, 212.0
455, 205.0, 447.0
456, 70.0, 332.0
457, 363.0, 346.0
458, 663.0, 105.0
459, 412.0, 67.0
460, 48.0, 301.0
461, 126.0, 216.0
462, 635.0, 315.0
463, 52.0, 434.0
464, 34.0, 401.0
465, 520.0, 91.0
466, 705.0, 385.0
467, 102.0, 466.0
468, 307.0, 241.0
469, 167.0, 276.0
470, 128.0, 391.0
471, 143.0, 113.0
472, 346.0, 207.0
473, 743.0, 302.0
474, 141.0, 355.0
475, 229.0, 452.0
476, 609.0, 326.0
477, 305.0, 253.0
478, 382.0, 175.0
479, 208.0, 265.0
480, 731.0, 254.0
481, 325.0, 178.0
482, 56.0, 402.0
483, 621.0, 326.0
484, 263.0, 83.0
485, 175.0, 369.0
486, 667.0, 305.0
487, 144.0, 451.0
488, 403.0, 36.0
489, 150.0, 206.0
490, 723.0, 74.0
491, 263.0, 221.0
492, 356.0, 64.0
493, 300.0, 236.0
494, 389.0, 88.0
495, 194.0, 332.0
496, 246.0, 288.0
497, 311.0, 29.0
498, 617.0, 89.0
499, 168.0, 136.0
