0, 363.0, 404.0
1, 541.0, 471.0
2, 521.0, 404.0
3, 91.0, 409.0
4, 529.0, 200.0
5, 523.0, 428.0
6, 319.0, 344.0
7, 520.0, 296.0
8, 387.0, 305.0
9, 640.0, 387.0
10, 426.0, 35.0
11, 683.0, 274.0
12, 497.0, 426.0
13, 84.0, 452.0
14, 323.0, 332.0
15, 458.0, 316.0
16, 502.0, 31.0
17, 522.0, 417.0
18, 452.0, 33.0
19, 417.0, 232.0
20, 458.0, 301.0
21, 489.0, 222.0
22, 315.0, 323.0
23, 523.0, 438.0
24, 396.0, 183.0
25, 615.0, 248.0
26, 607.0, 291.0
27, 521.0, 311.0
28, 193.0, 105.0
29, 389.0, 329.0
30, 527.0, 457.0
31, 658.0, 432.0
32, 588.0, 23.0
33, 459.0, 382.0
34, 528.0, 471.0
35, 355.0, 350.0
36, 601.0, 330.0
37, 599.0, 208.0
38, 646.0, 375.0
39, 538.0, 437.0
40, 475.0, 393.0
41, 255.0, 407.0
42, 442.0, 394.0
43, 352.0, 389.0
44, 664.0, 337.0
45, 487.0, 211.0
46, 401.0, 303.0
47, 361.0, 307.0
48, 133.0, 375.0
49, 666.0, 361.0
50, 695.0, 325.0
51, 542.0, 171.0
52, 158.0, 139.0
53, 214.0, 104.0
54, 338.0, 343.0
55, 360.0, 29.0
56, 401.0, 341.0
57, 691.0, 335.0
58, 178.0, 135.0
59, 637.0, 274.0
60, 196.0, 70.0
61, 237.0, 65.0
62, 555.0, 294.0
63, 501.0, 461.0
64, 242.0, 277.0
65, 554.0, 310.0
66, 310.0, 380.0
67, 139.0, 124.0
68, 192.0, 381.0
69, 354.0, 455.0
70, 148.0, 47.0
71, 553.0, 321.0
72, 118.0, 397.0
73, 475.0, 380.0
74, 678.0, 302.0
75, 15.0, 137.0
76, 380.0, 420.0
77, 737.0, 414.0
78, 411.0, 467.0
79, 401.0, 318.0
80, 365.0, 251.0
81, 728.0, 263.0
82, 342.0, 322.0
83, 373.0, 291.0
84, 361.0, 39.0
85, 445.0, 326.0
86, 280.0, 342.0
87, 520.0, 391.0
88, 287.0, 360.0
89, 444.0, 301.0
90, 256.0, 361.0
91, 62.0, 455.0
92, 323.0, 206.0
93, 323.0, 367.0
94, 486.0, 448.0
95, 457.0, 394.0
96, 504.0, 409.0
97, 629.0, 153.0
98, 458.0, 285.0
99, 235.0, 54.0
100, 340.0, 213.0
101, 702.0, 149.0
102, 728.0, 437.0
103, 555.0, 15.0
104, 43.0, 298.0
105, 175.0, 120.0
106, 590.0, 414.0
107, 518.0, 379.0
108, 400.0, 288.0
109, 208.0, 466.0
110, 517.0, 356.0
111, 417.0, 254.0
112, 702.0, 378.0
113, 670.0, 193.0
114, 621.0, 460.0
115, 383.0, 447.0
116, 260.0, 62.0
117, 292.0, 299.0
118, 47.0, 440.0
119, 540.0, 187.0
120, 443.0, 285.0
121, 655.0, 327.0
122, 523.0, 322.0
123, 210.0, 62.0
124, 320.0, 437.0
125, 622.0, 341.0
126, 534.0, 429.0
127, 290.0, 97.0
128, 288.0, 402.0
129, 505.0, 21.0
130, 445.0, 315.0
131, 192.0, 181.0
132, 717.0, 427.0
133, 108.0, 434.0
134, 100.0, 111.0
135, 723.0, 248.0
136, 626.0, 221.0
137, 517.0, 367.0
138, 155.0, 122.0
139, 285.0, 381.0
140, 335.0, 390.0
141, 294.0, 338.0
142, 491.0, 469.0
143, 130.0, 385.0
144, 372.0, 38.0
145, 246.0, 300.0
146, 622.0, 328.0
147, 392.0, 452.0
148, 483.0, 344.0
149, 691.0, 153.0
150, 39.0, 452.0
151, 387.0, 320.0
152, 337.0, 379.0
153, 567.0, 193.0
154, 410.0, 445.0
155, 385.0, 249.0
156, 159.0, 437.0
157, 504.0, 334.0
158, 277.0, 360.0
159, 333.0, 31.0
160, 344.0, 40.0
161, 302.0, 398.0
162, 236.0, 177.0
163, 630.0, 412.0
164, 304.0, 460.0
165, 387.0, 289.0
166, 258.0, 191.0
167, 583.0, 192.0
168, 503.0, 391.0
169, 592.0, 376.0
170, 251.0, 464.0
171, 272.0, 185.0
172, 608.0, 277.0
173, 26.0, 463.0
174, 535.0, 295.0
175, 308.0, 117.0
176, 662.0, 405.0
177, 26.0, 382.0
178, 431.0, 199.0
179, 619.0, 376.0
180, 598.0, 270.0
181, 514.0, 466.0
182, 198.0, 83.0
183, 267.0, 298.0
184, 320.0, 117.0
185, 539.0, 453.0
186, 467.0, 174.0
187, 30.0, 291.0
188, 581.0, 412.0
189, 674.0, 315.0
190, 677.0, 440.0
191, 357.0, 381.0
192, 385.0, 53.0
193, 222.0, 66.0
194, 202.0, 121.0
195, 163.0, 168.0
196, 576.0, 149.0
197, 537.0, 26.0
198, 383.0, 237.0
199, 604.0, 413.0
200, 455.0, 337.0
201, 159.0, 61.0
202, 415.0, 21.0
203, 301.0, 438.0
204, 395.0, 164.0
205, 147.0, 395.0
206, 582.0, 428.0
207, 560.0, 244.0
208, 507.0, 313.0
209, 446.0, 209.0
210, 599.0, 353.0
211, 265.0, 222.0
212, 601.0, 249.0
213, 401.0, 328.0
214, 515.0, 191.0
215, 116.0, 113.0
216, 178.0, 386.0
217, 405.0, 403.0
218, 674.0, 150.0
219, 654.0, 215.0
220, 693.0, 198.0
221, 366.0, 342.0
222, 16.0, 290.0
223, 220.0, 196.0
224, 737.0, 428.0
225, 487.0, 91.0
226, 661.0, 152.0
227, 361.0, 228.0
228, 185.0, 120.0
229, 499.0, 441.0
230, 602.0, 319.0
231, 209.0, 82.0
232, 400.0, 52.0
233, 653.0, 153.0
234, 333.0, 113.0
235, 241.0, 469.0
236, 654.0, 274.0
237, 300.0, 327.0
238, 252.0, 442.0
239, 363.0, 425.0
240, 503.0, 379.0
241, 436.0, 235.0
242, 462.0, 94.0
243, 555.0, 33.0
244, 459.0, 224.0
245, 703.0, 220.0
246, 385.0, 173.0
247, 487.0, 42.0
248, 228.0, 262.0
249, 397.0, 212.0
250, 106.0, 465.0
251, 378.0, 393.0
252, 687.0, 360.0
253, 508.0, 298.0
254, 695.0, 137.0
255, 188.0, 394.0
256, 604.0, 307.0
257, 311.0, 97.0
258, 212.0, 124.0
259, 624.0, 181.0
260, 577.0, 169.0
261, 156.0, 459.0
262, 174.0, 466.0
263, 683.0, 379.0
264, 431.0, 439.0
265, 680.0, 468.0
266, 712.0, 181.0
267, 313.0, 335.0
268, 159.0, 182.0
269, 742.0, 209.0
270, 182.0, 167.0
271, 233.0, 130.0
272, 256.0, 172.0
273, 285.0, 207.0
274, 445.0, 337.0
275, 510.0, 431.0
276, 241.0, 346.0
277, 241.0, 368.0
278, 52.0, 194.0
279, 557.0, 275.0
280, 315.0, 293.0
281, 221.0, 80.0
282, 427.0, 418.0
283, 355.0, 415.0
284, 135.0, 91.0
285, 355.0, 471.0
286, 230.0, 462.0
287, 126.0, 428.0
288, 75.0, 307.0
289, 722.0, 398.0
290, 652.0, 42.0
291, 422.0, 356.0
292, 704.0, 459.0
293, 16.0, 180.0
294, 191.0, 457.0
295, 384.0, 36.0
296, 74.0, 463.0
297, 324.0, 168.0
298, 563.0, 225.0
299, 251.0, 101.0
300, 652.0, 349.0
301, 68.0, 113.0
302, 496.0, 11.0
303, 273.0, 42.0
304, 428.0, 178.0
305, 51.0, 253.0
306, 679.0, 159.0
307, 214.0, 179.0
308, 638.0, 167.0
309, 288.0, 157.0
310, 721.0, 143.0
311, 740.0, 134.0
312, 140.0, 39.0
313, 171.0, 168.0
314, 680.0, 286.0
315, 728.0, 284.0
316, 551.0, 150.0
317, 137.0, 421.0
318, 128.0, 9.0
319, 424.0, 161.0
320, 366.0, 364.0
321, 688.0, 236.0
322, 144.0, 437.0
323, 330.0, 41.0
324, 536.0, 279.0
325, 620.0, 291.0
326, 667.0, 250.0
327, 149.0, 18.0
328, 574.0, 221.0
329, 650.0, 390.0
330, 698.0, 439.0
331, 152.0, 448.0
332, 300.0, 178.0
333, 534.0, 311.0
334, 77.0, 388.0
335, 350.0, 221.0
336, 145.0, 381.0
337, 555.0, 365.0
338, 474.0, 148.0
339, 620.0, 160.0
340, 644.0, 408.0
341, 519.0, 449.0
342, 573.0, 233.0
343, 398.0, 254.0
344, 214.0, 400.0
345, 378.0, 359.0
346, 474.0, 125.0
347, 139.0, 469.0
348, 639.0, 421.0
349, 24.0, 105.0
350, 660.0, 420.0
351, 46.0, 234.0
352, 97.0, 355.0
353, 398.0, 199.0
354, 250.0, 53.0
355, 518.0, 171.0
356, 442.0, 418.0
357, 424.0, 380.0
358, 20.0, 196.0
359, 645.0, 328.0
360, 723.0, 455.0
361, 137.0, 396.0
362, 134.0, 355.0
363, 297.0, 215.0
364, 96.0, 139.0
365, 457.0, 411.0
366, 512.0, 221.0
367, 565.0, 26.0
368, 568.0, 252.0
369, 499.0, 448.0
370, 443.0, 250.0
371, 146.0, 165.0
372, 12.0, 223.0
373, 125.0, 353.0
374, 506.0, 322.0
375, 59.0, 85.0
376, 398.0, 34.0
377, 628.0, 305.0
378, 173.0, 88.0
379, 334.0, 284.0
380, 299.0, 358.0
381, 718.0, 136.0
382, 264.0, 350.0
383, 290.0, 231.0
384, 518.0, 280.0
385, 516.0, 260.0
386, 225.0, 311.0
387, 371.0, 454.0
388, 333.0, 440.0
389, 578.0, 274.0
390, 622.0, 437.0
391, 523.0, 56.0
392, 739.0, 149.0
393, 123.0, 69.0
394, 714.0, 207.0
395, 76.0, 140.0
396, 339.0, 331.0
397, 636.0, 261.0
398, 732.0, 374.0
399, 522.0, 153.0
400, 152.0, 29.0
401, 399.0, 231.0
402, 50.0, 168.0
403, 532.0, 321.0
404, 315.0, 223.0
405, 684.0, 433.0
406, 608.0, 167.0
407, 690.0, 264.0
408, 175.0, 371.0
409, 222.0, 214.0
410, 153.0, 196.0
411, 420.0, 55.0
412, 479.0, 173.0
413, 217.0, 28.0
414, 641.0, 45.0
415, 192.0, 365.0
416, 263.0, 116.0
417, 457.0, 325.0
418, 486.0, 21.0
419, 692.0, 166.0
420, 475.0, 415.0
421, 312.0, 36.0
422, 274.0, 164.0
423, 726.0, 419.0
424, 318.0, 142.0
425, 150.0, 187.0
426, 606.0, 443.0
427, 743.0, 103.0
428, 590.0, 221.0
429, 192.0, 129.0
430, 224.0, 300.0
431, 588.0, 404.0
432, 341.0, 407.0
433, 329.0, 407.0
434, 297.0, 315.0
435, 135.0, 27.0
436, 10.0, 76.0
437, 97.0, 312.0
438, 82.0, 469.0
439, 152.0, 87.0
440, 530.0, 333.0
441, 514.0, 335.0
442, 694.0, 410.0
443, 281.0, 218.0
444, 44.0, 82.0
445, 374.0, 174.0
446, 582.0, 14.0
447, 636.0, 142.0
448, 298.0, 151.0
449, 426.0, 8.0
450, 725.0, 156.0
451, 24.0, 212.0
452, 618.0, 392.0
453, 532.0, 41.0
454, 45.0, 134.0
455, 259.0, 428.0
456, 544.0, 378.0
457, 476.0, 14.0
458, 729.0, 224.0
459, 26.0, 153.0
460, 241.0, 292.0
461, 740.0, 456.0
462, 165.0, 350.0
463, 268.0, 452.0
464, 303.0, 352.0
465, 319.0, 416.0
466, 184.0, 368.0
467, 590.0, 392.0
468, 289.0, 459.0
469, 513.0, 342.0
470, 558.0, 172.0
471, 374.0, 245.0
472, 290.0, 121.0
473, 289.0, 192.0
474, 125.0, 312.0
475, 273.0, 71.0
476, 739.0, 190.0
477, 626.0, 199.0
478, 478.0, 194.0
479, 719.0, 410.0
480, 320.0, 355.0
481, 377.0, 401.0
482, 464.0, 208.0
483, 228.0, 328.0
484, 274.0, 320.0
485, 355.0, 12.0
486, 707.0, 267.0
487, 321.0, 65.0
488, 143.0, 461.0
489, 9.0, 448.0
490, 393.0, 462.0
491, 30.0, 118.0
492, 60.0, 146.0
493, 417.0, 182.0
494, 266.0, 370.0
495, 545.0, 216.0
496, 441.0, 405.0
497, 474.0, 157.0
498, 683.0, 399.0
499, 508.0, 440.0
