0, 418.0, 211.0
1, 248.0, 201.0
2, 294.0, 30.0
3, 350.0, 36.0
4, 613.0, 428.0
5, 362.0, 204.0
6, 507.0, 296.0
7, 555.0, 306.0
8, 179.0, 202.0
9, 680.0, 410.0
10, 408.0, 209.0
11, 398.0, 207.0
12, 641.0, 376.0
13, 310.0, 250.0
14, 661.0, 371.0
15, 571.0, 322.0
16, 311.0, 184.0
17, 223.0, 168.0
18, 588.0, 300.0
19, 289.0, 197.0
20, 170.0, 304.0
21, 239.0, 136.0
22, 625.0, 399.0
23, 249.0, 32.0
24, 248.0, 276.0
25, 196.0, 226.0
26, 601.0, 329.0
27, 649.0, 404.0
28, 213.0, 172.0
29, 595.0, 309.0
30, 361.0, 221.0
31, 492.0, 213.0
32, 496.0, 282.0
33, 478.0, 195.0
34, 182.0, 225.0
35, 155.0, 273.0
36, 481.0, 21.0
37, 285.0, 238.0
38, 544.0, 318.0
39, 287.0, 228.0
40, 331.0, 230.0
41, 50.0, 79.0
42, 413.0, 310.0
43, 660.0, 404.0
44, 370.0, 248.0
45, 275.0, 235.0
46, 410.0, 199.0
47, 523.0, 35.0
48, 340.0, 189.0
49, 604.0, 362.0
50, 202.0, 175.0
51, 158.0, 16.0
52, 636.0, 168.0
53, 597.0, 453.0
54, 414.0, 286.0
55, 523.0, 373.0
56, 558.0, 224.0
57, 509.0, 180.0
58, 390.0, 250.0
59, 664.0, 388.0
60, 307.0, 217.0
61, 190.0, 179.0
62, 512.0, 36.0
63, 673.0, 326.0
64, 614.0, 364.0
65, 494.0, 196.0
66, 634.0, 366.0
67, 350.0, 204.0
68, 628.0, 339.0
69, 496.0, 177.0
70, 312.0, 267.0
71, 205.0, 257.0
72, 657.0, 417.0
73, 626.0, 355.0
74, 338.0, 241.0
75, 390.0, 173.0
76, 542.0, 286.0
77, 419.0, 347.0
78, 406.0, 26.0
79, 296.0, 214.0
80, 257.0, 185.0
81, 221.0, 238.0
82, 576.0, 281.0
83, 314.0, 29.0
84, 131.0, 270.0
85, 230.0, 241.0
86, 671.0, 174.0
87, 354.0, 255.0
88, 502.0, 332.0
89, 429.0, 239.0
90, 620.0, 49.0
91, 390.0, 235.0
92, 586.0, 95.0
93, 651.0, 438.0
94, 467.0, 303.0
95, 664.0, 362.0
96, 207.0, 143.0
97, 239.0, 267.0
98, 638.0, 38.0
99, 719.0, 162.0
100, 225.0, 383.0
101, 560.0, 316.0
102, 73.0, 233.0
103, 246.0, 225.0
104, 126.0, 306.0
105, 479.0, 389.0
106, 375.0, 172.0
107, 90.0, 209.0
108, 85.0, 264.0
109, 217.0, 272.0
110, 691.0, 423.0
111, 613.0, 372.0
112, 622.0, 373.0
113, 550.0, 29.0
114, 582.0, 118.0
115, 208.0, 227.0
116, 566.0, 94.0
117, 59.0, 295.0
118, 670.0, 418.0
119, 352.0, 51.0
120, 142.0, 210.0
121, 235.0, 59.0
122, 378.0, 241.0
123, 497.0, 166.0
124, 651.0, 302.0
125, 563.0, 106.0
126, 516.0, 274.0
127, 417.0, 222.0
128, 490.0, 227.0
129, 84.0, 316.0
130, 542.0, 337.0
131, 497.0, 29.0
132, 486.0, 266.0
133, 241.0, 162.0
134, 404.0, 235.0
135, 573.0, 266.0
136, 246.0, 69.0
137, 202.0, 317.0
138, 548.0, 50.0
139, 442.0, 158.0
140, 577.0, 375.0
141, 392.0, 89.0
142, 452.0, 290.0
143, 668.0, 344.0
144, 234.0, 42.0
145, 647.0, 415.0
146, 539.0, 221.0
147, 65.0, 132.0
148, 122.0, 263.0
149, 610.0, 283.0
150, 574.0, 391.0
151, 519.0, 171.0
152, 51.0, 90.0
153, 591.0, 49.0
154, 102.0, 328.0
155, 552.0, 182.0
156, 620.0, 382.0
157, 94.0, 226.0
158, 635.0, 401.0
159, 408.0, 8.0
160, 261.0, 236.0
161, 639.0, 250.0
162, 513.0, 8.0
163, 267.0, 218.0
164, 176.0, 182.0
165, 670.0, 336.0
166, 651.0, 171.0
167, 412.0, 330.0
168, 470.0, 278.0
169, 236.0, 201.0
170, 55.0, 102.0
171, 483.0, 293.0
172, 480.0, 32.0
173, 216.0, 316.0
174, 138.0, 191.0
175, 431.0, 274.0
176, 259.0, 308.0
177, 674.0, 400.0
178, 113.0, 220.0
179, 641.0, 14.0
180, 493.0, 19.0
181, 429.0, 287.0
182, 198.0, 145.0
183, 548.0, 40.0
184, 208.0, 131.0
185, 649.0, 36.0
186, 518.0, 318.0
187, 111.0, 18.0
188, 185.0, 15.0
189, 428.0, 258.0
190, 281.0, 311.0
191, 138.0, 364.0
192, 77.0, 300.0
193, 431.0, 48.0
194, 419.0, 201.0
195, 395.0, 270.0
196, 474.0, 133.0
197, 474.0, 166.0
198, 303.0, 201.0
199, 161.0, 209.0
200, 172.0, 36.0
201, 383.0, 26.0
202, 443.0, 206.0
203, 235.0, 32.0
204, 383.0, 267.0
205, 425.0, 418.0
206, 452.0, 333.0
207, 265.0, 183.0
208, 272.0, 34.0
209, 593.0, 38.0
210, 631.0, 375.0
211, 397.0, 262.0
212, 564.0, 190.0
213, 418.0, 30.0
214, 556.0, 297.0
215, 660.0, 265.0
216, 626.0, 295.0
217, 267.0, 207.0
218, 209.0, 249.0
219, 236.0, 218.0
220, 618.0, 390.0
221, 637.0, 48.0
222, 272.0, 191.0
223, 138.0, 300.0
224, 579.0, 15.0
225, 588.0, 359.0
226, 457.0, 10.0
227, 245.0, 50.0
228, 499.0, 152.0
229, 527.0, 181.0
230, 39.0, 359.0
231, 336.0, 8.0
232, 579.0, 366.0
233, 512.0, 248.0
234, 220.0, 140.0
235, 224.0, 373.0
236, 235.0, 51.0
237, 293.0, 14.0
238, 594.0, 370.0
239, 546.0, 210.0
240, 469.0, 292.0
241, 254.0, 268.0
242, 375.0, 399.0
243, 305.0, 170.0
244, 248.0, 188.0
245, 336.0, 151.0
246, 405.0, 250.0
247, 527.0, 222.0
248, 350.0, 21.0
249, 519.0, 260.0
250, 50.0, 31.0
251, 645.0, 427.0
252, 56.0, 228.0
253, 200.0, 328.0
254, 536.0, 233.0
255, 206.0, 302.0
256, 25.0, 289.0
257, 691.0, 294.0
258, 189.0, 42.0
259, 465.0, 386.0
260, 253.0, 216.0
261, 457.0, 22.0
262, 612.0, 347.0
263, 607.0, 338.0
264, 610.0, 440.0
265, 594.0, 27.0
266, 443.0, 259.0
267, 373.0, 221.0
268, 76.0, 147.0
269, 567.0, 382.0
270, 426.0, 173.0
271, 572.0, 399.0
272, 97.0, 144.0
273, 568.0, 258.0
274, 504.0, 233.0
275, 231.0, 257.0
276, 561.0, 279.0
277, 738.0, 270.0
278, 410.0, 173.0
279, 323.0, 129.0
280, 208.0, 60.0
281, 430.0, 330.0
282, 432.0, 358.0
283, 650.0, 342.0
284, 587.0, 80.0
285, 570.0, 338.0
286, 657.0, 139.0
287, 617.0, 79.0
288, 719.0, 287.0
289, 417.0, 252.0
290, 696.0, 431.0
291, 568.0, 371.0
292, 156.0, 189.0
293, 545.0, 373.0
294, 428.0, 408.0
295, 348.0, 13.0
296, 601.0, 379.0
297, 368.0, 233.0
298, 473.0, 178.0
299, 123.0, 106.0
300, 240.0, 329.0
301, 376.0, 46.0
302, 147.0, 331.0
303, 665.0, 353.0
304, 504.0, 317.0
305, 683.0, 457.0
306, 241.0, 305.0
307, 351.0, 220.0
308, 377.0, 88.0
309, 654.0, 394.0
310, 708.0, 312.0
311, 566.0, 427.0
312, 637.0, 393.0
313, 144.0, 221.0
314, 27.0, 249.0
315, 550.0, 236.0
316, 110.0, 37.0
317, 169.0, 16.0
318, 493.0, 294.0
319, 362.0, 139.0
320, 454.0, 134.0
321, 543.0, 299.0
322, 160.0, 224.0
323, 615.0, 324.0
324, 672.0, 437.0
325, 410.0, 418.0
326, 99.0, 80.0
327, 649.0, 369.0
328, 427.0, 307.0
329, 170.0, 136.0
330, 214.0, 260.0
331, 211.0, 51.0
332, 316.0, 150.0
333, 284.0, 252.0
334, 521.0, 104.0
335, 560.0, 116.0
336, 337.0, 27.0
337, 463.0, 215.0
338, 337.0, 38.0
339, 589.0, 460.0
340, 218.0, 303.0
341, 391.0, 49.0
342, 350.0, 270.0
343, 463.0, 189.0
344, 553.0, 257.0
345, 316.0, 218.0
346, 486.0, 247.0
347, 441.0, 239.0
348, 224.0, 431.0
349, 648.0, 351.0
350, 503.0, 44.0
351, 488.0, 329.0
352, 339.0, 137.0
353, 94.0, 53.0
354, 203.0, 389.0
355, 351.0, 237.0
356, 590.0, 385.0
357, 257.0, 167.0
358, 100.0, 301.0
359, 629.0, 383.0
360, 481.0, 315.0
361, 92.0, 328.0
362, 639.0, 385.0
363, 164.0, 319.0
364, 309.0, 236.0
365, 692.0, 440.0
366, 261.0, 10.0
367, 363.0, 264.0
368, 623.0, 365.0
369, 82.0, 121.0
370, 436.0, 266.0
371, 483.0, 279.0
372, 109.0, 199.0
373, 650.0, 92.0
374, 673.0, 315.0
375, 139.0, 110.0
376, 576.0, 383.0
377, 129.0, 18.0
378, 258.0, 205.0
379, 226.0, 334.0
380, 549.0, 117.0
381, 640.0, 454.0
382, 573.0, 346.0
383, 481.0, 303.0
384, 10.0, 406.0
385, 582.0, 436.0
386, 271.0, 14.0
387, 197.0, 131.0
388, 503.0, 20.0
389, 644.0, 116.0
390, 67.0, 21.0
391, 152.0, 37.0
392, 64.0, 227.0
393, 222.0, 51.0
394, 536.0, 335.0
395, 547.0, 248.0
396, 281.0, 218.0
397, 611.0, 96.0
398, 629.0, 305.0
399, 133.0, 203.0
400, 451.0, 212.0
401, 604.0, 371.0
402, 145.0, 137.0
403, 142.0, 310.0
404, 599.0, 426.0
405, 19.0, 452.0
406, 620.0, 234.0
407, 434.0, 202.0
408, 322.0, 389.0
409, 330.0, 202.0
410, 447.0, 264.0
411, 205.0, 374.0
412, 325.0, 251.0
413, 170.0, 52.0
414, 640.0, 442.0
415, 111.0, 47.0
416, 51.0, 149.0
417, 189.0, 308.0
418, 280.0, 169.0
419, 251.0, 120.0
420, 48.0, 22.0
421, 703.0, 410.0
422, 26.0, 28.0
423, 588.0, 393.0
424, 716.0, 462.0
425, 614.0, 23.0
426, 516.0, 149.0
427, 496.0, 133.0
428, 432.0, 217.0
429, 250.0, 41.0
430, 121.0, 36.0
431, 119.0, 234.0
432, 377.0, 131.0
433, 72.0, 379.0
434, 411.0, 275.0
435, 258.0, 198.0
436, 69.0, 94.0
437, 655.0, 290.0
438, 499.0, 399.0
439, 553.0, 94.0
440, 476.0, 336.0
441, 327.0, 260.0
442, 329.0, 240.0
443, 611.0, 381.0
444, 180.0, 131.0
445, 254.0, 159.0
446, 365.0, 316.0
447, 67.0, 212.0
448, 504.0, 9.0
449, 375.0, 434.0
450, 447.0, 309.0
451, 380.0, 231.0
452, 653.0, 13.0
453, 613.0, 116.0
454, 228.0, 325.0
455, 598.0, 394.0
456, 609.0, 397.0
457, 266.0, 250.0
458, 526.0, 346.0
459, 281.0, 183.0
460, 536.0, 323.0
461, 689.0, 24.0
462, 226.0, 292.0
463, 257.0, 390.0
464, 132.0, 33.0
465, 475.0, 45.0
466, 327.0, 186.0
467, 221.0, 229.0
468, 637.0, 310.0
469, 631.0, 14.0
470, 172.0, 331.0
471, 206.0, 14.0
472, 418.0, 233.0
473, 512.0, 330.0
474, 121.0, 433.0
475, 636.0, 350.0
476, 126.0, 374.0
477, 738.0, 311.0
478, 551.0, 106.0
479, 407.0, 226.0
480, 366.0, 29.0
481, 607.0, 453.0
482, 128.0, 139.0
483, 645.0, 319.0
484, 469.0, 149.0
485, 526.0, 302.0
486, 603.0, 387.0
487, 569.0, 23.0
488, 540.0, 354.0
489, 377.0, 26.0
490, 610.0, 315.0
491, 11.0, 100.0
492, 684.0, 47.0
493, 78.0, 55.0
494, 186.0, 55.0
495, 631.0, 103.0
496, 475.0, 150.0
497, 522.0, 153.0
498, 616.0, 409.0
499, 188.0, 278.0
