0, 39.0, 39.0
1, 478.0, 232.0
2, 119.0, 395.0
3, 223.0, 208.0
4, 545.0, 395.0
5, 237.0, 226.0
6, 203.0, 328.0
7, 353.0, 339.0
8, 452.0, 367.0
9, 421.0, 13.0
10, 269.0, 362.0
11, 194.0, 420.0
12, 330.0, 426.0
13, 266.0, 335.0
14, 241.0, 464.0
15, 422.0, 325.0
16, 137.0, 373.0
17, 633.0, 386.0
18, 165.0, 464.0
19, 196.0, 395.0
20, 246.0, 183.0
21, 197.0, 335.0
22, 242.0, 262.0
23, 211.0, 375.0
24, 672.0, 372.0
25, 504.0, 308.0
26, 534.0, 462.0
27, 470.0, 227.0
28, 117.0, 432.0
29, 520.0, 39.0
30, 382.0, 306.0
31, 515.0, 410.0
32, 218.0, 361.0
33, 516.0, 334.0
34, 203.0, 317.0
35, 470.0, 420.0
36, 284.0, 410.0
37, 352.0, 293.0
38, 280.0, 361.0
39, 464.0, 379.0
40, 241.0, 376.0
41, 391.0, 267.0
42, 205.0, 448.0
43, 318.0, 423.0
44, 421.0, 26.0
45, 176.0, 304.0
46, 663.0, 102.0
47, 375.0, 281.0
48, 233.0, 194.0
49, 296.0, 432.0
50, 653.0, 426.0
51, 408.0, 357.0
52, 457.0, 353.0
53, 277.0, 395.0
54, 244.0, 392.0
55, 123.0, 10.0
56, 301.0, 27.0
57, 180.0, 427.0
58, 545.0, 326.0
59, 304.0, 407.0
60, 278.0, 344.0
61, 560.0, 39.0
62, 635.0, 188.0
63, 472.0, 457.0
64, 707.0, 142.0
65, 518.0, 466.0
66, 137.0, 433.0
67, 513.0, 121.0
68, 373.0, 349.0
69, 133.0, 417.0
70, 29.0, 54.0
71, 507.0, 366.0
72, 438.0, 316.0
73, 382.0, 362.0
74, 660.0, 434.0
75, 85.0, 435.0
76, 500.0, 346.0
77, 125.0, 378.0
78, 174.0, 47.0
79, 193.0, 430.0
80, 204.0, 363.0
81, 559.0, 141.0
82, 251.0, 237.0
83, 97.0, 336.0
84, 147.0, 400.0
85, 526.0, 174.0
86, 119.0, 345.0
87, 305.0, 397.0
88, 529.0, 384.0
89, 662.0, 341.0
90, 564.0, 372.0
91, 163.0, 165.0
92, 284.0, 277.0
93, 52.0, 170.0
94, 540.0, 261.0
95, 347.0, 25.0
96, 517.0, 388.0
97, 519.0, 52.0
98, 544.0, 39.0
99, 553.0, 317.0
100, 671.0, 124.0
101, 518.0, 207.0
102, 170.0, 26.0
103, 410.0, 286.0
104, 387.0, 282.0
105, 385.0, 377.0
106, 541.0, 344.0
107, 54.0, 373.0
108, 240.0, 248.0
109, 525.0, 452.0
110, 499.0, 374.0
111, 433.0, 161.0
112, 170.0, 328.0
113, 336.0, 306.0
114, 26.0, 39.0
115, 128.0, 393.0
116, 175.0, 337.0
117, 191.0, 463.0
118, 582.0, 344.0
119, 249.0, 194.0
120, 151.0, 321.0
121, 424.0, 196.0
122, 461.0, 445.0
123, 343.0, 341.0
124, 130.0, 404.0
125, 656.0, 192.0
126, 450.0, 382.0
127, 504.0, 187.0
128, 531.0, 39.0
129, 135.0, 361.0
130, 232.0, 423.0
131, 535.0, 319.0
132, 260.0, 205.0
133, 436.0, 35.0
134, 556.0, 421.0
135, 108.0, 346.0
136, 294.0, 421.0
137, 56.0, 186.0
138, 260.0, 434.0
139, 295.0, 452.0
140, 202.0, 302.0
141, 534.0, 397.0
142, 365.0, 380.0
143, 539.0, 362.0
144, 515.0, 242.0
145, 629.0, 397.0
146, 194.0, 324.0
147, 294.0, 392.0
148, 155.0, 443.0
149, 259.0, 291.0
150, 394.0, 190.0
151, 501.0, 393.0
152, 203.0, 26.0
153, 509.0, 95.0
154, 467.0, 42.0
155, 117.0, 284.0
156, 341.0, 329.0
157, 536.0, 305.0
158, 401.0, 453.0
159, 235.0, 443.0
160, 538.0, 212.0
161, 83.0, 222.0
162, 200.0, 382.0
163, 589.0, 152.0
164, 140.0, 11.0
165, 355.0, 352.0
166, 104.0, 320.0
167, 455.0, 240.0
168, 458.0, 227.0
169, 148.0, 37.0
170, 525.0, 322.0
171, 272.0, 167.0
172, 300.0, 469.0
173, 463.0, 17.0
174, 268.0, 260.0
175, 310.0, 435.0
176, 489.0, 13.0
177, 333.0, 13.0
178, 270.0, 321.0
179, 466.0, 217.0
180, 374.0, 429.0
181, 42.0, 53.0
182, 291.0, 346.0
183, 538.0, 374.0
184, 326.0, 218.0
185, 101.0, 38.0
186, 283.0, 379.0
187, 51.0, 239.0
188, 482.0, 442.0
189, 304.0, 276.0
190, 410.0, 180.0
191, 307.0, 383.0
192, 666.0, 90.0
193, 574.0, 443.0
194, 154.0, 465.0
195, 549.0, 267.0
196, 547.0, 27.0
197, 395.0, 328.0
198, 343.0, 460.0
199, 73.0, 24.0
200, 338.0, 385.0
201, 272.0, 371.0
202, 292.0, 470.0
203, 564.0, 454.0
204, 9.0, 41.0
205, 186.0, 441.0
206, 517.0, 288.0
207, 50.0, 9.0
208, 271.0, 12.0
209, 55.0, 24.0
210, 453.0, 160.0
211, 219.0, 373.0
212, 423.0, 178.0
213, 528.0, 443.0
214, 597.0, 51.0
215, 532.0, 328.0
216, 494.0, 286.0
217, 293.0, 377.0
218, 511.0, 376.0
219, 204.0, 409.0
220, 710.0, 385.0
221, 228.0, 215.0
222, 441.0, 274.0
223, 529.0, 426.0
224, 355.0, 325.0
225, 46.0, 96.0
226, 238.0, 214.0
227, 302.0, 370.0
228, 200.0, 11.0
229, 23.0, 25.0
230, 282.0, 288.0
231, 214.0, 347.0
232, 445.0, 27.0
233, 375.0, 293.0
234, 168.0, 439.0
235, 479.0, 248.0
236, 446.0, 10.0
237, 560.0, 348.0
238, 486.0, 429.0
239, 362.0, 366.0
240, 347.0, 14.0
241, 210.0, 468.0
242, 383.0, 471.0
243, 68.0, 229.0
244, 285.0, 221.0
245, 232.0, 271.0
246, 212.0, 385.0
247, 396.0, 311.0
248, 658.0, 125.0
249, 410.0, 300.0
250, 559.0, 51.0
251, 396.0, 468.0
252, 36.0, 445.0
253, 282.0, 463.0
254, 231.0, 368.0
255, 527.0, 351.0
256, 138.0, 311.0
257, 34.0, 179.0
258, 527.0, 402.0
259, 292.0, 359.0
260, 18.0, 203.0
261, 646.0, 347.0
262, 163.0, 415.0
263, 35.0, 155.0
264, 256.0, 186.0
265, 650.0, 441.0
266, 423.0, 209.0
267, 472.0, 162.0
268, 249.0, 12.0
269, 474.0, 186.0
270, 512.0, 165.0
271, 562.0, 28.0
272, 216.0, 25.0
273, 128.0, 294.0
274, 393.0, 213.0
275, 518.0, 182.0
276, 448.0, 193.0
277, 428.0, 266.0
278, 476.0, 30.0
279, 221.0, 415.0
280, 90.0, 453.0
281, 303.0, 13.0
282, 429.0, 297.0
283, 493.0, 161.0
284, 121.0, 307.0
285, 511.0, 85.0
286, 202.0, 347.0
287, 561.0, 392.0
288, 494.0, 459.0
289, 567.0, 357.0
290, 96.0, 363.0
291, 305.0, 219.0
292, 46.0, 445.0
293, 499.0, 412.0
294, 411.0, 343.0
295, 244.0, 279.0
296, 442.0, 209.0
297, 373.0, 332.0
298, 53.0, 467.0
299, 739.0, 130.0
300, 174.0, 419.0
301, 260.0, 316.0
302, 306.0, 300.0
303, 464.0, 268.0
304, 256.0, 46.0
305, 734.0, 403.0
306, 495.0, 268.0
307, 323.0, 179.0
308, 77.0, 455.0
309, 679.0, 171.0
310, 270.0, 381.0
311, 241.0, 412.0
312, 132.0, 252.0
313, 259.0, 12.0
314, 128.0, 20.0
315, 218.0, 37.0
316, 409.0, 96.0
317, 631.0, 467.0
318, 9.0, 263.0
319, 374.0, 213.0
320, 30.0, 194.0
321, 260.0, 418.0
322, 407.0, 267.0
323, 152.0, 370.0
324, 250.0, 118.0
325, 680.0, 379.0
326, 36.0, 26.0
327, 434.0, 254.0
328, 496.0, 321.0
329, 112.0, 19.0
330, 392.0, 454.0
331, 316.0, 46.0
332, 22.0, 11.0
333, 621.0, 454.0
334, 259.0, 24.0
335, 101.0, 300.0
336, 594.0, 298.0
337, 576.0, 464.0
338, 108.0, 398.0
339, 141.0, 391.0
340, 612.0, 446.0
341, 395.0, 26.0
342, 547.0, 378.0
343, 118.0, 361.0
344, 471.0, 434.0
345, 123.0, 260.0
346, 694.0, 133.0
347, 213.0, 429.0
348, 250.0, 169.0
349, 517.0, 227.0
350, 444.0, 464.0
351, 241.0, 238.0
352, 193.0, 229.0
353, 212.0, 314.0
354, 493.0, 334.0
355, 588.0, 350.0
356, 78.0, 38.0
357, 92.0, 10.0
358, 226.0, 248.0
359, 587.0, 449.0
360, 635.0, 49.0
361, 265.0, 183.0
362, 241.0, 365.0
363, 209.0, 306.0
364, 179.0, 286.0
365, 618.0, 393.0
366, 455.0, 33.0
367, 97.0, 19.0
368, 511.0, 278.0
369, 250.0, 271.0
370, 563.0, 16.0
371, 444.0, 175.0
372, 168.0, 450.0
373, 295.0, 440.0
374, 316.0, 333.0
375, 261.0, 231.0
376, 560.0, 93.0
377, 394.0, 12.0
378, 430.0, 384.0
379, 150.0, 414.0
380, 251.0, 250.0
381, 527.0, 98.0
382, 683.0, 195.0
383, 362.0, 12.0
384, 109.0, 468.0
385, 150.0, 233.0
386, 697.0, 101.0
387, 551.0, 349.0
388, 405.0, 212.0
389, 125.0, 325.0
390, 69.0, 297.0
391, 372.0, 311.0
392, 413.0, 418.0
393, 546.0, 215.0
394, 281.0, 431.0
395, 225.0, 289.0
396, 625.0, 336.0
397, 523.0, 14.0
398, 259.0, 405.0
399, 435.0, 170.0
400, 481.0, 377.0
401, 441.0, 357.0
402, 334.0, 23.0
403, 114.0, 383.0
404, 112.0, 406.0
405, 234.0, 173.0
406, 525.0, 370.0
407, 298.0, 101.0
408, 251.0, 225.0
409, 268.0, 452.0
410, 253.0, 137.0
411, 272.0, 27.0
412, 321.0, 100.0
413, 144.0, 282.0
414, 165.0, 306.0
415, 280.0, 322.0
416, 342.0, 353.0
417, 290.0, 302.0
418, 239.0, 345.0
419, 32.0, 249.0
420, 408.0, 162.0
421, 690.0, 371.0
422, 255.0, 372.0
423, 540.0, 334.0
424, 442.0, 249.0
425, 345.0, 433.0
426, 231.0, 310.0
427, 547.0, 118.0
428, 397.0, 359.0
429, 396.0, 380.0
430, 622.0, 182.0
431, 38.0, 165.0
432, 33.0, 415.0
433, 183.0, 317.0
434, 394.0, 277.0
435, 655.0, 356.0
436, 420.0, 36.0
437, 401.0, 205.0
438, 264.0, 130.0
439, 572.0, 333.0
440, 396.0, 320.0
441, 370.0, 324.0
442, 378.0, 458.0
443, 102.0, 235.0
444, 194.0, 368.0
445, 709.0, 130.0
446, 160.0, 399.0
447, 413.0, 317.0
448, 108.0, 371.0
449, 409.0, 73.0
450, 208.0, 248.0
451, 431.0, 350.0
452, 439.0, 401.0
453, 207.0, 396.0
454, 610.0, 459.0
455, 309.0, 344.0
456, 490.0, 468.0
457, 538.0, 440.0
458, 151.0, 290.0
459, 370.0, 447.0
460, 501.0, 419.0
461, 97.0, 419.0
462, 88.0, 463.0
463, 290.0, 181.0
464, 236.0, 432.0
465, 548.0, 163.0
466, 218.0, 228.0
467, 481.0, 395.0
468, 485.0, 181.0
469, 79.0, 345.0
470, 346.0, 449.0
471, 527.0, 117.0
472, 141.0, 302.0
473, 130.0, 59.0
474, 352.0, 304.0
475, 105.0, 438.0
476, 500.0, 439.0
477, 330.0, 322.0
478, 371.0, 302.0
479, 575.0, 409.0
480, 157.0, 216.0
481, 431.0, 12.0
482, 467.0, 279.0
483, 329.0, 414.0
484, 428.0, 44.0
485, 53.0, 392.0
486, 375.0, 379.0
487, 322.0, 143.0
488, 554.0, 438.0
489, 224.0, 346.0
490, 152.0, 190.0
491, 198.0, 356.0
492, 301.0, 142.0
493, 287.0, 168.0
494, 294.0, 39.0
495, 52.0, 314.0
496, 221.0, 390.0
497, 205.0, 78.0
498, 228.0, 395.0
499, 422.0, 343.0
