0, 250.0, 184.0
1, 408.0, 290.0
2, 191.0, 146.0
3, 379.0, 214.0
4, 456.0, 283.0
5, 231.0, 165.0
6, 359.0, 228.0
7, 296.0, 161.0
8, 467.0, 176.0
9, 319.0, 208.0
10, 388.0, 186.0
11, 379.0, 230.0
12, 619.0, 152.0
13, 110.0, 312.0
14, 579.0, 281.0
15, 220.0, 136.0
16, 495.0, 276.0
17, 255.0, 216.0
18, 477.0, 208.0
19, 156.0, 177.0
20, 408.0, 191.0
21, 231.0, 177.0
22, 566.0, 303.0
23, 591.0, 348.0
24, 337.0, 181.0
25, 418.0, 219.0
26, 199.0, 368.0
27, 139.0, 332.0
28, 349.0, 182.0
29, 304.0, 231.0
30, 529.0, 266.0
31, 278.0, 466.0
32, 83.0, 308.0
33, 273.0, 174.0
34, 575.0, 31.0
35, 492.0, 297.0
36, 188.0, 205.0
37, 377.0, 152.0
38, 216.0, 178.0
39, 651.0, 357.0
40, 523.0, 314.0
41, 340.0, 250.0
42, 398.0, 189.0
43, 429.0, 136.0
44, 485.0, 262.0
45, 207.0, 240.0
46, 217.0, 108.0
47, 490.0, 311.0
48, 417.0, 238.0
49, 218.0, 195.0
50, 211.0, 140.0
51, 12.0, 39.0
52, 268.0, 215.0
53, 653.0, 159.0
54, 546.0, 171.0
55, 430.0, 219.0
56, 168.0, 153.0
57, 561.0, 101.0
58, 59.0, 312.0
59, 65.0, 203.0
60, 319.0, 220.0
61, 383.0, 348.0
62, 160.0, 202.0
63, 512.0, 134.0
64, 155.0, 252.0
65, 290.0, 178.0
66, 180.0, 149.0
67, 125.0, 248.0
68, 499.0, 161.0
69, 488.0, 132.0
70, 419.0, 267.0
71, 271.0, 207.0
72, 117.0, 186.0
73, 224.0, 14.0
74, 381.0, 21.0
75, 557.0, 239.0
76, 608.0, 280.0
77, 534.0, 298.0
78, 446.0, 312.0
79, 577.0, 20.0
80, 476.0, 308.0
81, 394.0, 215.0
82, 325.0, 249.0
83, 413.0, 152.0
84, 566.0, 262.0
85, 368.0, 229.0
86, 534.0, 30.0
87, 153.0, 156.0
88, 539.0, 205.0
89, 198.0, 205.0
90, 86.0, 196.0
91, 29.0, 99.0
92, 329.0, 295.0
93, 117.0, 252.0
94, 422.0, 289.0
95, 524.0, 202.0
96, 592.0, 264.0
97, 221.0, 221.0
98, 327.0, 220.0
99, 421.0, 22.0
100, 535.0, 20.0
101, 334.0, 191.0
102, 364.0, 63.0
103, 531.0, 279.0
104, 503.0, 13.0
105, 565.0, 78.0
106, 347.0, 199.0
107, 441.0, 270.0
108, 130.0, 357.0
109, 88.0, 423.0
110, 479.0, 193.0
111, 515.0, 162.0
112, 32.0, 56.0
113, 250.0, 196.0
114, 461.0, 258.0
115, 175.0, 203.0
116, 256.0, 166.0
117, 618.0, 32.0
118, 444.0, 287.0
119, 599.0, 32.0
120, 465.0, 112.0
121, 142.0, 245.0
122, 65.0, 245.0
123, 492.0, 322.0
124, 280.0, 218.0
125, 145.0, 106.0
126, 551.0, 279.0
127, 298.0, 365.0
128, 622.0, 232.0
129, 580.0, 10.0
130, 245.0, 258.0
131, 42.0, 211.0
132, 234.0, 249.0
133, 163.0, 318.0
134, 549.0, 287.0
135, 421.0, 254.0
136, 662.0, 33.0
137, 311.0, 104.0
138, 400.0, 178.0
139, 453.0, 195.0
140, 433.0, 444.0
141, 353.0, 318.0
142, 533.0, 317.0
143, 60.0, 184.0
144, 458.0, 272.0
145, 323.0, 127.0
146, 112.0, 165.0
147, 361.0, 150.0
148, 289.0, 413.0
149, 555.0, 296.0
150, 238.0, 143.0
151, 422.0, 197.0
152, 307.0, 248.0
153, 283.0, 430.0
154, 465.0, 146.0
155, 202.0, 141.0
156, 212.0, 254.0
157, 609.0, 305.0
158, 510.0, 182.0
159, 37.0, 298.0
160, 539.0, 327.0
161, 416.0, 325.0
162, 294.0, 194.0
163, 24.0, 205.0
164, 225.0, 35.0
165, 423.0, 339.0
166, 356.0, 213.0
167, 282.0, 191.0
168, 137.0, 184.0
169, 66.0, 42.0
170, 445.0, 113.0
171, 362.0, 200.0
172, 506.0, 240.0
173, 27.0, 311.0
174, 211.0, 218.0
175, 42.0, 115.0
176, 489.0, 347.0
177, 485.0, 157.0
178, 323.0, 14.0
179, 245.0, 159.0
180, 159.0, 330.0
181, 593.0, 80.0
182, 12.0, 317.0
183, 93.0, 72.0
184, 570.0, 60.0
185, 425.0, 311.0
186, 599.0, 366.0
187, 604.0, 299.0
188, 648.0, 372.0
189, 631.0, 349.0
190, 198.0, 113.0
191, 420.0, 353.0
192, 199.0, 230.0
193, 280.0, 371.0
194, 249.0, 407.0
195, 469.0, 295.0
196, 408.0, 213.0
197, 493.0, 21.0
198, 633.0, 155.0
199, 504.0, 297.0
200, 163.0, 19.0
201, 131.0, 163.0
202, 386.0, 241.0
203, 175.0, 117.0
204, 302.0, 216.0
205, 112.0, 76.0
206, 481.0, 176.0
207, 514.0, 14.0
208, 139.0, 201.0
209, 143.0, 255.0
210, 425.0, 245.0
211, 532.0, 97.0
212, 185.0, 102.0
213, 363.0, 16.0
214, 210.0, 15.0
215, 432.0, 239.0
216, 695.0, 147.0
217, 436.0, 245.0
218, 604.0, 216.0
219, 558.0, 306.0
220, 527.0, 191.0
221, 646.0, 21.0
222, 598.0, 63.0
223, 337.0, 351.0
224, 120.0, 199.0
225, 252.0, 18.0
226, 544.0, 259.0
227, 543.0, 88.0
228, 444.0, 298.0
229, 97.0, 312.0
230, 633.0, 123.0
231, 65.0, 112.0
232, 522.0, 221.0
233, 379.0, 63.0
234, 288.0, 146.0
235, 75.0, 315.0
236, 227.0, 277.0
237, 546.0, 75.0
238, 411.0, 467.0
239, 81.0, 174.0
240, 486.0, 147.0
241, 542.0, 239.0
242, 626.0, 76.0
243, 220.0, 282.0
244, 502.0, 229.0
245, 396.0, 151.0
246, 327.0, 167.0
247, 626.0, 302.0
248, 643.0, 247.0
249, 271.0, 143.0
250, 534.0, 163.0
251, 465.0, 313.0
252, 408.0, 179.0
253, 543.0, 60.0
254, 384.0, 250.0
255, 492.0, 215.0
256, 406.0, 232.0
257, 366.0, 307.0
258, 614.0, 336.0
259, 369.0, 211.0
260, 605.0, 85.0
261, 185.0, 114.0
262, 390.0, 9.0
263, 618.0, 100.0
264, 429.0, 416.0
265, 278.0, 444.0
266, 83.0, 322.0
267, 466.0, 8.0
268, 665.0, 374.0
269, 174.0, 322.0
270, 435.0, 435.0
271, 225.0, 239.0
272, 238.0, 194.0
273, 366.0, 462.0
274, 143.0, 218.0
275, 432.0, 186.0
276, 581.0, 271.0
277, 334.0, 385.0
278, 91.0, 252.0
279, 585.0, 297.0
280, 211.0, 25.0
281, 237.0, 204.0
282, 397.0, 369.0
283, 132.0, 282.0
284, 350.0, 297.0
285, 206.0, 308.0
286, 234.0, 133.0
287, 119.0, 106.0
288, 61.0, 324.0
289, 242.0, 315.0
290, 473.0, 258.0
291, 502.0, 128.0
292, 15.0, 118.0
293, 196.0, 101.0
294, 561.0, 246.0
295, 34.0, 187.0
296, 563.0, 140.0
297, 367.0, 321.0
298, 552.0, 261.0
299, 533.0, 354.0
300, 410.0, 277.0
301, 636.0, 356.0
302, 477.0, 246.0
303, 339.0, 22.0
304, 313.0, 163.0
305, 589.0, 97.0
306, 437.0, 393.0
307, 443.0, 419.0
308, 482.0, 274.0
309, 411.0, 441.0
310, 710.0, 378.0
311, 300.0, 342.0
312, 538.0, 218.0
313, 206.0, 296.0
314, 276.0, 226.0
315, 174.0, 102.0
316, 156.0, 99.0
317, 266.0, 231.0
318, 398.0, 198.0
319, 195.0, 379.0
320, 440.0, 192.0
321, 364.0, 390.0
322, 126.0, 263.0
323, 385.0, 201.0
324, 733.0, 381.0
325, 237.0, 220.0
326, 42.0, 13.0
327, 515.0, 190.0
328, 241.0, 181.0
329, 362.0, 358.0
330, 251.0, 249.0
331, 261.0, 176.0
332, 106.0, 178.0
333, 259.0, 230.0
334, 210.0, 208.0
335, 458.0, 360.0
336, 519.0, 299.0
337, 439.0, 16.0
338, 317.0, 181.0
339, 602.0, 20.0
340, 99.0, 108.0
341, 373.0, 438.0
342, 466.0, 22.0
343, 262.0, 144.0
344, 717.0, 355.0
345, 353.0, 349.0
346, 207.0, 98.0
347, 219.0, 25.0
348, 364.0, 108.0
349, 627.0, 63.0
350, 104.0, 244.0
351, 152.0, 14.0
352, 407.0, 201.0
353, 511.0, 311.0
354, 397.0, 207.0
355, 342.0, 233.0
356, 304.0, 195.0
357, 19.0, 66.0
358, 38.0, 321.0
359, 319.0, 230.0
360, 231.0, 91.0
361, 402.0, 256.0
362, 452.0, 169.0
363, 342.0, 106.0
364, 535.0, 74.0
365, 400.0, 15.0
366, 405.0, 390.0
367, 352.0, 244.0
368, 54.0, 438.0
369, 144.0, 14.0
370, 574.0, 327.0
371, 67.0, 70.0
372, 473.0, 274.0
373, 569.0, 361.0
374, 346.0, 213.0
375, 443.0, 140.0
376, 446.0, 357.0
377, 303.0, 125.0
378, 32.0, 204.0
379, 423.0, 181.0
380, 165.0, 231.0
381, 476.0, 226.0
382, 131.0, 299.0
383, 500.0, 309.0
384, 372.0, 247.0
385, 96.0, 363.0
386, 386.0, 450.0
387, 262.0, 20.0
388, 158.0, 239.0
389, 503.0, 260.0
390, 398.0, 310.0
391, 615.0, 20.0
392, 283.0, 237.0
393, 296.0, 15.0
394, 181.0, 260.0
395, 615.0, 257.0
396, 267.0, 93.0
397, 394.0, 330.0
398, 135.0, 420.0
399, 384.0, 463.0
400, 343.0, 328.0
401, 170.0, 463.0
402, 196.0, 15.0
403, 618.0, 87.0
404, 263.0, 159.0
405, 281.0, 355.0
406, 312.0, 200.0
407, 400.0, 21.0
408, 386.0, 430.0
409, 537.0, 8.0
410, 314.0, 240.0
411, 395.0, 300.0
412, 468.0, 321.0
413, 191.0, 426.0
414, 339.0, 148.0
415, 294.0, 214.0
416, 311.0, 124.0
417, 430.0, 146.0
418, 198.0, 28.0
419, 137.0, 344.0
420, 388.0, 195.0
421, 628.0, 330.0
422, 463.0, 158.0
423, 149.0, 442.0
424, 394.0, 229.0
425, 623.0, 339.0
426, 372.0, 200.0
427, 280.0, 318.0
428, 207.0, 268.0
429, 635.0, 370.0
430, 108.0, 297.0
431, 334.0, 336.0
432, 441.0, 36.0
433, 533.0, 237.0
434, 330.0, 211.0
435, 448.0, 371.0
436, 349.0, 115.0
437, 130.0, 322.0
438, 258.0, 366.0
439, 402.0, 414.0
440, 175.0, 449.0
441, 514.0, 38.0
442, 510.0, 280.0
443, 281.0, 45.0
444, 224.0, 310.0
445, 499.0, 169.0
446, 409.0, 352.0
447, 233.0, 211.0
448, 196.0, 239.0
449, 83.0, 382.0
450, 427.0, 383.0
451, 348.0, 150.0
452, 359.0, 297.0
453, 516.0, 122.0
454, 308.0, 295.0
455, 419.0, 112.0
456, 92.0, 322.0
457, 352.0, 361.0
458, 618.0, 368.0
459, 453.0, 108.0
460, 159.0, 189.0
461, 222.0, 148.0
462, 512.0, 209.0
463, 213.0, 264.0
464, 445.0, 257.0
465, 303.0, 148.0
466, 227.0, 193.0
467, 60.0, 72.0
468, 272.0, 411.0
469, 402.0, 402.0
470, 492.0, 221.0
471, 520.0, 431.0
472, 239.0, 161.0
473, 49.0, 361.0
474, 112.0, 330.0
475, 525.0, 131.0
476, 461.0, 130.0
477, 281.0, 454.0
478, 249.0, 441.0
479, 122.0, 309.0
480, 174.0, 253.0
481, 552.0, 137.0
482, 45.0, 89.0
483, 621.0, 22.0
484, 259.0, 253.0
485, 484.0, 113.0
486, 339.0, 213.0
487, 442.0, 341.0
488, 631.0, 112.0
489, 295.0, 425.0
490, 127.0, 368.0
491, 361.0, 327.0
492, 167.0, 374.0
493, 68.0, 422.0
494, 468.0, 378.0
495, 323.0, 102.0
496, 294.0, 374.0
497, 8.0, 355.0
498, 313.0, 417.0
499, 579.0, 328.0
