0, 526.0, 56.0
1, 434.0, 107.0
2, 292.0, 31.0
3, 192.0, 173.0
4, 136.0, 159.0
5, 223.0, 75.0
6, 326.0, 90.0
7, 727.0, 287.0
8, 220.0, 170.0
9, 252.0, 146.0
10, 196.0, 104.0
11, 47.0, 68.0
12, 400.0, 83.0
13, 559.0, 275.0
14, 289.0, 235.0
15, 262.0, 86.0
16, 448.0, 108.0
17, 444.0, 98.0
18, 182.0, 211.0
19, 341.0, 13.0
20, 470.0, 118.0
21, 227.0, 198.0
22, 375.0, 293.0
23, 726.0, 66.0
24, 518.0, 134.0
25, 209.0, 66.0
26, 258.0, 231.0
27, 422.0, 44.0
28, 416.0, 117.0
29, 207.0, 173.0
30, 412.0, 164.0
31, 126.0, 208.0
32, 351.0, 52.0
33, 394.0, 158.0
34, 301.0, 321.0
35, 69.0, 405.0
36, 698.0, 55.0
37, 134.0, 149.0
38, 208.0, 207.0
39, 634.0, 36.0
40, 296.0, 132.0
41, 203.0, 218.0
42, 288.0, 164.0
43, 98.0, 271.0
44, 482.0, 118.0
45, 25.0, 317.0
46, 554.0, 55.0
47, 57.0, 33.0
48, 709.0, 301.0
49, 67.0, 244.0
50, 435.0, 128.0
51, 304.0, 20.0
52, 698.0, 30.0
53, 64.0, 177.0
54, 538.0, 137.0
55, 288.0, 123.0
56, 701.0, 359.0
57, 339.0, 91.0
58, 122.0, 279.0
59, 717.0, 78.0
60, 342.0, 208.0
61, 165.0, 45.0
62, 277.0, 231.0
63, 423.0, 33.0
64, 214.0, 337.0
65, 579.0, 53.0
66, 275.0, 122.0
67, 220.0, 226.0
68, 487.0, 271.0
69, 742.0, 67.0
70, 394.0, 289.0
71, 53.0, 259.0
72, 162.0, 243.0
73, 337.0, 77.0
74, 555.0, 265.0
75, 453.0, 36.0
76, 730.0, 41.0
77, 461.0, 161.0
78, 81.0, 176.0
79, 167.0, 376.0
80, 290.0, 264.0
81, 46.0, 178.0
82, 437.0, 191.0
83, 248.0, 168.0
84, 499.0, 133.0
85, 515.0, 48.0
86, 673.0, 436.0
87, 30.0, 410.0
88, 397.0, 354.0
89, 222.0, 67.0
90, 139.0, 228.0
91, 483.0, 52.0
92, 743.0, 284.0
93, 247.0, 42.0
94, 276.0, 145.0
95, 631.0, 48.0
96, 560.0, 240.0
97, 184.0, 187.0
98, 325.0, 77.0
99, 319.0, 176.0
100, 226.0, 147.0
101, 300.0, 163.0
102, 239.0, 86.0
103, 646.0, 193.0
104, 60.0, 201.0
105, 64.0, 48.0
106, 118.0, 61.0
107, 45.0, 364.0
108, 382.0, 126.0
109, 510.0, 253.0
110, 263.0, 137.0
111, 12.0, 359.0
112, 669.0, 453.0
113, 40.0, 347.0
114, 59.0, 108.0
115, 452.0, 58.0
116, 105.0, 393.0
117, 73.0, 149.0
118, 151.0, 245.0
119, 8.0, 345.0
120, 544.0, 151.0
121, 505.0, 286.0
122, 728.0, 54.0
123, 225.0, 85.0
124, 211.0, 84.0
125, 566.0, 53.0
126, 141.0, 117.0
127, 35.0, 103.0
128, 162.0, 409.0
129, 390.0, 332.0
130, 72.0, 23.0
131, 336.0, 190.0
132, 174.0, 411.0
133, 406.0, 125.0
134, 139.0, 372.0
135, 307.0, 178.0
136, 520.0, 121.0
137, 514.0, 89.0
138, 253.0, 90.0
139, 125.0, 185.0
140, 308.0, 167.0
141, 735.0, 299.0
142, 200.0, 125.0
143, 143.0, 72.0
144, 156.0, 395.0
145, 507.0, 74.0
146, 605.0, 287.0
147, 125.0, 150.0
148, 455.0, 148.0
149, 239.0, 98.0
150, 419.0, 128.0
151, 466.0, 87.0
152, 427.0, 304.0
153, 596.0, 260.0
154, 556.0, 45.0
155, 317.0, 21.0
156, 39.0, 316.0
157, 122.0, 79.0
158, 369.0, 27.0
159, 370.0, 139.0
160, 196.0, 75.0
161, 171.0, 149.0
162, 108.0, 265.0
163, 222.0, 382.0
164, 216.0, 147.0
165, 307.0, 32.0
166, 729.0, 154.0
167, 300.0, 47.0
168, 396.0, 141.0
169, 335.0, 52.0
170, 28.0, 235.0
171, 288.0, 200.0
172, 443.0, 148.0
173, 468.0, 69.0
174, 152.0, 412.0
175, 354.0, 419.0
176, 92.0, 260.0
177, 126.0, 263.0
178, 191.0, 239.0
179, 135.0, 434.0
180, 417.0, 266.0
181, 247.0, 30.0
182, 235.0, 68.0
183, 696.0, 41.0
184, 414.0, 135.0
185, 430.0, 267.0
186, 521.0, 184.0
187, 113.0, 176.0
188, 582.0, 42.0
189, 483.0, 90.0
190, 140.0, 62.0
191, 115.0, 94.0
192, 93.0, 160.0
193, 275.0, 113.0
194, 62.0, 168.0
195, 319.0, 156.0
196, 684.0, 66.0
197, 412.0, 44.0
198, 72.0, 81.0
199, 742.0, 316.0
200, 383.0, 20.0
201, 144.0, 398.0
202, 157.0, 117.0
203, 201.0, 416.0
204, 86.0, 359.0
205, 188.0, 223.0
206, 50.0, 216.0
207, 120.0, 320.0
208, 283.0, 47.0
209, 167.0, 74.0
210, 39.0, 122.0
211, 237.0, 181.0
212, 253.0, 155.0
213, 59.0, 329.0
214, 603.0, 50.0
215, 316.0, 123.0
216, 82.0, 291.0
217, 107.0, 252.0
218, 250.0, 186.0
219, 249.0, 77.0
220, 67.0, 259.0
221, 59.0, 159.0
222, 83.0, 403.0
223, 735.0, 266.0
224, 123.0, 139.0
225, 250.0, 68.0
226, 434.0, 172.0
227, 293.0, 333.0
228, 269.0, 68.0
229, 357.0, 328.0
230, 306.0, 335.0
231, 129.0, 118.0
232, 374.0, 185.0
233, 710.0, 401.0
234, 164.0, 421.0
235, 401.0, 31.0
236, 520.0, 32.0
237, 665.0, 271.0
238, 173.0, 462.0
239, 476.0, 293.0
240, 333.0, 61.0
241, 688.0, 355.0
242, 143.0, 186.0
243, 202.0, 148.0
244, 543.0, 55.0
245, 324.0, 10.0
246, 667.0, 224.0
247, 230.0, 443.0
248, 50.0, 15.0
249, 441.0, 262.0
250, 295.0, 85.0
251, 289.0, 154.0
252, 547.0, 254.0
253, 101.0, 140.0
254, 97.0, 225.0
255, 195.0, 317.0
256, 33.0, 268.0
257, 335.0, 147.0
258, 228.0, 163.0
259, 101.0, 235.0
260, 145.0, 216.0
261, 562.0, 297.0
262, 218.0, 217.0
263, 450.0, 299.0
264, 396.0, 127.0
265, 524.0, 64.0
266, 690.0, 169.0
267, 159.0, 206.0
268, 250.0, 204.0
269, 636.0, 323.0
270, 576.0, 68.0
271, 370.0, 463.0
272, 726.0, 237.0
273, 603.0, 235.0
274, 199.0, 404.0
275, 682.0, 446.0
276, 502.0, 42.0
277, 315.0, 51.0
278, 595.0, 470.0
279, 148.0, 461.0
280, 734.0, 81.0
281, 642.0, 459.0
282, 693.0, 375.0
283, 130.0, 238.0
284, 710.0, 54.0
285, 286.0, 104.0
286, 362.0, 172.0
287, 372.0, 63.0
288, 86.0, 271.0
289, 381.0, 283.0
290, 164.0, 158.0
291, 263.0, 146.0
292, 103.0, 217.0
293, 118.0, 248.0
294, 117.0, 461.0
295, 132.0, 80.0
296, 687.0, 335.0
297, 352.0, 188.0
298, 216.0, 358.0
299, 428.0, 115.0
300, 359.0, 82.0
301, 88.0, 140.0
302, 481.0, 61.0
303, 357.0, 14.0
304, 127.0, 222.0
305, 502.0, 25.0
306, 266.0, 113.0
307, 63.0, 348.0
308, 609.0, 325.0
309, 168.0, 63.0
310, 280.0, 16.0
311, 49.0, 47.0
312, 85.0, 310.0
313, 106.0, 405.0
314, 667.0, 194.0
315, 123.0, 195.0
316, 215.0, 442.0
317, 95.0, 176.0
318, 126.0, 160.0
319, 345.0, 24.0
320, 227.0, 156.0
321, 270.0, 36.0
322, 116.0, 298.0
323, 16.0, 78.0
324, 380.0, 60.0
325, 151.0, 260.0
326, 355.0, 352.0
327, 133.0, 419.0
328, 363.0, 67.0
329, 10.0, 318.0
330, 88.0, 234.0
331, 636.0, 230.0
332, 619.0, 234.0
333, 345.0, 165.0
334, 364.0, 130.0
335, 86.0, 392.0
336, 303.0, 56.0
337, 502.0, 87.0
338, 123.0, 175.0
339, 319.0, 59.0
340, 213.0, 266.0
341, 614.0, 434.0
342, 160.0, 459.0
343, 23.0, 357.0
344, 35.0, 334.0
345, 195.0, 66.0
346, 670.0, 71.0
347, 469.0, 39.0
348, 365.0, 366.0
349, 313.0, 86.0
350, 39.0, 425.0
351, 511.0, 63.0
352, 76.0, 236.0
353, 533.0, 281.0
354, 134.0, 107.0
355, 39.0, 79.0
356, 605.0, 176.0
357, 639.0, 344.0
358, 267.0, 168.0
359, 678.0, 188.0
360, 605.0, 40.0
361, 150.0, 326.0
362, 441.0, 138.0
363, 489.0, 282.0
364, 291.0, 247.0
365, 198.0, 84.0
366, 376.0, 116.0
367, 90.0, 151.0
368, 596.0, 319.0
369, 200.0, 443.0
370, 712.0, 349.0
371, 688.0, 54.0
372, 63.0, 372.0
373, 137.0, 167.0
374, 277.0, 161.0
375, 306.0, 123.0
376, 555.0, 166.0
377, 567.0, 44.0
378, 540.0, 183.0
379, 188.0, 405.0
380, 729.0, 213.0
381, 324.0, 192.0
382, 276.0, 82.0
383, 616.0, 184.0
384, 75.0, 217.0
385, 81.0, 110.0
386, 484.0, 40.0
387, 621.0, 463.0
388, 501.0, 185.0
389, 721.0, 305.0
390, 147.0, 86.0
391, 101.0, 192.0
392, 252.0, 137.0
393, 462.0, 275.0
394, 291.0, 404.0
395, 178.0, 375.0
396, 437.0, 57.0
397, 170.0, 28.0
398, 525.0, 109.0
399, 385.0, 322.0
400, 92.0, 431.0
401, 462.0, 189.0
402, 285.0, 62.0
403, 644.0, 46.0
404, 49.0, 108.0
405, 405.0, 59.0
406, 408.0, 248.0
407, 344.0, 200.0
408, 344.0, 64.0
409, 307.0, 155.0
410, 574.0, 264.0
411, 317.0, 284.0
412, 117.0, 232.0
413, 165.0, 229.0
414, 24.0, 305.0
415, 307.0, 115.0
416, 180.0, 203.0
417, 52.0, 82.0
418, 568.0, 23.0
419, 203.0, 138.0
420, 694.0, 73.0
421, 173.0, 159.0
422, 61.0, 19.0
423, 571.0, 179.0
424, 67.0, 320.0
425, 406.0, 266.0
426, 490.0, 253.0
427, 694.0, 313.0
428, 351.0, 466.0
429, 650.0, 39.0
430, 271.0, 265.0
431, 156.0, 27.0
432, 584.0, 21.0
433, 696.0, 219.0
434, 225.0, 138.0
435, 583.0, 141.0
436, 629.0, 13.0
437, 364.0, 434.0
438, 399.0, 183.0
439, 705.0, 173.0
440, 483.0, 108.0
441, 391.0, 314.0
442, 484.0, 80.0
443, 233.0, 368.0
444, 579.0, 240.0
445, 33.0, 58.0
446, 23.0, 56.0
447, 238.0, 206.0
448, 71.0, 363.0
449, 170.0, 139.0
450, 314.0, 337.0
451, 450.0, 85.0
452, 676.0, 381.0
453, 250.0, 123.0
454, 159.0, 138.0
455, 83.0, 245.0
456, 225.0, 95.0
457, 359.0, 276.0
458, 176.0, 364.0
459, 14.0, 294.0
460, 118.0, 106.0
461, 197.0, 379.0
462, 586.0, 424.0
463, 208.0, 184.0
464, 66.0, 126.0
465, 224.0, 108.0
466, 642.0, 57.0
467, 224.0, 260.0
468, 202.0, 157.0
469, 412.0, 193.0
470, 66.0, 269.0
471, 391.0, 58.0
472, 27.0, 296.0
473, 215.0, 403.0
474, 741.0, 433.0
475, 459.0, 68.0
476, 10.0, 109.0
477, 699.0, 204.0
478, 432.0, 245.0
479, 276.0, 153.0
480, 13.0, 333.0
481, 95.0, 311.0
482, 728.0, 419.0
483, 174.0, 424.0
484, 332.0, 285.0
485, 375.0, 432.0
486, 76.0, 346.0
487, 657.0, 9.0
488, 8.0, 306.0
489, 257.0, 111.0
490, 155.0, 428.0
491, 130.0, 465.0
492, 736.0, 333.0
493, 557.0, 139.0
494, 604.0, 148.0
495, 274.0, 103.0
496, 174.0, 75.0
497, 260.0, 125.0
498, 673.0, 310.0
499, 18.0, 8.0
