0, 80.0, 8.0
1, 543.0, 9.0
2, 116.0, 13.0
3, 66.0, 14.0
4, 131.0, 15.0
5, 521.0, 16.0
6, 147.0, 17.0
7, 497.0, 17.0
8, 111.0, 20.0
9, 465.0, 20.0
10, 174.0, 21.0
11, 542.0, 21.0
12, 498.0, 22.0
13, 589.0, 25.0
14, 504.0, 27.0
15, 621.0, 27.0
16, 8.0, 28.0
17, 123.0, 28.0
18, 518.0, 28.0
19, 597.0, 28.0
20, 602.0, 28.0
21, 636.0, 28.0
22, 134.0, 29.0
23, 478.0, 29.0
24, 653.0, 30.0
25, 59.0, 31.0
26, 66.0, 31.0
27, 71.0, 32.0
28, 572.0, 32.0
29, 587.0, 32.0
30, 84.0, 33.0
31, 175.0, 33.0
32, 266.0, 33.0
33, 538.0, 34.0
34, 661.0, 34.0
35, 476.0, 35.0
36, 674.0, 36.0
37, 112.0, 37.0
38, 385.0, 37.0
39, 517.0, 37.0
40, 125.0, 39.0
41, 136.0, 39.0
42, 500.0, 39.0
43, 688.0, 39.0
44, 505.0, 41.0
45, 599.0, 43.0
46, 462.0, 45.0
47, 616.0, 46.0
48, 664.0, 46.0
49, 412.0, 48.0
50, 531.0, 48.0
51, 632.0, 48.0
52, 128.0, 49.0
53, 453.0, 50.0
54, 646.0, 50.0
55, 385.0, 51.0
56, 657.0, 52.0
57, 586.0, 53.0
58, 670.0, 55.0
59, 596.0, 57.0
60, 683.0, 57.0
61, 613.0, 60.0
62, 411.0, 61.0
63, 628.0, 62.0
64, 139.0, 64.0
65, 582.0, 64.0
66, 589.0, 64.0
67, 642.0, 64.0
68, 730.0, 64.0
69, 383.0, 65.0
70, 594.0, 66.0
71, 656.0, 66.0
72, 666.0, 68.0
73, 679.0, 70.0
74, 249.0, 74.0
75, 332.0, 80.0
76, 719.0, 86.0
77, 627.0, 87.0
78, 703.0, 90.0
79, 12.0, 95.0
80, 715.0, 96.0
81, 49.0, 97.0
82, 63.0, 97.0
83, 72.0, 98.0
84, 77.0, 98.0
85, 473.0, 98.0
86, 495.0, 98.0
87, 91.0, 99.0
88, 96.0, 99.0
89, 101.0, 100.0
90, 106.0, 100.0
91, 120.0, 100.0
92, 487.0, 100.0
93, 134.0, 101.0
94, 146.0, 102.0
95, 157.0, 103.0
96, 182.0, 104.0
97, 54.0, 114.0
98, 73.0, 114.0
99, 78.0, 114.0
100, 84.0, 114.0
101, 98.0, 114.0
102, 89.0, 115.0
103, 111.0, 115.0
104, 125.0, 116.0
105, 134.0, 117.0
106, 471.0, 118.0
107, 335.0, 119.0
108, 492.0, 120.0
109, 184.0, 122.0
110, 422.0, 123.0
111, 505.0, 123.0
112, 461.0, 124.0
113, 520.0, 124.0
114, 539.0, 124.0
115, 467.0, 125.0
116, 477.0, 126.0
117, 56.0, 127.0
118, 68.0, 127.0
119, 119.0, 127.0
120, 103.0, 128.0
121, 125.0, 128.0
122, 139.0, 128.0
123, 89.0, 129.0
124, 130.0, 129.0
125, 168.0, 129.0
126, 246.0, 129.0
127, 156.0, 130.0
128, 79.0, 132.0
129, 419.0, 132.0
130, 459.0, 133.0
131, 469.0, 133.0
132, 119.0, 136.0
133, 496.0, 136.0
134, 517.0, 136.0
135, 406.0, 137.0
136, 411.0, 137.0
137, 479.0, 137.0
138, 70.0, 138.0
139, 459.0, 139.0
140, 554.0, 139.0
141, 125.0, 140.0
142, 490.0, 140.0
143, 540.0, 141.0
144, 583.0, 141.0
145, 596.0, 141.0
146, 106.0, 142.0
147, 141.0, 142.0
148, 157.0, 142.0
149, 83.0, 143.0
150, 418.0, 143.0
151, 274.0, 144.0
152, 459.0, 144.0
153, 507.0, 144.0
154, 133.0, 145.0
155, 519.0, 147.0
156, 93.0, 151.0
157, 150.0, 151.0
158, 159.0, 151.0
159, 170.0, 151.0
160, 401.0, 154.0
161, 73.0, 155.0
162, 143.0, 155.0
163, 126.0, 157.0
164, 482.0, 159.0
165, 74.0, 160.0
166, 88.0, 160.0
167, 131.0, 160.0
168, 400.0, 160.0
169, 151.0, 161.0
170, 190.0, 161.0
171, 575.0, 162.0
172, 516.0, 163.0
173, 559.0, 163.0
174, 416.0, 164.0
175, 523.0, 164.0
176, 179.0, 169.0
177, 97.0, 171.0
178, 158.0, 171.0
179, 139.0, 172.0
180, 451.0, 174.0
181, 481.0, 174.0
182, 499.0, 174.0
183, 514.0, 174.0
184, 416.0, 175.0
185, 386.0, 176.0
186, 400.0, 176.0
187, 523.0, 176.0
188, 140.0, 178.0
189, 556.0, 178.0
190, 77.0, 179.0
191, 91.0, 179.0
192, 174.0, 179.0
193, 542.0, 181.0
194, 624.0, 181.0
195, 629.0, 181.0
196, 602.0, 183.0
197, 607.0, 183.0
198, 77.0, 184.0
199, 578.0, 184.0
200, 616.0, 185.0
201, 552.0, 186.0
202, 591.0, 186.0
203, 506.0, 188.0
204, 563.0, 188.0
205, 485.0, 189.0
206, 541.0, 189.0
207, 385.0, 190.0
208, 450.0, 190.0
209, 415.0, 191.0
210, 139.0, 193.0
211, 151.0, 194.0
212, 163.0, 195.0
213, 389.0, 195.0
214, 94.0, 197.0
215, 81.0, 198.0
216, 128.0, 198.0
217, 39.0, 200.0
218, 163.0, 200.0
219, 341.0, 201.0
220, 346.0, 201.0
221, 732.0, 205.0
222, 184.0, 206.0
223, 737.0, 206.0
224, 397.0, 207.0
225, 580.0, 207.0
226, 154.0, 208.0
227, 141.0, 209.0
228, 414.0, 209.0
229, 590.0, 210.0
230, 382.0, 211.0
231, 406.0, 212.0
232, 352.0, 214.0
233, 603.0, 214.0
234, 613.0, 216.0
235, 494.0, 220.0
236, 632.0, 221.0
237, 413.0, 227.0
238, 664.0, 227.0
239, 394.0, 229.0
240, 380.0, 231.0
241, 385.0, 231.0
242, 375.0, 232.0
243, 695.0, 235.0
244, 454.0, 241.0
245, 411.0, 244.0
246, 325.0, 245.0
247, 82.0, 246.0
248, 435.0, 248.0
249, 334.0, 252.0
250, 276.0, 253.0
251, 461.0, 257.0
252, 275.0, 258.0
253, 682.0, 260.0
254, 692.0, 263.0
255, 276.0, 264.0
256, 613.0, 269.0
257, 714.0, 269.0
258, 39.0, 272.0
259, 193.0, 272.0
260, 458.0, 273.0
261, 432.0, 276.0
262, 528.0, 279.0
263, 113.0, 281.0
264, 227.0, 284.0
265, 530.0, 284.0
266, 532.0, 289.0
267, 19.0, 290.0
268, 351.0, 306.0
269, 109.0, 322.0
270, 186.0, 334.0
271, 167.0, 337.0
272, 81.0, 338.0
273, 378.0, 345.0
274, 97.0, 346.0
275, 164.0, 347.0
276, 184.0, 352.0
277, 70.0, 353.0
278, 341.0, 356.0
279, 181.0, 387.0
280, 172.0, 389.0
281, 685.0, 389.0
282, 30.0, 399.0
283, 345.0, 400.0
284, 570.0, 402.0
285, 684.0, 402.0
286, 420.0, 403.0
287, 66.0, 410.0
288, 176.0, 413.0
289, 35.0, 417.0
290, 150.0, 419.0
291, 145.0, 420.0
292, 151.0, 432.0
293, 21.0, 434.0
294, 246.0, 437.0
295, 586.0, 437.0
296, 59.0, 440.0
297, 141.0, 441.0
298, 320.0, 441.0
299, 17.0, 449.0
300, 466.0, 452.0
301, 397.0, 461.0
302, 582.0, 462.0
303, 329.0, 469.0
