0, 191.0, 268.0
1, 357.0, 239.0
2, 437.0, 282.0
3, 267.0, 28.0
4, 278.0, 28.0
5, 540.0, 244.0
6, 363.0, 438.0
7, 427.0, 294.0
8, 332.0, 238.0
9, 195.0, 430.0
10, 436.0, 310.0
11, 184.0, 258.0
12, 456.0, 239.0
13, 235.0, 201.0
14, 602.0, 19.0
15, 296.0, 422.0
16, 585.0, 8.0
17, 437.0, 296.0
18, 54.0, 75.0
19, 421.0, 366.0
20, 319.0, 221.0
21, 374.0, 324.0
22, 267.0, 39.0
23, 278.0, 220.0
24, 268.0, 129.0
25, 690.0, 189.0
26, 434.0, 172.0
27, 303.0, 223.0
28, 320.0, 282.0
29, 223.0, 233.0
30, 111.0, 43.0
31, 434.0, 334.0
32, 334.0, 418.0
33, 484.0, 267.0
34, 618.0, 33.0
35, 523.0, 253.0
36, 304.0, 266.0
37, 340.0, 217.0
38, 380.0, 241.0
39, 577.0, 297.0
40, 63.0, 134.0
41, 673.0, 318.0
42, 495.0, 307.0
43, 463.0, 332.0
44, 424.0, 471.0
45, 591.0, 332.0
46, 326.0, 213.0
47, 649.0, 310.0
48, 128.0, 31.0
49, 440.0, 237.0
50, 186.0, 444.0
51, 238.0, 27.0
52, 476.0, 351.0
53, 513.0, 309.0
54, 562.0, 348.0
55, 670.0, 388.0
56, 501.0, 332.0
57, 617.0, 337.0
58, 406.0, 17.0
59, 350.0, 305.0
60, 604.0, 8.0
61, 74.0, 352.0
62, 598.0, 35.0
63, 76.0, 452.0
64, 499.0, 461.0
65, 653.0, 17.0
66, 300.0, 29.0
67, 318.0, 445.0
68, 319.0, 236.0
69, 302.0, 410.0
70, 188.0, 282.0
71, 555.0, 247.0
72, 324.0, 456.0
73, 319.0, 316.0
74, 651.0, 454.0
75, 675.0, 249.0
76, 254.0, 28.0
77, 682.0, 355.0
78, 80.0, 314.0
79, 317.0, 200.0
80, 310.0, 17.0
81, 650.0, 384.0
82, 279.0, 40.0
83, 343.0, 334.0
84, 204.0, 13.0
85, 171.0, 250.0
86, 398.0, 273.0
87, 404.0, 377.0
88, 215.0, 458.0
89, 437.0, 449.0
90, 490.0, 9.0
91, 244.0, 157.0
92, 302.0, 160.0
93, 499.0, 28.0
94, 72.0, 334.0
95, 385.0, 316.0
96, 391.0, 263.0
97, 255.0, 40.0
98, 557.0, 262.0
99, 91.0, 98.0
100, 688.0, 10.0
101, 362.0, 301.0
102, 516.0, 291.0
103, 678.0, 369.0
104, 359.0, 225.0
105, 667.0, 32.0
106, 404.0, 306.0
107, 436.0, 141.0
108, 259.0, 155.0
109, 161.0, 266.0
110, 445.0, 297.0
111, 319.0, 30.0
112, 709.0, 374.0
113, 640.0, 334.0
114, 517.0, 8.0
115, 315.0, 331.0
116, 293.0, 252.0
117, 359.0, 344.0
118, 57.0, 332.0
119, 405.0, 31.0
120, 494.0, 342.0
121, 542.0, 450.0
122, 106.0, 112.0
123, 496.0, 296.0
124, 289.0, 113.0
125, 247.0, 193.0
126, 311.0, 284.0
127, 647.0, 404.0
128, 230.0, 302.0
129, 18.0, 15.0
130, 665.0, 303.0
131, 71.0, 432.0
132, 700.0, 272.0
133, 429.0, 17.0
134, 716.0, 52.0
135, 688.0, 330.0
136, 549.0, 27.0
137, 673.0, 191.0
138, 258.0, 465.0
139, 436.0, 269.0
140, 608.0, 171.0
141, 537.0, 281.0
142, 257.0, 188.0
143, 547.0, 313.0
144, 631.0, 341.0
145, 259.0, 348.0
146, 685.0, 436.0
147, 326.0, 226.0
148, 547.0, 180.0
149, 377.0, 204.0
150, 459.0, 350.0
151, 216.0, 154.0
152, 708.0, 220.0
153, 454.0, 452.0
154, 426.0, 309.0
155, 719.0, 355.0
156, 535.0, 293.0
157, 454.0, 259.0
158, 519.0, 335.0
159, 288.0, 52.0
160, 298.0, 313.0
161, 65.0, 73.0
162, 245.0, 384.0
163, 419.0, 144.0
164, 221.0, 208.0
165, 562.0, 295.0
166, 406.0, 170.0
167, 266.0, 147.0
168, 478.0, 196.0
169, 480.0, 340.0
170, 379.0, 466.0
171, 706.0, 320.0
172, 306.0, 179.0
173, 104.0, 322.0
174, 575.0, 250.0
175, 239.0, 312.0
176, 380.0, 379.0
177, 483.0, 305.0
178, 190.0, 297.0
179, 441.0, 434.0
180, 106.0, 34.0
181, 91.0, 311.0
182, 324.0, 270.0
183, 631.0, 244.0
184, 483.0, 362.0
185, 473.0, 90.0
186, 280.0, 461.0
187, 494.0, 91.0
188, 518.0, 322.0
189, 533.0, 29.0
190, 458.0, 193.0
191, 658.0, 335.0
192, 449.0, 364.0
193, 384.0, 402.0
194, 632.0, 379.0
195, 691.0, 420.0
196, 630.0, 24.0
197, 315.0, 367.0
198, 292.0, 467.0
199, 141.0, 53.0
200, 662.0, 168.0
201, 579.0, 93.0
202, 147.0, 379.0
203, 389.0, 287.0
204, 720.0, 40.0
205, 534.0, 256.0
206, 500.0, 285.0
207, 368.0, 349.0
208, 359.0, 427.0
209, 423.0, 355.0
210, 476.0, 386.0
211, 577.0, 190.0
212, 407.0, 265.0
213, 542.0, 270.0
214, 642.0, 359.0
215, 501.0, 355.0
216, 458.0, 436.0
217, 284.0, 17.0
218, 570.0, 277.0
219, 47.0, 20.0
220, 404.0, 328.0
221, 620.0, 157.0
222, 322.0, 468.0
223, 516.0, 17.0
224, 289.0, 264.0
225, 449.0, 373.0
226, 372.0, 275.0
227, 406.0, 8.0
228, 450.0, 335.0
229, 423.0, 191.0
230, 397.0, 206.0
231, 686.0, 20.0
232, 188.0, 335.0
233, 580.0, 351.0
234, 290.0, 435.0
235, 300.0, 51.0
236, 442.0, 21.0
237, 572.0, 203.0
238, 401.0, 220.0
239, 266.0, 17.0
240, 615.0, 209.0
241, 613.0, 219.0
242, 240.0, 16.0
243, 647.0, 340.0
244, 585.0, 344.0
245, 437.0, 257.0
246, 352.0, 459.0
247, 642.0, 437.0
248, 239.0, 256.0
249, 267.0, 180.0
250, 359.0, 280.0
251, 667.0, 437.0
252, 391.0, 228.0
253, 575.0, 333.0
254, 202.0, 27.0
255, 487.0, 461.0
256, 375.0, 337.0
257, 292.0, 223.0
258, 598.0, 157.0
259, 447.0, 281.0
260, 50.0, 363.0
261, 432.0, 221.0
262, 398.0, 241.0
263, 284.0, 171.0
264, 458.0, 374.0
265, 27.0, 85.0
266, 441.0, 192.0
267, 229.0, 395.0
268, 255.0, 293.0
269, 373.0, 416.0
270, 70.0, 110.0
271, 42.0, 28.0
272, 229.0, 431.0
273, 310.0, 421.0
274, 120.0, 129.0
275, 445.0, 310.0
276, 383.0, 344.0
277, 296.0, 446.0
278, 565.0, 323.0
279, 145.0, 84.0
280, 268.0, 442.0
281, 523.0, 198.0
282, 225.0, 36.0
283, 92.0, 333.0
284, 332.0, 251.0
285, 348.0, 381.0
286, 618.0, 18.0
287, 511.0, 277.0
288, 584.0, 18.0
289, 77.0, 24.0
290, 265.0, 282.0
291, 479.0, 328.0
292, 346.0, 182.0
293, 279.0, 132.0
294, 363.0, 391.0
295, 725.0, 337.0
296, 525.0, 447.0
297, 430.0, 322.0
298, 582.0, 224.0
299, 412.0, 214.0
300, 33.0, 111.0
301, 199.0, 223.0
302, 485.0, 283.0
303, 244.0, 306.0
304, 711.0, 280.0
305, 505.0, 385.0
306, 688.0, 339.0
307, 420.0, 267.0
308, 109.0, 18.0
309, 696.0, 99.0
310, 250.0, 135.0
311, 671.0, 465.0
312, 521.0, 264.0
313, 540.0, 374.0
314, 112.0, 58.0
315, 125.0, 20.0
316, 132.0, 314.0
317, 330.0, 284.0
318, 426.0, 154.0
319, 31.0, 43.0
320, 487.0, 295.0
321, 8.0, 38.0
322, 553.0, 289.0
323, 414.0, 455.0
324, 181.0, 22.0
325, 683.0, 33.0
326, 542.0, 201.0
327, 543.0, 256.0
328, 368.0, 186.0
329, 478.0, 36.0
330, 586.0, 241.0
331, 479.0, 13.0
332, 659.0, 414.0
333, 395.0, 39.0
334, 469.0, 323.0
335, 165.0, 112.0
336, 344.0, 393.0
337, 122.0, 268.0
338, 357.0, 252.0
339, 571.0, 170.0
340, 274.0, 309.0
341, 341.0, 406.0
342, 608.0, 230.0
343, 136.0, 113.0
344, 180.0, 229.0
345, 306.0, 402.0
346, 471.0, 159.0
347, 447.0, 40.0
348, 339.0, 293.0
349, 86.0, 180.0
350, 640.0, 162.0
351, 307.0, 294.0
352, 131.0, 170.0
353, 434.0, 463.0
354, 103.0, 178.0
355, 415.0, 291.0
356, 354.0, 294.0
357, 320.0, 295.0
358, 699.0, 402.0
359, 183.0, 412.0
360, 695.0, 127.0
361, 356.0, 322.0
362, 276.0, 50.0
363, 543.0, 360.0
364, 212.0, 211.0
365, 376.0, 251.0
366, 416.0, 299.0
367, 87.0, 157.0
368, 300.0, 40.0
369, 338.0, 226.0
370, 705.0, 332.0
371, 683.0, 220.0
372, 475.0, 21.0
373, 434.0, 352.0
374, 295.0, 134.0
375, 718.0, 103.0
376, 423.0, 406.0
377, 714.0, 422.0
378, 374.0, 264.0
379, 646.0, 267.0
380, 411.0, 353.0
381, 714.0, 360.0
382, 33.0, 134.0
383, 647.0, 367.0
384, 428.0, 271.0
385, 650.0, 185.0
386, 390.0, 278.0
387, 363.0, 412.0
388, 731.0, 366.0
389, 244.0, 40.0
390, 416.0, 223.0
391, 452.0, 385.0
392, 272.0, 273.0
393, 376.0, 222.0
394, 203.0, 248.0
395, 683.0, 459.0
396, 305.0, 449.0
397, 361.0, 32.0
398, 618.0, 345.0
399, 552.0, 194.0
400, 117.0, 318.0
401, 168.0, 158.0
402, 449.0, 8.0
403, 412.0, 104.0
404, 320.0, 302.0
405, 733.0, 40.0
406, 514.0, 90.0
407, 611.0, 373.0
408, 583.0, 71.0
409, 408.0, 363.0
410, 355.0, 260.0
411, 192.0, 156.0
412, 580.0, 169.0
413, 392.0, 18.0
414, 234.0, 141.0
415, 655.0, 42.0
416, 352.0, 396.0
417, 21.0, 71.0
418, 319.0, 254.0
419, 415.0, 160.0
420, 190.0, 119.0
421, 500.0, 9.0
422, 295.0, 124.0
423, 263.0, 46.0
424, 687.0, 374.0
425, 641.0, 33.0
426, 559.0, 375.0
427, 284.0, 298.0
428, 453.0, 320.0
429, 687.0, 175.0
430, 573.0, 8.0
431, 70.0, 325.0
432, 310.0, 431.0
433, 69.0, 187.0
434, 92.0, 282.0
435, 574.0, 153.0
436, 333.0, 8.0
437, 151.0, 23.0
438, 504.0, 256.0
439, 735.0, 372.0
440, 663.0, 284.0
441, 245.0, 28.0
442, 719.0, 457.0
443, 383.0, 277.0
444, 386.0, 327.0
445, 579.0, 367.0
446, 67.0, 90.0
447, 393.0, 81.0
448, 322.0, 53.0
449, 424.0, 215.0
450, 641.0, 288.0
451, 254.0, 17.0
452, 280.0, 117.0
453, 532.0, 313.0
454, 209.0, 300.0
455, 148.0, 147.0
456, 550.0, 323.0
457, 540.0, 9.0
458, 390.0, 237.0
459, 162.0, 438.0
460, 348.0, 48.0
461, 83.0, 343.0
462, 433.0, 345.0
463, 613.0, 269.0
464, 282.0, 157.0
465, 389.0, 176.0
466, 392.0, 425.0
467, 715.0, 126.0
468, 622.0, 211.0
469, 417.0, 167.0
470, 499.0, 14.0
471, 406.0, 297.0
472, 286.0, 275.0
473, 624.0, 221.0
474, 84.0, 415.0
475, 682.0, 390.0
476, 394.0, 337.0
477, 499.0, 368.0
478, 388.0, 385.0
479, 679.0, 47.0
480, 497.0, 38.0
481, 337.0, 171.0
482, 450.0, 32.0
483, 273.0, 455.0
484, 611.0, 40.0
485, 279.0, 264.0
486, 616.0, 174.0
487, 478.0, 372.0
488, 158.0, 293.0
489, 732.0, 97.0
490, 438.0, 371.0
491, 570.0, 459.0
492, 303.0, 304.0
493, 335.0, 450.0
494, 532.0, 465.0
495, 532.0, 9.0
496, 263.0, 138.0
497, 714.0, 235.0
498, 637.0, 226.0
499, 146.0, 249.0
