0, 393.0, 179.0
1, 440.0, 182.0
2, 278.0, 218.0
3, 407.0, 199.0
4, 235.0, 257.0
5, 605.0, 351.0
6, 507.0, 216.0
7, 606.0, 225.0
8, 347.0, 337.0
9, 484.0, 196.0
10, 611.0, 198.0
11, 150.0, 426.0
12, 582.0, 228.0
13, 558.0, 308.0
14, 265.0, 202.0
15, 512.0, 276.0
16, 452.0, 355.0
17, 136.0, 279.0
18, 694.0, 273.0
19, 166.0, 258.0
20, 270.0, 118.0
21, 481.0, 242.0
22, 128.0, 383.0
23, 511.0, 334.0
24, 690.0, 309.0
25, 154.0, 43.0
26, 357.0, 342.0
27, 527.0, 338.0
28, 199.0, 21.0
29, 156.0, 420.0
30, 465.0, 305.0
31, 555.0, 213.0
32, 563.0, 237.0
33, 537.0, 250.0
34, 736.0, 317.0
35, 591.0, 257.0
36, 602.0, 340.0
37, 110.0, 382.0
38, 127.0, 341.0
39, 632.0, 272.0
40, 644.0, 459.0
41, 187.0, 410.0
42, 715.0, 441.0
43, 249.0, 245.0
44, 348.0, 27.0
45, 608.0, 285.0
46, 101.0, 376.0
47, 457.0, 131.0
48, 657.0, 277.0
49, 452.0, 177.0
50, 329.0, 159.0
51, 444.0, 233.0
52, 349.0, 54.0
53, 459.0, 262.0
54, 680.0, 292.0
55, 65.0, 60.0
56, 548.0, 249.0
57, 419.0, 169.0
58, 108.0, 469.0
59, 31.0, 85.0
60, 580.0, 454.0
61, 224.0, 254.0
62, 634.0, 188.0
63, 366.0, 226.0
64, 584.0, 194.0
65, 78.0, 22.0
66, 191.0, 242.0
67, 581.0, 239.0
68, 289.0, 194.0
69, 180.0, 429.0
70, 363.0, 166.0
71, 568.0, 204.0
72, 454.0, 393.0
73, 347.0, 160.0
74, 596.0, 328.0
75, 333.0, 195.0
76, 672.0, 395.0
77, 688.0, 138.0
78, 181.0, 68.0
79, 497.0, 215.0
80, 90.0, 40.0
81, 377.0, 265.0
82, 482.0, 133.0
83, 212.0, 279.0
84, 548.0, 259.0
85, 548.0, 335.0
86, 305.0, 104.0
87, 199.0, 252.0
88, 624.0, 333.0
89, 115.0, 92.0
90, 495.0, 261.0
91, 671.0, 308.0
92, 339.0, 304.0
93, 161.0, 470.0
94, 359.0, 197.0
95, 100.0, 358.0
96, 500.0, 196.0
97, 368.0, 187.0
98, 496.0, 156.0
99, 599.0, 196.0
100, 722.0, 329.0
101, 597.0, 223.0
102, 91.0, 8.0
103, 104.0, 365.0
104, 264.0, 305.0
105, 197.0, 37.0
106, 316.0, 99.0
107, 275.0, 180.0
108, 442.0, 255.0
109, 102.0, 25.0
110, 218.0, 271.0
111, 278.0, 204.0
112, 680.0, 163.0
113, 568.0, 286.0
114, 712.0, 252.0
115, 613.0, 333.0
116, 470.0, 106.0
117, 379.0, 192.0
118, 607.0, 453.0
119, 490.0, 231.0
120, 547.0, 269.0
121, 464.0, 215.0
122, 618.0, 242.0
123, 739.0, 414.0
124, 531.0, 219.0
125, 317.0, 133.0
126, 535.0, 56.0
127, 727.0, 173.0
128, 539.0, 271.0
129, 453.0, 369.0
130, 343.0, 396.0
131, 355.0, 315.0
132, 116.0, 371.0
133, 241.0, 380.0
134, 123.0, 329.0
135, 345.0, 196.0
136, 601.0, 210.0
137, 125.0, 357.0
138, 732.0, 217.0
139, 382.0, 330.0
140, 461.0, 441.0
141, 607.0, 326.0
142, 148.0, 112.0
143, 524.0, 270.0
144, 146.0, 94.0
145, 684.0, 279.0
146, 648.0, 176.0
147, 702.0, 356.0
148, 501.0, 118.0
149, 94.0, 78.0
150, 714.0, 408.0
151, 711.0, 316.0
152, 288.0, 170.0
153, 206.0, 73.0
154, 324.0, 236.0
155, 678.0, 136.0
156, 454.0, 224.0
157, 302.0, 122.0
158, 702.0, 309.0
159, 432.0, 316.0
160, 625.0, 287.0
161, 215.0, 107.0
162, 28.0, 153.0
163, 730.0, 334.0
164, 727.0, 260.0
165, 110.0, 334.0
166, 158.0, 389.0
167, 741.0, 253.0
168, 321.0, 122.0
169, 108.0, 77.0
170, 615.0, 182.0
171, 346.0, 116.0
172, 484.0, 213.0
173, 273.0, 231.0
174, 212.0, 61.0
175, 348.0, 134.0
176, 360.0, 377.0
177, 407.0, 186.0
178, 529.0, 318.0
179, 560.0, 255.0
180, 429.0, 152.0
181, 469.0, 264.0
182, 553.0, 369.0
183, 305.0, 158.0
184, 148.0, 66.0
185, 347.0, 183.0
186, 313.0, 258.0
187, 133.0, 91.0
188, 610.0, 149.0
189, 510.0, 263.0
190, 434.0, 331.0
191, 713.0, 344.0
192, 568.0, 275.0
193, 438.0, 196.0
194, 688.0, 357.0
195, 709.0, 265.0
196, 715.0, 93.0
197, 236.0, 126.0
198, 683.0, 376.0
199, 426.0, 232.0
200, 138.0, 127.0
201, 334.0, 370.0
202, 296.0, 286.0
203, 280.0, 83.0
204, 198.0, 53.0
205, 390.0, 149.0
206, 636.0, 469.0
207, 497.0, 250.0
208, 33.0, 115.0
209, 457.0, 320.0
210, 17.0, 55.0
211, 332.0, 27.0
212, 649.0, 124.0
213, 302.0, 131.0
214, 419.0, 184.0
215, 676.0, 236.0
216, 120.0, 43.0
217, 451.0, 448.0
218, 713.0, 456.0
219, 81.0, 355.0
220, 38.0, 54.0
221, 683.0, 212.0
222, 604.0, 461.0
223, 344.0, 238.0
224, 597.0, 236.0
225, 555.0, 285.0
226, 61.0, 160.0
227, 60.0, 72.0
228, 735.0, 19.0
229, 706.0, 130.0
230, 230.0, 214.0
231, 349.0, 212.0
232, 112.0, 346.0
233, 482.0, 157.0
234, 540.0, 362.0
235, 478.0, 181.0
236, 705.0, 276.0
237, 379.0, 213.0
238, 446.0, 218.0
239, 153.0, 272.0
240, 431.0, 276.0
241, 95.0, 346.0
242, 730.0, 359.0
243, 85.0, 456.0
244, 428.0, 208.0
245, 446.0, 309.0
246, 258.0, 75.0
247, 475.0, 217.0
248, 715.0, 297.0
249, 496.0, 285.0
250, 307.0, 233.0
251, 348.0, 14.0
252, 606.0, 302.0
253, 567.0, 324.0
254, 217.0, 245.0
255, 181.0, 8.0
256, 684.0, 438.0
257, 440.0, 171.0
258, 240.0, 74.0
259, 468.0, 334.0
260, 259.0, 318.0
261, 24.0, 136.0
262, 698.0, 291.0
263, 332.0, 102.0
264, 140.0, 342.0
265, 504.0, 393.0
266, 493.0, 305.0
267, 375.0, 352.0
268, 514.0, 57.0
269, 383.0, 242.0
270, 712.0, 207.0
271, 418.0, 333.0
272, 75.0, 467.0
273, 686.0, 298.0
274, 695.0, 345.0
275, 409.0, 215.0
276, 572.0, 261.0
277, 661.0, 111.0
278, 557.0, 317.0
279, 245.0, 260.0
280, 579.0, 205.0
281, 324.0, 187.0
282, 380.0, 288.0
283, 216.0, 53.0
284, 583.0, 290.0
285, 720.0, 282.0
286, 725.0, 301.0
287, 369.0, 296.0
288, 129.0, 159.0
289, 711.0, 177.0
290, 677.0, 450.0
291, 31.0, 233.0
292, 221.0, 132.0
293, 229.0, 90.0
294, 451.0, 247.0
295, 162.0, 67.0
296, 730.0, 88.0
297, 693.0, 446.0
298, 369.0, 49.0
299, 348.0, 147.0
300, 271.0, 328.0
301, 476.0, 291.0
302, 354.0, 322.0
303, 176.0, 90.0
304, 175.0, 416.0
305, 108.0, 118.0
306, 646.0, 290.0
307, 569.0, 313.0
308, 653.0, 306.0
309, 734.0, 68.0
310, 618.0, 274.0
311, 662.0, 161.0
312, 705.0, 194.0
313, 654.0, 161.0
314, 407.0, 150.0
315, 77.0, 38.0
316, 234.0, 108.0
317, 659.0, 146.0
318, 135.0, 356.0
319, 334.0, 318.0
320, 516.0, 345.0
321, 228.0, 24.0
322, 365.0, 306.0
323, 244.0, 196.0
324, 583.0, 437.0
325, 96.0, 335.0
326, 587.0, 463.0
327, 615.0, 56.0
328, 85.0, 345.0
329, 85.0, 368.0
330, 515.0, 158.0
331, 264.0, 219.0
332, 72.0, 126.0
333, 285.0, 118.0
334, 382.0, 173.0
335, 253.0, 216.0
336, 549.0, 233.0
337, 38.0, 131.0
338, 700.0, 369.0
339, 167.0, 463.0
340, 239.0, 267.0
341, 258.0, 118.0
342, 340.0, 54.0
343, 666.0, 186.0
344, 92.0, 59.0
345, 619.0, 203.0
346, 343.0, 103.0
347, 201.0, 136.0
348, 577.0, 161.0
349, 453.0, 196.0
350, 486.0, 104.0
351, 77.0, 395.0
352, 54.0, 37.0
353, 207.0, 121.0
354, 114.0, 133.0
355, 725.0, 378.0
356, 727.0, 463.0
357, 263.0, 184.0
358, 543.0, 321.0
359, 187.0, 262.0
360, 467.0, 153.0
361, 641.0, 111.0
362, 684.0, 253.0
363, 383.0, 315.0
364, 742.0, 346.0
365, 520.0, 118.0
366, 213.0, 221.0
367, 558.0, 382.0
368, 157.0, 32.0
369, 652.0, 213.0
370, 131.0, 372.0
371, 394.0, 8.0
372, 617.0, 212.0
373, 382.0, 138.0
374, 615.0, 124.0
375, 63.0, 356.0
376, 453.0, 299.0
377, 279.0, 109.0
378, 151.0, 364.0
379, 400.0, 100.0
380, 566.0, 213.0
381, 161.0, 150.0
382, 392.0, 57.0
383, 140.0, 46.0
384, 206.0, 264.0
385, 120.0, 287.0
386, 98.0, 309.0
387, 570.0, 267.0
388, 582.0, 141.0
389, 428.0, 352.0
390, 141.0, 368.0
391, 340.0, 45.0
392, 365.0, 239.0
393, 170.0, 339.0
394, 329.0, 16.0
395, 464.0, 227.0
396, 195.0, 270.0
397, 239.0, 37.0
398, 738.0, 8.0
399, 326.0, 132.0
400, 390.0, 120.0
401, 319.0, 147.0
402, 70.0, 338.0
403, 414.0, 324.0
404, 291.0, 205.0
405, 96.0, 126.0
406, 25.0, 193.0
407, 41.0, 355.0
408, 138.0, 376.0
409, 363.0, 352.0
410, 590.0, 162.0
411, 588.0, 215.0
412, 174.0, 408.0
413, 469.0, 129.0
414, 190.0, 305.0
415, 436.0, 58.0
416, 340.0, 63.0
417, 743.0, 298.0
418, 123.0, 67.0
419, 145.0, 384.0
420, 184.0, 401.0
421, 180.0, 49.0
422, 97.0, 139.0
423, 380.0, 32.0
424, 491.0, 317.0
425, 666.0, 136.0
426, 484.0, 117.0
427, 93.0, 171.0
428, 530.0, 261.0
429, 196.0, 290.0
430, 688.0, 407.0
431, 544.0, 347.0
432, 419.0, 254.0
433, 667.0, 412.0
434, 489.0, 10.0
435, 13.0, 19.0
436, 481.0, 230.0
437, 70.0, 427.0
438, 526.0, 252.0
439, 537.0, 293.0
440, 723.0, 139.0
441, 605.0, 273.0
442, 253.0, 193.0
443, 95.0, 66.0
444, 561.0, 159.0
445, 432.0, 341.0
446, 676.0, 429.0
447, 48.0, 169.0
448, 514.0, 306.0
449, 729.0, 250.0
450, 491.0, 116.0
451, 61.0, 26.0
452, 228.0, 62.0
453, 492.0, 336.0
454, 179.0, 244.0
455, 462.0, 38.0
456, 526.0, 240.0
457, 348.0, 44.0
458, 83.0, 466.0
459, 646.0, 272.0
460, 451.0, 334.0
461, 390.0, 95.0
462, 679.0, 119.0
463, 313.0, 13.0
464, 608.0, 265.0
465, 696.0, 260.0
466, 248.0, 365.0
467, 625.0, 302.0
468, 342.0, 88.0
469, 29.0, 399.0
470, 620.0, 34.0
471, 216.0, 229.0
472, 635.0, 387.0
473, 62.0, 364.0
474, 39.0, 100.0
475, 269.0, 211.0
476, 428.0, 11.0
477, 335.0, 173.0
478, 261.0, 229.0
479, 243.0, 208.0
480, 426.0, 219.0
481, 114.0, 314.0
482, 368.0, 95.0
483, 291.0, 231.0
484, 741.0, 424.0
485, 484.0, 312.0
486, 191.0, 316.0
487, 13.0, 115.0
488, 85.0, 333.0
489, 466.0, 180.0
490, 194.0, 263.0
491, 561.0, 226.0
492, 682.0, 126.0
493, 211.0, 259.0
494, 725.0, 342.0
495, 374.0, 240.0
496, 483.0, 302.0
497, 463.0, 241.0
498, 587.0, 152.0
499, 91.0, 464.0
