0, 46.0, 48.0
1, 123.0, 399.0
2, 60.0, 377.0
3, 356.0, 344.0
4, 285.0, 365.0
5, 410.0, 362.0
6, 669.0, 375.0
7, 321.0, 12.0
8, 32.0, 48.0
9, 377.0, 433.0
10, 48.0, 62.0
11, 203.0, 398.0
12, 545.0, 399.0
13, 334.0, 429.0
14, 348.0, 26.0
15, 251.0, 190.0
16, 58.0, 177.0
17, 347.0, 37.0
18, 246.0, 380.0
19, 248.0, 396.0
20, 398.0, 333.0
21, 224.0, 377.0
22, 118.0, 387.0
23, 91.0, 439.0
24, 471.0, 424.0
25, 212.0, 450.0
26, 376.0, 354.0
27, 377.0, 287.0
28, 388.0, 381.0
29, 517.0, 52.0
30, 133.0, 398.0
31, 394.0, 458.0
32, 368.0, 385.0
33, 541.0, 348.0
34, 87.0, 229.0
35, 201.0, 432.0
36, 285.0, 294.0
37, 464.0, 384.0
38, 399.0, 317.0
39, 394.0, 273.0
40, 287.0, 383.0
41, 297.0, 382.0
42, 189.0, 428.0
43, 446.0, 469.0
44, 474.0, 194.0
45, 462.0, 30.0
46, 168.0, 172.0
47, 539.0, 366.0
48, 552.0, 322.0
49, 357.0, 356.0
50, 169.0, 468.0
51, 453.0, 372.0
52, 443.0, 362.0
53, 453.0, 169.0
54, 488.0, 27.0
55, 206.0, 37.0
56, 300.0, 455.0
57, 296.0, 363.0
58, 656.0, 114.0
59, 208.0, 307.0
60, 626.0, 401.0
61, 421.0, 26.0
62, 516.0, 64.0
63, 517.0, 191.0
64, 346.0, 345.0
65, 556.0, 52.0
66, 529.0, 388.0
67, 515.0, 414.0
68, 699.0, 153.0
69, 127.0, 301.0
70, 525.0, 327.0
71, 16.0, 49.0
72, 504.0, 315.0
73, 148.0, 419.0
74, 56.0, 245.0
75, 202.0, 422.0
76, 354.0, 299.0
77, 140.0, 378.0
78, 209.0, 367.0
79, 202.0, 361.0
80, 80.0, 34.0
81, 322.0, 427.0
82, 182.0, 405.0
83, 349.0, 437.0
84, 659.0, 102.0
85, 271.0, 339.0
86, 173.0, 431.0
87, 630.0, 392.0
88, 216.0, 15.0
89, 315.0, 438.0
90, 421.0, 38.0
91, 283.0, 327.0
92, 96.0, 455.0
93, 534.0, 312.0
94, 98.0, 20.0
95, 228.0, 215.0
96, 559.0, 31.0
97, 470.0, 235.0
98, 198.0, 329.0
99, 536.0, 220.0
100, 591.0, 64.0
101, 180.0, 342.0
102, 208.0, 332.0
103, 34.0, 62.0
104, 151.0, 405.0
105, 620.0, 457.0
106, 295.0, 350.0
107, 395.0, 198.0
108, 567.0, 361.0
109, 539.0, 268.0
110, 409.0, 16.0
111, 365.0, 371.0
112, 358.0, 330.0
113, 198.0, 465.0
114, 159.0, 420.0
115, 124.0, 349.0
116, 333.0, 25.0
117, 138.0, 366.0
118, 412.0, 305.0
119, 127.0, 21.0
120, 29.0, 33.0
121, 265.0, 211.0
122, 308.0, 411.0
123, 334.0, 35.0
124, 704.0, 388.0
125, 424.0, 204.0
126, 261.0, 263.0
127, 423.0, 331.0
128, 456.0, 19.0
129, 283.0, 348.0
130, 254.0, 277.0
131, 615.0, 397.0
132, 423.0, 217.0
133, 444.0, 40.0
134, 288.0, 414.0
135, 143.0, 21.0
136, 547.0, 382.0
137, 500.0, 352.0
138, 534.0, 466.0
139, 115.0, 350.0
140, 659.0, 345.0
141, 219.0, 387.0
142, 320.0, 338.0
143, 238.0, 426.0
144, 120.0, 436.0
145, 219.0, 35.0
146, 245.0, 268.0
147, 59.0, 471.0
148, 274.0, 366.0
149, 520.0, 28.0
150, 504.0, 195.0
151, 175.0, 37.0
152, 221.0, 341.0
153, 456.0, 247.0
154, 630.0, 49.0
155, 325.0, 187.0
156, 107.0, 47.0
157, 540.0, 52.0
158, 475.0, 44.0
159, 211.0, 411.0
160, 243.0, 254.0
161, 547.0, 274.0
162, 264.0, 470.0
163, 256.0, 231.0
164, 530.0, 429.0
165, 347.0, 463.0
166, 202.0, 340.0
167, 430.0, 303.0
168, 742.0, 160.0
169, 198.0, 57.0
170, 516.0, 216.0
171, 361.0, 38.0
172, 494.0, 292.0
173, 251.0, 23.0
174, 45.0, 171.0
175, 176.0, 451.0
176, 206.0, 385.0
177, 412.0, 292.0
178, 256.0, 176.0
179, 510.0, 132.0
180, 527.0, 356.0
181, 72.0, 234.0
182, 409.0, 274.0
183, 458.0, 357.0
184, 287.0, 283.0
185, 650.0, 428.0
186, 303.0, 38.0
187, 298.0, 396.0
188, 229.0, 254.0
189, 107.0, 304.0
190, 42.0, 448.0
191, 281.0, 399.0
192, 183.0, 291.0
193, 334.0, 12.0
194, 341.0, 389.0
195, 43.0, 162.0
196, 483.0, 447.0
197, 501.0, 422.0
198, 492.0, 340.0
199, 663.0, 136.0
200, 375.0, 57.0
201, 178.0, 364.0
202, 135.0, 408.0
203, 395.0, 221.0
204, 169.0, 311.0
205, 432.0, 355.0
206, 629.0, 197.0
207, 61.0, 63.0
208, 452.0, 386.0
209, 731.0, 142.0
210, 221.0, 353.0
211, 12.0, 34.0
212, 72.0, 302.0
213, 180.0, 309.0
214, 558.0, 352.0
215, 15.0, 268.0
216, 62.0, 193.0
217, 144.0, 316.0
218, 544.0, 331.0
219, 118.0, 29.0
220, 657.0, 436.0
221, 550.0, 353.0
222, 516.0, 339.0
223, 473.0, 460.0
224, 390.0, 288.0
225, 496.0, 463.0
226, 242.0, 232.0
227, 384.0, 367.0
228, 113.0, 402.0
229, 534.0, 400.0
230, 560.0, 397.0
231, 307.0, 12.0
232, 29.0, 19.0
233, 404.0, 457.0
234, 445.0, 24.0
235, 543.0, 130.0
236, 534.0, 323.0
237, 272.0, 266.0
238, 542.0, 41.0
239, 426.0, 349.0
240, 359.0, 13.0
241, 446.0, 184.0
242, 130.0, 331.0
243, 526.0, 456.0
244, 564.0, 458.0
245, 307.0, 282.0
246, 667.0, 113.0
247, 501.0, 397.0
248, 423.0, 186.0
249, 298.0, 425.0
250, 506.0, 106.0
251, 139.0, 437.0
252, 124.0, 289.0
253, 312.0, 349.0
254, 265.0, 437.0
255, 137.0, 422.0
256, 513.0, 248.0
257, 137.0, 68.0
258, 54.0, 397.0
259, 651.0, 136.0
260, 477.0, 253.0
261, 238.0, 200.0
262, 255.0, 242.0
263, 87.0, 291.0
264, 310.0, 387.0
265, 586.0, 453.0
266, 577.0, 468.0
267, 161.0, 223.0
268, 162.0, 441.0
269, 94.0, 466.0
270, 207.0, 352.0
271, 305.0, 25.0
272, 84.0, 47.0
273, 142.0, 449.0
274, 434.0, 262.0
275, 555.0, 424.0
276, 486.0, 433.0
277, 574.0, 199.0
278, 521.0, 465.0
279, 517.0, 297.0
280, 239.0, 336.0
281, 555.0, 151.0
282, 50.0, 27.0
283, 155.0, 326.0
284, 261.0, 24.0
285, 538.0, 378.0
286, 223.0, 366.0
287, 517.0, 393.0
288, 263.0, 409.0
289, 507.0, 370.0
290, 510.0, 362.0
291, 377.0, 298.0
292, 339.0, 311.0
293, 508.0, 97.0
294, 261.0, 193.0
295, 270.0, 189.0
296, 235.0, 277.0
297, 262.0, 57.0
298, 462.0, 449.0
299, 130.0, 382.0
300, 730.0, 406.0
301, 375.0, 317.0
302, 481.0, 399.0
303, 169.0, 403.0
304, 110.0, 325.0
305, 585.0, 161.0
306, 554.0, 64.0
307, 677.0, 204.0
308, 363.0, 25.0
309, 375.0, 46.0
310, 309.0, 401.0
311, 523.0, 128.0
312, 273.0, 24.0
313, 174.0, 440.0
314, 412.0, 188.0
315, 309.0, 324.0
316, 25.0, 209.0
317, 301.0, 435.0
318, 37.0, 199.0
319, 397.0, 283.0
320, 276.0, 375.0
321, 432.0, 387.0
322, 246.0, 369.0
323, 167.0, 366.0
324, 651.0, 202.0
325, 534.0, 97.0
326, 435.0, 170.0
327, 167.0, 387.0
328, 307.0, 226.0
329, 102.0, 340.0
330, 395.0, 38.0
331, 191.0, 365.0
332, 375.0, 220.0
333, 242.0, 219.0
334, 240.0, 180.0
335, 306.0, 374.0
336, 643.0, 350.0
337, 106.0, 241.0
338, 436.0, 47.0
339, 236.0, 242.0
340, 217.0, 470.0
341, 260.0, 377.0
342, 327.0, 226.0
343, 333.0, 418.0
344, 430.0, 26.0
345, 439.0, 321.0
346, 410.0, 170.0
347, 431.0, 18.0
348, 122.0, 366.0
349, 522.0, 109.0
350, 37.0, 254.0
351, 564.0, 376.0
352, 302.0, 111.0
353, 524.0, 183.0
354, 309.0, 306.0
355, 413.0, 348.0
356, 477.0, 240.0
357, 664.0, 446.0
358, 244.0, 353.0
359, 341.0, 335.0
360, 385.0, 311.0
361, 82.0, 459.0
362, 415.0, 421.0
363, 441.0, 243.0
364, 442.0, 280.0
365, 220.0, 432.0
366, 558.0, 41.0
367, 265.0, 320.0
368, 551.0, 364.0
369, 222.0, 234.0
370, 127.0, 265.0
371, 409.0, 106.0
372, 390.0, 51.0
373, 342.0, 405.0
374, 127.0, 312.0
375, 544.0, 223.0
376, 146.0, 396.0
377, 399.0, 303.0
378, 676.0, 382.0
379, 292.0, 307.0
380, 500.0, 378.0
381, 573.0, 447.0
382, 553.0, 442.0
383, 60.0, 46.0
384, 367.0, 267.0
385, 399.0, 364.0
386, 502.0, 185.0
387, 500.0, 442.0
388, 111.0, 372.0
389, 495.0, 327.0
390, 326.0, 212.0
391, 532.0, 334.0
392, 325.0, 110.0
393, 580.0, 350.0
394, 672.0, 181.0
395, 194.0, 443.0
396, 459.0, 214.0
397, 414.0, 322.0
398, 380.0, 462.0
399, 322.0, 25.0
400, 287.0, 228.0
401, 299.0, 275.0
402, 434.0, 38.0
403, 60.0, 33.0
404, 242.0, 435.0
405, 55.0, 18.0
406, 345.0, 358.0
407, 287.0, 465.0
408, 700.0, 123.0
409, 154.0, 376.0
410, 274.0, 327.0
411, 485.0, 191.0
412, 622.0, 340.0
413, 690.0, 113.0
414, 43.0, 34.0
415, 153.0, 239.0
416, 245.0, 243.0
417, 652.0, 360.0
418, 299.0, 444.0
419, 425.0, 459.0
420, 467.0, 54.0
421, 592.0, 304.0
422, 235.0, 131.0
423, 465.0, 224.0
424, 220.0, 328.0
425, 355.0, 309.0
426, 646.0, 73.0
427, 270.0, 10.0
428, 195.0, 401.0
429, 701.0, 142.0
430, 273.0, 290.0
431, 133.0, 30.0
432, 265.0, 238.0
433, 510.0, 174.0
434, 151.0, 287.0
435, 520.0, 257.0
436, 103.0, 421.0
437, 311.0, 462.0
438, 202.0, 372.0
439, 459.0, 234.0
440, 224.0, 306.0
441, 351.0, 451.0
442, 472.0, 171.0
443, 491.0, 170.0
444, 284.0, 191.0
445, 206.0, 22.0
446, 320.0, 328.0
447, 53.0, 104.0
448, 260.0, 36.0
449, 527.0, 229.0
450, 507.0, 326.0
451, 237.0, 315.0
452, 351.0, 223.0
453, 226.0, 318.0
454, 35.0, 420.0
455, 159.0, 469.0
456, 405.0, 221.0
457, 542.0, 31.0
458, 211.0, 255.0
459, 170.0, 417.0
460, 41.0, 186.0
461, 274.0, 38.0
462, 83.0, 350.0
463, 441.0, 216.0
464, 429.0, 272.0
465, 686.0, 145.0
466, 285.0, 434.0
467, 510.0, 285.0
468, 326.0, 46.0
469, 628.0, 64.0
470, 482.0, 382.0
471, 246.0, 9.0
472, 571.0, 53.0
473, 154.0, 429.0
474, 167.0, 50.0
475, 277.0, 175.0
476, 222.0, 45.0
477, 319.0, 58.0
478, 272.0, 158.0
479, 257.0, 335.0
480, 566.0, 429.0
481, 401.0, 208.0
482, 617.0, 191.0
483, 261.0, 366.0
484, 273.0, 454.0
485, 528.0, 446.0
486, 642.0, 364.0
487, 512.0, 381.0
488, 376.0, 336.0
489, 373.0, 330.0
490, 166.0, 454.0
491, 574.0, 413.0
492, 539.0, 444.0
493, 431.0, 179.0
494, 175.0, 332.0
495, 527.0, 52.0
496, 397.0, 352.0
497, 62.0, 462.0
498, 208.0, 322.0
499, 519.0, 39.0
