0, 520.0, 45.0
1, 488.0, 311.0
2, 375.0, 288.0
3, 467.0, 229.0
4, 240.0, 25.0
5, 664.0, 297.0
6, 383.0, 456.0
7, 400.0, 389.0
8, 341.0, 337.0
9, 166.0, 356.0
10, 373.0, 301.0
11, 288.0, 61.0
12, 434.0, 464.0
13, 286.0, 105.0
14, 625.0, 437.0
15, 441.0, 168.0
16, 432.0, 293.0
17, 188.0, 111.0
18, 242.0, 35.0
19, 675.0, 267.0
20, 558.0, 460.0
21, 565.0, 351.0
22, 492.0, 23.0
23, 120.0, 148.0
24, 293.0, 320.0
25, 281.0, 90.0
26, 338.0, 59.0
27, 567.0, 329.0
28, 566.0, 318.0
29, 396.0, 291.0
30, 337.0, 287.0
31, 554.0, 51.0
32, 598.0, 183.0
33, 385.0, 153.0
34, 58.0, 230.0
35, 445.0, 308.0
36, 167.0, 197.0
37, 250.0, 75.0
38, 185.0, 289.0
39, 106.0, 218.0
40, 724.0, 187.0
41, 143.0, 289.0
42, 342.0, 449.0
43, 684.0, 176.0
44, 549.0, 327.0
45, 739.0, 333.0
46, 599.0, 334.0
47, 76.0, 360.0
48, 321.0, 199.0
49, 80.0, 104.0
50, 570.0, 455.0
51, 654.0, 287.0
52, 329.0, 320.0
53, 661.0, 311.0
54, 345.0, 156.0
55, 417.0, 460.0
56, 270.0, 445.0
57, 703.0, 423.0
58, 318.0, 51.0
59, 160.0, 417.0
60, 556.0, 433.0
61, 682.0, 364.0
62, 293.0, 380.0
63, 117.0, 312.0
64, 494.0, 392.0
65, 300.0, 144.0
66, 74.0, 335.0
67, 446.0, 279.0
68, 431.0, 450.0
69, 377.0, 106.0
70, 149.0, 468.0
71, 543.0, 433.0
72, 407.0, 325.0
73, 601.0, 322.0
74, 272.0, 433.0
75, 603.0, 307.0
76, 162.0, 457.0
77, 168.0, 407.0
78, 318.0, 61.0
79, 565.0, 303.0
80, 264.0, 131.0
81, 433.0, 278.0
82, 153.0, 424.0
83, 538.0, 215.0
84, 183.0, 184.0
85, 131.0, 123.0
86, 317.0, 337.0
87, 696.0, 171.0
88, 333.0, 143.0
89, 450.0, 57.0
90, 550.0, 317.0
91, 512.0, 396.0
92, 269.0, 413.0
93, 580.0, 36.0
94, 333.0, 199.0
95, 368.0, 310.0
96, 209.0, 444.0
97, 431.0, 15.0
98, 196.0, 312.0
99, 715.0, 233.0
100, 371.0, 245.0
101, 518.0, 450.0
102, 331.0, 461.0
103, 430.0, 36.0
104, 181.0, 93.0
105, 633.0, 176.0
106, 432.0, 307.0
107, 223.0, 420.0
108, 423.0, 441.0
109, 491.0, 39.0
110, 496.0, 381.0
111, 440.0, 447.0
112, 501.0, 298.0
113, 27.0, 102.0
114, 487.0, 322.0
115, 97.0, 255.0
116, 520.0, 461.0
117, 503.0, 283.0
118, 216.0, 395.0
119, 508.0, 224.0
120, 228.0, 59.0
121, 440.0, 42.0
122, 355.0, 154.0
123, 226.0, 374.0
124, 484.0, 233.0
125, 581.0, 304.0
126, 463.0, 433.0
127, 205.0, 280.0
128, 451.0, 181.0
129, 499.0, 211.0
130, 260.0, 109.0
131, 513.0, 385.0
132, 363.0, 288.0
133, 611.0, 252.0
134, 289.0, 303.0
135, 100.0, 17.0
136, 367.0, 347.0
137, 140.0, 200.0
138, 712.0, 431.0
139, 353.0, 254.0
140, 348.0, 85.0
141, 367.0, 133.0
142, 206.0, 341.0
143, 251.0, 101.0
144, 640.0, 402.0
145, 500.0, 314.0
146, 730.0, 380.0
147, 658.0, 37.0
148, 584.0, 210.0
149, 654.0, 338.0
150, 403.0, 259.0
151, 298.0, 91.0
152, 155.0, 219.0
153, 441.0, 429.0
154, 445.0, 293.0
155, 113.0, 248.0
156, 330.0, 51.0
157, 556.0, 421.0
158, 332.0, 229.0
159, 348.0, 442.0
160, 418.0, 344.0
161, 122.0, 468.0
162, 540.0, 226.0
163, 352.0, 289.0
164, 495.0, 333.0
165, 700.0, 451.0
166, 589.0, 321.0
167, 422.0, 261.0
168, 579.0, 319.0
169, 127.0, 216.0
170, 521.0, 347.0
171, 182.0, 145.0
172, 655.0, 361.0
173, 658.0, 326.0
174, 557.0, 339.0
175, 565.0, 287.0
176, 148.0, 361.0
177, 355.0, 411.0
178, 645.0, 209.0
179, 670.0, 405.0
180, 592.0, 305.0
181, 164.0, 179.0
182, 397.0, 365.0
183, 556.0, 442.0
184, 134.0, 443.0
185, 299.0, 270.0
186, 381.0, 89.0
187, 255.0, 54.0
188, 270.0, 170.0
189, 331.0, 309.0
190, 237.0, 9.0
191, 362.0, 92.0
192, 333.0, 212.0
193, 573.0, 44.0
194, 583.0, 288.0
195, 506.0, 346.0
196, 371.0, 405.0
197, 698.0, 409.0
198, 531.0, 432.0
199, 474.0, 435.0
200, 407.0, 355.0
201, 533.0, 177.0
202, 529.0, 417.0
203, 703.0, 459.0
204, 178.0, 346.0
205, 279.0, 181.0
206, 563.0, 227.0
207, 284.0, 156.0
208, 212.0, 459.0
209, 588.0, 333.0
210, 330.0, 89.0
211, 156.0, 198.0
212, 189.0, 434.0
213, 484.0, 197.0
214, 264.0, 309.0
215, 174.0, 436.0
216, 361.0, 204.0
217, 134.0, 370.0
218, 369.0, 462.0
219, 538.0, 463.0
220, 260.0, 297.0
221, 317.0, 163.0
222, 121.0, 440.0
223, 532.0, 130.0
224, 694.0, 465.0
225, 147.0, 82.0
226, 389.0, 180.0
227, 354.0, 277.0
228, 451.0, 160.0
229, 379.0, 361.0
230, 614.0, 233.0
231, 107.0, 25.0
232, 211.0, 322.0
233, 415.0, 252.0
234, 292.0, 421.0
235, 110.0, 469.0
236, 523.0, 99.0
237, 634.0, 441.0
238, 595.0, 199.0
239, 636.0, 32.0
240, 684.0, 450.0
241, 686.0, 353.0
242, 90.0, 340.0
243, 458.0, 197.0
244, 556.0, 394.0
245, 101.0, 105.0
246, 302.0, 165.0
247, 117.0, 218.0
248, 734.0, 346.0
249, 567.0, 341.0
250, 252.0, 441.0
251, 120.0, 455.0
252, 367.0, 276.0
253, 238.0, 75.0
254, 576.0, 331.0
255, 624.0, 452.0
256, 198.0, 339.0
257, 671.0, 437.0
258, 441.0, 392.0
259, 571.0, 444.0
260, 345.0, 366.0
261, 690.0, 419.0
262, 491.0, 404.0
263, 286.0, 170.0
264, 235.0, 395.0
265, 567.0, 199.0
266, 397.0, 189.0
267, 225.0, 338.0
268, 462.0, 349.0
269, 501.0, 21.0
270, 385.0, 312.0
271, 557.0, 409.0
272, 341.0, 404.0
273, 641.0, 183.0
274, 488.0, 297.0
275, 218.0, 11.0
276, 155.0, 180.0
277, 238.0, 54.0
278, 709.0, 443.0
279, 687.0, 26.0
280, 540.0, 417.0
281, 625.0, 274.0
282, 360.0, 111.0
283, 206.0, 302.0
284, 659.0, 267.0
285, 266.0, 140.0
286, 146.0, 374.0
287, 311.0, 179.0
288, 491.0, 248.0
289, 423.0, 430.0
290, 547.0, 97.0
291, 683.0, 341.0
292, 268.0, 160.0
293, 305.0, 382.0
294, 482.0, 14.0
295, 295.0, 107.0
296, 333.0, 158.0
297, 371.0, 117.0
298, 486.0, 333.0
299, 363.0, 161.0
300, 704.0, 183.0
301, 631.0, 293.0
302, 280.0, 141.0
303, 222.0, 389.0
304, 146.0, 216.0
305, 183.0, 124.0
306, 531.0, 451.0
307, 314.0, 258.0
308, 549.0, 220.0
309, 363.0, 256.0
310, 626.0, 230.0
311, 465.0, 248.0
312, 398.0, 402.0
313, 461.0, 413.0
314, 462.0, 339.0
315, 176.0, 196.0
316, 143.0, 434.0
317, 594.0, 290.0
318, 520.0, 177.0
319, 462.0, 371.0
320, 670.0, 171.0
321, 478.0, 389.0
322, 556.0, 384.0
323, 297.0, 254.0
324, 416.0, 203.0
325, 292.0, 182.0
326, 436.0, 211.0
327, 606.0, 290.0
328, 352.0, 242.0
329, 682.0, 378.0
330, 251.0, 298.0
331, 403.0, 276.0
332, 601.0, 388.0
333, 443.0, 318.0
334, 687.0, 197.0
335, 219.0, 312.0
336, 648.0, 350.0
337, 743.0, 317.0
338, 402.0, 458.0
339, 729.0, 211.0
340, 342.0, 418.0
341, 472.0, 182.0
342, 158.0, 443.0
343, 693.0, 439.0
344, 658.0, 222.0
345, 414.0, 60.0
346, 109.0, 127.0
347, 222.0, 91.0
348, 666.0, 466.0
349, 201.0, 198.0
350, 201.0, 105.0
351, 183.0, 49.0
352, 61.0, 437.0
353, 183.0, 391.0
354, 496.0, 469.0
355, 616.0, 29.0
356, 173.0, 329.0
357, 720.0, 470.0
358, 139.0, 124.0
359, 481.0, 161.0
360, 218.0, 105.0
361, 434.0, 240.0
362, 249.0, 423.0
363, 399.0, 109.0
364, 147.0, 57.0
365, 204.0, 418.0
366, 382.0, 323.0
367, 553.0, 303.0
368, 406.0, 196.0
369, 373.0, 153.0
370, 317.0, 147.0
371, 542.0, 391.0
372, 399.0, 160.0
373, 637.0, 161.0
374, 62.0, 335.0
375, 258.0, 410.0
376, 89.0, 271.0
377, 14.0, 90.0
378, 101.0, 321.0
379, 366.0, 216.0
380, 338.0, 271.0
381, 279.0, 287.0
382, 221.0, 247.0
383, 249.0, 64.0
384, 578.0, 160.0
385, 200.0, 243.0
386, 163.0, 284.0
387, 668.0, 185.0
388, 499.0, 414.0
389, 345.0, 172.0
390, 727.0, 173.0
391, 273.0, 399.0
392, 290.0, 287.0
393, 195.0, 348.0
394, 67.0, 373.0
395, 38.0, 445.0
396, 58.0, 127.0
397, 379.0, 381.0
398, 609.0, 160.0
399, 686.0, 329.0
400, 314.0, 231.0
401, 255.0, 309.0
402, 240.0, 102.0
403, 198.0, 183.0
404, 29.0, 455.0
405, 674.0, 295.0
406, 542.0, 401.0
407, 556.0, 287.0
408, 170.0, 470.0
409, 363.0, 322.0
410, 310.0, 317.0
411, 531.0, 445.0
412, 353.0, 351.0
413, 200.0, 405.0
414, 214.0, 354.0
415, 725.0, 357.0
416, 147.0, 410.0
417, 387.0, 303.0
418, 474.0, 416.0
419, 450.0, 209.0
420, 73.0, 126.0
421, 136.0, 217.0
422, 37.0, 116.0
423, 397.0, 341.0
424, 359.0, 449.0
425, 221.0, 233.0
426, 710.0, 356.0
427, 415.0, 409.0
428, 464.0, 462.0
429, 404.0, 429.0
430, 223.0, 304.0
431, 432.0, 316.0
432, 610.0, 41.0
433, 508.0, 335.0
434, 338.0, 320.0
435, 287.0, 408.0
436, 119.0, 124.0
437, 363.0, 400.0
438, 574.0, 179.0
439, 693.0, 225.0
440, 135.0, 352.0
441, 521.0, 336.0
442, 375.0, 161.0
443, 735.0, 408.0
444, 252.0, 27.0
445, 248.0, 432.0
446, 622.0, 208.0
447, 447.0, 246.0
448, 320.0, 327.0
449, 560.0, 261.0
450, 527.0, 277.0
451, 243.0, 307.0
452, 212.0, 195.0
453, 112.0, 345.0
454, 189.0, 339.0
455, 194.0, 462.0
456, 558.0, 328.0
457, 358.0, 134.0
458, 314.0, 248.0
459, 180.0, 299.0
460, 114.0, 366.0
461, 346.0, 139.0
462, 212.0, 89.0
463, 482.0, 177.0
464, 742.0, 392.0
465, 94.0, 113.0
466, 162.0, 471.0
467, 654.0, 386.0
468, 405.0, 38.0
469, 450.0, 42.0
470, 279.0, 406.0
471, 124.0, 325.0
472, 147.0, 347.0
473, 328.0, 416.0
474, 371.0, 254.0
475, 712.0, 418.0
476, 475.0, 398.0
477, 190.0, 210.0
478, 203.0, 318.0
479, 645.0, 262.0
480, 128.0, 203.0
481, 377.0, 194.0
482, 188.0, 407.0
483, 599.0, 52.0
484, 567.0, 436.0
485, 81.0, 265.0
486, 716.0, 389.0
487, 300.0, 227.0
488, 489.0, 281.0
489, 552.0, 29.0
490, 317.0, 292.0
491, 649.0, 436.0
492, 189.0, 174.0
493, 391.0, 120.0
494, 251.0, 18.0
495, 295.0, 394.0
496, 716.0, 246.0
497, 114.0, 113.0
498, 199.0, 260.0
499, 583.0, 436.0
