0, 534.0, 390.0
1, 347.0, 288.0
2, 414.0, 80.0
3, 365.0, 115.0
4, 145.0, 164.0
5, 690.0, 305.0
6, 88.0, 132.0
7, 300.0, 383.0
8, 314.0, 383.0
9, 190.0, 462.0
10, 252.0, 63.0
11, 599.0, 388.0
12, 148.0, 136.0
13, 417.0, 395.0
14, 466.0, 337.0
15, 430.0, 249.0
16, 372.0, 78.0
17, 472.0, 249.0
18, 513.0, 286.0
19, 517.0, 305.0
20, 435.0, 95.0
21, 267.0, 316.0
22, 476.0, 269.0
23, 351.0, 115.0
24, 512.0, 72.0
25, 400.0, 247.0
26, 461.0, 100.0
27, 107.0, 245.0
28, 157.0, 387.0
29, 252.0, 411.0
30, 413.0, 93.0
31, 252.0, 425.0
32, 514.0, 100.0
33, 279.0, 101.0
34, 301.0, 399.0
35, 288.0, 79.0
36, 226.0, 115.0
37, 464.0, 416.0
38, 483.0, 242.0
39, 672.0, 297.0
40, 522.0, 82.0
41, 335.0, 260.0
42, 348.0, 301.0
43, 505.0, 277.0
44, 395.0, 93.0
45, 89.0, 168.0
46, 301.0, 409.0
47, 231.0, 315.0
48, 315.0, 366.0
49, 513.0, 118.0
50, 237.0, 401.0
51, 358.0, 293.0
52, 424.0, 295.0
53, 235.0, 295.0
54, 691.0, 101.0
55, 108.0, 258.0
56, 596.0, 400.0
57, 382.0, 380.0
58, 214.0, 244.0
59, 486.0, 308.0
60, 467.0, 393.0
61, 597.0, 82.0
62, 426.0, 271.0
63, 224.0, 94.0
64, 591.0, 411.0
65, 641.0, 99.0
66, 212.0, 464.0
67, 134.0, 415.0
68, 474.0, 98.0
69, 78.0, 258.0
70, 503.0, 296.0
71, 425.0, 285.0
72, 468.0, 377.0
73, 447.0, 245.0
74, 638.0, 272.0
75, 239.0, 411.0
76, 469.0, 363.0
77, 419.0, 339.0
78, 462.0, 257.0
79, 555.0, 390.0
80, 495.0, 344.0
81, 96.0, 231.0
82, 226.0, 243.0
83, 418.0, 109.0
84, 107.0, 297.0
85, 416.0, 407.0
86, 176.0, 387.0
87, 93.0, 84.0
88, 131.0, 429.0
89, 597.0, 335.0
90, 51.0, 54.0
91, 302.0, 422.0
92, 384.0, 396.0
93, 285.0, 423.0
94, 160.0, 144.0
95, 622.0, 144.0
96, 620.0, 380.0
97, 314.0, 409.0
98, 381.0, 364.0
99, 612.0, 223.0
100, 525.0, 241.0
101, 216.0, 304.0
102, 57.0, 406.0
103, 644.0, 332.0
104, 513.0, 454.0
105, 460.0, 81.0
106, 156.0, 359.0
107, 418.0, 380.0
108, 236.0, 386.0
109, 281.0, 321.0
110, 462.0, 116.0
111, 472.0, 309.0
112, 487.0, 99.0
113, 653.0, 465.0
114, 628.0, 82.0
115, 668.0, 386.0
116, 460.0, 91.0
117, 128.0, 363.0
118, 622.0, 91.0
119, 252.0, 401.0
120, 26.0, 455.0
121, 618.0, 185.0
122, 546.0, 86.0
123, 162.0, 257.0
124, 568.0, 462.0
125, 22.0, 264.0
126, 644.0, 286.0
127, 178.0, 427.0
128, 652.0, 137.0
129, 508.0, 321.0
130, 465.0, 351.0
131, 507.0, 337.0
132, 345.0, 88.0
133, 603.0, 420.0
134, 569.0, 81.0
135, 451.0, 270.0
136, 94.0, 259.0
137, 663.0, 398.0
138, 101.0, 315.0
139, 386.0, 407.0
140, 349.0, 53.0
141, 369.0, 382.0
142, 224.0, 303.0
143, 128.0, 68.0
144, 634.0, 358.0
145, 407.0, 339.0
146, 602.0, 374.0
147, 630.0, 99.0
148, 194.0, 61.0
149, 448.0, 95.0
150, 714.0, 254.0
151, 197.0, 369.0
152, 239.0, 235.0
153, 524.0, 37.0
154, 326.0, 288.0
155, 323.0, 249.0
156, 490.0, 455.0
157, 58.0, 340.0
158, 464.0, 405.0
159, 109.0, 132.0
160, 24.0, 178.0
161, 541.0, 305.0
162, 492.0, 393.0
163, 260.0, 300.0
164, 652.0, 183.0
165, 116.0, 159.0
166, 438.0, 110.0
167, 65.0, 195.0
168, 100.0, 199.0
169, 237.0, 63.0
170, 585.0, 66.0
171, 314.0, 166.0
172, 670.0, 285.0
173, 583.0, 219.0
174, 636.0, 183.0
175, 532.0, 402.0
176, 616.0, 99.0
177, 214.0, 94.0
178, 638.0, 82.0
179, 439.0, 270.0
180, 254.0, 54.0
181, 681.0, 291.0
182, 268.0, 332.0
183, 693.0, 418.0
184, 602.0, 454.0
185, 124.0, 233.0
186, 602.0, 187.0
187, 98.0, 346.0
188, 250.0, 96.0
189, 376.0, 420.0
190, 250.0, 385.0
191, 188.0, 324.0
192, 73.0, 294.0
193, 284.0, 51.0
194, 715.0, 243.0
195, 436.0, 379.0
196, 671.0, 137.0
197, 65.0, 347.0
198, 423.0, 88.0
199, 197.0, 316.0
200, 253.0, 114.0
201, 91.0, 290.0
202, 314.0, 399.0
203, 191.0, 388.0
204, 337.0, 249.0
205, 521.0, 362.0
206, 695.0, 268.0
207, 46.0, 104.0
208, 140.0, 131.0
209, 460.0, 308.0
210, 603.0, 198.0
211, 591.0, 181.0
212, 494.0, 469.0
213, 644.0, 380.0
214, 537.0, 375.0
215, 413.0, 116.0
216, 235.0, 369.0
217, 559.0, 335.0
218, 93.0, 224.0
219, 456.0, 294.0
220, 297.0, 330.0
221, 298.0, 366.0
222, 436.0, 346.0
223, 507.0, 266.0
224, 43.0, 90.0
225, 270.0, 264.0
226, 75.0, 360.0
227, 431.0, 234.0
228, 48.0, 198.0
229, 634.0, 246.0
230, 311.0, 422.0
231, 324.0, 261.0
232, 396.0, 396.0
233, 509.0, 245.0
234, 103.0, 219.0
235, 350.0, 66.0
236, 540.0, 290.0
237, 612.0, 346.0
238, 589.0, 469.0
239, 315.0, 279.0
240, 108.0, 168.0
241, 161.0, 445.0
242, 136.0, 352.0
243, 519.0, 332.0
244, 379.0, 233.0
245, 175.0, 446.0
246, 654.0, 362.0
247, 426.0, 346.0
248, 501.0, 99.0
249, 52.0, 64.0
250, 53.0, 295.0
251, 462.0, 243.0
252, 34.0, 467.0
253, 153.0, 244.0
254, 249.0, 368.0
255, 617.0, 357.0
256, 11.0, 180.0
257, 541.0, 248.0
258, 662.0, 310.0
259, 665.0, 106.0
260, 370.0, 365.0
261, 485.0, 117.0
262, 74.0, 171.0
263, 587.0, 347.0
264, 684.0, 357.0
265, 732.0, 466.0
266, 565.0, 401.0
267, 365.0, 100.0
268, 519.0, 376.0
269, 244.0, 300.0
270, 93.0, 323.0
271, 563.0, 199.0
272, 529.0, 416.0
273, 321.0, 468.0
274, 662.0, 409.0
275, 551.0, 344.0
276, 355.0, 32.0
277, 495.0, 316.0
278, 351.0, 102.0
279, 132.0, 461.0
280, 78.0, 331.0
281, 102.0, 275.0
282, 588.0, 246.0
283, 259.0, 246.0
284, 222.0, 253.0
285, 695.0, 397.0
286, 165.0, 172.0
287, 661.0, 372.0
288, 374.0, 270.0
289, 600.0, 322.0
290, 548.0, 327.0
291, 29.0, 341.0
292, 10.0, 365.0
293, 418.0, 364.0
294, 45.0, 277.0
295, 151.0, 92.0
296, 91.0, 153.0
297, 166.0, 244.0
298, 62.0, 93.0
299, 360.0, 77.0
300, 556.0, 220.0
301, 536.0, 455.0
302, 356.0, 54.0
303, 733.0, 234.0
304, 247.0, 331.0
305, 141.0, 373.0
306, 148.0, 177.0
307, 239.0, 53.0
308, 405.0, 364.0
309, 177.0, 403.0
310, 698.0, 385.0
311, 145.0, 403.0
312, 637.0, 398.0
313, 735.0, 350.0
314, 490.0, 376.0
315, 42.0, 297.0
316, 660.0, 83.0
317, 610.0, 387.0
318, 226.0, 292.0
319, 35.0, 22.0
320, 50.0, 227.0
321, 299.0, 313.0
322, 293.0, 306.0
323, 338.0, 165.0
324, 327.0, 200.0
325, 155.0, 188.0
326, 286.0, 458.0
327, 673.0, 273.0
328, 108.0, 453.0
329, 333.0, 297.0
330, 66.0, 462.0
331, 339.0, 359.0
332, 101.0, 285.0
333, 586.0, 365.0
334, 404.0, 67.0
335, 720.0, 302.0
336, 101.0, 469.0
337, 478.0, 291.0
338, 553.0, 166.0
339, 617.0, 195.0
340, 88.0, 387.0
341, 163.0, 90.0
342, 211.0, 284.0
343, 627.0, 113.0
344, 501.0, 48.0
345, 218.0, 70.0
346, 736.0, 330.0
347, 615.0, 113.0
348, 241.0, 115.0
349, 175.0, 359.0
350, 737.0, 285.0
351, 437.0, 80.0
352, 668.0, 451.0
353, 399.0, 261.0
354, 278.0, 302.0
355, 358.0, 302.0
356, 673.0, 467.0
357, 227.0, 445.0
358, 514.0, 414.0
359, 620.0, 331.0
360, 610.0, 208.0
361, 460.0, 69.0
362, 34.0, 348.0
363, 227.0, 468.0
364, 368.0, 397.0
365, 169.0, 114.0
366, 466.0, 457.0
367, 554.0, 37.0
368, 201.0, 93.0
369, 652.0, 99.0
370, 668.0, 256.0
371, 440.0, 116.0
372, 680.0, 459.0
373, 38.0, 356.0
374, 206.0, 314.0
375, 490.0, 336.0
376, 716.0, 451.0
377, 281.0, 249.0
378, 441.0, 287.0
379, 631.0, 311.0
380, 506.0, 469.0
381, 643.0, 251.0
382, 403.0, 104.0
383, 74.0, 104.0
384, 623.0, 455.0
385, 646.0, 369.0
386, 687.0, 371.0
387, 663.0, 354.0
388, 213.0, 236.0
389, 32.0, 201.0
390, 42.0, 174.0
391, 683.0, 12.0
392, 314.0, 303.0
393, 205.0, 79.0
394, 640.0, 63.0
395, 545.0, 338.0
396, 98.0, 189.0
397, 658.0, 386.0
398, 603.0, 40.0
399, 648.0, 275.0
400, 708.0, 338.0
401, 180.0, 114.0
402, 117.0, 183.0
403, 328.0, 97.0
404, 209.0, 172.0
405, 397.0, 380.0
406, 675.0, 94.0
407, 283.0, 273.0
408, 406.0, 233.0
409, 571.0, 308.0
410, 615.0, 63.0
411, 389.0, 327.0
412, 16.0, 240.0
413, 577.0, 175.0
414, 634.0, 295.0
415, 214.0, 314.0
416, 64.0, 53.0
417, 123.0, 210.0
418, 47.0, 334.0
419, 103.0, 46.0
420, 403.0, 406.0
421, 723.0, 322.0
422, 54.0, 265.0
423, 440.0, 435.0
424, 110.0, 436.0
425, 648.0, 215.0
426, 671.0, 233.0
427, 388.0, 317.0
428, 599.0, 156.0
429, 278.0, 76.0
430, 212.0, 324.0
431, 278.0, 442.0
432, 389.0, 258.0
433, 613.0, 271.0
434, 495.0, 285.0
435, 93.0, 203.0
436, 306.0, 115.0
437, 672.0, 362.0
438, 105.0, 68.0
439, 154.0, 328.0
440, 433.0, 338.0
441, 117.0, 378.0
442, 675.0, 371.0
443, 242.0, 274.0
444, 180.0, 89.0
445, 708.0, 124.0
446, 487.0, 232.0
447, 528.0, 315.0
448, 404.0, 397.0
449, 708.0, 322.0
450, 575.0, 228.0
451, 658.0, 282.0
452, 25.0, 51.0
453, 173.0, 297.0
454, 480.0, 377.0
455, 459.0, 31.0
456, 607.0, 400.0
457, 57.0, 249.0
458, 376.0, 431.0
459, 113.0, 226.0
460, 705.0, 352.0
461, 583.0, 80.0
462, 112.0, 217.0
463, 375.0, 456.0
464, 690.0, 407.0
465, 249.0, 28.0
466, 403.0, 94.0
467, 377.0, 248.0
468, 67.0, 68.0
469, 656.0, 319.0
470, 184.0, 314.0
471, 674.0, 317.0
472, 113.0, 280.0
473, 456.0, 317.0
474, 487.0, 261.0
475, 574.0, 330.0
476, 128.0, 280.0
477, 277.0, 234.0
478, 602.0, 62.0
479, 138.0, 84.0
480, 267.0, 118.0
481, 490.0, 251.0
482, 487.0, 324.0
483, 707.0, 363.0
484, 8.0, 347.0
485, 389.0, 286.0
486, 515.0, 88.0
487, 227.0, 235.0
488, 370.0, 297.0
489, 21.0, 423.0
490, 438.0, 33.0
491, 569.0, 240.0
492, 14.0, 8.0
493, 369.0, 407.0
494, 139.0, 173.0
495, 306.0, 86.0
496, 179.0, 414.0
497, 602.0, 124.0
498, 488.0, 404.0
499, 94.0, 250.0
