0, 317.0, 199.0
1, 495.0, 292.0
2, 80.0, 413.0
3, 423.0, 34.0
4, 442.0, 330.0
5, 220.0, 253.0
6, 411.0, 325.0
7, 109.0, 277.0
8, 230.0, 252.0
9, 432.0, 211.0
10, 114.0, 193.0
11, 404.0, 236.0
12, 125.0, 207.0
13, 460.0, 26.0
14, 328.0, 315.0
15, 514.0, 458.0
16, 391.0, 157.0
17, 209.0, 391.0
18, 423.0, 44.0
19, 595.0, 441.0
20, 493.0, 48.0
21, 197.0, 195.0
22, 187.0, 455.0
23, 459.0, 36.0
24, 495.0, 38.0
25, 414.0, 145.0
26, 446.0, 177.0
27, 222.0, 265.0
28, 391.0, 168.0
29, 452.0, 87.0
30, 213.0, 119.0
31, 424.0, 23.0
32, 467.0, 271.0
33, 486.0, 317.0
34, 136.0, 198.0
35, 66.0, 299.0
36, 172.0, 290.0
37, 389.0, 206.0
38, 535.0, 163.0
39, 335.0, 373.0
40, 219.0, 241.0
41, 328.0, 413.0
42, 226.0, 432.0
43, 259.0, 395.0
44, 178.0, 246.0
45, 734.0, 165.0
46, 560.0, 355.0
47, 576.0, 443.0
48, 238.0, 206.0
49, 306.0, 208.0
50, 371.0, 158.0
51, 317.0, 212.0
52, 169.0, 254.0
53, 443.0, 274.0
54, 455.0, 302.0
55, 305.0, 239.0
56, 685.0, 194.0
57, 330.0, 239.0
58, 582.0, 425.0
59, 99.0, 389.0
60, 412.0, 311.0
61, 569.0, 365.0
62, 59.0, 16.0
63, 424.0, 13.0
64, 101.0, 199.0
65, 77.0, 128.0
66, 479.0, 271.0
67, 634.0, 88.0
68, 173.0, 223.0
69, 419.0, 215.0
70, 458.0, 46.0
71, 519.0, 308.0
72, 117.0, 216.0
73, 284.0, 353.0
74, 404.0, 225.0
75, 474.0, 88.0
76, 373.0, 20.0
77, 83.0, 212.0
78, 717.0, 400.0
79, 109.0, 168.0
80, 480.0, 324.0
81, 371.0, 364.0
82, 130.0, 218.0
83, 393.0, 263.0
84, 360.0, 291.0
85, 251.0, 225.0
86, 174.0, 197.0
87, 149.0, 399.0
88, 171.0, 454.0
89, 405.0, 174.0
90, 418.0, 194.0
91, 671.0, 164.0
92, 670.0, 143.0
93, 450.0, 107.0
94, 272.0, 387.0
95, 431.0, 196.0
96, 621.0, 422.0
97, 204.0, 184.0
98, 388.0, 221.0
99, 494.0, 279.0
100, 455.0, 331.0
101, 496.0, 264.0
102, 445.0, 13.0
103, 277.0, 256.0
104, 374.0, 9.0
105, 47.0, 262.0
106, 701.0, 69.0
107, 27.0, 262.0
108, 413.0, 289.0
109, 312.0, 414.0
110, 524.0, 314.0
111, 152.0, 264.0
112, 337.0, 291.0
113, 725.0, 34.0
114, 317.0, 167.0
115, 348.0, 441.0
116, 190.0, 147.0
117, 246.0, 133.0
118, 202.0, 276.0
119, 333.0, 150.0
120, 278.0, 235.0
121, 298.0, 400.0
122, 300.0, 168.0
123, 477.0, 47.0
124, 238.0, 387.0
125, 280.0, 169.0
126, 74.0, 117.0
127, 390.0, 238.0
128, 191.0, 468.0
129, 61.0, 27.0
130, 268.0, 256.0
131, 203.0, 467.0
132, 215.0, 11.0
133, 244.0, 247.0
134, 42.0, 177.0
135, 56.0, 310.0
136, 435.0, 402.0
137, 375.0, 302.0
138, 131.0, 231.0
139, 371.0, 144.0
140, 279.0, 399.0
141, 454.0, 248.0
142, 239.0, 344.0
143, 348.0, 154.0
144, 404.0, 140.0
145, 370.0, 406.0
146, 356.0, 123.0
147, 725.0, 253.0
148, 394.0, 27.0
149, 603.0, 164.0
150, 638.0, 136.0
151, 231.0, 420.0
152, 457.0, 267.0
153, 23.0, 438.0
154, 400.0, 352.0
155, 276.0, 246.0
156, 396.0, 439.0
157, 443.0, 209.0
158, 90.0, 311.0
159, 251.0, 205.0
160, 387.0, 331.0
161, 307.0, 198.0
162, 376.0, 291.0
163, 21.0, 15.0
164, 288.0, 239.0
165, 370.0, 332.0
166, 527.0, 49.0
167, 252.0, 241.0
168, 359.0, 9.0
169, 478.0, 36.0
170, 431.0, 228.0
171, 204.0, 405.0
172, 562.0, 150.0
173, 257.0, 76.0
174, 490.0, 16.0
175, 328.0, 299.0
176, 353.0, 329.0
177, 215.0, 266.0
178, 166.0, 277.0
179, 358.0, 19.0
180, 364.0, 306.0
181, 58.0, 171.0
182, 160.0, 203.0
183, 408.0, 422.0
184, 103.0, 214.0
185, 217.0, 277.0
186, 46.0, 16.0
187, 512.0, 39.0
188, 317.0, 222.0
189, 397.0, 325.0
190, 529.0, 342.0
191, 351.0, 263.0
192, 92.0, 373.0
193, 338.0, 278.0
194, 69.0, 413.0
195, 519.0, 160.0
196, 315.0, 34.0
197, 343.0, 238.0
198, 421.0, 175.0
199, 116.0, 21.0
200, 198.0, 122.0
201, 402.0, 278.0
202, 279.0, 17.0
203, 444.0, 458.0
204, 390.0, 187.0
205, 295.0, 207.0
206, 217.0, 147.0
207, 625.0, 197.0
208, 267.0, 224.0
209, 116.0, 313.0
210, 306.0, 255.0
211, 564.0, 36.0
212, 261.0, 275.0
213, 448.0, 227.0
214, 386.0, 9.0
215, 375.0, 188.0
216, 196.0, 455.0
217, 629.0, 122.0
218, 52.0, 300.0
219, 141.0, 313.0
220, 66.0, 449.0
221, 381.0, 156.0
222, 204.0, 368.0
223, 641.0, 242.0
224, 434.0, 168.0
225, 245.0, 119.0
226, 222.0, 291.0
227, 219.0, 132.0
228, 289.0, 256.0
229, 310.0, 9.0
230, 322.0, 278.0
231, 433.0, 435.0
232, 730.0, 13.0
233, 178.0, 169.0
234, 71.0, 167.0
235, 509.0, 438.0
236, 685.0, 130.0
237, 454.0, 289.0
238, 105.0, 321.0
239, 205.0, 57.0
240, 610.0, 100.0
241, 467.0, 248.0
242, 159.0, 439.0
243, 297.0, 275.0
244, 384.0, 19.0
245, 224.0, 382.0
246, 538.0, 343.0
247, 522.0, 376.0
248, 445.0, 289.0
249, 84.0, 162.0
250, 122.0, 275.0
251, 349.0, 409.0
252, 698.0, 103.0
253, 496.0, 106.0
254, 330.0, 443.0
255, 275.0, 112.0
256, 405.0, 28.0
257, 479.0, 74.0
258, 143.0, 169.0
259, 274.0, 76.0
260, 463.0, 339.0
261, 166.0, 229.0
262, 344.0, 330.0
263, 364.0, 317.0
264, 192.0, 238.0
265, 472.0, 24.0
266, 529.0, 36.0
267, 152.0, 232.0
268, 334.0, 221.0
269, 120.0, 285.0
270, 351.0, 433.0
271, 386.0, 367.0
272, 280.0, 384.0
273, 429.0, 423.0
274, 516.0, 20.0
275, 334.0, 8.0
276, 225.0, 30.0
277, 371.0, 168.0
278, 578.0, 22.0
279, 715.0, 12.0
280, 173.0, 213.0
281, 200.0, 227.0
282, 470.0, 294.0
283, 134.0, 273.0
284, 319.0, 234.0
285, 329.0, 423.0
286, 341.0, 317.0
287, 508.0, 158.0
288, 324.0, 122.0
289, 713.0, 277.0
290, 109.0, 434.0
291, 23.0, 449.0
292, 130.0, 400.0
293, 731.0, 179.0
294, 221.0, 399.0
295, 444.0, 245.0
296, 264.0, 356.0
297, 348.0, 310.0
298, 476.0, 310.0
299, 368.0, 126.0
300, 263.0, 168.0
301, 26.0, 182.0
302, 80.0, 319.0
303, 348.0, 347.0
304, 123.0, 187.0
305, 301.0, 226.0
306, 423.0, 404.0
307, 224.0, 190.0
308, 128.0, 351.0
309, 739.0, 259.0
310, 341.0, 363.0
311, 502.0, 218.0
312, 484.0, 469.0
313, 520.0, 234.0
314, 199.0, 12.0
315, 195.0, 170.0
316, 94.0, 424.0
317, 217.0, 421.0
318, 59.0, 130.0
319, 626.0, 100.0
320, 187.0, 185.0
321, 378.0, 277.0
322, 395.0, 386.0
323, 350.0, 210.0
324, 20.0, 29.0
325, 155.0, 391.0
326, 370.0, 383.0
327, 400.0, 290.0
328, 160.0, 244.0
329, 420.0, 392.0
330, 365.0, 211.0
331, 473.0, 255.0
332, 340.0, 416.0
333, 239.0, 224.0
334, 502.0, 308.0
335, 697.0, 81.0
336, 49.0, 136.0
337, 503.0, 464.0
338, 233.0, 112.0
339, 664.0, 128.0
340, 436.0, 307.0
341, 319.0, 254.0
342, 188.0, 227.0
343, 373.0, 32.0
344, 338.0, 436.0
345, 74.0, 292.0
346, 269.0, 467.0
347, 64.0, 317.0
348, 204.0, 39.0
349, 348.0, 379.0
350, 178.0, 387.0
351, 194.0, 384.0
352, 393.0, 144.0
353, 27.0, 139.0
354, 87.0, 449.0
355, 418.0, 422.0
356, 645.0, 100.0
357, 525.0, 456.0
358, 210.0, 232.0
359, 343.0, 301.0
360, 694.0, 116.0
361, 529.0, 300.0
362, 371.0, 343.0
363, 407.0, 370.0
364, 206.0, 434.0
365, 385.0, 35.0
366, 264.0, 240.0
367, 539.0, 247.0
368, 169.0, 269.0
369, 284.0, 274.0
370, 646.0, 176.0
371, 606.0, 121.0
372, 513.0, 278.0
373, 231.0, 294.0
374, 18.0, 116.0
375, 643.0, 51.0
376, 417.0, 244.0
377, 390.0, 273.0
378, 66.0, 437.0
379, 179.0, 257.0
380, 98.0, 125.0
381, 264.0, 182.0
382, 724.0, 130.0
383, 87.0, 235.0
384, 14.0, 143.0
385, 29.0, 16.0
386, 722.0, 196.0
387, 206.0, 293.0
388, 354.0, 462.0
389, 121.0, 333.0
390, 454.0, 312.0
391, 341.0, 124.0
392, 340.0, 267.0
393, 226.0, 202.0
394, 203.0, 443.0
395, 442.0, 140.0
396, 373.0, 440.0
397, 177.0, 28.0
398, 701.0, 437.0
399, 84.0, 384.0
400, 280.0, 224.0
401, 512.0, 468.0
402, 247.0, 13.0
403, 472.0, 105.0
404, 493.0, 120.0
405, 538.0, 446.0
406, 117.0, 208.0
407, 337.0, 48.0
408, 318.0, 113.0
409, 730.0, 95.0
410, 423.0, 85.0
411, 499.0, 345.0
412, 142.0, 331.0
413, 424.0, 353.0
414, 71.0, 27.0
415, 587.0, 403.0
416, 690.0, 89.0
417, 679.0, 91.0
418, 249.0, 387.0
419, 454.0, 408.0
420, 332.0, 27.0
421, 131.0, 36.0
422, 140.0, 226.0
423, 113.0, 235.0
424, 330.0, 465.0
425, 613.0, 87.0
426, 705.0, 205.0
427, 331.0, 259.0
428, 362.0, 439.0
429, 501.0, 451.0
430, 456.0, 73.0
431, 711.0, 92.0
432, 325.0, 289.0
433, 293.0, 224.0
434, 499.0, 87.0
435, 290.0, 415.0
436, 545.0, 407.0
437, 705.0, 428.0
438, 484.0, 93.0
439, 104.0, 155.0
440, 201.0, 258.0
441, 184.0, 417.0
442, 424.0, 331.0
443, 307.0, 218.0
444, 79.0, 41.0
445, 417.0, 465.0
446, 500.0, 17.0
447, 118.0, 44.0
448, 727.0, 377.0
449, 267.0, 366.0
450, 178.0, 275.0
451, 295.0, 216.0
452, 736.0, 364.0
453, 188.0, 347.0
454, 521.0, 445.0
455, 180.0, 209.0
456, 417.0, 270.0
457, 74.0, 279.0
458, 390.0, 312.0
459, 214.0, 209.0
460, 697.0, 129.0
461, 424.0, 105.0
462, 391.0, 460.0
463, 472.0, 382.0
464, 360.0, 184.0
465, 523.0, 465.0
466, 69.0, 16.0
467, 142.0, 36.0
468, 359.0, 373.0
469, 259.0, 110.0
470, 260.0, 125.0
471, 156.0, 285.0
472, 721.0, 152.0
473, 385.0, 123.0
474, 182.0, 75.0
475, 400.0, 448.0
476, 719.0, 176.0
477, 440.0, 396.0
478, 130.0, 321.0
479, 187.0, 259.0
480, 714.0, 410.0
481, 392.0, 338.0
482, 175.0, 438.0
483, 252.0, 25.0
484, 412.0, 457.0
485, 219.0, 346.0
486, 146.0, 186.0
487, 206.0, 23.0
488, 425.0, 287.0
489, 354.0, 135.0
490, 156.0, 218.0
491, 333.0, 200.0
492, 238.0, 168.0
493, 328.0, 377.0
494, 63.0, 104.0
495, 76.0, 16.0
496, 695.0, 203.0
497, 603.0, 131.0
498, 71.0, 222.0
499, 361.0, 169.0
