0, 31.0, 8.0
1, 310.0, 9.0
2, 36.0, 10.0
3, 359.0, 14.0
4, 37.0, 15.0
5, 206.0, 16.0
6, 211.0, 16.0
7, 351.0, 18.0
8, 52.0, 21.0
9, 198.0, 23.0
10, 373.0, 23.0
11, 51.0, 26.0
12, 262.0, 26.0
13, 213.0, 27.0
14, 63.0, 29.0
15, 399.0, 29.0
16, 199.0, 34.0
17, 204.0, 35.0
18, 307.0, 36.0
19, 459.0, 36.0
20, 209.0, 37.0
21, 506.0, 37.0
22, 351.0, 38.0
23, 216.0, 39.0
24, 113.0, 40.0
25, 359.0, 40.0
26, 63.0, 43.0
27, 10.0, 44.0
28, 132.0, 44.0
29, 454.0, 44.0
30, 15.0, 45.0
31, 208.0, 45.0
32, 20.0, 46.0
33, 199.0, 46.0
34, 146.0, 47.0
35, 354.0, 47.0
36, 166.0, 49.0
37, 214.0, 50.0
38, 49.0, 51.0
39, 15.0, 52.0
40, 353.0, 52.0
41, 113.0, 53.0
42, 205.0, 53.0
43, 118.0, 55.0
44, 33.0, 56.0
45, 395.0, 57.0
46, 205.0, 58.0
47, 351.0, 59.0
48, 356.0, 60.0
49, 218.0, 64.0
50, 53.0, 68.0
51, 58.0, 68.0
52, 63.0, 68.0
53, 142.0, 68.0
54, 349.0, 69.0
55, 450.0, 70.0
56, 356.0, 71.0
57, 259.0, 73.0
58, 267.0, 73.0
59, 57.0, 75.0
60, 103.0, 77.0
61, 189.0, 77.0
62, 218.0, 77.0
63, 480.0, 78.0
64, 10.0, 79.0
65, 347.0, 79.0
66, 115.0, 80.0
67, 354.0, 81.0
68, 555.0, 81.0
69, 487.0, 82.0
70, 496.0, 82.0
71, 132.0, 83.0
72, 312.0, 83.0
73, 61.0, 85.0
74, 259.0, 85.0
75, 347.0, 85.0
76, 571.0, 85.0
77, 145.0, 86.0
78, 327.0, 86.0
79, 514.0, 86.0
80, 189.0, 87.0
81, 10.0, 88.0
82, 203.0, 88.0
83, 342.0, 89.0
84, 526.0, 89.0
85, 479.0, 90.0
86, 579.0, 90.0
87, 534.0, 91.0
88, 353.0, 92.0
89, 496.0, 92.0
90, 165.0, 93.0
91, 265.0, 93.0
92, 25.0, 94.0
93, 104.0, 94.0
94, 550.0, 94.0
95, 277.0, 96.0
96, 395.0, 96.0
97, 193.0, 99.0
98, 479.0, 99.0
99, 11.0, 100.0
100, 207.0, 100.0
101, 212.0, 100.0
102, 217.0, 100.0
103, 396.0, 101.0
104, 494.0, 102.0
105, 234.0, 103.0
106, 275.0, 103.0
107, 401.0, 104.0
108, 309.0, 105.0
109, 351.0, 105.0
110, 104.0, 106.0
111, 203.0, 106.0
112, 60.0, 108.0
113, 475.0, 108.0
114, 260.0, 110.0
115, 324.0, 110.0
116, 376.0, 110.0
117, 444.0, 110.0
118, 572.0, 110.0
119, 194.0, 113.0
120, 338.0, 113.0
121, 389.0, 113.0
122, 492.0, 113.0
123, 213.0, 116.0
124, 589.0, 116.0
125, 105.0, 117.0
126, 13.0, 118.0
127, 473.0, 118.0
128, 398.0, 119.0
129, 161.0, 121.0
130, 38.0, 122.0
131, 489.0, 122.0
132, 193.0, 124.0
133, 448.0, 124.0
134, 52.0, 125.0
135, 398.0, 125.0
136, 542.0, 125.0
137, 256.0, 126.0
138, 342.0, 126.0
139, 347.0, 126.0
140, 499.0, 126.0
141, 504.0, 126.0
142, 514.0, 127.0
143, 64.0, 128.0
144, 486.0, 128.0
145, 509.0, 128.0
146, 446.0, 129.0
147, 274.0, 130.0
148, 519.0, 130.0
149, 582.0, 130.0
150, 210.0, 131.0
151, 410.0, 132.0
152, 192.0, 134.0
153, 389.0, 134.0
154, 446.0, 134.0
155, 298.0, 135.0
156, 397.0, 135.0
157, 541.0, 135.0
158, 211.0, 137.0
159, 106.0, 138.0
160, 467.0, 138.0
161, 254.0, 139.0
162, 475.0, 139.0
163, 8.0, 140.0
164, 564.0, 140.0
165, 349.0, 143.0
166, 422.0, 143.0
167, 439.0, 143.0
168, 252.0, 144.0
169, 296.0, 147.0
170, 516.0, 147.0
171, 588.0, 147.0
172, 620.0, 148.0
173, 273.0, 149.0
174, 383.0, 150.0
175, 601.0, 150.0
176, 214.0, 152.0
177, 296.0, 152.0
178, 192.0, 153.0
179, 336.0, 153.0
180, 556.0, 153.0
181, 419.0, 157.0
182, 508.0, 157.0
183, 582.0, 157.0
184, 271.0, 158.0
185, 380.0, 161.0
186, 436.0, 161.0
187, 347.0, 162.0
188, 187.0, 163.0
189, 449.0, 164.0
190, 268.0, 165.0
191, 468.0, 165.0
192, 633.0, 165.0
193, 42.0, 166.0
194, 290.0, 167.0
195, 556.0, 168.0
196, 603.0, 168.0
197, 619.0, 168.0
198, 174.0, 169.0
199, 583.0, 170.0
200, 345.0, 171.0
201, 490.0, 172.0
202, 285.0, 174.0
203, 416.0, 174.0
204, 563.0, 174.0
205, 162.0, 175.0
206, 190.0, 175.0
207, 454.0, 175.0
208, 501.0, 175.0
209, 215.0, 178.0
210, 343.0, 178.0
211, 150.0, 179.0
212, 440.0, 179.0
213, 513.0, 179.0
214, 369.0, 182.0
215, 536.0, 182.0
216, 89.0, 184.0
217, 171.0, 184.0
218, 451.0, 184.0
219, 469.0, 184.0
220, 618.0, 184.0
221, 244.0, 186.0
222, 560.0, 186.0
223, 125.0, 188.0
224, 279.0, 189.0
225, 414.0, 189.0
226, 576.0, 189.0
227, 609.0, 189.0
228, 436.0, 190.0
229, 391.0, 191.0
230, 584.0, 191.0
231, 289.0, 192.0
232, 304.0, 192.0
233, 335.0, 192.0
234, 371.0, 192.0
235, 431.0, 193.0
236, 596.0, 193.0
237, 164.0, 194.0
238, 252.0, 194.0
239, 266.0, 194.0
240, 315.0, 194.0
241, 346.0, 194.0
242, 454.0, 194.0
243, 480.0, 195.0
244, 602.0, 195.0
245, 607.0, 195.0
246, 613.0, 196.0
247, 532.0, 197.0
248, 466.0, 198.0
249, 626.0, 199.0
250, 433.0, 200.0
251, 555.0, 201.0
252, 253.0, 203.0
253, 204.0, 205.0
254, 260.0, 205.0
255, 347.0, 205.0
256, 575.0, 205.0
257, 580.0, 206.0
258, 267.0, 207.0
259, 586.0, 207.0
260, 665.0, 207.0
261, 214.0, 208.0
262, 253.0, 208.0
263, 591.0, 208.0
264, 447.0, 209.0
265, 726.0, 209.0
266, 412.0, 211.0
267, 609.0, 211.0
268, 464.0, 212.0
269, 527.0, 212.0
270, 663.0, 212.0
271, 398.0, 214.0
272, 626.0, 215.0
273, 201.0, 216.0
274, 631.0, 216.0
275, 463.0, 217.0
276, 551.0, 217.0
277, 636.0, 217.0
278, 96.0, 218.0
279, 643.0, 218.0
280, 648.0, 219.0
281, 214.0, 220.0
282, 661.0, 220.0
283, 237.0, 221.0
284, 346.0, 222.0
285, 580.0, 222.0
286, 677.0, 224.0
287, 711.0, 224.0
288, 396.0, 225.0
289, 468.0, 225.0
290, 493.0, 226.0
291, 605.0, 226.0
292, 401.0, 228.0
293, 524.0, 228.0
294, 708.0, 229.0
295, 457.0, 230.0
296, 626.0, 230.0
297, 201.0, 232.0
298, 84.0, 234.0
299, 108.0, 235.0
300, 655.0, 235.0
301, 95.0, 236.0
302, 499.0, 239.0
303, 522.0, 243.0
304, 703.0, 243.0
305, 186.0, 248.0
306, 533.0, 249.0
307, 201.0, 250.0
308, 226.0, 250.0
309, 363.0, 250.0
310, 211.0, 251.0
311, 512.0, 252.0
312, 670.0, 252.0
313, 675.0, 253.0
314, 73.0, 256.0
315, 566.0, 256.0
316, 200.0, 257.0
317, 120.0, 258.0
318, 539.0, 258.0
319, 708.0, 258.0
320, 153.0, 259.0
321, 253.0, 259.0
322, 393.0, 260.0
323, 550.0, 260.0
324, 97.0, 261.0
325, 286.0, 262.0
326, 291.0, 262.0
327, 308.0, 264.0
328, 313.0, 264.0
329, 487.0, 264.0
330, 562.0, 265.0
331, 164.0, 266.0
332, 507.0, 267.0
333, 516.0, 267.0
334, 526.0, 269.0
335, 200.0, 270.0
336, 595.0, 270.0
337, 164.0, 271.0
338, 547.0, 272.0
339, 462.0, 273.0
340, 627.0, 273.0
341, 374.0, 275.0
342, 559.0, 275.0
343, 566.0, 275.0
344, 238.0, 276.0
345, 405.0, 276.0
346, 660.0, 276.0
347, 164.0, 278.0
348, 87.0, 282.0
349, 93.0, 283.0
350, 708.0, 286.0
351, 165.0, 288.0
352, 209.0, 292.0
353, 214.0, 293.0
354, 704.0, 294.0
355, 250.0, 295.0
356, 382.0, 295.0
357, 123.0, 296.0
358, 743.0, 298.0
359, 566.0, 300.0
360, 561.0, 303.0
361, 573.0, 303.0
362, 98.0, 304.0
363, 33.0, 305.0
364, 39.0, 305.0
365, 28.0, 306.0
366, 23.0, 307.0
367, 304.0, 307.0
368, 698.0, 308.0
369, 581.0, 309.0
370, 370.0, 310.0
371, 164.0, 311.0
372, 281.0, 314.0
373, 286.0, 314.0
374, 506.0, 315.0
375, 715.0, 316.0
376, 400.0, 317.0
377, 671.0, 318.0
378, 699.0, 319.0
379, 574.0, 321.0
380, 89.0, 327.0
381, 95.0, 328.0
382, 690.0, 330.0
383, 199.0, 337.0
384, 207.0, 338.0
385, 733.0, 339.0
386, 650.0, 341.0
387, 304.0, 347.0
388, 149.0, 349.0
389, 496.0, 353.0
390, 391.0, 354.0
391, 83.0, 356.0
392, 194.0, 356.0
393, 103.0, 358.0
394, 220.0, 365.0
395, 231.0, 366.0
396, 90.0, 370.0
397, 98.0, 370.0
398, 44.0, 374.0
399, 513.0, 374.0
400, 125.0, 377.0
401, 197.0, 377.0
402, 339.0, 377.0
403, 207.0, 378.0
404, 384.0, 378.0
405, 355.0, 379.0
406, 85.0, 381.0
407, 629.0, 382.0
408, 102.0, 383.0
409, 299.0, 384.0
410, 246.0, 387.0
411, 232.0, 389.0
412, 383.0, 390.0
413, 312.0, 396.0
414, 336.0, 396.0
415, 30.0, 399.0
416, 486.0, 399.0
417, 442.0, 400.0
418, 571.0, 403.0
419, 100.0, 404.0
420, 576.0, 405.0
421, 581.0, 407.0
422, 204.0, 414.0
423, 199.0, 415.0
424, 163.0, 417.0
425, 545.0, 417.0
426, 296.0, 420.0
427, 187.0, 422.0
428, 379.0, 424.0
429, 591.0, 425.0
430, 504.0, 427.0
431, 88.0, 428.0
432, 219.0, 432.0
433, 325.0, 433.0
434, 376.0, 435.0
435, 325.0, 438.0
436, 475.0, 440.0
437, 610.0, 445.0
438, 100.0, 448.0
439, 87.0, 449.0
440, 200.0, 450.0
441, 63.0, 453.0
442, 290.0, 453.0
443, 325.0, 454.0
444, 376.0, 457.0
445, 524.0, 457.0
446, 422.0, 458.0
447, 427.0, 458.0
448, 465.0, 461.0
449, 490.0, 463.0
450, 56.0, 469.0
451, 492.0, 469.0
452, 63.0, 470.0
453, 158.0, 470.0
