0, 108.0, 281.0
1, 152.0, 268.0
2, 202.0, 281.0
3, 219.0, 244.0
4, 423.0, 37.0
5, 482.0, 329.0
6, 468.0, 275.0
7, 412.0, 315.0
8, 423.0, 48.0
9, 306.0, 211.0
10, 526.0, 319.0
11, 395.0, 31.0
12, 59.0, 19.0
13, 21.0, 18.0
14, 298.0, 406.0
15, 508.0, 161.0
16, 474.0, 92.0
17, 364.0, 310.0
18, 251.0, 209.0
19, 63.0, 445.0
20, 295.0, 211.0
21, 113.0, 196.0
22, 340.0, 270.0
23, 585.0, 432.0
24, 83.0, 215.0
25, 536.0, 167.0
26, 328.0, 420.0
27, 572.0, 371.0
28, 173.0, 227.0
29, 517.0, 466.0
30, 329.0, 319.0
31, 213.0, 122.0
32, 308.0, 201.0
33, 330.0, 430.0
34, 209.0, 236.0
35, 279.0, 404.0
36, 452.0, 91.0
37, 424.0, 27.0
38, 171.0, 295.0
39, 90.0, 380.0
40, 288.0, 243.0
41, 370.0, 336.0
42, 259.0, 401.0
43, 131.0, 234.0
44, 220.0, 257.0
45, 225.0, 439.0
46, 341.0, 368.0
47, 278.0, 239.0
48, 392.0, 172.0
49, 404.0, 240.0
50, 46.0, 19.0
51, 631.0, 436.0
52, 251.0, 229.0
53, 129.0, 221.0
54, 216.0, 15.0
55, 459.0, 39.0
56, 331.0, 242.0
57, 414.0, 148.0
58, 388.0, 224.0
59, 230.0, 426.0
60, 77.0, 131.0
61, 136.0, 201.0
62, 406.0, 178.0
63, 42.0, 180.0
64, 217.0, 151.0
65, 637.0, 140.0
66, 71.0, 170.0
67, 233.0, 115.0
68, 443.0, 335.0
69, 336.0, 377.0
70, 54.0, 315.0
71, 512.0, 42.0
72, 203.0, 410.0
73, 121.0, 280.0
74, 186.0, 462.0
75, 456.0, 307.0
76, 61.0, 30.0
77, 359.0, 23.0
78, 261.0, 279.0
79, 494.0, 52.0
80, 392.0, 161.0
81, 147.0, 406.0
82, 697.0, 106.0
83, 84.0, 165.0
84, 604.0, 168.0
85, 337.0, 295.0
86, 375.0, 306.0
87, 686.0, 198.0
88, 443.0, 213.0
89, 102.0, 217.0
90, 74.0, 120.0
91, 411.0, 329.0
92, 177.0, 249.0
93, 446.0, 293.0
94, 480.0, 276.0
95, 444.0, 279.0
96, 295.0, 220.0
97, 187.0, 189.0
98, 390.0, 190.0
99, 280.0, 172.0
100, 298.0, 279.0
101, 317.0, 203.0
102, 127.0, 356.0
103, 409.0, 428.0
104, 431.0, 199.0
105, 305.0, 243.0
106, 490.0, 20.0
107, 354.0, 334.0
108, 671.0, 147.0
109, 78.0, 324.0
110, 62.0, 322.0
111, 174.0, 201.0
112, 157.0, 445.0
113, 458.0, 271.0
114, 160.0, 207.0
115, 100.0, 202.0
116, 50.0, 305.0
117, 46.0, 265.0
118, 231.0, 299.0
119, 208.0, 396.0
120, 700.0, 74.0
121, 434.0, 442.0
122, 495.0, 42.0
123, 371.0, 148.0
124, 364.0, 321.0
125, 372.0, 368.0
126, 116.0, 219.0
127, 277.0, 259.0
128, 103.0, 326.0
129, 47.0, 321.0
130, 401.0, 294.0
131, 237.0, 392.0
132, 458.0, 50.0
133, 445.0, 17.0
134, 404.0, 144.0
135, 562.0, 361.0
136, 20.0, 32.0
137, 460.0, 30.0
138, 284.0, 358.0
139, 474.0, 259.0
140, 328.0, 303.0
141, 497.0, 297.0
142, 312.0, 421.0
143, 430.0, 429.0
144, 58.0, 133.0
145, 301.0, 171.0
146, 214.0, 269.0
147, 289.0, 259.0
148, 319.0, 258.0
149, 496.0, 110.0
150, 63.0, 457.0
151, 389.0, 209.0
152, 348.0, 447.0
153, 350.0, 213.0
154, 432.0, 215.0
155, 267.0, 228.0
156, 342.0, 321.0
157, 70.0, 224.0
158, 360.0, 295.0
159, 118.0, 289.0
160, 397.0, 329.0
161, 445.0, 249.0
162, 197.0, 198.0
163, 268.0, 260.0
164, 519.0, 164.0
165, 450.0, 111.0
166, 141.0, 317.0
167, 348.0, 157.0
168, 264.0, 243.0
169, 220.0, 404.0
170, 477.0, 314.0
171, 26.0, 266.0
172, 222.0, 269.0
173, 326.0, 293.0
174, 317.0, 116.0
175, 405.0, 229.0
176, 403.0, 282.0
177, 425.0, 17.0
178, 301.0, 230.0
179, 478.0, 39.0
180, 238.0, 210.0
181, 109.0, 172.0
182, 172.0, 216.0
183, 715.0, 16.0
184, 230.0, 256.0
185, 477.0, 51.0
186, 262.0, 172.0
187, 434.0, 172.0
188, 456.0, 336.0
189, 191.0, 151.0
190, 343.0, 305.0
191, 414.0, 294.0
192, 500.0, 22.0
193, 217.0, 280.0
194, 421.0, 178.0
195, 563.0, 154.0
196, 133.0, 277.0
197, 627.0, 201.0
198, 330.0, 450.0
199, 206.0, 61.0
200, 89.0, 316.0
201, 319.0, 239.0
202, 351.0, 268.0
203, 735.0, 169.0
204, 393.0, 148.0
205, 698.0, 84.0
206, 436.0, 408.0
207, 116.0, 24.0
208, 58.0, 174.0
209, 672.0, 169.0
210, 419.0, 219.0
211, 484.0, 97.0
212, 386.0, 14.0
213, 497.0, 268.0
214, 20.0, 457.0
215, 473.0, 27.0
216, 85.0, 457.0
217, 77.0, 421.0
218, 200.0, 231.0
219, 20.0, 446.0
220, 64.0, 423.0
221, 644.0, 247.0
222, 432.0, 233.0
223, 97.0, 395.0
224, 447.0, 180.0
225, 334.0, 225.0
226, 317.0, 216.0
227, 349.0, 384.0
228, 503.0, 458.0
229, 495.0, 283.0
230, 334.0, 11.0
231, 169.0, 258.0
232, 716.0, 282.0
233, 349.0, 351.0
234, 580.0, 451.0
235, 292.0, 21.0
236, 374.0, 12.0
237, 255.0, 8.0
238, 471.0, 300.0
239, 225.0, 387.0
240, 401.0, 357.0
241, 339.0, 281.0
242, 282.0, 10.0
243, 418.0, 197.0
244, 742.0, 264.0
245, 205.0, 440.0
246, 65.0, 303.0
247, 370.0, 387.0
248, 455.0, 317.0
249, 487.0, 322.0
250, 520.0, 238.0
251, 468.0, 252.0
252, 142.0, 39.0
253, 732.0, 183.0
254, 146.0, 188.0
255, 441.0, 400.0
256, 388.0, 336.0
257, 598.0, 448.0
258, 348.0, 314.0
259, 730.0, 17.0
260, 272.0, 392.0
261, 316.0, 38.0
262, 540.0, 251.0
263, 524.0, 381.0
264, 202.0, 449.0
265, 423.0, 410.0
266, 67.0, 8.0
267, 729.0, 259.0
268, 514.0, 283.0
269, 386.0, 39.0
270, 685.0, 133.0
271, 359.0, 12.0
272, 276.0, 115.0
273, 306.0, 259.0
274, 455.0, 252.0
275, 49.0, 140.0
276, 694.0, 119.0
277, 633.0, 92.0
278, 106.0, 442.0
279, 371.0, 161.0
280, 114.0, 318.0
281, 448.0, 231.0
282, 324.0, 125.0
283, 473.0, 162.0
284, 375.0, 191.0
285, 193.0, 389.0
286, 14.0, 146.0
287, 628.0, 126.0
288, 123.0, 190.0
289, 120.0, 339.0
290, 349.0, 414.0
291, 226.0, 33.0
292, 125.0, 210.0
293, 281.0, 422.0
294, 170.0, 461.0
295, 333.0, 154.0
296, 24.0, 185.0
297, 724.0, 38.0
298, 530.0, 303.0
299, 578.0, 26.0
300, 405.0, 32.0
301, 310.0, 13.0
302, 246.0, 136.0
303, 97.0, 128.0
304, 240.0, 228.0
305, 374.0, 445.0
306, 540.0, 349.0
307, 369.0, 130.0
308, 374.0, 24.0
309, 276.0, 251.0
310, 318.0, 170.0
311, 198.0, 125.0
312, 27.0, 142.0
313, 590.0, 409.0
314, 280.0, 21.0
315, 343.0, 241.0
316, 169.0, 240.0
317, 420.0, 397.0
318, 260.0, 114.0
319, 511.0, 445.0
320, 395.0, 392.0
321, 387.0, 372.0
322, 165.0, 232.0
323, 355.0, 455.0
324, 221.0, 295.0
325, 203.0, 187.0
326, 86.0, 239.0
327, 223.0, 105.0
328, 81.0, 9.0
329, 280.0, 389.0
330, 365.0, 215.0
331, 258.0, 79.0
332, 647.0, 180.0
333, 116.0, 211.0
334, 397.0, 445.0
335, 280.0, 188.0
336, 384.0, 24.0
337, 29.0, 18.0
338, 371.0, 412.0
339, 502.0, 222.0
340, 532.0, 347.0
341, 626.0, 104.0
342, 337.0, 51.0
343, 238.0, 349.0
344, 464.0, 344.0
345, 177.0, 172.0
346, 176.0, 392.0
347, 80.0, 44.0
348, 104.0, 159.0
349, 610.0, 104.0
350, 64.0, 107.0
351, 456.0, 77.0
352, 540.0, 454.0
353, 322.0, 282.0
354, 204.0, 43.0
355, 320.0, 388.0
356, 143.0, 172.0
357, 244.0, 250.0
358, 391.0, 317.0
359, 206.0, 297.0
360, 69.0, 19.0
361, 264.0, 348.0
362, 738.0, 389.0
363, 707.0, 236.0
364, 139.0, 262.0
365, 165.0, 282.0
366, 372.0, 347.0
367, 376.0, 295.0
368, 32.0, 31.0
369, 224.0, 194.0
370, 77.0, 20.0
371, 331.0, 263.0
372, 421.0, 136.0
373, 722.0, 156.0
374, 403.0, 152.0
375, 203.0, 373.0
376, 548.0, 414.0
377, 200.0, 15.0
378, 56.0, 8.0
379, 344.0, 334.0
380, 394.0, 267.0
381, 103.0, 465.0
382, 169.0, 274.0
383, 135.0, 434.0
384, 563.0, 44.0
385, 272.0, 36.0
386, 355.0, 471.0
387, 391.0, 242.0
388, 274.0, 79.0
389, 183.0, 79.0
390, 336.0, 163.0
391, 187.0, 231.0
392, 356.0, 126.0
393, 178.0, 278.0
394, 504.0, 312.0
395, 531.0, 32.0
396, 664.0, 133.0
397, 128.0, 406.0
398, 456.0, 414.0
399, 353.0, 429.0
400, 333.0, 204.0
401, 21.0, 250.0
402, 318.0, 410.0
403, 112.0, 237.0
404, 510.0, 131.0
405, 499.0, 91.0
406, 500.0, 350.0
407, 420.0, 428.0
408, 78.0, 249.0
409, 169.0, 352.0
410, 418.0, 273.0
411, 128.0, 326.0
412, 129.0, 27.0
413, 527.0, 54.0
414, 391.0, 277.0
415, 724.0, 133.0
416, 298.0, 270.0
417, 392.0, 342.0
418, 192.0, 242.0
419, 220.0, 135.0
420, 235.0, 9.0
421, 341.0, 422.0
422, 141.0, 335.0
423, 722.0, 199.0
424, 202.0, 262.0
425, 474.0, 392.0
426, 720.0, 181.0
427, 485.0, 112.0
428, 424.0, 358.0
429, 362.0, 446.0
430, 226.0, 205.0
431, 137.0, 290.0
432, 323.0, 138.0
433, 156.0, 290.0
434, 472.0, 109.0
435, 338.0, 441.0
436, 272.0, 60.0
437, 275.0, 346.0
438, 701.0, 38.0
439, 73.0, 284.0
440, 446.0, 466.0
441, 264.0, 187.0
442, 603.0, 455.0
443, 423.0, 88.0
444, 223.0, 378.0
445, 251.0, 245.0
446, 613.0, 91.0
447, 413.0, 448.0
448, 151.0, 419.0
449, 245.0, 123.0
450, 510.0, 149.0
451, 730.0, 99.0
452, 154.0, 258.0
453, 192.0, 449.0
454, 284.0, 278.0
455, 207.0, 134.0
456, 317.0, 226.0
457, 699.0, 208.0
458, 91.0, 432.0
459, 98.0, 278.0
460, 249.0, 277.0
461, 213.0, 212.0
462, 711.0, 96.0
463, 260.0, 128.0
464, 417.0, 339.0
465, 513.0, 138.0
466, 434.0, 89.0
467, 219.0, 460.0
468, 408.0, 375.0
469, 605.0, 125.0
470, 178.0, 32.0
471, 280.0, 227.0
472, 418.0, 248.0
473, 194.0, 462.0
474, 231.0, 290.0
475, 308.0, 221.0
476, 156.0, 221.0
477, 42.0, 35.0
478, 359.0, 378.0
479, 39.0, 19.0
480, 425.0, 108.0
481, 313.0, 395.0
482, 262.0, 154.0
483, 63.0, 332.0
484, 603.0, 136.0
485, 183.0, 421.0
486, 643.0, 55.0
487, 431.0, 396.0
488, 170.0, 444.0
489, 478.0, 461.0
490, 438.0, 454.0
491, 709.0, 134.0
492, 102.0, 457.0
493, 269.0, 370.0
494, 381.0, 159.0
495, 252.0, 28.0
496, 26.0, 127.0
497, 175.0, 366.0
498, 180.0, 212.0
499, 310.0, 294.0
