0, 41.0, 8.0
1, 80.0, 8.0
2, 57.0, 9.0
3, 75.0, 9.0
4, 93.0, 11.0
5, 143.0, 12.0
6, 144.0, 17.0
7, 19.0, 29.0
8, 59.0, 31.0
9, 24.0, 33.0
10, 76.0, 35.0
11, 84.0, 35.0
12, 96.0, 37.0
13, 122.0, 41.0
14, 144.0, 43.0
15, 511.0, 43.0
16, 532.0, 45.0
17, 77.0, 46.0
18, 551.0, 49.0
19, 23.0, 51.0
20, 86.0, 53.0
21, 31.0, 57.0
22, 483.0, 57.0
23, 132.0, 58.0
24, 530.0, 58.0
25, 46.0, 59.0
26, 144.0, 60.0
27, 63.0, 61.0
28, 347.0, 61.0
29, 595.0, 63.0
30, 625.0, 64.0
31, 78.0, 65.0
32, 608.0, 65.0
33, 640.0, 65.0
34, 100.0, 67.0
35, 654.0, 67.0
36, 24.0, 68.0
37, 405.0, 68.0
38, 594.0, 68.0
39, 599.0, 68.0
40, 659.0, 68.0
41, 33.0, 69.0
42, 481.0, 69.0
43, 507.0, 70.0
44, 664.0, 70.0
45, 132.0, 72.0
46, 170.0, 72.0
47, 677.0, 72.0
48, 181.0, 73.0
49, 517.0, 73.0
50, 480.0, 74.0
51, 689.0, 74.0
52, 148.0, 75.0
53, 204.0, 76.0
54, 577.0, 76.0
55, 591.0, 76.0
56, 605.0, 77.0
57, 527.0, 81.0
58, 666.0, 81.0
59, 405.0, 82.0
60, 511.0, 82.0
61, 544.0, 82.0
62, 506.0, 83.0
63, 34.0, 84.0
64, 292.0, 84.0
65, 517.0, 84.0
66, 603.0, 87.0
67, 367.0, 88.0
68, 635.0, 88.0
69, 99.0, 90.0
70, 643.0, 90.0
71, 148.0, 94.0
72, 672.0, 94.0
73, 684.0, 96.0
74, 470.0, 97.0
75, 619.0, 97.0
76, 292.0, 98.0
77, 404.0, 99.0
78, 163.0, 100.0
79, 633.0, 100.0
80, 647.0, 100.0
81, 733.0, 100.0
82, 658.0, 101.0
83, 599.0, 103.0
84, 668.0, 104.0
85, 682.0, 105.0
86, 401.0, 111.0
87, 111.0, 114.0
88, 134.0, 115.0
89, 147.0, 116.0
90, 163.0, 117.0
91, 215.0, 120.0
92, 720.0, 123.0
93, 719.0, 130.0
94, 487.0, 139.0
95, 508.0, 139.0
96, 500.0, 143.0
97, 13.0, 144.0
98, 38.0, 144.0
99, 43.0, 145.0
100, 59.0, 145.0
101, 75.0, 145.0
102, 91.0, 146.0
103, 103.0, 146.0
104, 118.0, 147.0
105, 130.0, 148.0
106, 81.0, 150.0
107, 21.0, 157.0
108, 42.0, 157.0
109, 30.0, 158.0
110, 69.0, 158.0
111, 112.0, 159.0
112, 484.0, 159.0
113, 82.0, 160.0
114, 505.0, 162.0
115, 475.0, 164.0
116, 437.0, 165.0
117, 490.0, 165.0
118, 495.0, 165.0
119, 16.0, 166.0
120, 64.0, 166.0
121, 82.0, 166.0
122, 94.0, 167.0
123, 122.0, 167.0
124, 180.0, 171.0
125, 134.0, 172.0
126, 139.0, 172.0
127, 149.0, 172.0
128, 158.0, 172.0
129, 167.0, 172.0
130, 267.0, 172.0
131, 315.0, 172.0
132, 110.0, 173.0
133, 193.0, 173.0
134, 84.0, 174.0
135, 411.0, 174.0
136, 422.0, 174.0
137, 473.0, 174.0
138, 486.0, 174.0
139, 498.0, 174.0
140, 510.0, 174.0
141, 173.0, 175.0
142, 525.0, 175.0
143, 560.0, 175.0
144, 579.0, 175.0
145, 89.0, 176.0
146, 549.0, 177.0
147, 592.0, 177.0
148, 597.0, 178.0
149, 432.0, 181.0
150, 489.0, 183.0
151, 409.0, 184.0
152, 168.0, 185.0
153, 134.0, 186.0
154, 182.0, 186.0
155, 194.0, 186.0
156, 112.0, 187.0
157, 160.0, 187.0
158, 576.0, 187.0
159, 151.0, 188.0
160, 488.0, 188.0
161, 409.0, 189.0
162, 521.0, 189.0
163, 566.0, 189.0
164, 528.0, 190.0
165, 431.0, 192.0
166, 471.0, 192.0
167, 106.0, 198.0
168, 156.0, 198.0
169, 93.0, 199.0
170, 193.0, 199.0
171, 487.0, 201.0
172, 504.0, 201.0
173, 518.0, 201.0
174, 115.0, 202.0
175, 468.0, 202.0
176, 527.0, 202.0
177, 180.0, 203.0
178, 420.0, 203.0
179, 431.0, 203.0
180, 174.0, 204.0
181, 194.0, 204.0
182, 408.0, 204.0
183, 114.0, 207.0
184, 155.0, 207.0
185, 546.0, 208.0
186, 419.0, 209.0
187, 628.0, 209.0
188, 726.0, 209.0
189, 609.0, 211.0
190, 571.0, 212.0
191, 581.0, 212.0
192, 616.0, 212.0
193, 595.0, 213.0
194, 621.0, 213.0
195, 491.0, 214.0
196, 513.0, 214.0
197, 556.0, 214.0
198, 108.0, 215.0
199, 158.0, 216.0
200, 174.0, 216.0
201, 430.0, 216.0
202, 546.0, 218.0
203, 96.0, 219.0
204, 515.0, 219.0
205, 395.0, 220.0
206, 158.0, 221.0
207, 466.0, 221.0
208, 489.0, 221.0
209, 429.0, 223.0
210, 96.0, 224.0
211, 400.0, 228.0
212, 98.0, 229.0
213, 110.0, 231.0
214, 156.0, 231.0
215, 168.0, 231.0
216, 98.0, 234.0
217, 359.0, 234.0
218, 181.0, 237.0
219, 407.0, 239.0
220, 736.0, 239.0
221, 743.0, 240.0
222, 393.0, 242.0
223, 201.0, 243.0
224, 159.0, 245.0
225, 170.0, 245.0
226, 417.0, 245.0
227, 428.0, 245.0
228, 361.0, 246.0
229, 506.0, 256.0
230, 374.0, 260.0
231, 675.0, 265.0
232, 426.0, 268.0
233, 404.0, 269.0
234, 391.0, 271.0
235, 709.0, 275.0
236, 171.0, 280.0
237, 724.0, 280.0
238, 469.0, 281.0
239, 226.0, 285.0
240, 107.0, 293.0
241, 252.0, 296.0
242, 354.0, 298.0
243, 300.0, 302.0
244, 300.0, 307.0
245, 300.0, 312.0
246, 629.0, 314.0
247, 444.0, 317.0
248, 147.0, 319.0
249, 220.0, 324.0
250, 547.0, 327.0
251, 65.0, 329.0
252, 550.0, 333.0
253, 23.0, 335.0
254, 142.0, 335.0
255, 672.0, 335.0
256, 552.0, 339.0
257, 613.0, 341.0
258, 23.0, 343.0
259, 51.0, 347.0
260, 24.0, 350.0
261, 193.0, 359.0
262, 63.0, 363.0
263, 144.0, 386.0
264, 213.0, 388.0
265, 223.0, 398.0
266, 29.0, 399.0
267, 121.0, 400.0
268, 204.0, 403.0
269, 223.0, 403.0
270, 120.0, 405.0
271, 611.0, 405.0
272, 414.0, 412.0
273, 138.0, 416.0
274, 204.0, 416.0
275, 113.0, 423.0
276, 318.0, 445.0
277, 582.0, 463.0
278, 226.0, 469.0
279, 221.0, 471.0
