0, 194.0, 381.0
1, 413.0, 343.0
2, 445.0, 55.0
3, 420.0, 354.0
4, 294.0, 68.0
5, 192.0, 370.0
6, 190.0, 354.0
7, 362.0, 203.0
8, 521.0, 123.0
9, 422.0, 327.0
10, 444.0, 368.0
11, 80.0, 453.0
12, 125.0, 390.0
13, 222.0, 439.0
14, 411.0, 462.0
15, 505.0, 59.0
16, 449.0, 175.0
17, 235.0, 256.0
18, 332.0, 82.0
19, 279.0, 360.0
20, 460.0, 292.0
21, 310.0, 341.0
22, 650.0, 376.0
23, 335.0, 292.0
24, 54.0, 450.0
25, 390.0, 77.0
26, 468.0, 363.0
27, 417.0, 78.0
28, 374.0, 215.0
29, 200.0, 62.0
30, 575.0, 304.0
31, 399.0, 85.0
32, 93.0, 214.0
33, 456.0, 241.0
34, 341.0, 313.0
35, 136.0, 361.0
36, 270.0, 462.0
37, 493.0, 358.0
38, 190.0, 286.0
39, 461.0, 280.0
40, 359.0, 335.0
41, 375.0, 194.0
42, 405.0, 329.0
43, 375.0, 174.0
44, 402.0, 108.0
45, 560.0, 298.0
46, 524.0, 189.0
47, 192.0, 405.0
48, 85.0, 277.0
49, 205.0, 353.0
50, 411.0, 418.0
51, 447.0, 192.0
52, 490.0, 259.0
53, 549.0, 175.0
54, 326.0, 314.0
55, 514.0, 277.0
56, 550.0, 136.0
57, 441.0, 444.0
58, 421.0, 341.0
59, 419.0, 398.0
60, 384.0, 450.0
61, 422.0, 120.0
62, 377.0, 76.0
63, 453.0, 359.0
64, 560.0, 286.0
65, 716.0, 258.0
66, 508.0, 190.0
67, 415.0, 293.0
68, 440.0, 468.0
69, 330.0, 237.0
70, 358.0, 294.0
71, 402.0, 453.0
72, 274.0, 37.0
73, 205.0, 454.0
74, 532.0, 210.0
75, 241.0, 64.0
76, 167.0, 294.0
77, 735.0, 324.0
78, 459.0, 200.0
79, 52.0, 467.0
80, 448.0, 207.0
81, 462.0, 418.0
82, 120.0, 363.0
83, 662.0, 223.0
84, 531.0, 402.0
85, 367.0, 291.0
86, 104.0, 452.0
87, 444.0, 165.0
88, 138.0, 377.0
89, 645.0, 184.0
90, 736.0, 130.0
91, 690.0, 290.0
92, 357.0, 312.0
93, 466.0, 383.0
94, 699.0, 446.0
95, 674.0, 334.0
96, 538.0, 67.0
97, 436.0, 283.0
98, 635.0, 164.0
99, 510.0, 146.0
100, 226.0, 452.0
101, 506.0, 42.0
102, 462.0, 308.0
103, 161.0, 282.0
104, 280.0, 427.0
105, 152.0, 43.0
106, 522.0, 76.0
107, 413.0, 136.0
108, 110.0, 58.0
109, 208.0, 379.0
110, 187.0, 338.0
111, 289.0, 75.0
112, 687.0, 274.0
113, 623.0, 61.0
114, 264.0, 372.0
115, 310.0, 325.0
116, 550.0, 343.0
117, 457.0, 261.0
118, 523.0, 60.0
119, 207.0, 251.0
120, 431.0, 134.0
121, 270.0, 433.0
122, 679.0, 300.0
123, 477.0, 225.0
124, 410.0, 124.0
125, 315.0, 250.0
126, 377.0, 464.0
127, 181.0, 301.0
128, 459.0, 464.0
129, 294.0, 296.0
130, 600.0, 377.0
131, 693.0, 331.0
132, 500.0, 263.0
133, 723.0, 149.0
134, 733.0, 155.0
135, 526.0, 174.0
136, 566.0, 312.0
137, 263.0, 347.0
138, 382.0, 165.0
139, 500.0, 161.0
140, 182.0, 396.0
141, 688.0, 440.0
142, 443.0, 350.0
143, 594.0, 435.0
144, 339.0, 255.0
145, 442.0, 303.0
146, 275.0, 345.0
147, 359.0, 321.0
148, 427.0, 438.0
149, 444.0, 70.0
150, 388.0, 332.0
151, 650.0, 302.0
152, 588.0, 386.0
153, 473.0, 321.0
154, 348.0, 210.0
155, 420.0, 170.0
156, 344.0, 62.0
157, 384.0, 149.0
158, 594.0, 426.0
159, 73.0, 465.0
160, 627.0, 209.0
161, 481.0, 59.0
162, 56.0, 414.0
163, 469.0, 347.0
164, 151.0, 305.0
165, 401.0, 150.0
166, 88.0, 224.0
167, 146.0, 276.0
168, 496.0, 58.0
169, 283.0, 457.0
170, 228.0, 462.0
171, 310.0, 197.0
172, 181.0, 450.0
173, 78.0, 214.0
174, 43.0, 328.0
175, 659.0, 232.0
176, 370.0, 414.0
177, 309.0, 295.0
178, 375.0, 244.0
179, 217.0, 217.0
180, 545.0, 163.0
181, 141.0, 403.0
182, 375.0, 204.0
183, 378.0, 15.0
184, 615.0, 305.0
185, 117.0, 346.0
186, 587.0, 303.0
187, 66.0, 371.0
188, 140.0, 388.0
189, 349.0, 270.0
190, 204.0, 336.0
191, 490.0, 208.0
192, 123.0, 380.0
193, 692.0, 346.0
194, 218.0, 257.0
195, 253.0, 464.0
196, 281.0, 370.0
197, 614.0, 354.0
198, 155.0, 68.0
199, 480.0, 210.0
200, 566.0, 187.0
201, 464.0, 405.0
202, 475.0, 269.0
203, 472.0, 335.0
204, 530.0, 138.0
205, 618.0, 370.0
206, 609.0, 332.0
207, 669.0, 157.0
208, 578.0, 379.0
209, 537.0, 180.0
210, 541.0, 330.0
211, 75.0, 268.0
212, 611.0, 79.0
213, 397.0, 160.0
214, 310.0, 357.0
215, 453.0, 433.0
216, 437.0, 272.0
217, 227.0, 249.0
218, 358.0, 373.0
219, 270.0, 444.0
220, 312.0, 83.0
221, 489.0, 232.0
222, 347.0, 196.0
223, 403.0, 183.0
224, 649.0, 56.0
225, 187.0, 434.0
226, 432.0, 58.0
227, 421.0, 132.0
228, 207.0, 370.0
229, 75.0, 55.0
230, 721.0, 124.0
231, 39.0, 313.0
232, 621.0, 78.0
233, 385.0, 434.0
234, 368.0, 450.0
235, 483.0, 218.0
236, 632.0, 332.0
237, 430.0, 299.0
238, 577.0, 78.0
239, 310.0, 214.0
240, 251.0, 447.0
241, 241.0, 458.0
242, 201.0, 167.0
243, 362.0, 269.0
244, 152.0, 289.0
245, 483.0, 349.0
246, 536.0, 126.0
247, 263.0, 363.0
248, 355.0, 253.0
249, 708.0, 195.0
250, 340.0, 266.0
251, 211.0, 131.0
252, 711.0, 125.0
253, 668.0, 271.0
254, 286.0, 216.0
255, 540.0, 350.0
256, 635.0, 182.0
257, 133.0, 344.0
258, 437.0, 181.0
259, 426.0, 182.0
260, 358.0, 468.0
261, 536.0, 288.0
262, 495.0, 189.0
263, 422.0, 314.0
264, 444.0, 359.0
265, 549.0, 307.0
266, 204.0, 217.0
267, 307.0, 266.0
268, 490.0, 66.0
269, 619.0, 89.0
270, 308.0, 281.0
271, 285.0, 81.0
272, 271.0, 50.0
273, 555.0, 323.0
274, 154.0, 203.0
275, 384.0, 347.0
276, 673.0, 234.0
277, 201.0, 80.0
278, 47.0, 353.0
279, 433.0, 120.0
280, 583.0, 186.0
281, 80.0, 76.0
282, 397.0, 444.0
283, 290.0, 11.0
284, 292.0, 265.0
285, 692.0, 309.0
286, 622.0, 349.0
287, 510.0, 306.0
288, 597.0, 159.0
289, 497.0, 40.0
290, 679.0, 291.0
291, 141.0, 30.0
292, 414.0, 437.0
293, 334.0, 196.0
294, 669.0, 349.0
295, 648.0, 240.0
296, 311.0, 368.0
297, 558.0, 127.0
298, 454.0, 451.0
299, 714.0, 281.0
300, 185.0, 131.0
301, 394.0, 272.0
302, 523.0, 377.0
303, 265.0, 36.0
304, 27.0, 207.0
305, 513.0, 358.0
306, 330.0, 64.0
307, 657.0, 287.0
308, 39.0, 225.0
309, 362.0, 61.0
310, 424.0, 250.0
311, 271.0, 408.0
312, 404.0, 263.0
313, 229.0, 326.0
314, 98.0, 56.0
315, 405.0, 57.0
316, 692.0, 190.0
317, 405.0, 250.0
318, 340.0, 237.0
319, 398.0, 384.0
320, 430.0, 451.0
321, 419.0, 467.0
322, 241.0, 450.0
323, 258.0, 237.0
324, 557.0, 379.0
325, 406.0, 142.0
326, 513.0, 161.0
327, 445.0, 247.0
328, 666.0, 434.0
329, 426.0, 148.0
330, 327.0, 325.0
331, 423.0, 264.0
332, 106.0, 289.0
333, 457.0, 56.0
334, 65.0, 139.0
335, 740.0, 193.0
336, 381.0, 54.0
337, 31.0, 295.0
338, 181.0, 279.0
339, 455.0, 224.0
340, 289.0, 343.0
341, 71.0, 289.0
342, 260.0, 199.0
343, 73.0, 350.0
344, 633.0, 200.0
345, 502.0, 26.0
346, 523.0, 163.0
347, 116.0, 444.0
348, 272.0, 328.0
349, 651.0, 165.0
350, 577.0, 166.0
351, 172.0, 418.0
352, 428.0, 291.0
353, 98.0, 267.0
354, 282.0, 440.0
355, 602.0, 470.0
356, 462.0, 270.0
357, 650.0, 325.0
358, 501.0, 78.0
359, 496.0, 283.0
360, 86.0, 289.0
361, 232.0, 268.0
362, 380.0, 262.0
363, 94.0, 13.0
364, 33.0, 343.0
365, 108.0, 204.0
366, 714.0, 173.0
367, 341.0, 337.0
368, 581.0, 284.0
369, 664.0, 323.0
370, 297.0, 369.0
371, 116.0, 249.0
372, 396.0, 299.0
373, 156.0, 219.0
374, 738.0, 37.0
375, 262.0, 330.0
376, 583.0, 232.0
377, 407.0, 399.0
378, 552.0, 187.0
379, 707.0, 143.0
380, 683.0, 245.0
381, 467.0, 60.0
382, 591.0, 132.0
383, 475.0, 238.0
384, 50.0, 388.0
385, 85.0, 444.0
386, 664.0, 339.0
387, 452.0, 411.0
388, 37.0, 18.0
389, 427.0, 470.0
390, 295.0, 385.0
391, 272.0, 384.0
392, 700.0, 85.0
393, 388.0, 470.0
394, 285.0, 197.0
395, 634.0, 58.0
396, 321.0, 355.0
397, 15.0, 467.0
398, 697.0, 468.0
399, 197.0, 271.0
400, 76.0, 206.0
401, 489.0, 49.0
402, 743.0, 171.0
403, 546.0, 227.0
404, 723.0, 164.0
405, 92.0, 205.0
406, 538.0, 152.0
407, 459.0, 81.0
408, 477.0, 190.0
409, 430.0, 414.0
410, 560.0, 151.0
411, 128.0, 28.0
412, 14.0, 76.0
413, 93.0, 245.0
414, 53.0, 439.0
415, 413.0, 276.0
416, 119.0, 269.0
417, 652.0, 203.0
418, 534.0, 29.0
419, 424.0, 371.0
420, 642.0, 349.0
421, 504.0, 366.0
422, 574.0, 208.0
423, 305.0, 229.0
424, 399.0, 289.0
425, 512.0, 125.0
426, 366.0, 245.0
427, 668.0, 309.0
428, 614.0, 210.0
429, 460.0, 166.0
430, 89.0, 21.0
431, 195.0, 30.0
432, 356.0, 451.0
433, 601.0, 357.0
434, 257.0, 262.0
435, 565.0, 355.0
436, 450.0, 20.0
437, 662.0, 70.0
438, 440.0, 83.0
439, 48.0, 371.0
440, 115.0, 427.0
441, 392.0, 182.0
442, 464.0, 43.0
443, 121.0, 281.0
444, 387.0, 282.0
445, 448.0, 461.0
446, 507.0, 223.0
447, 431.0, 20.0
448, 414.0, 94.0
449, 417.0, 162.0
450, 542.0, 145.0
451, 120.0, 464.0
452, 126.0, 304.0
453, 734.0, 68.0
454, 20.0, 216.0
455, 395.0, 55.0
456, 451.0, 287.0
457, 566.0, 169.0
458, 18.0, 446.0
459, 346.0, 322.0
460, 407.0, 471.0
461, 50.0, 54.0
462, 546.0, 375.0
463, 165.0, 242.0
464, 357.0, 359.0
465, 709.0, 40.0
466, 253.0, 86.0
467, 289.0, 358.0
468, 267.0, 10.0
469, 316.0, 238.0
470, 463.0, 215.0
471, 11.0, 138.0
472, 456.0, 384.0
473, 439.0, 260.0
474, 379.0, 275.0
475, 697.0, 425.0
476, 481.0, 39.0
477, 212.0, 258.0
478, 290.0, 325.0
479, 475.0, 279.0
480, 552.0, 72.0
481, 630.0, 131.0
482, 425.0, 275.0
483, 111.0, 224.0
484, 480.0, 464.0
485, 350.0, 12.0
486, 569.0, 416.0
487, 8.0, 355.0
488, 452.0, 323.0
489, 674.0, 264.0
490, 473.0, 307.0
491, 741.0, 146.0
492, 585.0, 420.0
493, 262.0, 384.0
494, 64.0, 438.0
495, 316.0, 66.0
496, 690.0, 320.0
497, 417.0, 183.0
498, 35.0, 453.0
499, 735.0, 84.0
