0, 364.0, 199.0
1, 127.0, 387.0
2, 401.0, 80.0
3, 196.0, 378.0
4, 463.0, 276.0
5, 168.0, 291.0
6, 462.0, 289.0
7, 140.0, 374.0
8, 242.0, 60.0
9, 538.0, 204.0
10, 194.0, 367.0
11, 527.0, 116.0
12, 334.0, 78.0
13, 404.0, 450.0
14, 110.0, 53.0
15, 312.0, 353.0
16, 424.0, 324.0
17, 413.0, 415.0
18, 192.0, 351.0
19, 418.0, 74.0
20, 451.0, 203.0
21, 626.0, 71.0
22, 295.0, 64.0
23, 458.0, 258.0
24, 342.0, 310.0
25, 80.0, 211.0
26, 606.0, 374.0
27, 506.0, 257.0
28, 379.0, 73.0
29, 567.0, 280.0
30, 507.0, 55.0
31, 360.0, 331.0
32, 121.0, 360.0
33, 456.0, 447.0
34, 387.0, 431.0
35, 277.0, 341.0
36, 313.0, 365.0
37, 266.0, 33.0
38, 454.0, 430.0
39, 462.0, 196.0
40, 421.0, 395.0
41, 52.0, 385.0
42, 435.0, 128.0
43, 138.0, 357.0
44, 94.0, 210.0
45, 488.0, 211.0
46, 693.0, 435.0
47, 359.0, 309.0
48, 623.0, 58.0
49, 143.0, 400.0
50, 526.0, 56.0
51, 623.0, 298.0
52, 528.0, 185.0
53, 183.0, 298.0
54, 264.0, 344.0
55, 398.0, 267.0
56, 147.0, 272.0
57, 511.0, 186.0
58, 263.0, 327.0
59, 440.0, 175.0
60, 124.0, 376.0
61, 189.0, 334.0
62, 75.0, 462.0
63, 443.0, 465.0
64, 53.0, 464.0
65, 538.0, 396.0
66, 476.0, 210.0
67, 695.0, 268.0
68, 439.0, 279.0
69, 537.0, 131.0
70, 483.0, 55.0
71, 382.0, 52.0
72, 408.0, 326.0
73, 207.0, 350.0
74, 705.0, 441.0
75, 473.0, 359.0
76, 391.0, 277.0
77, 378.0, 201.0
78, 182.0, 276.0
79, 424.0, 310.0
80, 386.0, 447.0
81, 448.0, 64.0
82, 82.0, 449.0
83, 542.0, 282.0
84, 142.0, 385.0
85, 447.0, 51.0
86, 312.0, 193.0
87, 573.0, 306.0
88, 153.0, 39.0
89, 699.0, 326.0
90, 428.0, 244.0
91, 654.0, 160.0
92, 418.0, 131.0
93, 406.0, 102.0
94, 445.0, 76.0
95, 236.0, 252.0
96, 359.0, 465.0
97, 209.0, 376.0
98, 341.0, 251.0
99, 474.0, 343.0
100, 281.0, 356.0
101, 390.0, 328.0
102, 331.0, 233.0
103, 371.0, 411.0
104, 413.0, 458.0
105, 286.0, 77.0
106, 560.0, 326.0
107, 568.0, 292.0
108, 544.0, 172.0
109, 207.0, 451.0
110, 429.0, 435.0
111, 229.0, 245.0
112, 506.0, 154.0
113, 418.0, 289.0
114, 556.0, 340.0
115, 720.0, 275.0
116, 551.0, 156.0
117, 556.0, 168.0
118, 567.0, 117.0
119, 683.0, 327.0
120, 680.0, 228.0
121, 557.0, 129.0
122, 370.0, 287.0
123, 342.0, 233.0
124, 656.0, 234.0
125, 69.0, 367.0
126, 378.0, 190.0
127, 433.0, 81.0
128, 583.0, 296.0
129, 499.0, 353.0
130, 312.0, 210.0
131, 742.0, 124.0
132, 391.0, 73.0
133, 670.0, 217.0
134, 730.0, 142.0
135, 432.0, 296.0
136, 508.0, 37.0
137, 696.0, 185.0
138, 224.0, 436.0
139, 378.0, 214.0
140, 272.0, 459.0
141, 723.0, 252.0
142, 360.0, 291.0
143, 432.0, 55.0
144, 209.0, 366.0
145, 595.0, 298.0
146, 227.0, 448.0
147, 99.0, 263.0
148, 452.0, 188.0
149, 57.0, 411.0
150, 45.0, 324.0
151, 430.0, 286.0
152, 310.0, 291.0
153, 478.0, 317.0
154, 336.0, 289.0
155, 463.0, 461.0
156, 524.0, 403.0
157, 193.0, 402.0
158, 328.0, 311.0
159, 616.0, 325.0
160, 345.0, 59.0
161, 500.0, 36.0
162, 155.0, 397.0
163, 48.0, 368.0
164, 666.0, 226.0
165, 481.0, 221.0
166, 89.0, 220.0
167, 86.0, 273.0
168, 246.0, 257.0
169, 445.0, 363.0
170, 81.0, 71.0
171, 444.0, 441.0
172, 616.0, 73.0
173, 118.0, 342.0
174, 370.0, 447.0
175, 234.0, 265.0
176, 274.0, 34.0
177, 191.0, 283.0
178, 518.0, 154.0
179, 529.0, 168.0
180, 40.0, 309.0
181, 283.0, 367.0
182, 272.0, 430.0
183, 445.0, 347.0
184, 600.0, 420.0
185, 427.0, 114.0
186, 470.0, 379.0
187, 643.0, 174.0
188, 56.0, 448.0
189, 504.0, 294.0
190, 264.0, 359.0
191, 510.0, 70.0
192, 309.0, 263.0
193, 441.0, 267.0
194, 287.0, 192.0
195, 273.0, 381.0
196, 93.0, 201.0
197, 517.0, 118.0
198, 496.0, 254.0
199, 379.0, 168.0
200, 202.0, 74.0
201, 40.0, 221.0
202, 640.0, 325.0
203, 581.0, 201.0
204, 205.0, 332.0
205, 260.0, 233.0
206, 483.0, 203.0
207, 351.0, 206.0
208, 521.0, 271.0
209, 317.0, 247.0
210, 624.0, 366.0
211, 186.0, 127.0
212, 135.0, 340.0
213, 444.0, 299.0
214, 274.0, 325.0
215, 493.0, 227.0
216, 408.0, 245.0
217, 739.0, 149.0
218, 307.0, 238.0
219, 76.0, 50.0
220, 589.0, 179.0
221, 501.0, 277.0
222, 183.0, 394.0
223, 183.0, 447.0
224, 453.0, 169.0
225, 388.0, 143.0
226, 714.0, 190.0
227, 672.0, 429.0
228, 152.0, 301.0
229, 476.0, 331.0
230, 360.0, 370.0
231, 584.0, 377.0
232, 291.0, 339.0
233, 507.0, 202.0
234, 619.0, 204.0
235, 741.0, 319.0
236, 378.0, 460.0
237, 595.0, 76.0
238, 266.0, 369.0
239, 594.0, 382.0
240, 201.0, 59.0
241, 109.0, 200.0
242, 489.0, 344.0
243, 570.0, 373.0
244, 703.0, 421.0
245, 107.0, 285.0
246, 271.0, 47.0
247, 543.0, 119.0
248, 467.0, 425.0
249, 420.0, 156.0
250, 454.0, 356.0
251, 212.0, 127.0
252, 698.0, 340.0
253, 428.0, 259.0
254, 142.0, 25.0
255, 730.0, 180.0
256, 406.0, 53.0
257, 658.0, 198.0
258, 313.0, 77.0
259, 162.0, 279.0
260, 504.0, 23.0
261, 609.0, 85.0
262, 219.0, 213.0
263, 74.0, 347.0
264, 167.0, 239.0
265, 423.0, 351.0
266, 153.0, 286.0
267, 650.0, 343.0
268, 590.0, 224.0
269, 432.0, 448.0
270, 559.0, 180.0
271, 206.0, 214.0
272, 597.0, 126.0
273, 310.0, 278.0
274, 87.0, 285.0
275, 543.0, 147.0
276, 524.0, 69.0
277, 399.0, 440.0
278, 122.0, 461.0
279, 571.0, 354.0
280, 272.0, 443.0
281, 608.0, 354.0
282, 422.0, 464.0
283, 417.0, 339.0
284, 318.0, 234.0
285, 471.0, 238.0
286, 199.0, 268.0
287, 202.0, 162.0
288, 516.0, 300.0
289, 158.0, 469.0
290, 98.0, 50.0
291, 399.0, 382.0
292, 562.0, 383.0
293, 431.0, 142.0
294, 695.0, 315.0
295, 285.0, 454.0
296, 568.0, 143.0
297, 479.0, 265.0
298, 676.0, 344.0
299, 667.0, 280.0
300, 469.0, 55.0
301, 563.0, 370.0
302, 262.0, 195.0
303, 335.0, 209.0
304, 409.0, 259.0
305, 377.0, 238.0
306, 350.0, 266.0
307, 243.0, 447.0
308, 703.0, 79.0
309, 123.0, 278.0
310, 600.0, 430.0
311, 628.0, 345.0
312, 411.0, 161.0
313, 49.0, 350.0
314, 399.0, 295.0
315, 386.0, 344.0
316, 139.0, 217.0
317, 120.0, 265.0
318, 416.0, 433.0
319, 155.0, 199.0
320, 740.0, 34.0
321, 293.0, 25.0
322, 312.0, 337.0
323, 287.0, 213.0
324, 589.0, 278.0
325, 704.0, 245.0
326, 649.0, 180.0
327, 34.0, 292.0
328, 703.0, 462.0
329, 28.0, 202.0
330, 39.0, 13.0
331, 459.0, 237.0
332, 688.0, 284.0
333, 461.0, 74.0
334, 264.0, 212.0
335, 306.0, 226.0
336, 389.0, 466.0
337, 386.0, 160.0
338, 365.0, 265.0
339, 55.0, 436.0
340, 188.0, 431.0
341, 643.0, 158.0
342, 700.0, 302.0
343, 361.0, 318.0
344, 713.0, 136.0
345, 113.0, 221.0
346, 392.0, 187.0
347, 457.0, 221.0
348, 659.0, 319.0
349, 446.0, 309.0
350, 94.0, 241.0
351, 416.0, 90.0
352, 719.0, 167.0
353, 230.0, 469.0
354, 65.0, 435.0
355, 467.0, 39.0
356, 312.0, 322.0
357, 195.0, 27.0
358, 450.0, 458.0
359, 430.0, 466.0
360, 66.0, 49.0
361, 461.0, 159.0
362, 656.0, 375.0
363, 449.0, 242.0
364, 78.0, 202.0
365, 578.0, 388.0
366, 479.0, 186.0
367, 540.0, 293.0
368, 297.0, 293.0
369, 498.0, 54.0
370, 220.0, 254.0
371, 157.0, 215.0
372, 208.0, 247.0
373, 437.0, 115.0
374, 380.0, 356.0
375, 675.0, 471.0
376, 337.0, 192.0
377, 610.0, 432.0
378, 509.0, 218.0
379, 497.0, 185.0
380, 546.0, 349.0
381, 573.0, 161.0
382, 465.0, 211.0
383, 666.0, 66.0
384, 282.0, 424.0
385, 73.0, 15.0
386, 492.0, 62.0
387, 641.0, 193.0
388, 401.0, 157.0
389, 562.0, 316.0
390, 230.0, 459.0
391, 430.0, 176.0
392, 548.0, 379.0
393, 344.0, 333.0
394, 452.0, 284.0
395, 256.0, 81.0
396, 165.0, 216.0
397, 273.0, 405.0
398, 584.0, 70.0
399, 406.0, 145.0
400, 10.0, 390.0
401, 584.0, 159.0
402, 295.0, 262.0
403, 477.0, 196.0
404, 433.0, 410.0
405, 700.0, 381.0
406, 363.0, 58.0
407, 681.0, 259.0
408, 34.0, 339.0
409, 274.0, 411.0
410, 128.0, 77.0
411, 481.0, 36.0
412, 327.0, 321.0
413, 595.0, 155.0
414, 50.0, 48.0
415, 466.0, 411.0
416, 529.0, 156.0
417, 433.0, 16.0
418, 95.0, 466.0
419, 258.0, 260.0
420, 20.0, 443.0
421, 389.0, 262.0
422, 442.0, 255.0
423, 536.0, 25.0
424, 633.0, 82.0
425, 89.0, 16.0
426, 349.0, 192.0
427, 252.0, 444.0
428, 66.0, 133.0
429, 453.0, 320.0
430, 380.0, 12.0
431, 657.0, 295.0
432, 401.0, 284.0
433, 228.0, 416.0
434, 66.0, 443.0
435, 25.0, 43.0
436, 743.0, 77.0
437, 118.0, 245.0
438, 286.0, 286.0
439, 37.0, 450.0
440, 414.0, 118.0
441, 386.0, 313.0
442, 624.0, 235.0
443, 291.0, 355.0
444, 726.0, 119.0
445, 14.0, 363.0
446, 675.0, 151.0
447, 419.0, 361.0
448, 637.0, 54.0
449, 458.0, 381.0
450, 297.0, 382.0
451, 525.0, 216.0
452, 677.0, 302.0
453, 733.0, 337.0
454, 515.0, 138.0
455, 676.0, 165.0
456, 693.0, 209.0
457, 27.0, 278.0
458, 137.0, 269.0
459, 704.0, 237.0
460, 127.0, 301.0
461, 215.0, 254.0
462, 45.0, 437.0
463, 460.0, 53.0
464, 298.0, 356.0
465, 117.0, 423.0
466, 21.0, 212.0
467, 696.0, 284.0
468, 329.0, 49.0
469, 74.0, 285.0
470, 421.0, 178.0
471, 480.0, 276.0
472, 532.0, 357.0
473, 674.0, 316.0
474, 695.0, 219.0
475, 479.0, 232.0
476, 572.0, 179.0
477, 284.0, 437.0
478, 8.0, 353.0
479, 417.0, 272.0
480, 549.0, 138.0
481, 173.0, 415.0
482, 672.0, 246.0
483, 298.0, 366.0
484, 510.0, 360.0
485, 535.0, 215.0
486, 647.0, 392.0
487, 425.0, 126.0
488, 255.0, 462.0
489, 533.0, 140.0
490, 478.0, 245.0
491, 593.0, 412.0
492, 323.0, 352.0
493, 638.0, 125.0
494, 106.0, 273.0
495, 292.0, 322.0
496, 12.0, 134.0
497, 491.0, 71.0
498, 424.0, 206.0
499, 348.0, 319.0
