0, 402.0, 403.0
1, 514.0, 245.0
2, 588.0, 219.0
3, 474.0, 406.0
4, 478.0, 35.0
5, 409.0, 227.0
6, 648.0, 157.0
7, 380.0, 187.0
8, 137.0, 208.0
9, 458.0, 12.0
10, 222.0, 224.0
11, 380.0, 171.0
12, 561.0, 242.0
13, 434.0, 191.0
14, 312.0, 193.0
15, 211.0, 263.0
16, 465.0, 310.0
17, 250.0, 246.0
18, 484.0, 426.0
19, 645.0, 136.0
20, 39.0, 241.0
21, 652.0, 119.0
22, 489.0, 308.0
23, 348.0, 13.0
24, 115.0, 164.0
25, 341.0, 142.0
26, 79.0, 21.0
27, 444.0, 25.0
28, 416.0, 356.0
29, 286.0, 220.0
30, 50.0, 23.0
31, 189.0, 178.0
32, 132.0, 353.0
33, 444.0, 356.0
34, 381.0, 129.0
35, 57.0, 240.0
36, 457.0, 395.0
37, 501.0, 138.0
38, 409.0, 34.0
39, 139.0, 220.0
40, 301.0, 219.0
41, 577.0, 381.0
42, 347.0, 297.0
43, 476.0, 301.0
44, 383.0, 404.0
45, 607.0, 200.0
46, 595.0, 82.0
47, 482.0, 235.0
48, 291.0, 191.0
49, 443.0, 60.0
50, 415.0, 402.0
51, 423.0, 180.0
52, 154.0, 268.0
53, 288.0, 236.0
54, 252.0, 70.0
55, 177.0, 212.0
56, 58.0, 11.0
57, 464.0, 35.0
58, 208.0, 246.0
59, 692.0, 311.0
60, 597.0, 239.0
61, 440.0, 220.0
62, 430.0, 421.0
63, 461.0, 237.0
64, 597.0, 341.0
65, 164.0, 236.0
66, 628.0, 82.0
67, 516.0, 140.0
68, 113.0, 204.0
69, 440.0, 97.0
70, 408.0, 153.0
71, 549.0, 383.0
72, 380.0, 201.0
73, 166.0, 227.0
74, 486.0, 93.0
75, 360.0, 407.0
76, 110.0, 190.0
77, 18.0, 242.0
78, 250.0, 193.0
79, 237.0, 159.0
80, 114.0, 269.0
81, 238.0, 194.0
82, 380.0, 18.0
83, 645.0, 108.0
84, 491.0, 136.0
85, 474.0, 346.0
86, 496.0, 246.0
87, 180.0, 252.0
88, 185.0, 196.0
89, 384.0, 265.0
90, 497.0, 300.0
91, 54.0, 173.0
92, 284.0, 9.0
93, 544.0, 128.0
94, 528.0, 337.0
95, 61.0, 23.0
96, 593.0, 162.0
97, 501.0, 205.0
98, 402.0, 128.0
99, 276.0, 237.0
100, 347.0, 266.0
101, 326.0, 182.0
102, 445.0, 15.0
103, 73.0, 33.0
104, 688.0, 387.0
105, 444.0, 35.0
106, 80.0, 164.0
107, 225.0, 180.0
108, 213.0, 455.0
109, 92.0, 207.0
110, 212.0, 216.0
111, 192.0, 139.0
112, 105.0, 308.0
113, 614.0, 81.0
114, 540.0, 389.0
115, 491.0, 391.0
116, 267.0, 238.0
117, 421.0, 190.0
118, 622.0, 68.0
119, 210.0, 12.0
120, 466.0, 60.0
121, 63.0, 33.0
122, 230.0, 436.0
123, 73.0, 239.0
124, 409.0, 24.0
125, 251.0, 210.0
126, 249.0, 274.0
127, 598.0, 68.0
128, 516.0, 341.0
129, 410.0, 14.0
130, 368.0, 172.0
131, 70.0, 22.0
132, 488.0, 60.0
133, 326.0, 238.0
134, 296.0, 247.0
135, 442.0, 76.0
136, 581.0, 138.0
137, 337.0, 218.0
138, 296.0, 157.0
139, 632.0, 71.0
140, 488.0, 72.0
141, 706.0, 133.0
142, 164.0, 253.0
143, 357.0, 112.0
144, 406.0, 173.0
145, 372.0, 26.0
146, 683.0, 81.0
147, 518.0, 214.0
148, 436.0, 160.0
149, 194.0, 297.0
150, 476.0, 392.0
151, 326.0, 219.0
152, 327.0, 413.0
153, 240.0, 12.0
154, 171.0, 380.0
155, 275.0, 159.0
156, 142.0, 189.0
157, 405.0, 252.0
158, 511.0, 34.0
159, 512.0, 25.0
160, 424.0, 86.0
161, 710.0, 275.0
162, 486.0, 193.0
163, 551.0, 93.0
164, 471.0, 247.0
165, 381.0, 217.0
166, 84.0, 128.0
167, 39.0, 178.0
168, 275.0, 218.0
169, 260.0, 373.0
170, 404.0, 426.0
171, 420.0, 207.0
172, 106.0, 250.0
173, 404.0, 217.0
174, 519.0, 387.0
175, 164.0, 194.0
176, 450.0, 237.0
177, 380.0, 143.0
178, 389.0, 426.0
179, 522.0, 448.0
180, 22.0, 185.0
181, 312.0, 204.0
182, 681.0, 46.0
183, 292.0, 265.0
184, 568.0, 183.0
185, 264.0, 27.0
186, 665.0, 368.0
187, 174.0, 246.0
188, 352.0, 167.0
189, 67.0, 283.0
190, 383.0, 236.0
191, 394.0, 155.0
192, 634.0, 315.0
193, 344.0, 191.0
194, 610.0, 189.0
195, 192.0, 213.0
196, 463.0, 25.0
197, 539.0, 243.0
198, 78.0, 284.0
199, 271.0, 275.0
200, 381.0, 153.0
201, 516.0, 297.0
202, 709.0, 362.0
203, 222.0, 236.0
204, 436.0, 411.0
205, 10.0, 215.0
206, 267.0, 70.0
207, 153.0, 254.0
208, 113.0, 370.0
209, 651.0, 251.0
210, 497.0, 25.0
211, 315.0, 215.0
212, 728.0, 200.0
213, 268.0, 458.0
214, 592.0, 251.0
215, 306.0, 28.0
216, 704.0, 11.0
217, 597.0, 231.0
218, 70.0, 364.0
219, 360.0, 275.0
220, 682.0, 155.0
221, 441.0, 249.0
222, 146.0, 452.0
223, 68.0, 168.0
224, 370.0, 417.0
225, 41.0, 123.0
226, 231.0, 235.0
227, 148.0, 240.0
228, 491.0, 469.0
229, 390.0, 18.0
230, 312.0, 155.0
231, 244.0, 124.0
232, 272.0, 15.0
233, 463.0, 92.0
234, 327.0, 139.0
235, 743.0, 357.0
236, 429.0, 399.0
237, 312.0, 12.0
238, 457.0, 224.0
239, 335.0, 186.0
240, 115.0, 23.0
241, 383.0, 252.0
242, 625.0, 164.0
243, 592.0, 378.0
244, 234.0, 423.0
245, 315.0, 236.0
246, 425.0, 154.0
247, 361.0, 143.0
248, 179.0, 237.0
249, 393.0, 124.0
250, 98.0, 226.0
251, 518.0, 409.0
252, 276.0, 441.0
253, 260.0, 159.0
254, 738.0, 380.0
255, 48.0, 11.0
256, 327.0, 426.0
257, 92.0, 160.0
258, 552.0, 407.0
259, 302.0, 11.0
260, 345.0, 241.0
261, 59.0, 135.0
262, 215.0, 138.0
263, 303.0, 182.0
264, 326.0, 197.0
265, 582.0, 402.0
266, 108.0, 222.0
267, 443.0, 313.0
268, 326.0, 262.0
269, 699.0, 144.0
270, 195.0, 12.0
271, 419.0, 250.0
272, 314.0, 427.0
273, 444.0, 419.0
274, 498.0, 113.0
275, 624.0, 373.0
276, 198.0, 115.0
277, 194.0, 231.0
278, 496.0, 425.0
279, 655.0, 80.0
280, 110.0, 356.0
281, 137.0, 269.0
282, 409.0, 240.0
283, 616.0, 226.0
284, 411.0, 197.0
285, 403.0, 268.0
286, 81.0, 117.0
287, 415.0, 96.0
288, 742.0, 23.0
289, 266.0, 209.0
290, 302.0, 210.0
291, 495.0, 443.0
292, 224.0, 247.0
293, 524.0, 329.0
294, 28.0, 141.0
295, 611.0, 238.0
296, 187.0, 388.0
297, 302.0, 193.0
298, 742.0, 106.0
299, 288.0, 462.0
300, 340.0, 237.0
301, 356.0, 192.0
302, 178.0, 163.0
303, 447.0, 131.0
304, 360.0, 265.0
305, 360.0, 155.0
306, 247.0, 435.0
307, 422.0, 59.0
308, 178.0, 187.0
309, 303.0, 201.0
310, 616.0, 145.0
311, 304.0, 338.0
312, 304.0, 236.0
313, 109.0, 154.0
314, 231.0, 448.0
315, 39.0, 137.0
316, 235.0, 469.0
317, 342.0, 446.0
318, 91.0, 249.0
319, 318.0, 309.0
320, 604.0, 210.0
321, 31.0, 115.0
322, 147.0, 164.0
323, 684.0, 107.0
324, 737.0, 300.0
325, 590.0, 111.0
326, 276.0, 432.0
327, 558.0, 393.0
328, 277.0, 207.0
329, 175.0, 469.0
330, 306.0, 277.0
331, 83.0, 45.0
332, 394.0, 211.0
333, 330.0, 434.0
334, 248.0, 295.0
335, 39.0, 354.0
336, 169.0, 267.0
337, 201.0, 345.0
338, 257.0, 115.0
339, 687.0, 142.0
340, 245.0, 230.0
341, 53.0, 293.0
342, 582.0, 341.0
343, 737.0, 251.0
344, 347.0, 25.0
345, 717.0, 308.0
346, 180.0, 222.0
347, 358.0, 128.0
348, 335.0, 244.0
349, 206.0, 231.0
350, 567.0, 391.0
351, 586.0, 390.0
352, 470.0, 275.0
353, 202.0, 53.0
354, 196.0, 454.0
355, 127.0, 182.0
356, 129.0, 336.0
357, 634.0, 265.0
358, 417.0, 461.0
359, 359.0, 429.0
360, 362.0, 285.0
361, 677.0, 58.0
362, 245.0, 23.0
363, 540.0, 426.0
364, 273.0, 381.0
365, 715.0, 69.0
366, 412.0, 181.0
367, 220.0, 29.0
368, 473.0, 416.0
369, 622.0, 108.0
370, 517.0, 463.0
371, 236.0, 203.0
372, 283.0, 26.0
373, 189.0, 356.0
374, 634.0, 208.0
375, 713.0, 399.0
376, 391.0, 415.0
377, 711.0, 266.0
378, 108.0, 386.0
379, 296.0, 258.0
380, 490.0, 412.0
381, 419.0, 469.0
382, 209.0, 179.0
383, 477.0, 25.0
384, 659.0, 66.0
385, 200.0, 363.0
386, 434.0, 202.0
387, 216.0, 195.0
388, 234.0, 225.0
389, 421.0, 412.0
390, 227.0, 189.0
391, 27.0, 305.0
392, 54.0, 121.0
393, 578.0, 92.0
394, 450.0, 218.0
395, 547.0, 301.0
396, 358.0, 12.0
397, 181.0, 265.0
398, 326.0, 463.0
399, 202.0, 375.0
400, 621.0, 198.0
401, 90.0, 239.0
402, 709.0, 105.0
403, 126.0, 208.0
404, 472.0, 334.0
405, 405.0, 190.0
406, 8.0, 280.0
407, 425.0, 75.0
408, 652.0, 229.0
409, 312.0, 293.0
410, 47.0, 36.0
411, 171.0, 347.0
412, 270.0, 105.0
413, 386.0, 378.0
414, 679.0, 12.0
415, 202.0, 388.0
416, 394.0, 205.0
417, 397.0, 341.0
418, 416.0, 74.0
419, 274.0, 228.0
420, 157.0, 349.0
421, 343.0, 314.0
422, 424.0, 10.0
423, 322.0, 24.0
424, 516.0, 262.0
425, 448.0, 399.0
426, 252.0, 224.0
427, 410.0, 292.0
428, 142.0, 464.0
429, 524.0, 316.0
430, 242.0, 269.0
431, 211.0, 113.0
432, 380.0, 428.0
433, 329.0, 147.0
434, 543.0, 34.0
435, 203.0, 212.0
436, 292.0, 200.0
437, 499.0, 225.0
438, 158.0, 221.0
439, 80.0, 269.0
440, 556.0, 444.0
441, 413.0, 424.0
442, 312.0, 182.0
443, 606.0, 32.0
444, 24.0, 123.0
445, 58.0, 284.0
446, 201.0, 22.0
447, 312.0, 288.0
448, 197.0, 264.0
449, 366.0, 296.0
450, 588.0, 464.0
451, 335.0, 297.0
452, 576.0, 391.0
453, 464.0, 76.0
454, 201.0, 136.0
455, 279.0, 356.0
456, 170.0, 363.0
457, 485.0, 24.0
458, 196.0, 244.0
459, 315.0, 122.0
460, 335.0, 321.0
461, 643.0, 393.0
462, 135.0, 315.0
463, 277.0, 391.0
464, 494.0, 35.0
465, 474.0, 81.0
466, 196.0, 162.0
467, 437.0, 128.0
468, 336.0, 282.0
469, 215.0, 370.0
470, 150.0, 11.0
471, 579.0, 245.0
472, 633.0, 239.0
473, 100.0, 108.0
474, 290.0, 208.0
475, 149.0, 180.0
476, 246.0, 160.0
477, 84.0, 363.0
478, 314.0, 114.0
479, 393.0, 41.0
480, 229.0, 11.0
481, 28.0, 275.0
482, 80.0, 11.0
483, 69.0, 116.0
484, 392.0, 30.0
485, 621.0, 33.0
486, 69.0, 12.0
487, 28.0, 33.0
488, 338.0, 113.0
489, 274.0, 147.0
490, 167.0, 210.0
491, 433.0, 241.0
492, 80.0, 213.0
493, 167.0, 21.0
494, 252.0, 380.0
495, 693.0, 218.0
496, 442.0, 305.0
497, 131.0, 199.0
498, 341.0, 285.0
499, 263.0, 221.0
