0, 329.0, 175.0
1, 327.0, 396.0
2, 466.0, 433.0
3, 300.0, 199.0
4, 108.0, 445.0
5, 251.0, 319.0
6, 163.0, 333.0
7, 490.0, 335.0
8, 374.0, 285.0
9, 318.0, 434.0
10, 448.0, 398.0
11, 421.0, 397.0
12, 312.0, 218.0
13, 240.0, 290.0
14, 576.0, 204.0
15, 165.0, 365.0
16, 510.0, 444.0
17, 351.0, 416.0
18, 709.0, 352.0
19, 269.0, 452.0
20, 567.0, 203.0
21, 223.0, 388.0
22, 176.0, 319.0
23, 162.0, 271.0
24, 359.0, 358.0
25, 447.0, 386.0
26, 680.0, 396.0
27, 440.0, 456.0
28, 427.0, 432.0
29, 262.0, 298.0
30, 559.0, 68.0
31, 559.0, 312.0
32, 330.0, 188.0
33, 326.0, 406.0
34, 206.0, 303.0
35, 358.0, 291.0
36, 574.0, 345.0
37, 612.0, 278.0
38, 576.0, 191.0
39, 89.0, 445.0
40, 127.0, 405.0
41, 480.0, 392.0
42, 282.0, 417.0
43, 362.0, 420.0
44, 484.0, 380.0
45, 174.0, 407.0
46, 166.0, 402.0
47, 87.0, 162.0
48, 127.0, 139.0
49, 586.0, 463.0
50, 240.0, 280.0
51, 475.0, 327.0
52, 317.0, 307.0
53, 241.0, 411.0
54, 445.0, 417.0
55, 633.0, 403.0
56, 658.0, 31.0
57, 342.0, 203.0
58, 398.0, 362.0
59, 325.0, 237.0
60, 276.0, 332.0
61, 349.0, 178.0
62, 480.0, 404.0
63, 164.0, 318.0
64, 99.0, 438.0
65, 734.0, 42.0
66, 513.0, 414.0
67, 369.0, 163.0
68, 469.0, 340.0
69, 624.0, 278.0
70, 286.0, 291.0
71, 567.0, 268.0
72, 258.0, 349.0
73, 387.0, 382.0
74, 90.0, 403.0
75, 195.0, 266.0
76, 390.0, 449.0
77, 312.0, 186.0
78, 272.0, 386.0
79, 479.0, 338.0
80, 369.0, 350.0
81, 553.0, 99.0
82, 246.0, 192.0
83, 461.0, 347.0
84, 378.0, 165.0
85, 260.0, 315.0
86, 590.0, 204.0
87, 193.0, 371.0
88, 454.0, 436.0
89, 623.0, 10.0
90, 603.0, 221.0
91, 167.0, 348.0
92, 330.0, 260.0
93, 591.0, 196.0
94, 230.0, 397.0
95, 180.0, 379.0
96, 316.0, 404.0
97, 374.0, 410.0
98, 552.0, 199.0
99, 222.0, 359.0
100, 342.0, 399.0
101, 586.0, 13.0
102, 204.0, 395.0
103, 327.0, 376.0
104, 246.0, 307.0
105, 653.0, 437.0
106, 217.0, 416.0
107, 598.0, 282.0
108, 184.0, 257.0
109, 326.0, 419.0
110, 591.0, 214.0
111, 116.0, 331.0
112, 331.0, 291.0
113, 487.0, 319.0
114, 566.0, 287.0
115, 179.0, 369.0
116, 234.0, 315.0
117, 661.0, 19.0
118, 616.0, 217.0
119, 468.0, 469.0
120, 259.0, 140.0
121, 254.0, 199.0
122, 337.0, 438.0
123, 511.0, 215.0
124, 156.0, 196.0
125, 297.0, 438.0
126, 163.0, 293.0
127, 687.0, 404.0
128, 296.0, 244.0
129, 163.0, 252.0
130, 44.0, 433.0
131, 371.0, 20.0
132, 236.0, 452.0
133, 169.0, 146.0
134, 302.0, 236.0
135, 388.0, 468.0
136, 589.0, 305.0
137, 358.0, 320.0
138, 428.0, 453.0
139, 409.0, 430.0
140, 627.0, 424.0
141, 633.0, 467.0
142, 148.0, 433.0
143, 174.0, 189.0
144, 311.0, 338.0
145, 273.0, 148.0
146, 314.0, 362.0
147, 378.0, 371.0
148, 403.0, 408.0
149, 198.0, 382.0
150, 286.0, 451.0
151, 310.0, 285.0
152, 85.0, 145.0
153, 318.0, 269.0
154, 656.0, 469.0
155, 715.0, 229.0
156, 340.0, 169.0
157, 334.0, 363.0
158, 182.0, 399.0
159, 454.0, 459.0
160, 334.0, 159.0
161, 379.0, 183.0
162, 154.0, 64.0
163, 343.0, 157.0
164, 616.0, 305.0
165, 615.0, 268.0
166, 317.0, 277.0
167, 97.0, 455.0
168, 195.0, 348.0
169, 605.0, 255.0
170, 136.0, 202.0
171, 568.0, 42.0
172, 112.0, 211.0
173, 218.0, 260.0
174, 554.0, 190.0
175, 435.0, 331.0
176, 177.0, 21.0
177, 378.0, 323.0
178, 113.0, 424.0
179, 473.0, 442.0
180, 511.0, 466.0
181, 279.0, 213.0
182, 205.0, 288.0
183, 490.0, 11.0
184, 63.0, 363.0
185, 466.0, 365.0
186, 72.0, 133.0
187, 383.0, 357.0
188, 309.0, 456.0
189, 466.0, 390.0
190, 475.0, 11.0
191, 729.0, 58.0
192, 639.0, 449.0
193, 342.0, 266.0
194, 556.0, 453.0
195, 608.0, 464.0
196, 230.0, 328.0
197, 627.0, 258.0
198, 182.0, 336.0
199, 527.0, 393.0
200, 596.0, 31.0
201, 179.0, 34.0
202, 193.0, 417.0
203, 406.0, 394.0
204, 468.0, 402.0
205, 535.0, 211.0
206, 440.0, 434.0
207, 184.0, 344.0
208, 217.0, 301.0
209, 510.0, 354.0
210, 359.0, 398.0
211, 563.0, 464.0
212, 601.0, 272.0
213, 312.0, 260.0
214, 173.0, 395.0
215, 404.0, 377.0
216, 559.0, 346.0
217, 228.0, 411.0
218, 701.0, 116.0
219, 549.0, 312.0
220, 426.0, 373.0
221, 230.0, 288.0
222, 348.0, 434.0
223, 649.0, 418.0
224, 424.0, 49.0
225, 667.0, 469.0
226, 149.0, 124.0
227, 550.0, 231.0
228, 221.0, 426.0
229, 144.0, 389.0
230, 429.0, 349.0
231, 627.0, 452.0
232, 329.0, 196.0
233, 329.0, 220.0
234, 388.0, 167.0
235, 129.0, 355.0
236, 639.0, 18.0
237, 515.0, 28.0
238, 215.0, 402.0
239, 624.0, 326.0
240, 456.0, 355.0
241, 495.0, 449.0
242, 425.0, 188.0
243, 294.0, 468.0
244, 303.0, 208.0
245, 364.0, 327.0
246, 77.0, 459.0
247, 435.0, 367.0
248, 638.0, 238.0
249, 650.0, 457.0
250, 29.0, 399.0
251, 617.0, 292.0
252, 282.0, 399.0
253, 421.0, 413.0
254, 202.0, 318.0
255, 450.0, 323.0
256, 178.0, 353.0
257, 120.0, 416.0
258, 469.0, 63.0
259, 516.0, 403.0
260, 374.0, 225.0
261, 659.0, 393.0
262, 145.0, 267.0
263, 489.0, 361.0
264, 218.0, 439.0
265, 488.0, 429.0
266, 498.0, 427.0
267, 697.0, 151.0
268, 545.0, 248.0
269, 441.0, 24.0
270, 274.0, 301.0
271, 554.0, 211.0
272, 360.0, 336.0
273, 380.0, 296.0
274, 323.0, 454.0
275, 313.0, 394.0
276, 182.0, 456.0
277, 238.0, 226.0
278, 314.0, 239.0
279, 700.0, 345.0
280, 425.0, 171.0
281, 738.0, 9.0
282, 492.0, 407.0
283, 268.0, 428.0
284, 499.0, 132.0
285, 363.0, 183.0
286, 101.0, 415.0
287, 241.0, 361.0
288, 308.0, 244.0
289, 605.0, 264.0
290, 20.0, 284.0
291, 178.0, 429.0
292, 258.0, 411.0
293, 343.0, 221.0
294, 367.0, 384.0
295, 566.0, 191.0
296, 491.0, 181.0
297, 641.0, 440.0
298, 359.0, 408.0
299, 462.0, 331.0
300, 510.0, 430.0
301, 207.0, 417.0
302, 89.0, 430.0
303, 468.0, 458.0
304, 520.0, 246.0
305, 312.0, 353.0
306, 73.0, 157.0
307, 79.0, 469.0
308, 676.0, 14.0
309, 504.0, 243.0
310, 480.0, 238.0
311, 372.0, 446.0
312, 290.0, 235.0
313, 407.0, 346.0
314, 119.0, 437.0
315, 157.0, 471.0
316, 601.0, 313.0
317, 210.0, 351.0
318, 130.0, 155.0
319, 735.0, 377.0
320, 142.0, 137.0
321, 197.0, 464.0
322, 459.0, 11.0
323, 673.0, 388.0
324, 425.0, 382.0
325, 209.0, 279.0
326, 221.0, 224.0
327, 355.0, 347.0
328, 543.0, 400.0
329, 344.0, 380.0
330, 237.0, 207.0
331, 186.0, 439.0
332, 144.0, 24.0
333, 327.0, 436.0
334, 396.0, 228.0
335, 210.0, 229.0
336, 247.0, 356.0
337, 426.0, 274.0
338, 213.0, 385.0
339, 292.0, 283.0
340, 516.0, 434.0
341, 228.0, 435.0
342, 366.0, 369.0
343, 159.0, 19.0
344, 485.0, 222.0
345, 281.0, 322.0
346, 715.0, 145.0
347, 301.0, 447.0
348, 69.0, 312.0
349, 657.0, 233.0
350, 168.0, 130.0
351, 210.0, 312.0
352, 379.0, 175.0
353, 378.0, 336.0
354, 334.0, 299.0
355, 285.0, 13.0
356, 317.0, 161.0
357, 84.0, 222.0
358, 11.0, 429.0
359, 301.0, 272.0
360, 321.0, 204.0
361, 708.0, 315.0
362, 346.0, 459.0
363, 402.0, 185.0
364, 124.0, 341.0
365, 329.0, 12.0
366, 431.0, 125.0
367, 221.0, 467.0
368, 351.0, 163.0
369, 342.0, 43.0
370, 410.0, 89.0
371, 149.0, 115.0
372, 506.0, 384.0
373, 282.0, 84.0
374, 411.0, 416.0
375, 437.0, 91.0
376, 529.0, 416.0
377, 335.0, 383.0
378, 413.0, 294.0
379, 282.0, 432.0
380, 273.0, 315.0
381, 538.0, 366.0
382, 485.0, 464.0
383, 199.0, 433.0
384, 390.0, 431.0
385, 684.0, 325.0
386, 197.0, 201.0
387, 69.0, 148.0
388, 410.0, 322.0
389, 228.0, 370.0
390, 194.0, 181.0
391, 420.0, 232.0
392, 334.0, 230.0
393, 147.0, 412.0
394, 712.0, 245.0
395, 391.0, 188.0
396, 291.0, 324.0
397, 503.0, 14.0
398, 178.0, 421.0
399, 125.0, 14.0
400, 410.0, 463.0
401, 143.0, 404.0
402, 343.0, 288.0
403, 517.0, 236.0
404, 370.0, 257.0
405, 597.0, 291.0
406, 281.0, 231.0
407, 204.0, 8.0
408, 201.0, 361.0
409, 106.0, 459.0
410, 688.0, 211.0
411, 309.0, 378.0
412, 227.0, 39.0
413, 190.0, 142.0
414, 210.0, 269.0
415, 132.0, 326.0
416, 538.0, 471.0
417, 462.0, 291.0
418, 614.0, 198.0
419, 614.0, 234.0
420, 523.0, 446.0
421, 51.0, 233.0
422, 509.0, 325.0
423, 266.0, 359.0
424, 652.0, 248.0
425, 244.0, 107.0
426, 362.0, 431.0
427, 365.0, 119.0
428, 296.0, 400.0
429, 135.0, 16.0
430, 669.0, 33.0
431, 138.0, 441.0
432, 471.0, 424.0
433, 300.0, 351.0
434, 53.0, 408.0
435, 634.0, 290.0
436, 536.0, 462.0
437, 237.0, 403.0
438, 125.0, 427.0
439, 694.0, 53.0
440, 75.0, 435.0
441, 501.0, 442.0
442, 434.0, 8.0
443, 299.0, 418.0
444, 301.0, 32.0
445, 407.0, 452.0
446, 11.0, 247.0
447, 261.0, 52.0
448, 142.0, 149.0
449, 354.0, 301.0
450, 688.0, 248.0
451, 223.0, 21.0
452, 206.0, 440.0
453, 254.0, 333.0
454, 427.0, 156.0
455, 249.0, 272.0
456, 377.0, 425.0
457, 415.0, 20.0
458, 139.0, 217.0
459, 372.0, 330.0
460, 476.0, 23.0
461, 320.0, 289.0
462, 735.0, 24.0
463, 272.0, 461.0
464, 284.0, 362.0
465, 146.0, 459.0
466, 403.0, 168.0
467, 596.0, 13.0
468, 254.0, 462.0
469, 194.0, 325.0
470, 486.0, 420.0
471, 696.0, 17.0
472, 570.0, 337.0
473, 258.0, 366.0
474, 702.0, 237.0
475, 561.0, 437.0
476, 345.0, 329.0
477, 326.0, 78.0
478, 612.0, 458.0
479, 235.0, 371.0
480, 623.0, 438.0
481, 539.0, 330.0
482, 451.0, 235.0
483, 75.0, 168.0
484, 190.0, 298.0
485, 395.0, 36.0
486, 430.0, 142.0
487, 393.0, 175.0
488, 406.0, 140.0
489, 85.0, 415.0
490, 555.0, 29.0
491, 514.0, 456.0
492, 614.0, 448.0
493, 313.0, 321.0
494, 443.0, 334.0
495, 557.0, 276.0
496, 249.0, 430.0
497, 403.0, 177.0
498, 114.0, 450.0
499, 109.0, 136.0
