0, 212.0, 322.0
1, 424.0, 85.0
2, 249.0, 381.0
3, 246.0, 214.0
4, 318.0, 165.0
5, 391.0, 311.0
6, 428.0, 198.0
7, 115.0, 218.0
8, 87.0, 226.0
9, 285.0, 408.0
10, 171.0, 372.0
11, 173.0, 383.0
12, 194.0, 220.0
13, 344.0, 265.0
14, 369.0, 283.0
15, 290.0, 392.0
16, 256.0, 122.0
17, 205.0, 254.0
18, 488.0, 165.0
19, 268.0, 56.0
20, 473.0, 26.0
21, 76.0, 165.0
22, 289.0, 153.0
23, 272.0, 264.0
24, 453.0, 298.0
25, 174.0, 397.0
26, 66.0, 322.0
27, 413.0, 190.0
28, 45.0, 399.0
29, 621.0, 55.0
30, 445.0, 242.0
31, 152.0, 298.0
32, 254.0, 431.0
33, 195.0, 470.0
34, 393.0, 252.0
35, 260.0, 226.0
36, 318.0, 176.0
37, 626.0, 67.0
38, 171.0, 297.0
39, 212.0, 353.0
40, 426.0, 75.0
41, 195.0, 380.0
42, 262.0, 260.0
43, 477.0, 280.0
44, 427.0, 212.0
45, 657.0, 245.0
46, 445.0, 172.0
47, 228.0, 246.0
48, 439.0, 114.0
49, 301.0, 252.0
50, 590.0, 64.0
51, 484.0, 185.0
52, 227.0, 326.0
53, 373.0, 367.0
54, 233.0, 117.0
55, 317.0, 192.0
56, 245.0, 314.0
57, 371.0, 84.0
58, 215.0, 217.0
59, 124.0, 105.0
60, 104.0, 364.0
61, 486.0, 175.0
62, 101.0, 105.0
63, 166.0, 126.0
64, 587.0, 161.0
65, 526.0, 28.0
66, 256.0, 67.0
67, 354.0, 249.0
68, 609.0, 93.0
69, 218.0, 255.0
70, 245.0, 342.0
71, 200.0, 424.0
72, 345.0, 132.0
73, 84.0, 464.0
74, 261.0, 328.0
75, 627.0, 290.0
76, 77.0, 177.0
77, 523.0, 306.0
78, 185.0, 243.0
79, 225.0, 296.0
80, 185.0, 161.0
81, 736.0, 74.0
82, 353.0, 326.0
83, 354.0, 238.0
84, 253.0, 189.0
85, 132.0, 23.0
86, 622.0, 77.0
87, 277.0, 152.0
88, 180.0, 123.0
89, 481.0, 101.0
90, 261.0, 376.0
91, 355.0, 228.0
92, 495.0, 175.0
93, 394.0, 180.0
94, 482.0, 220.0
95, 466.0, 228.0
96, 351.0, 283.0
97, 159.0, 90.0
98, 570.0, 155.0
99, 35.0, 246.0
100, 279.0, 376.0
101, 251.0, 332.0
102, 528.0, 188.0
103, 285.0, 164.0
104, 356.0, 416.0
105, 80.0, 87.0
106, 182.0, 306.0
107, 377.0, 229.0
108, 325.0, 119.0
109, 360.0, 30.0
110, 588.0, 146.0
111, 335.0, 261.0
112, 492.0, 354.0
113, 483.0, 140.0
114, 402.0, 384.0
115, 202.0, 352.0
116, 146.0, 456.0
117, 363.0, 83.0
118, 608.0, 131.0
119, 82.0, 194.0
120, 256.0, 280.0
121, 403.0, 198.0
122, 110.0, 257.0
123, 356.0, 289.0
124, 243.0, 276.0
125, 215.0, 226.0
126, 670.0, 74.0
127, 84.0, 206.0
128, 632.0, 254.0
129, 658.0, 190.0
130, 111.0, 197.0
131, 700.0, 69.0
132, 116.0, 89.0
133, 395.0, 73.0
134, 511.0, 60.0
135, 559.0, 69.0
136, 177.0, 186.0
137, 391.0, 100.0
138, 310.0, 289.0
139, 141.0, 255.0
140, 223.0, 269.0
141, 586.0, 52.0
142, 586.0, 187.0
143, 346.0, 167.0
144, 459.0, 184.0
145, 301.0, 217.0
146, 415.0, 171.0
147, 341.0, 380.0
148, 455.0, 286.0
149, 183.0, 405.0
150, 144.0, 327.0
151, 692.0, 48.0
152, 124.0, 273.0
153, 299.0, 234.0
154, 357.0, 203.0
155, 389.0, 118.0
156, 192.0, 456.0
157, 424.0, 233.0
158, 395.0, 188.0
159, 678.0, 251.0
160, 230.0, 54.0
161, 97.0, 226.0
162, 385.0, 180.0
163, 589.0, 131.0
164, 54.0, 268.0
165, 246.0, 324.0
166, 198.0, 343.0
167, 234.0, 65.0
168, 276.0, 394.0
169, 206.0, 265.0
170, 265.0, 40.0
171, 154.0, 205.0
172, 202.0, 436.0
173, 460.0, 243.0
174, 206.0, 244.0
175, 156.0, 159.0
176, 379.0, 209.0
177, 88.0, 135.0
178, 367.0, 50.0
179, 568.0, 60.0
180, 511.0, 47.0
181, 662.0, 230.0
182, 148.0, 364.0
183, 576.0, 248.0
184, 110.0, 59.0
185, 558.0, 28.0
186, 333.0, 227.0
187, 322.0, 277.0
188, 174.0, 218.0
189, 562.0, 144.0
190, 500.0, 141.0
191, 136.0, 159.0
192, 183.0, 382.0
193, 353.0, 259.0
194, 480.0, 124.0
195, 445.0, 258.0
196, 98.0, 261.0
197, 317.0, 69.0
198, 146.0, 353.0
199, 338.0, 70.0
200, 514.0, 337.0
201, 380.0, 333.0
202, 640.0, 299.0
203, 643.0, 336.0
204, 476.0, 213.0
205, 648.0, 38.0
206, 335.0, 334.0
207, 114.0, 187.0
208, 301.0, 296.0
209, 262.0, 388.0
210, 318.0, 239.0
211, 507.0, 79.0
212, 446.0, 161.0
213, 271.0, 275.0
214, 406.0, 362.0
215, 411.0, 95.0
216, 694.0, 252.0
217, 414.0, 205.0
218, 183.0, 294.0
219, 223.0, 122.0
220, 95.0, 374.0
221, 598.0, 169.0
222, 502.0, 39.0
223, 229.0, 458.0
224, 259.0, 139.0
225, 210.0, 444.0
226, 24.0, 426.0
227, 685.0, 66.0
228, 23.0, 204.0
229, 541.0, 31.0
230, 496.0, 266.0
231, 458.0, 193.0
232, 35.0, 456.0
233, 379.0, 418.0
234, 238.0, 132.0
235, 510.0, 320.0
236, 261.0, 247.0
237, 151.0, 308.0
238, 147.0, 286.0
239, 100.0, 295.0
240, 339.0, 281.0
241, 125.0, 453.0
242, 234.0, 333.0
243, 318.0, 132.0
244, 22.0, 329.0
245, 375.0, 30.0
246, 633.0, 25.0
247, 125.0, 50.0
248, 361.0, 275.0
249, 414.0, 181.0
250, 584.0, 209.0
251, 170.0, 343.0
252, 250.0, 401.0
253, 473.0, 260.0
254, 445.0, 227.0
255, 424.0, 96.0
256, 150.0, 376.0
257, 499.0, 444.0
258, 608.0, 303.0
259, 267.0, 233.0
260, 197.0, 395.0
261, 383.0, 251.0
262, 82.0, 239.0
263, 401.0, 223.0
264, 409.0, 404.0
265, 258.0, 268.0
266, 672.0, 261.0
267, 674.0, 193.0
268, 94.0, 246.0
269, 263.0, 162.0
270, 78.0, 408.0
271, 411.0, 74.0
272, 152.0, 322.0
273, 30.0, 285.0
274, 595.0, 188.0
275, 278.0, 137.0
276, 174.0, 13.0
277, 214.0, 364.0
278, 565.0, 104.0
279, 330.0, 132.0
280, 683.0, 317.0
281, 390.0, 144.0
282, 409.0, 420.0
283, 248.0, 122.0
284, 561.0, 202.0
285, 711.0, 54.0
286, 274.0, 223.0
287, 39.0, 423.0
288, 433.0, 273.0
289, 474.0, 246.0
290, 181.0, 443.0
291, 111.0, 21.0
292, 191.0, 188.0
293, 204.0, 209.0
294, 47.0, 241.0
295, 627.0, 105.0
296, 55.0, 458.0
297, 611.0, 84.0
298, 276.0, 123.0
299, 430.0, 172.0
300, 143.0, 416.0
301, 195.0, 254.0
302, 358.0, 400.0
303, 69.0, 260.0
304, 635.0, 156.0
305, 40.0, 179.0
306, 486.0, 260.0
307, 394.0, 84.0
308, 236.0, 391.0
309, 497.0, 100.0
310, 393.0, 336.0
311, 214.0, 339.0
312, 272.0, 294.0
313, 40.0, 302.0
314, 232.0, 348.0
315, 256.0, 55.0
316, 131.0, 324.0
317, 675.0, 33.0
318, 272.0, 255.0
319, 135.0, 430.0
320, 712.0, 307.0
321, 440.0, 96.0
322, 213.0, 122.0
323, 160.0, 291.0
324, 278.0, 163.0
325, 259.0, 317.0
326, 260.0, 20.0
327, 142.0, 134.0
328, 729.0, 112.0
329, 385.0, 232.0
330, 613.0, 278.0
331, 203.0, 368.0
332, 335.0, 313.0
333, 596.0, 13.0
334, 403.0, 169.0
335, 293.0, 263.0
336, 172.0, 162.0
337, 270.0, 365.0
338, 41.0, 217.0
339, 388.0, 158.0
340, 338.0, 414.0
341, 86.0, 175.0
342, 376.0, 112.0
343, 272.0, 26.0
344, 217.0, 412.0
345, 197.0, 161.0
346, 18.0, 246.0
347, 268.0, 302.0
348, 721.0, 207.0
349, 516.0, 187.0
350, 636.0, 51.0
351, 219.0, 208.0
352, 195.0, 407.0
353, 651.0, 344.0
354, 73.0, 225.0
355, 184.0, 46.0
356, 226.0, 338.0
357, 68.0, 55.0
358, 250.0, 258.0
359, 215.0, 245.0
360, 443.0, 182.0
361, 263.0, 8.0
362, 344.0, 238.0
363, 143.0, 208.0
364, 24.0, 267.0
365, 127.0, 60.0
366, 703.0, 222.0
367, 493.0, 186.0
368, 345.0, 177.0
369, 106.0, 147.0
370, 569.0, 73.0
371, 537.0, 71.0
372, 337.0, 430.0
373, 169.0, 450.0
374, 85.0, 122.0
375, 53.0, 197.0
376, 599.0, 82.0
377, 527.0, 320.0
378, 609.0, 112.0
379, 389.0, 358.0
380, 655.0, 257.0
381, 235.0, 187.0
382, 640.0, 200.0
383, 676.0, 180.0
384, 298.0, 410.0
385, 482.0, 91.0
386, 192.0, 209.0
387, 339.0, 81.0
388, 14.0, 457.0
389, 65.0, 348.0
390, 442.0, 268.0
391, 649.0, 227.0
392, 689.0, 263.0
393, 88.0, 156.0
394, 73.0, 458.0
395, 201.0, 274.0
396, 91.0, 236.0
397, 249.0, 163.0
398, 561.0, 44.0
399, 632.0, 166.0
400, 111.0, 419.0
401, 145.0, 275.0
402, 92.0, 364.0
403, 49.0, 100.0
404, 308.0, 469.0
405, 332.0, 193.0
406, 272.0, 243.0
407, 333.0, 205.0
408, 524.0, 339.0
409, 456.0, 83.0
410, 232.0, 12.0
411, 242.0, 304.0
412, 184.0, 316.0
413, 395.0, 347.0
414, 247.0, 19.0
415, 592.0, 93.0
416, 99.0, 277.0
417, 287.0, 215.0
418, 501.0, 343.0
419, 500.0, 155.0
420, 156.0, 396.0
421, 322.0, 339.0
422, 513.0, 271.0
423, 318.0, 88.0
424, 471.0, 218.0
425, 31.0, 89.0
426, 243.0, 291.0
427, 153.0, 117.0
428, 638.0, 106.0
429, 519.0, 88.0
430, 309.0, 165.0
431, 208.0, 459.0
432, 393.0, 169.0
433, 404.0, 181.0
434, 567.0, 179.0
435, 307.0, 276.0
436, 130.0, 136.0
437, 281.0, 262.0
438, 59.0, 177.0
439, 272.0, 406.0
440, 288.0, 287.0
441, 354.0, 167.0
442, 351.0, 193.0
443, 577.0, 104.0
444, 547.0, 162.0
445, 656.0, 107.0
446, 544.0, 244.0
447, 369.0, 237.0
448, 466.0, 287.0
449, 322.0, 256.0
450, 272.0, 317.0
451, 165.0, 315.0
452, 591.0, 111.0
453, 143.0, 224.0
454, 89.0, 76.0
455, 464.0, 136.0
456, 473.0, 163.0
457, 596.0, 204.0
458, 484.0, 404.0
459, 354.0, 179.0
460, 138.0, 300.0
461, 26.0, 80.0
462, 249.0, 112.0
463, 318.0, 205.0
464, 207.0, 169.0
465, 247.0, 246.0
466, 367.0, 72.0
467, 606.0, 172.0
468, 520.0, 50.0
469, 481.0, 252.0
470, 625.0, 187.0
471, 407.0, 434.0
472, 94.0, 191.0
473, 260.0, 398.0
474, 280.0, 28.0
475, 111.0, 232.0
476, 203.0, 287.0
477, 225.0, 278.0
478, 95.0, 170.0
479, 354.0, 156.0
480, 268.0, 424.0
481, 369.0, 433.0
482, 597.0, 251.0
483, 386.0, 170.0
484, 14.0, 230.0
485, 262.0, 189.0
486, 413.0, 216.0
487, 292.0, 251.0
488, 689.0, 22.0
489, 560.0, 163.0
490, 106.0, 46.0
491, 494.0, 210.0
492, 250.0, 98.0
493, 551.0, 22.0
494, 400.0, 371.0
495, 118.0, 40.0
496, 167.0, 392.0
497, 146.0, 164.0
498, 426.0, 224.0
499, 134.0, 125.0
