0, 441.0, 132.0
1, 527.0, 236.0
2, 242.0, 342.0
3, 514.0, 407.0
4, 63.0, 366.0
5, 234.0, 207.0
6, 180.0, 247.0
7, 242.0, 122.0
8, 525.0, 153.0
9, 511.0, 224.0
10, 415.0, 164.0
11, 44.0, 237.0
12, 313.0, 280.0
13, 144.0, 311.0
14, 194.0, 458.0
15, 363.0, 116.0
16, 426.0, 277.0
17, 204.0, 221.0
18, 388.0, 163.0
19, 252.0, 204.0
20, 618.0, 83.0
21, 271.0, 347.0
22, 492.0, 208.0
23, 286.0, 212.0
24, 378.0, 188.0
25, 287.0, 278.0
26, 450.0, 165.0
27, 275.0, 336.0
28, 419.0, 228.0
29, 261.0, 348.0
30, 273.0, 150.0
31, 335.0, 219.0
32, 237.0, 305.0
33, 371.0, 313.0
34, 447.0, 205.0
35, 427.0, 266.0
36, 542.0, 54.0
37, 247.0, 387.0
38, 117.0, 95.0
39, 535.0, 66.0
40, 172.0, 182.0
41, 195.0, 21.0
42, 330.0, 339.0
43, 223.0, 213.0
44, 87.0, 204.0
45, 251.0, 298.0
46, 329.0, 350.0
47, 381.0, 95.0
48, 324.0, 130.0
49, 259.0, 255.0
50, 405.0, 187.0
51, 80.0, 176.0
52, 574.0, 313.0
53, 144.0, 277.0
54, 523.0, 65.0
55, 393.0, 85.0
56, 286.0, 238.0
57, 438.0, 203.0
58, 379.0, 173.0
59, 121.0, 449.0
60, 317.0, 84.0
61, 251.0, 62.0
62, 237.0, 283.0
63, 248.0, 48.0
64, 167.0, 214.0
65, 518.0, 74.0
66, 198.0, 253.0
67, 297.0, 91.0
68, 151.0, 365.0
69, 230.0, 321.0
70, 265.0, 304.0
71, 124.0, 250.0
72, 53.0, 371.0
73, 441.0, 118.0
74, 241.0, 184.0
75, 84.0, 191.0
76, 132.0, 415.0
77, 341.0, 256.0
78, 520.0, 55.0
79, 262.0, 150.0
80, 218.0, 63.0
81, 502.0, 216.0
82, 112.0, 460.0
83, 204.0, 325.0
84, 145.0, 429.0
85, 226.0, 133.0
86, 615.0, 94.0
87, 525.0, 429.0
88, 642.0, 69.0
89, 150.0, 384.0
90, 509.0, 50.0
91, 111.0, 341.0
92, 597.0, 66.0
93, 173.0, 238.0
94, 387.0, 181.0
95, 394.0, 95.0
96, 158.0, 427.0
97, 207.0, 370.0
98, 151.0, 118.0
99, 130.0, 37.0
100, 333.0, 172.0
101, 130.0, 280.0
102, 711.0, 176.0
103, 551.0, 57.0
104, 465.0, 418.0
105, 37.0, 169.0
106, 515.0, 212.0
107, 372.0, 341.0
108, 347.0, 37.0
109, 614.0, 204.0
110, 609.0, 57.0
111, 223.0, 287.0
112, 112.0, 185.0
113, 245.0, 138.0
114, 261.0, 122.0
115, 395.0, 76.0
116, 48.0, 253.0
117, 370.0, 239.0
118, 95.0, 357.0
119, 295.0, 271.0
120, 634.0, 60.0
121, 133.0, 371.0
122, 622.0, 297.0
123, 111.0, 108.0
124, 602.0, 27.0
125, 557.0, 173.0
126, 622.0, 55.0
127, 142.0, 266.0
128, 64.0, 176.0
129, 99.0, 220.0
130, 36.0, 207.0
131, 341.0, 55.0
132, 89.0, 435.0
133, 80.0, 165.0
134, 605.0, 323.0
135, 295.0, 241.0
136, 129.0, 19.0
137, 473.0, 147.0
138, 502.0, 64.0
139, 526.0, 121.0
140, 240.0, 62.0
141, 578.0, 186.0
142, 388.0, 173.0
143, 150.0, 285.0
144, 222.0, 117.0
145, 511.0, 22.0
146, 227.0, 400.0
147, 457.0, 39.0
148, 308.0, 314.0
149, 568.0, 100.0
150, 409.0, 257.0
151, 334.0, 37.0
152, 541.0, 105.0
153, 484.0, 129.0
154, 486.0, 149.0
155, 541.0, 121.0
156, 583.0, 74.0
157, 624.0, 68.0
158, 203.0, 186.0
159, 183.0, 372.0
160, 231.0, 9.0
161, 492.0, 226.0
162, 527.0, 213.0
163, 157.0, 349.0
164, 404.0, 202.0
165, 219.0, 265.0
166, 161.0, 292.0
167, 655.0, 75.0
168, 252.0, 338.0
169, 623.0, 452.0
170, 465.0, 286.0
171, 364.0, 99.0
172, 409.0, 95.0
173, 612.0, 68.0
174, 77.0, 301.0
175, 219.0, 72.0
176, 213.0, 317.0
177, 112.0, 389.0
178, 287.0, 185.0
179, 414.0, 173.0
180, 268.0, 326.0
181, 122.0, 286.0
182, 263.0, 160.0
183, 356.0, 467.0
184, 51.0, 169.0
185, 71.0, 237.0
186, 381.0, 75.0
187, 661.0, 289.0
188, 550.0, 67.0
189, 436.0, 216.0
190, 282.0, 347.0
191, 287.0, 196.0
192, 133.0, 159.0
193, 454.0, 144.0
194, 181.0, 213.0
195, 455.0, 78.0
196, 454.0, 132.0
197, 167.0, 367.0
198, 306.0, 119.0
199, 453.0, 374.0
200, 333.0, 162.0
201, 90.0, 220.0
202, 489.0, 179.0
203, 138.0, 221.0
204, 184.0, 184.0
205, 600.0, 12.0
206, 542.0, 133.0
207, 225.0, 183.0
208, 168.0, 313.0
209, 67.0, 356.0
210, 78.0, 448.0
211, 177.0, 346.0
212, 206.0, 351.0
213, 272.0, 252.0
214, 35.0, 257.0
215, 228.0, 437.0
216, 24.0, 145.0
217, 416.0, 154.0
218, 215.0, 432.0
219, 608.0, 82.0
220, 627.0, 466.0
221, 102.0, 434.0
222, 316.0, 74.0
223, 525.0, 179.0
224, 408.0, 111.0
225, 297.0, 73.0
226, 103.0, 249.0
227, 245.0, 19.0
228, 48.0, 210.0
229, 175.0, 19.0
230, 168.0, 284.0
231, 455.0, 240.0
232, 196.0, 239.0
233, 108.0, 403.0
234, 635.0, 303.0
235, 550.0, 246.0
236, 58.0, 244.0
237, 77.0, 220.0
238, 111.0, 36.0
239, 246.0, 288.0
240, 178.0, 159.0
241, 56.0, 160.0
242, 402.0, 222.0
243, 538.0, 247.0
244, 136.0, 135.0
245, 425.0, 164.0
246, 392.0, 197.0
247, 197.0, 370.0
248, 604.0, 165.0
249, 254.0, 35.0
250, 597.0, 259.0
251, 47.0, 349.0
252, 643.0, 336.0
253, 434.0, 154.0
254, 189.0, 8.0
255, 140.0, 203.0
256, 86.0, 94.0
257, 363.0, 222.0
258, 306.0, 259.0
259, 388.0, 153.0
260, 221.0, 231.0
261, 55.0, 233.0
262, 202.0, 335.0
263, 177.0, 56.0
264, 250.0, 159.0
265, 216.0, 249.0
266, 717.0, 441.0
267, 570.0, 290.0
268, 440.0, 98.0
269, 444.0, 77.0
270, 74.0, 471.0
271, 554.0, 99.0
272, 264.0, 171.0
273, 200.0, 295.0
274, 259.0, 332.0
275, 132.0, 355.0
276, 142.0, 412.0
277, 162.0, 16.0
278, 71.0, 312.0
279, 232.0, 333.0
280, 531.0, 21.0
281, 91.0, 157.0
282, 477.0, 50.0
283, 316.0, 219.0
284, 165.0, 382.0
285, 354.0, 290.0
286, 98.0, 470.0
287, 298.0, 130.0
288, 261.0, 290.0
289, 541.0, 213.0
290, 362.0, 163.0
291, 128.0, 404.0
292, 449.0, 418.0
293, 377.0, 163.0
294, 288.0, 360.0
295, 225.0, 198.0
296, 78.0, 84.0
297, 475.0, 448.0
298, 190.0, 158.0
299, 57.0, 386.0
300, 497.0, 49.0
301, 128.0, 108.0
302, 126.0, 260.0
303, 243.0, 273.0
304, 98.0, 411.0
305, 211.0, 391.0
306, 153.0, 157.0
307, 311.0, 130.0
308, 620.0, 164.0
309, 335.0, 303.0
310, 77.0, 281.0
311, 260.0, 273.0
312, 339.0, 196.0
313, 629.0, 323.0
314, 655.0, 304.0
315, 69.0, 105.0
316, 544.0, 202.0
317, 78.0, 198.0
318, 107.0, 69.0
319, 368.0, 75.0
320, 243.0, 31.0
321, 300.0, 171.0
322, 577.0, 149.0
323, 637.0, 291.0
324, 179.0, 278.0
325, 525.0, 131.0
326, 561.0, 234.0
327, 424.0, 140.0
328, 567.0, 305.0
329, 234.0, 251.0
330, 413.0, 85.0
331, 682.0, 203.0
332, 118.0, 312.0
333, 361.0, 237.0
334, 131.0, 437.0
335, 477.0, 211.0
336, 313.0, 360.0
337, 196.0, 202.0
338, 369.0, 303.0
339, 175.0, 396.0
340, 118.0, 330.0
341, 648.0, 184.0
342, 302.0, 281.0
343, 533.0, 79.0
344, 460.0, 454.0
345, 357.0, 421.0
346, 366.0, 85.0
347, 341.0, 74.0
348, 262.0, 136.0
349, 131.0, 92.0
350, 472.0, 244.0
351, 212.0, 400.0
352, 319.0, 98.0
353, 299.0, 160.0
354, 368.0, 162.0
355, 661.0, 276.0
356, 33.0, 160.0
357, 285.0, 224.0
358, 302.0, 228.0
359, 594.0, 101.0
360, 428.0, 174.0
361, 104.0, 279.0
362, 155.0, 311.0
363, 284.0, 337.0
364, 536.0, 157.0
365, 502.0, 171.0
366, 76.0, 381.0
367, 545.0, 147.0
368, 237.0, 239.0
369, 142.0, 16.0
370, 230.0, 352.0
371, 185.0, 201.0
372, 409.0, 77.0
373, 151.0, 400.0
374, 246.0, 254.0
375, 88.0, 54.0
376, 107.0, 18.0
377, 638.0, 199.0
378, 117.0, 438.0
379, 614.0, 171.0
380, 393.0, 464.0
381, 380.0, 214.0
382, 357.0, 447.0
383, 425.0, 154.0
384, 163.0, 127.0
385, 742.0, 125.0
386, 259.0, 212.0
387, 277.0, 237.0
388, 88.0, 336.0
389, 207.0, 96.0
390, 108.0, 368.0
391, 26.0, 170.0
392, 731.0, 113.0
393, 276.0, 221.0
394, 439.0, 89.0
395, 16.0, 63.0
396, 646.0, 270.0
397, 236.0, 112.0
398, 103.0, 349.0
399, 370.0, 179.0
400, 646.0, 299.0
401, 563.0, 71.0
402, 139.0, 399.0
403, 403.0, 164.0
404, 424.0, 308.0
405, 300.0, 185.0
406, 287.0, 292.0
407, 603.0, 101.0
408, 477.0, 14.0
409, 520.0, 471.0
410, 96.0, 189.0
411, 168.0, 28.0
412, 111.0, 450.0
413, 209.0, 158.0
414, 263.0, 315.0
415, 55.0, 336.0
416, 112.0, 224.0
417, 176.0, 413.0
418, 449.0, 175.0
419, 421.0, 217.0
420, 339.0, 361.0
421, 107.0, 92.0
422, 537.0, 148.0
423, 70.0, 66.0
424, 157.0, 227.0
425, 526.0, 104.0
426, 15.0, 181.0
427, 677.0, 171.0
428, 217.0, 24.0
429, 371.0, 250.0
430, 209.0, 446.0
431, 555.0, 193.0
432, 333.0, 115.0
433, 156.0, 322.0
434, 482.0, 38.0
435, 236.0, 159.0
436, 263.0, 95.0
437, 319.0, 248.0
438, 606.0, 306.0
439, 466.0, 54.0
440, 391.0, 207.0
441, 592.0, 53.0
442, 349.0, 115.0
443, 325.0, 171.0
444, 75.0, 249.0
445, 275.0, 467.0
446, 196.0, 469.0
447, 710.0, 26.0
448, 77.0, 325.0
449, 427.0, 77.0
450, 292.0, 395.0
451, 104.0, 263.0
452, 155.0, 95.0
453, 514.0, 121.0
454, 629.0, 227.0
455, 114.0, 469.0
456, 207.0, 463.0
457, 455.0, 120.0
458, 475.0, 340.0
459, 238.0, 229.0
460, 571.0, 30.0
461, 97.0, 307.0
462, 512.0, 129.0
463, 132.0, 307.0
464, 508.0, 243.0
465, 60.0, 193.0
466, 521.0, 443.0
467, 428.0, 46.0
468, 59.0, 51.0
469, 66.0, 254.0
470, 603.0, 115.0
471, 689.0, 25.0
472, 155.0, 412.0
473, 262.0, 37.0
474, 448.0, 97.0
475, 101.0, 123.0
476, 56.0, 282.0
477, 364.0, 139.0
478, 711.0, 192.0
479, 154.0, 180.0
480, 390.0, 222.0
481, 148.0, 295.0
482, 138.0, 247.0
483, 60.0, 151.0
484, 227.0, 309.0
485, 243.0, 236.0
486, 687.0, 404.0
487, 275.0, 267.0
488, 651.0, 461.0
489, 276.0, 301.0
490, 665.0, 186.0
491, 404.0, 215.0
492, 199.0, 73.0
493, 75.0, 269.0
494, 188.0, 335.0
495, 199.0, 274.0
496, 119.0, 60.0
497, 99.0, 386.0
498, 211.0, 309.0
499, 629.0, 246.0
