0, 193.0, 8.0
1, 213.0, 8.0
2, 250.0, 8.0
3, 256.0, 8.0
4, 268.0, 8.0
5, 278.0, 10.0
6, 100.0, 12.0
7, 213.0, 13.0
8, 289.0, 14.0
9, 256.0, 17.0
10, 308.0, 22.0
11, 248.0, 31.0
12, 270.0, 31.0
13, 300.0, 32.0
14, 256.0, 33.0
15, 308.0, 33.0
16, 278.0, 34.0
17, 288.0, 37.0
18, 332.0, 38.0
19, 308.0, 42.0
20, 351.0, 47.0
21, 195.0, 50.0
22, 277.0, 50.0
23, 179.0, 51.0
24, 189.0, 52.0
25, 389.0, 54.0
26, 319.0, 57.0
27, 329.0, 60.0
28, 180.0, 63.0
29, 415.0, 63.0
30, 420.0, 64.0
31, 439.0, 64.0
32, 429.0, 65.0
33, 456.0, 65.0
34, 197.0, 67.0
35, 185.0, 69.0
36, 410.0, 70.0
37, 106.0, 71.0
38, 381.0, 73.0
39, 173.0, 74.0
40, 425.0, 74.0
41, 126.0, 75.0
42, 391.0, 75.0
43, 107.0, 76.0
44, 437.0, 76.0
45, 704.0, 76.0
46, 455.0, 77.0
47, 527.0, 77.0
48, 699.0, 77.0
49, 193.0, 78.0
50, 141.0, 79.0
51, 219.0, 80.0
52, 469.0, 81.0
53, 474.0, 81.0
54, 177.0, 82.0
55, 208.0, 82.0
56, 410.0, 82.0
57, 489.0, 82.0
58, 423.0, 84.0
59, 243.0, 85.0
60, 268.0, 85.0
61, 526.0, 85.0
62, 141.0, 86.0
63, 107.0, 87.0
64, 273.0, 87.0
65, 429.0, 88.0
66, 128.0, 89.0
67, 562.0, 89.0
68, 583.0, 89.0
69, 439.0, 90.0
70, 174.0, 91.0
71, 453.0, 91.0
72, 531.0, 91.0
73, 551.0, 91.0
74, 698.0, 91.0
75, 194.0, 92.0
76, 204.0, 92.0
77, 209.0, 92.0
78, 470.0, 92.0
79, 540.0, 92.0
80, 681.0, 92.0
81, 518.0, 93.0
82, 218.0, 94.0
83, 493.0, 96.0
84, 503.0, 97.0
85, 111.0, 99.0
86, 529.0, 99.0
87, 409.0, 100.0
88, 539.0, 100.0
89, 388.0, 101.0
90, 418.0, 101.0
91, 428.0, 102.0
92, 441.0, 103.0
93, 112.0, 104.0
94, 452.0, 104.0
95, 480.0, 104.0
96, 191.0, 105.0
97, 467.0, 106.0
98, 506.0, 106.0
99, 511.0, 106.0
100, 220.0, 107.0
101, 262.0, 107.0
102, 386.0, 107.0
103, 436.0, 107.0
104, 676.0, 107.0
105, 225.0, 108.0
106, 249.0, 108.0
107, 408.0, 108.0
108, 693.0, 108.0
109, 536.0, 109.0
110, 545.0, 109.0
111, 425.0, 110.0
112, 519.0, 110.0
113, 528.0, 111.0
114, 575.0, 111.0
115, 602.0, 112.0
116, 248.0, 113.0
117, 486.0, 113.0
118, 594.0, 113.0
119, 553.0, 114.0
120, 618.0, 114.0
121, 436.0, 115.0
122, 564.0, 115.0
123, 633.0, 115.0
124, 645.0, 115.0
125, 207.0, 116.0
126, 219.0, 116.0
127, 387.0, 116.0
128, 464.0, 116.0
129, 575.0, 116.0
130, 176.0, 117.0
131, 192.0, 117.0
132, 275.0, 117.0
133, 294.0, 117.0
134, 450.0, 117.0
135, 583.0, 117.0
136, 116.0, 118.0
137, 147.0, 118.0
138, 127.0, 119.0
139, 591.0, 119.0
140, 667.0, 119.0
141, 475.0, 120.0
142, 483.0, 121.0
143, 492.0, 121.0
144, 221.0, 122.0
145, 226.0, 122.0
146, 265.0, 122.0
147, 503.0, 122.0
148, 543.0, 122.0
149, 248.0, 123.0
150, 681.0, 123.0
151, 514.0, 124.0
152, 689.0, 124.0
153, 196.0, 125.0
154, 215.0, 125.0
155, 527.0, 125.0
156, 176.0, 126.0
157, 406.0, 127.0
158, 534.0, 127.0
159, 539.0, 127.0
160, 544.0, 127.0
161, 148.0, 128.0
162, 423.0, 128.0
163, 552.0, 128.0
164, 596.0, 128.0
165, 108.0, 129.0
166, 435.0, 129.0
167, 464.0, 129.0
168, 580.0, 129.0
169, 475.0, 130.0
170, 563.0, 131.0
171, 272.0, 132.0
172, 404.0, 132.0
173, 449.0, 132.0
174, 627.0, 132.0
175, 283.0, 133.0
176, 618.0, 133.0
177, 686.0, 133.0
178, 641.0, 134.0
179, 294.0, 135.0
180, 311.0, 135.0
181, 524.0, 136.0
182, 661.0, 136.0
183, 457.0, 137.0
184, 675.0, 137.0
185, 464.0, 138.0
186, 509.0, 138.0
187, 534.0, 138.0
188, 338.0, 139.0
189, 484.0, 139.0
190, 543.0, 139.0
191, 81.0, 140.0
192, 213.0, 140.0
193, 344.0, 140.0
194, 475.0, 140.0
195, 548.0, 140.0
196, 556.0, 141.0
197, 150.0, 142.0
198, 357.0, 142.0
199, 362.0, 142.0
200, 693.0, 142.0
201, 686.0, 143.0
202, 374.0, 144.0
203, 492.0, 144.0
204, 699.0, 144.0
205, 138.0, 145.0
206, 502.0, 145.0
207, 113.0, 147.0
208, 383.0, 147.0
209, 520.0, 147.0
210, 579.0, 148.0
211, 668.0, 148.0
212, 337.0, 149.0
213, 400.0, 149.0
214, 408.0, 150.0
215, 188.0, 151.0
216, 283.0, 151.0
217, 348.0, 151.0
218, 353.0, 151.0
219, 549.0, 152.0
220, 366.0, 153.0
221, 371.0, 153.0
222, 538.0, 153.0
223, 150.0, 154.0
224, 439.0, 154.0
225, 304.0, 155.0
226, 173.0, 156.0
227, 383.0, 156.0
228, 450.0, 156.0
229, 392.0, 157.0
230, 321.0, 158.0
231, 335.0, 159.0
232, 405.0, 159.0
233, 242.0, 160.0
234, 482.0, 161.0
235, 349.0, 162.0
236, 427.0, 162.0
237, 356.0, 163.0
238, 432.0, 163.0
239, 85.0, 164.0
240, 361.0, 164.0
241, 369.0, 165.0
242, 450.0, 165.0
243, 381.0, 167.0
244, 459.0, 167.0
245, 388.0, 168.0
246, 475.0, 169.0
247, 402.0, 170.0
248, 407.0, 171.0
249, 566.0, 171.0
250, 498.0, 173.0
251, 581.0, 173.0
252, 424.0, 174.0
253, 429.0, 175.0
254, 435.0, 175.0
255, 336.0, 176.0
256, 440.0, 176.0
257, 564.0, 176.0
258, 445.0, 177.0
259, 596.0, 177.0
260, 456.0, 179.0
261, 467.0, 180.0
262, 153.0, 181.0
263, 573.0, 183.0
264, 584.0, 184.0
265, 474.0, 187.0
266, 465.0, 188.0
267, 485.0, 189.0
268, 551.0, 192.0
269, 246.0, 195.0
270, 489.0, 196.0
271, 456.0, 197.0
272, 476.0, 200.0
273, 603.0, 202.0
274, 553.0, 205.0
275, 487.0, 206.0
276, 58.0, 209.0
277, 63.0, 209.0
278, 726.0, 209.0
279, 315.0, 210.0
280, 451.0, 211.0
281, 323.0, 212.0
282, 412.0, 213.0
283, 329.0, 214.0
284, 475.0, 215.0
285, 290.0, 216.0
286, 485.0, 216.0
287, 145.0, 218.0
288, 446.0, 218.0
289, 276.0, 220.0
290, 475.0, 220.0
291, 485.0, 225.0
292, 574.0, 225.0
293, 28.0, 228.0
294, 144.0, 228.0
295, 222.0, 228.0
296, 543.0, 228.0
297, 285.0, 229.0
298, 397.0, 229.0
299, 724.0, 232.0
300, 251.0, 233.0
301, 542.0, 233.0
302, 427.0, 234.0
303, 719.0, 234.0
304, 291.0, 235.0
305, 714.0, 235.0
306, 286.0, 236.0
307, 637.0, 237.0
308, 236.0, 238.0
309, 728.0, 238.0
310, 183.0, 240.0
311, 567.0, 242.0
312, 69.0, 243.0
313, 466.0, 243.0
314, 585.0, 246.0
315, 77.0, 247.0
316, 484.0, 247.0
317, 71.0, 248.0
318, 700.0, 249.0
319, 375.0, 250.0
320, 609.0, 250.0
321, 227.0, 252.0
322, 161.0, 253.0
323, 232.0, 253.0
324, 384.0, 253.0
325, 519.0, 255.0
326, 238.0, 256.0
327, 637.0, 256.0
328, 243.0, 258.0
329, 307.0, 258.0
330, 195.0, 260.0
331, 200.0, 260.0
332, 654.0, 260.0
333, 174.0, 262.0
334, 224.0, 262.0
335, 550.0, 262.0
336, 130.0, 263.0
337, 419.0, 263.0
338, 424.0, 263.0
339, 675.0, 264.0
340, 236.0, 265.0
341, 563.0, 265.0
342, 159.0, 268.0
343, 692.0, 268.0
344, 584.0, 270.0
345, 453.0, 271.0
346, 385.0, 272.0
347, 714.0, 272.0
348, 148.0, 273.0
349, 321.0, 274.0
350, 108.0, 275.0
351, 342.0, 276.0
352, 476.0, 277.0
353, 546.0, 277.0
354, 373.0, 278.0
355, 381.0, 280.0
356, 341.0, 281.0
357, 560.0, 281.0
358, 205.0, 283.0
359, 131.0, 285.0
360, 157.0, 286.0
361, 339.0, 287.0
362, 350.0, 288.0
363, 68.0, 291.0
364, 326.0, 292.0
365, 117.0, 294.0
366, 545.0, 294.0
367, 126.0, 295.0
368, 705.0, 295.0
369, 710.0, 295.0
370, 715.0, 296.0
371, 296.0, 297.0
372, 327.0, 297.0
373, 564.0, 300.0
374, 44.0, 302.0
375, 98.0, 302.0
376, 304.0, 303.0
377, 591.0, 303.0
378, 106.0, 304.0
379, 585.0, 304.0
380, 411.0, 306.0
381, 319.0, 307.0
382, 416.0, 308.0
383, 353.0, 313.0
384, 511.0, 316.0
385, 300.0, 318.0
386, 78.0, 319.0
387, 23.0, 321.0
388, 37.0, 321.0
389, 83.0, 321.0
390, 54.0, 325.0
391, 59.0, 325.0
392, 336.0, 326.0
393, 40.0, 331.0
394, 168.0, 331.0
395, 308.0, 331.0
396, 323.0, 335.0
397, 547.0, 346.0
398, 29.0, 348.0
399, 34.0, 348.0
400, 311.0, 348.0
401, 572.0, 355.0
402, 618.0, 356.0
403, 122.0, 358.0
404, 53.0, 359.0
405, 601.0, 363.0
406, 274.0, 368.0
407, 288.0, 371.0
408, 617.0, 371.0
409, 389.0, 379.0
410, 441.0, 379.0
411, 553.0, 386.0
412, 65.0, 387.0
413, 348.0, 393.0
414, 29.0, 399.0
415, 616.0, 410.0
416, 580.0, 413.0
417, 188.0, 415.0
418, 225.0, 415.0
419, 183.0, 419.0
420, 261.0, 422.0
421, 196.0, 425.0
422, 238.0, 425.0
423, 221.0, 427.0
424, 230.0, 429.0
425, 598.0, 436.0
426, 542.0, 437.0
427, 178.0, 439.0
428, 547.0, 439.0
429, 552.0, 440.0
430, 607.0, 443.0
431, 239.0, 446.0
432, 626.0, 450.0
433, 215.0, 453.0
434, 587.0, 456.0
435, 604.0, 460.0
436, 647.0, 460.0
437, 622.0, 466.0
438, 259.0, 467.0
439, 170.0, 471.0
