0, 79.0, 9.0
1, 100.0, 13.0
2, 22.0, 15.0
3, 84.0, 15.0
4, 90.0, 16.0
5, 52.0, 22.0
6, 65.0, 23.0
7, 79.0, 23.0
8, 89.0, 23.0
9, 84.0, 24.0
10, 101.0, 26.0
11, 150.0, 26.0
12, 152.0, 32.0
13, 30.0, 45.0
14, 52.0, 46.0
15, 68.0, 46.0
16, 36.0, 48.0
17, 83.0, 49.0
18, 92.0, 50.0
19, 104.0, 52.0
20, 130.0, 55.0
21, 53.0, 56.0
22, 512.0, 56.0
23, 152.0, 57.0
24, 533.0, 58.0
25, 85.0, 60.0
26, 552.0, 61.0
27, 32.0, 64.0
28, 37.0, 66.0
29, 93.0, 67.0
30, 532.0, 69.0
31, 521.0, 70.0
32, 549.0, 71.0
33, 41.0, 72.0
34, 140.0, 72.0
35, 350.0, 73.0
36, 71.0, 74.0
37, 151.0, 74.0
38, 596.0, 75.0
39, 625.0, 75.0
40, 608.0, 76.0
41, 640.0, 76.0
42, 653.0, 78.0
43, 658.0, 79.0
44, 88.0, 80.0
45, 107.0, 80.0
46, 484.0, 80.0
47, 597.0, 80.0
48, 509.0, 81.0
49, 663.0, 81.0
50, 42.0, 82.0
51, 676.0, 82.0
52, 155.0, 84.0
53, 165.0, 84.0
54, 519.0, 84.0
55, 138.0, 85.0
56, 177.0, 85.0
57, 528.0, 85.0
58, 689.0, 85.0
59, 569.0, 86.0
60, 582.0, 86.0
61, 592.0, 86.0
62, 211.0, 88.0
63, 606.0, 88.0
64, 155.0, 89.0
65, 666.0, 91.0
66, 528.0, 92.0
67, 546.0, 92.0
68, 509.0, 93.0
69, 297.0, 96.0
70, 409.0, 96.0
71, 519.0, 96.0
72, 604.0, 97.0
73, 621.0, 97.0
74, 43.0, 98.0
75, 635.0, 99.0
76, 648.0, 101.0
77, 659.0, 102.0
78, 109.0, 103.0
79, 672.0, 104.0
80, 481.0, 105.0
81, 155.0, 106.0
82, 619.0, 106.0
83, 684.0, 106.0
84, 298.0, 108.0
85, 647.0, 109.0
86, 632.0, 110.0
87, 408.0, 111.0
88, 658.0, 111.0
89, 593.0, 112.0
90, 601.0, 112.0
91, 668.0, 113.0
92, 682.0, 114.0
93, 433.0, 120.0
94, 405.0, 122.0
95, 104.0, 126.0
96, 141.0, 128.0
97, 146.0, 128.0
98, 159.0, 129.0
99, 183.0, 130.0
100, 721.0, 132.0
101, 634.0, 135.0
102, 307.0, 136.0
103, 312.0, 136.0
104, 357.0, 139.0
105, 490.0, 149.0
106, 511.0, 149.0
107, 503.0, 153.0
108, 21.0, 156.0
109, 8.0, 157.0
110, 34.0, 157.0
111, 39.0, 157.0
112, 52.0, 157.0
113, 66.0, 157.0
114, 72.0, 158.0
115, 84.0, 158.0
116, 99.0, 158.0
117, 110.0, 159.0
118, 115.0, 159.0
119, 122.0, 159.0
120, 139.0, 159.0
121, 129.0, 160.0
122, 134.0, 160.0
123, 153.0, 160.0
124, 166.0, 160.0
125, 174.0, 161.0
126, 192.0, 161.0
127, 207.0, 161.0
128, 12.0, 170.0
129, 30.0, 170.0
130, 40.0, 170.0
131, 77.0, 171.0
132, 90.0, 171.0
133, 113.0, 171.0
134, 118.0, 171.0
135, 135.0, 171.0
136, 144.0, 171.0
137, 488.0, 171.0
138, 155.0, 172.0
139, 166.0, 172.0
140, 508.0, 172.0
141, 478.0, 174.0
142, 440.0, 175.0
143, 494.0, 175.0
144, 499.0, 175.0
145, 24.0, 178.0
146, 36.0, 178.0
147, 55.0, 178.0
148, 91.0, 179.0
149, 101.0, 179.0
150, 115.0, 180.0
151, 440.0, 182.0
152, 536.0, 182.0
153, 137.0, 183.0
154, 142.0, 183.0
155, 154.0, 183.0
156, 167.0, 183.0
157, 184.0, 183.0
158, 477.0, 183.0
159, 162.0, 184.0
160, 198.0, 184.0
161, 219.0, 184.0
162, 272.0, 184.0
163, 413.0, 184.0
164, 426.0, 184.0
165, 490.0, 184.0
166, 513.0, 184.0
167, 530.0, 184.0
168, 582.0, 184.0
169, 116.0, 185.0
170, 320.0, 185.0
171, 561.0, 185.0
172, 14.0, 186.0
173, 525.0, 186.0
174, 552.0, 186.0
175, 592.0, 186.0
176, 597.0, 187.0
177, 95.0, 188.0
178, 177.0, 188.0
179, 146.0, 189.0
180, 131.0, 191.0
181, 436.0, 191.0
182, 147.0, 196.0
183, 579.0, 196.0
184, 138.0, 197.0
185, 171.0, 197.0
186, 185.0, 197.0
187, 199.0, 197.0
188, 161.0, 198.0
189, 166.0, 198.0
190, 490.0, 198.0
191, 568.0, 198.0
192, 117.0, 199.0
193, 156.0, 199.0
194, 523.0, 199.0
195, 97.0, 200.0
196, 411.0, 200.0
197, 530.0, 200.0
198, 476.0, 201.0
199, 436.0, 202.0
200, 117.0, 208.0
201, 161.0, 208.0
202, 199.0, 208.0
203, 99.0, 210.0
204, 124.0, 210.0
205, 521.0, 210.0
206, 489.0, 211.0
207, 506.0, 211.0
208, 472.0, 212.0
209, 529.0, 212.0
210, 435.0, 213.0
211, 188.0, 214.0
212, 411.0, 214.0
213, 159.0, 216.0
214, 180.0, 216.0
215, 548.0, 217.0
216, 121.0, 219.0
217, 630.0, 219.0
218, 635.0, 219.0
219, 611.0, 220.0
220, 572.0, 221.0
221, 618.0, 221.0
222, 583.0, 222.0
223, 597.0, 222.0
224, 623.0, 222.0
225, 559.0, 223.0
226, 162.0, 225.0
227, 100.0, 226.0
228, 434.0, 226.0
229, 114.0, 227.0
230, 408.0, 227.0
231, 515.0, 227.0
232, 548.0, 227.0
233, 493.0, 229.0
234, 399.0, 230.0
235, 470.0, 230.0
236, 101.0, 231.0
237, 433.0, 232.0
238, 402.0, 237.0
239, 103.0, 240.0
240, 162.0, 242.0
241, 173.0, 242.0
242, 116.0, 243.0
243, 360.0, 243.0
244, 109.0, 244.0
245, 104.0, 245.0
246, 737.0, 247.0
247, 185.0, 248.0
248, 743.0, 248.0
249, 411.0, 249.0
250, 397.0, 252.0
251, 205.0, 253.0
252, 420.0, 255.0
253, 432.0, 255.0
254, 175.0, 256.0
255, 365.0, 256.0
256, 163.0, 257.0
257, 432.0, 263.0
258, 510.0, 266.0
259, 678.0, 273.0
260, 430.0, 278.0
261, 408.0, 280.0
262, 397.0, 281.0
263, 226.0, 285.0
264, 75.0, 288.0
265, 473.0, 290.0
266, 735.0, 290.0
267, 175.0, 301.0
268, 352.0, 301.0
269, 113.0, 304.0
270, 358.0, 307.0
271, 452.0, 309.0
272, 307.0, 313.0
273, 306.0, 318.0
274, 259.0, 319.0
275, 477.0, 321.0
276, 306.0, 323.0
277, 449.0, 324.0
278, 636.0, 324.0
279, 167.0, 330.0
280, 154.0, 331.0
281, 226.0, 336.0
282, 551.0, 339.0
283, 75.0, 341.0
284, 613.0, 341.0
285, 556.0, 342.0
286, 561.0, 344.0
287, 149.0, 346.0
288, 31.0, 347.0
289, 559.0, 349.0
290, 693.0, 350.0
291, 59.0, 359.0
292, 193.0, 359.0
293, 32.0, 363.0
294, 734.0, 369.0
295, 141.0, 375.0
296, 153.0, 398.0
297, 31.0, 399.0
298, 131.0, 410.0
299, 232.0, 411.0
300, 214.0, 414.0
301, 129.0, 418.0
302, 423.0, 422.0
303, 147.0, 428.0
304, 213.0, 428.0
305, 8.0, 435.0
306, 122.0, 435.0
307, 310.0, 436.0
308, 703.0, 452.0
309, 115.0, 462.0
310, 582.0, 463.0
