0, 352.0, 190.0
1, 599.0, 294.0
2, 512.0, 241.0
3, 320.0, 71.0
4, 534.0, 191.0
5, 623.0, 157.0
6, 629.0, 190.0
7, 232.0, 180.0
8, 721.0, 165.0
9, 208.0, 212.0
10, 216.0, 180.0
11, 422.0, 130.0
12, 321.0, 335.0
13, 309.0, 335.0
14, 370.0, 40.0
15, 79.0, 187.0
16, 498.0, 403.0
17, 480.0, 372.0
18, 376.0, 177.0
19, 575.0, 233.0
20, 506.0, 201.0
21, 179.0, 183.0
22, 690.0, 142.0
23, 298.0, 276.0
24, 633.0, 74.0
25, 538.0, 170.0
26, 652.0, 176.0
27, 154.0, 184.0
28, 82.0, 262.0
29, 422.0, 115.0
30, 640.0, 159.0
31, 507.0, 182.0
32, 689.0, 153.0
33, 561.0, 114.0
34, 462.0, 322.0
35, 184.0, 215.0
36, 582.0, 410.0
37, 237.0, 212.0
38, 682.0, 190.0
39, 402.0, 197.0
40, 521.0, 234.0
41, 635.0, 62.0
42, 725.0, 15.0
43, 352.0, 208.0
44, 206.0, 198.0
45, 592.0, 179.0
46, 458.0, 333.0
47, 595.0, 233.0
48, 406.0, 290.0
49, 381.0, 420.0
50, 438.0, 128.0
51, 563.0, 192.0
52, 545.0, 358.0
53, 350.0, 154.0
54, 444.0, 222.0
55, 582.0, 394.0
56, 671.0, 115.0
57, 630.0, 282.0
58, 201.0, 164.0
59, 119.0, 408.0
60, 578.0, 192.0
61, 204.0, 181.0
62, 239.0, 461.0
63, 585.0, 260.0
64, 578.0, 455.0
65, 603.0, 169.0
66, 543.0, 105.0
67, 542.0, 123.0
68, 638.0, 314.0
69, 485.0, 361.0
70, 620.0, 168.0
71, 685.0, 174.0
72, 634.0, 177.0
73, 531.0, 358.0
74, 441.0, 450.0
75, 683.0, 35.0
76, 380.0, 400.0
77, 480.0, 288.0
78, 408.0, 340.0
79, 531.0, 234.0
80, 160.0, 253.0
81, 532.0, 84.0
82, 332.0, 43.0
83, 316.0, 22.0
84, 531.0, 95.0
85, 176.0, 166.0
86, 540.0, 397.0
87, 160.0, 216.0
88, 471.0, 310.0
89, 687.0, 162.0
90, 691.0, 201.0
91, 346.0, 327.0
92, 24.0, 319.0
93, 523.0, 295.0
94, 669.0, 318.0
95, 214.0, 164.0
96, 244.0, 432.0
97, 461.0, 288.0
98, 648.0, 313.0
99, 424.0, 186.0
100, 425.0, 332.0
101, 505.0, 426.0
102, 358.0, 41.0
103, 281.0, 177.0
104, 86.0, 218.0
105, 562.0, 104.0
106, 61.0, 425.0
107, 196.0, 323.0
108, 234.0, 196.0
109, 269.0, 77.0
110, 439.0, 114.0
111, 445.0, 276.0
112, 403.0, 206.0
113, 26.0, 440.0
114, 283.0, 269.0
115, 536.0, 114.0
116, 663.0, 190.0
117, 387.0, 244.0
118, 417.0, 197.0
119, 530.0, 306.0
120, 560.0, 283.0
121, 351.0, 172.0
122, 407.0, 276.0
123, 230.0, 162.0
124, 477.0, 322.0
125, 410.0, 264.0
126, 623.0, 276.0
127, 142.0, 346.0
128, 217.0, 312.0
129, 647.0, 190.0
130, 547.0, 192.0
131, 280.0, 229.0
132, 372.0, 74.0
133, 415.0, 34.0
134, 369.0, 273.0
135, 90.0, 80.0
136, 589.0, 294.0
137, 10.0, 81.0
138, 469.0, 389.0
139, 465.0, 221.0
140, 533.0, 70.0
141, 557.0, 150.0
142, 380.0, 262.0
143, 182.0, 199.0
144, 638.0, 416.0
145, 300.0, 246.0
146, 573.0, 135.0
147, 407.0, 318.0
148, 619.0, 286.0
149, 405.0, 421.0
150, 408.0, 303.0
151, 556.0, 160.0
152, 87.0, 443.0
153, 723.0, 33.0
154, 527.0, 116.0
155, 91.0, 247.0
156, 465.0, 201.0
157, 567.0, 180.0
158, 596.0, 284.0
159, 468.0, 370.0
160, 106.0, 339.0
161, 331.0, 255.0
162, 282.0, 195.0
163, 528.0, 370.0
164, 283.0, 211.0
165, 650.0, 220.0
166, 428.0, 276.0
167, 579.0, 104.0
168, 337.0, 420.0
169, 134.0, 415.0
170, 155.0, 41.0
171, 82.0, 396.0
172, 425.0, 319.0
173, 218.0, 195.0
174, 418.0, 252.0
175, 25.0, 117.0
176, 267.0, 269.0
177, 151.0, 167.0
178, 397.0, 334.0
179, 553.0, 377.0
180, 337.0, 451.0
181, 685.0, 17.0
182, 330.0, 209.0
183, 649.0, 207.0
184, 440.0, 166.0
185, 163.0, 266.0
186, 590.0, 422.0
187, 508.0, 162.0
188, 470.0, 77.0
189, 439.0, 252.0
190, 8.0, 457.0
191, 82.0, 202.0
192, 596.0, 341.0
193, 705.0, 174.0
194, 644.0, 443.0
195, 582.0, 272.0
196, 607.0, 284.0
197, 14.0, 107.0
198, 174.0, 154.0
199, 674.0, 229.0
200, 16.0, 126.0
201, 561.0, 295.0
202, 79.0, 315.0
203, 24.0, 145.0
204, 443.0, 203.0
205, 596.0, 303.0
206, 145.0, 414.0
207, 402.0, 116.0
208, 112.0, 422.0
209, 736.0, 327.0
210, 321.0, 102.0
211, 234.0, 274.0
212, 76.0, 451.0
213, 428.0, 387.0
214, 116.0, 331.0
215, 208.0, 324.0
216, 264.0, 29.0
217, 220.0, 334.0
218, 330.0, 62.0
219, 387.0, 253.0
220, 603.0, 310.0
221, 326.0, 396.0
222, 89.0, 234.0
223, 460.0, 305.0
224, 605.0, 273.0
225, 279.0, 160.0
226, 325.0, 268.0
227, 615.0, 300.0
228, 228.0, 150.0
229, 15.0, 424.0
230, 650.0, 285.0
231, 332.0, 173.0
232, 623.0, 418.0
233, 533.0, 295.0
234, 512.0, 144.0
235, 461.0, 89.0
236, 487.0, 454.0
237, 61.0, 302.0
238, 364.0, 373.0
239, 553.0, 408.0
240, 221.0, 211.0
241, 540.0, 349.0
242, 563.0, 332.0
243, 239.0, 248.0
244, 301.0, 261.0
245, 308.0, 395.0
246, 129.0, 431.0
247, 78.0, 381.0
248, 283.0, 257.0
249, 357.0, 32.0
250, 92.0, 170.0
251, 455.0, 352.0
252, 606.0, 158.0
253, 142.0, 297.0
254, 667.0, 306.0
255, 517.0, 125.0
256, 579.0, 120.0
257, 444.0, 322.0
258, 200.0, 152.0
259, 438.0, 417.0
260, 416.0, 186.0
261, 550.0, 436.0
262, 569.0, 170.0
263, 64.0, 254.0
264, 587.0, 341.0
265, 149.0, 265.0
266, 405.0, 433.0
267, 593.0, 168.0
268, 633.0, 86.0
269, 401.0, 187.0
270, 334.0, 191.0
271, 602.0, 353.0
272, 39.0, 421.0
273, 104.0, 405.0
274, 636.0, 168.0
275, 96.0, 186.0
276, 411.0, 83.0
277, 567.0, 274.0
278, 137.0, 61.0
279, 616.0, 178.0
280, 302.0, 290.0
281, 469.0, 113.0
282, 434.0, 195.0
283, 600.0, 409.0
284, 562.0, 343.0
285, 343.0, 255.0
286, 359.0, 411.0
287, 375.0, 321.0
288, 163.0, 94.0
289, 463.0, 251.0
290, 566.0, 18.0
291, 377.0, 151.0
292, 212.0, 35.0
293, 285.0, 290.0
294, 181.0, 265.0
295, 633.0, 435.0
296, 466.0, 146.0
297, 119.0, 341.0
298, 310.0, 456.0
299, 262.0, 313.0
300, 538.0, 277.0
301, 209.0, 253.0
302, 435.0, 185.0
303, 418.0, 205.0
304, 331.0, 55.0
305, 446.0, 263.0
306, 407.0, 389.0
307, 469.0, 99.0
308, 133.0, 348.0
309, 400.0, 253.0
310, 669.0, 175.0
311, 441.0, 242.0
312, 16.0, 364.0
313, 68.0, 207.0
314, 377.0, 188.0
315, 528.0, 347.0
316, 432.0, 455.0
317, 262.0, 426.0
318, 96.0, 283.0
319, 52.0, 437.0
320, 144.0, 244.0
321, 426.0, 205.0
322, 327.0, 290.0
323, 614.0, 196.0
324, 99.0, 202.0
325, 182.0, 38.0
326, 391.0, 398.0
327, 90.0, 457.0
328, 413.0, 94.0
329, 428.0, 351.0
330, 243.0, 321.0
331, 157.0, 199.0
332, 574.0, 469.0
333, 128.0, 269.0
334, 484.0, 221.0
335, 178.0, 333.0
336, 564.0, 54.0
337, 618.0, 429.0
338, 225.0, 131.0
339, 450.0, 11.0
340, 308.0, 376.0
341, 425.0, 175.0
342, 276.0, 146.0
343, 623.0, 75.0
344, 94.0, 100.0
345, 468.0, 89.0
346, 374.0, 291.0
347, 170.0, 136.0
348, 704.0, 104.0
349, 47.0, 348.0
350, 354.0, 255.0
351, 428.0, 369.0
352, 153.0, 394.0
353, 203.0, 298.0
354, 412.0, 72.0
355, 694.0, 212.0
356, 687.0, 95.0
357, 223.0, 233.0
358, 465.0, 185.0
359, 375.0, 119.0
360, 418.0, 167.0
361, 549.0, 450.0
362, 228.0, 324.0
363, 666.0, 133.0
364, 466.0, 165.0
365, 438.0, 290.0
366, 107.0, 328.0
367, 618.0, 265.0
368, 508.0, 171.0
369, 407.0, 368.0
370, 565.0, 361.0
371, 255.0, 268.0
372, 462.0, 264.0
373, 356.0, 347.0
374, 624.0, 63.0
375, 440.0, 333.0
376, 528.0, 333.0
377, 563.0, 442.0
378, 723.0, 103.0
379, 363.0, 360.0
380, 704.0, 326.0
381, 551.0, 309.0
382, 549.0, 115.0
383, 401.0, 158.0
384, 578.0, 325.0
385, 327.0, 413.0
386, 467.0, 8.0
387, 340.0, 318.0
388, 478.0, 250.0
389, 76.0, 352.0
390, 521.0, 249.0
391, 709.0, 164.0
392, 77.0, 170.0
393, 190.0, 114.0
394, 677.0, 470.0
395, 282.0, 246.0
396, 508.0, 461.0
397, 29.0, 82.0
398, 605.0, 102.0
399, 706.0, 342.0
400, 133.0, 401.0
401, 176.0, 244.0
402, 580.0, 286.0
403, 97.0, 379.0
404, 388.0, 260.0
405, 60.0, 277.0
406, 165.0, 337.0
407, 455.0, 114.0
408, 532.0, 201.0
409, 705.0, 93.0
410, 468.0, 22.0
411, 159.0, 411.0
412, 736.0, 213.0
413, 81.0, 468.0
414, 627.0, 341.0
415, 522.0, 400.0
416, 23.0, 408.0
417, 587.0, 353.0
418, 629.0, 296.0
419, 104.0, 217.0
420, 352.0, 290.0
421, 594.0, 156.0
422, 730.0, 109.0
423, 208.0, 270.0
424, 74.0, 435.0
425, 158.0, 243.0
426, 186.0, 315.0
427, 684.0, 113.0
428, 571.0, 160.0
429, 62.0, 377.0
430, 465.0, 352.0
431, 278.0, 413.0
432, 583.0, 169.0
433, 314.0, 469.0
434, 434.0, 146.0
435, 263.0, 247.0
436, 122.0, 448.0
437, 425.0, 197.0
438, 516.0, 107.0
439, 672.0, 96.0
440, 482.0, 235.0
441, 516.0, 23.0
442, 488.0, 389.0
443, 593.0, 248.0
444, 271.0, 366.0
445, 591.0, 197.0
446, 431.0, 243.0
447, 709.0, 112.0
448, 70.0, 420.0
449, 488.0, 17.0
450, 200.0, 340.0
451, 681.0, 306.0
452, 74.0, 140.0
453, 308.0, 318.0
454, 477.0, 201.0
455, 316.0, 113.0
456, 560.0, 126.0
457, 592.0, 471.0
458, 514.0, 60.0
459, 542.0, 140.0
460, 51.0, 369.0
461, 598.0, 15.0
462, 236.0, 380.0
463, 649.0, 324.0
464, 243.0, 232.0
465, 200.0, 244.0
466, 102.0, 393.0
467, 274.0, 318.0
468, 320.0, 451.0
469, 447.0, 188.0
470, 245.0, 377.0
471, 515.0, 426.0
472, 546.0, 290.0
473, 620.0, 315.0
474, 578.0, 305.0
475, 324.0, 36.0
476, 193.0, 394.0
477, 669.0, 167.0
478, 253.0, 317.0
479, 205.0, 307.0
480, 279.0, 393.0
481, 463.0, 240.0
482, 569.0, 377.0
483, 115.0, 432.0
484, 171.0, 366.0
485, 309.0, 361.0
486, 171.0, 438.0
487, 580.0, 247.0
488, 268.0, 281.0
489, 194.0, 131.0
490, 402.0, 176.0
491, 356.0, 382.0
492, 305.0, 346.0
493, 492.0, 249.0
494, 194.0, 254.0
495, 654.0, 300.0
496, 443.0, 67.0
497, 635.0, 325.0
498, 219.0, 86.0
499, 551.0, 180.0
