0, 371.0, 279.0
1, 433.0, 379.0
2, 232.0, 437.0
3, 379.0, 413.0
4, 265.0, 364.0
5, 261.0, 313.0
6, 380.0, 467.0
7, 299.0, 251.0
8, 252.0, 336.0
9, 691.0, 337.0
10, 682.0, 330.0
11, 461.0, 374.0
12, 458.0, 363.0
13, 316.0, 341.0
14, 223.0, 441.0
15, 483.0, 405.0
16, 650.0, 423.0
17, 319.0, 357.0
18, 311.0, 177.0
19, 164.0, 352.0
20, 285.0, 206.0
21, 199.0, 378.0
22, 138.0, 448.0
23, 301.0, 224.0
24, 323.0, 304.0
25, 315.0, 160.0
26, 307.0, 290.0
27, 100.0, 179.0
28, 716.0, 416.0
29, 188.0, 376.0
30, 536.0, 149.0
31, 528.0, 407.0
32, 188.0, 295.0
33, 493.0, 373.0
34, 603.0, 225.0
35, 301.0, 212.0
36, 184.0, 387.0
37, 338.0, 376.0
38, 256.0, 364.0
39, 525.0, 378.0
40, 658.0, 437.0
41, 612.0, 251.0
42, 490.0, 441.0
43, 298.0, 427.0
44, 518.0, 408.0
45, 475.0, 433.0
46, 513.0, 417.0
47, 476.0, 299.0
48, 202.0, 314.0
49, 356.0, 436.0
50, 530.0, 429.0
51, 625.0, 407.0
52, 177.0, 351.0
53, 340.0, 397.0
54, 238.0, 309.0
55, 253.0, 374.0
56, 471.0, 411.0
57, 140.0, 21.0
58, 40.0, 20.0
59, 306.0, 461.0
60, 494.0, 349.0
61, 437.0, 312.0
62, 466.0, 322.0
63, 376.0, 343.0
64, 295.0, 408.0
65, 232.0, 348.0
66, 460.0, 394.0
67, 665.0, 449.0
68, 708.0, 443.0
69, 176.0, 287.0
70, 203.0, 344.0
71, 663.0, 372.0
72, 550.0, 434.0
73, 323.0, 365.0
74, 367.0, 431.0
75, 165.0, 367.0
76, 512.0, 455.0
77, 248.0, 382.0
78, 536.0, 158.0
79, 342.0, 420.0
80, 290.0, 465.0
81, 153.0, 428.0
82, 360.0, 316.0
83, 444.0, 412.0
84, 736.0, 222.0
85, 392.0, 437.0
86, 284.0, 300.0
87, 613.0, 225.0
88, 504.0, 397.0
89, 339.0, 158.0
90, 482.0, 309.0
91, 193.0, 428.0
92, 328.0, 202.0
93, 185.0, 440.0
94, 390.0, 347.0
95, 342.0, 362.0
96, 705.0, 281.0
97, 331.0, 176.0
98, 419.0, 379.0
99, 410.0, 456.0
100, 435.0, 394.0
101, 145.0, 179.0
102, 591.0, 222.0
103, 529.0, 466.0
104, 337.0, 266.0
105, 554.0, 450.0
106, 574.0, 166.0
107, 155.0, 305.0
108, 243.0, 430.0
109, 141.0, 164.0
110, 256.0, 429.0
111, 246.0, 325.0
112, 111.0, 26.0
113, 387.0, 362.0
114, 159.0, 327.0
115, 389.0, 401.0
116, 268.0, 382.0
117, 581.0, 416.0
118, 291.0, 214.0
119, 42.0, 197.0
120, 556.0, 269.0
121, 155.0, 222.0
122, 162.0, 470.0
123, 405.0, 349.0
124, 493.0, 304.0
125, 234.0, 410.0
126, 204.0, 294.0
127, 336.0, 437.0
128, 443.0, 346.0
129, 496.0, 185.0
130, 533.0, 418.0
131, 330.0, 291.0
132, 448.0, 433.0
133, 475.0, 338.0
134, 205.0, 329.0
135, 330.0, 407.0
136, 129.0, 24.0
137, 234.0, 335.0
138, 213.0, 421.0
139, 535.0, 193.0
140, 676.0, 257.0
141, 262.0, 329.0
142, 367.0, 412.0
143, 360.0, 166.0
144, 138.0, 232.0
145, 190.0, 14.0
146, 296.0, 190.0
147, 316.0, 256.0
148, 573.0, 406.0
149, 280.0, 246.0
150, 230.0, 211.0
151, 228.0, 310.0
152, 329.0, 124.0
153, 273.0, 313.0
154, 355.0, 396.0
155, 165.0, 172.0
156, 315.0, 189.0
157, 193.0, 321.0
158, 520.0, 63.0
159, 661.0, 394.0
160, 488.0, 289.0
161, 341.0, 407.0
162, 466.0, 421.0
163, 515.0, 318.0
164, 640.0, 344.0
165, 367.0, 353.0
166, 501.0, 445.0
167, 317.0, 224.0
168, 527.0, 366.0
169, 461.0, 433.0
170, 436.0, 331.0
171, 115.0, 41.0
172, 735.0, 465.0
173, 397.0, 448.0
174, 204.0, 467.0
175, 306.0, 245.0
176, 56.0, 17.0
177, 294.0, 332.0
178, 735.0, 116.0
179, 316.0, 240.0
180, 426.0, 414.0
181, 346.0, 437.0
182, 356.0, 288.0
183, 636.0, 364.0
184, 354.0, 420.0
185, 216.0, 376.0
186, 238.0, 447.0
187, 700.0, 429.0
188, 117.0, 188.0
189, 172.0, 400.0
190, 230.0, 379.0
191, 603.0, 410.0
192, 498.0, 428.0
193, 63.0, 207.0
194, 332.0, 16.0
195, 186.0, 401.0
196, 557.0, 147.0
197, 573.0, 463.0
198, 259.0, 382.0
199, 96.0, 42.0
200, 313.0, 281.0
201, 359.0, 157.0
202, 321.0, 212.0
203, 360.0, 28.0
204, 742.0, 440.0
205, 634.0, 415.0
206, 292.0, 244.0
207, 537.0, 446.0
208, 606.0, 418.0
209, 324.0, 262.0
210, 537.0, 336.0
211, 200.0, 400.0
212, 559.0, 159.0
213, 283.0, 398.0
214, 558.0, 244.0
215, 465.0, 305.0
216, 23.0, 24.0
217, 491.0, 361.0
218, 499.0, 404.0
219, 491.0, 413.0
220, 209.0, 442.0
221, 154.0, 21.0
222, 670.0, 404.0
223, 154.0, 287.0
224, 455.0, 467.0
225, 321.0, 453.0
226, 317.0, 310.0
227, 95.0, 255.0
228, 326.0, 397.0
229, 648.0, 406.0
230, 57.0, 191.0
231, 639.0, 394.0
232, 315.0, 445.0
233, 369.0, 157.0
234, 284.0, 331.0
235, 650.0, 387.0
236, 457.0, 411.0
237, 378.0, 287.0
238, 473.0, 313.0
239, 462.0, 331.0
240, 584.0, 256.0
241, 202.0, 15.0
242, 680.0, 401.0
243, 481.0, 324.0
244, 318.0, 293.0
245, 121.0, 152.0
246, 739.0, 402.0
247, 431.0, 447.0
248, 366.0, 293.0
249, 664.0, 92.0
250, 719.0, 469.0
251, 61.0, 32.0
252, 591.0, 234.0
253, 278.0, 342.0
254, 363.0, 174.0
255, 284.0, 180.0
256, 355.0, 378.0
257, 417.0, 393.0
258, 133.0, 460.0
259, 115.0, 376.0
260, 171.0, 383.0
261, 355.0, 413.0
262, 204.0, 305.0
263, 44.0, 182.0
264, 496.0, 330.0
265, 413.0, 331.0
266, 185.0, 330.0
267, 621.0, 182.0
268, 79.0, 14.0
269, 670.0, 435.0
270, 408.0, 201.0
271, 362.0, 253.0
272, 236.0, 299.0
273, 381.0, 425.0
274, 243.0, 417.0
275, 275.0, 326.0
276, 540.0, 406.0
277, 236.0, 157.0
278, 514.0, 393.0
279, 368.0, 456.0
280, 375.0, 165.0
281, 505.0, 417.0
282, 323.0, 231.0
283, 648.0, 439.0
284, 47.0, 207.0
285, 106.0, 196.0
286, 380.0, 316.0
287, 235.0, 392.0
288, 693.0, 174.0
289, 227.0, 427.0
290, 183.0, 429.0
291, 564.0, 454.0
292, 243.0, 10.0
293, 214.0, 326.0
294, 436.0, 362.0
295, 686.0, 444.0
296, 244.0, 392.0
297, 604.0, 214.0
298, 394.0, 416.0
299, 504.0, 204.0
300, 645.0, 451.0
301, 380.0, 78.0
302, 457.0, 250.0
303, 133.0, 38.0
304, 294.0, 393.0
305, 533.0, 169.0
306, 573.0, 435.0
307, 270.0, 397.0
308, 229.0, 363.0
309, 406.0, 76.0
310, 145.0, 90.0
311, 320.0, 45.0
312, 140.0, 64.0
313, 306.0, 265.0
314, 694.0, 274.0
315, 328.0, 419.0
316, 44.0, 33.0
317, 276.0, 372.0
318, 68.0, 270.0
319, 407.0, 172.0
320, 258.0, 350.0
321, 574.0, 389.0
322, 294.0, 371.0
323, 553.0, 358.0
324, 661.0, 381.0
325, 522.0, 31.0
326, 626.0, 422.0
327, 595.0, 146.0
328, 314.0, 197.0
329, 383.0, 130.0
330, 198.0, 255.0
331, 533.0, 210.0
332, 409.0, 218.0
333, 118.0, 242.0
334, 516.0, 348.0
335, 349.0, 157.0
336, 302.0, 234.0
337, 447.0, 456.0
338, 136.0, 52.0
339, 223.0, 228.0
340, 378.0, 156.0
341, 538.0, 463.0
342, 121.0, 160.0
343, 492.0, 385.0
344, 243.0, 441.0
345, 206.0, 453.0
346, 259.0, 10.0
347, 469.0, 213.0
348, 384.0, 218.0
349, 546.0, 271.0
350, 575.0, 451.0
351, 551.0, 159.0
352, 251.0, 421.0
353, 334.0, 300.0
354, 514.0, 337.0
355, 362.0, 220.0
356, 397.0, 372.0
357, 407.0, 419.0
358, 430.0, 457.0
359, 428.0, 435.0
360, 470.0, 196.0
361, 503.0, 197.0
362, 533.0, 396.0
363, 250.0, 347.0
364, 360.0, 464.0
365, 666.0, 412.0
366, 348.0, 328.0
367, 489.0, 430.0
368, 593.0, 463.0
369, 313.0, 272.0
370, 208.0, 248.0
371, 361.0, 343.0
372, 174.0, 211.0
373, 517.0, 360.0
374, 679.0, 82.0
375, 524.0, 394.0
376, 244.0, 289.0
377, 307.0, 206.0
378, 257.0, 88.0
379, 413.0, 347.0
380, 536.0, 354.0
381, 185.0, 366.0
382, 310.0, 407.0
383, 193.0, 451.0
384, 225.0, 184.0
385, 265.0, 226.0
386, 379.0, 377.0
387, 581.0, 444.0
388, 375.0, 178.0
389, 120.0, 469.0
390, 17.0, 363.0
391, 283.0, 425.0
392, 733.0, 298.0
393, 617.0, 412.0
394, 78.0, 44.0
395, 298.0, 204.0
396, 701.0, 469.0
397, 639.0, 174.0
398, 636.0, 192.0
399, 10.0, 345.0
400, 285.0, 57.0
401, 414.0, 363.0
402, 576.0, 297.0
403, 486.0, 395.0
404, 673.0, 468.0
405, 511.0, 291.0
406, 731.0, 433.0
407, 189.0, 414.0
408, 480.0, 374.0
409, 561.0, 302.0
410, 544.0, 324.0
411, 521.0, 173.0
412, 290.0, 225.0
413, 263.0, 23.0
414, 524.0, 444.0
415, 382.0, 328.0
416, 368.0, 446.0
417, 558.0, 467.0
418, 347.0, 178.0
419, 292.0, 378.0
420, 298.0, 165.0
421, 219.0, 470.0
422, 220.0, 212.0
423, 709.0, 400.0
424, 495.0, 213.0
425, 195.0, 391.0
426, 237.0, 459.0
427, 180.0, 230.0
428, 691.0, 89.0
429, 609.0, 239.0
430, 594.0, 181.0
431, 216.0, 460.0
432, 344.0, 167.0
433, 513.0, 169.0
434, 130.0, 183.0
435, 169.0, 277.0
436, 406.0, 129.0
437, 288.0, 252.0
438, 60.0, 440.0
439, 256.0, 470.0
440, 128.0, 10.0
441, 112.0, 61.0
442, 512.0, 429.0
443, 207.0, 409.0
444, 320.0, 382.0
445, 366.0, 392.0
446, 665.0, 51.0
447, 300.0, 442.0
448, 374.0, 402.0
449, 276.0, 269.0
450, 733.0, 420.0
451, 208.0, 388.0
452, 296.0, 278.0
453, 35.0, 288.0
454, 342.0, 115.0
455, 83.0, 58.0
456, 203.0, 285.0
457, 344.0, 137.0
458, 273.0, 427.0
459, 411.0, 309.0
460, 409.0, 281.0
461, 598.0, 166.0
462, 331.0, 222.0
463, 664.0, 150.0
464, 106.0, 41.0
465, 652.0, 379.0
466, 305.0, 356.0
467, 717.0, 433.0
468, 587.0, 171.0
469, 540.0, 289.0
470, 616.0, 203.0
471, 345.0, 455.0
472, 346.0, 383.0
473, 572.0, 424.0
474, 540.0, 437.0
475, 262.0, 413.0
476, 273.0, 135.0
477, 136.0, 305.0
478, 295.0, 448.0
479, 203.0, 44.0
480, 343.0, 305.0
481, 610.0, 444.0
482, 154.0, 442.0
483, 403.0, 8.0
484, 209.0, 337.0
485, 82.0, 29.0
486, 364.0, 331.0
487, 430.0, 321.0
488, 407.0, 363.0
489, 572.0, 148.0
490, 699.0, 244.0
491, 494.0, 312.0
492, 225.0, 246.0
493, 623.0, 237.0
494, 314.0, 325.0
495, 384.0, 173.0
496, 239.0, 216.0
497, 670.0, 182.0
498, 406.0, 141.0
499, 146.0, 343.0
