0, 86.0, 163.0
1, 163.0, 95.0
2, 318.0, 82.0
3, 146.0, 109.0
4, 325.0, 125.0
5, 62.0, 112.0
6, 530.0, 343.0
7, 103.0, 173.0
8, 455.0, 154.0
9, 388.0, 435.0
10, 172.0, 406.0
11, 575.0, 468.0
12, 315.0, 405.0
13, 253.0, 88.0
14, 266.0, 119.0
15, 58.0, 87.0
16, 605.0, 168.0
17, 253.0, 103.0
18, 316.0, 72.0
19, 595.0, 434.0
20, 220.0, 129.0
21, 573.0, 54.0
22, 78.0, 89.0
23, 389.0, 131.0
24, 112.0, 106.0
25, 266.0, 104.0
26, 206.0, 83.0
27, 156.0, 174.0
28, 81.0, 102.0
29, 163.0, 110.0
30, 335.0, 74.0
31, 527.0, 162.0
32, 218.0, 115.0
33, 82.0, 115.0
34, 187.0, 126.0
35, 473.0, 70.0
36, 455.0, 86.0
37, 381.0, 86.0
38, 575.0, 43.0
39, 621.0, 103.0
40, 360.0, 321.0
41, 221.0, 145.0
42, 115.0, 163.0
43, 145.0, 95.0
44, 142.0, 79.0
45, 267.0, 135.0
46, 305.0, 443.0
47, 236.0, 132.0
48, 197.0, 98.0
49, 60.0, 100.0
50, 479.0, 298.0
51, 507.0, 89.0
52, 20.0, 164.0
53, 38.0, 71.0
54, 186.0, 112.0
55, 530.0, 145.0
56, 253.0, 132.0
57, 113.0, 120.0
58, 701.0, 140.0
59, 55.0, 72.0
60, 449.0, 447.0
61, 696.0, 159.0
62, 446.0, 462.0
63, 163.0, 124.0
64, 237.0, 102.0
65, 23.0, 84.0
66, 156.0, 165.0
67, 124.0, 154.0
68, 539.0, 282.0
69, 691.0, 175.0
70, 201.0, 27.0
71, 253.0, 118.0
72, 362.0, 289.0
73, 274.0, 77.0
74, 76.0, 74.0
75, 454.0, 104.0
76, 348.0, 84.0
77, 590.0, 101.0
78, 40.0, 85.0
79, 110.0, 91.0
80, 614.0, 133.0
81, 408.0, 432.0
82, 227.0, 189.0
83, 498.0, 72.0
84, 317.0, 41.0
85, 593.0, 471.0
86, 40.0, 153.0
87, 279.0, 89.0
88, 621.0, 187.0
89, 237.0, 146.0
90, 608.0, 152.0
91, 210.0, 99.0
92, 506.0, 470.0
93, 287.0, 248.0
94, 186.0, 187.0
95, 457.0, 137.0
96, 280.0, 104.0
97, 366.0, 217.0
98, 520.0, 86.0
99, 208.0, 114.0
100, 56.0, 137.0
101, 432.0, 80.0
102, 38.0, 185.0
103, 161.0, 80.0
104, 475.0, 26.0
105, 91.0, 174.0
106, 63.0, 149.0
107, 108.0, 78.0
108, 360.0, 96.0
109, 395.0, 77.0
110, 589.0, 55.0
111, 26.0, 110.0
112, 606.0, 290.0
113, 693.0, 266.0
114, 30.0, 42.0
115, 293.0, 114.0
116, 472.0, 84.0
117, 325.0, 108.0
118, 591.0, 44.0
119, 356.0, 381.0
120, 648.0, 297.0
121, 645.0, 257.0
122, 335.0, 62.0
123, 175.0, 80.0
124, 281.0, 20.0
125, 596.0, 77.0
126, 559.0, 113.0
127, 184.0, 97.0
128, 260.0, 75.0
129, 535.0, 125.0
130, 140.0, 49.0
131, 46.0, 125.0
132, 229.0, 465.0
133, 362.0, 254.0
134, 163.0, 189.0
135, 648.0, 136.0
136, 179.0, 35.0
137, 517.0, 340.0
138, 143.0, 177.0
139, 432.0, 103.0
140, 353.0, 23.0
141, 407.0, 213.0
142, 702.0, 424.0
143, 147.0, 123.0
144, 406.0, 443.0
145, 302.0, 155.0
146, 173.0, 466.0
147, 287.0, 208.0
148, 180.0, 442.0
149, 587.0, 298.0
150, 485.0, 80.0
151, 644.0, 155.0
152, 716.0, 440.0
153, 428.0, 235.0
154, 291.0, 382.0
155, 247.0, 434.0
156, 449.0, 229.0
157, 626.0, 78.0
158, 572.0, 64.0
159, 488.0, 71.0
160, 440.0, 303.0
161, 239.0, 380.0
162, 554.0, 161.0
163, 317.0, 93.0
164, 493.0, 94.0
165, 260.0, 352.0
166, 509.0, 122.0
167, 505.0, 97.0
168, 286.0, 161.0
169, 26.0, 95.0
170, 241.0, 341.0
171, 325.0, 137.0
172, 438.0, 336.0
173, 392.0, 229.0
174, 114.0, 46.0
175, 565.0, 95.0
176, 733.0, 105.0
177, 644.0, 104.0
178, 223.0, 161.0
179, 310.0, 420.0
180, 535.0, 180.0
181, 234.0, 163.0
182, 187.0, 82.0
183, 514.0, 461.0
184, 718.0, 391.0
185, 561.0, 463.0
186, 327.0, 391.0
187, 171.0, 48.0
188, 222.0, 402.0
189, 375.0, 355.0
190, 674.0, 34.0
191, 177.0, 176.0
192, 593.0, 264.0
193, 522.0, 74.0
194, 199.0, 226.0
195, 238.0, 117.0
196, 273.0, 255.0
197, 345.0, 337.0
198, 732.0, 74.0
199, 225.0, 55.0
200, 434.0, 450.0
201, 209.0, 128.0
202, 171.0, 439.0
203, 51.0, 44.0
204, 514.0, 449.0
205, 457.0, 239.0
206, 286.0, 319.0
207, 117.0, 184.0
208, 86.0, 148.0
209, 584.0, 63.0
210, 271.0, 338.0
211, 169.0, 153.0
212, 260.0, 308.0
213, 437.0, 65.0
214, 735.0, 63.0
215, 389.0, 98.0
216, 638.0, 170.0
217, 135.0, 255.0
218, 241.0, 326.0
219, 603.0, 404.0
220, 586.0, 263.0
221, 708.0, 121.0
222, 390.0, 122.0
223, 519.0, 352.0
224, 241.0, 203.0
225, 450.0, 375.0
226, 264.0, 458.0
227, 204.0, 45.0
228, 278.0, 58.0
229, 139.0, 163.0
230, 720.0, 179.0
231, 53.0, 61.0
232, 465.0, 87.0
233, 284.0, 300.0
234, 441.0, 48.0
235, 395.0, 25.0
236, 624.0, 208.0
237, 255.0, 19.0
238, 361.0, 176.0
239, 70.0, 46.0
240, 18.0, 178.0
241, 213.0, 36.0
242, 469.0, 96.0
243, 685.0, 455.0
244, 230.0, 117.0
245, 72.0, 130.0
246, 528.0, 32.0
247, 537.0, 109.0
248, 305.0, 464.0
249, 275.0, 169.0
250, 256.0, 217.0
251, 541.0, 243.0
252, 388.0, 147.0
253, 112.0, 152.0
254, 351.0, 62.0
255, 738.0, 52.0
256, 382.0, 330.0
257, 216.0, 18.0
258, 590.0, 33.0
259, 204.0, 35.0
260, 519.0, 196.0
261, 48.0, 297.0
262, 170.0, 16.0
263, 557.0, 445.0
264, 198.0, 113.0
265, 721.0, 84.0
266, 76.0, 147.0
267, 258.0, 56.0
268, 197.0, 436.0
269, 570.0, 75.0
270, 451.0, 267.0
271, 291.0, 97.0
272, 439.0, 28.0
273, 26.0, 11.0
274, 510.0, 73.0
275, 20.0, 70.0
276, 275.0, 441.0
277, 315.0, 56.0
278, 65.0, 13.0
279, 484.0, 96.0
280, 237.0, 89.0
281, 655.0, 76.0
282, 18.0, 202.0
283, 196.0, 165.0
284, 385.0, 162.0
285, 266.0, 261.0
286, 610.0, 207.0
287, 283.0, 231.0
288, 212.0, 161.0
289, 214.0, 46.0
290, 187.0, 416.0
291, 412.0, 232.0
292, 214.0, 370.0
293, 43.0, 101.0
294, 509.0, 109.0
295, 233.0, 212.0
296, 316.0, 26.0
297, 111.0, 18.0
298, 204.0, 54.0
299, 658.0, 118.0
300, 737.0, 115.0
301, 159.0, 434.0
302, 388.0, 65.0
303, 26.0, 16.0
304, 45.0, 10.0
305, 550.0, 459.0
306, 399.0, 288.0
307, 578.0, 201.0
308, 516.0, 108.0
309, 291.0, 402.0
310, 184.0, 411.0
311, 424.0, 414.0
312, 201.0, 157.0
313, 72.0, 63.0
314, 175.0, 26.0
315, 528.0, 363.0
316, 17.0, 145.0
317, 286.0, 275.0
318, 388.0, 112.0
319, 728.0, 115.0
320, 238.0, 176.0
321, 226.0, 73.0
322, 67.0, 129.0
323, 258.0, 293.0
324, 301.0, 459.0
325, 461.0, 69.0
326, 731.0, 456.0
327, 533.0, 171.0
328, 247.0, 292.0
329, 517.0, 385.0
330, 445.0, 452.0
331, 532.0, 319.0
332, 438.0, 238.0
333, 667.0, 95.0
334, 154.0, 8.0
335, 261.0, 414.0
336, 247.0, 277.0
337, 327.0, 83.0
338, 710.0, 390.0
339, 462.0, 104.0
340, 435.0, 48.0
341, 345.0, 160.0
342, 43.0, 110.0
343, 730.0, 355.0
344, 307.0, 453.0
345, 426.0, 370.0
346, 572.0, 31.0
347, 506.0, 142.0
348, 341.0, 145.0
349, 532.0, 134.0
350, 546.0, 243.0
351, 651.0, 118.0
352, 699.0, 267.0
353, 296.0, 298.0
354, 174.0, 154.0
355, 110.0, 31.0
356, 522.0, 186.0
357, 446.0, 304.0
358, 402.0, 409.0
359, 229.0, 161.0
360, 386.0, 152.0
361, 395.0, 66.0
362, 282.0, 120.0
363, 301.0, 106.0
364, 623.0, 174.0
365, 389.0, 60.0
366, 697.0, 203.0
367, 477.0, 8.0
368, 240.0, 293.0
369, 434.0, 404.0
370, 340.0, 357.0
371, 146.0, 151.0
372, 281.0, 168.0
373, 658.0, 407.0
374, 718.0, 320.0
375, 26.0, 147.0
376, 326.0, 147.0
377, 443.0, 471.0
378, 616.0, 371.0
379, 302.0, 115.0
380, 674.0, 375.0
381, 53.0, 295.0
382, 350.0, 362.0
383, 715.0, 202.0
384, 522.0, 179.0
385, 396.0, 257.0
386, 162.0, 419.0
387, 509.0, 359.0
388, 580.0, 35.0
389, 130.0, 258.0
390, 551.0, 295.0
391, 410.0, 257.0
392, 619.0, 32.0
393, 566.0, 385.0
394, 437.0, 417.0
395, 316.0, 51.0
396, 215.0, 174.0
397, 212.0, 182.0
398, 360.0, 352.0
399, 27.0, 28.0
400, 613.0, 198.0
401, 491.0, 397.0
402, 59.0, 192.0
403, 366.0, 389.0
404, 660.0, 76.0
405, 342.0, 140.0
406, 473.0, 242.0
407, 13.0, 203.0
408, 153.0, 14.0
409, 317.0, 31.0
410, 255.0, 314.0
411, 740.0, 63.0
412, 507.0, 415.0
413, 295.0, 136.0
414, 743.0, 53.0
415, 487.0, 268.0
416, 212.0, 27.0
417, 523.0, 32.0
418, 404.0, 368.0
419, 26.0, 21.0
420, 564.0, 392.0
421, 353.0, 57.0
422, 241.0, 288.0
423, 442.0, 38.0
424, 341.0, 352.0
425, 615.0, 206.0
426, 407.0, 340.0
427, 361.0, 128.0
428, 443.0, 281.0
429, 416.0, 356.0
430, 335.0, 160.0
431, 276.0, 435.0
432, 440.0, 441.0
433, 487.0, 428.0
434, 20.0, 133.0
435, 117.0, 147.0
436, 317.0, 61.0
437, 569.0, 200.0
438, 397.0, 408.0
439, 211.0, 19.0
440, 395.0, 336.0
441, 740.0, 105.0
442, 451.0, 403.0
443, 220.0, 94.0
444, 628.0, 170.0
445, 716.0, 99.0
446, 250.0, 318.0
447, 92.0, 186.0
448, 693.0, 215.0
449, 533.0, 262.0
450, 462.0, 118.0
451, 14.0, 187.0
452, 175.0, 183.0
453, 29.0, 399.0
454, 8.0, 204.0
455, 370.0, 372.0
456, 442.0, 23.0
457, 158.0, 52.0
458, 584.0, 451.0
459, 26.0, 100.0
460, 298.0, 167.0
461, 8.0, 11.0
462, 552.0, 443.0
463, 108.0, 145.0
464, 273.0, 368.0
465, 627.0, 337.0
466, 459.0, 127.0
467, 548.0, 164.0
468, 371.0, 96.0
469, 288.0, 195.0
470, 585.0, 34.0
471, 435.0, 459.0
472, 524.0, 353.0
473, 429.0, 415.0
474, 515.0, 73.0
475, 200.0, 431.0
476, 140.0, 255.0
477, 278.0, 467.0
478, 240.0, 298.0
479, 380.0, 161.0
480, 199.0, 127.0
481, 445.0, 375.0
482, 43.0, 299.0
483, 663.0, 216.0
484, 454.0, 229.0
485, 446.0, 264.0
486, 35.0, 60.0
487, 54.0, 191.0
488, 650.0, 80.0
489, 273.0, 392.0
490, 340.0, 269.0
491, 667.0, 80.0
492, 18.0, 140.0
493, 443.0, 447.0
494, 295.0, 463.0
495, 365.0, 399.0
496, 251.0, 362.0
497, 177.0, 418.0
498, 529.0, 469.0
499, 64.0, 8.0
