0, 294.0, 218.0
1, 176.0, 132.0
2, 152.0, 138.0
3, 136.0, 331.0
4, 125.0, 345.0
5, 285.0, 146.0
6, 530.0, 343.0
7, 522.0, 11.0
8, 622.0, 133.0
9, 227.0, 146.0
10, 531.0, 73.0
11, 608.0, 130.0
12, 167.0, 149.0
13, 398.0, 172.0
14, 227.0, 323.0
15, 536.0, 153.0
16, 202.0, 93.0
17, 476.0, 129.0
18, 351.0, 134.0
19, 479.0, 113.0
20, 460.0, 159.0
21, 641.0, 136.0
22, 101.0, 336.0
23, 224.0, 128.0
24, 113.0, 330.0
25, 472.0, 159.0
26, 475.0, 139.0
27, 169.0, 98.0
28, 165.0, 135.0
29, 447.0, 177.0
30, 456.0, 128.0
31, 41.0, 19.0
32, 314.0, 388.0
33, 384.0, 261.0
34, 680.0, 126.0
35, 206.0, 122.0
36, 606.0, 265.0
37, 453.0, 140.0
38, 286.0, 217.0
39, 363.0, 181.0
40, 372.0, 182.0
41, 179.0, 149.0
42, 159.0, 100.0
43, 606.0, 12.0
44, 730.0, 142.0
45, 559.0, 42.0
46, 357.0, 315.0
47, 443.0, 150.0
48, 549.0, 84.0
49, 355.0, 332.0
50, 490.0, 141.0
51, 506.0, 141.0
52, 419.0, 119.0
53, 197.0, 126.0
54, 587.0, 12.0
55, 312.0, 110.0
56, 137.0, 142.0
57, 292.0, 132.0
58, 563.0, 12.0
59, 467.0, 223.0
60, 501.0, 113.0
61, 126.0, 89.0
62, 415.0, 431.0
63, 304.0, 238.0
64, 317.0, 150.0
65, 187.0, 128.0
66, 437.0, 177.0
67, 92.0, 145.0
68, 171.0, 203.0
69, 368.0, 45.0
70, 446.0, 253.0
71, 495.0, 188.0
72, 435.0, 93.0
73, 217.0, 152.0
74, 235.0, 145.0
75, 169.0, 85.0
76, 190.0, 150.0
77, 483.0, 425.0
78, 296.0, 174.0
79, 180.0, 85.0
80, 302.0, 227.0
81, 183.0, 97.0
82, 649.0, 13.0
83, 409.0, 405.0
84, 291.0, 109.0
85, 250.0, 129.0
86, 366.0, 136.0
87, 310.0, 404.0
88, 455.0, 92.0
89, 352.0, 44.0
90, 129.0, 157.0
91, 315.0, 226.0
92, 456.0, 187.0
93, 487.0, 168.0
94, 605.0, 68.0
95, 42.0, 340.0
96, 220.0, 119.0
97, 30.0, 142.0
98, 620.0, 105.0
99, 56.0, 143.0
100, 433.0, 124.0
101, 32.0, 341.0
102, 290.0, 247.0
103, 386.0, 135.0
104, 699.0, 269.0
105, 426.0, 164.0
106, 310.0, 211.0
107, 251.0, 145.0
108, 200.0, 151.0
109, 519.0, 170.0
110, 71.0, 333.0
111, 581.0, 59.0
112, 524.0, 334.0
113, 533.0, 41.0
114, 692.0, 86.0
115, 18.0, 97.0
116, 190.0, 205.0
117, 406.0, 182.0
118, 587.0, 42.0
119, 403.0, 135.0
120, 471.0, 374.0
121, 593.0, 68.0
122, 743.0, 113.0
123, 339.0, 97.0
124, 532.0, 171.0
125, 523.0, 145.0
126, 201.0, 83.0
127, 309.0, 329.0
128, 606.0, 82.0
129, 236.0, 312.0
130, 405.0, 336.0
131, 268.0, 235.0
132, 401.0, 388.0
133, 310.0, 251.0
134, 500.0, 131.0
135, 448.0, 339.0
136, 276.0, 131.0
137, 149.0, 332.0
138, 16.0, 344.0
139, 501.0, 168.0
140, 394.0, 319.0
141, 190.0, 216.0
142, 554.0, 61.0
143, 209.0, 17.0
144, 13.0, 149.0
145, 308.0, 11.0
146, 47.0, 323.0
147, 71.0, 53.0
148, 165.0, 351.0
149, 612.0, 58.0
150, 272.0, 214.0
151, 113.0, 146.0
152, 113.0, 214.0
153, 37.0, 196.0
154, 519.0, 82.0
155, 43.0, 94.0
156, 145.0, 325.0
157, 308.0, 33.0
158, 176.0, 340.0
159, 552.0, 122.0
160, 192.0, 80.0
161, 330.0, 235.0
162, 615.0, 44.0
163, 8.0, 36.0
164, 147.0, 348.0
165, 576.0, 80.0
166, 523.0, 58.0
167, 176.0, 326.0
168, 91.0, 57.0
169, 198.0, 333.0
170, 230.0, 351.0
171, 393.0, 161.0
172, 299.0, 87.0
173, 36.0, 321.0
174, 256.0, 212.0
175, 309.0, 431.0
176, 353.0, 89.0
177, 243.0, 416.0
178, 492.0, 427.0
179, 204.0, 358.0
180, 421.0, 129.0
181, 732.0, 255.0
182, 384.0, 318.0
183, 313.0, 238.0
184, 98.0, 89.0
185, 139.0, 82.0
186, 257.0, 404.0
187, 540.0, 117.0
188, 534.0, 58.0
189, 261.0, 434.0
190, 492.0, 109.0
191, 146.0, 156.0
192, 637.0, 270.0
193, 78.0, 90.0
194, 302.0, 130.0
195, 330.0, 133.0
196, 157.0, 85.0
197, 315.0, 95.0
198, 136.0, 204.0
199, 503.0, 399.0
200, 406.0, 247.0
201, 293.0, 237.0
202, 23.0, 152.0
203, 426.0, 139.0
204, 217.0, 77.0
205, 311.0, 84.0
206, 256.0, 332.0
207, 352.0, 96.0
208, 380.0, 433.0
209, 242.0, 221.0
210, 273.0, 441.0
211, 182.0, 10.0
212, 82.0, 373.0
213, 352.0, 61.0
214, 514.0, 427.0
215, 219.0, 337.0
216, 737.0, 279.0
217, 432.0, 427.0
218, 272.0, 154.0
219, 709.0, 463.0
220, 435.0, 45.0
221, 330.0, 88.0
222, 606.0, 425.0
223, 303.0, 152.0
224, 22.0, 68.0
225, 300.0, 107.0
226, 293.0, 461.0
227, 207.0, 133.0
228, 495.0, 175.0
229, 364.0, 167.0
230, 367.0, 89.0
231, 90.0, 331.0
232, 352.0, 159.0
233, 13.0, 75.0
234, 378.0, 392.0
235, 442.0, 88.0
236, 456.0, 223.0
237, 44.0, 275.0
238, 29.0, 62.0
239, 226.0, 179.0
240, 276.0, 235.0
241, 452.0, 152.0
242, 410.0, 92.0
243, 250.0, 208.0
244, 324.0, 403.0
245, 261.0, 220.0
246, 430.0, 17.0
247, 512.0, 177.0
248, 130.0, 223.0
249, 36.0, 51.0
250, 361.0, 377.0
251, 273.0, 432.0
252, 351.0, 402.0
253, 156.0, 234.0
254, 366.0, 124.0
255, 269.0, 220.0
256, 495.0, 443.0
257, 360.0, 357.0
258, 456.0, 111.0
259, 236.0, 179.0
260, 201.0, 8.0
261, 556.0, 52.0
262, 194.0, 171.0
263, 426.0, 257.0
264, 249.0, 340.0
265, 59.0, 334.0
266, 576.0, 458.0
267, 514.0, 112.0
268, 37.0, 151.0
269, 390.0, 336.0
270, 158.0, 343.0
271, 103.0, 197.0
272, 509.0, 437.0
273, 503.0, 18.0
274, 527.0, 402.0
275, 160.0, 398.0
276, 218.0, 91.0
277, 464.0, 169.0
278, 340.0, 393.0
279, 247.0, 242.0
280, 64.0, 215.0
281, 107.0, 225.0
282, 151.0, 412.0
283, 444.0, 166.0
284, 17.0, 329.0
285, 343.0, 331.0
286, 516.0, 228.0
287, 435.0, 339.0
288, 379.0, 413.0
289, 147.0, 213.0
290, 152.0, 149.0
291, 443.0, 385.0
292, 258.0, 327.0
293, 392.0, 251.0
294, 203.0, 300.0
295, 728.0, 363.0
296, 620.0, 92.0
297, 47.0, 194.0
298, 336.0, 134.0
299, 410.0, 100.0
300, 466.0, 128.0
301, 177.0, 77.0
302, 180.0, 220.0
303, 34.0, 413.0
304, 490.0, 149.0
305, 441.0, 101.0
306, 118.0, 236.0
307, 378.0, 405.0
308, 372.0, 334.0
309, 502.0, 342.0
310, 31.0, 328.0
311, 160.0, 168.0
312, 233.0, 361.0
313, 558.0, 408.0
314, 443.0, 272.0
315, 413.0, 256.0
316, 446.0, 185.0
317, 50.0, 28.0
318, 233.0, 153.0
319, 281.0, 208.0
320, 358.0, 302.0
321, 108.0, 211.0
322, 375.0, 317.0
323, 386.0, 366.0
324, 252.0, 77.0
325, 451.0, 110.0
326, 481.0, 349.0
327, 131.0, 114.0
328, 94.0, 81.0
329, 44.0, 49.0
330, 503.0, 13.0
331, 618.0, 392.0
332, 432.0, 404.0
333, 409.0, 25.0
334, 308.0, 226.0
335, 470.0, 363.0
336, 571.0, 259.0
337, 198.0, 419.0
338, 391.0, 368.0
339, 8.0, 413.0
340, 351.0, 397.0
341, 166.0, 230.0
342, 52.0, 448.0
343, 74.0, 424.0
344, 685.0, 358.0
345, 524.0, 170.0
346, 210.0, 343.0
347, 415.0, 321.0
348, 405.0, 108.0
349, 294.0, 209.0
350, 232.0, 433.0
351, 492.0, 195.0
352, 636.0, 427.0
353, 141.0, 155.0
354, 302.0, 147.0
355, 44.0, 153.0
356, 561.0, 448.0
357, 430.0, 416.0
358, 366.0, 387.0
359, 82.0, 233.0
360, 162.0, 120.0
361, 205.0, 435.0
362, 340.0, 402.0
363, 74.0, 206.0
364, 81.0, 444.0
365, 397.0, 50.0
366, 516.0, 120.0
367, 172.0, 357.0
368, 224.0, 334.0
369, 247.0, 222.0
370, 193.0, 8.0
371, 503.0, 23.0
372, 434.0, 323.0
373, 217.0, 141.0
374, 640.0, 55.0
375, 472.0, 440.0
376, 607.0, 58.0
377, 56.0, 318.0
378, 730.0, 88.0
379, 147.0, 169.0
380, 267.0, 207.0
381, 180.0, 298.0
382, 41.0, 321.0
383, 547.0, 119.0
384, 11.0, 378.0
385, 61.0, 317.0
386, 284.0, 461.0
387, 396.0, 373.0
388, 363.0, 372.0
389, 577.0, 75.0
390, 288.0, 431.0
391, 60.0, 82.0
392, 76.0, 225.0
393, 218.0, 285.0
394, 314.0, 463.0
395, 209.0, 12.0
396, 287.0, 42.0
397, 296.0, 432.0
398, 488.0, 314.0
399, 648.0, 263.0
400, 388.0, 404.0
401, 168.0, 216.0
402, 487.0, 112.0
403, 327.0, 54.0
404, 567.0, 353.0
405, 522.0, 189.0
406, 237.0, 469.0
407, 491.0, 257.0
408, 190.0, 434.0
409, 461.0, 384.0
410, 76.0, 145.0
411, 380.0, 335.0
412, 306.0, 419.0
413, 261.0, 128.0
414, 367.0, 71.0
415, 130.0, 109.0
416, 598.0, 257.0
417, 156.0, 324.0
418, 447.0, 120.0
419, 103.0, 167.0
420, 307.0, 338.0
421, 592.0, 83.0
422, 352.0, 117.0
423, 366.0, 341.0
424, 690.0, 359.0
425, 613.0, 232.0
426, 185.0, 431.0
427, 520.0, 72.0
428, 516.0, 342.0
429, 303.0, 389.0
430, 320.0, 132.0
431, 177.0, 228.0
432, 301.0, 411.0
433, 187.0, 82.0
434, 256.0, 119.0
435, 239.0, 305.0
436, 583.0, 69.0
437, 407.0, 350.0
438, 175.0, 175.0
439, 502.0, 150.0
440, 416.0, 137.0
441, 438.0, 464.0
442, 415.0, 417.0
443, 160.0, 213.0
444, 198.0, 37.0
445, 78.0, 361.0
446, 337.0, 157.0
447, 217.0, 206.0
448, 25.0, 40.0
449, 551.0, 385.0
450, 204.0, 333.0
451, 736.0, 156.0
452, 385.0, 378.0
453, 373.0, 404.0
454, 627.0, 405.0
455, 374.0, 258.0
456, 109.0, 452.0
457, 504.0, 8.0
458, 481.0, 460.0
459, 125.0, 224.0
460, 396.0, 422.0
461, 391.0, 462.0
462, 340.0, 429.0
463, 164.0, 79.0
464, 252.0, 257.0
465, 51.0, 217.0
466, 48.0, 457.0
467, 421.0, 136.0
468, 366.0, 63.0
469, 383.0, 405.0
470, 256.0, 388.0
471, 325.0, 132.0
472, 340.0, 86.0
473, 341.0, 381.0
474, 351.0, 24.0
475, 164.0, 332.0
476, 416.0, 337.0
477, 365.0, 159.0
478, 9.0, 60.0
479, 327.0, 96.0
480, 244.0, 436.0
481, 405.0, 468.0
482, 105.0, 352.0
483, 34.0, 56.0
484, 482.0, 399.0
485, 350.0, 387.0
486, 231.0, 179.0
487, 86.0, 118.0
488, 290.0, 259.0
489, 341.0, 14.0
490, 265.0, 421.0
491, 117.0, 370.0
492, 350.0, 392.0
493, 365.0, 445.0
494, 389.0, 318.0
495, 237.0, 109.0
496, 669.0, 454.0
497, 108.0, 146.0
498, 438.0, 271.0
499, 442.0, 219.0
