0, 483.0, 107.0
1, 461.0, 108.0
2, 507.0, 354.0
3, 474.0, 107.0
4, 554.0, 164.0
5, 607.0, 367.0
6, 362.0, 48.0
7, 510.0, 294.0
8, 554.0, 224.0
9, 322.0, 173.0
10, 275.0, 174.0
11, 197.0, 270.0
12, 462.0, 301.0
13, 691.0, 273.0
14, 248.0, 175.0
15, 479.0, 224.0
16, 198.0, 161.0
17, 199.0, 317.0
18, 82.0, 286.0
19, 222.0, 160.0
20, 257.0, 158.0
21, 648.0, 161.0
22, 662.0, 262.0
23, 249.0, 190.0
24, 301.0, 224.0
25, 283.0, 402.0
26, 143.0, 162.0
27, 277.0, 189.0
28, 413.0, 436.0
29, 224.0, 175.0
30, 66.0, 60.0
31, 612.0, 91.0
32, 256.0, 141.0
33, 679.0, 276.0
34, 624.0, 113.0
35, 55.0, 299.0
36, 641.0, 447.0
37, 392.0, 169.0
38, 707.0, 430.0
39, 245.0, 159.0
40, 633.0, 81.0
41, 461.0, 314.0
42, 168.0, 425.0
43, 73.0, 104.0
44, 370.0, 188.0
45, 104.0, 301.0
46, 169.0, 217.0
47, 665.0, 346.0
48, 180.0, 374.0
49, 523.0, 249.0
50, 503.0, 234.0
51, 129.0, 163.0
52, 170.0, 377.0
53, 264.0, 189.0
54, 547.0, 413.0
55, 269.0, 128.0
56, 132.0, 234.0
57, 413.0, 397.0
58, 462.0, 94.0
59, 320.0, 267.0
60, 320.0, 155.0
61, 203.0, 192.0
62, 323.0, 190.0
63, 661.0, 413.0
64, 243.0, 141.0
65, 646.0, 284.0
66, 391.0, 151.0
67, 149.0, 192.0
68, 500.0, 271.0
69, 318.0, 246.0
70, 588.0, 101.0
71, 495.0, 316.0
72, 137.0, 58.0
73, 666.0, 274.0
74, 623.0, 351.0
75, 148.0, 401.0
76, 442.0, 178.0
77, 481.0, 431.0
78, 381.0, 305.0
79, 283.0, 225.0
80, 196.0, 144.0
81, 555.0, 151.0
82, 338.0, 312.0
83, 392.0, 187.0
84, 135.0, 192.0
85, 300.0, 397.0
86, 391.0, 133.0
87, 581.0, 174.0
88, 425.0, 437.0
89, 160.0, 444.0
90, 521.0, 356.0
91, 492.0, 334.0
92, 414.0, 378.0
93, 319.0, 138.0
94, 483.0, 93.0
95, 338.0, 224.0
96, 318.0, 234.0
97, 152.0, 413.0
98, 552.0, 184.0
99, 457.0, 148.0
100, 642.0, 402.0
101, 411.0, 14.0
102, 442.0, 187.0
103, 589.0, 60.0
104, 427.0, 408.0
105, 286.0, 296.0
106, 140.0, 220.0
107, 429.0, 379.0
108, 446.0, 299.0
109, 424.0, 224.0
110, 670.0, 427.0
111, 137.0, 361.0
112, 200.0, 18.0
113, 734.0, 93.0
114, 116.0, 226.0
115, 462.0, 121.0
116, 646.0, 175.0
117, 317.0, 126.0
118, 435.0, 315.0
119, 661.0, 151.0
120, 643.0, 385.0
121, 353.0, 313.0
122, 621.0, 322.0
123, 339.0, 370.0
124, 698.0, 413.0
125, 402.0, 397.0
126, 273.0, 157.0
127, 712.0, 193.0
128, 169.0, 226.0
129, 582.0, 346.0
130, 322.0, 415.0
131, 502.0, 247.0
132, 311.0, 54.0
133, 638.0, 315.0
134, 371.0, 152.0
135, 139.0, 387.0
136, 702.0, 50.0
137, 194.0, 381.0
138, 742.0, 456.0
139, 81.0, 123.0
140, 564.0, 103.0
141, 509.0, 372.0
142, 162.0, 341.0
143, 71.0, 86.0
144, 172.0, 243.0
145, 520.0, 271.0
146, 139.0, 208.0
147, 411.0, 240.0
148, 621.0, 262.0
149, 574.0, 218.0
150, 539.0, 388.0
151, 120.0, 182.0
152, 712.0, 412.0
153, 443.0, 244.0
154, 634.0, 99.0
155, 204.0, 240.0
156, 638.0, 260.0
157, 208.0, 73.0
158, 705.0, 37.0
159, 459.0, 60.0
160, 270.0, 299.0
161, 460.0, 72.0
162, 453.0, 234.0
163, 388.0, 386.0
164, 204.0, 229.0
165, 691.0, 287.0
166, 712.0, 207.0
167, 674.0, 403.0
168, 48.0, 58.0
169, 625.0, 218.0
170, 132.0, 178.0
171, 113.0, 398.0
172, 142.0, 269.0
173, 520.0, 66.0
174, 226.0, 192.0
175, 575.0, 282.0
176, 516.0, 305.0
177, 276.0, 251.0
178, 659.0, 285.0
179, 360.0, 268.0
180, 508.0, 167.0
181, 155.0, 60.0
182, 507.0, 203.0
183, 518.0, 234.0
184, 411.0, 471.0
185, 462.0, 258.0
186, 202.0, 175.0
187, 718.0, 442.0
188, 687.0, 174.0
189, 707.0, 175.0
190, 309.0, 341.0
191, 609.0, 106.0
192, 369.0, 38.0
193, 720.0, 150.0
194, 448.0, 328.0
195, 141.0, 80.0
196, 500.0, 305.0
197, 426.0, 307.0
198, 477.0, 272.0
199, 330.0, 253.0
200, 466.0, 368.0
201, 589.0, 384.0
202, 116.0, 272.0
203, 738.0, 217.0
204, 651.0, 414.0
205, 392.0, 306.0
206, 512.0, 317.0
207, 446.0, 308.0
208, 277.0, 352.0
209, 413.0, 51.0
210, 61.0, 327.0
211, 372.0, 171.0
212, 256.0, 11.0
213, 519.0, 77.0
214, 180.0, 409.0
215, 219.0, 143.0
216, 485.0, 204.0
217, 478.0, 399.0
218, 96.0, 424.0
219, 368.0, 424.0
220, 130.0, 319.0
221, 115.0, 370.0
222, 413.0, 410.0
223, 614.0, 175.0
224, 474.0, 147.0
225, 424.0, 423.0
226, 467.0, 333.0
227, 314.0, 362.0
228, 444.0, 271.0
229, 157.0, 370.0
230, 192.0, 367.0
231, 714.0, 307.0
232, 194.0, 462.0
233, 637.0, 459.0
234, 271.0, 140.0
235, 609.0, 252.0
236, 250.0, 230.0
237, 214.0, 114.0
238, 550.0, 445.0
239, 693.0, 37.0
240, 598.0, 439.0
241, 681.0, 416.0
242, 458.0, 48.0
243, 84.0, 61.0
244, 242.0, 129.0
245, 631.0, 175.0
246, 19.0, 136.0
247, 173.0, 392.0
248, 478.0, 233.0
249, 262.0, 253.0
250, 374.0, 18.0
251, 486.0, 185.0
252, 114.0, 247.0
253, 357.0, 371.0
254, 186.0, 438.0
255, 13.0, 334.0
256, 484.0, 258.0
257, 590.0, 83.0
258, 598.0, 347.0
259, 362.0, 80.0
260, 521.0, 54.0
261, 224.0, 447.0
262, 267.0, 401.0
263, 266.0, 210.0
264, 646.0, 219.0
265, 289.0, 448.0
266, 213.0, 378.0
267, 132.0, 346.0
268, 132.0, 285.0
269, 286.0, 351.0
270, 583.0, 293.0
271, 68.0, 292.0
272, 480.0, 304.0
273, 146.0, 254.0
274, 484.0, 147.0
275, 520.0, 336.0
276, 653.0, 273.0
277, 227.0, 15.0
278, 652.0, 333.0
279, 605.0, 398.0
280, 559.0, 123.0
281, 722.0, 429.0
282, 590.0, 45.0
283, 587.0, 151.0
284, 508.0, 183.0
285, 45.0, 331.0
286, 676.0, 291.0
287, 695.0, 159.0
288, 218.0, 219.0
289, 146.0, 178.0
290, 525.0, 346.0
291, 672.0, 180.0
292, 675.0, 161.0
293, 267.0, 109.0
294, 425.0, 259.0
295, 133.0, 396.0
296, 456.0, 167.0
297, 640.0, 248.0
298, 440.0, 356.0
299, 592.0, 337.0
300, 529.0, 437.0
301, 467.0, 166.0
302, 503.0, 223.0
303, 504.0, 336.0
304, 448.0, 95.0
305, 107.0, 314.0
306, 341.0, 427.0
307, 388.0, 347.0
308, 366.0, 123.0
309, 451.0, 367.0
310, 702.0, 307.0
311, 186.0, 449.0
312, 564.0, 86.0
313, 678.0, 151.0
314, 617.0, 284.0
315, 74.0, 308.0
316, 497.0, 287.0
317, 340.0, 350.0
318, 510.0, 145.0
319, 443.0, 257.0
320, 649.0, 151.0
321, 268.0, 290.0
322, 319.0, 224.0
323, 237.0, 442.0
324, 586.0, 282.0
325, 511.0, 127.0
326, 154.0, 358.0
327, 357.0, 246.0
328, 109.0, 387.0
329, 458.0, 82.0
330, 701.0, 62.0
331, 441.0, 378.0
332, 260.0, 179.0
333, 734.0, 234.0
334, 187.0, 395.0
335, 511.0, 67.0
336, 224.0, 404.0
337, 344.0, 439.0
338, 737.0, 75.0
339, 120.0, 379.0
340, 414.0, 157.0
341, 460.0, 272.0
342, 621.0, 333.0
343, 470.0, 351.0
344, 37.0, 308.0
345, 371.0, 30.0
346, 736.0, 312.0
347, 180.0, 424.0
348, 566.0, 34.0
349, 508.0, 77.0
350, 82.0, 94.0
351, 146.0, 277.0
352, 127.0, 147.0
353, 358.0, 387.0
354, 258.0, 355.0
355, 600.0, 424.0
356, 397.0, 252.0
357, 217.0, 131.0
358, 416.0, 131.0
359, 693.0, 424.0
360, 415.0, 97.0
361, 446.0, 286.0
362, 666.0, 78.0
363, 489.0, 168.0
364, 580.0, 335.0
365, 464.0, 234.0
366, 395.0, 466.0
367, 408.0, 299.0
368, 413.0, 449.0
369, 148.0, 363.0
370, 621.0, 27.0
371, 176.0, 261.0
372, 672.0, 117.0
373, 333.0, 267.0
374, 222.0, 326.0
375, 158.0, 278.0
376, 657.0, 294.0
377, 315.0, 386.0
378, 554.0, 426.0
379, 471.0, 435.0
380, 122.0, 101.0
381, 646.0, 234.0
382, 503.0, 92.0
383, 140.0, 146.0
384, 301.0, 269.0
385, 636.0, 275.0
386, 424.0, 240.0
387, 201.0, 448.0
388, 420.0, 466.0
389, 476.0, 128.0
390, 259.0, 287.0
391, 340.0, 252.0
392, 369.0, 134.0
393, 355.0, 345.0
394, 714.0, 276.0
395, 683.0, 266.0
396, 743.0, 176.0
397, 528.0, 374.0
398, 362.0, 234.0
399, 689.0, 392.0
400, 715.0, 318.0
401, 475.0, 462.0
402, 234.0, 92.0
403, 690.0, 50.0
404, 100.0, 413.0
405, 468.0, 395.0
406, 719.0, 420.0
407, 218.0, 311.0
408, 260.0, 172.0
409, 628.0, 234.0
410, 146.0, 68.0
411, 148.0, 266.0
412, 517.0, 325.0
413, 47.0, 344.0
414, 537.0, 233.0
415, 90.0, 83.0
416, 681.0, 308.0
417, 614.0, 272.0
418, 378.0, 234.0
419, 307.0, 441.0
420, 579.0, 184.0
421, 728.0, 114.0
422, 384.0, 269.0
423, 20.0, 355.0
424, 166.0, 360.0
425, 152.0, 302.0
426, 366.0, 10.0
427, 517.0, 96.0
428, 233.0, 63.0
429, 577.0, 358.0
430, 616.0, 431.0
431, 588.0, 354.0
432, 458.0, 186.0
433, 198.0, 254.0
434, 410.0, 270.0
435, 735.0, 326.0
436, 180.0, 312.0
437, 499.0, 465.0
438, 363.0, 69.0
439, 180.0, 366.0
440, 423.0, 234.0
441, 299.0, 244.0
442, 30.0, 299.0
443, 238.0, 109.0
444, 149.0, 344.0
445, 235.0, 248.0
446, 572.0, 447.0
447, 121.0, 92.0
448, 403.0, 419.0
449, 338.0, 233.0
450, 521.0, 223.0
451, 192.0, 221.0
452, 524.0, 184.0
453, 639.0, 348.0
454, 143.0, 378.0
455, 261.0, 308.0
456, 477.0, 315.0
457, 636.0, 151.0
458, 126.0, 118.0
459, 10.0, 120.0
460, 90.0, 230.0
461, 34.0, 146.0
462, 189.0, 319.0
463, 457.0, 178.0
464, 412.0, 257.0
465, 222.0, 240.0
466, 381.0, 224.0
467, 238.0, 288.0
468, 388.0, 413.0
469, 395.0, 36.0
470, 661.0, 116.0
471, 509.0, 55.0
472, 71.0, 338.0
473, 563.0, 430.0
474, 600.0, 151.0
475, 626.0, 366.0
476, 415.0, 168.0
477, 387.0, 362.0
478, 68.0, 322.0
479, 298.0, 189.0
480, 229.0, 271.0
481, 436.0, 258.0
482, 412.0, 35.0
483, 671.0, 204.0
484, 610.0, 115.0
485, 166.0, 407.0
486, 267.0, 420.0
487, 88.0, 141.0
488, 519.0, 241.0
489, 240.0, 367.0
490, 413.0, 306.0
491, 351.0, 422.0
492, 725.0, 175.0
493, 650.0, 293.0
494, 600.0, 377.0
495, 112.0, 339.0
496, 118.0, 344.0
497, 247.0, 297.0
498, 596.0, 175.0
499, 253.0, 281.0
