0, 303.0, 220.0
1, 332.0, 191.0
2, 347.0, 183.0
3, 91.0, 36.0
4, 527.0, 408.0
5, 78.0, 226.0
6, 541.0, 372.0
7, 407.0, 20.0
8, 497.0, 298.0
9, 586.0, 313.0
10, 248.0, 322.0
11, 341.0, 152.0
12, 515.0, 463.0
13, 345.0, 244.0
14, 496.0, 258.0
15, 644.0, 295.0
16, 280.0, 186.0
17, 411.0, 185.0
18, 203.0, 185.0
19, 103.0, 87.0
20, 357.0, 408.0
21, 394.0, 236.0
22, 419.0, 195.0
23, 534.0, 238.0
24, 481.0, 262.0
25, 611.0, 398.0
26, 387.0, 270.0
27, 525.0, 352.0
28, 387.0, 196.0
29, 311.0, 370.0
30, 562.0, 305.0
31, 450.0, 396.0
32, 428.0, 252.0
33, 346.0, 195.0
34, 413.0, 405.0
35, 573.0, 390.0
36, 526.0, 221.0
37, 376.0, 244.0
38, 500.0, 186.0
39, 129.0, 101.0
40, 311.0, 340.0
41, 537.0, 225.0
42, 597.0, 409.0
43, 291.0, 20.0
44, 304.0, 161.0
45, 436.0, 254.0
46, 31.0, 16.0
47, 605.0, 148.0
48, 114.0, 29.0
49, 125.0, 39.0
50, 518.0, 414.0
51, 411.0, 285.0
52, 477.0, 237.0
53, 593.0, 399.0
54, 86.0, 274.0
55, 275.0, 350.0
56, 186.0, 207.0
57, 420.0, 380.0
58, 184.0, 68.0
59, 395.0, 372.0
60, 452.0, 213.0
61, 221.0, 198.0
62, 191.0, 109.0
63, 530.0, 399.0
64, 595.0, 17.0
65, 543.0, 271.0
66, 304.0, 131.0
67, 481.0, 271.0
68, 263.0, 191.0
69, 403.0, 383.0
70, 191.0, 12.0
71, 406.0, 222.0
72, 470.0, 367.0
73, 655.0, 28.0
74, 110.0, 101.0
75, 292.0, 164.0
76, 400.0, 192.0
77, 443.0, 196.0
78, 342.0, 125.0
79, 508.0, 237.0
80, 370.0, 187.0
81, 99.0, 47.0
82, 248.0, 334.0
83, 646.0, 196.0
84, 348.0, 47.0
85, 198.0, 73.0
86, 325.0, 20.0
87, 529.0, 320.0
88, 364.0, 20.0
89, 453.0, 423.0
90, 419.0, 20.0
91, 594.0, 220.0
92, 533.0, 386.0
93, 325.0, 314.0
94, 644.0, 364.0
95, 456.0, 411.0
96, 512.0, 339.0
97, 141.0, 61.0
98, 89.0, 66.0
99, 607.0, 449.0
100, 330.0, 266.0
101, 186.0, 80.0
102, 515.0, 91.0
103, 493.0, 274.0
104, 363.0, 202.0
105, 511.0, 451.0
106, 730.0, 46.0
107, 476.0, 421.0
108, 602.0, 362.0
109, 325.0, 129.0
110, 83.0, 82.0
111, 326.0, 328.0
112, 348.0, 307.0
113, 412.0, 268.0
114, 204.0, 202.0
115, 135.0, 450.0
116, 446.0, 155.0
117, 403.0, 248.0
118, 406.0, 417.0
119, 465.0, 216.0
120, 485.0, 251.0
121, 115.0, 448.0
122, 678.0, 216.0
123, 120.0, 204.0
124, 690.0, 37.0
125, 461.0, 234.0
126, 80.0, 285.0
127, 165.0, 78.0
128, 437.0, 397.0
129, 355.0, 352.0
130, 392.0, 245.0
131, 51.0, 421.0
132, 687.0, 185.0
133, 512.0, 249.0
134, 531.0, 250.0
135, 279.0, 120.0
136, 562.0, 380.0
137, 727.0, 360.0
138, 324.0, 156.0
139, 362.0, 214.0
140, 566.0, 176.0
141, 307.0, 250.0
142, 292.0, 217.0
143, 470.0, 252.0
144, 450.0, 231.0
145, 695.0, 256.0
146, 313.0, 129.0
147, 584.0, 183.0
148, 509.0, 228.0
149, 543.0, 192.0
150, 359.0, 58.0
151, 115.0, 436.0
152, 64.0, 71.0
153, 245.0, 172.0
154, 514.0, 263.0
155, 692.0, 435.0
156, 442.0, 418.0
157, 630.0, 406.0
158, 706.0, 442.0
159, 416.0, 224.0
160, 362.0, 177.0
161, 81.0, 385.0
162, 568.0, 338.0
163, 327.0, 412.0
164, 149.0, 217.0
165, 348.0, 29.0
166, 393.0, 216.0
167, 410.0, 370.0
168, 422.0, 151.0
169, 625.0, 358.0
170, 337.0, 278.0
171, 81.0, 44.0
172, 613.0, 228.0
173, 636.0, 388.0
174, 357.0, 160.0
175, 31.0, 92.0
176, 730.0, 237.0
177, 635.0, 436.0
178, 673.0, 27.0
179, 387.0, 22.0
180, 623.0, 271.0
181, 298.0, 363.0
182, 361.0, 38.0
183, 456.0, 18.0
184, 548.0, 428.0
185, 498.0, 89.0
186, 634.0, 29.0
187, 522.0, 231.0
188, 316.0, 252.0
189, 256.0, 342.0
190, 509.0, 128.0
191, 426.0, 187.0
192, 183.0, 186.0
193, 516.0, 364.0
194, 552.0, 379.0
195, 431.0, 19.0
196, 574.0, 47.0
197, 430.0, 240.0
198, 468.0, 28.0
199, 353.0, 284.0
200, 568.0, 357.0
201, 621.0, 175.0
202, 280.0, 213.0
203, 497.0, 428.0
204, 374.0, 357.0
205, 130.0, 90.0
206, 364.0, 279.0
207, 715.0, 113.0
208, 496.0, 202.0
209, 96.0, 232.0
210, 563.0, 143.0
211, 555.0, 229.0
212, 448.0, 127.0
213, 261.0, 171.0
214, 119.0, 88.0
215, 691.0, 224.0
216, 591.0, 466.0
217, 220.0, 178.0
218, 461.0, 284.0
219, 612.0, 354.0
220, 511.0, 279.0
221, 426.0, 264.0
222, 678.0, 250.0
223, 331.0, 209.0
224, 538.0, 19.0
225, 647.0, 281.0
226, 629.0, 253.0
227, 197.0, 124.0
228, 242.0, 89.0
229, 622.0, 323.0
230, 305.0, 27.0
231, 145.0, 458.0
232, 508.0, 470.0
233, 325.0, 38.0
234, 523.0, 425.0
235, 635.0, 231.0
236, 351.0, 19.0
237, 678.0, 16.0
238, 716.0, 460.0
239, 240.0, 183.0
240, 470.0, 269.0
241, 450.0, 253.0
242, 659.0, 16.0
243, 205.0, 100.0
244, 526.0, 462.0
245, 274.0, 21.0
246, 616.0, 193.0
247, 623.0, 154.0
248, 30.0, 34.0
249, 130.0, 471.0
250, 502.0, 19.0
251, 538.0, 328.0
252, 696.0, 276.0
253, 44.0, 93.0
254, 666.0, 425.0
255, 385.0, 360.0
256, 642.0, 209.0
257, 93.0, 55.0
258, 216.0, 123.0
259, 369.0, 415.0
260, 514.0, 399.0
261, 697.0, 361.0
262, 99.0, 77.0
263, 362.0, 247.0
264, 279.0, 166.0
265, 306.0, 43.0
266, 558.0, 274.0
267, 94.0, 24.0
268, 627.0, 308.0
269, 410.0, 69.0
270, 567.0, 186.0
271, 475.0, 144.0
272, 607.0, 431.0
273, 123.0, 225.0
274, 133.0, 33.0
275, 434.0, 130.0
276, 523.0, 189.0
277, 395.0, 350.0
278, 10.0, 107.0
279, 350.0, 253.0
280, 54.0, 15.0
281, 324.0, 47.0
282, 665.0, 321.0
283, 543.0, 392.0
284, 455.0, 29.0
285, 436.0, 358.0
286, 624.0, 291.0
287, 652.0, 393.0
288, 406.0, 168.0
289, 534.0, 31.0
290, 429.0, 341.0
291, 389.0, 381.0
292, 613.0, 458.0
293, 141.0, 73.0
294, 300.0, 353.0
295, 379.0, 178.0
296, 546.0, 285.0
297, 600.0, 392.0
298, 664.0, 309.0
299, 354.0, 200.0
300, 290.0, 117.0
301, 652.0, 180.0
302, 88.0, 127.0
303, 484.0, 438.0
304, 344.0, 419.0
305, 314.0, 159.0
306, 674.0, 281.0
307, 476.0, 45.0
308, 458.0, 401.0
309, 78.0, 52.0
310, 356.0, 124.0
311, 130.0, 80.0
312, 540.0, 358.0
313, 531.0, 263.0
314, 449.0, 374.0
315, 364.0, 398.0
316, 681.0, 431.0
317, 466.0, 123.0
318, 482.0, 182.0
319, 262.0, 209.0
320, 707.0, 330.0
321, 705.0, 265.0
322, 699.0, 403.0
323, 359.0, 296.0
324, 447.0, 406.0
325, 671.0, 178.0
326, 115.0, 78.0
327, 511.0, 19.0
328, 733.0, 33.0
329, 599.0, 345.0
330, 584.0, 358.0
331, 459.0, 250.0
332, 363.0, 258.0
333, 676.0, 401.0
334, 568.0, 369.0
335, 239.0, 29.0
336, 712.0, 338.0
337, 66.0, 414.0
338, 534.0, 429.0
339, 728.0, 59.0
340, 431.0, 210.0
341, 177.0, 125.0
342, 724.0, 140.0
343, 41.0, 276.0
344, 33.0, 430.0
345, 65.0, 377.0
346, 108.0, 129.0
347, 542.0, 314.0
348, 222.0, 111.0
349, 132.0, 198.0
350, 657.0, 299.0
351, 720.0, 302.0
352, 440.0, 468.0
353, 183.0, 57.0
354, 248.0, 205.0
355, 52.0, 261.0
356, 576.0, 316.0
357, 403.0, 203.0
358, 593.0, 151.0
359, 278.0, 336.0
360, 348.0, 212.0
361, 509.0, 415.0
362, 632.0, 445.0
363, 37.0, 60.0
364, 96.0, 365.0
365, 66.0, 394.0
366, 726.0, 334.0
367, 358.0, 234.0
368, 465.0, 379.0
369, 523.0, 365.0
370, 664.0, 220.0
371, 128.0, 60.0
372, 564.0, 235.0
373, 225.0, 61.0
374, 559.0, 157.0
375, 499.0, 288.0
376, 385.0, 238.0
377, 152.0, 35.0
378, 126.0, 442.0
379, 709.0, 223.0
380, 87.0, 115.0
381, 539.0, 293.0
382, 430.0, 385.0
383, 75.0, 260.0
384, 523.0, 46.0
385, 677.0, 412.0
386, 588.0, 345.0
387, 526.0, 282.0
388, 288.0, 357.0
389, 451.0, 273.0
390, 699.0, 382.0
391, 11.0, 22.0
392, 482.0, 197.0
393, 153.0, 462.0
394, 256.0, 28.0
395, 150.0, 76.0
396, 305.0, 118.0
397, 429.0, 86.0
398, 348.0, 39.0
399, 674.0, 45.0
400, 463.0, 353.0
401, 430.0, 290.0
402, 735.0, 114.0
403, 76.0, 130.0
404, 320.0, 227.0
405, 258.0, 370.0
406, 389.0, 226.0
407, 298.0, 391.0
408, 584.0, 18.0
409, 461.0, 389.0
410, 171.0, 8.0
411, 432.0, 413.0
412, 71.0, 451.0
413, 46.0, 304.0
414, 257.0, 93.0
415, 500.0, 415.0
416, 634.0, 277.0
417, 585.0, 147.0
418, 688.0, 301.0
419, 453.0, 350.0
420, 489.0, 22.0
421, 543.0, 343.0
422, 652.0, 345.0
423, 120.0, 461.0
424, 484.0, 289.0
425, 592.0, 29.0
426, 467.0, 180.0
427, 341.0, 370.0
428, 638.0, 16.0
429, 492.0, 418.0
430, 695.0, 172.0
431, 574.0, 244.0
432, 351.0, 448.0
433, 478.0, 131.0
434, 145.0, 193.0
435, 548.0, 304.0
436, 259.0, 120.0
437, 41.0, 76.0
438, 47.0, 391.0
439, 88.0, 13.0
440, 612.0, 207.0
441, 565.0, 426.0
442, 177.0, 200.0
443, 709.0, 415.0
444, 492.0, 125.0
445, 616.0, 363.0
446, 462.0, 258.0
447, 710.0, 387.0
448, 709.0, 137.0
449, 422.0, 173.0
450, 706.0, 37.0
451, 551.0, 253.0
452, 390.0, 252.0
453, 517.0, 385.0
454, 570.0, 23.0
455, 395.0, 43.0
456, 411.0, 361.0
457, 710.0, 368.0
458, 325.0, 367.0
459, 357.0, 194.0
460, 94.0, 432.0
461, 604.0, 17.0
462, 358.0, 111.0
463, 139.0, 52.0
464, 100.0, 446.0
465, 414.0, 251.0
466, 420.0, 273.0
467, 613.0, 333.0
468, 247.0, 193.0
469, 342.0, 349.0
470, 603.0, 379.0
471, 312.0, 274.0
472, 378.0, 265.0
473, 646.0, 447.0
474, 65.0, 447.0
475, 213.0, 26.0
476, 559.0, 447.0
477, 630.0, 194.0
478, 628.0, 343.0
479, 610.0, 469.0
480, 571.0, 198.0
481, 290.0, 38.0
482, 649.0, 384.0
483, 587.0, 321.0
484, 603.0, 462.0
485, 269.0, 254.0
486, 718.0, 229.0
487, 280.0, 197.0
488, 82.0, 236.0
489, 504.0, 243.0
490, 63.0, 317.0
491, 406.0, 233.0
492, 101.0, 110.0
493, 493.0, 225.0
494, 552.0, 242.0
495, 309.0, 259.0
496, 452.0, 69.0
497, 346.0, 292.0
498, 572.0, 401.0
499, 391.0, 114.0
