0, 272.0, 8.0
1, 298.0, 9.0
2, 340.0, 11.0
3, 316.0, 12.0
4, 358.0, 16.0
5, 393.0, 21.0
6, 292.0, 22.0
7, 223.0, 26.0
8, 329.0, 26.0
9, 337.0, 29.0
10, 420.0, 29.0
11, 442.0, 30.0
12, 459.0, 30.0
13, 432.0, 31.0
14, 530.0, 32.0
15, 428.0, 38.0
16, 385.0, 40.0
17, 225.0, 41.0
18, 209.0, 42.0
19, 395.0, 42.0
20, 441.0, 42.0
21, 457.0, 42.0
22, 217.0, 44.0
23, 472.0, 44.0
24, 495.0, 45.0
25, 548.0, 45.0
26, 138.0, 46.0
27, 163.0, 47.0
28, 414.0, 49.0
29, 172.0, 50.0
30, 210.0, 50.0
31, 427.0, 50.0
32, 222.0, 51.0
33, 534.0, 51.0
34, 242.0, 52.0
35, 547.0, 52.0
36, 152.0, 53.0
37, 181.0, 53.0
38, 558.0, 53.0
39, 433.0, 54.0
40, 443.0, 55.0
41, 456.0, 55.0
42, 259.0, 56.0
43, 283.0, 56.0
44, 415.0, 56.0
45, 542.0, 56.0
46, 274.0, 57.0
47, 246.0, 58.0
48, 254.0, 58.0
49, 171.0, 59.0
50, 507.0, 61.0
51, 523.0, 61.0
52, 142.0, 63.0
53, 172.0, 64.0
54, 155.0, 65.0
55, 211.0, 65.0
56, 224.0, 65.0
57, 183.0, 66.0
58, 235.0, 66.0
59, 413.0, 67.0
60, 421.0, 67.0
61, 432.0, 68.0
62, 438.0, 68.0
63, 443.0, 68.0
64, 530.0, 68.0
65, 392.0, 69.0
66, 456.0, 69.0
67, 514.0, 69.0
68, 553.0, 69.0
69, 573.0, 69.0
70, 582.0, 69.0
71, 468.0, 70.0
72, 479.0, 70.0
73, 491.0, 71.0
74, 506.0, 71.0
75, 539.0, 71.0
76, 595.0, 71.0
77, 607.0, 71.0
78, 619.0, 71.0
79, 521.0, 72.0
80, 526.0, 73.0
81, 630.0, 73.0
82, 641.0, 73.0
83, 664.0, 73.0
84, 583.0, 74.0
85, 146.0, 75.0
86, 391.0, 75.0
87, 413.0, 76.0
88, 565.0, 76.0
89, 429.0, 77.0
90, 237.0, 79.0
91, 506.0, 79.0
92, 274.0, 80.0
93, 391.0, 80.0
94, 514.0, 80.0
95, 597.0, 80.0
96, 669.0, 80.0
97, 440.0, 81.0
98, 454.0, 81.0
99, 263.0, 82.0
100, 468.0, 82.0
101, 519.0, 82.0
102, 655.0, 82.0
103, 479.0, 83.0
104, 504.0, 84.0
105, 392.0, 85.0
106, 490.0, 85.0
107, 495.0, 85.0
108, 529.0, 85.0
109, 564.0, 86.0
110, 595.0, 86.0
111, 582.0, 87.0
112, 213.0, 88.0
113, 226.0, 88.0
114, 236.0, 88.0
115, 608.0, 88.0
116, 286.0, 89.0
117, 626.0, 90.0
118, 644.0, 90.0
119, 675.0, 90.0
120, 179.0, 91.0
121, 186.0, 91.0
122, 279.0, 91.0
123, 561.0, 91.0
124, 658.0, 91.0
125, 150.0, 92.0
126, 165.0, 92.0
127, 264.0, 92.0
128, 411.0, 92.0
129, 427.0, 92.0
130, 468.0, 92.0
131, 439.0, 93.0
132, 242.0, 94.0
133, 253.0, 94.0
134, 453.0, 94.0
135, 477.0, 94.0
136, 211.0, 96.0
137, 234.0, 96.0
138, 463.0, 97.0
139, 468.0, 97.0
140, 552.0, 97.0
141, 533.0, 99.0
142, 739.0, 99.0
143, 187.0, 100.0
144, 426.0, 100.0
145, 443.0, 100.0
146, 511.0, 100.0
147, 542.0, 100.0
148, 150.0, 101.0
149, 299.0, 101.0
150, 310.0, 101.0
151, 490.0, 101.0
152, 156.0, 102.0
153, 325.0, 102.0
154, 339.0, 103.0
155, 352.0, 104.0
156, 150.0, 106.0
157, 383.0, 106.0
158, 532.0, 106.0
159, 240.0, 107.0
160, 504.0, 107.0
161, 394.0, 108.0
162, 522.0, 108.0
163, 539.0, 108.0
164, 544.0, 108.0
165, 137.0, 109.0
166, 407.0, 109.0
167, 497.0, 109.0
168, 415.0, 110.0
169, 152.0, 111.0
170, 189.0, 111.0
171, 176.0, 112.0
172, 365.0, 112.0
173, 304.0, 113.0
174, 373.0, 113.0
175, 450.0, 113.0
176, 393.0, 115.0
177, 223.0, 116.0
178, 318.0, 116.0
179, 327.0, 116.0
180, 401.0, 116.0
181, 483.0, 116.0
182, 333.0, 117.0
183, 338.0, 117.0
184, 351.0, 117.0
185, 447.0, 120.0
186, 130.0, 121.0
187, 271.0, 121.0
188, 373.0, 121.0
189, 381.0, 122.0
190, 394.0, 123.0
191, 475.0, 123.0
192, 553.0, 123.0
193, 580.0, 123.0
194, 400.0, 124.0
195, 424.0, 126.0
196, 434.0, 127.0
197, 197.0, 129.0
198, 452.0, 129.0
199, 356.0, 130.0
200, 467.0, 130.0
201, 498.0, 130.0
202, 562.0, 130.0
203, 570.0, 130.0
204, 222.0, 136.0
205, 472.0, 138.0
206, 477.0, 138.0
207, 483.0, 139.0
208, 540.0, 139.0
209, 289.0, 141.0
210, 564.0, 141.0
211, 456.0, 142.0
212, 575.0, 143.0
213, 583.0, 143.0
214, 487.0, 145.0
215, 347.0, 149.0
216, 477.0, 149.0
217, 355.0, 150.0
218, 543.0, 153.0
219, 485.0, 155.0
220, 668.0, 156.0
221, 410.0, 157.0
222, 585.0, 158.0
223, 663.0, 158.0
224, 512.0, 159.0
225, 225.0, 160.0
226, 439.0, 160.0
227, 327.0, 164.0
228, 467.0, 165.0
229, 567.0, 166.0
230, 42.0, 168.0
231, 180.0, 168.0
232, 493.0, 168.0
233, 398.0, 169.0
234, 288.0, 170.0
235, 244.0, 172.0
236, 293.0, 172.0
237, 613.0, 172.0
238, 298.0, 173.0
239, 519.0, 173.0
240, 47.0, 174.0
241, 430.0, 174.0
242, 638.0, 175.0
243, 527.0, 176.0
244, 549.0, 176.0
245, 647.0, 176.0
246, 225.0, 177.0
247, 664.0, 178.0
248, 671.0, 178.0
249, 360.0, 179.0
250, 521.0, 180.0
251, 121.0, 181.0
252, 243.0, 181.0
253, 375.0, 181.0
254, 477.0, 181.0
255, 528.0, 181.0
256, 489.0, 183.0
257, 283.0, 184.0
258, 495.0, 184.0
259, 219.0, 185.0
260, 624.0, 185.0
261, 629.0, 186.0
262, 634.0, 186.0
263, 514.0, 187.0
264, 639.0, 187.0
265, 119.0, 188.0
266, 399.0, 188.0
267, 644.0, 188.0
268, 199.0, 189.0
269, 366.0, 189.0
270, 527.0, 189.0
271, 94.0, 191.0
272, 544.0, 192.0
273, 439.0, 195.0
274, 351.0, 197.0
275, 459.0, 199.0
276, 464.0, 199.0
277, 469.0, 200.0
278, 358.0, 201.0
279, 369.0, 203.0
280, 484.0, 203.0
281, 737.0, 203.0
282, 173.0, 204.0
283, 364.0, 205.0
284, 359.0, 206.0
285, 554.0, 206.0
286, 195.0, 208.0
287, 510.0, 208.0
288, 525.0, 210.0
289, 213.0, 212.0
290, 543.0, 213.0
291, 203.0, 214.0
292, 208.0, 214.0
293, 400.0, 216.0
294, 551.0, 216.0
295, 409.0, 217.0
296, 444.0, 217.0
297, 423.0, 220.0
298, 443.0, 223.0
299, 305.0, 224.0
300, 322.0, 228.0
301, 475.0, 231.0
302, 672.0, 231.0
303, 481.0, 232.0
304, 166.0, 233.0
305, 654.0, 233.0
306, 659.0, 233.0
307, 302.0, 234.0
308, 527.0, 236.0
309, 325.0, 237.0
310, 504.0, 237.0
311, 533.0, 237.0
312, 268.0, 238.0
313, 546.0, 239.0
314, 521.0, 240.0
315, 695.0, 240.0
316, 425.0, 241.0
317, 700.0, 241.0
318, 77.0, 242.0
319, 142.0, 242.0
320, 72.0, 244.0
321, 346.0, 244.0
322, 556.0, 244.0
323, 300.0, 245.0
324, 126.0, 246.0
325, 634.0, 246.0
326, 201.0, 248.0
327, 312.0, 248.0
328, 639.0, 248.0
329, 558.0, 249.0
330, 533.0, 253.0
331, 580.0, 253.0
332, 642.0, 253.0
333, 559.0, 254.0
334, 519.0, 255.0
335, 545.0, 255.0
336, 285.0, 256.0
337, 320.0, 257.0
338, 254.0, 258.0
339, 498.0, 261.0
340, 417.0, 262.0
341, 597.0, 262.0
342, 91.0, 263.0
343, 179.0, 263.0
344, 240.0, 264.0
345, 10.0, 266.0
346, 255.0, 266.0
347, 197.0, 267.0
348, 438.0, 267.0
349, 443.0, 268.0
350, 448.0, 269.0
351, 314.0, 270.0
352, 303.0, 271.0
353, 162.0, 272.0
354, 263.0, 272.0
355, 57.0, 273.0
356, 710.0, 274.0
357, 472.0, 275.0
358, 677.0, 275.0
359, 715.0, 275.0
360, 189.0, 276.0
361, 533.0, 276.0
362, 542.0, 277.0
363, 720.0, 277.0
364, 170.0, 279.0
365, 222.0, 280.0
366, 236.0, 280.0
367, 493.0, 280.0
368, 180.0, 281.0
369, 285.0, 281.0
370, 143.0, 282.0
371, 278.0, 282.0
372, 249.0, 283.0
373, 296.0, 284.0
374, 564.0, 284.0
375, 159.0, 285.0
376, 515.0, 286.0
377, 36.0, 287.0
378, 134.0, 287.0
379, 531.0, 290.0
380, 274.0, 291.0
381, 542.0, 291.0
382, 249.0, 293.0
383, 19.0, 294.0
384, 116.0, 295.0
385, 233.0, 295.0
386, 14.0, 297.0
387, 111.0, 298.0
388, 294.0, 298.0
389, 326.0, 298.0
390, 490.0, 298.0
391, 106.0, 300.0
392, 274.0, 300.0
393, 563.0, 300.0
394, 190.0, 301.0
395, 259.0, 302.0
396, 247.0, 304.0
397, 511.0, 305.0
398, 531.0, 306.0
399, 320.0, 307.0
400, 199.0, 308.0
401, 234.0, 308.0
402, 542.0, 309.0
403, 88.0, 310.0
404, 248.0, 311.0
405, 550.0, 311.0
406, 12.0, 315.0
407, 360.0, 319.0
408, 259.0, 320.0
409, 238.0, 323.0
410, 550.0, 324.0
411, 214.0, 327.0
412, 39.0, 328.0
413, 105.0, 328.0
414, 114.0, 328.0
415, 302.0, 328.0
416, 34.0, 329.0
417, 120.0, 329.0
418, 126.0, 332.0
419, 400.0, 332.0
420, 28.0, 333.0
421, 245.0, 338.0
422, 720.0, 339.0
423, 12.0, 341.0
424, 230.0, 341.0
425, 109.0, 345.0
426, 577.0, 345.0
427, 553.0, 348.0
428, 565.0, 350.0
429, 153.0, 353.0
430, 206.0, 354.0
431, 132.0, 360.0
432, 215.0, 360.0
433, 302.0, 361.0
434, 554.0, 361.0
435, 307.0, 363.0
436, 110.0, 364.0
437, 732.0, 364.0
438, 580.0, 366.0
439, 291.0, 369.0
440, 321.0, 369.0
441, 123.0, 375.0
442, 532.0, 375.0
443, 318.0, 377.0
444, 344.0, 377.0
445, 542.0, 378.0
446, 9.0, 380.0
447, 162.0, 380.0
448, 554.0, 380.0
449, 343.0, 383.0
450, 569.0, 385.0
451, 96.0, 389.0
452, 184.0, 392.0
453, 690.0, 393.0
454, 90.0, 394.0
455, 572.0, 394.0
456, 41.0, 396.0
457, 145.0, 396.0
458, 160.0, 396.0
459, 555.0, 396.0
460, 698.0, 396.0
461, 586.0, 398.0
462, 127.0, 399.0
463, 31.0, 400.0
464, 703.0, 401.0
465, 173.0, 405.0
466, 610.0, 405.0
467, 80.0, 406.0
468, 72.0, 411.0
469, 161.0, 413.0
470, 65.0, 416.0
471, 644.0, 416.0
472, 99.0, 424.0
473, 559.0, 433.0
474, 280.0, 439.0
475, 724.0, 443.0
476, 325.0, 446.0
477, 157.0, 449.0
478, 118.0, 452.0
479, 529.0, 453.0
480, 593.0, 457.0
481, 613.0, 464.0
482, 103.0, 466.0
483, 20.0, 470.0
484, 537.0, 471.0
