0, 233.0, 21.0
1, 566.0, 416.0
2, 307.0, 355.0
3, 363.0, 292.0
4, 513.0, 340.0
5, 365.0, 258.0
6, 356.0, 193.0
7, 36.0, 308.0
8, 331.0, 359.0
9, 122.0, 380.0
10, 619.0, 356.0
11, 424.0, 315.0
12, 382.0, 354.0
13, 71.0, 324.0
14, 279.0, 267.0
15, 223.0, 304.0
16, 608.0, 320.0
17, 242.0, 353.0
18, 461.0, 309.0
19, 270.0, 353.0
20, 411.0, 109.0
21, 260.0, 246.0
22, 303.0, 268.0
23, 171.0, 54.0
24, 325.0, 192.0
25, 370.0, 425.0
26, 584.0, 386.0
27, 159.0, 183.0
28, 218.0, 21.0
29, 591.0, 355.0
30, 491.0, 289.0
31, 548.0, 340.0
32, 476.0, 261.0
33, 363.0, 364.0
34, 265.0, 326.0
35, 279.0, 327.0
36, 573.0, 461.0
37, 243.0, 243.0
38, 222.0, 345.0
39, 478.0, 275.0
40, 449.0, 351.0
41, 302.0, 322.0
42, 182.0, 43.0
43, 315.0, 321.0
44, 603.0, 413.0
45, 478.0, 19.0
46, 373.0, 322.0
47, 556.0, 55.0
48, 429.0, 340.0
49, 233.0, 254.0
50, 427.0, 303.0
51, 462.0, 259.0
52, 382.0, 258.0
53, 588.0, 368.0
54, 183.0, 55.0
55, 492.0, 202.0
56, 300.0, 363.0
57, 499.0, 307.0
58, 473.0, 327.0
59, 441.0, 326.0
60, 214.0, 354.0
61, 169.0, 43.0
62, 550.0, 400.0
63, 431.0, 351.0
64, 315.0, 307.0
65, 345.0, 293.0
66, 265.0, 315.0
67, 600.0, 61.0
68, 207.0, 288.0
69, 462.0, 296.0
70, 568.0, 382.0
71, 509.0, 353.0
72, 389.0, 377.0
73, 364.0, 307.0
74, 221.0, 206.0
75, 369.0, 414.0
76, 412.0, 304.0
77, 564.0, 398.0
78, 436.0, 293.0
79, 364.0, 278.0
80, 364.0, 13.0
81, 728.0, 221.0
82, 354.0, 322.0
83, 581.0, 320.0
84, 50.0, 303.0
85, 593.0, 318.0
86, 109.0, 347.0
87, 62.0, 313.0
88, 353.0, 370.0
89, 382.0, 279.0
90, 411.0, 286.0
91, 119.0, 276.0
92, 573.0, 35.0
93, 552.0, 381.0
94, 331.0, 293.0
95, 398.0, 345.0
96, 241.0, 340.0
97, 185.0, 30.0
98, 705.0, 214.0
99, 141.0, 41.0
100, 500.0, 56.0
101, 167.0, 31.0
102, 184.0, 19.0
103, 219.0, 32.0
104, 536.0, 399.0
105, 442.0, 308.0
106, 593.0, 330.0
107, 311.0, 25.0
108, 98.0, 253.0
109, 562.0, 311.0
110, 577.0, 411.0
111, 383.0, 345.0
112, 446.0, 270.0
113, 390.0, 108.0
114, 560.0, 23.0
115, 460.0, 328.0
116, 403.0, 376.0
117, 600.0, 272.0
118, 477.0, 32.0
119, 381.0, 394.0
120, 300.0, 227.0
121, 203.0, 44.0
122, 582.0, 223.0
123, 240.0, 319.0
124, 275.0, 341.0
125, 318.0, 441.0
126, 355.0, 161.0
127, 510.0, 32.0
128, 233.0, 270.0
129, 354.0, 401.0
130, 594.0, 339.0
131, 586.0, 198.0
132, 70.0, 14.0
133, 600.0, 429.0
134, 586.0, 441.0
135, 70.0, 341.0
136, 582.0, 238.0
137, 552.0, 194.0
138, 364.0, 322.0
139, 402.0, 212.0
140, 338.0, 165.0
141, 614.0, 369.0
142, 442.0, 30.0
143, 514.0, 20.0
144, 252.0, 268.0
145, 373.0, 378.0
146, 413.0, 30.0
147, 339.0, 422.0
148, 196.0, 197.0
149, 661.0, 470.0
150, 72.0, 27.0
151, 546.0, 418.0
152, 584.0, 139.0
153, 184.0, 156.0
154, 339.0, 16.0
155, 494.0, 261.0
156, 329.0, 339.0
157, 312.0, 389.0
158, 200.0, 134.0
159, 408.0, 350.0
160, 505.0, 361.0
161, 333.0, 182.0
162, 561.0, 339.0
163, 290.0, 459.0
164, 599.0, 72.0
165, 521.0, 241.0
166, 22.0, 318.0
167, 202.0, 56.0
168, 153.0, 42.0
169, 383.0, 211.0
170, 622.0, 139.0
171, 447.0, 339.0
172, 402.0, 435.0
173, 240.0, 332.0
174, 554.0, 290.0
175, 356.0, 242.0
176, 246.0, 304.0
177, 320.0, 228.0
178, 470.0, 203.0
179, 407.0, 406.0
180, 234.0, 227.0
181, 577.0, 252.0
182, 624.0, 333.0
183, 359.0, 350.0
184, 320.0, 270.0
185, 581.0, 375.0
186, 674.0, 468.0
187, 600.0, 373.0
188, 577.0, 427.0
189, 253.0, 262.0
190, 270.0, 268.0
191, 400.0, 394.0
192, 355.0, 299.0
193, 280.0, 253.0
194, 609.0, 443.0
195, 283.0, 362.0
196, 535.0, 196.0
197, 612.0, 12.0
198, 258.0, 65.0
199, 580.0, 182.0
200, 445.0, 212.0
201, 403.0, 29.0
202, 135.0, 16.0
203, 642.0, 62.0
204, 274.0, 463.0
205, 477.0, 303.0
206, 364.0, 211.0
207, 415.0, 10.0
208, 185.0, 137.0
209, 540.0, 240.0
210, 293.0, 444.0
211, 464.0, 194.0
212, 289.0, 350.0
213, 345.0, 26.0
214, 489.0, 32.0
215, 216.0, 185.0
216, 458.0, 50.0
217, 603.0, 226.0
218, 142.0, 186.0
219, 489.0, 361.0
220, 346.0, 210.0
221, 677.0, 343.0
222, 377.0, 436.0
223, 132.0, 237.0
224, 488.0, 389.0
225, 533.0, 378.0
226, 556.0, 272.0
227, 662.0, 176.0
228, 314.0, 237.0
229, 413.0, 325.0
230, 191.0, 252.0
231, 536.0, 62.0
232, 170.0, 173.0
233, 573.0, 200.0
234, 132.0, 371.0
235, 693.0, 471.0
236, 500.0, 42.0
237, 132.0, 28.0
238, 227.0, 333.0
239, 639.0, 73.0
240, 517.0, 184.0
241, 274.0, 23.0
242, 354.0, 337.0
243, 204.0, 68.0
244, 285.0, 310.0
245, 130.0, 55.0
246, 574.0, 361.0
247, 608.0, 392.0
248, 175.0, 67.0
249, 602.0, 117.0
250, 430.0, 419.0
251, 354.0, 428.0
252, 631.0, 445.0
253, 271.0, 400.0
254, 547.0, 41.0
255, 28.0, 352.0
256, 416.0, 393.0
257, 9.0, 15.0
258, 335.0, 237.0
259, 391.0, 56.0
260, 364.0, 27.0
261, 391.0, 178.0
262, 472.0, 375.0
263, 268.0, 258.0
264, 193.0, 162.0
265, 716.0, 299.0
266, 600.0, 136.0
267, 327.0, 402.0
268, 566.0, 443.0
269, 175.0, 210.0
270, 43.0, 426.0
271, 347.0, 236.0
272, 254.0, 318.0
273, 58.0, 343.0
274, 463.0, 214.0
275, 259.0, 278.0
276, 528.0, 277.0
277, 142.0, 299.0
278, 272.0, 66.0
279, 342.0, 320.0
280, 513.0, 402.0
281, 291.0, 335.0
282, 302.0, 449.0
283, 114.0, 246.0
284, 380.0, 370.0
285, 429.0, 30.0
286, 155.0, 57.0
287, 343.0, 356.0
288, 155.0, 30.0
289, 148.0, 227.0
290, 550.0, 325.0
291, 193.0, 68.0
292, 602.0, 463.0
293, 624.0, 412.0
294, 476.0, 289.0
295, 311.0, 196.0
296, 102.0, 184.0
297, 298.0, 398.0
298, 289.0, 375.0
299, 585.0, 111.0
300, 651.0, 309.0
301, 420.0, 376.0
302, 622.0, 346.0
303, 555.0, 363.0
304, 380.0, 425.0
305, 499.0, 234.0
306, 90.0, 40.0
307, 741.0, 169.0
308, 313.0, 375.0
309, 424.0, 326.0
310, 471.0, 388.0
311, 569.0, 288.0
312, 166.0, 337.0
313, 95.0, 294.0
314, 392.0, 31.0
315, 279.0, 289.0
316, 486.0, 184.0
317, 516.0, 8.0
318, 31.0, 194.0
319, 38.0, 33.0
320, 518.0, 419.0
321, 313.0, 291.0
322, 572.0, 45.0
323, 633.0, 163.0
324, 96.0, 370.0
325, 168.0, 19.0
326, 506.0, 172.0
327, 532.0, 362.0
328, 550.0, 65.0
329, 354.0, 176.0
330, 193.0, 183.0
331, 16.0, 368.0
332, 329.0, 376.0
333, 331.0, 369.0
334, 546.0, 233.0
335, 664.0, 394.0
336, 51.0, 422.0
337, 52.0, 279.0
338, 409.0, 450.0
339, 325.0, 245.0
340, 440.0, 41.0
341, 566.0, 69.0
342, 539.0, 29.0
343, 186.0, 353.0
344, 230.0, 321.0
345, 252.0, 390.0
346, 282.0, 406.0
347, 638.0, 361.0
348, 437.0, 393.0
349, 247.0, 23.0
350, 577.0, 345.0
351, 442.0, 8.0
352, 314.0, 415.0
353, 64.0, 193.0
354, 683.0, 64.0
355, 475.0, 42.0
356, 627.0, 50.0
357, 344.0, 407.0
358, 203.0, 300.0
359, 539.0, 249.0
360, 569.0, 11.0
361, 243.0, 256.0
362, 389.0, 41.0
363, 695.0, 365.0
364, 464.0, 286.0
365, 311.0, 36.0
366, 122.0, 172.0
367, 570.0, 335.0
368, 581.0, 454.0
369, 181.0, 369.0
370, 266.0, 207.0
371, 549.0, 172.0
372, 507.0, 271.0
373, 702.0, 343.0
374, 311.0, 15.0
375, 107.0, 15.0
376, 393.0, 11.0
377, 269.0, 372.0
378, 532.0, 339.0
379, 387.0, 142.0
380, 308.0, 408.0
381, 654.0, 444.0
382, 93.0, 23.0
383, 605.0, 42.0
384, 309.0, 99.0
385, 169.0, 155.0
386, 730.0, 381.0
387, 213.0, 143.0
388, 21.0, 141.0
389, 687.0, 447.0
390, 486.0, 169.0
391, 592.0, 471.0
392, 207.0, 180.0
393, 480.0, 369.0
394, 360.0, 175.0
395, 559.0, 471.0
396, 295.0, 249.0
397, 582.0, 260.0
398, 415.0, 315.0
399, 654.0, 451.0
400, 309.0, 56.0
401, 300.0, 280.0
402, 143.0, 428.0
403, 53.0, 333.0
404, 608.0, 240.0
405, 494.0, 280.0
406, 574.0, 300.0
407, 229.0, 283.0
408, 258.0, 79.0
409, 298.0, 293.0
410, 331.0, 123.0
411, 25.0, 328.0
412, 359.0, 27.0
413, 622.0, 184.0
414, 713.0, 351.0
415, 549.0, 352.0
416, 358.0, 389.0
417, 316.0, 424.0
418, 409.0, 146.0
419, 290.0, 389.0
420, 673.0, 402.0
421, 392.0, 400.0
422, 88.0, 14.0
423, 495.0, 378.0
424, 54.0, 148.0
425, 276.0, 36.0
426, 509.0, 61.0
427, 79.0, 269.0
428, 143.0, 53.0
429, 385.0, 168.0
430, 312.0, 343.0
431, 737.0, 371.0
432, 355.0, 94.0
433, 500.0, 33.0
434, 411.0, 48.0
435, 591.0, 233.0
436, 458.0, 271.0
437, 153.0, 258.0
438, 360.0, 228.0
439, 146.0, 164.0
440, 376.0, 452.0
441, 207.0, 103.0
442, 742.0, 391.0
443, 338.0, 189.0
444, 368.0, 446.0
445, 365.0, 337.0
446, 357.0, 39.0
447, 518.0, 42.0
448, 701.0, 435.0
449, 566.0, 82.0
450, 217.0, 369.0
451, 240.0, 32.0
452, 242.0, 263.0
453, 570.0, 57.0
454, 487.0, 343.0
455, 392.0, 163.0
456, 283.0, 449.0
457, 526.0, 172.0
458, 324.0, 375.0
459, 516.0, 56.0
460, 636.0, 356.0
461, 273.0, 407.0
462, 613.0, 61.0
463, 375.0, 304.0
464, 335.0, 211.0
465, 576.0, 391.0
466, 322.0, 302.0
467, 532.0, 31.0
468, 317.0, 251.0
469, 421.0, 279.0
470, 381.0, 176.0
471, 563.0, 354.0
472, 333.0, 328.0
473, 151.0, 350.0
474, 90.0, 296.0
475, 88.0, 264.0
476, 96.0, 14.0
477, 426.0, 296.0
478, 300.0, 247.0
479, 345.0, 174.0
480, 402.0, 417.0
481, 242.0, 283.0
482, 185.0, 144.0
483, 543.0, 175.0
484, 360.0, 59.0
485, 583.0, 346.0
486, 560.0, 176.0
487, 569.0, 190.0
488, 291.0, 209.0
489, 299.0, 332.0
490, 178.0, 323.0
491, 537.0, 363.0
492, 260.0, 126.0
493, 451.0, 31.0
494, 309.0, 80.0
495, 500.0, 343.0
496, 259.0, 102.0
497, 513.0, 275.0
498, 188.0, 311.0
499, 614.0, 193.0
