0, 253.0, 199.0
1, 478.0, 18.0
2, 301.0, 104.0
3, 167.0, 172.0
4, 418.0, 125.0
5, 571.0, 137.0
6, 246.0, 57.0
7, 263.0, 29.0
8, 557.0, 325.0
9, 548.0, 41.0
10, 435.0, 140.0
11, 150.0, 123.0
12, 398.0, 179.0
13, 567.0, 63.0
14, 487.0, 244.0
15, 102.0, 73.0
16, 279.0, 203.0
17, 132.0, 112.0
18, 157.0, 57.0
19, 245.0, 236.0
20, 301.0, 66.0
21, 352.0, 123.0
22, 170.0, 124.0
23, 279.0, 47.0
24, 56.0, 286.0
25, 16.0, 342.0
26, 166.0, 19.0
27, 267.0, 48.0
28, 42.0, 301.0
29, 235.0, 210.0
30, 167.0, 113.0
31, 283.0, 133.0
32, 449.0, 433.0
33, 334.0, 122.0
34, 453.0, 283.0
35, 253.0, 183.0
36, 67.0, 275.0
37, 564.0, 102.0
38, 53.0, 219.0
39, 70.0, 289.0
40, 190.0, 11.0
41, 203.0, 125.0
42, 484.0, 131.0
43, 9.0, 80.0
44, 193.0, 45.0
45, 99.0, 46.0
46, 228.0, 127.0
47, 598.0, 26.0
48, 511.0, 269.0
49, 654.0, 233.0
50, 152.0, 73.0
51, 154.0, 134.0
52, 524.0, 33.0
53, 56.0, 252.0
54, 298.0, 470.0
55, 80.0, 327.0
56, 159.0, 93.0
57, 584.0, 61.0
58, 250.0, 30.0
59, 368.0, 296.0
60, 274.0, 90.0
61, 680.0, 271.0
62, 361.0, 10.0
63, 492.0, 308.0
64, 421.0, 431.0
65, 739.0, 197.0
66, 525.0, 271.0
67, 299.0, 120.0
68, 160.0, 154.0
69, 537.0, 318.0
70, 178.0, 151.0
71, 242.0, 90.0
72, 258.0, 242.0
73, 404.0, 100.0
74, 306.0, 36.0
75, 146.0, 113.0
76, 91.0, 27.0
77, 394.0, 153.0
78, 173.0, 133.0
79, 467.0, 449.0
80, 272.0, 64.0
81, 140.0, 93.0
82, 374.0, 48.0
83, 466.0, 367.0
84, 386.0, 72.0
85, 136.0, 395.0
86, 724.0, 281.0
87, 318.0, 452.0
88, 288.0, 468.0
89, 656.0, 20.0
90, 230.0, 232.0
91, 581.0, 206.0
92, 104.0, 376.0
93, 569.0, 76.0
94, 651.0, 254.0
95, 129.0, 27.0
96, 132.0, 39.0
97, 422.0, 45.0
98, 514.0, 34.0
99, 732.0, 306.0
100, 58.0, 300.0
101, 249.0, 158.0
102, 258.0, 90.0
103, 277.0, 154.0
104, 478.0, 294.0
105, 478.0, 417.0
106, 497.0, 128.0
107, 689.0, 298.0
108, 465.0, 320.0
109, 207.0, 33.0
110, 222.0, 43.0
111, 168.0, 355.0
112, 49.0, 338.0
113, 120.0, 49.0
114, 522.0, 132.0
115, 108.0, 83.0
116, 15.0, 67.0
117, 27.0, 286.0
118, 83.0, 38.0
119, 305.0, 26.0
120, 617.0, 404.0
121, 559.0, 136.0
122, 514.0, 326.0
123, 551.0, 31.0
124, 227.0, 161.0
125, 547.0, 137.0
126, 118.0, 113.0
127, 247.0, 137.0
128, 179.0, 29.0
129, 438.0, 47.0
130, 397.0, 274.0
131, 183.0, 221.0
132, 154.0, 361.0
133, 685.0, 18.0
134, 225.0, 112.0
135, 345.0, 466.0
136, 306.0, 219.0
137, 471.0, 351.0
138, 333.0, 13.0
139, 248.0, 127.0
140, 577.0, 224.0
141, 129.0, 194.0
142, 670.0, 19.0
143, 371.0, 228.0
144, 524.0, 281.0
145, 383.0, 300.0
146, 42.0, 315.0
147, 139.0, 218.0
148, 279.0, 178.0
149, 723.0, 330.0
150, 53.0, 40.0
151, 448.0, 418.0
152, 52.0, 208.0
153, 517.0, 336.0
154, 722.0, 18.0
155, 56.0, 276.0
156, 417.0, 414.0
157, 151.0, 390.0
158, 425.0, 297.0
159, 186.0, 166.0
160, 98.0, 57.0
161, 230.0, 11.0
162, 39.0, 329.0
163, 144.0, 343.0
164, 404.0, 146.0
165, 700.0, 17.0
166, 174.0, 194.0
167, 92.0, 16.0
168, 503.0, 72.0
169, 265.0, 57.0
170, 421.0, 393.0
171, 309.0, 46.0
172, 246.0, 47.0
173, 284.0, 68.0
174, 509.0, 278.0
175, 239.0, 187.0
176, 427.0, 283.0
177, 69.0, 34.0
178, 117.0, 36.0
179, 94.0, 366.0
180, 139.0, 324.0
181, 653.0, 265.0
182, 468.0, 95.0
183, 200.0, 204.0
184, 528.0, 51.0
185, 399.0, 128.0
186, 247.0, 113.0
187, 355.0, 104.0
188, 292.0, 237.0
189, 594.0, 151.0
190, 130.0, 151.0
191, 265.0, 196.0
192, 338.0, 141.0
193, 204.0, 141.0
194, 374.0, 143.0
195, 223.0, 89.0
196, 163.0, 332.0
197, 50.0, 352.0
198, 54.0, 369.0
199, 16.0, 17.0
200, 87.0, 81.0
201, 63.0, 69.0
202, 280.0, 193.0
203, 46.0, 23.0
204, 173.0, 403.0
205, 48.0, 194.0
206, 159.0, 392.0
207, 500.0, 99.0
208, 172.0, 10.0
209, 353.0, 53.0
210, 168.0, 32.0
211, 465.0, 213.0
212, 151.0, 321.0
213, 134.0, 72.0
214, 122.0, 83.0
215, 129.0, 65.0
216, 638.0, 300.0
217, 221.0, 52.0
218, 134.0, 54.0
219, 207.0, 225.0
220, 405.0, 294.0
221, 415.0, 146.0
222, 229.0, 140.0
223, 197.0, 33.0
224, 397.0, 456.0
225, 501.0, 310.0
226, 409.0, 180.0
227, 134.0, 123.0
228, 446.0, 348.0
229, 152.0, 454.0
230, 632.0, 254.0
231, 256.0, 219.0
232, 34.0, 297.0
233, 471.0, 429.0
234, 28.0, 27.0
235, 234.0, 258.0
236, 594.0, 252.0
237, 35.0, 257.0
238, 97.0, 294.0
239, 198.0, 54.0
240, 619.0, 174.0
241, 619.0, 255.0
242, 346.0, 181.0
243, 628.0, 240.0
244, 249.0, 13.0
245, 184.0, 46.0
246, 555.0, 9.0
247, 392.0, 199.0
248, 77.0, 228.0
249, 461.0, 332.0
250, 421.0, 112.0
251, 560.0, 302.0
252, 118.0, 190.0
253, 145.0, 377.0
254, 308.0, 157.0
255, 452.0, 49.0
256, 206.0, 11.0
257, 274.0, 164.0
258, 79.0, 294.0
259, 694.0, 29.0
260, 172.0, 57.0
261, 731.0, 264.0
262, 346.0, 246.0
263, 492.0, 436.0
264, 254.0, 432.0
265, 723.0, 251.0
266, 595.0, 295.0
267, 565.0, 48.0
268, 480.0, 380.0
269, 496.0, 144.0
270, 268.0, 180.0
271, 581.0, 74.0
272, 532.0, 458.0
273, 723.0, 427.0
274, 22.0, 42.0
275, 68.0, 345.0
276, 62.0, 22.0
277, 437.0, 420.0
278, 36.0, 34.0
279, 338.0, 101.0
280, 539.0, 333.0
281, 191.0, 244.0
282, 272.0, 246.0
283, 37.0, 57.0
284, 425.0, 459.0
285, 215.0, 408.0
286, 491.0, 217.0
287, 693.0, 277.0
288, 123.0, 289.0
289, 148.0, 234.0
290, 153.0, 278.0
291, 576.0, 103.0
292, 208.0, 42.0
293, 272.0, 269.0
294, 80.0, 368.0
295, 517.0, 10.0
296, 42.0, 80.0
297, 686.0, 240.0
298, 320.0, 469.0
299, 512.0, 307.0
300, 268.0, 205.0
301, 459.0, 439.0
302, 261.0, 17.0
303, 572.0, 275.0
304, 16.0, 97.0
305, 659.0, 326.0
306, 194.0, 78.0
307, 142.0, 160.0
308, 687.0, 313.0
309, 624.0, 262.0
310, 654.0, 303.0
311, 414.0, 75.0
312, 148.0, 38.0
313, 429.0, 54.0
314, 75.0, 11.0
315, 506.0, 42.0
316, 52.0, 239.0
317, 608.0, 37.0
318, 352.0, 142.0
319, 458.0, 398.0
320, 733.0, 444.0
321, 234.0, 198.0
322, 274.0, 17.0
323, 466.0, 287.0
324, 84.0, 352.0
325, 63.0, 228.0
326, 590.0, 277.0
327, 173.0, 385.0
328, 719.0, 264.0
329, 634.0, 104.0
330, 208.0, 68.0
331, 435.0, 437.0
332, 682.0, 261.0
333, 42.0, 155.0
334, 70.0, 81.0
335, 452.0, 303.0
336, 288.0, 451.0
337, 583.0, 50.0
338, 374.0, 8.0
339, 64.0, 328.0
340, 654.0, 443.0
341, 64.0, 264.0
342, 511.0, 146.0
343, 135.0, 84.0
344, 287.0, 36.0
345, 497.0, 13.0
346, 160.0, 48.0
347, 149.0, 401.0
348, 288.0, 91.0
349, 284.0, 117.0
350, 618.0, 283.0
351, 602.0, 85.0
352, 647.0, 280.0
353, 716.0, 303.0
354, 522.0, 184.0
355, 574.0, 304.0
356, 147.0, 181.0
357, 639.0, 383.0
358, 281.0, 272.0
359, 311.0, 137.0
360, 233.0, 177.0
361, 216.0, 126.0
362, 522.0, 448.0
363, 157.0, 144.0
364, 369.0, 164.0
365, 663.0, 290.0
366, 430.0, 274.0
367, 573.0, 120.0
368, 29.0, 126.0
369, 177.0, 75.0
370, 615.0, 24.0
371, 312.0, 16.0
372, 168.0, 370.0
373, 612.0, 208.0
374, 512.0, 185.0
375, 642.0, 405.0
376, 476.0, 227.0
377, 150.0, 213.0
378, 589.0, 174.0
379, 632.0, 346.0
380, 469.0, 311.0
381, 83.0, 28.0
382, 566.0, 93.0
383, 672.0, 272.0
384, 475.0, 242.0
385, 139.0, 136.0
386, 707.0, 243.0
387, 30.0, 81.0
388, 434.0, 427.0
389, 38.0, 275.0
390, 548.0, 325.0
391, 148.0, 196.0
392, 467.0, 245.0
393, 639.0, 211.0
394, 701.0, 306.0
395, 16.0, 327.0
396, 59.0, 239.0
397, 228.0, 98.0
398, 388.0, 260.0
399, 502.0, 341.0
400, 465.0, 109.0
401, 449.0, 111.0
402, 266.0, 38.0
403, 359.0, 279.0
404, 76.0, 81.0
405, 456.0, 141.0
406, 426.0, 416.0
407, 331.0, 26.0
408, 106.0, 226.0
409, 181.0, 443.0
410, 497.0, 181.0
411, 411.0, 274.0
412, 418.0, 442.0
413, 61.0, 317.0
414, 692.0, 287.0
415, 258.0, 11.0
416, 516.0, 446.0
417, 473.0, 438.0
418, 728.0, 322.0
419, 23.0, 236.0
420, 443.0, 35.0
421, 98.0, 407.0
422, 280.0, 57.0
423, 103.0, 400.0
424, 222.0, 174.0
425, 298.0, 139.0
426, 239.0, 15.0
427, 727.0, 291.0
428, 653.0, 32.0
429, 33.0, 134.0
430, 396.0, 285.0
431, 75.0, 414.0
432, 416.0, 62.0
433, 635.0, 318.0
434, 176.0, 87.0
435, 394.0, 114.0
436, 384.0, 282.0
437, 643.0, 65.0
438, 439.0, 407.0
439, 649.0, 421.0
440, 105.0, 34.0
441, 280.0, 220.0
442, 166.0, 217.0
443, 248.0, 77.0
444, 410.0, 201.0
445, 264.0, 135.0
446, 424.0, 223.0
447, 181.0, 125.0
448, 426.0, 92.0
449, 157.0, 15.0
450, 561.0, 145.0
451, 278.0, 142.0
452, 680.0, 252.0
453, 173.0, 208.0
454, 462.0, 305.0
455, 148.0, 65.0
456, 8.0, 29.0
457, 33.0, 184.0
458, 89.0, 68.0
459, 90.0, 154.0
460, 570.0, 285.0
461, 306.0, 8.0
462, 493.0, 464.0
463, 668.0, 30.0
464, 521.0, 458.0
465, 71.0, 228.0
466, 489.0, 98.0
467, 485.0, 111.0
468, 610.0, 25.0
469, 702.0, 277.0
470, 34.0, 140.0
471, 185.0, 143.0
472, 335.0, 191.0
473, 487.0, 231.0
474, 108.0, 153.0
475, 108.0, 25.0
476, 343.0, 153.0
477, 65.0, 307.0
478, 263.0, 252.0
479, 210.0, 78.0
480, 570.0, 150.0
481, 415.0, 253.0
482, 432.0, 397.0
483, 475.0, 333.0
484, 741.0, 273.0
485, 102.0, 353.0
486, 620.0, 24.0
487, 221.0, 62.0
488, 685.0, 251.0
489, 347.0, 21.0
490, 181.0, 438.0
491, 336.0, 211.0
492, 533.0, 352.0
493, 48.0, 60.0
494, 414.0, 155.0
495, 197.0, 87.0
496, 733.0, 280.0
497, 207.0, 88.0
498, 278.0, 247.0
499, 499.0, 113.0
