0, 300.0, 279.0
1, 144.0, 347.0
2, 141.0, 334.0
3, 589.0, 247.0
4, 219.0, 324.0
5, 95.0, 354.0
6, 91.0, 340.0
7, 77.0, 343.0
8, 503.0, 215.0
9, 539.0, 175.0
10, 183.0, 48.0
11, 147.0, 357.0
12, 507.0, 267.0
13, 419.0, 254.0
14, 195.0, 414.0
15, 260.0, 60.0
16, 364.0, 193.0
17, 354.0, 180.0
18, 609.0, 273.0
19, 517.0, 221.0
20, 81.0, 356.0
21, 563.0, 55.0
22, 490.0, 296.0
23, 88.0, 438.0
24, 345.0, 246.0
25, 222.0, 73.0
26, 447.0, 269.0
27, 497.0, 414.0
28, 226.0, 425.0
29, 301.0, 257.0
30, 252.0, 205.0
31, 84.0, 365.0
32, 266.0, 253.0
33, 215.0, 412.0
34, 530.0, 166.0
35, 211.0, 62.0
36, 252.0, 334.0
37, 462.0, 311.0
38, 240.0, 196.0
39, 740.0, 209.0
40, 303.0, 292.0
41, 476.0, 265.0
42, 412.0, 83.0
43, 588.0, 117.0
44, 155.0, 84.0
45, 570.0, 338.0
46, 443.0, 124.0
47, 131.0, 78.0
48, 101.0, 291.0
49, 252.0, 75.0
50, 308.0, 355.0
51, 413.0, 71.0
52, 254.0, 344.0
53, 262.0, 206.0
54, 287.0, 278.0
55, 244.0, 59.0
56, 359.0, 304.0
57, 315.0, 287.0
58, 150.0, 55.0
59, 463.0, 283.0
60, 339.0, 222.0
61, 478.0, 64.0
62, 561.0, 202.0
63, 520.0, 208.0
64, 508.0, 67.0
65, 371.0, 64.0
66, 612.0, 314.0
67, 484.0, 203.0
68, 427.0, 323.0
69, 401.0, 70.0
70, 428.0, 359.0
71, 294.0, 305.0
72, 158.0, 347.0
73, 216.0, 401.0
74, 53.0, 417.0
75, 183.0, 416.0
76, 129.0, 289.0
77, 250.0, 321.0
78, 207.0, 327.0
79, 458.0, 55.0
80, 570.0, 122.0
81, 155.0, 333.0
82, 393.0, 38.0
83, 98.0, 264.0
84, 254.0, 240.0
85, 197.0, 230.0
86, 249.0, 307.0
87, 662.0, 54.0
88, 98.0, 364.0
89, 310.0, 413.0
90, 614.0, 210.0
91, 233.0, 84.0
92, 256.0, 91.0
93, 360.0, 227.0
94, 302.0, 220.0
95, 611.0, 153.0
96, 358.0, 238.0
97, 735.0, 239.0
98, 85.0, 427.0
99, 223.0, 337.0
100, 224.0, 84.0
101, 433.0, 70.0
102, 460.0, 213.0
103, 100.0, 376.0
104, 401.0, 54.0
105, 411.0, 301.0
106, 412.0, 236.0
107, 485.0, 189.0
108, 331.0, 44.0
109, 548.0, 186.0
110, 564.0, 69.0
111, 358.0, 62.0
112, 496.0, 463.0
113, 13.0, 72.0
114, 401.0, 82.0
115, 92.0, 455.0
116, 214.0, 84.0
117, 29.0, 29.0
118, 317.0, 383.0
119, 586.0, 37.0
120, 449.0, 333.0
121, 119.0, 434.0
122, 412.0, 224.0
123, 154.0, 378.0
124, 17.0, 364.0
125, 591.0, 224.0
126, 296.0, 43.0
127, 442.0, 69.0
128, 344.0, 170.0
129, 432.0, 92.0
130, 733.0, 156.0
131, 177.0, 405.0
132, 230.0, 323.0
133, 48.0, 260.0
134, 499.0, 257.0
135, 242.0, 208.0
136, 338.0, 63.0
137, 319.0, 354.0
138, 270.0, 201.0
139, 217.0, 379.0
140, 305.0, 345.0
141, 315.0, 255.0
142, 526.0, 67.0
143, 303.0, 313.0
144, 325.0, 72.0
145, 430.0, 133.0
146, 538.0, 201.0
147, 304.0, 429.0
148, 216.0, 389.0
149, 151.0, 368.0
150, 421.0, 81.0
151, 542.0, 95.0
152, 359.0, 23.0
153, 231.0, 273.0
154, 459.0, 120.0
155, 433.0, 305.0
156, 439.0, 54.0
157, 738.0, 290.0
158, 523.0, 79.0
159, 538.0, 127.0
160, 704.0, 455.0
161, 238.0, 337.0
162, 509.0, 79.0
163, 466.0, 408.0
164, 196.0, 211.0
165, 595.0, 290.0
166, 243.0, 255.0
167, 13.0, 350.0
168, 320.0, 415.0
169, 416.0, 263.0
170, 527.0, 50.0
171, 58.0, 280.0
172, 141.0, 414.0
173, 482.0, 220.0
174, 510.0, 51.0
175, 304.0, 21.0
176, 324.0, 221.0
177, 208.0, 340.0
178, 152.0, 318.0
179, 311.0, 41.0
180, 423.0, 230.0
181, 482.0, 278.0
182, 598.0, 439.0
183, 37.0, 270.0
184, 401.0, 318.0
185, 237.0, 92.0
186, 124.0, 57.0
187, 73.0, 327.0
188, 444.0, 302.0
189, 36.0, 223.0
190, 364.0, 316.0
191, 661.0, 197.0
192, 343.0, 53.0
193, 514.0, 311.0
194, 378.0, 387.0
195, 485.0, 55.0
196, 228.0, 256.0
197, 385.0, 227.0
198, 186.0, 433.0
199, 326.0, 197.0
200, 517.0, 235.0
201, 30.0, 349.0
202, 377.0, 340.0
203, 434.0, 237.0
204, 551.0, 460.0
205, 314.0, 299.0
206, 471.0, 295.0
207, 477.0, 342.0
208, 73.0, 450.0
209, 371.0, 270.0
210, 235.0, 406.0
211, 226.0, 285.0
212, 600.0, 118.0
213, 506.0, 192.0
214, 244.0, 232.0
215, 285.0, 127.0
216, 444.0, 195.0
217, 521.0, 195.0
218, 71.0, 441.0
219, 549.0, 308.0
220, 171.0, 365.0
221, 443.0, 209.0
222, 435.0, 254.0
223, 42.0, 242.0
224, 740.0, 199.0
225, 719.0, 215.0
226, 595.0, 211.0
227, 462.0, 294.0
228, 366.0, 210.0
229, 470.0, 470.0
230, 582.0, 55.0
231, 196.0, 197.0
232, 682.0, 433.0
233, 100.0, 217.0
234, 474.0, 330.0
235, 117.0, 281.0
236, 193.0, 386.0
237, 413.0, 345.0
238, 196.0, 50.0
239, 420.0, 245.0
240, 592.0, 237.0
241, 492.0, 316.0
242, 273.0, 91.0
243, 354.0, 358.0
244, 464.0, 232.0
245, 78.0, 292.0
246, 673.0, 121.0
247, 316.0, 311.0
248, 495.0, 370.0
249, 299.0, 204.0
250, 233.0, 394.0
251, 622.0, 279.0
252, 68.0, 261.0
253, 678.0, 160.0
254, 112.0, 270.0
255, 415.0, 54.0
256, 495.0, 402.0
257, 266.0, 178.0
258, 482.0, 238.0
259, 237.0, 73.0
260, 462.0, 345.0
261, 582.0, 294.0
262, 73.0, 417.0
263, 633.0, 260.0
264, 594.0, 176.0
265, 317.0, 273.0
266, 310.0, 192.0
267, 247.0, 22.0
268, 294.0, 149.0
269, 307.0, 111.0
270, 326.0, 257.0
271, 443.0, 398.0
272, 388.0, 140.0
273, 552.0, 196.0
274, 507.0, 278.0
275, 218.0, 368.0
276, 487.0, 308.0
277, 458.0, 470.0
278, 94.0, 235.0
279, 33.0, 332.0
280, 404.0, 352.0
281, 393.0, 341.0
282, 130.0, 387.0
283, 42.0, 438.0
284, 724.0, 186.0
285, 689.0, 191.0
286, 702.0, 179.0
287, 144.0, 138.0
288, 23.0, 386.0
289, 322.0, 235.0
290, 78.0, 396.0
291, 378.0, 210.0
292, 309.0, 368.0
293, 705.0, 188.0
294, 560.0, 93.0
295, 229.0, 446.0
296, 495.0, 433.0
297, 207.0, 413.0
298, 438.0, 38.0
299, 447.0, 355.0
300, 517.0, 164.0
301, 573.0, 354.0
302, 275.0, 291.0
303, 137.0, 320.0
304, 237.0, 421.0
305, 379.0, 319.0
306, 565.0, 311.0
307, 265.0, 332.0
308, 513.0, 127.0
309, 144.0, 407.0
310, 437.0, 456.0
311, 740.0, 177.0
312, 246.0, 283.0
313, 163.0, 419.0
314, 504.0, 290.0
315, 580.0, 150.0
316, 553.0, 131.0
317, 400.0, 337.0
318, 582.0, 312.0
319, 348.0, 228.0
320, 158.0, 355.0
321, 410.0, 27.0
322, 622.0, 297.0
323, 303.0, 268.0
324, 417.0, 414.0
325, 596.0, 324.0
326, 409.0, 313.0
327, 142.0, 263.0
328, 139.0, 371.0
329, 465.0, 190.0
330, 369.0, 375.0
331, 455.0, 69.0
332, 609.0, 55.0
333, 430.0, 376.0
334, 119.0, 138.0
335, 602.0, 363.0
336, 656.0, 233.0
337, 493.0, 340.0
338, 88.0, 325.0
339, 679.0, 322.0
340, 296.0, 347.0
341, 663.0, 317.0
342, 320.0, 424.0
343, 163.0, 441.0
344, 430.0, 54.0
345, 205.0, 312.0
346, 381.0, 53.0
347, 564.0, 213.0
348, 468.0, 120.0
349, 41.0, 290.0
350, 61.0, 35.0
351, 719.0, 329.0
352, 263.0, 305.0
353, 157.0, 214.0
354, 420.0, 315.0
355, 439.0, 437.0
356, 442.0, 182.0
357, 668.0, 23.0
358, 11.0, 334.0
359, 393.0, 262.0
360, 431.0, 82.0
361, 318.0, 344.0
362, 357.0, 383.0
363, 298.0, 179.0
364, 136.0, 169.0
365, 725.0, 10.0
366, 271.0, 270.0
367, 579.0, 251.0
368, 312.0, 76.0
369, 679.0, 96.0
370, 107.0, 217.0
371, 198.0, 85.0
372, 417.0, 189.0
373, 611.0, 94.0
374, 175.0, 239.0
375, 57.0, 454.0
376, 429.0, 206.0
377, 356.0, 335.0
378, 23.0, 406.0
379, 216.0, 195.0
380, 468.0, 439.0
381, 352.0, 261.0
382, 285.0, 268.0
383, 530.0, 316.0
384, 145.0, 215.0
385, 395.0, 270.0
386, 420.0, 147.0
387, 96.0, 203.0
388, 53.0, 205.0
389, 464.0, 377.0
390, 422.0, 459.0
391, 593.0, 151.0
392, 582.0, 231.0
393, 531.0, 303.0
394, 36.0, 405.0
395, 421.0, 219.0
396, 48.0, 471.0
397, 479.0, 250.0
398, 668.0, 292.0
399, 347.0, 315.0
400, 450.0, 432.0
401, 228.0, 346.0
402, 211.0, 461.0
403, 555.0, 80.0
404, 434.0, 149.0
405, 684.0, 65.0
406, 60.0, 95.0
407, 455.0, 153.0
408, 453.0, 193.0
409, 199.0, 91.0
410, 156.0, 236.0
411, 143.0, 199.0
412, 322.0, 435.0
413, 408.0, 331.0
414, 230.0, 207.0
415, 11.0, 457.0
416, 64.0, 243.0
417, 26.0, 417.0
418, 270.0, 75.0
419, 284.0, 60.0
420, 390.0, 246.0
421, 525.0, 344.0
422, 646.0, 253.0
423, 158.0, 248.0
424, 194.0, 61.0
425, 738.0, 435.0
426, 666.0, 157.0
427, 510.0, 174.0
428, 232.0, 466.0
429, 217.0, 359.0
430, 110.0, 238.0
431, 597.0, 109.0
432, 435.0, 466.0
433, 522.0, 94.0
434, 37.0, 206.0
435, 177.0, 247.0
436, 272.0, 259.0
437, 734.0, 95.0
438, 474.0, 310.0
439, 324.0, 361.0
440, 180.0, 96.0
441, 20.0, 253.0
442, 245.0, 220.0
443, 147.0, 401.0
444, 331.0, 78.0
445, 687.0, 288.0
446, 465.0, 264.0
447, 212.0, 92.0
448, 738.0, 329.0
449, 348.0, 190.0
450, 712.0, 88.0
451, 238.0, 10.0
452, 455.0, 243.0
453, 165.0, 8.0
454, 148.0, 254.0
455, 423.0, 61.0
456, 156.0, 460.0
457, 52.0, 436.0
458, 226.0, 245.0
459, 641.0, 221.0
460, 549.0, 319.0
461, 69.0, 465.0
462, 198.0, 434.0
463, 66.0, 431.0
464, 344.0, 377.0
465, 357.0, 213.0
466, 374.0, 130.0
467, 80.0, 38.0
468, 536.0, 244.0
469, 284.0, 94.0
470, 405.0, 469.0
471, 452.0, 283.0
472, 177.0, 259.0
473, 47.0, 428.0
474, 619.0, 57.0
475, 499.0, 229.0
476, 44.0, 71.0
477, 273.0, 281.0
478, 437.0, 17.0
479, 22.0, 208.0
480, 275.0, 76.0
481, 430.0, 37.0
482, 637.0, 235.0
483, 325.0, 160.0
484, 465.0, 254.0
485, 316.0, 335.0
486, 679.0, 83.0
487, 701.0, 327.0
488, 684.0, 402.0
489, 383.0, 471.0
490, 239.0, 357.0
491, 555.0, 353.0
492, 379.0, 95.0
493, 10.0, 240.0
494, 616.0, 375.0
495, 720.0, 140.0
496, 556.0, 330.0
497, 215.0, 310.0
498, 72.0, 217.0
499, 14.0, 436.0
