0, 500.0, 254.0
1, 326.0, 305.0
2, 164.0, 105.0
3, 448.0, 331.0
4, 197.0, 341.0
5, 291.0, 208.0
6, 526.0, 209.0
7, 179.0, 105.0
8, 80.0, 85.0
9, 173.0, 421.0
10, 361.0, 336.0
11, 428.0, 408.0
12, 498.0, 267.0
13, 470.0, 406.0
14, 152.0, 67.0
15, 670.0, 178.0
16, 292.0, 102.0
17, 75.0, 385.0
18, 103.0, 123.0
19, 187.0, 266.0
20, 461.0, 335.0
21, 276.0, 209.0
22, 612.0, 156.0
23, 256.0, 300.0
24, 692.0, 162.0
25, 373.0, 333.0
26, 717.0, 398.0
27, 184.0, 406.0
28, 238.0, 235.0
29, 359.0, 376.0
30, 527.0, 63.0
31, 393.0, 313.0
32, 304.0, 434.0
33, 584.0, 219.0
34, 175.0, 300.0
35, 542.0, 149.0
36, 634.0, 191.0
37, 555.0, 150.0
38, 384.0, 343.0
39, 333.0, 254.0
40, 469.0, 373.0
41, 304.0, 227.0
42, 172.0, 458.0
43, 79.0, 73.0
44, 112.0, 440.0
45, 78.0, 342.0
46, 539.0, 175.0
47, 107.0, 64.0
48, 538.0, 189.0
49, 198.0, 369.0
50, 564.0, 224.0
51, 551.0, 178.0
52, 363.0, 270.0
53, 88.0, 327.0
54, 229.0, 249.0
55, 510.0, 216.0
56, 458.0, 349.0
57, 227.0, 86.0
58, 415.0, 275.0
59, 151.0, 372.0
60, 351.0, 232.0
61, 518.0, 200.0
62, 543.0, 345.0
63, 380.0, 116.0
64, 122.0, 122.0
65, 234.0, 286.0
66, 120.0, 108.0
67, 657.0, 432.0
68, 640.0, 158.0
69, 581.0, 357.0
70, 593.0, 56.0
71, 140.0, 362.0
72, 674.0, 160.0
73, 448.0, 207.0
74, 11.0, 289.0
75, 171.0, 409.0
76, 124.0, 394.0
77, 534.0, 199.0
78, 389.0, 363.0
79, 686.0, 319.0
80, 56.0, 350.0
81, 250.0, 453.0
82, 714.0, 322.0
83, 658.0, 302.0
84, 83.0, 417.0
85, 678.0, 142.0
86, 145.0, 331.0
87, 403.0, 75.0
88, 214.0, 394.0
89, 291.0, 334.0
90, 423.0, 460.0
91, 98.0, 347.0
92, 175.0, 441.0
93, 436.0, 458.0
94, 638.0, 174.0
95, 692.0, 239.0
96, 377.0, 89.0
97, 242.0, 467.0
98, 235.0, 304.0
99, 123.0, 365.0
100, 683.0, 197.0
101, 198.0, 93.0
102, 90.0, 435.0
103, 204.0, 113.0
104, 184.0, 217.0
105, 363.0, 384.0
106, 315.0, 385.0
107, 395.0, 400.0
108, 17.0, 306.0
109, 485.0, 402.0
110, 11.0, 127.0
111, 95.0, 64.0
112, 291.0, 83.0
113, 295.0, 410.0
114, 696.0, 143.0
115, 485.0, 322.0
116, 555.0, 211.0
117, 453.0, 279.0
118, 310.0, 84.0
119, 311.0, 113.0
120, 309.0, 239.0
121, 312.0, 101.0
122, 615.0, 139.0
123, 689.0, 179.0
124, 190.0, 397.0
125, 204.0, 261.0
126, 453.0, 417.0
127, 476.0, 109.0
128, 222.0, 227.0
129, 45.0, 377.0
130, 117.0, 88.0
131, 295.0, 114.0
132, 254.0, 250.0
133, 386.0, 282.0
134, 413.0, 364.0
135, 522.0, 98.0
136, 578.0, 56.0
137, 409.0, 402.0
138, 37.0, 280.0
139, 585.0, 279.0
140, 132.0, 348.0
141, 73.0, 360.0
142, 351.0, 386.0
143, 695.0, 223.0
144, 335.0, 408.0
145, 624.0, 259.0
146, 667.0, 194.0
147, 431.0, 275.0
148, 319.0, 238.0
149, 374.0, 258.0
150, 632.0, 229.0
151, 130.0, 422.0
152, 461.0, 103.0
153, 185.0, 389.0
154, 78.0, 321.0
155, 197.0, 424.0
156, 61.0, 264.0
157, 606.0, 186.0
158, 722.0, 130.0
159, 522.0, 113.0
160, 351.0, 322.0
161, 364.0, 348.0
162, 566.0, 212.0
163, 397.0, 453.0
164, 524.0, 84.0
165, 462.0, 315.0
166, 204.0, 446.0
167, 496.0, 325.0
168, 306.0, 332.0
169, 641.0, 245.0
170, 156.0, 87.0
171, 332.0, 236.0
172, 458.0, 374.0
173, 268.0, 277.0
174, 274.0, 111.0
175, 183.0, 88.0
176, 206.0, 100.0
177, 72.0, 277.0
178, 567.0, 266.0
179, 581.0, 232.0
180, 365.0, 399.0
181, 588.0, 291.0
182, 557.0, 136.0
183, 327.0, 423.0
184, 535.0, 415.0
185, 322.0, 436.0
186, 278.0, 274.0
187, 313.0, 304.0
188, 553.0, 165.0
189, 114.0, 256.0
190, 553.0, 227.0
191, 101.0, 109.0
192, 715.0, 164.0
193, 306.0, 41.0
194, 85.0, 126.0
195, 574.0, 78.0
196, 205.0, 386.0
197, 366.0, 300.0
198, 159.0, 362.0
199, 249.0, 281.0
200, 697.0, 88.0
201, 457.0, 385.0
202, 237.0, 98.0
203, 669.0, 11.0
204, 274.0, 339.0
205, 446.0, 111.0
206, 173.0, 357.0
207, 144.0, 448.0
208, 145.0, 462.0
209, 501.0, 197.0
210, 646.0, 266.0
211, 682.0, 128.0
212, 427.0, 209.0
213, 41.0, 358.0
214, 676.0, 237.0
215, 336.0, 223.0
216, 475.0, 329.0
217, 173.0, 250.0
218, 615.0, 298.0
219, 352.0, 351.0
220, 237.0, 264.0
221, 442.0, 427.0
222, 356.0, 297.0
223, 307.0, 288.0
224, 661.0, 374.0
225, 727.0, 390.0
226, 597.0, 353.0
227, 271.0, 412.0
228, 276.0, 193.0
229, 184.0, 417.0
230, 458.0, 364.0
231, 329.0, 117.0
232, 204.0, 349.0
233, 658.0, 70.0
234, 29.0, 72.0
235, 368.0, 416.0
236, 164.0, 396.0
237, 188.0, 356.0
238, 253.0, 440.0
239, 329.0, 131.0
240, 86.0, 375.0
241, 110.0, 326.0
242, 267.0, 242.0
243, 727.0, 458.0
244, 439.0, 314.0
245, 402.0, 90.0
246, 379.0, 103.0
247, 224.0, 307.0
248, 694.0, 267.0
249, 477.0, 260.0
250, 649.0, 232.0
251, 95.0, 88.0
252, 80.0, 307.0
253, 210.0, 331.0
254, 719.0, 144.0
255, 736.0, 433.0
256, 101.0, 358.0
257, 215.0, 403.0
258, 128.0, 380.0
259, 395.0, 419.0
260, 443.0, 268.0
261, 698.0, 321.0
262, 314.0, 253.0
263, 549.0, 245.0
264, 628.0, 360.0
265, 455.0, 259.0
266, 645.0, 141.0
267, 564.0, 247.0
268, 586.0, 348.0
269, 426.0, 447.0
270, 292.0, 264.0
271, 336.0, 382.0
272, 375.0, 357.0
273, 339.0, 298.0
274, 441.0, 283.0
275, 116.0, 361.0
276, 143.0, 402.0
277, 617.0, 427.0
278, 180.0, 372.0
279, 650.0, 291.0
280, 67.0, 311.0
281, 38.0, 48.0
282, 422.0, 304.0
283, 320.0, 278.0
284, 707.0, 446.0
285, 234.0, 318.0
286, 354.0, 132.0
287, 538.0, 62.0
288, 516.0, 63.0
289, 60.0, 377.0
290, 219.0, 239.0
291, 531.0, 164.0
292, 154.0, 342.0
293, 131.0, 266.0
294, 413.0, 320.0
295, 125.0, 437.0
296, 540.0, 162.0
297, 465.0, 120.0
298, 710.0, 183.0
299, 93.0, 401.0
300, 151.0, 105.0
301, 130.0, 134.0
302, 138.0, 251.0
303, 519.0, 344.0
304, 419.0, 427.0
305, 338.0, 277.0
306, 431.0, 36.0
307, 743.0, 445.0
308, 501.0, 410.0
309, 484.0, 314.0
310, 441.0, 441.0
311, 68.0, 330.0
312, 646.0, 301.0
313, 351.0, 243.0
314, 600.0, 254.0
315, 162.0, 412.0
316, 178.0, 79.0
317, 386.0, 470.0
318, 688.0, 438.0
319, 638.0, 426.0
320, 616.0, 35.0
321, 163.0, 381.0
322, 662.0, 386.0
323, 46.0, 298.0
324, 354.0, 89.0
325, 180.0, 346.0
326, 724.0, 110.0
327, 324.0, 290.0
328, 130.0, 96.0
329, 191.0, 57.0
330, 307.0, 410.0
331, 713.0, 364.0
332, 187.0, 172.0
333, 467.0, 287.0
334, 353.0, 220.0
335, 125.0, 457.0
336, 454.0, 60.0
337, 55.0, 85.0
338, 203.0, 307.0
339, 475.0, 394.0
340, 409.0, 251.0
341, 556.0, 203.0
342, 717.0, 423.0
343, 684.0, 456.0
344, 408.0, 384.0
345, 610.0, 170.0
346, 516.0, 232.0
347, 247.0, 343.0
348, 560.0, 111.0
349, 544.0, 135.0
350, 696.0, 54.0
351, 399.0, 294.0
352, 668.0, 315.0
353, 262.0, 135.0
354, 404.0, 446.0
355, 414.0, 288.0
356, 225.0, 453.0
357, 312.0, 131.0
358, 275.0, 439.0
359, 631.0, 298.0
360, 455.0, 457.0
361, 537.0, 80.0
362, 433.0, 421.0
363, 543.0, 274.0
364, 366.0, 462.0
365, 578.0, 413.0
366, 466.0, 274.0
367, 460.0, 129.0
368, 221.0, 326.0
369, 284.0, 39.0
370, 342.0, 316.0
371, 256.0, 59.0
372, 472.0, 355.0
373, 92.0, 73.0
374, 76.0, 370.0
375, 531.0, 233.0
376, 208.0, 227.0
377, 91.0, 257.0
378, 429.0, 91.0
379, 564.0, 343.0
380, 538.0, 393.0
381, 588.0, 419.0
382, 199.0, 404.0
383, 657.0, 253.0
384, 183.0, 161.0
385, 476.0, 311.0
386, 446.0, 243.0
387, 429.0, 131.0
388, 724.0, 410.0
389, 501.0, 370.0
390, 556.0, 409.0
391, 583.0, 247.0
392, 530.0, 248.0
393, 259.0, 94.0
394, 583.0, 66.0
395, 217.0, 263.0
396, 216.0, 120.0
397, 463.0, 86.0
398, 464.0, 40.0
399, 469.0, 384.0
400, 397.0, 371.0
401, 718.0, 264.0
402, 28.0, 268.0
403, 451.0, 309.0
404, 729.0, 372.0
405, 591.0, 340.0
406, 553.0, 330.0
407, 141.0, 385.0
408, 311.0, 420.0
409, 539.0, 334.0
410, 282.0, 119.0
411, 207.0, 247.0
412, 272.0, 320.0
413, 17.0, 42.0
414, 140.0, 262.0
415, 69.0, 345.0
416, 300.0, 344.0
417, 648.0, 111.0
418, 392.0, 332.0
419, 354.0, 451.0
420, 119.0, 408.0
421, 674.0, 284.0
422, 147.0, 139.0
423, 562.0, 288.0
424, 199.0, 29.0
425, 117.0, 51.0
426, 315.0, 14.0
427, 329.0, 100.0
428, 99.0, 335.0
429, 428.0, 317.0
430, 295.0, 229.0
431, 571.0, 303.0
432, 696.0, 98.0
433, 176.0, 471.0
434, 456.0, 401.0
435, 84.0, 364.0
436, 478.0, 384.0
437, 700.0, 76.0
438, 476.0, 227.0
439, 377.0, 384.0
440, 445.0, 101.0
441, 92.0, 16.0
442, 320.0, 331.0
443, 410.0, 425.0
444, 481.0, 298.0
445, 365.0, 436.0
446, 513.0, 413.0
447, 233.0, 32.0
448, 453.0, 88.0
449, 24.0, 331.0
450, 665.0, 257.0
451, 425.0, 341.0
452, 272.0, 298.0
453, 344.0, 421.0
454, 520.0, 242.0
455, 145.0, 354.0
456, 521.0, 128.0
457, 651.0, 359.0
458, 597.0, 368.0
459, 740.0, 267.0
460, 593.0, 452.0
461, 429.0, 374.0
462, 154.0, 183.0
463, 425.0, 389.0
464, 185.0, 251.0
465, 149.0, 360.0
466, 621.0, 244.0
467, 599.0, 291.0
468, 230.0, 273.0
469, 171.0, 260.0
470, 723.0, 310.0
471, 686.0, 187.0
472, 579.0, 208.0
473, 234.0, 412.0
474, 493.0, 44.0
475, 134.0, 391.0
476, 737.0, 51.0
477, 219.0, 430.0
478, 326.0, 320.0
479, 308.0, 392.0
480, 133.0, 368.0
481, 490.0, 129.0
482, 384.0, 393.0
483, 296.0, 132.0
484, 136.0, 236.0
485, 577.0, 198.0
486, 736.0, 244.0
487, 424.0, 269.0
488, 673.0, 57.0
489, 144.0, 437.0
490, 520.0, 268.0
491, 606.0, 239.0
492, 234.0, 338.0
493, 216.0, 132.0
494, 699.0, 384.0
495, 171.0, 270.0
496, 433.0, 257.0
497, 714.0, 246.0
498, 629.0, 209.0
499, 564.0, 88.0
