0, 215.0, 345.0
1, 253.0, 258.0
2, 700.0, 131.0
3, 131.0, 276.0
4, 65.0, 84.0
5, 220.0, 51.0
6, 207.0, 357.0
7, 322.0, 317.0
8, 138.0, 175.0
9, 416.0, 191.0
10, 68.0, 55.0
11, 609.0, 185.0
12, 111.0, 85.0
13, 228.0, 68.0
14, 61.0, 341.0
15, 189.0, 84.0
16, 695.0, 147.0
17, 131.0, 309.0
18, 321.0, 260.0
19, 661.0, 159.0
20, 161.0, 265.0
21, 292.0, 324.0
22, 339.0, 214.0
23, 304.0, 321.0
24, 149.0, 427.0
25, 416.0, 213.0
26, 313.0, 346.0
27, 337.0, 197.0
28, 127.0, 222.0
29, 581.0, 146.0
30, 233.0, 367.0
31, 270.0, 76.0
32, 215.0, 185.0
33, 282.0, 52.0
34, 587.0, 120.0
35, 574.0, 119.0
36, 321.0, 305.0
37, 150.0, 385.0
38, 240.0, 350.0
39, 525.0, 283.0
40, 218.0, 32.0
41, 553.0, 450.0
42, 433.0, 323.0
43, 289.0, 63.0
44, 335.0, 246.0
45, 569.0, 144.0
46, 313.0, 423.0
47, 18.0, 84.0
48, 214.0, 282.0
49, 336.0, 282.0
50, 263.0, 215.0
51, 280.0, 296.0
52, 574.0, 330.0
53, 491.0, 30.0
54, 555.0, 176.0
55, 353.0, 274.0
56, 67.0, 303.0
57, 366.0, 166.0
58, 105.0, 356.0
59, 337.0, 351.0
60, 568.0, 157.0
61, 585.0, 273.0
62, 603.0, 452.0
63, 268.0, 59.0
64, 409.0, 448.0
65, 592.0, 179.0
66, 256.0, 52.0
67, 206.0, 348.0
68, 394.0, 56.0
69, 549.0, 213.0
70, 362.0, 174.0
71, 604.0, 272.0
72, 735.0, 136.0
73, 642.0, 126.0
74, 571.0, 131.0
75, 261.0, 206.0
76, 481.0, 398.0
77, 111.0, 311.0
78, 540.0, 449.0
79, 669.0, 128.0
80, 230.0, 185.0
81, 140.0, 230.0
82, 147.0, 406.0
83, 595.0, 246.0
84, 716.0, 133.0
85, 542.0, 198.0
86, 339.0, 365.0
87, 121.0, 446.0
88, 449.0, 399.0
89, 226.0, 331.0
90, 104.0, 453.0
91, 164.0, 273.0
92, 216.0, 82.0
93, 158.0, 463.0
94, 721.0, 116.0
95, 563.0, 167.0
96, 204.0, 84.0
97, 355.0, 80.0
98, 512.0, 219.0
99, 11.0, 232.0
100, 605.0, 197.0
101, 722.0, 356.0
102, 247.0, 230.0
103, 313.0, 253.0
104, 669.0, 202.0
105, 414.0, 460.0
106, 589.0, 191.0
107, 323.0, 331.0
108, 488.0, 58.0
109, 299.0, 286.0
110, 149.0, 217.0
111, 278.0, 281.0
112, 443.0, 312.0
113, 377.0, 173.0
114, 597.0, 259.0
115, 322.0, 190.0
116, 252.0, 242.0
117, 139.0, 267.0
118, 175.0, 268.0
119, 60.0, 367.0
120, 352.0, 285.0
121, 614.0, 29.0
122, 356.0, 51.0
123, 220.0, 20.0
124, 660.0, 413.0
125, 305.0, 431.0
126, 274.0, 65.0
127, 273.0, 396.0
128, 184.0, 51.0
129, 163.0, 186.0
130, 137.0, 296.0
131, 589.0, 107.0
132, 706.0, 164.0
133, 23.0, 361.0
134, 408.0, 314.0
135, 305.0, 63.0
136, 290.0, 130.0
137, 548.0, 166.0
138, 118.0, 278.0
139, 646.0, 110.0
140, 393.0, 231.0
141, 313.0, 53.0
142, 561.0, 393.0
143, 94.0, 45.0
144, 490.0, 81.0
145, 357.0, 68.0
146, 559.0, 84.0
147, 334.0, 125.0
148, 482.0, 345.0
149, 456.0, 228.0
150, 520.0, 325.0
151, 635.0, 155.0
152, 540.0, 182.0
153, 511.0, 306.0
154, 230.0, 18.0
155, 433.0, 43.0
156, 713.0, 147.0
157, 64.0, 254.0
158, 303.0, 214.0
159, 229.0, 82.0
160, 226.0, 353.0
161, 127.0, 322.0
162, 444.0, 441.0
163, 503.0, 74.0
164, 92.0, 315.0
165, 555.0, 328.0
166, 19.0, 250.0
167, 583.0, 134.0
168, 689.0, 214.0
169, 486.0, 170.0
170, 340.0, 407.0
171, 233.0, 238.0
172, 162.0, 235.0
173, 665.0, 144.0
174, 153.0, 48.0
175, 271.0, 254.0
176, 632.0, 209.0
177, 379.0, 129.0
178, 620.0, 289.0
179, 246.0, 196.0
180, 532.0, 219.0
181, 422.0, 313.0
182, 433.0, 235.0
183, 123.0, 118.0
184, 459.0, 343.0
185, 691.0, 162.0
186, 48.0, 329.0
187, 184.0, 225.0
188, 356.0, 255.0
189, 512.0, 279.0
190, 741.0, 117.0
191, 225.0, 342.0
192, 468.0, 228.0
193, 697.0, 199.0
194, 354.0, 419.0
195, 59.0, 419.0
196, 161.0, 255.0
197, 298.0, 387.0
198, 339.0, 455.0
199, 63.0, 279.0
200, 96.0, 284.0
201, 203.0, 70.0
202, 370.0, 182.0
203, 124.0, 207.0
204, 705.0, 114.0
205, 213.0, 373.0
206, 150.0, 174.0
207, 59.0, 329.0
208, 180.0, 347.0
209, 727.0, 333.0
210, 556.0, 35.0
211, 45.0, 53.0
212, 295.0, 234.0
213, 239.0, 253.0
214, 628.0, 31.0
215, 107.0, 301.0
216, 198.0, 220.0
217, 58.0, 54.0
218, 312.0, 398.0
219, 107.0, 290.0
220, 122.0, 167.0
221, 208.0, 260.0
222, 135.0, 413.0
223, 640.0, 139.0
224, 308.0, 335.0
225, 498.0, 234.0
226, 110.0, 45.0
227, 298.0, 399.0
228, 731.0, 152.0
229, 272.0, 268.0
230, 479.0, 257.0
231, 611.0, 346.0
232, 468.0, 171.0
233, 195.0, 30.0
234, 87.0, 250.0
235, 503.0, 430.0
236, 719.0, 320.0
237, 595.0, 397.0
238, 130.0, 389.0
239, 159.0, 436.0
240, 366.0, 212.0
241, 523.0, 444.0
242, 103.0, 189.0
243, 667.0, 367.0
244, 313.0, 114.0
245, 701.0, 269.0
246, 354.0, 237.0
247, 450.0, 305.0
248, 138.0, 219.0
249, 192.0, 351.0
250, 511.0, 13.0
251, 485.0, 374.0
252, 709.0, 395.0
253, 337.0, 164.0
254, 387.0, 82.0
255, 544.0, 227.0
256, 455.0, 254.0
257, 188.0, 69.0
258, 718.0, 375.0
259, 617.0, 201.0
260, 613.0, 257.0
261, 567.0, 35.0
262, 716.0, 187.0
263, 516.0, 79.0
264, 183.0, 30.0
265, 634.0, 294.0
266, 537.0, 468.0
267, 202.0, 52.0
268, 388.0, 202.0
269, 312.0, 291.0
270, 48.0, 243.0
271, 427.0, 186.0
272, 294.0, 339.0
273, 684.0, 435.0
274, 111.0, 395.0
275, 618.0, 228.0
276, 494.0, 411.0
277, 691.0, 47.0
278, 577.0, 106.0
279, 470.0, 393.0
280, 301.0, 273.0
281, 211.0, 155.0
282, 334.0, 97.0
283, 123.0, 358.0
284, 671.0, 416.0
285, 34.0, 257.0
286, 288.0, 284.0
287, 334.0, 301.0
288, 105.0, 133.0
289, 228.0, 211.0
290, 377.0, 205.0
291, 562.0, 134.0
292, 445.0, 289.0
293, 411.0, 58.0
294, 506.0, 57.0
295, 611.0, 417.0
296, 266.0, 240.0
297, 608.0, 403.0
298, 533.0, 164.0
299, 519.0, 471.0
300, 729.0, 407.0
301, 115.0, 420.0
302, 240.0, 98.0
303, 268.0, 176.0
304, 128.0, 235.0
305, 367.0, 232.0
306, 294.0, 262.0
307, 674.0, 340.0
308, 368.0, 248.0
309, 674.0, 112.0
310, 356.0, 195.0
311, 672.0, 471.0
312, 505.0, 90.0
313, 33.0, 341.0
314, 564.0, 449.0
315, 557.0, 194.0
316, 461.0, 330.0
317, 672.0, 219.0
318, 324.0, 390.0
319, 596.0, 83.0
320, 627.0, 445.0
321, 136.0, 61.0
322, 259.0, 95.0
323, 199.0, 286.0
324, 170.0, 400.0
325, 419.0, 165.0
326, 333.0, 228.0
327, 485.0, 272.0
328, 392.0, 296.0
329, 676.0, 239.0
330, 446.0, 427.0
331, 556.0, 429.0
332, 261.0, 327.0
333, 497.0, 393.0
334, 21.0, 53.0
335, 584.0, 171.0
336, 577.0, 35.0
337, 238.0, 342.0
338, 481.0, 9.0
339, 463.0, 292.0
340, 480.0, 237.0
341, 679.0, 84.0
342, 404.0, 199.0
343, 271.0, 314.0
344, 276.0, 354.0
345, 469.0, 247.0
346, 216.0, 358.0
347, 396.0, 136.0
348, 145.0, 257.0
349, 172.0, 249.0
350, 126.0, 374.0
351, 84.0, 236.0
352, 652.0, 297.0
353, 66.0, 320.0
354, 559.0, 70.0
355, 520.0, 202.0
356, 379.0, 295.0
357, 376.0, 192.0
358, 47.0, 300.0
359, 131.0, 40.0
360, 308.0, 123.0
361, 322.0, 76.0
362, 486.0, 433.0
363, 325.0, 247.0
364, 506.0, 317.0
365, 447.0, 410.0
366, 236.0, 52.0
367, 355.0, 95.0
368, 325.0, 364.0
369, 123.0, 40.0
370, 215.0, 95.0
371, 737.0, 384.0
372, 336.0, 258.0
373, 542.0, 324.0
374, 83.0, 361.0
375, 288.0, 273.0
376, 695.0, 236.0
377, 444.0, 273.0
378, 394.0, 95.0
379, 577.0, 391.0
380, 342.0, 81.0
381, 494.0, 322.0
382, 563.0, 56.0
383, 432.0, 221.0
384, 426.0, 177.0
385, 386.0, 186.0
386, 152.0, 203.0
387, 248.0, 208.0
388, 478.0, 312.0
389, 462.0, 88.0
390, 724.0, 65.0
391, 447.0, 210.0
392, 113.0, 225.0
393, 172.0, 424.0
394, 592.0, 329.0
395, 696.0, 454.0
396, 474.0, 98.0
397, 323.0, 286.0
398, 409.0, 98.0
399, 26.0, 303.0
400, 236.0, 196.0
401, 82.0, 431.0
402, 729.0, 427.0
403, 502.0, 203.0
404, 111.0, 241.0
405, 667.0, 315.0
406, 139.0, 322.0
407, 533.0, 320.0
408, 40.0, 409.0
409, 638.0, 405.0
410, 709.0, 102.0
411, 81.0, 9.0
412, 104.0, 223.0
413, 695.0, 373.0
414, 696.0, 323.0
415, 153.0, 277.0
416, 263.0, 195.0
417, 520.0, 380.0
418, 645.0, 454.0
419, 141.0, 452.0
420, 281.0, 25.0
421, 192.0, 141.0
422, 81.0, 179.0
423, 106.0, 380.0
424, 334.0, 69.0
425, 323.0, 411.0
426, 345.0, 322.0
427, 556.0, 98.0
428, 636.0, 353.0
429, 442.0, 454.0
430, 377.0, 432.0
431, 598.0, 222.0
432, 214.0, 68.0
433, 172.0, 292.0
434, 138.0, 365.0
435, 575.0, 52.0
436, 138.0, 430.0
437, 118.0, 326.0
438, 714.0, 224.0
439, 371.0, 84.0
440, 224.0, 171.0
441, 429.0, 84.0
442, 89.0, 304.0
443, 133.0, 50.0
444, 734.0, 220.0
445, 599.0, 68.0
446, 186.0, 196.0
447, 653.0, 200.0
448, 154.0, 12.0
449, 354.0, 166.0
450, 532.0, 386.0
451, 32.0, 381.0
452, 72.0, 285.0
453, 608.0, 52.0
454, 125.0, 130.0
455, 351.0, 433.0
456, 248.0, 333.0
457, 521.0, 255.0
458, 709.0, 156.0
459, 461.0, 311.0
460, 380.0, 249.0
461, 628.0, 234.0
462, 201.0, 426.0
463, 186.0, 376.0
464, 686.0, 401.0
465, 71.0, 336.0
466, 225.0, 421.0
467, 160.0, 86.0
468, 743.0, 395.0
469, 620.0, 463.0
470, 726.0, 35.0
471, 527.0, 98.0
472, 236.0, 286.0
473, 482.0, 205.0
474, 530.0, 250.0
475, 303.0, 200.0
476, 666.0, 225.0
477, 684.0, 265.0
478, 145.0, 36.0
479, 464.0, 470.0
480, 562.0, 295.0
481, 279.0, 141.0
482, 538.0, 366.0
483, 323.0, 344.0
484, 580.0, 299.0
485, 59.0, 177.0
486, 417.0, 231.0
487, 501.0, 98.0
488, 459.0, 427.0
489, 474.0, 87.0
490, 455.0, 457.0
491, 611.0, 294.0
492, 120.0, 213.0
493, 219.0, 366.0
494, 624.0, 415.0
495, 226.0, 377.0
496, 87.0, 152.0
497, 217.0, 329.0
498, 209.0, 216.0
499, 671.0, 297.0
