0, 284.0, 8.0
1, 294.0, 10.0
2, 335.0, 11.0
3, 311.0, 14.0
4, 196.0, 20.0
5, 355.0, 20.0
6, 209.0, 22.0
7, 285.0, 22.0
8, 391.0, 28.0
9, 332.0, 33.0
10, 118.0, 38.0
11, 211.0, 38.0
12, 418.0, 38.0
13, 133.0, 39.0
14, 440.0, 40.0
15, 431.0, 41.0
16, 457.0, 41.0
17, 191.0, 44.0
18, 137.0, 45.0
19, 412.0, 45.0
20, 155.0, 46.0
21, 119.0, 47.0
22, 383.0, 47.0
23, 427.0, 48.0
24, 202.0, 49.0
25, 214.0, 49.0
26, 393.0, 50.0
27, 192.0, 51.0
28, 228.0, 51.0
29, 233.0, 51.0
30, 439.0, 52.0
31, 157.0, 53.0
32, 121.0, 54.0
33, 456.0, 54.0
34, 238.0, 55.0
35, 194.0, 56.0
36, 249.0, 56.0
37, 528.0, 56.0
38, 140.0, 57.0
39, 277.0, 57.0
40, 470.0, 57.0
41, 159.0, 58.0
42, 268.0, 58.0
43, 412.0, 58.0
44, 492.0, 59.0
45, 192.0, 61.0
46, 502.0, 61.0
47, 205.0, 62.0
48, 214.0, 62.0
49, 226.0, 64.0
50, 431.0, 64.0
51, 527.0, 64.0
52, 555.0, 65.0
53, 566.0, 65.0
54, 441.0, 66.0
55, 454.0, 67.0
56, 532.0, 67.0
57, 128.0, 69.0
58, 544.0, 69.0
59, 279.0, 71.0
60, 539.0, 72.0
61, 558.0, 72.0
62, 678.0, 73.0
63, 200.0, 74.0
64, 505.0, 74.0
65, 518.0, 74.0
66, 163.0, 75.0
67, 410.0, 75.0
68, 227.0, 77.0
69, 389.0, 77.0
70, 429.0, 77.0
71, 530.0, 77.0
72, 436.0, 78.0
73, 232.0, 79.0
74, 267.0, 79.0
75, 442.0, 79.0
76, 254.0, 80.0
77, 453.0, 80.0
78, 464.0, 82.0
79, 480.0, 82.0
80, 504.0, 83.0
81, 512.0, 83.0
82, 409.0, 84.0
83, 193.0, 85.0
84, 131.0, 86.0
85, 164.0, 86.0
86, 202.0, 86.0
87, 215.0, 86.0
88, 226.0, 86.0
89, 426.0, 86.0
90, 536.0, 86.0
91, 550.0, 87.0
92, 279.0, 88.0
93, 526.0, 89.0
94, 577.0, 89.0
95, 672.0, 89.0
96, 484.0, 90.0
97, 165.0, 91.0
98, 389.0, 91.0
99, 437.0, 91.0
100, 602.0, 91.0
101, 228.0, 92.0
102, 233.0, 92.0
103, 243.0, 93.0
104, 254.0, 93.0
105, 271.0, 93.0
106, 451.0, 93.0
107, 502.0, 93.0
108, 595.0, 93.0
109, 194.0, 94.0
110, 210.0, 94.0
111, 510.0, 94.0
112, 562.0, 94.0
113, 127.0, 95.0
114, 223.0, 95.0
115, 465.0, 95.0
116, 624.0, 95.0
117, 167.0, 96.0
118, 581.0, 96.0
119, 637.0, 96.0
120, 475.0, 97.0
121, 576.0, 97.0
122, 492.0, 98.0
123, 660.0, 98.0
124, 407.0, 100.0
125, 593.0, 100.0
126, 524.0, 101.0
127, 106.0, 103.0
128, 128.0, 103.0
129, 393.0, 103.0
130, 423.0, 103.0
131, 509.0, 103.0
132, 670.0, 103.0
133, 435.0, 104.0
134, 298.0, 105.0
135, 404.0, 105.0
136, 532.0, 105.0
137, 449.0, 106.0
138, 465.0, 106.0
139, 474.0, 106.0
140, 558.0, 106.0
141, 577.0, 106.0
142, 316.0, 107.0
143, 592.0, 107.0
144, 225.0, 108.0
145, 494.0, 108.0
146, 132.0, 109.0
147, 169.0, 109.0
148, 156.0, 110.0
149, 338.0, 110.0
150, 607.0, 110.0
151, 343.0, 111.0
152, 451.0, 111.0
153, 619.0, 112.0
154, 361.0, 113.0
155, 463.0, 113.0
156, 638.0, 114.0
157, 375.0, 115.0
158, 481.0, 115.0
159, 508.0, 115.0
160, 548.0, 115.0
161, 205.0, 116.0
162, 529.0, 116.0
163, 654.0, 116.0
164, 538.0, 117.0
165, 667.0, 117.0
166, 385.0, 118.0
167, 342.0, 119.0
168, 293.0, 120.0
169, 356.0, 121.0
170, 400.0, 121.0
171, 676.0, 121.0
172, 307.0, 122.0
173, 362.0, 122.0
174, 409.0, 122.0
175, 312.0, 123.0
176, 367.0, 123.0
177, 494.0, 123.0
178, 499.0, 123.0
179, 519.0, 123.0
180, 322.0, 125.0
181, 535.0, 125.0
182, 256.0, 126.0
183, 328.0, 126.0
184, 385.0, 126.0
185, 340.0, 127.0
186, 393.0, 128.0
187, 446.0, 128.0
188, 353.0, 130.0
189, 463.0, 130.0
190, 541.0, 130.0
191, 359.0, 131.0
192, 415.0, 131.0
193, 364.0, 132.0
194, 429.0, 133.0
195, 476.0, 133.0
196, 372.0, 134.0
197, 381.0, 135.0
198, 386.0, 136.0
199, 391.0, 137.0
200, 450.0, 137.0
201, 400.0, 138.0
202, 456.0, 138.0
203, 198.0, 139.0
204, 410.0, 140.0
205, 469.0, 140.0
206, 193.0, 141.0
207, 342.0, 142.0
208, 551.0, 142.0
209, 428.0, 143.0
210, 435.0, 144.0
211, 493.0, 147.0
212, 549.0, 147.0
213, 459.0, 148.0
214, 577.0, 148.0
215, 267.0, 152.0
216, 558.0, 153.0
217, 567.0, 155.0
218, 467.0, 156.0
219, 119.0, 157.0
220, 477.0, 158.0
221, 536.0, 159.0
222, 449.0, 160.0
223, 535.0, 164.0
224, 327.0, 165.0
225, 481.0, 165.0
226, 333.0, 167.0
227, 340.0, 168.0
228, 469.0, 168.0
229, 551.0, 169.0
230, 445.0, 170.0
231, 581.0, 170.0
232, 190.0, 172.0
233, 591.0, 172.0
234, 250.0, 175.0
235, 303.0, 176.0
236, 468.0, 177.0
237, 396.0, 179.0
238, 136.0, 180.0
239, 477.0, 181.0
240, 526.0, 181.0
241, 538.0, 181.0
242, 226.0, 182.0
243, 306.0, 182.0
244, 411.0, 182.0
245, 242.0, 186.0
246, 503.0, 187.0
247, 511.0, 188.0
248, 569.0, 188.0
249, 207.0, 189.0
250, 259.0, 190.0
251, 522.0, 191.0
252, 270.0, 193.0
253, 669.0, 193.0
254, 381.0, 194.0
255, 463.0, 194.0
256, 185.0, 195.0
257, 219.0, 195.0
258, 240.0, 195.0
259, 663.0, 195.0
260, 53.0, 197.0
261, 476.0, 197.0
262, 487.0, 199.0
263, 560.0, 199.0
264, 405.0, 200.0
265, 568.0, 200.0
266, 204.0, 201.0
267, 499.0, 202.0
268, 649.0, 204.0
269, 174.0, 205.0
270, 335.0, 205.0
271, 353.0, 205.0
272, 511.0, 205.0
273, 52.0, 206.0
274, 516.0, 206.0
275, 20.0, 207.0
276, 248.0, 208.0
277, 523.0, 208.0
278, 149.0, 209.0
279, 609.0, 209.0
280, 726.0, 209.0
281, 351.0, 210.0
282, 452.0, 211.0
283, 545.0, 212.0
284, 191.0, 213.0
285, 511.0, 213.0
286, 629.0, 213.0
287, 341.0, 215.0
288, 359.0, 215.0
289, 468.0, 215.0
290, 179.0, 217.0
291, 522.0, 217.0
292, 652.0, 217.0
293, 480.0, 218.0
294, 378.0, 220.0
295, 670.0, 221.0
296, 125.0, 224.0
297, 135.0, 225.0
298, 508.0, 225.0
299, 151.0, 227.0
300, 521.0, 228.0
301, 111.0, 229.0
302, 141.0, 229.0
303, 322.0, 230.0
304, 638.0, 230.0
305, 643.0, 231.0
306, 425.0, 232.0
307, 539.0, 232.0
308, 648.0, 233.0
309, 548.0, 234.0
310, 435.0, 235.0
311, 136.0, 237.0
312, 329.0, 237.0
313, 143.0, 238.0
314, 335.0, 240.0
315, 341.0, 240.0
316, 154.0, 243.0
317, 149.0, 245.0
318, 333.0, 245.0
319, 477.0, 246.0
320, 143.0, 247.0
321, 502.0, 253.0
322, 550.0, 255.0
323, 743.0, 256.0
324, 518.0, 257.0
325, 316.0, 258.0
326, 385.0, 262.0
327, 539.0, 262.0
328, 390.0, 263.0
329, 424.0, 264.0
330, 548.0, 266.0
331, 499.0, 267.0
332, 358.0, 269.0
333, 257.0, 270.0
334, 416.0, 271.0
335, 421.0, 272.0
336, 84.0, 273.0
337, 279.0, 274.0
338, 263.0, 275.0
339, 304.0, 277.0
340, 289.0, 279.0
341, 515.0, 280.0
342, 253.0, 282.0
343, 51.0, 284.0
344, 122.0, 284.0
345, 207.0, 287.0
346, 28.0, 288.0
347, 279.0, 289.0
348, 492.0, 294.0
349, 525.0, 295.0
350, 122.0, 296.0
351, 665.0, 296.0
352, 248.0, 297.0
353, 670.0, 297.0
354, 398.0, 298.0
355, 304.0, 299.0
356, 541.0, 300.0
357, 254.0, 301.0
358, 512.0, 301.0
359, 261.0, 302.0
360, 548.0, 302.0
361, 525.0, 304.0
362, 708.0, 307.0
363, 551.0, 308.0
364, 642.0, 314.0
365, 579.0, 316.0
366, 268.0, 317.0
367, 89.0, 318.0
368, 182.0, 319.0
369, 526.0, 320.0
370, 649.0, 320.0
371, 555.0, 321.0
372, 81.0, 323.0
373, 541.0, 325.0
374, 582.0, 325.0
375, 105.0, 326.0
376, 165.0, 326.0
377, 183.0, 328.0
378, 385.0, 330.0
379, 64.0, 331.0
380, 257.0, 338.0
381, 483.0, 341.0
382, 93.0, 343.0
383, 223.0, 344.0
384, 37.0, 345.0
385, 64.0, 347.0
386, 138.0, 347.0
387, 32.0, 348.0
388, 155.0, 349.0
389, 78.0, 350.0
390, 159.0, 354.0
391, 15.0, 357.0
392, 168.0, 357.0
393, 206.0, 357.0
394, 222.0, 357.0
395, 41.0, 358.0
396, 46.0, 358.0
397, 524.0, 359.0
398, 227.0, 360.0
399, 536.0, 360.0
400, 470.0, 362.0
401, 697.0, 362.0
402, 711.0, 363.0
403, 732.0, 363.0
404, 477.0, 364.0
405, 155.0, 367.0
406, 742.0, 368.0
407, 176.0, 371.0
408, 163.0, 372.0
409, 199.0, 373.0
410, 503.0, 373.0
411, 75.0, 378.0
412, 522.0, 380.0
413, 563.0, 380.0
414, 475.0, 381.0
415, 536.0, 382.0
416, 83.0, 384.0
417, 220.0, 384.0
418, 261.0, 386.0
419, 195.0, 388.0
420, 472.0, 389.0
421, 173.0, 390.0
422, 500.0, 390.0
423, 156.0, 393.0
424, 95.0, 394.0
425, 471.0, 394.0
426, 135.0, 395.0
427, 561.0, 397.0
428, 248.0, 399.0
429, 487.0, 399.0
430, 134.0, 400.0
431, 496.0, 404.0
432, 133.0, 405.0
433, 233.0, 406.0
434, 154.0, 408.0
435, 521.0, 408.0
436, 173.0, 413.0
437, 535.0, 414.0
438, 545.0, 418.0
439, 465.0, 420.0
440, 522.0, 425.0
441, 111.0, 426.0
442, 151.0, 426.0
443, 163.0, 427.0
444, 132.0, 429.0
445, 99.0, 432.0
446, 94.0, 436.0
447, 217.0, 440.0
448, 92.0, 441.0
449, 546.0, 441.0
450, 547.0, 446.0
451, 135.0, 458.0
452, 111.0, 463.0
453, 116.0, 464.0
454, 68.0, 469.0
