0, 408.0, 186.0
1, 72.0, 317.0
2, 275.0, 353.0
3, 533.0, 448.0
4, 231.0, 232.0
5, 319.0, 376.0
6, 173.0, 296.0
7, 367.0, 50.0
8, 372.0, 35.0
9, 247.0, 180.0
10, 267.0, 288.0
11, 574.0, 385.0
12, 277.0, 277.0
13, 372.0, 17.0
14, 431.0, 245.0
15, 587.0, 372.0
16, 75.0, 326.0
17, 255.0, 185.0
18, 522.0, 461.0
19, 326.0, 293.0
20, 100.0, 223.0
21, 461.0, 248.0
22, 305.0, 377.0
23, 577.0, 220.0
24, 505.0, 201.0
25, 133.0, 430.0
26, 440.0, 116.0
27, 457.0, 284.0
28, 131.0, 381.0
29, 458.0, 273.0
30, 347.0, 177.0
31, 268.0, 313.0
32, 126.0, 301.0
33, 421.0, 431.0
34, 126.0, 64.0
35, 325.0, 216.0
36, 183.0, 295.0
37, 296.0, 451.0
38, 437.0, 286.0
39, 333.0, 64.0
40, 297.0, 287.0
41, 641.0, 217.0
42, 301.0, 333.0
43, 285.0, 351.0
44, 124.0, 461.0
45, 611.0, 270.0
46, 570.0, 181.0
47, 299.0, 316.0
48, 234.0, 222.0
49, 488.0, 261.0
50, 307.0, 449.0
51, 119.0, 257.0
52, 280.0, 299.0
53, 305.0, 392.0
54, 663.0, 456.0
55, 26.0, 439.0
56, 408.0, 299.0
57, 357.0, 212.0
58, 362.0, 34.0
59, 431.0, 42.0
60, 278.0, 385.0
61, 584.0, 344.0
62, 232.0, 63.0
63, 355.0, 167.0
64, 467.0, 283.0
65, 128.0, 448.0
66, 140.0, 381.0
67, 143.0, 411.0
68, 47.0, 237.0
69, 576.0, 297.0
70, 98.0, 60.0
71, 439.0, 415.0
72, 264.0, 179.0
73, 481.0, 179.0
74, 309.0, 65.0
75, 346.0, 52.0
76, 115.0, 208.0
77, 242.0, 203.0
78, 120.0, 245.0
79, 151.0, 209.0
80, 120.0, 381.0
81, 267.0, 301.0
82, 290.0, 436.0
83, 521.0, 168.0
84, 333.0, 51.0
85, 566.0, 163.0
86, 104.0, 334.0
87, 90.0, 28.0
88, 402.0, 41.0
89, 297.0, 254.0
90, 444.0, 440.0
91, 16.0, 331.0
92, 493.0, 235.0
93, 394.0, 166.0
94, 107.0, 24.0
95, 217.0, 64.0
96, 448.0, 255.0
97, 490.0, 253.0
98, 470.0, 209.0
99, 143.0, 295.0
100, 206.0, 74.0
101, 667.0, 215.0
102, 352.0, 187.0
103, 159.0, 330.0
104, 393.0, 35.0
105, 194.0, 329.0
106, 144.0, 428.0
107, 248.0, 249.0
108, 281.0, 452.0
109, 574.0, 340.0
110, 318.0, 260.0
111, 440.0, 33.0
112, 436.0, 430.0
113, 314.0, 301.0
114, 151.0, 10.0
115, 402.0, 56.0
116, 129.0, 269.0
117, 470.0, 176.0
118, 278.0, 288.0
119, 416.0, 42.0
120, 639.0, 228.0
121, 67.0, 304.0
122, 237.0, 36.0
123, 116.0, 340.0
124, 406.0, 308.0
125, 512.0, 160.0
126, 25.0, 321.0
127, 483.0, 47.0
128, 176.0, 55.0
129, 453.0, 359.0
130, 346.0, 227.0
131, 559.0, 388.0
132, 441.0, 243.0
133, 156.0, 34.0
134, 606.0, 250.0
135, 204.0, 35.0
136, 356.0, 226.0
137, 88.0, 335.0
138, 487.0, 456.0
139, 210.0, 195.0
140, 277.0, 228.0
141, 271.0, 53.0
142, 520.0, 194.0
143, 535.0, 35.0
144, 166.0, 181.0
145, 588.0, 222.0
146, 203.0, 172.0
147, 313.0, 288.0
148, 220.0, 35.0
149, 411.0, 229.0
150, 81.0, 304.0
151, 74.0, 454.0
152, 381.0, 444.0
153, 354.0, 200.0
154, 308.0, 33.0
155, 554.0, 412.0
156, 12.0, 323.0
157, 503.0, 339.0
158, 346.0, 216.0
159, 449.0, 331.0
160, 86.0, 317.0
161, 302.0, 411.0
162, 549.0, 308.0
163, 130.0, 314.0
164, 737.0, 17.0
165, 423.0, 417.0
166, 576.0, 405.0
167, 295.0, 244.0
168, 411.0, 32.0
169, 582.0, 315.0
170, 412.0, 283.0
171, 295.0, 352.0
172, 440.0, 193.0
173, 715.0, 164.0
174, 663.0, 225.0
175, 309.0, 75.0
176, 276.0, 201.0
177, 303.0, 363.0
178, 435.0, 308.0
179, 305.0, 244.0
180, 154.0, 246.0
181, 132.0, 30.0
182, 645.0, 304.0
183, 723.0, 154.0
184, 273.0, 240.0
185, 648.0, 278.0
186, 679.0, 259.0
187, 345.0, 193.0
188, 249.0, 30.0
189, 703.0, 174.0
190, 521.0, 425.0
191, 314.0, 222.0
192, 451.0, 273.0
193, 727.0, 139.0
194, 503.0, 461.0
195, 143.0, 362.0
196, 122.0, 227.0
197, 204.0, 64.0
198, 621.0, 231.0
199, 412.0, 154.0
200, 133.0, 153.0
201, 173.0, 331.0
202, 689.0, 444.0
203, 43.0, 253.0
204, 52.0, 261.0
205, 44.0, 465.0
206, 386.0, 138.0
207, 529.0, 180.0
208, 151.0, 169.0
209, 63.0, 291.0
210, 305.0, 434.0
211, 366.0, 77.0
212, 256.0, 202.0
213, 438.0, 56.0
214, 282.0, 312.0
215, 222.0, 193.0
216, 541.0, 398.0
217, 566.0, 366.0
218, 333.0, 185.0
219, 254.0, 172.0
220, 516.0, 349.0
221, 125.0, 390.0
222, 395.0, 278.0
223, 488.0, 291.0
224, 423.0, 399.0
225, 287.0, 380.0
226, 291.0, 466.0
227, 26.0, 236.0
228, 324.0, 445.0
229, 512.0, 61.0
230, 649.0, 36.0
231, 650.0, 241.0
232, 393.0, 47.0
233, 172.0, 203.0
234, 10.0, 443.0
235, 464.0, 149.0
236, 549.0, 191.0
237, 65.0, 250.0
238, 155.0, 413.0
239, 290.0, 395.0
240, 78.0, 337.0
241, 497.0, 46.0
242, 480.0, 60.0
243, 75.0, 464.0
244, 289.0, 64.0
245, 336.0, 156.0
246, 636.0, 65.0
247, 187.0, 242.0
248, 442.0, 399.0
249, 651.0, 390.0
250, 660.0, 323.0
251, 382.0, 458.0
252, 81.0, 225.0
253, 31.0, 341.0
254, 78.0, 379.0
255, 278.0, 436.0
256, 87.0, 366.0
257, 419.0, 447.0
258, 321.0, 247.0
259, 480.0, 193.0
260, 402.0, 210.0
261, 470.0, 226.0
262, 366.0, 63.0
263, 62.0, 191.0
264, 346.0, 157.0
265, 609.0, 426.0
266, 478.0, 73.0
267, 595.0, 162.0
268, 583.0, 392.0
269, 346.0, 35.0
270, 169.0, 466.0
271, 297.0, 304.0
272, 511.0, 178.0
273, 653.0, 75.0
274, 426.0, 274.0
275, 139.0, 9.0
276, 741.0, 143.0
277, 304.0, 421.0
278, 349.0, 306.0
279, 584.0, 428.0
280, 194.0, 315.0
281, 555.0, 145.0
282, 523.0, 35.0
283, 365.0, 310.0
284, 420.0, 339.0
285, 516.0, 185.0
286, 207.0, 238.0
287, 396.0, 151.0
288, 455.0, 296.0
289, 289.0, 184.0
290, 365.0, 179.0
291, 735.0, 426.0
292, 568.0, 227.0
293, 563.0, 401.0
294, 131.0, 419.0
295, 150.0, 396.0
296, 108.0, 345.0
297, 561.0, 305.0
298, 295.0, 119.0
299, 174.0, 308.0
300, 99.0, 458.0
301, 379.0, 194.0
302, 134.0, 330.0
303, 213.0, 217.0
304, 271.0, 408.0
305, 455.0, 194.0
306, 447.0, 458.0
307, 428.0, 124.0
308, 292.0, 423.0
309, 166.0, 50.0
310, 168.0, 372.0
311, 720.0, 418.0
312, 363.0, 16.0
313, 550.0, 206.0
314, 648.0, 453.0
315, 139.0, 391.0
316, 263.0, 31.0
317, 451.0, 224.0
318, 25.0, 263.0
319, 51.0, 117.0
320, 456.0, 177.0
321, 61.0, 458.0
322, 278.0, 372.0
323, 582.0, 415.0
324, 444.0, 370.0
325, 344.0, 16.0
326, 332.0, 35.0
327, 173.0, 319.0
328, 437.0, 258.0
329, 470.0, 253.0
330, 9.0, 235.0
331, 485.0, 242.0
332, 574.0, 265.0
333, 287.0, 366.0
334, 263.0, 254.0
335, 626.0, 261.0
336, 305.0, 266.0
337, 59.0, 467.0
338, 106.0, 215.0
339, 423.0, 298.0
340, 719.0, 317.0
341, 557.0, 294.0
342, 266.0, 266.0
343, 322.0, 418.0
344, 543.0, 132.0
345, 544.0, 440.0
346, 280.0, 466.0
347, 335.0, 233.0
348, 78.0, 290.0
349, 297.0, 273.0
350, 114.0, 373.0
351, 555.0, 280.0
352, 28.0, 212.0
353, 123.0, 287.0
354, 732.0, 125.0
355, 526.0, 436.0
356, 245.0, 353.0
357, 26.0, 117.0
358, 160.0, 115.0
359, 229.0, 247.0
360, 489.0, 218.0
361, 16.0, 191.0
362, 145.0, 103.0
363, 321.0, 390.0
364, 703.0, 196.0
365, 286.0, 256.0
366, 119.0, 34.0
367, 523.0, 290.0
368, 306.0, 463.0
369, 682.0, 402.0
370, 158.0, 307.0
371, 137.0, 400.0
372, 15.0, 359.0
373, 32.0, 413.0
374, 61.0, 237.0
375, 465.0, 81.0
376, 276.0, 259.0
377, 329.0, 16.0
378, 124.0, 174.0
379, 296.0, 16.0
380, 306.0, 187.0
381, 332.0, 173.0
382, 385.0, 226.0
383, 427.0, 365.0
384, 354.0, 62.0
385, 682.0, 179.0
386, 341.0, 168.0
387, 319.0, 360.0
388, 408.0, 346.0
389, 737.0, 112.0
390, 368.0, 197.0
391, 574.0, 313.0
392, 123.0, 207.0
393, 460.0, 261.0
394, 683.0, 198.0
395, 159.0, 428.0
396, 491.0, 390.0
397, 606.0, 199.0
398, 227.0, 184.0
399, 255.0, 115.0
400, 257.0, 314.0
401, 122.0, 398.0
402, 296.0, 228.0
403, 151.0, 230.0
404, 616.0, 162.0
405, 269.0, 277.0
406, 97.0, 384.0
407, 724.0, 54.0
408, 284.0, 336.0
409, 446.0, 319.0
410, 148.0, 420.0
411, 145.0, 342.0
412, 46.0, 147.0
413, 242.0, 235.0
414, 476.0, 421.0
415, 254.0, 304.0
416, 217.0, 471.0
417, 242.0, 314.0
418, 383.0, 35.0
419, 95.0, 49.0
420, 292.0, 201.0
421, 730.0, 343.0
422, 337.0, 339.0
423, 527.0, 205.0
424, 185.0, 199.0
425, 164.0, 355.0
426, 178.0, 224.0
427, 435.0, 297.0
428, 251.0, 50.0
429, 453.0, 216.0
430, 163.0, 35.0
431, 676.0, 159.0
432, 141.0, 162.0
433, 523.0, 216.0
434, 463.0, 306.0
435, 732.0, 285.0
436, 249.0, 13.0
437, 483.0, 30.0
438, 577.0, 462.0
439, 419.0, 136.0
440, 634.0, 446.0
441, 15.0, 295.0
442, 696.0, 162.0
443, 397.0, 188.0
444, 413.0, 216.0
445, 164.0, 263.0
446, 274.0, 421.0
447, 599.0, 407.0
448, 394.0, 453.0
449, 310.0, 314.0
450, 502.0, 322.0
451, 154.0, 223.0
452, 19.0, 308.0
453, 224.0, 304.0
454, 329.0, 402.0
455, 561.0, 240.0
456, 501.0, 158.0
457, 250.0, 63.0
458, 545.0, 60.0
459, 411.0, 206.0
460, 186.0, 35.0
461, 709.0, 341.0
462, 623.0, 319.0
463, 111.0, 177.0
464, 275.0, 32.0
465, 86.0, 59.0
466, 57.0, 395.0
467, 382.0, 80.0
468, 603.0, 209.0
469, 690.0, 217.0
470, 645.0, 326.0
471, 168.0, 340.0
472, 652.0, 198.0
473, 517.0, 232.0
474, 190.0, 362.0
475, 210.0, 307.0
476, 541.0, 83.0
477, 383.0, 242.0
478, 517.0, 81.0
479, 55.0, 175.0
480, 467.0, 273.0
481, 521.0, 48.0
482, 671.0, 265.0
483, 152.0, 51.0
484, 463.0, 113.0
485, 272.0, 64.0
486, 127.0, 119.0
487, 225.0, 211.0
488, 646.0, 418.0
489, 743.0, 98.0
490, 431.0, 204.0
491, 393.0, 420.0
492, 550.0, 35.0
493, 379.0, 215.0
494, 28.0, 330.0
495, 558.0, 186.0
496, 346.0, 64.0
497, 547.0, 460.0
498, 489.0, 192.0
499, 676.0, 457.0
