0, 94.0, 59.0
1, 281.0, 103.0
2, 582.0, 167.0
3, 112.0, 37.0
4, 212.0, 145.0
5, 125.0, 92.0
6, 102.0, 143.0
7, 620.0, 79.0
8, 372.0, 433.0
9, 59.0, 85.0
10, 283.0, 129.0
11, 223.0, 140.0
12, 266.0, 134.0
13, 604.0, 169.0
14, 583.0, 124.0
15, 551.0, 152.0
16, 553.0, 140.0
17, 59.0, 74.0
18, 568.0, 152.0
19, 244.0, 109.0
20, 253.0, 107.0
21, 690.0, 47.0
22, 713.0, 143.0
23, 49.0, 20.0
24, 16.0, 106.0
25, 156.0, 40.0
26, 23.0, 30.0
27, 730.0, 147.0
28, 31.0, 71.0
29, 83.0, 94.0
30, 247.0, 141.0
31, 509.0, 102.0
32, 128.0, 54.0
33, 291.0, 13.0
34, 663.0, 13.0
35, 587.0, 153.0
36, 47.0, 71.0
37, 419.0, 143.0
38, 220.0, 404.0
39, 419.0, 153.0
40, 117.0, 61.0
41, 135.0, 107.0
42, 68.0, 42.0
43, 613.0, 14.0
44, 291.0, 33.0
45, 455.0, 145.0
46, 112.0, 48.0
47, 358.0, 416.0
48, 84.0, 408.0
49, 159.0, 136.0
50, 291.0, 144.0
51, 550.0, 238.0
52, 441.0, 55.0
53, 355.0, 459.0
54, 78.0, 57.0
55, 557.0, 123.0
56, 187.0, 137.0
57, 352.0, 429.0
58, 346.0, 444.0
59, 371.0, 96.0
60, 711.0, 74.0
61, 159.0, 388.0
62, 655.0, 363.0
63, 219.0, 99.0
64, 141.0, 138.0
65, 265.0, 229.0
66, 121.0, 142.0
67, 434.0, 144.0
68, 114.0, 108.0
69, 168.0, 287.0
70, 425.0, 54.0
71, 14.0, 20.0
72, 237.0, 18.0
73, 690.0, 13.0
74, 203.0, 138.0
75, 484.0, 256.0
76, 368.0, 451.0
77, 527.0, 150.0
78, 421.0, 467.0
79, 278.0, 15.0
80, 178.0, 69.0
81, 490.0, 129.0
82, 606.0, 158.0
83, 597.0, 270.0
84, 464.0, 450.0
85, 443.0, 247.0
86, 561.0, 370.0
87, 642.0, 91.0
88, 154.0, 105.0
89, 713.0, 14.0
90, 13.0, 51.0
91, 459.0, 191.0
92, 473.0, 145.0
93, 388.0, 455.0
94, 530.0, 138.0
95, 50.0, 149.0
96, 299.0, 135.0
97, 410.0, 106.0
98, 532.0, 120.0
99, 40.0, 338.0
100, 86.0, 395.0
101, 386.0, 10.0
102, 611.0, 64.0
103, 507.0, 134.0
104, 444.0, 11.0
105, 288.0, 211.0
106, 296.0, 126.0
107, 38.0, 11.0
108, 696.0, 74.0
109, 467.0, 191.0
110, 534.0, 370.0
111, 347.0, 139.0
112, 229.0, 94.0
113, 656.0, 46.0
114, 424.0, 442.0
115, 606.0, 89.0
116, 426.0, 8.0
117, 79.0, 148.0
118, 65.0, 102.0
119, 555.0, 177.0
120, 52.0, 41.0
121, 532.0, 101.0
122, 569.0, 195.0
123, 291.0, 219.0
124, 93.0, 72.0
125, 371.0, 150.0
126, 487.0, 10.0
127, 264.0, 105.0
128, 243.0, 96.0
129, 26.0, 61.0
130, 41.0, 115.0
131, 18.0, 8.0
132, 505.0, 167.0
133, 197.0, 396.0
134, 669.0, 377.0
135, 193.0, 72.0
136, 278.0, 24.0
137, 246.0, 414.0
138, 499.0, 298.0
139, 465.0, 416.0
140, 545.0, 361.0
141, 316.0, 14.0
142, 584.0, 354.0
143, 648.0, 66.0
144, 522.0, 162.0
145, 467.0, 250.0
146, 69.0, 56.0
147, 17.0, 155.0
148, 732.0, 345.0
149, 181.0, 101.0
150, 263.0, 95.0
151, 88.0, 256.0
152, 512.0, 460.0
153, 352.0, 184.0
154, 179.0, 432.0
155, 70.0, 112.0
156, 221.0, 14.0
157, 423.0, 99.0
158, 398.0, 140.0
159, 440.0, 446.0
160, 483.0, 453.0
161, 356.0, 446.0
162, 253.0, 96.0
163, 180.0, 390.0
164, 441.0, 35.0
165, 382.0, 118.0
166, 586.0, 179.0
167, 351.0, 12.0
168, 273.0, 92.0
169, 401.0, 11.0
170, 625.0, 63.0
171, 130.0, 314.0
172, 65.0, 326.0
173, 33.0, 314.0
174, 147.0, 75.0
175, 34.0, 105.0
176, 80.0, 14.0
177, 445.0, 164.0
178, 405.0, 438.0
179, 83.0, 368.0
180, 197.0, 100.0
181, 361.0, 117.0
182, 145.0, 282.0
183, 35.0, 292.0
184, 69.0, 461.0
185, 389.0, 436.0
186, 414.0, 383.0
187, 264.0, 16.0
188, 132.0, 382.0
189, 728.0, 115.0
190, 62.0, 18.0
191, 492.0, 140.0
192, 517.0, 358.0
193, 666.0, 388.0
194, 640.0, 399.0
195, 295.0, 86.0
196, 370.0, 115.0
197, 232.0, 146.0
198, 573.0, 119.0
199, 403.0, 98.0
200, 482.0, 110.0
201, 676.0, 87.0
202, 285.0, 24.0
203, 30.0, 353.0
204, 85.0, 103.0
205, 43.0, 61.0
206, 407.0, 464.0
207, 721.0, 63.0
208, 334.0, 240.0
209, 13.0, 82.0
210, 518.0, 98.0
211, 304.0, 180.0
212, 622.0, 170.0
213, 24.0, 95.0
214, 713.0, 88.0
215, 362.0, 12.0
216, 516.0, 156.0
217, 255.0, 205.0
218, 645.0, 132.0
219, 592.0, 9.0
220, 438.0, 99.0
221, 362.0, 433.0
222, 616.0, 96.0
223, 126.0, 417.0
224, 326.0, 227.0
225, 230.0, 345.0
226, 255.0, 363.0
227, 57.0, 63.0
228, 361.0, 404.0
229, 608.0, 79.0
230, 85.0, 34.0
231, 630.0, 129.0
232, 539.0, 453.0
233, 272.0, 422.0
234, 66.0, 95.0
235, 373.0, 233.0
236, 21.0, 218.0
237, 314.0, 226.0
238, 631.0, 388.0
239, 683.0, 64.0
240, 611.0, 124.0
241, 340.0, 51.0
242, 462.0, 374.0
243, 204.0, 466.0
244, 482.0, 420.0
245, 267.0, 26.0
246, 414.0, 337.0
247, 64.0, 33.0
248, 382.0, 94.0
249, 449.0, 389.0
250, 397.0, 401.0
251, 275.0, 84.0
252, 625.0, 45.0
253, 700.0, 331.0
254, 154.0, 67.0
255, 576.0, 444.0
256, 8.0, 118.0
257, 244.0, 360.0
258, 614.0, 162.0
259, 398.0, 333.0
260, 366.0, 396.0
261, 532.0, 203.0
262, 534.0, 8.0
263, 199.0, 412.0
264, 326.0, 16.0
265, 321.0, 136.0
266, 328.0, 295.0
267, 67.0, 364.0
268, 288.0, 310.0
269, 114.0, 395.0
270, 327.0, 86.0
271, 251.0, 303.0
272, 214.0, 339.0
273, 543.0, 385.0
274, 428.0, 408.0
275, 56.0, 13.0
276, 634.0, 317.0
277, 637.0, 171.0
278, 416.0, 24.0
279, 516.0, 111.0
280, 483.0, 101.0
281, 504.0, 8.0
282, 635.0, 254.0
283, 296.0, 101.0
284, 256.0, 24.0
285, 97.0, 392.0
286, 105.0, 326.0
287, 331.0, 137.0
288, 381.0, 404.0
289, 590.0, 24.0
290, 103.0, 331.0
291, 75.0, 385.0
292, 159.0, 26.0
293, 423.0, 71.0
294, 276.0, 144.0
295, 96.0, 50.0
296, 499.0, 310.0
297, 496.0, 226.0
298, 403.0, 386.0
299, 99.0, 93.0
300, 484.0, 171.0
301, 47.0, 435.0
302, 678.0, 81.0
303, 652.0, 57.0
304, 471.0, 224.0
305, 140.0, 19.0
306, 137.0, 84.0
307, 500.0, 322.0
308, 548.0, 454.0
309, 471.0, 60.0
310, 282.0, 93.0
311, 601.0, 131.0
312, 476.0, 117.0
313, 527.0, 367.0
314, 558.0, 385.0
315, 307.0, 27.0
316, 116.0, 411.0
317, 524.0, 119.0
318, 463.0, 10.0
319, 686.0, 75.0
320, 111.0, 277.0
321, 167.0, 8.0
322, 452.0, 258.0
323, 723.0, 49.0
324, 591.0, 19.0
325, 598.0, 119.0
326, 400.0, 66.0
327, 184.0, 346.0
328, 695.0, 332.0
329, 385.0, 104.0
330, 350.0, 57.0
331, 44.0, 50.0
332, 710.0, 80.0
333, 343.0, 269.0
334, 33.0, 40.0
335, 439.0, 77.0
336, 100.0, 181.0
337, 256.0, 136.0
338, 103.0, 444.0
339, 508.0, 25.0
340, 272.0, 307.0
341, 65.0, 413.0
342, 361.0, 219.0
343, 450.0, 413.0
344, 702.0, 64.0
345, 137.0, 14.0
346, 690.0, 368.0
347, 59.0, 298.0
348, 65.0, 425.0
349, 478.0, 101.0
350, 231.0, 8.0
351, 122.0, 36.0
352, 145.0, 337.0
353, 666.0, 364.0
354, 536.0, 345.0
355, 15.0, 40.0
356, 730.0, 399.0
357, 78.0, 74.0
358, 335.0, 320.0
359, 599.0, 124.0
360, 497.0, 148.0
361, 19.0, 115.0
362, 263.0, 324.0
363, 19.0, 414.0
364, 730.0, 101.0
365, 580.0, 143.0
366, 383.0, 24.0
367, 446.0, 343.0
368, 169.0, 93.0
369, 149.0, 68.0
370, 316.0, 304.0
371, 617.0, 55.0
372, 68.0, 28.0
373, 119.0, 84.0
374, 699.0, 285.0
375, 453.0, 448.0
376, 545.0, 281.0
377, 318.0, 34.0
378, 93.0, 417.0
379, 201.0, 204.0
380, 674.0, 280.0
381, 605.0, 249.0
382, 350.0, 369.0
383, 714.0, 63.0
384, 385.0, 183.0
385, 325.0, 214.0
386, 604.0, 261.0
387, 71.0, 95.0
388, 592.0, 14.0
389, 278.0, 355.0
390, 339.0, 237.0
391, 73.0, 366.0
392, 279.0, 222.0
393, 700.0, 80.0
394, 265.0, 116.0
395, 378.0, 417.0
396, 398.0, 106.0
397, 603.0, 372.0
398, 406.0, 425.0
399, 439.0, 90.0
400, 30.0, 96.0
401, 361.0, 140.0
402, 667.0, 56.0
403, 282.0, 115.0
404, 266.0, 143.0
405, 261.0, 87.0
406, 80.0, 438.0
407, 642.0, 45.0
408, 655.0, 106.0
409, 434.0, 154.0
410, 151.0, 13.0
411, 273.0, 16.0
412, 307.0, 278.0
413, 15.0, 61.0
414, 186.0, 331.0
415, 674.0, 365.0
416, 703.0, 105.0
417, 549.0, 347.0
418, 38.0, 39.0
419, 296.0, 91.0
420, 298.0, 431.0
421, 636.0, 278.0
422, 521.0, 130.0
423, 639.0, 130.0
424, 616.0, 69.0
425, 145.0, 94.0
426, 281.0, 144.0
427, 262.0, 23.0
428, 508.0, 277.0
429, 263.0, 438.0
430, 688.0, 286.0
431, 209.0, 352.0
432, 110.0, 75.0
433, 561.0, 213.0
434, 290.0, 24.0
435, 67.0, 433.0
436, 589.0, 115.0
437, 519.0, 146.0
438, 140.0, 281.0
439, 426.0, 34.0
440, 542.0, 312.0
441, 160.0, 408.0
442, 78.0, 366.0
443, 163.0, 48.0
444, 255.0, 470.0
445, 118.0, 75.0
446, 552.0, 104.0
447, 56.0, 266.0
448, 623.0, 300.0
449, 423.0, 407.0
450, 464.0, 469.0
451, 304.0, 14.0
452, 51.0, 94.0
453, 435.0, 132.0
454, 399.0, 318.0
455, 195.0, 349.0
456, 512.0, 289.0
457, 340.0, 384.0
458, 504.0, 335.0
459, 151.0, 8.0
460, 321.0, 15.0
461, 359.0, 325.0
462, 235.0, 382.0
463, 413.0, 439.0
464, 319.0, 104.0
465, 208.0, 404.0
466, 617.0, 91.0
467, 306.0, 376.0
468, 509.0, 266.0
469, 249.0, 89.0
470, 597.0, 46.0
471, 271.0, 144.0
472, 312.0, 238.0
473, 317.0, 419.0
474, 394.0, 214.0
475, 528.0, 254.0
476, 171.0, 262.0
477, 422.0, 105.0
478, 286.0, 287.0
479, 725.0, 397.0
480, 629.0, 89.0
481, 624.0, 435.0
482, 15.0, 91.0
483, 425.0, 227.0
484, 445.0, 411.0
485, 568.0, 120.0
486, 79.0, 102.0
487, 39.0, 86.0
488, 303.0, 344.0
489, 127.0, 412.0
490, 544.0, 171.0
491, 455.0, 413.0
492, 401.0, 16.0
493, 381.0, 165.0
494, 400.0, 61.0
495, 266.0, 366.0
496, 265.0, 352.0
497, 283.0, 15.0
498, 116.0, 431.0
499, 618.0, 64.0
