0, 186.0, 133.0
1, 157.0, 135.0
2, 416.0, 313.0
3, 270.0, 8.0
4, 550.0, 234.0
5, 469.0, 96.0
6, 560.0, 111.0
7, 303.0, 280.0
8, 565.0, 161.0
9, 114.0, 171.0
10, 533.0, 142.0
11, 216.0, 106.0
12, 216.0, 130.0
13, 639.0, 115.0
14, 452.0, 67.0
15, 195.0, 363.0
16, 492.0, 442.0
17, 434.0, 88.0
18, 471.0, 81.0
19, 458.0, 142.0
20, 170.0, 81.0
21, 125.0, 166.0
22, 530.0, 93.0
23, 451.0, 80.0
24, 508.0, 300.0
25, 472.0, 68.0
26, 615.0, 131.0
27, 608.0, 114.0
28, 450.0, 123.0
29, 421.0, 116.0
30, 741.0, 128.0
31, 112.0, 191.0
32, 547.0, 110.0
33, 555.0, 133.0
34, 622.0, 114.0
35, 184.0, 357.0
36, 515.0, 135.0
37, 122.0, 151.0
38, 568.0, 146.0
39, 95.0, 139.0
40, 395.0, 163.0
41, 504.0, 353.0
42, 120.0, 137.0
43, 493.0, 135.0
44, 481.0, 133.0
45, 468.0, 125.0
46, 677.0, 269.0
47, 660.0, 266.0
48, 722.0, 110.0
49, 483.0, 124.0
50, 520.0, 366.0
51, 314.0, 46.0
52, 54.0, 374.0
53, 443.0, 70.0
54, 272.0, 35.0
55, 338.0, 69.0
56, 223.0, 121.0
57, 315.0, 24.0
58, 267.0, 264.0
59, 211.0, 143.0
60, 421.0, 182.0
61, 480.0, 112.0
62, 127.0, 176.0
63, 184.0, 78.0
64, 281.0, 11.0
65, 203.0, 16.0
66, 519.0, 286.0
67, 470.0, 252.0
68, 500.0, 110.0
69, 727.0, 93.0
70, 392.0, 78.0
71, 496.0, 125.0
72, 728.0, 165.0
73, 670.0, 143.0
74, 249.0, 406.0
75, 203.0, 132.0
76, 365.0, 249.0
77, 160.0, 54.0
78, 552.0, 144.0
79, 422.0, 106.0
80, 444.0, 93.0
81, 426.0, 145.0
82, 586.0, 147.0
83, 533.0, 222.0
84, 152.0, 88.0
85, 275.0, 390.0
86, 628.0, 132.0
87, 88.0, 102.0
88, 328.0, 61.0
89, 469.0, 110.0
90, 173.0, 93.0
91, 604.0, 133.0
92, 292.0, 40.0
93, 711.0, 144.0
94, 526.0, 129.0
95, 243.0, 96.0
96, 309.0, 371.0
97, 437.0, 140.0
98, 290.0, 179.0
99, 403.0, 80.0
100, 266.0, 119.0
101, 279.0, 132.0
102, 258.0, 316.0
103, 600.0, 149.0
104, 429.0, 66.0
105, 63.0, 180.0
106, 423.0, 87.0
107, 299.0, 364.0
108, 282.0, 38.0
109, 444.0, 109.0
110, 298.0, 130.0
111, 251.0, 119.0
112, 495.0, 296.0
113, 127.0, 242.0
114, 428.0, 169.0
115, 413.0, 261.0
116, 217.0, 348.0
117, 675.0, 119.0
118, 174.0, 59.0
119, 665.0, 411.0
120, 182.0, 373.0
121, 320.0, 154.0
122, 248.0, 26.0
123, 523.0, 154.0
124, 129.0, 192.0
125, 241.0, 426.0
126, 697.0, 143.0
127, 260.0, 136.0
128, 86.0, 86.0
129, 438.0, 171.0
130, 555.0, 94.0
131, 285.0, 333.0
132, 264.0, 367.0
133, 293.0, 15.0
134, 257.0, 37.0
135, 456.0, 109.0
136, 517.0, 383.0
137, 290.0, 376.0
138, 172.0, 182.0
139, 651.0, 134.0
140, 550.0, 152.0
141, 307.0, 36.0
142, 528.0, 183.0
143, 232.0, 354.0
144, 281.0, 56.0
145, 81.0, 153.0
146, 727.0, 127.0
147, 543.0, 225.0
148, 575.0, 155.0
149, 571.0, 133.0
150, 111.0, 100.0
151, 171.0, 256.0
152, 102.0, 169.0
153, 158.0, 147.0
154, 678.0, 218.0
155, 467.0, 274.0
156, 138.0, 406.0
157, 636.0, 141.0
158, 337.0, 321.0
159, 655.0, 116.0
160, 225.0, 133.0
161, 704.0, 122.0
162, 327.0, 168.0
163, 545.0, 243.0
164, 618.0, 257.0
165, 249.0, 128.0
166, 354.0, 172.0
167, 236.0, 273.0
168, 277.0, 97.0
169, 229.0, 95.0
170, 593.0, 120.0
171, 191.0, 469.0
172, 181.0, 57.0
173, 112.0, 88.0
174, 249.0, 137.0
175, 529.0, 254.0
176, 89.0, 183.0
177, 424.0, 75.0
178, 743.0, 111.0
179, 397.0, 196.0
180, 315.0, 37.0
181, 154.0, 103.0
182, 238.0, 195.0
183, 693.0, 347.0
184, 489.0, 350.0
185, 90.0, 397.0
186, 338.0, 57.0
187, 345.0, 306.0
188, 304.0, 320.0
189, 97.0, 151.0
190, 469.0, 264.0
191, 413.0, 180.0
192, 336.0, 348.0
193, 485.0, 84.0
194, 154.0, 80.0
195, 288.0, 151.0
196, 276.0, 150.0
197, 531.0, 388.0
198, 342.0, 43.0
199, 577.0, 113.0
200, 207.0, 93.0
201, 445.0, 140.0
202, 543.0, 257.0
203, 613.0, 341.0
204, 400.0, 126.0
205, 547.0, 86.0
206, 715.0, 127.0
207, 82.0, 175.0
208, 399.0, 109.0
209, 234.0, 399.0
210, 354.0, 179.0
211, 735.0, 146.0
212, 649.0, 231.0
213, 662.0, 216.0
214, 503.0, 96.0
215, 458.0, 95.0
216, 42.0, 380.0
217, 81.0, 392.0
218, 470.0, 143.0
219, 164.0, 441.0
220, 161.0, 80.0
221, 415.0, 241.0
222, 299.0, 42.0
223, 524.0, 264.0
224, 308.0, 385.0
225, 617.0, 123.0
226, 354.0, 189.0
227, 537.0, 113.0
228, 237.0, 382.0
229, 537.0, 192.0
230, 364.0, 50.0
231, 500.0, 84.0
232, 401.0, 58.0
233, 439.0, 119.0
234, 109.0, 139.0
235, 361.0, 216.0
236, 535.0, 156.0
237, 184.0, 119.0
238, 44.0, 366.0
239, 323.0, 343.0
240, 162.0, 73.0
241, 598.0, 159.0
242, 643.0, 231.0
243, 119.0, 341.0
244, 456.0, 293.0
245, 640.0, 133.0
246, 600.0, 113.0
247, 363.0, 328.0
248, 90.0, 119.0
249, 213.0, 457.0
250, 89.0, 159.0
251, 43.0, 170.0
252, 539.0, 99.0
253, 551.0, 99.0
254, 154.0, 187.0
255, 108.0, 422.0
256, 218.0, 269.0
257, 274.0, 341.0
258, 584.0, 156.0
259, 187.0, 104.0
260, 95.0, 252.0
261, 269.0, 441.0
262, 260.0, 353.0
263, 216.0, 394.0
264, 207.0, 464.0
265, 352.0, 333.0
266, 198.0, 458.0
267, 529.0, 120.0
268, 628.0, 282.0
269, 268.0, 131.0
270, 419.0, 126.0
271, 423.0, 136.0
272, 197.0, 381.0
273, 187.0, 99.0
274, 186.0, 90.0
275, 586.0, 89.0
276, 693.0, 210.0
277, 320.0, 253.0
278, 542.0, 266.0
279, 567.0, 127.0
280, 611.0, 405.0
281, 389.0, 195.0
282, 355.0, 158.0
283, 192.0, 144.0
284, 560.0, 81.0
285, 359.0, 221.0
286, 649.0, 140.0
287, 511.0, 195.0
288, 267.0, 96.0
289, 380.0, 176.0
290, 587.0, 126.0
291, 727.0, 138.0
292, 530.0, 101.0
293, 192.0, 91.0
294, 398.0, 115.0
295, 393.0, 66.0
296, 501.0, 143.0
297, 342.0, 259.0
298, 532.0, 109.0
299, 565.0, 353.0
300, 509.0, 85.0
301, 317.0, 338.0
302, 638.0, 229.0
303, 423.0, 95.0
304, 573.0, 120.0
305, 567.0, 441.0
306, 335.0, 290.0
307, 454.0, 186.0
308, 542.0, 297.0
309, 725.0, 354.0
310, 104.0, 91.0
311, 176.0, 75.0
312, 32.0, 200.0
313, 217.0, 121.0
314, 645.0, 281.0
315, 123.0, 415.0
316, 403.0, 274.0
317, 365.0, 264.0
318, 263.0, 437.0
319, 536.0, 128.0
320, 173.0, 345.0
321, 512.0, 124.0
322, 377.0, 302.0
323, 193.0, 414.0
324, 559.0, 413.0
325, 406.0, 166.0
326, 368.0, 317.0
327, 552.0, 222.0
328, 460.0, 81.0
329, 225.0, 84.0
330, 469.0, 318.0
331, 212.0, 92.0
332, 589.0, 112.0
333, 456.0, 288.0
334, 512.0, 181.0
335, 544.0, 134.0
336, 91.0, 124.0
337, 202.0, 209.0
338, 640.0, 321.0
339, 544.0, 139.0
340, 225.0, 138.0
341, 49.0, 176.0
342, 658.0, 124.0
343, 567.0, 315.0
344, 110.0, 217.0
345, 373.0, 193.0
346, 315.0, 183.0
347, 557.0, 300.0
348, 375.0, 267.0
349, 516.0, 146.0
350, 361.0, 226.0
351, 298.0, 17.0
352, 205.0, 104.0
353, 71.0, 225.0
354, 629.0, 277.0
355, 497.0, 387.0
356, 367.0, 231.0
357, 486.0, 440.0
358, 306.0, 250.0
359, 549.0, 73.0
360, 598.0, 323.0
361, 291.0, 30.0
362, 360.0, 190.0
363, 279.0, 373.0
364, 91.0, 172.0
365, 507.0, 215.0
366, 341.0, 350.0
367, 209.0, 213.0
368, 307.0, 20.0
369, 313.0, 387.0
370, 585.0, 134.0
371, 257.0, 21.0
372, 187.0, 144.0
373, 366.0, 173.0
374, 483.0, 191.0
375, 515.0, 97.0
376, 439.0, 283.0
377, 89.0, 114.0
378, 572.0, 304.0
379, 48.0, 471.0
380, 481.0, 438.0
381, 535.0, 187.0
382, 398.0, 178.0
383, 527.0, 395.0
384, 523.0, 218.0
385, 41.0, 202.0
386, 490.0, 397.0
387, 247.0, 35.0
388, 459.0, 207.0
389, 680.0, 331.0
390, 350.0, 157.0
391, 530.0, 381.0
392, 411.0, 199.0
393, 167.0, 239.0
394, 332.0, 155.0
395, 112.0, 269.0
396, 489.0, 177.0
397, 669.0, 340.0
398, 688.0, 420.0
399, 250.0, 97.0
400, 606.0, 122.0
401, 107.0, 407.0
402, 651.0, 337.0
403, 381.0, 161.0
404, 506.0, 194.0
405, 389.0, 177.0
406, 468.0, 305.0
407, 211.0, 397.0
408, 725.0, 147.0
409, 416.0, 277.0
410, 532.0, 114.0
411, 357.0, 256.0
412, 373.0, 316.0
413, 537.0, 197.0
414, 338.0, 51.0
415, 204.0, 8.0
416, 256.0, 8.0
417, 584.0, 308.0
418, 307.0, 466.0
419, 646.0, 165.0
420, 396.0, 59.0
421, 333.0, 256.0
422, 528.0, 198.0
423, 100.0, 251.0
424, 436.0, 76.0
425, 478.0, 210.0
426, 733.0, 151.0
427, 163.0, 315.0
428, 628.0, 298.0
429, 548.0, 312.0
430, 483.0, 211.0
431, 205.0, 164.0
432, 719.0, 136.0
433, 278.0, 87.0
434, 265.0, 108.0
435, 627.0, 271.0
436, 185.0, 331.0
437, 179.0, 206.0
438, 270.0, 23.0
439, 526.0, 469.0
440, 220.0, 138.0
441, 459.0, 187.0
442, 156.0, 200.0
443, 424.0, 279.0
444, 562.0, 314.0
445, 271.0, 322.0
446, 473.0, 189.0
447, 484.0, 96.0
448, 81.0, 166.0
449, 87.0, 95.0
450, 473.0, 209.0
451, 365.0, 191.0
452, 40.0, 375.0
453, 183.0, 83.0
454, 496.0, 150.0
455, 683.0, 407.0
456, 434.0, 282.0
457, 368.0, 159.0
458, 441.0, 114.0
459, 449.0, 186.0
460, 613.0, 327.0
461, 512.0, 215.0
462, 522.0, 274.0
463, 530.0, 156.0
464, 332.0, 168.0
465, 97.0, 100.0
466, 631.0, 140.0
467, 531.0, 294.0
468, 490.0, 85.0
469, 633.0, 124.0
470, 519.0, 304.0
471, 682.0, 344.0
472, 464.0, 207.0
473, 34.0, 384.0
474, 449.0, 205.0
475, 535.0, 123.0
476, 507.0, 332.0
477, 335.0, 186.0
478, 55.0, 241.0
479, 527.0, 137.0
480, 411.0, 322.0
481, 197.0, 143.0
482, 658.0, 325.0
483, 179.0, 8.0
484, 629.0, 330.0
485, 616.0, 315.0
486, 360.0, 159.0
487, 584.0, 319.0
488, 119.0, 144.0
489, 442.0, 79.0
490, 343.0, 187.0
491, 431.0, 202.0
492, 443.0, 245.0
493, 279.0, 109.0
494, 576.0, 317.0
495, 632.0, 392.0
496, 392.0, 271.0
497, 66.0, 166.0
498, 412.0, 167.0
499, 548.0, 317.0
