0, 338.0, 343.0
1, 301.0, 432.0
2, 384.0, 348.0
3, 337.0, 328.0
4, 457.0, 315.0
5, 667.0, 126.0
6, 488.0, 338.0
7, 471.0, 298.0
8, 531.0, 344.0
9, 174.0, 129.0
10, 489.0, 327.0
11, 464.0, 219.0
12, 598.0, 300.0
13, 534.0, 321.0
14, 288.0, 36.0
15, 354.0, 251.0
16, 586.0, 394.0
17, 384.0, 338.0
18, 576.0, 338.0
19, 45.0, 95.0
20, 600.0, 288.0
21, 194.0, 419.0
22, 476.0, 456.0
23, 467.0, 47.0
24, 108.0, 63.0
25, 190.0, 98.0
26, 657.0, 294.0
27, 294.0, 409.0
28, 96.0, 133.0
29, 315.0, 66.0
30, 528.0, 284.0
31, 547.0, 383.0
32, 514.0, 210.0
33, 632.0, 409.0
34, 383.0, 323.0
35, 604.0, 256.0
36, 396.0, 322.0
37, 536.0, 37.0
38, 260.0, 196.0
39, 604.0, 188.0
40, 388.0, 46.0
41, 223.0, 338.0
42, 547.0, 342.0
43, 323.0, 330.0
44, 553.0, 331.0
45, 324.0, 345.0
46, 396.0, 338.0
47, 630.0, 425.0
48, 603.0, 389.0
49, 338.0, 353.0
50, 397.0, 415.0
51, 225.0, 134.0
52, 459.0, 424.0
53, 173.0, 66.0
54, 334.0, 16.0
55, 273.0, 409.0
56, 384.0, 227.0
57, 550.0, 202.0
58, 336.0, 64.0
59, 319.0, 243.0
60, 584.0, 412.0
61, 553.0, 176.0
62, 476.0, 189.0
63, 104.0, 85.0
64, 322.0, 314.0
65, 557.0, 319.0
66, 71.0, 131.0
67, 398.0, 404.0
68, 306.0, 193.0
69, 309.0, 448.0
70, 243.0, 395.0
71, 30.0, 39.0
72, 326.0, 354.0
73, 591.0, 174.0
74, 653.0, 218.0
75, 532.0, 333.0
76, 593.0, 327.0
77, 446.0, 317.0
78, 187.0, 246.0
79, 458.0, 411.0
80, 634.0, 436.0
81, 650.0, 415.0
82, 485.0, 35.0
83, 65.0, 465.0
84, 460.0, 340.0
85, 471.0, 314.0
86, 704.0, 408.0
87, 658.0, 368.0
88, 606.0, 178.0
89, 357.0, 33.0
90, 554.0, 27.0
91, 338.0, 366.0
92, 228.0, 378.0
93, 458.0, 330.0
94, 89.0, 72.0
95, 719.0, 288.0
96, 613.0, 173.0
97, 52.0, 466.0
98, 69.0, 256.0
99, 48.0, 451.0
100, 480.0, 329.0
101, 536.0, 306.0
102, 595.0, 315.0
103, 618.0, 244.0
104, 603.0, 267.0
105, 578.0, 288.0
106, 551.0, 219.0
107, 313.0, 201.0
108, 384.0, 361.0
109, 688.0, 393.0
110, 165.0, 122.0
111, 575.0, 237.0
112, 591.0, 338.0
113, 652.0, 160.0
114, 685.0, 34.0
115, 588.0, 372.0
116, 440.0, 393.0
117, 55.0, 132.0
118, 506.0, 171.0
119, 576.0, 191.0
120, 344.0, 16.0
121, 605.0, 433.0
122, 127.0, 67.0
123, 244.0, 133.0
124, 703.0, 267.0
125, 652.0, 436.0
126, 358.0, 48.0
127, 652.0, 320.0
128, 221.0, 403.0
129, 288.0, 290.0
130, 640.0, 463.0
131, 306.0, 316.0
132, 644.0, 445.0
133, 528.0, 227.0
134, 443.0, 425.0
135, 427.0, 469.0
136, 426.0, 242.0
137, 262.0, 36.0
138, 655.0, 308.0
139, 658.0, 339.0
140, 650.0, 174.0
141, 608.0, 163.0
142, 415.0, 412.0
143, 424.0, 231.0
144, 545.0, 183.0
145, 538.0, 293.0
146, 514.0, 421.0
147, 490.0, 312.0
148, 353.0, 276.0
149, 232.0, 201.0
150, 104.0, 75.0
151, 492.0, 288.0
152, 583.0, 441.0
153, 316.0, 420.0
154, 725.0, 388.0
155, 244.0, 200.0
156, 560.0, 289.0
157, 185.0, 292.0
158, 138.0, 299.0
159, 288.0, 418.0
160, 299.0, 333.0
161, 161.0, 307.0
162, 339.0, 216.0
163, 336.0, 312.0
164, 83.0, 112.0
165, 236.0, 403.0
166, 175.0, 248.0
167, 715.0, 110.0
168, 436.0, 48.0
169, 643.0, 428.0
170, 194.0, 406.0
171, 639.0, 285.0
172, 263.0, 244.0
173, 91.0, 226.0
174, 142.0, 54.0
175, 145.0, 67.0
176, 44.0, 57.0
177, 210.0, 448.0
178, 652.0, 422.0
179, 558.0, 272.0
180, 707.0, 121.0
181, 644.0, 378.0
182, 258.0, 396.0
183, 207.0, 425.0
184, 557.0, 421.0
185, 299.0, 124.0
186, 363.0, 400.0
187, 475.0, 205.0
188, 174.0, 218.0
189, 191.0, 211.0
190, 519.0, 240.0
191, 34.0, 79.0
192, 639.0, 50.0
193, 707.0, 303.0
194, 482.0, 57.0
195, 444.0, 332.0
196, 736.0, 259.0
197, 693.0, 289.0
198, 722.0, 275.0
199, 716.0, 302.0
200, 542.0, 282.0
201, 710.0, 81.0
202, 234.0, 136.0
203, 604.0, 238.0
204, 506.0, 243.0
205, 494.0, 248.0
206, 471.0, 329.0
207, 443.0, 407.0
208, 713.0, 313.0
209, 490.0, 298.0
210, 522.0, 422.0
211, 16.0, 31.0
212, 549.0, 467.0
213, 190.0, 44.0
214, 216.0, 203.0
215, 34.0, 19.0
216, 644.0, 330.0
217, 567.0, 415.0
218, 194.0, 346.0
219, 205.0, 131.0
220, 402.0, 225.0
221, 367.0, 218.0
222, 642.0, 37.0
223, 524.0, 386.0
224, 287.0, 433.0
225, 320.0, 259.0
226, 372.0, 254.0
227, 690.0, 114.0
228, 200.0, 243.0
229, 726.0, 225.0
230, 536.0, 54.0
231, 416.0, 398.0
232, 91.0, 85.0
233, 296.0, 294.0
234, 700.0, 420.0
235, 564.0, 393.0
236, 160.0, 54.0
237, 634.0, 398.0
238, 287.0, 349.0
239, 610.0, 224.0
240, 461.0, 437.0
241, 692.0, 85.0
242, 162.0, 66.0
243, 330.0, 200.0
244, 462.0, 459.0
245, 251.0, 141.0
246, 328.0, 183.0
247, 551.0, 240.0
248, 317.0, 193.0
249, 635.0, 296.0
250, 211.0, 108.0
251, 153.0, 227.0
252, 721.0, 459.0
253, 534.0, 189.0
254, 127.0, 237.0
255, 390.0, 62.0
256, 672.0, 264.0
257, 729.0, 19.0
258, 106.0, 359.0
259, 573.0, 352.0
260, 398.0, 112.0
261, 522.0, 401.0
262, 410.0, 144.0
263, 396.0, 306.0
264, 691.0, 303.0
265, 149.0, 204.0
266, 677.0, 105.0
267, 23.0, 197.0
268, 164.0, 146.0
269, 574.0, 272.0
270, 357.0, 25.0
271, 88.0, 214.0
272, 547.0, 306.0
273, 201.0, 375.0
274, 604.0, 441.0
275, 251.0, 226.0
276, 589.0, 219.0
277, 112.0, 397.0
278, 250.0, 124.0
279, 212.0, 252.0
280, 604.0, 370.0
281, 535.0, 420.0
282, 241.0, 188.0
283, 454.0, 375.0
284, 440.0, 60.0
285, 191.0, 200.0
286, 437.0, 445.0
287, 103.0, 259.0
288, 506.0, 188.0
289, 132.0, 330.0
290, 206.0, 228.0
291, 657.0, 36.0
292, 688.0, 131.0
293, 239.0, 93.0
294, 645.0, 18.0
295, 372.0, 464.0
296, 703.0, 17.0
297, 619.0, 385.0
298, 620.0, 18.0
299, 415.0, 193.0
300, 182.0, 276.0
301, 617.0, 446.0
302, 121.0, 211.0
303, 600.0, 450.0
304, 421.0, 37.0
305, 698.0, 49.0
306, 687.0, 456.0
307, 440.0, 37.0
308, 593.0, 26.0
309, 227.0, 111.0
310, 674.0, 328.0
311, 564.0, 428.0
312, 743.0, 397.0
313, 110.0, 136.0
314, 450.0, 211.0
315, 243.0, 431.0
316, 119.0, 154.0
317, 584.0, 424.0
318, 482.0, 236.0
319, 345.0, 430.0
320, 521.0, 28.0
321, 421.0, 110.0
322, 741.0, 197.0
323, 461.0, 446.0
324, 59.0, 448.0
325, 456.0, 399.0
326, 11.0, 18.0
327, 510.0, 40.0
328, 705.0, 447.0
329, 681.0, 374.0
330, 516.0, 438.0
331, 662.0, 328.0
332, 640.0, 418.0
333, 212.0, 267.0
334, 630.0, 161.0
335, 667.0, 455.0
336, 393.0, 359.0
337, 45.0, 198.0
338, 227.0, 415.0
339, 380.0, 307.0
340, 304.0, 414.0
341, 59.0, 231.0
342, 727.0, 100.0
343, 444.0, 341.0
344, 530.0, 265.0
345, 636.0, 273.0
346, 715.0, 213.0
347, 222.0, 234.0
348, 568.0, 381.0
349, 439.0, 461.0
350, 367.0, 440.0
351, 551.0, 445.0
352, 191.0, 127.0
353, 54.0, 217.0
354, 710.0, 378.0
355, 628.0, 224.0
356, 171.0, 195.0
357, 326.0, 65.0
358, 14.0, 79.0
359, 314.0, 431.0
360, 724.0, 237.0
361, 611.0, 427.0
362, 626.0, 193.0
363, 653.0, 252.0
364, 33.0, 93.0
365, 596.0, 411.0
366, 497.0, 211.0
367, 203.0, 385.0
368, 664.0, 424.0
369, 621.0, 436.0
370, 221.0, 91.0
371, 238.0, 414.0
372, 493.0, 266.0
373, 219.0, 181.0
374, 27.0, 429.0
375, 419.0, 297.0
376, 453.0, 190.0
377, 197.0, 360.0
378, 260.0, 446.0
379, 421.0, 61.0
380, 63.0, 243.0
381, 308.0, 368.0
382, 627.0, 208.0
383, 383.0, 417.0
384, 659.0, 19.0
385, 397.0, 434.0
386, 30.0, 134.0
387, 484.0, 171.0
388, 395.0, 347.0
389, 510.0, 286.0
390, 47.0, 158.0
391, 363.0, 197.0
392, 41.0, 46.0
393, 334.0, 276.0
394, 455.0, 300.0
395, 729.0, 441.0
396, 741.0, 421.0
397, 660.0, 228.0
398, 339.0, 251.0
399, 331.0, 230.0
400, 229.0, 437.0
401, 216.0, 167.0
402, 505.0, 254.0
403, 716.0, 92.0
404, 183.0, 235.0
405, 469.0, 340.0
406, 624.0, 467.0
407, 270.0, 47.0
408, 232.0, 258.0
409, 22.0, 96.0
410, 633.0, 180.0
411, 148.0, 148.0
412, 207.0, 171.0
413, 276.0, 466.0
414, 305.0, 185.0
415, 449.0, 241.0
416, 712.0, 256.0
417, 657.0, 463.0
418, 738.0, 469.0
419, 194.0, 272.0
420, 396.0, 245.0
421, 179.0, 52.0
422, 210.0, 295.0
423, 306.0, 22.0
424, 78.0, 175.0
425, 229.0, 100.0
426, 271.0, 373.0
427, 612.0, 401.0
428, 380.0, 272.0
429, 294.0, 17.0
430, 554.0, 405.0
431, 490.0, 373.0
432, 436.0, 242.0
433, 567.0, 437.0
434, 430.0, 28.0
435, 585.0, 236.0
436, 731.0, 402.0
437, 584.0, 467.0
438, 464.0, 63.0
439, 198.0, 109.0
440, 110.0, 431.0
441, 514.0, 50.0
442, 177.0, 35.0
443, 456.0, 173.0
444, 207.0, 239.0
445, 121.0, 95.0
446, 227.0, 191.0
447, 258.0, 210.0
448, 442.0, 354.0
449, 124.0, 83.0
450, 360.0, 181.0
451, 269.0, 317.0
452, 641.0, 168.0
453, 559.0, 166.0
454, 255.0, 46.0
455, 346.0, 55.0
456, 446.0, 301.0
457, 655.0, 136.0
458, 268.0, 188.0
459, 152.0, 138.0
460, 113.0, 315.0
461, 318.0, 446.0
462, 288.0, 48.0
463, 61.0, 94.0
464, 555.0, 229.0
465, 298.0, 461.0
466, 415.0, 26.0
467, 299.0, 281.0
468, 708.0, 227.0
469, 668.0, 304.0
470, 513.0, 295.0
471, 38.0, 426.0
472, 155.0, 113.0
473, 317.0, 184.0
474, 98.0, 247.0
475, 561.0, 189.0
476, 656.0, 67.0
477, 451.0, 354.0
478, 416.0, 433.0
479, 21.0, 238.0
480, 494.0, 50.0
481, 128.0, 251.0
482, 619.0, 289.0
483, 529.0, 360.0
484, 207.0, 91.0
485, 354.0, 69.0
486, 633.0, 251.0
487, 314.0, 387.0
488, 685.0, 333.0
489, 324.0, 14.0
490, 153.0, 239.0
491, 226.0, 351.0
492, 39.0, 261.0
493, 28.0, 29.0
494, 684.0, 16.0
495, 712.0, 66.0
496, 230.0, 241.0
497, 251.0, 188.0
498, 700.0, 316.0
499, 112.0, 114.0
