0, 125.0, 399.0
1, 286.0, 365.0
2, 47.0, 49.0
3, 668.0, 374.0
4, 458.0, 357.0
5, 470.0, 235.0
6, 127.0, 22.0
7, 120.0, 387.0
8, 62.0, 377.0
9, 357.0, 344.0
10, 230.0, 215.0
11, 226.0, 377.0
12, 389.0, 381.0
13, 142.0, 378.0
14, 404.0, 456.0
15, 275.0, 366.0
16, 215.0, 449.0
17, 266.0, 212.0
18, 302.0, 434.0
19, 347.0, 345.0
20, 250.0, 396.0
21, 517.0, 54.0
22, 650.0, 427.0
23, 303.0, 40.0
24, 555.0, 54.0
25, 472.0, 424.0
26, 516.0, 339.0
27, 535.0, 464.0
28, 529.0, 387.0
29, 145.0, 316.0
30, 140.0, 366.0
31, 17.0, 50.0
32, 203.0, 340.0
33, 542.0, 42.0
34, 219.0, 469.0
35, 552.0, 322.0
36, 93.0, 438.0
37, 286.0, 294.0
38, 240.0, 201.0
39, 299.0, 424.0
40, 288.0, 382.0
41, 658.0, 103.0
42, 200.0, 329.0
43, 171.0, 468.0
44, 209.0, 332.0
45, 577.0, 467.0
46, 496.0, 461.0
47, 265.0, 422.0
48, 516.0, 216.0
49, 703.0, 387.0
50, 289.0, 413.0
51, 423.0, 217.0
52, 288.0, 284.0
53, 253.0, 191.0
54, 144.0, 23.0
55, 33.0, 49.0
56, 182.0, 310.0
57, 662.0, 137.0
58, 220.0, 319.0
59, 420.0, 39.0
60, 502.0, 421.0
61, 321.0, 13.0
62, 272.0, 339.0
63, 36.0, 63.0
64, 157.0, 326.0
65, 590.0, 65.0
66, 421.0, 28.0
67, 525.0, 327.0
68, 477.0, 240.0
69, 465.0, 383.0
70, 358.0, 356.0
71, 141.0, 437.0
72, 515.0, 413.0
73, 377.0, 353.0
74, 60.0, 178.0
75, 284.0, 348.0
76, 99.0, 21.0
77, 444.0, 41.0
78, 474.0, 195.0
79, 530.0, 428.0
80, 412.0, 188.0
81, 299.0, 381.0
82, 547.0, 274.0
83, 347.0, 38.0
84, 456.0, 247.0
85, 162.0, 420.0
86, 321.0, 338.0
87, 205.0, 421.0
88, 136.0, 408.0
89, 463.0, 448.0
90, 209.0, 384.0
91, 111.0, 442.0
92, 328.0, 226.0
93, 474.0, 460.0
94, 494.0, 293.0
95, 38.0, 200.0
96, 209.0, 307.0
97, 534.0, 312.0
98, 206.0, 397.0
99, 334.0, 36.0
100, 204.0, 430.0
101, 216.0, 16.0
102, 50.0, 63.0
103, 142.0, 8.0
104, 378.0, 432.0
105, 395.0, 198.0
106, 175.0, 431.0
107, 515.0, 65.0
108, 378.0, 287.0
109, 358.0, 14.0
110, 658.0, 344.0
111, 153.0, 404.0
112, 305.0, 27.0
113, 654.0, 115.0
114, 369.0, 384.0
115, 500.0, 352.0
116, 413.0, 292.0
117, 650.0, 137.0
118, 134.0, 398.0
119, 452.0, 385.0
120, 698.0, 154.0
121, 539.0, 365.0
122, 413.0, 305.0
123, 192.0, 427.0
124, 62.0, 471.0
125, 626.0, 400.0
126, 192.0, 365.0
127, 424.0, 205.0
128, 88.0, 230.0
129, 133.0, 31.0
130, 246.0, 268.0
131, 308.0, 282.0
132, 263.0, 194.0
133, 513.0, 248.0
134, 676.0, 205.0
135, 207.0, 38.0
136, 265.0, 409.0
137, 629.0, 198.0
138, 740.0, 161.0
139, 556.0, 423.0
140, 30.0, 34.0
141, 359.0, 330.0
142, 462.0, 31.0
143, 454.0, 371.0
144, 247.0, 379.0
145, 526.0, 53.0
146, 56.0, 398.0
147, 334.0, 26.0
148, 317.0, 437.0
149, 657.0, 435.0
150, 517.0, 192.0
151, 176.0, 38.0
152, 86.0, 49.0
153, 171.0, 311.0
154, 504.0, 315.0
155, 267.0, 238.0
156, 540.0, 54.0
157, 385.0, 367.0
158, 74.0, 235.0
159, 243.0, 233.0
160, 509.0, 132.0
161, 443.0, 362.0
162, 422.0, 186.0
163, 408.0, 17.0
164, 285.0, 327.0
165, 209.0, 322.0
166, 149.0, 419.0
167, 455.0, 21.0
168, 164.0, 441.0
169, 729.0, 404.0
170, 411.0, 362.0
171, 117.0, 350.0
172, 225.0, 366.0
173, 14.0, 35.0
174, 676.0, 381.0
175, 204.0, 362.0
176, 170.0, 174.0
177, 545.0, 398.0
178, 108.0, 49.0
179, 273.0, 266.0
180, 244.0, 255.0
181, 649.0, 202.0
182, 395.0, 457.0
183, 115.0, 402.0
184, 567.0, 361.0
185, 398.0, 333.0
186, 620.0, 457.0
187, 475.0, 45.0
188, 410.0, 274.0
189, 454.0, 169.0
190, 39.0, 255.0
191, 213.0, 410.0
192, 354.0, 300.0
193, 541.0, 348.0
194, 322.0, 26.0
195, 129.0, 468.0
196, 219.0, 37.0
197, 81.0, 35.0
198, 326.0, 188.0
199, 507.0, 370.0
200, 45.0, 163.0
201, 57.0, 246.0
202, 334.0, 13.0
203, 307.0, 13.0
204, 125.0, 365.0
205, 184.0, 404.0
206, 536.0, 220.0
207, 126.0, 349.0
208, 488.0, 29.0
209, 532.0, 333.0
210, 261.0, 25.0
211, 257.0, 231.0
212, 348.0, 28.0
213, 538.0, 378.0
214, 551.0, 353.0
215, 274.0, 25.0
216, 146.0, 31.0
217, 271.0, 190.0
218, 323.0, 426.0
219, 630.0, 391.0
220, 506.0, 108.0
221, 267.0, 437.0
222, 207.0, 24.0
223, 535.0, 400.0
224, 278.0, 374.0
225, 310.0, 324.0
226, 517.0, 392.0
227, 183.0, 58.0
228, 504.0, 196.0
229, 477.0, 253.0
230, 138.0, 69.0
231, 288.0, 229.0
232, 510.0, 362.0
233, 60.0, 35.0
234, 222.0, 431.0
235, 240.0, 424.0
236, 539.0, 269.0
237, 274.0, 453.0
238, 237.0, 277.0
239, 415.0, 322.0
240, 399.0, 364.0
241, 85.0, 458.0
242, 131.0, 381.0
243, 340.0, 311.0
244, 543.0, 331.0
245, 324.0, 139.0
246, 309.0, 306.0
247, 572.0, 54.0
248, 156.0, 376.0
249, 542.0, 131.0
250, 447.0, 184.0
251, 51.0, 28.0
252, 522.0, 462.0
253, 525.0, 373.0
254, 345.0, 358.0
255, 236.0, 132.0
256, 257.0, 243.0
257, 127.0, 289.0
258, 297.0, 363.0
259, 222.0, 352.0
260, 255.0, 277.0
261, 57.0, 20.0
262, 168.0, 387.0
263, 554.0, 66.0
264, 300.0, 396.0
265, 196.0, 442.0
266, 99.0, 68.0
267, 473.0, 446.0
268, 430.0, 303.0
269, 99.0, 455.0
270, 27.0, 209.0
271, 128.0, 266.0
272, 139.0, 422.0
273, 62.0, 64.0
274, 176.0, 333.0
275, 398.0, 283.0
276, 61.0, 47.0
277, 283.0, 398.0
278, 175.0, 417.0
279, 344.0, 334.0
280, 252.0, 25.0
281, 96.0, 465.0
282, 287.0, 434.0
283, 179.0, 365.0
284, 557.0, 42.0
285, 432.0, 387.0
286, 178.0, 449.0
287, 491.0, 171.0
288, 17.0, 268.0
289, 395.0, 274.0
290, 236.0, 222.0
291, 535.0, 323.0
292, 123.0, 8.0
293, 579.0, 350.0
294, 482.0, 399.0
295, 555.0, 152.0
296, 507.0, 325.0
297, 436.0, 49.0
298, 266.0, 468.0
299, 385.0, 311.0
300, 113.0, 371.0
301, 309.0, 411.0
302, 343.0, 405.0
303, 445.0, 26.0
304, 615.0, 396.0
305, 413.0, 376.0
306, 394.0, 40.0
307, 288.0, 464.0
308, 108.0, 242.0
309, 349.0, 462.0
310, 483.0, 381.0
311, 263.0, 58.0
312, 199.0, 58.0
313, 560.0, 396.0
314, 517.0, 297.0
315, 308.0, 227.0
316, 586.0, 451.0
317, 522.0, 110.0
318, 363.0, 26.0
319, 502.0, 396.0
320, 671.0, 181.0
321, 366.0, 371.0
322, 547.0, 381.0
323, 572.0, 446.0
324, 266.0, 320.0
325, 398.0, 352.0
326, 261.0, 376.0
327, 430.0, 272.0
328, 321.0, 59.0
329, 440.0, 321.0
330, 224.0, 234.0
331, 63.0, 193.0
332, 156.0, 453.0
333, 335.0, 417.0
334, 301.0, 454.0
335, 73.0, 302.0
336, 270.0, 11.0
337, 322.0, 328.0
338, 350.0, 437.0
339, 558.0, 32.0
340, 565.0, 456.0
341, 315.0, 460.0
342, 231.0, 254.0
343, 44.0, 36.0
344, 110.0, 304.0
345, 237.0, 242.0
346, 495.0, 327.0
347, 564.0, 375.0
348, 485.0, 191.0
349, 292.0, 307.0
350, 312.0, 387.0
351, 573.0, 200.0
352, 377.0, 336.0
353, 459.0, 234.0
354, 559.0, 351.0
355, 161.0, 8.0
356, 185.0, 291.0
357, 129.0, 312.0
358, 305.0, 152.0
359, 375.0, 48.0
360, 209.0, 352.0
361, 729.0, 143.0
362, 390.0, 288.0
363, 408.0, 27.0
364, 222.0, 341.0
365, 261.0, 37.0
366, 325.0, 175.0
367, 447.0, 202.0
368, 286.0, 175.0
369, 523.0, 130.0
370, 300.0, 276.0
371, 643.0, 348.0
372, 592.0, 303.0
373, 395.0, 222.0
374, 426.0, 348.0
375, 112.0, 324.0
376, 553.0, 441.0
377, 729.0, 471.0
378, 335.0, 429.0
379, 145.0, 357.0
380, 296.0, 350.0
381, 539.0, 443.0
382, 509.0, 175.0
383, 161.0, 468.0
384, 134.0, 58.0
385, 500.0, 378.0
386, 308.0, 374.0
387, 176.0, 384.0
388, 250.0, 59.0
389, 311.0, 337.0
390, 513.0, 471.0
391, 186.0, 380.0
392, 104.0, 422.0
393, 295.0, 444.0
394, 529.0, 445.0
395, 172.0, 23.0
396, 700.0, 143.0
397, 410.0, 107.0
398, 638.0, 400.0
399, 492.0, 340.0
400, 171.0, 403.0
401, 327.0, 212.0
402, 221.0, 387.0
403, 436.0, 171.0
404, 324.0, 152.0
405, 666.0, 114.0
406, 374.0, 329.0
407, 420.0, 373.0
408, 45.0, 448.0
409, 560.0, 283.0
410, 211.0, 256.0
411, 413.0, 349.0
412, 417.0, 421.0
413, 310.0, 400.0
414, 325.0, 111.0
415, 201.0, 464.0
416, 182.0, 342.0
417, 519.0, 29.0
418, 241.0, 181.0
419, 495.0, 275.0
420, 64.0, 445.0
421, 446.0, 467.0
422, 520.0, 257.0
423, 400.0, 303.0
424, 394.0, 27.0
425, 156.0, 429.0
426, 627.0, 65.0
427, 166.0, 302.0
428, 621.0, 339.0
429, 37.0, 421.0
430, 375.0, 221.0
431, 122.0, 436.0
432, 197.0, 236.0
433, 66.0, 78.0
434, 129.0, 301.0
435, 226.0, 306.0
436, 31.0, 21.0
437, 512.0, 380.0
438, 501.0, 441.0
439, 342.0, 432.0
440, 341.0, 464.0
441, 400.0, 385.0
442, 303.0, 111.0
443, 708.0, 64.0
444, 367.0, 266.0
445, 454.0, 47.0
446, 329.0, 257.0
447, 424.0, 331.0
448, 685.0, 374.0
449, 429.0, 465.0
450, 342.0, 388.0
451, 431.0, 19.0
452, 352.0, 450.0
453, 314.0, 349.0
454, 423.0, 173.0
455, 68.0, 56.0
456, 131.0, 47.0
457, 355.0, 309.0
458, 569.0, 42.0
459, 85.0, 350.0
460, 147.0, 396.0
461, 527.0, 454.0
462, 427.0, 440.0
463, 262.0, 263.0
464, 43.0, 187.0
465, 169.0, 366.0
466, 223.0, 50.0
467, 533.0, 97.0
468, 634.0, 410.0
469, 246.0, 10.0
470, 472.0, 172.0
471, 194.0, 413.0
472, 255.0, 207.0
473, 155.0, 239.0
474, 584.0, 162.0
475, 157.0, 296.0
476, 641.0, 363.0
477, 434.0, 39.0
478, 465.0, 224.0
479, 651.0, 359.0
480, 610.0, 449.0
481, 221.0, 220.0
482, 361.0, 39.0
483, 435.0, 262.0
484, 441.0, 257.0
485, 25.0, 75.0
486, 629.0, 52.0
487, 243.0, 434.0
488, 107.0, 434.0
489, 335.0, 458.0
490, 524.0, 184.0
491, 216.0, 398.0
492, 381.0, 461.0
493, 42.0, 20.0
494, 401.0, 209.0
495, 528.0, 355.0
496, 663.0, 445.0
497, 363.0, 49.0
498, 101.0, 220.0
499, 226.0, 412.0
