0, 472.0, 8.0
1, 486.0, 8.0
2, 632.0, 8.0
3, 509.0, 10.0
4, 648.0, 11.0
5, 663.0, 13.0
6, 674.0, 14.0
7, 543.0, 15.0
8, 604.0, 16.0
9, 688.0, 18.0
10, 611.0, 21.0
11, 701.0, 21.0
12, 629.0, 26.0
13, 422.0, 28.0
14, 595.0, 29.0
15, 645.0, 29.0
16, 659.0, 29.0
17, 395.0, 30.0
18, 603.0, 30.0
19, 608.0, 32.0
20, 671.0, 32.0
21, 683.0, 34.0
22, 697.0, 35.0
23, 273.0, 40.0
24, 295.0, 42.0
25, 641.0, 51.0
26, 718.0, 55.0
27, 733.0, 61.0
28, 9.0, 63.0
29, 23.0, 63.0
30, 484.0, 63.0
31, 507.0, 63.0
32, 52.0, 64.0
33, 66.0, 65.0
34, 81.0, 66.0
35, 95.0, 66.0
36, 498.0, 66.0
37, 106.0, 67.0
38, 112.0, 67.0
39, 121.0, 68.0
40, 128.0, 69.0
41, 133.0, 69.0
42, 146.0, 70.0
43, 161.0, 70.0
44, 84.0, 72.0
45, 15.0, 81.0
46, 31.0, 81.0
47, 40.0, 82.0
48, 49.0, 82.0
49, 54.0, 82.0
50, 87.0, 83.0
51, 98.0, 84.0
52, 481.0, 84.0
53, 116.0, 85.0
54, 138.0, 85.0
55, 151.0, 85.0
56, 349.0, 87.0
57, 496.0, 87.0
58, 503.0, 87.0
59, 433.0, 90.0
60, 472.0, 91.0
61, 33.0, 92.0
62, 487.0, 92.0
63, 17.0, 93.0
64, 500.0, 93.0
65, 89.0, 94.0
66, 137.0, 96.0
67, 264.0, 96.0
68, 151.0, 97.0
69, 156.0, 97.0
70, 161.0, 97.0
71, 184.0, 97.0
72, 312.0, 97.0
73, 124.0, 98.0
74, 114.0, 99.0
75, 355.0, 99.0
76, 432.0, 99.0
77, 95.0, 100.0
78, 480.0, 100.0
79, 496.0, 100.0
80, 390.0, 101.0
81, 471.0, 101.0
82, 417.0, 102.0
83, 501.0, 102.0
84, 506.0, 102.0
85, 196.0, 104.0
86, 525.0, 104.0
87, 530.0, 104.0
88, 535.0, 104.0
89, 489.0, 106.0
90, 501.0, 107.0
91, 139.0, 108.0
92, 567.0, 108.0
93, 422.0, 109.0
94, 613.0, 109.0
95, 98.0, 111.0
96, 154.0, 111.0
97, 174.0, 111.0
98, 186.0, 111.0
99, 476.0, 111.0
100, 595.0, 111.0
101, 162.0, 112.0
102, 471.0, 112.0
103, 501.0, 112.0
104, 429.0, 113.0
105, 130.0, 115.0
106, 415.0, 116.0
107, 490.0, 116.0
108, 469.0, 117.0
109, 503.0, 117.0
110, 520.0, 117.0
111, 198.0, 120.0
112, 531.0, 120.0
113, 142.0, 121.0
114, 119.0, 122.0
115, 174.0, 124.0
116, 187.0, 124.0
117, 156.0, 126.0
118, 164.0, 127.0
119, 495.0, 128.0
120, 412.0, 131.0
121, 114.0, 132.0
122, 119.0, 132.0
123, 102.0, 133.0
124, 124.0, 133.0
125, 144.0, 134.0
126, 494.0, 134.0
127, 171.0, 135.0
128, 154.0, 136.0
129, 412.0, 136.0
130, 528.0, 136.0
131, 570.0, 136.0
132, 589.0, 136.0
133, 536.0, 137.0
134, 427.0, 138.0
135, 171.0, 140.0
136, 199.0, 140.0
137, 162.0, 142.0
138, 179.0, 142.0
139, 122.0, 143.0
140, 274.0, 144.0
141, 492.0, 147.0
142, 526.0, 147.0
143, 569.0, 147.0
144, 427.0, 148.0
145, 461.0, 148.0
146, 511.0, 148.0
147, 397.0, 149.0
148, 412.0, 149.0
149, 163.0, 150.0
150, 535.0, 150.0
151, 589.0, 150.0
152, 105.0, 151.0
153, 117.0, 151.0
154, 199.0, 151.0
155, 640.0, 151.0
156, 604.0, 153.0
157, 633.0, 154.0
158, 550.0, 159.0
159, 564.0, 159.0
160, 581.0, 159.0
161, 494.0, 160.0
162, 517.0, 160.0
163, 397.0, 161.0
164, 409.0, 161.0
165, 460.0, 161.0
166, 499.0, 161.0
167, 426.0, 162.0
168, 174.0, 163.0
169, 163.0, 164.0
170, 186.0, 165.0
171, 121.0, 168.0
172, 108.0, 170.0
173, 187.0, 170.0
174, 358.0, 172.0
175, 205.0, 175.0
176, 176.0, 177.0
177, 165.0, 178.0
178, 409.0, 178.0
179, 426.0, 178.0
180, 394.0, 181.0
181, 417.0, 181.0
182, 370.0, 184.0
183, 505.0, 186.0
184, 425.0, 191.0
185, 677.0, 191.0
186, 386.0, 195.0
187, 394.0, 195.0
188, 81.0, 197.0
189, 272.0, 197.0
190, 464.0, 204.0
191, 341.0, 205.0
192, 424.0, 205.0
193, 446.0, 205.0
194, 116.0, 207.0
195, 406.0, 207.0
196, 348.0, 210.0
197, 295.0, 211.0
198, 422.0, 214.0
199, 221.0, 216.0
200, 471.0, 218.0
201, 155.0, 219.0
202, 295.0, 220.0
203, 218.0, 221.0
204, 82.0, 224.0
205, 218.0, 227.0
206, 621.0, 227.0
207, 723.0, 227.0
208, 39.0, 228.0
209, 444.0, 230.0
210, 162.0, 231.0
211, 467.0, 233.0
212, 535.0, 233.0
213, 146.0, 234.0
214, 533.0, 238.0
215, 538.0, 238.0
216, 65.0, 240.0
217, 357.0, 240.0
218, 41.0, 241.0
219, 402.0, 241.0
220, 217.0, 242.0
221, 539.0, 244.0
222, 366.0, 252.0
223, 217.0, 256.0
224, 17.0, 261.0
225, 217.0, 261.0
226, 41.0, 262.0
227, 148.0, 264.0
228, 31.0, 271.0
229, 217.0, 272.0
230, 125.0, 273.0
231, 199.0, 275.0
232, 392.0, 281.0
233, 19.0, 282.0
234, 119.0, 284.0
235, 13.0, 288.0
236, 360.0, 288.0
237, 297.0, 304.0
238, 216.0, 307.0
239, 207.0, 309.0
240, 321.0, 311.0
241, 676.0, 318.0
242, 363.0, 320.0
243, 431.0, 323.0
244, 13.0, 324.0
245, 97.0, 325.0
246, 215.0, 327.0
247, 194.0, 331.0
248, 189.0, 332.0
249, 613.0, 341.0
250, 650.0, 341.0
251, 118.0, 343.0
252, 188.0, 347.0
253, 83.0, 350.0
254, 63.0, 363.0
255, 522.0, 365.0
256, 138.0, 377.0
257, 626.0, 379.0
258, 498.0, 384.0
259, 634.0, 384.0
260, 486.0, 386.0
261, 90.0, 392.0
262, 598.0, 393.0
263, 363.0, 394.0
264, 508.0, 395.0
265, 652.0, 397.0
266, 30.0, 399.0
267, 56.0, 399.0
268, 611.0, 405.0
269, 664.0, 406.0
270, 370.0, 408.0
271, 567.0, 408.0
272, 516.0, 409.0
273, 577.0, 412.0
274, 450.0, 415.0
275, 683.0, 419.0
276, 383.0, 437.0
277, 711.0, 440.0
278, 598.0, 444.0
279, 357.0, 445.0
280, 720.0, 447.0
281, 729.0, 453.0
282, 582.0, 463.0
283, 601.0, 469.0
