0, 83.0, 8.0
1, 88.0, 9.0
2, 94.0, 10.0
3, 252.0, 10.0
4, 154.0, 13.0
5, 278.0, 13.0
6, 292.0, 14.0
7, 300.0, 15.0
8, 174.0, 16.0
9, 182.0, 16.0
10, 311.0, 19.0
11, 322.0, 20.0
12, 36.0, 22.0
13, 68.0, 22.0
14, 242.0, 23.0
15, 247.0, 24.0
16, 54.0, 25.0
17, 252.0, 25.0
18, 38.0, 27.0
19, 263.0, 27.0
20, 76.0, 28.0
21, 279.0, 28.0
22, 84.0, 30.0
23, 293.0, 30.0
24, 93.0, 31.0
25, 301.0, 31.0
26, 309.0, 31.0
27, 156.0, 32.0
28, 323.0, 33.0
29, 182.0, 34.0
30, 177.0, 35.0
31, 146.0, 36.0
32, 207.0, 36.0
33, 286.0, 38.0
34, 327.0, 38.0
35, 336.0, 38.0
36, 39.0, 39.0
37, 243.0, 40.0
38, 616.0, 40.0
39, 57.0, 41.0
40, 77.0, 41.0
41, 177.0, 41.0
42, 89.0, 42.0
43, 400.0, 45.0
44, 253.0, 46.0
45, 263.0, 47.0
46, 56.0, 48.0
47, 280.0, 48.0
48, 675.0, 48.0
49, 662.0, 49.0
50, 686.0, 49.0
51, 294.0, 50.0
52, 302.0, 50.0
53, 31.0, 51.0
54, 40.0, 51.0
55, 311.0, 51.0
56, 701.0, 51.0
57, 54.0, 53.0
58, 335.0, 53.0
59, 653.0, 53.0
60, 10.0, 54.0
61, 79.0, 54.0
62, 714.0, 54.0
63, 98.0, 55.0
64, 265.0, 55.0
65, 347.0, 55.0
66, 357.0, 56.0
67, 724.0, 56.0
68, 278.0, 57.0
69, 283.0, 58.0
70, 399.0, 58.0
71, 602.0, 58.0
72, 152.0, 59.0
73, 323.0, 59.0
74, 647.0, 59.0
75, 660.0, 59.0
76, 179.0, 60.0
77, 289.0, 60.0
78, 295.0, 62.0
79, 525.0, 62.0
80, 204.0, 63.0
81, 312.0, 63.0
82, 399.0, 63.0
83, 44.0, 64.0
84, 101.0, 65.0
85, 256.0, 67.0
86, 583.0, 67.0
87, 609.0, 68.0
88, 153.0, 69.0
89, 264.0, 69.0
90, 306.0, 69.0
91, 604.0, 69.0
92, 693.0, 69.0
93, 281.0, 70.0
94, 681.0, 70.0
95, 181.0, 71.0
96, 192.0, 71.0
97, 323.0, 71.0
98, 453.0, 71.0
99, 205.0, 73.0
100, 336.0, 73.0
101, 16.0, 74.0
102, 348.0, 74.0
103, 361.0, 74.0
104, 710.0, 74.0
105, 373.0, 75.0
106, 45.0, 76.0
107, 388.0, 76.0
108, 524.0, 76.0
109, 29.0, 77.0
110, 84.0, 77.0
111, 398.0, 77.0
112, 501.0, 77.0
113, 669.0, 77.0
114, 103.0, 78.0
115, 679.0, 79.0
116, 689.0, 79.0
117, 695.0, 79.0
118, 154.0, 80.0
119, 701.0, 80.0
120, 579.0, 81.0
121, 718.0, 82.0
122, 182.0, 83.0
123, 206.0, 84.0
124, 321.0, 85.0
125, 250.0, 86.0
126, 523.0, 87.0
127, 265.0, 88.0
128, 301.0, 89.0
129, 320.0, 90.0
130, 336.0, 91.0
131, 398.0, 93.0
132, 451.0, 95.0
133, 499.0, 96.0
134, 541.0, 96.0
135, 34.0, 97.0
136, 519.0, 97.0
137, 22.0, 103.0
138, 21.0, 108.0
139, 328.0, 108.0
140, 333.0, 108.0
141, 341.0, 108.0
142, 357.0, 108.0
143, 394.0, 110.0
144, 399.0, 110.0
145, 408.0, 111.0
146, 424.0, 111.0
147, 432.0, 111.0
148, 437.0, 111.0
149, 442.0, 111.0
150, 454.0, 112.0
151, 23.0, 114.0
152, 25.0, 119.0
153, 576.0, 119.0
154, 592.0, 119.0
155, 585.0, 122.0
156, 103.0, 131.0
157, 108.0, 131.0
158, 116.0, 132.0
159, 131.0, 132.0
160, 136.0, 132.0
161, 146.0, 132.0
162, 156.0, 132.0
163, 170.0, 132.0
164, 178.0, 132.0
165, 184.0, 132.0
166, 189.0, 132.0
167, 205.0, 132.0
168, 216.0, 132.0
169, 224.0, 132.0
170, 237.0, 132.0
171, 282.0, 132.0
172, 151.0, 133.0
173, 256.0, 133.0
174, 273.0, 133.0
175, 291.0, 133.0
176, 302.0, 136.0
177, 574.0, 136.0
178, 589.0, 136.0
179, 151.0, 138.0
180, 125.0, 143.0
181, 138.0, 143.0
182, 171.0, 143.0
183, 187.0, 143.0
184, 192.0, 143.0
185, 207.0, 143.0
186, 110.0, 144.0
187, 115.0, 144.0
188, 132.0, 144.0
189, 275.0, 144.0
190, 579.0, 145.0
191, 78.0, 146.0
192, 88.0, 146.0
193, 622.0, 146.0
194, 98.0, 147.0
195, 531.0, 147.0
196, 627.0, 147.0
197, 632.0, 147.0
198, 267.0, 148.0
199, 509.0, 148.0
200, 216.0, 149.0
201, 483.0, 149.0
202, 523.0, 149.0
203, 572.0, 149.0
204, 597.0, 149.0
205, 613.0, 149.0
206, 146.0, 150.0
207, 161.0, 150.0
208, 196.0, 150.0
209, 344.0, 150.0
210, 382.0, 150.0
211, 207.0, 151.0
212, 306.0, 151.0
213, 321.0, 151.0
214, 227.0, 153.0
215, 255.0, 153.0
216, 277.0, 153.0
217, 245.0, 154.0
218, 313.0, 155.0
219, 207.0, 156.0
220, 506.0, 158.0
221, 611.0, 159.0
222, 596.0, 160.0
223, 233.0, 161.0
224, 322.0, 162.0
225, 570.0, 162.0
226, 506.0, 163.0
227, 307.0, 164.0
228, 529.0, 164.0
229, 283.0, 165.0
230, 482.0, 166.0
231, 253.0, 167.0
232, 267.0, 167.0
233, 228.0, 168.0
234, 245.0, 168.0
235, 331.0, 172.0
236, 431.0, 172.0
237, 448.0, 172.0
238, 460.0, 172.0
239, 563.0, 172.0
240, 528.0, 174.0
241, 572.0, 174.0
242, 516.0, 175.0
243, 267.0, 176.0
244, 480.0, 176.0
245, 504.0, 176.0
246, 669.0, 176.0
247, 330.0, 177.0
248, 68.0, 178.0
249, 304.0, 178.0
250, 624.0, 178.0
251, 78.0, 179.0
252, 647.0, 179.0
253, 652.0, 179.0
254, 277.0, 180.0
255, 636.0, 180.0
256, 660.0, 181.0
257, 607.0, 182.0
258, 612.0, 182.0
259, 479.0, 184.0
260, 601.0, 184.0
261, 591.0, 185.0
262, 560.0, 186.0
263, 526.0, 188.0
264, 267.0, 191.0
265, 479.0, 191.0
266, 508.0, 193.0
267, 69.0, 194.0
268, 71.0, 199.0
269, 315.0, 200.0
270, 452.0, 201.0
271, 332.0, 204.0
272, 490.0, 205.0
273, 504.0, 208.0
274, 344.0, 209.0
275, 468.0, 209.0
276, 322.0, 210.0
277, 315.0, 211.0
278, 523.0, 211.0
279, 477.0, 213.0
280, 585.0, 214.0
281, 488.0, 217.0
282, 722.0, 217.0
283, 516.0, 225.0
284, 521.0, 225.0
285, 509.0, 226.0
286, 450.0, 228.0
287, 461.0, 229.0
288, 495.0, 230.0
289, 279.0, 232.0
290, 567.0, 232.0
291, 119.0, 237.0
292, 493.0, 237.0
293, 110.0, 241.0
294, 321.0, 241.0
295, 502.0, 241.0
296, 163.0, 243.0
297, 471.0, 244.0
298, 466.0, 245.0
299, 131.0, 250.0
300, 703.0, 250.0
301, 82.0, 251.0
302, 93.0, 252.0
303, 116.0, 252.0
304, 586.0, 256.0
305, 107.0, 257.0
306, 214.0, 257.0
307, 246.0, 258.0
308, 423.0, 258.0
309, 116.0, 260.0
310, 646.0, 260.0
311, 97.0, 261.0
312, 83.0, 262.0
313, 315.0, 262.0
314, 651.0, 262.0
315, 89.0, 263.0
316, 156.0, 263.0
317, 283.0, 265.0
318, 300.0, 265.0
319, 534.0, 266.0
320, 315.0, 267.0
321, 285.0, 270.0
322, 261.0, 271.0
323, 330.0, 271.0
324, 149.0, 272.0
325, 155.0, 272.0
326, 551.0, 272.0
327, 597.0, 272.0
328, 118.0, 273.0
329, 316.0, 273.0
330, 98.0, 274.0
331, 107.0, 275.0
332, 86.0, 276.0
333, 509.0, 280.0
334, 338.0, 281.0
335, 154.0, 284.0
336, 30.0, 285.0
337, 159.0, 285.0
338, 518.0, 285.0
339, 110.0, 287.0
340, 120.0, 288.0
341, 418.0, 289.0
342, 467.0, 289.0
343, 149.0, 291.0
344, 247.0, 291.0
345, 346.0, 292.0
346, 600.0, 297.0
347, 415.0, 298.0
348, 35.0, 300.0
349, 284.0, 300.0
350, 585.0, 302.0
351, 609.0, 302.0
352, 422.0, 304.0
353, 593.0, 305.0
354, 215.0, 306.0
355, 207.0, 307.0
356, 358.0, 308.0
357, 558.0, 308.0
358, 193.0, 309.0
359, 141.0, 310.0
360, 265.0, 317.0
361, 291.0, 317.0
362, 363.0, 317.0
363, 253.0, 318.0
364, 575.0, 319.0
365, 40.0, 320.0
366, 191.0, 320.0
367, 508.0, 321.0
368, 496.0, 324.0
369, 607.0, 324.0
370, 290.0, 327.0
371, 295.0, 330.0
372, 218.0, 331.0
373, 463.0, 331.0
374, 526.0, 331.0
375, 32.0, 334.0
376, 398.0, 334.0
377, 452.0, 334.0
378, 512.0, 334.0
379, 38.0, 336.0
380, 187.0, 338.0
381, 210.0, 339.0
382, 30.0, 340.0
383, 613.0, 341.0
384, 650.0, 341.0
385, 82.0, 342.0
386, 523.0, 342.0
387, 205.0, 343.0
388, 144.0, 344.0
389, 210.0, 344.0
390, 406.0, 344.0
391, 218.0, 345.0
392, 29.0, 346.0
393, 163.0, 346.0
394, 545.0, 346.0
395, 467.0, 347.0
396, 460.0, 348.0
397, 680.0, 348.0
398, 143.0, 349.0
399, 326.0, 349.0
400, 390.0, 351.0
401, 185.0, 352.0
402, 713.0, 352.0
403, 25.0, 353.0
404, 161.0, 356.0
405, 306.0, 356.0
406, 390.0, 356.0
407, 331.0, 358.0
408, 722.0, 358.0
409, 693.0, 360.0
410, 139.0, 361.0
411, 394.0, 364.0
412, 262.0, 365.0
413, 571.0, 365.0
414, 487.0, 366.0
415, 112.0, 367.0
416, 118.0, 367.0
417, 658.0, 367.0
418, 123.0, 368.0
419, 506.0, 369.0
420, 743.0, 371.0
421, 65.0, 374.0
422, 106.0, 374.0
423, 284.0, 374.0
424, 266.0, 378.0
425, 693.0, 387.0
426, 608.0, 391.0
427, 295.0, 394.0
428, 321.0, 395.0
429, 519.0, 395.0
430, 29.0, 398.0
431, 180.0, 400.0
432, 50.0, 403.0
433, 95.0, 403.0
434, 679.0, 406.0
435, 15.0, 407.0
436, 113.0, 407.0
437, 430.0, 407.0
438, 531.0, 407.0
439, 33.0, 408.0
440, 87.0, 408.0
441, 650.0, 409.0
442, 327.0, 410.0
443, 637.0, 411.0
444, 26.0, 413.0
445, 75.0, 414.0
446, 8.0, 416.0
447, 541.0, 416.0
448, 20.0, 419.0
449, 645.0, 419.0
450, 570.0, 425.0
451, 79.0, 430.0
452, 555.0, 430.0
453, 711.0, 430.0
454, 103.0, 433.0
455, 582.0, 436.0
456, 540.0, 439.0
457, 62.0, 440.0
458, 280.0, 440.0
459, 25.0, 447.0
460, 463.0, 450.0
461, 550.0, 450.0
462, 141.0, 455.0
463, 496.0, 457.0
464, 509.0, 463.0
465, 503.0, 464.0
466, 474.0, 465.0
467, 92.0, 471.0
468, 138.0, 471.0
