0, 63.0, 8.0
1, 70.0, 9.0
2, 242.0, 9.0
3, 80.0, 11.0
4, 272.0, 13.0
5, 142.0, 14.0
6, 284.0, 14.0
7, 292.0, 15.0
8, 158.0, 17.0
9, 171.0, 17.0
10, 303.0, 18.0
11, 315.0, 19.0
12, 19.0, 20.0
13, 55.0, 23.0
14, 231.0, 24.0
15, 236.0, 24.0
16, 242.0, 25.0
17, 20.0, 27.0
18, 37.0, 27.0
19, 250.0, 27.0
20, 274.0, 29.0
21, 57.0, 30.0
22, 66.0, 30.0
23, 286.0, 30.0
24, 71.0, 31.0
25, 77.0, 31.0
26, 294.0, 31.0
27, 144.0, 32.0
28, 303.0, 32.0
29, 315.0, 33.0
30, 109.0, 34.0
31, 172.0, 34.0
32, 193.0, 36.0
33, 326.0, 36.0
34, 318.0, 38.0
35, 613.0, 38.0
36, 233.0, 39.0
37, 161.0, 40.0
38, 23.0, 41.0
39, 59.0, 42.0
40, 40.0, 43.0
41, 83.0, 43.0
42, 73.0, 44.0
43, 674.0, 46.0
44, 244.0, 47.0
45, 392.0, 47.0
46, 40.0, 48.0
47, 252.0, 48.0
48, 661.0, 48.0
49, 685.0, 48.0
50, 274.0, 49.0
51, 287.0, 50.0
52, 700.0, 50.0
53, 295.0, 51.0
54, 163.0, 52.0
55, 304.0, 52.0
56, 13.0, 53.0
57, 18.0, 53.0
58, 24.0, 53.0
59, 652.0, 53.0
60, 37.0, 54.0
61, 326.0, 54.0
62, 61.0, 55.0
63, 139.0, 55.0
64, 724.0, 55.0
65, 79.0, 56.0
66, 85.0, 56.0
67, 262.0, 56.0
68, 341.0, 56.0
69, 598.0, 58.0
70, 647.0, 58.0
71, 658.0, 58.0
72, 315.0, 59.0
73, 139.0, 60.0
74, 281.0, 60.0
75, 286.0, 61.0
76, 165.0, 62.0
77, 266.0, 63.0
78, 193.0, 64.0
79, 579.0, 64.0
80, 62.0, 65.0
81, 520.0, 65.0
82, 26.0, 66.0
83, 391.0, 66.0
84, 601.0, 67.0
85, 248.0, 68.0
86, 254.0, 68.0
87, 596.0, 68.0
88, 608.0, 68.0
89, 88.0, 69.0
90, 275.0, 69.0
91, 299.0, 69.0
92, 680.0, 69.0
93, 140.0, 70.0
94, 166.0, 72.0
95, 446.0, 72.0
96, 194.0, 73.0
97, 315.0, 73.0
98, 326.0, 73.0
99, 338.0, 74.0
100, 343.0, 74.0
101, 355.0, 75.0
102, 360.0, 75.0
103, 668.0, 75.0
104, 240.0, 76.0
105, 374.0, 76.0
106, 390.0, 77.0
107, 496.0, 77.0
108, 28.0, 78.0
109, 48.0, 78.0
110, 678.0, 78.0
111, 689.0, 78.0
112, 695.0, 78.0
113, 11.0, 79.0
114, 66.0, 79.0
115, 700.0, 79.0
116, 705.0, 79.0
117, 89.0, 80.0
118, 277.0, 80.0
119, 576.0, 80.0
120, 142.0, 81.0
121, 718.0, 81.0
122, 168.0, 85.0
123, 313.0, 85.0
124, 195.0, 86.0
125, 241.0, 87.0
126, 519.0, 87.0
127, 538.0, 88.0
128, 253.0, 89.0
129, 312.0, 92.0
130, 326.0, 92.0
131, 390.0, 94.0
132, 445.0, 95.0
133, 494.0, 97.0
134, 511.0, 98.0
135, 516.0, 98.0
136, 15.0, 100.0
137, 296.0, 109.0
138, 328.0, 109.0
139, 370.0, 110.0
140, 375.0, 110.0
141, 380.0, 111.0
142, 385.0, 111.0
143, 393.0, 111.0
144, 400.0, 111.0
145, 419.0, 111.0
146, 432.0, 112.0
147, 442.0, 112.0
148, 590.0, 118.0
149, 573.0, 119.0
150, 582.0, 123.0
151, 90.0, 134.0
152, 99.0, 134.0
153, 113.0, 134.0
154, 133.0, 134.0
155, 193.0, 134.0
156, 200.0, 134.0
157, 256.0, 134.0
158, 273.0, 134.0
159, 278.0, 134.0
160, 123.0, 135.0
161, 138.0, 135.0
162, 143.0, 135.0
163, 155.0, 135.0
164, 164.0, 135.0
165, 169.0, 135.0
166, 176.0, 135.0
167, 211.0, 135.0
168, 219.0, 135.0
169, 224.0, 135.0
170, 235.0, 135.0
171, 246.0, 135.0
172, 267.0, 135.0
173, 570.0, 135.0
174, 586.0, 136.0
175, 293.0, 137.0
176, 274.0, 144.0
177, 181.0, 145.0
178, 194.0, 145.0
179, 222.0, 145.0
180, 98.0, 146.0
181, 121.0, 146.0
182, 161.0, 146.0
183, 576.0, 146.0
184, 622.0, 146.0
185, 627.0, 147.0
186, 107.0, 148.0
187, 512.0, 148.0
188, 527.0, 148.0
189, 632.0, 148.0
190, 61.0, 149.0
191, 74.0, 149.0
192, 88.0, 149.0
193, 505.0, 149.0
194, 517.0, 149.0
195, 571.0, 149.0
196, 595.0, 149.0
197, 283.0, 150.0
198, 411.0, 150.0
199, 444.0, 150.0
200, 479.0, 150.0
201, 491.0, 150.0
202, 258.0, 151.0
203, 268.0, 152.0
204, 375.0, 152.0
205, 133.0, 153.0
206, 148.0, 153.0
207, 301.0, 153.0
208, 316.0, 153.0
209, 336.0, 153.0
210, 195.0, 154.0
211, 611.0, 154.0
212, 246.0, 155.0
213, 293.0, 155.0
214, 222.0, 156.0
215, 239.0, 156.0
216, 268.0, 157.0
217, 309.0, 158.0
218, 53.0, 159.0
219, 196.0, 159.0
220, 504.0, 159.0
221, 595.0, 159.0
222, 610.0, 159.0
223, 141.0, 160.0
224, 224.0, 162.0
225, 568.0, 162.0
226, 229.0, 163.0
227, 318.0, 163.0
228, 60.0, 164.0
229, 301.0, 165.0
230, 310.0, 165.0
231, 503.0, 165.0
232, 524.0, 165.0
233, 268.0, 167.0
234, 278.0, 167.0
235, 247.0, 168.0
236, 223.0, 169.0
237, 239.0, 170.0
238, 560.0, 172.0
239, 325.0, 174.0
240, 524.0, 174.0
241, 570.0, 174.0
242, 514.0, 175.0
243, 502.0, 176.0
244, 669.0, 176.0
245, 477.0, 177.0
246, 616.0, 177.0
247, 590.0, 178.0
248, 624.0, 178.0
249, 652.0, 178.0
250, 314.0, 179.0
251, 54.0, 180.0
252, 297.0, 180.0
253, 636.0, 180.0
254, 660.0, 180.0
255, 271.0, 181.0
256, 607.0, 182.0
257, 612.0, 182.0
258, 602.0, 183.0
259, 477.0, 184.0
260, 55.0, 186.0
261, 66.0, 186.0
262, 590.0, 186.0
263, 557.0, 187.0
264, 522.0, 190.0
265, 262.0, 192.0
266, 475.0, 192.0
267, 308.0, 202.0
268, 315.0, 202.0
269, 448.0, 203.0
270, 653.0, 204.0
271, 56.0, 205.0
272, 64.0, 205.0
273, 488.0, 205.0
274, 325.0, 206.0
275, 726.0, 208.0
276, 501.0, 210.0
277, 338.0, 211.0
278, 464.0, 211.0
279, 519.0, 212.0
280, 308.0, 213.0
281, 316.0, 213.0
282, 475.0, 215.0
283, 581.0, 216.0
284, 723.0, 218.0
285, 485.0, 219.0
286, 518.0, 227.0
287, 504.0, 228.0
288, 564.0, 234.0
289, 270.0, 236.0
290, 486.0, 239.0
291, 111.0, 240.0
292, 92.0, 243.0
293, 497.0, 244.0
294, 101.0, 245.0
295, 313.0, 245.0
296, 152.0, 246.0
297, 465.0, 248.0
298, 127.0, 249.0
299, 482.0, 249.0
300, 703.0, 252.0
301, 120.0, 254.0
302, 67.0, 255.0
303, 81.0, 255.0
304, 105.0, 256.0
305, 157.0, 258.0
306, 723.0, 259.0
307, 149.0, 261.0
308, 96.0, 262.0
309, 236.0, 263.0
310, 330.0, 263.0
311, 86.0, 264.0
312, 647.0, 264.0
313, 652.0, 264.0
314, 203.0, 265.0
315, 68.0, 266.0
316, 305.0, 267.0
317, 289.0, 269.0
318, 529.0, 270.0
319, 305.0, 272.0
320, 274.0, 274.0
321, 202.0, 276.0
322, 250.0, 276.0
323, 435.0, 276.0
324, 87.0, 277.0
325, 109.0, 278.0
326, 305.0, 278.0
327, 98.0, 279.0
328, 72.0, 281.0
329, 450.0, 287.0
330, 202.0, 288.0
331, 277.0, 288.0
332, 100.0, 290.0
333, 112.0, 291.0
334, 137.0, 291.0
335, 331.0, 292.0
336, 457.0, 293.0
337, 267.0, 294.0
338, 407.0, 294.0
339, 581.0, 296.0
340, 233.0, 297.0
341, 525.0, 297.0
342, 673.0, 298.0
343, 594.0, 303.0
344, 406.0, 304.0
345, 103.0, 306.0
346, 271.0, 306.0
347, 420.0, 307.0
348, 581.0, 308.0
349, 607.0, 309.0
350, 411.0, 310.0
351, 195.0, 311.0
352, 200.0, 312.0
353, 587.0, 312.0
354, 344.0, 313.0
355, 190.0, 314.0
356, 551.0, 314.0
357, 20.0, 317.0
358, 176.0, 317.0
359, 124.0, 320.0
360, 350.0, 323.0
361, 424.0, 323.0
362, 82.0, 324.0
363, 250.0, 324.0
364, 238.0, 325.0
365, 277.0, 325.0
366, 569.0, 325.0
367, 505.0, 327.0
368, 173.0, 328.0
369, 180.0, 328.0
370, 500.0, 328.0
371, 23.0, 329.0
372, 188.0, 330.0
373, 601.0, 331.0
374, 278.0, 333.0
375, 585.0, 335.0
376, 281.0, 338.0
377, 517.0, 338.0
378, 15.0, 340.0
379, 452.0, 340.0
380, 363.0, 341.0
381, 385.0, 341.0
382, 503.0, 341.0
383, 613.0, 341.0
384, 650.0, 341.0
385, 22.0, 342.0
386, 200.0, 342.0
387, 673.0, 342.0
388, 442.0, 343.0
389, 447.0, 343.0
390, 598.0, 343.0
391, 168.0, 347.0
392, 67.0, 348.0
393, 514.0, 349.0
394, 687.0, 349.0
395, 190.0, 351.0
396, 11.0, 353.0
397, 123.0, 353.0
398, 393.0, 353.0
399, 677.0, 354.0
400, 143.0, 355.0
401, 200.0, 355.0
402, 456.0, 355.0
403, 191.0, 356.0
404, 699.0, 356.0
405, 122.0, 358.0
406, 310.0, 358.0
407, 375.0, 359.0
408, 287.0, 360.0
409, 164.0, 362.0
410, 15.0, 363.0
411, 91.0, 365.0
412, 376.0, 365.0
413, 105.0, 366.0
414, 467.0, 366.0
415, 719.0, 367.0
416, 290.0, 368.0
417, 140.0, 369.0
418, 315.0, 369.0
419, 117.0, 371.0
420, 699.0, 372.0
421, 98.0, 373.0
422, 380.0, 374.0
423, 104.0, 375.0
424, 243.0, 375.0
425, 93.0, 379.0
426, 495.0, 379.0
427, 743.0, 381.0
428, 48.0, 382.0
429, 665.0, 384.0
430, 265.0, 386.0
431, 256.0, 389.0
432, 247.0, 390.0
433, 97.0, 393.0
434, 300.0, 398.0
435, 689.0, 398.0
436, 29.0, 399.0
437, 10.0, 407.0
438, 695.0, 407.0
439, 610.0, 410.0
440, 31.0, 413.0
441, 72.0, 416.0
442, 516.0, 416.0
443, 85.0, 418.0
444, 674.0, 418.0
445, 642.0, 423.0
446, 59.0, 424.0
447, 629.0, 425.0
448, 638.0, 433.0
449, 62.0, 435.0
450, 79.0, 437.0
451, 427.0, 439.0
452, 559.0, 439.0
453, 41.0, 445.0
454, 544.0, 445.0
455, 432.0, 447.0
456, 571.0, 452.0
457, 527.0, 454.0
458, 256.0, 457.0
459, 70.0, 459.0
460, 320.0, 463.0
461, 184.0, 464.0
462, 446.0, 467.0
463, 536.0, 467.0
464, 111.0, 471.0
465, 487.0, 471.0
