0, 97.0, 8.0
1, 166.0, 8.0
2, 346.0, 8.0
3, 346.0, 13.0
4, 397.0, 15.0
5, 88.0, 16.0
6, 202.0, 16.0
7, 392.0, 16.0
8, 98.0, 18.0
9, 387.0, 19.0
10, 17.0, 22.0
11, 22.0, 24.0
12, 409.0, 24.0
13, 253.0, 26.0
14, 17.0, 28.0
15, 248.0, 28.0
16, 89.0, 29.0
17, 29.0, 31.0
18, 95.0, 31.0
19, 499.0, 31.0
20, 550.0, 31.0
21, 299.0, 34.0
22, 241.0, 35.0
23, 50.0, 36.0
24, 386.0, 36.0
25, 495.0, 36.0
26, 255.0, 37.0
27, 101.0, 38.0
28, 494.0, 41.0
29, 343.0, 42.0
30, 394.0, 43.0
31, 106.0, 44.0
32, 241.0, 46.0
33, 117.0, 47.0
34, 248.0, 47.0
35, 256.0, 49.0
36, 32.0, 52.0
37, 100.0, 53.0
38, 21.0, 54.0
39, 250.0, 55.0
40, 389.0, 55.0
41, 161.0, 56.0
42, 207.0, 56.0
43, 240.0, 56.0
44, 49.0, 57.0
45, 178.0, 58.0
46, 117.0, 59.0
47, 435.0, 59.0
48, 191.0, 60.0
49, 255.0, 60.0
50, 40.0, 62.0
51, 208.0, 62.0
52, 390.0, 62.0
53, 74.0, 63.0
54, 106.0, 67.0
55, 161.0, 67.0
56, 19.0, 68.0
57, 246.0, 68.0
58, 490.0, 69.0
59, 89.0, 71.0
60, 387.0, 72.0
61, 258.0, 73.0
62, 392.0, 73.0
63, 603.0, 73.0
64, 614.0, 74.0
65, 521.0, 75.0
66, 530.0, 78.0
67, 539.0, 78.0
68, 186.0, 79.0
69, 296.0, 79.0
70, 304.0, 80.0
71, 99.0, 81.0
72, 558.0, 81.0
73, 320.0, 82.0
74, 386.0, 83.0
75, 392.0, 83.0
76, 532.0, 83.0
77, 568.0, 83.0
78, 109.0, 84.0
79, 114.0, 84.0
80, 119.0, 84.0
81, 257.0, 84.0
82, 576.0, 85.0
83, 230.0, 86.0
84, 346.0, 87.0
85, 521.0, 87.0
86, 588.0, 87.0
87, 527.0, 88.0
88, 598.0, 88.0
89, 539.0, 89.0
90, 36.0, 90.0
91, 361.0, 90.0
92, 383.0, 90.0
93, 296.0, 91.0
94, 162.0, 92.0
95, 377.0, 92.0
96, 178.0, 94.0
97, 190.0, 94.0
98, 230.0, 94.0
99, 72.0, 95.0
100, 243.0, 95.0
101, 389.0, 95.0
102, 115.0, 96.0
103, 431.0, 96.0
104, 520.0, 96.0
105, 9.0, 97.0
106, 302.0, 98.0
107, 22.0, 99.0
108, 28.0, 100.0
109, 207.0, 100.0
110, 538.0, 100.0
111, 598.0, 100.0
112, 432.0, 101.0
113, 38.0, 102.0
114, 43.0, 103.0
115, 71.0, 103.0
116, 19.0, 105.0
117, 54.0, 105.0
118, 622.0, 105.0
119, 155.0, 106.0
120, 517.0, 106.0
121, 247.0, 107.0
122, 343.0, 107.0
123, 387.0, 107.0
124, 252.0, 108.0
125, 257.0, 108.0
126, 524.0, 108.0
127, 85.0, 109.0
128, 641.0, 109.0
129, 90.0, 110.0
130, 406.0, 110.0
131, 483.0, 110.0
132, 535.0, 110.0
133, 274.0, 111.0
134, 358.0, 112.0
135, 425.0, 113.0
136, 631.0, 113.0
137, 246.0, 114.0
138, 74.0, 115.0
139, 298.0, 115.0
140, 374.0, 115.0
141, 515.0, 116.0
142, 155.0, 119.0
143, 235.0, 120.0
144, 434.0, 120.0
145, 476.0, 120.0
146, 531.0, 120.0
147, 590.0, 120.0
148, 115.0, 121.0
149, 487.0, 122.0
150, 558.0, 122.0
151, 252.0, 123.0
152, 635.0, 124.0
153, 542.0, 125.0
154, 551.0, 125.0
155, 51.0, 126.0
156, 529.0, 126.0
157, 561.0, 127.0
158, 156.0, 128.0
159, 294.0, 128.0
160, 379.0, 128.0
161, 384.0, 128.0
162, 8.0, 129.0
163, 204.0, 129.0
164, 433.0, 129.0
165, 76.0, 131.0
166, 446.0, 131.0
167, 234.0, 132.0
168, 485.0, 133.0
169, 97.0, 135.0
170, 312.0, 135.0
171, 425.0, 135.0
172, 632.0, 135.0
173, 612.0, 136.0
174, 251.0, 137.0
175, 507.0, 137.0
176, 121.0, 139.0
177, 447.0, 139.0
178, 480.0, 139.0
179, 234.0, 141.0
180, 70.0, 142.0
181, 640.0, 142.0
182, 291.0, 143.0
183, 375.0, 143.0
184, 460.0, 143.0
185, 254.0, 144.0
186, 475.0, 144.0
187, 484.0, 144.0
188, 555.0, 144.0
189, 560.0, 145.0
190, 386.0, 146.0
191, 655.0, 146.0
192, 157.0, 148.0
193, 287.0, 149.0
194, 332.0, 150.0
195, 603.0, 150.0
196, 69.0, 152.0
197, 311.0, 153.0
198, 633.0, 153.0
199, 550.0, 154.0
200, 371.0, 155.0
201, 622.0, 156.0
202, 254.0, 158.0
203, 458.0, 158.0
204, 234.0, 159.0
205, 474.0, 161.0
206, 578.0, 161.0
207, 500.0, 163.0
208, 649.0, 163.0
209, 659.0, 163.0
210, 489.0, 164.0
211, 384.0, 165.0
212, 604.0, 165.0
213, 509.0, 166.0
214, 632.0, 166.0
215, 515.0, 168.0
216, 306.0, 169.0
217, 231.0, 170.0
218, 260.0, 171.0
219, 327.0, 171.0
220, 271.0, 172.0
221, 613.0, 172.0
222, 382.0, 173.0
223, 502.0, 173.0
224, 102.0, 175.0
225, 216.0, 175.0
226, 221.0, 176.0
227, 455.0, 176.0
228, 492.0, 176.0
229, 544.0, 176.0
230, 24.0, 177.0
231, 29.0, 177.0
232, 34.0, 178.0
233, 324.0, 178.0
234, 479.0, 180.0
235, 345.0, 181.0
236, 380.0, 181.0
237, 560.0, 181.0
238, 235.0, 183.0
239, 405.0, 183.0
240, 585.0, 183.0
241, 207.0, 184.0
242, 675.0, 184.0
243, 259.0, 185.0
244, 608.0, 185.0
245, 665.0, 185.0
246, 197.0, 186.0
247, 264.0, 186.0
248, 491.0, 186.0
249, 624.0, 187.0
250, 502.0, 188.0
251, 631.0, 188.0
252, 452.0, 190.0
253, 640.0, 190.0
254, 476.0, 191.0
255, 216.0, 192.0
256, 406.0, 192.0
257, 414.0, 192.0
258, 655.0, 192.0
259, 285.0, 193.0
260, 429.0, 193.0
261, 662.0, 193.0
262, 148.0, 194.0
263, 319.0, 194.0
264, 467.0, 194.0
265, 494.0, 195.0
266, 670.0, 195.0
267, 177.0, 197.0
268, 328.0, 197.0
269, 343.0, 197.0
270, 582.0, 197.0
271, 172.0, 198.0
272, 384.0, 198.0
273, 523.0, 198.0
274, 354.0, 199.0
275, 293.0, 200.0
276, 307.0, 201.0
277, 507.0, 201.0
278, 603.0, 201.0
279, 212.0, 202.0
280, 472.0, 203.0
281, 623.0, 204.0
282, 629.0, 205.0
283, 634.0, 206.0
284, 643.0, 207.0
285, 648.0, 208.0
286, 726.0, 209.0
287, 294.0, 210.0
288, 386.0, 210.0
289, 665.0, 210.0
290, 486.0, 211.0
291, 246.0, 212.0
292, 256.0, 213.0
293, 308.0, 213.0
294, 464.0, 213.0
295, 506.0, 213.0
296, 577.0, 213.0
297, 95.0, 214.0
298, 681.0, 214.0
299, 296.0, 215.0
300, 301.0, 215.0
301, 452.0, 215.0
302, 689.0, 215.0
303, 695.0, 216.0
304, 599.0, 217.0
305, 386.0, 218.0
306, 438.0, 218.0
307, 468.0, 218.0
308, 505.0, 219.0
309, 712.0, 219.0
310, 723.0, 220.0
311, 246.0, 222.0
312, 506.0, 224.0
313, 36.0, 225.0
314, 354.0, 225.0
315, 258.0, 226.0
316, 280.0, 226.0
317, 384.0, 227.0
318, 660.0, 227.0
319, 27.0, 228.0
320, 436.0, 228.0
321, 511.0, 229.0
322, 573.0, 229.0
323, 211.0, 231.0
324, 246.0, 233.0
325, 435.0, 233.0
326, 440.0, 233.0
327, 718.0, 236.0
328, 359.0, 238.0
329, 149.0, 241.0
330, 140.0, 242.0
331, 196.0, 243.0
332, 662.0, 243.0
333, 545.0, 244.0
334, 256.0, 245.0
335, 520.0, 246.0
336, 690.0, 246.0
337, 287.0, 247.0
338, 532.0, 248.0
339, 569.0, 248.0
340, 245.0, 256.0
341, 254.0, 256.0
342, 401.0, 256.0
343, 558.0, 257.0
344, 126.0, 258.0
345, 578.0, 258.0
346, 139.0, 261.0
347, 595.0, 262.0
348, 171.0, 263.0
349, 191.0, 263.0
350, 612.0, 263.0
351, 200.0, 264.0
352, 295.0, 264.0
353, 152.0, 265.0
354, 244.0, 265.0
355, 435.0, 266.0
356, 653.0, 266.0
357, 327.0, 267.0
358, 332.0, 268.0
359, 352.0, 269.0
360, 211.0, 271.0
361, 551.0, 271.0
362, 566.0, 271.0
363, 39.0, 272.0
364, 254.0, 273.0
365, 647.0, 273.0
366, 31.0, 274.0
367, 592.0, 274.0
368, 615.0, 276.0
369, 609.0, 277.0
370, 503.0, 279.0
371, 413.0, 280.0
372, 444.0, 281.0
373, 144.0, 286.0
374, 212.0, 292.0
375, 254.0, 296.0
376, 63.0, 298.0
377, 294.0, 300.0
378, 172.0, 301.0
379, 199.0, 301.0
380, 124.0, 305.0
381, 607.0, 305.0
382, 95.0, 306.0
383, 623.0, 306.0
384, 152.0, 307.0
385, 211.0, 312.0
386, 347.0, 312.0
387, 644.0, 313.0
388, 631.0, 314.0
389, 408.0, 315.0
390, 40.0, 317.0
391, 324.0, 318.0
392, 211.0, 320.0
393, 271.0, 320.0
394, 438.0, 322.0
395, 732.0, 325.0
396, 149.0, 328.0
397, 211.0, 328.0
398, 198.0, 329.0
399, 175.0, 338.0
400, 249.0, 339.0
401, 343.0, 351.0
402, 115.0, 354.0
403, 141.0, 356.0
404, 155.0, 356.0
405, 240.0, 357.0
406, 245.0, 357.0
407, 49.0, 358.0
408, 44.0, 359.0
409, 295.0, 359.0
410, 430.0, 360.0
411, 539.0, 361.0
412, 324.0, 362.0
413, 257.0, 363.0
414, 272.0, 365.0
415, 147.0, 368.0
416, 103.0, 369.0
417, 335.0, 370.0
418, 324.0, 373.0
419, 141.0, 378.0
420, 247.0, 378.0
421, 275.0, 378.0
422, 285.0, 379.0
423, 155.0, 380.0
424, 375.0, 382.0
425, 557.0, 382.0
426, 359.0, 385.0
427, 338.0, 388.0
428, 285.0, 390.0
429, 274.0, 391.0
430, 689.0, 391.0
431, 162.0, 393.0
432, 181.0, 393.0
433, 423.0, 396.0
434, 689.0, 396.0
435, 48.0, 397.0
436, 29.0, 399.0
437, 154.0, 400.0
438, 375.0, 401.0
439, 529.0, 408.0
440, 210.0, 411.0
441, 244.0, 414.0
442, 622.0, 415.0
443, 210.0, 416.0
444, 143.0, 418.0
445, 230.0, 419.0
446, 632.0, 419.0
447, 335.0, 423.0
448, 591.0, 426.0
449, 418.0, 430.0
450, 54.0, 433.0
451, 242.0, 433.0
452, 383.0, 434.0
453, 363.0, 435.0
454, 547.0, 437.0
455, 143.0, 440.0
456, 153.0, 440.0
457, 363.0, 440.0
458, 119.0, 443.0
459, 413.0, 446.0
460, 243.0, 447.0
461, 368.0, 449.0
462, 517.0, 450.0
463, 24.0, 452.0
464, 329.0, 454.0
465, 55.0, 455.0
466, 363.0, 457.0
467, 94.0, 458.0
468, 99.0, 458.0
469, 130.0, 460.0
470, 157.0, 461.0
471, 413.0, 463.0
472, 175.0, 464.0
473, 205.0, 464.0
474, 582.0, 464.0
475, 239.0, 468.0
476, 246.0, 468.0
477, 340.0, 468.0
478, 374.0, 468.0
479, 569.0, 470.0
480, 25.0, 471.0
481, 279.0, 471.0
482, 505.0, 471.0
483, 532.0, 471.0
