0, 325.0, 270.0
1, 226.0, 361.0
2, 474.0, 423.0
3, 203.0, 359.0
4, 575.0, 309.0
5, 561.0, 222.0
6, 124.0, 375.0
7, 403.0, 388.0
8, 513.0, 294.0
9, 597.0, 419.0
10, 549.0, 409.0
11, 321.0, 350.0
12, 412.0, 312.0
13, 372.0, 317.0
14, 432.0, 374.0
15, 665.0, 456.0
16, 485.0, 188.0
17, 606.0, 297.0
18, 369.0, 365.0
19, 285.0, 171.0
20, 263.0, 257.0
21, 330.0, 451.0
22, 184.0, 374.0
23, 198.0, 375.0
24, 593.0, 331.0
25, 296.0, 393.0
26, 330.0, 339.0
27, 186.0, 445.0
28, 180.0, 186.0
29, 217.0, 320.0
30, 180.0, 294.0
31, 557.0, 433.0
32, 236.0, 309.0
33, 273.0, 178.0
34, 292.0, 426.0
35, 298.0, 412.0
36, 533.0, 251.0
37, 532.0, 411.0
38, 401.0, 421.0
39, 402.0, 363.0
40, 386.0, 303.0
41, 483.0, 46.0
42, 265.0, 288.0
43, 554.0, 422.0
44, 277.0, 346.0
45, 412.0, 296.0
46, 405.0, 374.0
47, 46.0, 108.0
48, 588.0, 198.0
49, 152.0, 300.0
50, 146.0, 424.0
51, 372.0, 405.0
52, 89.0, 438.0
53, 281.0, 303.0
54, 469.0, 172.0
55, 420.0, 83.0
56, 320.0, 406.0
57, 258.0, 188.0
58, 496.0, 225.0
59, 288.0, 233.0
60, 506.0, 448.0
61, 390.0, 421.0
62, 427.0, 315.0
63, 155.0, 334.0
64, 277.0, 313.0
65, 243.0, 188.0
66, 449.0, 193.0
67, 196.0, 442.0
68, 320.0, 423.0
69, 206.0, 434.0
70, 309.0, 427.0
71, 435.0, 352.0
72, 150.0, 384.0
73, 636.0, 451.0
74, 353.0, 378.0
75, 190.0, 295.0
76, 480.0, 196.0
77, 364.0, 461.0
78, 187.0, 131.0
79, 59.0, 439.0
80, 606.0, 422.0
81, 214.0, 371.0
82, 121.0, 384.0
83, 316.0, 339.0
84, 479.0, 76.0
85, 650.0, 127.0
86, 573.0, 425.0
87, 153.0, 220.0
88, 331.0, 406.0
89, 381.0, 387.0
90, 413.0, 420.0
91, 459.0, 438.0
92, 625.0, 16.0
93, 187.0, 338.0
94, 355.0, 317.0
95, 550.0, 389.0
96, 189.0, 324.0
97, 374.0, 426.0
98, 562.0, 420.0
99, 237.0, 339.0
100, 439.0, 330.0
101, 447.0, 386.0
102, 425.0, 427.0
103, 111.0, 402.0
104, 311.0, 278.0
105, 225.0, 372.0
106, 499.0, 408.0
107, 364.0, 168.0
108, 595.0, 96.0
109, 165.0, 310.0
110, 316.0, 238.0
111, 632.0, 265.0
112, 596.0, 458.0
113, 128.0, 419.0
114, 544.0, 435.0
115, 283.0, 460.0
116, 283.0, 183.0
117, 358.0, 440.0
118, 526.0, 236.0
119, 146.0, 374.0
120, 607.0, 459.0
121, 490.0, 420.0
122, 602.0, 441.0
123, 524.0, 247.0
124, 504.0, 179.0
125, 492.0, 312.0
126, 158.0, 370.0
127, 32.0, 163.0
128, 438.0, 321.0
129, 432.0, 362.0
130, 271.0, 277.0
131, 255.0, 418.0
132, 530.0, 213.0
133, 516.0, 199.0
134, 607.0, 85.0
135, 644.0, 272.0
136, 171.0, 203.0
137, 137.0, 385.0
138, 253.0, 402.0
139, 317.0, 207.0
140, 295.0, 375.0
141, 161.0, 325.0
142, 364.0, 208.0
143, 564.0, 371.0
144, 191.0, 469.0
145, 595.0, 285.0
146, 155.0, 314.0
147, 388.0, 402.0
148, 548.0, 356.0
149, 661.0, 417.0
150, 284.0, 392.0
151, 169.0, 433.0
152, 398.0, 401.0
153, 319.0, 286.0
154, 517.0, 402.0
155, 313.0, 359.0
156, 410.0, 400.0
157, 71.0, 122.0
158, 134.0, 311.0
159, 455.0, 328.0
160, 384.0, 363.0
161, 158.0, 433.0
162, 134.0, 372.0
163, 279.0, 161.0
164, 343.0, 338.0
165, 239.0, 465.0
166, 120.0, 462.0
167, 156.0, 288.0
168, 114.0, 357.0
169, 203.0, 465.0
170, 246.0, 450.0
171, 364.0, 330.0
172, 295.0, 179.0
173, 468.0, 401.0
174, 603.0, 468.0
175, 276.0, 290.0
176, 586.0, 323.0
177, 567.0, 409.0
178, 334.0, 77.0
179, 468.0, 341.0
180, 183.0, 453.0
181, 535.0, 243.0
182, 77.0, 140.0
183, 277.0, 252.0
184, 293.0, 259.0
185, 677.0, 21.0
186, 219.0, 468.0
187, 360.0, 426.0
188, 440.0, 459.0
189, 116.0, 345.0
190, 572.0, 393.0
191, 190.0, 360.0
192, 343.0, 432.0
193, 586.0, 275.0
194, 206.0, 418.0
195, 555.0, 368.0
196, 570.0, 382.0
197, 175.0, 158.0
198, 184.0, 405.0
199, 217.0, 427.0
200, 463.0, 448.0
201, 347.0, 467.0
202, 604.0, 271.0
203, 477.0, 212.0
204, 58.0, 461.0
205, 595.0, 431.0
206, 331.0, 373.0
207, 333.0, 306.0
208, 41.0, 46.0
209, 458.0, 400.0
210, 208.0, 326.0
211, 563.0, 453.0
212, 323.0, 165.0
213, 309.0, 372.0
214, 345.0, 70.0
215, 244.0, 335.0
216, 581.0, 455.0
217, 630.0, 403.0
218, 556.0, 236.0
219, 259.0, 197.0
220, 273.0, 462.0
221, 291.0, 205.0
222, 240.0, 160.0
223, 523.0, 258.0
224, 561.0, 400.0
225, 385.0, 330.0
226, 430.0, 138.0
227, 481.0, 358.0
228, 324.0, 182.0
229, 644.0, 461.0
230, 251.0, 214.0
231, 212.0, 458.0
232, 319.0, 312.0
233, 104.0, 300.0
234, 608.0, 178.0
235, 620.0, 72.0
236, 467.0, 379.0
237, 433.0, 451.0
238, 144.0, 229.0
239, 45.0, 142.0
240, 90.0, 186.0
241, 724.0, 27.0
242, 276.0, 190.0
243, 70.0, 200.0
244, 424.0, 417.0
245, 395.0, 451.0
246, 107.0, 246.0
247, 421.0, 405.0
248, 309.0, 412.0
249, 278.0, 450.0
250, 453.0, 211.0
251, 418.0, 339.0
252, 340.0, 358.0
253, 282.0, 367.0
254, 588.0, 438.0
255, 692.0, 156.0
256, 218.0, 204.0
257, 727.0, 450.0
258, 489.0, 449.0
259, 497.0, 213.0
260, 49.0, 383.0
261, 307.0, 305.0
262, 477.0, 179.0
263, 195.0, 408.0
264, 516.0, 183.0
265, 311.0, 391.0
266, 288.0, 294.0
267, 90.0, 259.0
268, 48.0, 119.0
269, 518.0, 427.0
270, 110.0, 322.0
271, 50.0, 129.0
272, 21.0, 230.0
273, 334.0, 47.0
274, 547.0, 459.0
275, 232.0, 224.0
276, 411.0, 328.0
277, 304.0, 162.0
278, 275.0, 238.0
279, 244.0, 204.0
280, 614.0, 398.0
281, 283.0, 469.0
282, 671.0, 429.0
283, 483.0, 436.0
284, 355.0, 408.0
285, 203.0, 452.0
286, 434.0, 299.0
287, 625.0, 317.0
288, 158.0, 393.0
289, 255.0, 336.0
290, 301.0, 336.0
291, 549.0, 449.0
292, 48.0, 212.0
293, 174.0, 220.0
294, 133.0, 325.0
295, 168.0, 295.0
296, 149.0, 363.0
297, 574.0, 471.0
298, 27.0, 149.0
299, 291.0, 334.0
300, 246.0, 289.0
301, 365.0, 184.0
302, 282.0, 215.0
303, 329.0, 358.0
304, 341.0, 207.0
305, 616.0, 96.0
306, 353.0, 339.0
307, 526.0, 440.0
308, 441.0, 469.0
309, 314.0, 163.0
310, 555.0, 187.0
311, 568.0, 200.0
312, 454.0, 302.0
313, 218.0, 306.0
314, 141.0, 402.0
315, 358.0, 302.0
316, 298.0, 281.0
317, 307.0, 143.0
318, 341.0, 269.0
319, 78.0, 461.0
320, 130.0, 384.0
321, 242.0, 301.0
322, 299.0, 359.0
323, 526.0, 203.0
324, 362.0, 240.0
325, 600.0, 69.0
326, 262.0, 212.0
327, 537.0, 264.0
328, 157.0, 279.0
329, 252.0, 390.0
330, 462.0, 391.0
331, 614.0, 443.0
332, 696.0, 462.0
333, 675.0, 455.0
334, 367.0, 386.0
335, 495.0, 246.0
336, 333.0, 280.0
337, 419.0, 209.0
338, 401.0, 41.0
339, 426.0, 390.0
340, 202.0, 301.0
341, 468.0, 354.0
342, 593.0, 398.0
343, 267.0, 471.0
344, 380.0, 375.0
345, 234.0, 260.0
346, 560.0, 352.0
347, 170.0, 285.0
348, 260.0, 163.0
349, 157.0, 401.0
350, 463.0, 431.0
351, 340.0, 392.0
352, 587.0, 161.0
353, 582.0, 318.0
354, 295.0, 271.0
355, 127.0, 355.0
356, 449.0, 418.0
357, 356.0, 461.0
358, 501.0, 430.0
359, 286.0, 85.0
360, 127.0, 449.0
361, 276.0, 198.0
362, 264.0, 238.0
363, 267.0, 359.0
364, 475.0, 432.0
365, 373.0, 71.0
366, 110.0, 435.0
367, 526.0, 462.0
368, 144.0, 441.0
369, 562.0, 147.0
370, 127.0, 340.0
371, 239.0, 371.0
372, 436.0, 310.0
373, 267.0, 401.0
374, 134.0, 277.0
375, 534.0, 183.0
376, 306.0, 460.0
377, 340.0, 317.0
378, 296.0, 318.0
379, 542.0, 286.0
380, 421.0, 374.0
381, 285.0, 413.0
382, 496.0, 383.0
383, 91.0, 462.0
384, 240.0, 417.0
385, 199.0, 309.0
386, 341.0, 167.0
387, 260.0, 227.0
388, 229.0, 339.0
389, 477.0, 452.0
390, 484.0, 168.0
391, 298.0, 441.0
392, 504.0, 193.0
393, 485.0, 180.0
394, 612.0, 357.0
395, 304.0, 324.0
396, 245.0, 359.0
397, 276.0, 438.0
398, 305.0, 124.0
399, 324.0, 174.0
400, 59.0, 146.0
401, 234.0, 325.0
402, 147.0, 262.0
403, 221.0, 354.0
404, 220.0, 270.0
405, 516.0, 191.0
406, 501.0, 321.0
407, 516.0, 271.0
408, 232.0, 454.0
409, 268.0, 207.0
410, 453.0, 345.0
411, 252.0, 372.0
412, 211.0, 338.0
413, 493.0, 400.0
414, 551.0, 213.0
415, 125.0, 279.0
416, 272.0, 139.0
417, 477.0, 301.0
418, 453.0, 362.0
419, 463.0, 358.0
420, 523.0, 311.0
421, 588.0, 416.0
422, 272.0, 127.0
423, 175.0, 452.0
424, 114.0, 415.0
425, 161.0, 269.0
426, 570.0, 10.0
427, 189.0, 192.0
428, 362.0, 358.0
429, 169.0, 127.0
430, 448.0, 461.0
431, 642.0, 289.0
432, 241.0, 393.0
433, 133.0, 288.0
434, 306.0, 175.0
435, 611.0, 429.0
436, 621.0, 421.0
437, 224.0, 310.0
438, 198.0, 278.0
439, 320.0, 435.0
440, 442.0, 407.0
441, 367.0, 114.0
442, 133.0, 447.0
443, 271.0, 431.0
444, 343.0, 225.0
445, 559.0, 308.0
446, 184.0, 388.0
447, 356.0, 347.0
448, 89.0, 330.0
449, 256.0, 430.0
450, 525.0, 328.0
451, 121.0, 200.0
452, 478.0, 410.0
453, 267.0, 268.0
454, 146.0, 271.0
455, 102.0, 129.0
456, 252.0, 271.0
457, 275.0, 329.0
458, 170.0, 375.0
459, 591.0, 217.0
460, 166.0, 358.0
461, 263.0, 389.0
462, 183.0, 464.0
463, 635.0, 66.0
464, 71.0, 278.0
465, 299.0, 28.0
466, 189.0, 284.0
467, 636.0, 167.0
468, 354.0, 393.0
469, 478.0, 333.0
470, 491.0, 431.0
471, 333.0, 166.0
472, 553.0, 376.0
473, 638.0, 96.0
474, 242.0, 430.0
475, 316.0, 326.0
476, 54.0, 12.0
477, 579.0, 301.0
478, 446.0, 264.0
479, 26.0, 413.0
480, 453.0, 352.0
481, 447.0, 299.0
482, 427.0, 173.0
483, 390.0, 441.0
484, 530.0, 149.0
485, 349.0, 176.0
486, 337.0, 186.0
487, 228.0, 347.0
488, 114.0, 171.0
489, 408.0, 88.0
490, 441.0, 372.0
491, 308.0, 288.0
492, 529.0, 403.0
493, 335.0, 323.0
494, 94.0, 100.0
495, 228.0, 443.0
496, 429.0, 405.0
497, 607.0, 211.0
498, 339.0, 415.0
499, 406.0, 241.0
