0, 375.0, 421.0
1, 160.0, 294.0
2, 471.0, 64.0
3, 271.0, 436.0
4, 40.0, 20.0
5, 84.0, 356.0
6, 575.0, 359.0
7, 233.0, 171.0
8, 256.0, 143.0
9, 404.0, 40.0
10, 179.0, 220.0
11, 514.0, 387.0
12, 582.0, 190.0
13, 328.0, 269.0
14, 187.0, 302.0
15, 473.0, 43.0
16, 511.0, 55.0
17, 461.0, 331.0
18, 568.0, 186.0
19, 468.0, 247.0
20, 406.0, 345.0
21, 444.0, 48.0
22, 105.0, 32.0
23, 258.0, 281.0
24, 277.0, 231.0
25, 254.0, 305.0
26, 376.0, 175.0
27, 543.0, 34.0
28, 231.0, 287.0
29, 457.0, 18.0
30, 299.0, 244.0
31, 393.0, 239.0
32, 269.0, 328.0
33, 317.0, 264.0
34, 517.0, 296.0
35, 327.0, 29.0
36, 31.0, 41.0
37, 258.0, 268.0
38, 237.0, 219.0
39, 240.0, 441.0
40, 314.0, 276.0
41, 149.0, 387.0
42, 548.0, 67.0
43, 565.0, 349.0
44, 158.0, 216.0
45, 492.0, 384.0
46, 336.0, 307.0
47, 355.0, 14.0
48, 459.0, 353.0
49, 526.0, 289.0
50, 131.0, 231.0
51, 290.0, 335.0
52, 145.0, 222.0
53, 413.0, 375.0
54, 472.0, 53.0
55, 420.0, 20.0
56, 328.0, 286.0
57, 482.0, 243.0
58, 474.0, 32.0
59, 372.0, 365.0
60, 446.0, 18.0
61, 462.0, 272.0
62, 291.0, 230.0
63, 251.0, 294.0
64, 92.0, 365.0
65, 710.0, 255.0
66, 438.0, 194.0
67, 108.0, 332.0
68, 346.0, 269.0
69, 393.0, 297.0
70, 216.0, 270.0
71, 372.0, 343.0
72, 359.0, 241.0
73, 258.0, 293.0
74, 119.0, 44.0
75, 306.0, 285.0
76, 275.0, 134.0
77, 263.0, 36.0
78, 97.0, 293.0
79, 347.0, 236.0
80, 303.0, 268.0
81, 30.0, 32.0
82, 205.0, 334.0
83, 379.0, 313.0
84, 381.0, 409.0
85, 129.0, 151.0
86, 172.0, 239.0
87, 541.0, 319.0
88, 612.0, 466.0
89, 336.0, 464.0
90, 78.0, 20.0
91, 510.0, 349.0
92, 138.0, 275.0
93, 151.0, 327.0
94, 42.0, 32.0
95, 320.0, 193.0
96, 205.0, 296.0
97, 419.0, 30.0
98, 419.0, 40.0
99, 197.0, 240.0
100, 301.0, 98.0
101, 597.0, 371.0
102, 99.0, 339.0
103, 158.0, 282.0
104, 206.0, 9.0
105, 168.0, 311.0
106, 349.0, 225.0
107, 550.0, 388.0
108, 123.0, 188.0
109, 674.0, 459.0
110, 563.0, 150.0
111, 447.0, 330.0
112, 384.0, 363.0
113, 303.0, 470.0
114, 540.0, 55.0
115, 319.0, 412.0
116, 532.0, 297.0
117, 113.0, 153.0
118, 408.0, 361.0
119, 402.0, 148.0
120, 495.0, 32.0
121, 418.0, 170.0
122, 315.0, 470.0
123, 436.0, 382.0
124, 321.0, 401.0
125, 228.0, 208.0
126, 299.0, 305.0
127, 170.0, 364.0
128, 415.0, 413.0
129, 512.0, 44.0
130, 195.0, 458.0
131, 527.0, 318.0
132, 371.0, 352.0
133, 170.0, 48.0
134, 168.0, 208.0
135, 293.0, 449.0
136, 307.0, 252.0
137, 56.0, 292.0
138, 458.0, 369.0
139, 142.0, 316.0
140, 381.0, 300.0
141, 83.0, 42.0
142, 145.0, 361.0
143, 568.0, 56.0
144, 497.0, 283.0
145, 417.0, 182.0
146, 213.0, 248.0
147, 359.0, 227.0
148, 468.0, 105.0
149, 388.0, 349.0
150, 147.0, 237.0
151, 227.0, 254.0
152, 318.0, 99.0
153, 85.0, 340.0
154, 245.0, 207.0
155, 147.0, 270.0
156, 315.0, 453.0
157, 214.0, 288.0
158, 450.0, 272.0
159, 500.0, 262.0
160, 499.0, 108.0
161, 28.0, 21.0
162, 262.0, 18.0
163, 605.0, 380.0
164, 282.0, 275.0
165, 173.0, 272.0
166, 118.0, 462.0
167, 137.0, 22.0
168, 202.0, 226.0
169, 175.0, 287.0
170, 497.0, 127.0
171, 472.0, 204.0
172, 316.0, 285.0
173, 490.0, 238.0
174, 158.0, 314.0
175, 95.0, 198.0
176, 699.0, 144.0
177, 535.0, 33.0
178, 466.0, 125.0
179, 714.0, 161.0
180, 449.0, 317.0
181, 481.0, 380.0
182, 556.0, 380.0
183, 157.0, 189.0
184, 479.0, 106.0
185, 125.0, 33.0
186, 476.0, 222.0
187, 403.0, 328.0
188, 551.0, 56.0
189, 443.0, 368.0
190, 377.0, 327.0
191, 418.0, 342.0
192, 417.0, 194.0
193, 359.0, 252.0
194, 239.0, 295.0
195, 259.0, 171.0
196, 434.0, 29.0
197, 341.0, 192.0
198, 302.0, 132.0
199, 561.0, 331.0
200, 271.0, 54.0
201, 730.0, 217.0
202, 117.0, 33.0
203, 424.0, 314.0
204, 531.0, 54.0
205, 495.0, 372.0
206, 372.0, 269.0
207, 433.0, 251.0
208, 78.0, 55.0
209, 24.0, 220.0
210, 106.0, 44.0
211, 110.0, 446.0
212, 234.0, 458.0
213, 53.0, 29.0
214, 510.0, 288.0
215, 301.0, 413.0
216, 223.0, 295.0
217, 204.0, 308.0
218, 110.0, 192.0
219, 438.0, 183.0
220, 190.0, 291.0
221, 103.0, 158.0
222, 290.0, 269.0
223, 415.0, 152.0
224, 195.0, 25.0
225, 452.0, 257.0
226, 208.0, 25.0
227, 78.0, 293.0
228, 432.0, 40.0
229, 285.0, 403.0
230, 120.0, 54.0
231, 642.0, 37.0
232, 528.0, 65.0
233, 525.0, 41.0
234, 303.0, 192.0
235, 542.0, 369.0
236, 288.0, 158.0
237, 450.0, 175.0
238, 139.0, 34.0
239, 256.0, 421.0
240, 131.0, 428.0
241, 476.0, 126.0
242, 251.0, 80.0
243, 436.0, 213.0
244, 184.0, 435.0
245, 390.0, 467.0
246, 78.0, 203.0
247, 534.0, 113.0
248, 495.0, 203.0
249, 196.0, 281.0
250, 247.0, 25.0
251, 160.0, 230.0
252, 81.0, 163.0
253, 511.0, 362.0
254, 631.0, 177.0
255, 602.0, 193.0
256, 236.0, 415.0
257, 108.0, 368.0
258, 152.0, 411.0
259, 510.0, 66.0
260, 543.0, 359.0
261, 570.0, 158.0
262, 374.0, 193.0
263, 361.0, 57.0
264, 500.0, 333.0
265, 522.0, 309.0
266, 59.0, 210.0
267, 513.0, 308.0
268, 454.0, 423.0
269, 43.0, 243.0
270, 268.0, 280.0
271, 355.0, 31.0
272, 148.0, 147.0
273, 490.0, 165.0
274, 531.0, 97.0
275, 383.0, 337.0
276, 660.0, 444.0
277, 727.0, 241.0
278, 136.0, 421.0
279, 72.0, 31.0
280, 134.0, 370.0
281, 376.0, 251.0
282, 173.0, 253.0
283, 169.0, 228.0
284, 543.0, 20.0
285, 219.0, 190.0
286, 156.0, 270.0
287, 341.0, 255.0
288, 37.0, 216.0
289, 200.0, 317.0
290, 587.0, 67.0
291, 70.0, 166.0
292, 290.0, 250.0
293, 134.0, 183.0
294, 241.0, 320.0
295, 225.0, 227.0
296, 324.0, 40.0
297, 252.0, 450.0
298, 100.0, 379.0
299, 481.0, 263.0
300, 215.0, 221.0
301, 268.0, 201.0
302, 119.0, 359.0
303, 590.0, 51.0
304, 127.0, 139.0
305, 626.0, 422.0
306, 593.0, 438.0
307, 63.0, 42.0
308, 463.0, 171.0
309, 359.0, 286.0
310, 360.0, 265.0
311, 550.0, 126.0
312, 77.0, 362.0
313, 335.0, 235.0
314, 307.0, 435.0
315, 192.0, 8.0
316, 182.0, 458.0
317, 455.0, 48.0
318, 434.0, 19.0
319, 160.0, 238.0
320, 418.0, 395.0
321, 243.0, 335.0
322, 239.0, 255.0
323, 385.0, 269.0
324, 346.0, 285.0
325, 420.0, 328.0
326, 359.0, 191.0
327, 729.0, 108.0
328, 320.0, 234.0
329, 413.0, 465.0
330, 134.0, 67.0
331, 337.0, 40.0
332, 433.0, 55.0
333, 455.0, 204.0
334, 248.0, 259.0
335, 117.0, 21.0
336, 378.0, 184.0
337, 494.0, 315.0
338, 305.0, 450.0
339, 712.0, 121.0
340, 134.0, 310.0
341, 173.0, 467.0
342, 437.0, 272.0
343, 211.0, 317.0
344, 277.0, 323.0
345, 279.0, 249.0
346, 431.0, 374.0
347, 480.0, 95.0
348, 318.0, 134.0
349, 132.0, 44.0
350, 254.0, 335.0
351, 434.0, 237.0
352, 218.0, 235.0
353, 117.0, 128.0
354, 356.0, 357.0
355, 247.0, 37.0
356, 329.0, 12.0
357, 367.0, 160.0
358, 251.0, 432.0
359, 282.0, 29.0
360, 209.0, 260.0
361, 405.0, 29.0
362, 468.0, 225.0
363, 486.0, 350.0
364, 254.0, 48.0
365, 274.0, 388.0
366, 258.0, 10.0
367, 615.0, 419.0
368, 529.0, 11.0
369, 317.0, 54.0
370, 674.0, 143.0
371, 338.0, 202.0
372, 110.0, 315.0
373, 575.0, 322.0
374, 189.0, 207.0
375, 548.0, 340.0
376, 377.0, 278.0
377, 467.0, 398.0
378, 239.0, 279.0
379, 391.0, 429.0
380, 251.0, 63.0
381, 301.0, 27.0
382, 111.0, 388.0
383, 435.0, 354.0
384, 313.0, 387.0
385, 359.0, 420.0
386, 159.0, 373.0
387, 105.0, 463.0
388, 685.0, 196.0
389, 321.0, 307.0
390, 264.0, 215.0
391, 221.0, 24.0
392, 252.0, 387.0
393, 348.0, 250.0
394, 337.0, 53.0
395, 440.0, 170.0
396, 461.0, 199.0
397, 494.0, 461.0
398, 310.0, 306.0
399, 398.0, 380.0
400, 407.0, 57.0
401, 491.0, 228.0
402, 451.0, 166.0
403, 349.0, 259.0
404, 227.0, 429.0
405, 288.0, 144.0
406, 441.0, 442.0
407, 415.0, 437.0
408, 156.0, 255.0
409, 475.0, 411.0
410, 230.0, 265.0
411, 300.0, 387.0
412, 585.0, 273.0
413, 242.0, 147.0
414, 442.0, 255.0
415, 369.0, 282.0
416, 431.0, 418.0
417, 222.0, 38.0
418, 336.0, 244.0
419, 167.0, 24.0
420, 324.0, 421.0
421, 251.0, 166.0
422, 501.0, 386.0
423, 23.0, 157.0
424, 92.0, 54.0
425, 409.0, 241.0
426, 282.0, 439.0
427, 149.0, 309.0
428, 152.0, 400.0
429, 392.0, 400.0
430, 451.0, 388.0
431, 488.0, 467.0
432, 612.0, 292.0
433, 211.0, 303.0
434, 188.0, 327.0
435, 361.0, 134.0
436, 300.0, 401.0
437, 562.0, 254.0
438, 502.0, 350.0
439, 480.0, 193.0
440, 535.0, 350.0
441, 522.0, 126.0
442, 467.0, 281.0
443, 268.0, 317.0
444, 15.0, 46.0
445, 320.0, 219.0
446, 556.0, 325.0
447, 166.0, 136.0
448, 72.0, 267.0
449, 128.0, 55.0
450, 106.0, 54.0
451, 465.0, 155.0
452, 99.0, 43.0
453, 379.0, 29.0
454, 438.0, 331.0
455, 21.0, 357.0
456, 255.0, 236.0
457, 250.0, 154.0
458, 188.0, 190.0
459, 542.0, 45.0
460, 211.0, 145.0
461, 467.0, 343.0
462, 296.0, 278.0
463, 171.0, 378.0
464, 280.0, 191.0
465, 152.0, 176.0
466, 102.0, 456.0
467, 743.0, 213.0
468, 506.0, 94.0
469, 132.0, 362.0
470, 204.0, 434.0
471, 74.0, 42.0
472, 105.0, 307.0
473, 457.0, 293.0
474, 298.0, 49.0
475, 275.0, 240.0
476, 170.0, 385.0
477, 146.0, 421.0
478, 192.0, 62.0
479, 131.0, 257.0
480, 465.0, 305.0
481, 11.0, 256.0
482, 247.0, 468.0
483, 350.0, 323.0
484, 316.0, 78.0
485, 554.0, 304.0
486, 402.0, 429.0
487, 193.0, 259.0
488, 125.0, 436.0
489, 486.0, 198.0
490, 557.0, 97.0
491, 368.0, 147.0
492, 193.0, 178.0
493, 374.0, 29.0
494, 198.0, 408.0
495, 380.0, 230.0
496, 495.0, 21.0
497, 503.0, 169.0
498, 489.0, 9.0
499, 381.0, 429.0
