0, 22.0, 9.0
1, 38.0, 10.0
2, 54.0, 13.0
3, 61.0, 14.0
4, 73.0, 16.0
5, 91.0, 18.0
6, 55.0, 25.0
7, 125.0, 25.0
8, 138.0, 25.0
9, 64.0, 32.0
10, 544.0, 36.0
11, 77.0, 37.0
12, 536.0, 37.0
13, 117.0, 39.0
14, 557.0, 39.0
15, 128.0, 40.0
16, 11.0, 41.0
17, 42.0, 43.0
18, 138.0, 44.0
19, 356.0, 45.0
20, 58.0, 46.0
21, 79.0, 46.0
22, 95.0, 49.0
23, 541.0, 49.0
24, 119.0, 52.0
25, 12.0, 53.0
26, 626.0, 54.0
27, 598.0, 55.0
28, 610.0, 55.0
29, 143.0, 57.0
30, 638.0, 57.0
31, 169.0, 59.0
32, 174.0, 59.0
33, 425.0, 59.0
34, 523.0, 60.0
35, 601.0, 60.0
36, 655.0, 60.0
37, 203.0, 62.0
38, 535.0, 63.0
39, 217.0, 64.0
40, 503.0, 64.0
41, 670.0, 64.0
42, 547.0, 65.0
43, 594.0, 65.0
44, 229.0, 66.0
45, 682.0, 66.0
46, 607.0, 68.0
47, 15.0, 72.0
48, 536.0, 73.0
49, 550.0, 73.0
50, 143.0, 74.0
51, 519.0, 74.0
52, 311.0, 75.0
53, 530.0, 75.0
54, 633.0, 78.0
55, 99.0, 79.0
56, 423.0, 82.0
57, 656.0, 83.0
58, 143.0, 84.0
59, 666.0, 85.0
60, 499.0, 86.0
61, 619.0, 88.0
62, 218.0, 89.0
63, 424.0, 91.0
64, 630.0, 91.0
65, 388.0, 92.0
66, 642.0, 92.0
67, 600.0, 94.0
68, 657.0, 94.0
69, 663.0, 96.0
70, 673.0, 96.0
71, 450.0, 97.0
72, 421.0, 103.0
73, 416.0, 104.0
74, 103.0, 107.0
75, 125.0, 108.0
76, 143.0, 109.0
77, 157.0, 111.0
78, 162.0, 111.0
79, 167.0, 111.0
80, 178.0, 112.0
81, 711.0, 114.0
82, 231.0, 115.0
83, 243.0, 115.0
84, 289.0, 118.0
85, 299.0, 118.0
86, 523.0, 132.0
87, 502.0, 134.0
88, 515.0, 136.0
89, 32.0, 141.0
90, 42.0, 141.0
91, 54.0, 141.0
92, 69.0, 142.0
93, 85.0, 142.0
94, 99.0, 143.0
95, 107.0, 143.0
96, 114.0, 143.0
97, 120.0, 143.0
98, 125.0, 143.0
99, 133.0, 144.0
100, 149.0, 144.0
101, 170.0, 144.0
102, 175.0, 144.0
103, 8.0, 154.0
104, 13.0, 154.0
105, 500.0, 154.0
106, 29.0, 155.0
107, 54.0, 155.0
108, 59.0, 155.0
109, 75.0, 155.0
110, 94.0, 155.0
111, 105.0, 155.0
112, 519.0, 155.0
113, 100.0, 156.0
114, 112.0, 156.0
115, 121.0, 156.0
116, 140.0, 156.0
117, 151.0, 156.0
118, 511.0, 156.0
119, 452.0, 159.0
120, 494.0, 160.0
121, 506.0, 160.0
122, 58.0, 165.0
123, 90.0, 165.0
124, 108.0, 165.0
125, 121.0, 165.0
126, 77.0, 166.0
127, 452.0, 167.0
128, 98.0, 168.0
129, 547.0, 168.0
130, 568.0, 168.0
131, 134.0, 169.0
132, 142.0, 169.0
133, 152.0, 169.0
134, 279.0, 169.0
135, 518.0, 169.0
136, 583.0, 170.0
137, 408.0, 171.0
138, 532.0, 171.0
139, 165.0, 172.0
140, 222.0, 172.0
141, 134.0, 174.0
142, 114.0, 175.0
143, 444.0, 175.0
144, 154.0, 177.0
145, 549.0, 177.0
146, 558.0, 177.0
147, 516.0, 179.0
148, 132.0, 180.0
149, 143.0, 180.0
150, 168.0, 180.0
151, 521.0, 180.0
152, 489.0, 182.0
153, 100.0, 183.0
154, 121.0, 183.0
155, 407.0, 183.0
156, 148.0, 188.0
157, 486.0, 191.0
158, 499.0, 191.0
159, 516.0, 191.0
160, 191.0, 193.0
161, 442.0, 193.0
162, 101.0, 194.0
163, 93.0, 195.0
164, 108.0, 195.0
165, 149.0, 195.0
166, 407.0, 195.0
167, 79.0, 196.0
168, 540.0, 198.0
169, 176.0, 199.0
170, 616.0, 199.0
171, 105.0, 201.0
172, 189.0, 201.0
173, 601.0, 201.0
174, 606.0, 201.0
175, 564.0, 202.0
176, 611.0, 202.0
177, 484.0, 203.0
178, 510.0, 203.0
179, 576.0, 203.0
180, 587.0, 203.0
181, 552.0, 204.0
182, 105.0, 206.0
183, 443.0, 207.0
184, 539.0, 209.0
185, 726.0, 209.0
186, 512.0, 210.0
187, 482.0, 211.0
188, 399.0, 212.0
189, 442.0, 213.0
190, 82.0, 216.0
191, 98.0, 216.0
192, 83.0, 221.0
193, 403.0, 221.0
194, 360.0, 228.0
195, 442.0, 229.0
196, 728.0, 230.0
197, 99.0, 232.0
198, 154.0, 232.0
199, 167.0, 232.0
200, 411.0, 232.0
201, 182.0, 234.0
202, 424.0, 235.0
203, 397.0, 236.0
204, 180.0, 239.0
205, 367.0, 240.0
206, 425.0, 240.0
207, 202.0, 243.0
208, 439.0, 243.0
209, 430.0, 245.0
210, 169.0, 246.0
211, 156.0, 247.0
212, 440.0, 253.0
213, 677.0, 258.0
214, 428.0, 260.0
215, 398.0, 263.0
216, 409.0, 265.0
217, 708.0, 267.0
218, 437.0, 269.0
219, 153.0, 271.0
220, 423.0, 271.0
221, 727.0, 274.0
222, 732.0, 275.0
223, 85.0, 276.0
224, 486.0, 279.0
225, 226.0, 285.0
226, 384.0, 286.0
227, 61.0, 287.0
228, 371.0, 296.0
229, 380.0, 304.0
230, 110.0, 306.0
231, 652.0, 313.0
232, 328.0, 315.0
233, 327.0, 320.0
234, 328.0, 325.0
235, 249.0, 326.0
236, 681.0, 328.0
237, 164.0, 329.0
238, 178.0, 329.0
239, 574.0, 333.0
240, 579.0, 334.0
241, 584.0, 336.0
242, 163.0, 341.0
243, 245.0, 341.0
244, 583.0, 342.0
245, 180.0, 353.0
246, 71.0, 357.0
247, 160.0, 358.0
248, 26.0, 364.0
249, 179.0, 367.0
250, 159.0, 376.0
251, 58.0, 378.0
252, 28.0, 383.0
253, 29.0, 399.0
254, 360.0, 402.0
255, 263.0, 405.0
256, 266.0, 419.0
257, 177.0, 422.0
258, 269.0, 431.0
259, 475.0, 436.0
260, 248.0, 439.0
261, 154.0, 440.0
262, 250.0, 444.0
263, 154.0, 445.0
264, 154.0, 450.0
265, 275.0, 453.0
266, 252.0, 456.0
267, 178.0, 460.0
268, 582.0, 462.0
269, 152.0, 469.0
