0, 262.0, 298.0
1, 507.0, 62.0
2, 159.0, 316.0
3, 269.0, 353.0
4, 222.0, 23.0
5, 262.0, 312.0
6, 557.0, 366.0
7, 287.0, 244.0
8, 589.0, 440.0
9, 235.0, 10.0
10, 302.0, 245.0
11, 129.0, 24.0
12, 581.0, 381.0
13, 235.0, 341.0
14, 549.0, 347.0
15, 310.0, 259.0
16, 364.0, 247.0
17, 372.0, 336.0
18, 545.0, 362.0
19, 506.0, 257.0
20, 495.0, 34.0
21, 549.0, 67.0
22, 148.0, 240.0
23, 448.0, 55.0
24, 506.0, 73.0
25, 151.0, 37.0
26, 495.0, 127.0
27, 587.0, 93.0
28, 357.0, 22.0
29, 371.0, 313.0
30, 387.0, 460.0
31, 117.0, 345.0
32, 317.0, 270.0
33, 130.0, 36.0
34, 141.0, 134.0
35, 323.0, 308.0
36, 491.0, 280.0
37, 123.0, 458.0
38, 304.0, 153.0
39, 475.0, 419.0
40, 21.0, 211.0
41, 262.0, 284.0
42, 348.0, 266.0
43, 235.0, 25.0
44, 141.0, 37.0
45, 148.0, 224.0
46, 547.0, 78.0
47, 545.0, 89.0
48, 338.0, 293.0
49, 374.0, 265.0
50, 217.0, 258.0
51, 136.0, 343.0
52, 454.0, 283.0
53, 349.0, 256.0
54, 595.0, 182.0
55, 132.0, 307.0
56, 107.0, 444.0
57, 326.0, 286.0
58, 78.0, 306.0
59, 351.0, 48.0
60, 409.0, 437.0
61, 403.0, 341.0
62, 311.0, 288.0
63, 337.0, 310.0
64, 244.0, 177.0
65, 383.0, 25.0
66, 504.0, 84.0
67, 441.0, 217.0
68, 396.0, 192.0
69, 362.0, 284.0
70, 539.0, 410.0
71, 145.0, 179.0
72, 375.0, 249.0
73, 509.0, 52.0
74, 478.0, 65.0
75, 68.0, 19.0
76, 278.0, 348.0
77, 580.0, 58.0
78, 501.0, 236.0
79, 382.0, 392.0
80, 398.0, 203.0
81, 220.0, 9.0
82, 272.0, 180.0
83, 477.0, 403.0
84, 441.0, 205.0
85, 576.0, 80.0
86, 606.0, 401.0
87, 394.0, 331.0
88, 427.0, 168.0
89, 432.0, 384.0
90, 407.0, 330.0
91, 142.0, 146.0
92, 149.0, 340.0
93, 257.0, 324.0
94, 525.0, 152.0
95, 354.0, 37.0
96, 301.0, 265.0
97, 211.0, 304.0
98, 373.0, 322.0
99, 177.0, 209.0
100, 376.0, 209.0
101, 254.0, 215.0
102, 486.0, 312.0
103, 100.0, 192.0
104, 141.0, 25.0
105, 278.0, 449.0
106, 390.0, 446.0
107, 252.0, 363.0
108, 346.0, 324.0
109, 212.0, 270.0
110, 109.0, 406.0
111, 608.0, 225.0
112, 445.0, 423.0
113, 648.0, 237.0
114, 449.0, 44.0
115, 142.0, 314.0
116, 272.0, 299.0
117, 320.0, 452.0
118, 248.0, 344.0
119, 322.0, 106.0
120, 411.0, 167.0
121, 289.0, 39.0
122, 450.0, 432.0
123, 630.0, 97.0
124, 373.0, 277.0
125, 599.0, 392.0
126, 443.0, 193.0
127, 378.0, 380.0
128, 217.0, 322.0
129, 615.0, 429.0
130, 174.0, 311.0
131, 541.0, 337.0
132, 418.0, 385.0
133, 434.0, 54.0
134, 565.0, 141.0
135, 458.0, 297.0
136, 467.0, 376.0
137, 608.0, 83.0
138, 118.0, 321.0
139, 253.0, 445.0
140, 246.0, 228.0
141, 578.0, 70.0
142, 482.0, 377.0
143, 605.0, 193.0
144, 218.0, 291.0
145, 488.0, 395.0
146, 478.0, 201.0
147, 656.0, 464.0
148, 124.0, 361.0
149, 132.0, 184.0
150, 97.0, 21.0
151, 358.0, 295.0
152, 253.0, 198.0
153, 377.0, 433.0
154, 76.0, 360.0
155, 625.0, 231.0
156, 199.0, 209.0
157, 190.0, 340.0
158, 208.0, 232.0
159, 287.0, 263.0
160, 400.0, 297.0
161, 531.0, 41.0
162, 200.0, 331.0
163, 502.0, 149.0
164, 480.0, 336.0
165, 594.0, 60.0
166, 587.0, 453.0
167, 589.0, 82.0
168, 546.0, 461.0
169, 340.0, 108.0
170, 47.0, 368.0
171, 582.0, 44.0
172, 513.0, 443.0
173, 178.0, 464.0
174, 344.0, 335.0
175, 163.0, 217.0
176, 482.0, 449.0
177, 188.0, 374.0
178, 389.0, 67.0
179, 515.0, 258.0
180, 436.0, 19.0
181, 112.0, 332.0
182, 492.0, 148.0
183, 128.0, 46.0
184, 198.0, 192.0
185, 77.0, 402.0
186, 36.0, 394.0
187, 239.0, 214.0
188, 362.0, 257.0
189, 172.0, 330.0
190, 166.0, 188.0
191, 260.0, 342.0
192, 316.0, 464.0
193, 463.0, 208.0
194, 328.0, 333.0
195, 563.0, 378.0
196, 255.0, 152.0
197, 90.0, 140.0
198, 311.0, 434.0
199, 175.0, 57.0
200, 464.0, 56.0
201, 464.0, 220.0
202, 470.0, 309.0
203, 54.0, 19.0
204, 64.0, 368.0
205, 52.0, 303.0
206, 202.0, 246.0
207, 177.0, 258.0
208, 61.0, 203.0
209, 116.0, 467.0
210, 628.0, 444.0
211, 506.0, 117.0
212, 391.0, 347.0
213, 318.0, 204.0
214, 304.0, 168.0
215, 253.0, 274.0
216, 317.0, 339.0
217, 113.0, 151.0
218, 459.0, 239.0
219, 80.0, 18.0
220, 470.0, 361.0
221, 243.0, 268.0
222, 132.0, 435.0
223, 615.0, 63.0
224, 568.0, 350.0
225, 195.0, 293.0
226, 497.0, 416.0
227, 528.0, 408.0
228, 605.0, 471.0
229, 478.0, 434.0
230, 136.0, 229.0
231, 271.0, 149.0
232, 519.0, 50.0
233, 163.0, 17.0
234, 164.0, 28.0
235, 526.0, 386.0
236, 102.0, 10.0
237, 441.0, 353.0
238, 129.0, 424.0
239, 468.0, 35.0
240, 539.0, 118.0
241, 254.0, 297.0
242, 289.0, 293.0
243, 530.0, 52.0
244, 117.0, 187.0
245, 294.0, 58.0
246, 110.0, 269.0
247, 107.0, 464.0
248, 223.0, 312.0
249, 195.0, 321.0
250, 272.0, 85.0
251, 451.0, 35.0
252, 107.0, 44.0
253, 501.0, 434.0
254, 395.0, 413.0
255, 253.0, 312.0
256, 407.0, 15.0
257, 82.0, 197.0
258, 354.0, 278.0
259, 151.0, 49.0
260, 507.0, 129.0
261, 394.0, 373.0
262, 463.0, 329.0
263, 416.0, 366.0
264, 293.0, 142.0
265, 338.0, 145.0
266, 509.0, 279.0
267, 342.0, 63.0
268, 284.0, 254.0
269, 475.0, 290.0
270, 524.0, 330.0
271, 40.0, 236.0
272, 26.0, 16.0
273, 470.0, 22.0
274, 267.0, 430.0
275, 742.0, 188.0
276, 93.0, 44.0
277, 563.0, 132.0
278, 432.0, 192.0
279, 539.0, 426.0
280, 319.0, 17.0
281, 483.0, 321.0
282, 313.0, 307.0
283, 387.0, 362.0
284, 529.0, 131.0
285, 185.0, 224.0
286, 594.0, 125.0
287, 497.0, 251.0
288, 487.0, 462.0
289, 521.0, 233.0
290, 634.0, 81.0
291, 388.0, 178.0
292, 123.0, 147.0
293, 399.0, 388.0
294, 152.0, 61.0
295, 567.0, 158.0
296, 331.0, 271.0
297, 177.0, 243.0
298, 234.0, 36.0
299, 244.0, 282.0
300, 460.0, 417.0
301, 478.0, 192.0
302, 231.0, 266.0
303, 411.0, 266.0
304, 399.0, 438.0
305, 92.0, 417.0
306, 390.0, 164.0
307, 273.0, 27.0
308, 357.0, 311.0
309, 297.0, 433.0
310, 44.0, 409.0
311, 369.0, 433.0
312, 235.0, 365.0
313, 571.0, 57.0
314, 582.0, 158.0
315, 482.0, 32.0
316, 490.0, 178.0
317, 297.0, 287.0
318, 163.0, 238.0
319, 315.0, 331.0
320, 195.0, 439.0
321, 409.0, 375.0
322, 243.0, 427.0
323, 142.0, 15.0
324, 467.0, 46.0
325, 320.0, 33.0
326, 376.0, 361.0
327, 442.0, 173.0
328, 24.0, 27.0
329, 455.0, 375.0
330, 592.0, 71.0
331, 519.0, 428.0
332, 625.0, 456.0
333, 513.0, 270.0
334, 88.0, 31.0
335, 269.0, 341.0
336, 148.0, 361.0
337, 460.0, 457.0
338, 60.0, 416.0
339, 544.0, 31.0
340, 321.0, 142.0
341, 562.0, 65.0
342, 566.0, 79.0
343, 143.0, 47.0
344, 246.0, 25.0
345, 517.0, 192.0
346, 87.0, 156.0
347, 113.0, 456.0
348, 156.0, 275.0
349, 156.0, 291.0
350, 161.0, 144.0
351, 488.0, 346.0
352, 336.0, 207.0
353, 98.0, 32.0
354, 532.0, 199.0
355, 490.0, 66.0
356, 193.0, 466.0
357, 230.0, 195.0
358, 663.0, 356.0
359, 563.0, 359.0
360, 275.0, 226.0
361, 85.0, 335.0
362, 566.0, 121.0
363, 88.0, 352.0
364, 220.0, 229.0
365, 50.0, 428.0
366, 266.0, 220.0
367, 288.0, 354.0
368, 385.0, 322.0
369, 511.0, 226.0
370, 487.0, 407.0
371, 226.0, 148.0
372, 219.0, 464.0
373, 196.0, 421.0
374, 359.0, 208.0
375, 218.0, 280.0
376, 602.0, 302.0
377, 205.0, 180.0
378, 716.0, 184.0
379, 129.0, 284.0
380, 397.0, 430.0
381, 36.0, 208.0
382, 494.0, 22.0
383, 127.0, 334.0
384, 382.0, 308.0
385, 677.0, 220.0
386, 521.0, 39.0
387, 257.0, 229.0
388, 196.0, 259.0
389, 121.0, 434.0
390, 569.0, 32.0
391, 444.0, 365.0
392, 185.0, 350.0
393, 561.0, 342.0
394, 420.0, 414.0
395, 267.0, 238.0
396, 422.0, 400.0
397, 467.0, 195.0
398, 356.0, 355.0
399, 287.0, 14.0
400, 192.0, 21.0
401, 551.0, 378.0
402, 296.0, 461.0
403, 556.0, 196.0
404, 323.0, 298.0
405, 372.0, 345.0
406, 457.0, 267.0
407, 76.0, 158.0
408, 362.0, 271.0
409, 459.0, 310.0
410, 530.0, 305.0
411, 192.0, 305.0
412, 428.0, 271.0
413, 171.0, 274.0
414, 374.0, 292.0
415, 119.0, 449.0
416, 438.0, 341.0
417, 149.0, 351.0
418, 78.0, 417.0
419, 169.0, 300.0
420, 363.0, 406.0
421, 519.0, 362.0
422, 276.0, 240.0
423, 608.0, 334.0
424, 386.0, 296.0
425, 588.0, 355.0
426, 528.0, 62.0
427, 303.0, 328.0
428, 160.0, 127.0
429, 112.0, 138.0
430, 492.0, 446.0
431, 233.0, 279.0
432, 435.0, 43.0
433, 493.0, 198.0
434, 382.0, 40.0
435, 391.0, 278.0
436, 533.0, 454.0
437, 243.0, 471.0
438, 432.0, 459.0
439, 66.0, 8.0
440, 81.0, 132.0
441, 129.0, 450.0
442, 452.0, 20.0
443, 435.0, 369.0
444, 308.0, 35.0
445, 338.0, 159.0
446, 199.0, 349.0
447, 381.0, 409.0
448, 571.0, 447.0
449, 563.0, 55.0
450, 466.0, 72.0
451, 145.0, 275.0
452, 333.0, 233.0
453, 401.0, 460.0
454, 502.0, 454.0
455, 122.0, 35.0
456, 328.0, 34.0
457, 136.0, 415.0
458, 642.0, 419.0
459, 293.0, 154.0
460, 425.0, 238.0
461, 391.0, 402.0
462, 743.0, 249.0
463, 451.0, 401.0
464, 382.0, 149.0
465, 251.0, 353.0
466, 69.0, 30.0
467, 275.0, 13.0
468, 290.0, 367.0
469, 334.0, 247.0
470, 507.0, 398.0
471, 234.0, 324.0
472, 396.0, 25.0
473, 330.0, 324.0
474, 213.0, 423.0
475, 80.0, 325.0
476, 221.0, 79.0
477, 284.0, 471.0
478, 264.0, 173.0
479, 169.0, 368.0
480, 263.0, 250.0
481, 252.0, 168.0
482, 193.0, 44.0
483, 25.0, 145.0
484, 293.0, 165.0
485, 158.0, 258.0
486, 283.0, 201.0
487, 248.0, 81.0
488, 232.0, 302.0
489, 242.0, 294.0
490, 438.0, 228.0
491, 483.0, 235.0
492, 525.0, 28.0
493, 215.0, 142.0
494, 244.0, 330.0
495, 408.0, 430.0
496, 165.0, 231.0
497, 121.0, 424.0
498, 323.0, 84.0
499, 130.0, 122.0
