0, 47.0, 8.0
1, 161.0, 8.0
2, 183.0, 8.0
3, 200.0, 10.0
4, 146.0, 11.0
5, 253.0, 12.0
6, 161.0, 13.0
7, 270.0, 16.0
8, 289.0, 19.0
9, 131.0, 21.0
10, 114.0, 22.0
11, 341.0, 22.0
12, 147.0, 23.0
13, 51.0, 24.0
14, 355.0, 24.0
15, 360.0, 24.0
16, 365.0, 24.0
17, 377.0, 25.0
18, 103.0, 26.0
19, 392.0, 27.0
20, 400.0, 27.0
21, 283.0, 31.0
22, 290.0, 33.0
23, 187.0, 36.0
24, 8.0, 37.0
25, 36.0, 38.0
26, 117.0, 39.0
27, 127.0, 40.0
28, 355.0, 42.0
29, 299.0, 43.0
30, 341.0, 44.0
31, 43.0, 47.0
32, 412.0, 47.0
33, 496.0, 47.0
34, 108.0, 48.0
35, 118.0, 49.0
36, 130.0, 49.0
37, 242.0, 49.0
38, 733.0, 50.0
39, 51.0, 51.0
40, 477.0, 51.0
41, 155.0, 52.0
42, 204.0, 52.0
43, 412.0, 52.0
44, 743.0, 52.0
45, 215.0, 53.0
46, 724.0, 53.0
47, 403.0, 54.0
48, 190.0, 55.0
49, 227.0, 55.0
50, 17.0, 56.0
51, 171.0, 57.0
52, 204.0, 57.0
53, 412.0, 57.0
54, 272.0, 58.0
55, 291.0, 58.0
56, 355.0, 58.0
57, 305.0, 59.0
58, 367.0, 59.0
59, 377.0, 59.0
60, 390.0, 60.0
61, 95.0, 61.0
62, 111.0, 61.0
63, 157.0, 61.0
64, 341.0, 62.0
65, 204.0, 63.0
66, 213.0, 63.0
67, 729.0, 63.0
68, 305.0, 64.0
69, 719.0, 64.0
70, 158.0, 66.0
71, 433.0, 66.0
72, 367.0, 69.0
73, 354.0, 70.0
74, 391.0, 70.0
75, 192.0, 71.0
76, 372.0, 72.0
77, 380.0, 73.0
78, 743.0, 73.0
79, 19.0, 74.0
80, 125.0, 74.0
81, 160.0, 74.0
82, 206.0, 74.0
83, 217.0, 74.0
84, 229.0, 74.0
85, 408.0, 74.0
86, 175.0, 75.0
87, 488.0, 75.0
88, 266.0, 76.0
89, 304.0, 76.0
90, 602.0, 76.0
91, 346.0, 77.0
92, 352.0, 77.0
93, 372.0, 77.0
94, 391.0, 78.0
95, 397.0, 78.0
96, 206.0, 80.0
97, 659.0, 81.0
98, 193.0, 82.0
99, 372.0, 82.0
100, 408.0, 83.0
101, 432.0, 83.0
102, 360.0, 84.0
103, 206.0, 85.0
104, 486.0, 88.0
105, 114.0, 89.0
106, 179.0, 89.0
107, 599.0, 90.0
108, 534.0, 91.0
109, 26.0, 93.0
110, 132.0, 93.0
111, 9.0, 94.0
112, 115.0, 94.0
113, 164.0, 94.0
114, 202.0, 94.0
115, 231.0, 94.0
116, 266.0, 94.0
117, 213.0, 95.0
118, 219.0, 95.0
119, 305.0, 95.0
120, 343.0, 95.0
121, 348.0, 95.0
122, 361.0, 95.0
123, 372.0, 95.0
124, 391.0, 95.0
125, 405.0, 95.0
126, 421.0, 96.0
127, 431.0, 96.0
128, 441.0, 96.0
129, 456.0, 96.0
130, 467.0, 97.0
131, 184.0, 99.0
132, 598.0, 99.0
133, 155.0, 101.0
134, 124.0, 102.0
135, 147.0, 102.0
136, 100.0, 103.0
137, 135.0, 103.0
138, 195.0, 104.0
139, 214.0, 104.0
140, 344.0, 104.0
141, 12.0, 105.0
142, 221.0, 105.0
143, 594.0, 107.0
144, 187.0, 108.0
145, 575.0, 108.0
146, 589.0, 108.0
147, 31.0, 110.0
148, 126.0, 110.0
149, 112.0, 111.0
150, 138.0, 111.0
151, 531.0, 111.0
152, 391.0, 112.0
153, 483.0, 112.0
154, 163.0, 113.0
155, 207.0, 113.0
156, 233.0, 113.0
157, 306.0, 113.0
158, 371.0, 113.0
159, 430.0, 113.0
160, 222.0, 114.0
161, 102.0, 115.0
162, 154.0, 115.0
163, 196.0, 115.0
164, 15.0, 116.0
165, 188.0, 116.0
166, 172.0, 118.0
167, 148.0, 119.0
168, 140.0, 122.0
169, 664.0, 124.0
170, 115.0, 125.0
171, 120.0, 125.0
172, 103.0, 127.0
173, 110.0, 127.0
174, 176.0, 127.0
175, 454.0, 127.0
176, 422.0, 128.0
177, 90.0, 133.0
178, 198.0, 133.0
179, 191.0, 135.0
180, 39.0, 137.0
181, 75.0, 137.0
182, 112.0, 137.0
183, 645.0, 139.0
184, 660.0, 139.0
185, 191.0, 140.0
186, 92.0, 142.0
187, 690.0, 147.0
188, 327.0, 148.0
189, 647.0, 148.0
190, 55.0, 149.0
191, 679.0, 149.0
192, 284.0, 150.0
193, 112.0, 151.0
194, 314.0, 151.0
195, 394.0, 151.0
196, 192.0, 152.0
197, 239.0, 152.0
198, 355.0, 152.0
199, 641.0, 152.0
200, 221.0, 153.0
201, 272.0, 153.0
202, 563.0, 153.0
203, 107.0, 154.0
204, 48.0, 157.0
205, 598.0, 157.0
206, 543.0, 159.0
207, 461.0, 160.0
208, 254.0, 161.0
209, 428.0, 161.0
210, 233.0, 162.0
211, 223.0, 163.0
212, 313.0, 163.0
213, 204.0, 164.0
214, 193.0, 165.0
215, 296.0, 165.0
216, 380.0, 165.0
217, 393.0, 165.0
218, 404.0, 165.0
219, 278.0, 166.0
220, 595.0, 166.0
221, 267.0, 167.0
222, 355.0, 167.0
223, 636.0, 167.0
224, 314.0, 168.0
225, 560.0, 169.0
226, 571.0, 169.0
227, 541.0, 170.0
228, 194.0, 171.0
229, 651.0, 171.0
230, 731.0, 171.0
231, 28.0, 172.0
232, 717.0, 172.0
233, 681.0, 173.0
234, 699.0, 173.0
235, 403.0, 174.0
236, 670.0, 175.0
237, 112.0, 176.0
238, 195.0, 176.0
239, 380.0, 178.0
240, 594.0, 178.0
241, 391.0, 179.0
242, 401.0, 179.0
243, 225.0, 180.0
244, 651.0, 180.0
245, 357.0, 181.0
246, 630.0, 182.0
247, 592.0, 184.0
248, 564.0, 186.0
249, 540.0, 187.0
250, 357.0, 192.0
251, 55.0, 193.0
252, 211.0, 196.0
253, 92.0, 197.0
254, 223.0, 197.0
255, 80.0, 198.0
256, 511.0, 199.0
257, 392.0, 201.0
258, 549.0, 202.0
259, 407.0, 203.0
260, 566.0, 206.0
261, 526.0, 207.0
262, 416.0, 208.0
263, 212.0, 209.0
264, 397.0, 209.0
265, 532.0, 209.0
266, 726.0, 209.0
267, 46.0, 210.0
268, 587.0, 212.0
269, 546.0, 215.0
270, 649.0, 215.0
271, 161.0, 217.0
272, 64.0, 219.0
273, 566.0, 224.0
274, 582.0, 230.0
275, 53.0, 231.0
276, 216.0, 234.0
277, 634.0, 235.0
278, 268.0, 236.0
279, 255.0, 237.0
280, 231.0, 240.0
281, 270.0, 241.0
282, 564.0, 243.0
283, 408.0, 245.0
284, 271.0, 246.0
285, 261.0, 247.0
286, 574.0, 247.0
287, 243.0, 249.0
288, 546.0, 251.0
289, 250.0, 252.0
290, 529.0, 252.0
291, 632.0, 252.0
292, 59.0, 253.0
293, 219.0, 254.0
294, 224.0, 254.0
295, 105.0, 256.0
296, 348.0, 259.0
297, 251.0, 260.0
298, 395.0, 261.0
299, 234.0, 262.0
300, 355.0, 263.0
301, 85.0, 265.0
302, 251.0, 265.0
303, 273.0, 268.0
304, 717.0, 268.0
305, 398.0, 269.0
306, 234.0, 270.0
307, 385.0, 270.0
308, 414.0, 270.0
309, 722.0, 270.0
310, 260.0, 271.0
311, 677.0, 272.0
312, 367.0, 274.0
313, 519.0, 274.0
314, 218.0, 275.0
315, 167.0, 276.0
316, 253.0, 276.0
317, 414.0, 277.0
318, 234.0, 279.0
319, 275.0, 282.0
320, 255.0, 284.0
321, 234.0, 288.0
322, 541.0, 288.0
323, 229.0, 291.0
324, 363.0, 293.0
325, 506.0, 294.0
326, 170.0, 297.0
327, 192.0, 297.0
328, 653.0, 297.0
329, 147.0, 304.0
330, 334.0, 307.0
331, 174.0, 308.0
332, 339.0, 308.0
333, 148.0, 309.0
334, 328.0, 309.0
335, 517.0, 310.0
336, 464.0, 312.0
337, 228.0, 315.0
338, 671.0, 317.0
339, 408.0, 318.0
340, 378.0, 319.0
341, 332.0, 320.0
342, 471.0, 320.0
343, 179.0, 327.0
344, 715.0, 328.0
345, 596.0, 330.0
346, 218.0, 331.0
347, 350.0, 334.0
348, 245.0, 335.0
349, 335.0, 335.0
350, 278.0, 336.0
351, 286.0, 336.0
352, 503.0, 337.0
353, 319.0, 340.0
354, 351.0, 340.0
355, 410.0, 340.0
356, 303.0, 341.0
357, 552.0, 341.0
358, 603.0, 341.0
359, 740.0, 341.0
360, 149.0, 342.0
361, 224.0, 342.0
362, 346.0, 344.0
363, 355.0, 345.0
364, 227.0, 347.0
365, 339.0, 347.0
366, 100.0, 351.0
367, 321.0, 351.0
368, 503.0, 352.0
369, 566.0, 352.0
370, 306.0, 354.0
371, 297.0, 355.0
372, 17.0, 356.0
373, 280.0, 357.0
374, 437.0, 357.0
375, 504.0, 357.0
376, 192.0, 359.0
377, 285.0, 360.0
378, 578.0, 362.0
379, 183.0, 363.0
380, 404.0, 363.0
381, 229.0, 364.0
382, 509.0, 364.0
383, 289.0, 367.0
384, 309.0, 368.0
385, 423.0, 369.0
386, 409.0, 372.0
387, 230.0, 373.0
388, 604.0, 373.0
389, 198.0, 374.0
390, 256.0, 375.0
391, 214.0, 378.0
392, 599.0, 379.0
393, 429.0, 385.0
394, 226.0, 386.0
395, 231.0, 386.0
396, 258.0, 386.0
397, 266.0, 387.0
398, 306.0, 388.0
399, 185.0, 390.0
400, 196.0, 391.0
401, 226.0, 391.0
402, 205.0, 393.0
403, 293.0, 396.0
404, 275.0, 397.0
405, 184.0, 399.0
406, 626.0, 401.0
407, 168.0, 403.0
408, 176.0, 403.0
409, 163.0, 405.0
410, 116.0, 415.0
411, 21.0, 421.0
412, 729.0, 422.0
413, 167.0, 424.0
414, 292.0, 424.0
415, 438.0, 424.0
416, 668.0, 424.0
417, 240.0, 426.0
418, 343.0, 427.0
419, 572.0, 427.0
420, 657.0, 428.0
421, 43.0, 432.0
422, 344.0, 432.0
423, 250.0, 434.0
424, 645.0, 434.0
425, 679.0, 434.0
426, 206.0, 435.0
427, 171.0, 439.0
428, 692.0, 439.0
429, 97.0, 442.0
430, 655.0, 443.0
431, 141.0, 444.0
432, 615.0, 445.0
433, 204.0, 450.0
434, 195.0, 451.0
435, 595.0, 451.0
436, 97.0, 452.0
437, 351.0, 452.0
438, 48.0, 453.0
439, 171.0, 453.0
440, 166.0, 455.0
441, 183.0, 455.0
442, 240.0, 455.0
443, 115.0, 457.0
444, 581.0, 457.0
445, 429.0, 458.0
446, 239.0, 460.0
447, 616.0, 461.0
448, 9.0, 462.0
449, 135.0, 463.0
450, 226.0, 463.0
451, 406.0, 467.0
452, 298.0, 469.0
453, 592.0, 469.0
454, 623.0, 469.0
455, 105.0, 470.0
456, 199.0, 470.0
457, 614.0, 471.0
