0, 324.0, 148.0
1, 212.0, 91.0
2, 467.0, 157.0
3, 480.0, 157.0
4, 326.0, 165.0
5, 175.0, 132.0
6, 228.0, 168.0
7, 177.0, 147.0
8, 163.0, 135.0
9, 487.0, 111.0
10, 320.0, 108.0
11, 634.0, 132.0
12, 428.0, 170.0
13, 186.0, 129.0
14, 337.0, 213.0
15, 483.0, 138.0
16, 116.0, 324.0
17, 292.0, 144.0
18, 427.0, 118.0
19, 274.0, 243.0
20, 189.0, 148.0
21, 495.0, 168.0
22, 166.0, 376.0
23, 620.0, 8.0
24, 545.0, 152.0
25, 175.0, 224.0
26, 198.0, 214.0
27, 197.0, 125.0
28, 64.0, 372.0
29, 294.0, 175.0
30, 235.0, 144.0
31, 442.0, 122.0
32, 185.0, 216.0
33, 359.0, 132.0
34, 348.0, 213.0
35, 619.0, 128.0
36, 20.0, 35.0
37, 543.0, 70.0
38, 510.0, 112.0
39, 326.0, 209.0
40, 338.0, 130.0
41, 461.0, 137.0
42, 41.0, 336.0
43, 216.0, 120.0
44, 529.0, 256.0
45, 695.0, 125.0
46, 169.0, 98.0
47, 47.0, 312.0
48, 514.0, 140.0
49, 590.0, 250.0
50, 225.0, 150.0
51, 373.0, 133.0
52, 485.0, 127.0
53, 190.0, 83.0
54, 162.0, 146.0
55, 309.0, 365.0
56, 367.0, 171.0
57, 243.0, 143.0
58, 561.0, 82.0
59, 464.0, 126.0
60, 554.0, 266.0
61, 99.0, 293.0
62, 233.0, 126.0
63, 544.0, 38.0
64, 451.0, 149.0
65, 410.0, 133.0
66, 13.0, 339.0
67, 141.0, 221.0
68, 390.0, 177.0
69, 104.0, 143.0
70, 32.0, 95.0
71, 463.0, 90.0
72, 44.0, 139.0
73, 533.0, 145.0
74, 600.0, 8.0
75, 413.0, 181.0
76, 599.0, 40.0
77, 376.0, 43.0
78, 298.0, 107.0
79, 175.0, 385.0
80, 219.0, 17.0
81, 346.0, 95.0
82, 534.0, 8.0
83, 653.0, 134.0
84, 119.0, 306.0
85, 178.0, 96.0
86, 361.0, 42.0
87, 8.0, 44.0
88, 68.0, 141.0
89, 200.0, 149.0
90, 230.0, 117.0
91, 238.0, 395.0
92, 374.0, 171.0
93, 497.0, 140.0
94, 193.0, 95.0
95, 433.0, 163.0
96, 178.0, 83.0
97, 92.0, 150.0
98, 206.0, 201.0
99, 394.0, 133.0
100, 433.0, 137.0
101, 124.0, 144.0
102, 567.0, 348.0
103, 138.0, 87.0
104, 296.0, 239.0
105, 565.0, 58.0
106, 378.0, 353.0
107, 261.0, 233.0
108, 209.0, 149.0
109, 531.0, 79.0
110, 229.0, 244.0
111, 542.0, 171.0
112, 29.0, 326.0
113, 638.0, 467.0
114, 323.0, 93.0
115, 139.0, 210.0
116, 91.0, 204.0
117, 571.0, 38.0
118, 247.0, 399.0
119, 128.0, 209.0
120, 19.0, 78.0
121, 664.0, 8.0
122, 283.0, 128.0
123, 75.0, 331.0
124, 194.0, 308.0
125, 443.0, 91.0
126, 306.0, 84.0
127, 54.0, 18.0
128, 626.0, 55.0
129, 83.0, 51.0
130, 72.0, 80.0
131, 88.0, 298.0
132, 534.0, 55.0
133, 479.0, 167.0
134, 620.0, 79.0
135, 98.0, 344.0
136, 443.0, 177.0
137, 167.0, 84.0
138, 575.0, 8.0
139, 58.0, 409.0
140, 247.0, 239.0
141, 508.0, 169.0
142, 16.0, 138.0
143, 606.0, 66.0
144, 302.0, 162.0
145, 147.0, 142.0
146, 99.0, 161.0
147, 272.0, 379.0
148, 629.0, 39.0
149, 56.0, 92.0
150, 475.0, 126.0
151, 191.0, 8.0
152, 103.0, 56.0
153, 530.0, 171.0
154, 299.0, 131.0
155, 81.0, 344.0
156, 619.0, 66.0
157, 190.0, 377.0
158, 286.0, 174.0
159, 18.0, 93.0
160, 595.0, 56.0
161, 258.0, 347.0
162, 294.0, 222.0
163, 463.0, 109.0
164, 546.0, 55.0
165, 162.0, 399.0
166, 360.0, 88.0
167, 103.0, 378.0
168, 40.0, 358.0
169, 31.0, 309.0
170, 417.0, 98.0
171, 628.0, 408.0
172, 207.0, 124.0
173, 564.0, 428.0
174, 589.0, 77.0
175, 211.0, 81.0
176, 576.0, 254.0
177, 372.0, 394.0
178, 149.0, 80.0
179, 69.0, 350.0
180, 90.0, 88.0
181, 374.0, 181.0
182, 202.0, 80.0
183, 226.0, 74.0
184, 245.0, 367.0
185, 564.0, 120.0
186, 520.0, 428.0
187, 441.0, 252.0
188, 57.0, 48.0
189, 96.0, 327.0
190, 204.0, 223.0
191, 399.0, 161.0
192, 651.0, 471.0
193, 444.0, 170.0
194, 205.0, 369.0
195, 266.0, 126.0
196, 258.0, 128.0
197, 88.0, 360.0
198, 294.0, 381.0
199, 508.0, 131.0
200, 428.0, 126.0
201, 439.0, 13.0
202, 632.0, 103.0
203, 501.0, 107.0
204, 135.0, 332.0
205, 92.0, 372.0
206, 110.0, 87.0
207, 361.0, 159.0
208, 545.0, 250.0
209, 638.0, 342.0
210, 709.0, 84.0
211, 310.0, 148.0
212, 36.0, 66.0
213, 227.0, 360.0
214, 95.0, 314.0
215, 338.0, 233.0
216, 464.0, 257.0
217, 446.0, 333.0
218, 301.0, 401.0
219, 338.0, 435.0
220, 168.0, 203.0
221, 29.0, 340.0
222, 327.0, 130.0
223, 21.0, 312.0
224, 76.0, 421.0
225, 184.0, 206.0
226, 535.0, 417.0
227, 360.0, 60.0
228, 338.0, 87.0
229, 112.0, 285.0
230, 104.0, 209.0
231, 55.0, 340.0
232, 417.0, 89.0
233, 631.0, 114.0
234, 320.0, 334.0
235, 724.0, 388.0
236, 209.0, 357.0
237, 464.0, 430.0
238, 551.0, 116.0
239, 289.0, 207.0
240, 557.0, 372.0
241, 439.0, 425.0
242, 374.0, 87.0
243, 50.0, 50.0
244, 674.0, 405.0
245, 188.0, 326.0
246, 307.0, 105.0
247, 47.0, 57.0
248, 648.0, 358.0
249, 335.0, 337.0
250, 218.0, 413.0
251, 111.0, 162.0
252, 242.0, 203.0
253, 540.0, 86.0
254, 130.0, 220.0
255, 354.0, 313.0
256, 412.0, 105.0
257, 280.0, 152.0
258, 449.0, 99.0
259, 525.0, 111.0
260, 407.0, 422.0
261, 526.0, 388.0
262, 153.0, 202.0
263, 501.0, 341.0
264, 253.0, 205.0
265, 405.0, 48.0
266, 229.0, 90.0
267, 310.0, 128.0
268, 204.0, 70.0
269, 313.0, 354.0
270, 470.0, 468.0
271, 266.0, 219.0
272, 514.0, 13.0
273, 585.0, 264.0
274, 740.0, 387.0
275, 330.0, 409.0
276, 568.0, 49.0
277, 242.0, 323.0
278, 113.0, 220.0
279, 388.0, 228.0
280, 685.0, 52.0
281, 469.0, 454.0
282, 635.0, 90.0
283, 58.0, 380.0
284, 283.0, 236.0
285, 240.0, 151.0
286, 213.0, 397.0
287, 353.0, 322.0
288, 522.0, 38.0
289, 552.0, 400.0
290, 434.0, 347.0
291, 708.0, 11.0
292, 428.0, 181.0
293, 9.0, 214.0
294, 435.0, 51.0
295, 649.0, 243.0
296, 325.0, 320.0
297, 129.0, 163.0
298, 318.0, 81.0
299, 539.0, 47.0
300, 119.0, 360.0
301, 515.0, 403.0
302, 497.0, 114.0
303, 15.0, 367.0
304, 63.0, 27.0
305, 146.0, 347.0
306, 217.0, 130.0
307, 557.0, 117.0
308, 282.0, 221.0
309, 61.0, 330.0
310, 393.0, 293.0
311, 467.0, 271.0
312, 519.0, 415.0
313, 34.0, 376.0
314, 514.0, 18.0
315, 386.0, 419.0
316, 615.0, 104.0
317, 297.0, 159.0
318, 362.0, 458.0
319, 178.0, 206.0
320, 284.0, 251.0
321, 259.0, 143.0
322, 540.0, 438.0
323, 392.0, 42.0
324, 205.0, 295.0
325, 604.0, 248.0
326, 314.0, 102.0
327, 68.0, 381.0
328, 229.0, 311.0
329, 549.0, 141.0
330, 261.0, 75.0
331, 437.0, 386.0
332, 508.0, 179.0
333, 28.0, 72.0
334, 300.0, 280.0
335, 214.0, 105.0
336, 242.0, 81.0
337, 316.0, 380.0
338, 187.0, 76.0
339, 695.0, 452.0
340, 714.0, 260.0
341, 375.0, 63.0
342, 531.0, 70.0
343, 48.0, 15.0
344, 498.0, 148.0
345, 226.0, 386.0
346, 497.0, 413.0
347, 155.0, 231.0
348, 450.0, 87.0
349, 561.0, 248.0
350, 208.0, 141.0
351, 62.0, 310.0
352, 154.0, 172.0
353, 85.0, 367.0
354, 515.0, 8.0
355, 315.0, 318.0
356, 528.0, 436.0
357, 263.0, 100.0
358, 110.0, 350.0
359, 142.0, 112.0
360, 313.0, 92.0
361, 356.0, 158.0
362, 360.0, 116.0
363, 194.0, 225.0
364, 458.0, 108.0
365, 318.0, 342.0
366, 233.0, 431.0
367, 335.0, 52.0
368, 573.0, 100.0
369, 135.0, 450.0
370, 21.0, 410.0
371, 460.0, 150.0
372, 280.0, 210.0
373, 522.0, 106.0
374, 376.0, 23.0
375, 199.0, 138.0
376, 300.0, 222.0
377, 585.0, 431.0
378, 314.0, 244.0
379, 333.0, 241.0
380, 56.0, 308.0
381, 88.0, 382.0
382, 708.0, 377.0
383, 632.0, 108.0
384, 140.0, 303.0
385, 262.0, 313.0
386, 451.0, 351.0
387, 121.0, 196.0
388, 162.0, 431.0
389, 613.0, 390.0
390, 28.0, 397.0
391, 602.0, 335.0
392, 14.0, 320.0
393, 480.0, 394.0
394, 195.0, 112.0
395, 198.0, 420.0
396, 441.0, 332.0
397, 603.0, 351.0
398, 254.0, 323.0
399, 277.0, 256.0
400, 366.0, 437.0
401, 411.0, 246.0
402, 174.0, 77.0
403, 133.0, 209.0
404, 462.0, 271.0
405, 170.0, 108.0
406, 588.0, 115.0
407, 474.0, 367.0
408, 359.0, 55.0
409, 196.0, 80.0
410, 421.0, 190.0
411, 452.0, 164.0
412, 201.0, 92.0
413, 719.0, 453.0
414, 291.0, 237.0
415, 273.0, 323.0
416, 189.0, 430.0
417, 596.0, 67.0
418, 185.0, 376.0
419, 436.0, 405.0
420, 40.0, 80.0
421, 526.0, 117.0
422, 684.0, 256.0
423, 539.0, 61.0
424, 527.0, 346.0
425, 373.0, 121.0
426, 579.0, 449.0
427, 589.0, 471.0
428, 330.0, 328.0
429, 104.0, 198.0
430, 407.0, 402.0
431, 110.0, 311.0
432, 153.0, 221.0
433, 454.0, 130.0
434, 304.0, 344.0
435, 604.0, 81.0
436, 304.0, 95.0
437, 373.0, 159.0
438, 320.0, 240.0
439, 106.0, 79.0
440, 98.0, 116.0
441, 22.0, 58.0
442, 276.0, 442.0
443, 581.0, 381.0
444, 311.0, 153.0
445, 194.0, 107.0
446, 205.0, 471.0
447, 375.0, 239.0
448, 285.0, 389.0
449, 373.0, 186.0
450, 575.0, 129.0
451, 367.0, 263.0
452, 296.0, 48.0
453, 454.0, 393.0
454, 575.0, 245.0
455, 219.0, 8.0
456, 257.0, 27.0
457, 381.0, 418.0
458, 430.0, 464.0
459, 555.0, 450.0
460, 537.0, 112.0
461, 383.0, 246.0
462, 359.0, 111.0
463, 116.0, 403.0
464, 374.0, 376.0
465, 10.0, 310.0
466, 376.0, 277.0
467, 539.0, 56.0
468, 403.0, 187.0
469, 96.0, 107.0
470, 155.0, 358.0
471, 210.0, 391.0
472, 135.0, 440.0
473, 8.0, 379.0
474, 163.0, 172.0
475, 550.0, 80.0
476, 155.0, 209.0
477, 429.0, 389.0
478, 610.0, 55.0
479, 399.0, 325.0
480, 559.0, 37.0
481, 275.0, 127.0
482, 482.0, 250.0
483, 360.0, 95.0
484, 667.0, 287.0
485, 227.0, 80.0
486, 28.0, 261.0
487, 596.0, 374.0
488, 451.0, 407.0
489, 210.0, 214.0
490, 701.0, 463.0
491, 207.0, 37.0
492, 51.0, 221.0
493, 415.0, 48.0
494, 100.0, 368.0
495, 249.0, 276.0
496, 93.0, 461.0
497, 501.0, 432.0
498, 308.0, 461.0
499, 357.0, 416.0
