0, 380.0, 40.0
1, 353.0, 42.0
2, 398.0, 46.0
3, 378.0, 51.0
4, 415.0, 52.0
5, 352.0, 58.0
6, 397.0, 59.0
7, 379.0, 64.0
8, 271.0, 69.0
9, 387.0, 69.0
10, 224.0, 71.0
11, 343.0, 73.0
12, 463.0, 73.0
13, 476.0, 73.0
14, 455.0, 74.0
15, 432.0, 75.0
16, 377.0, 76.0
17, 487.0, 76.0
18, 396.0, 77.0
19, 498.0, 79.0
20, 387.0, 80.0
21, 412.0, 80.0
22, 452.0, 80.0
23, 504.0, 82.0
24, 270.0, 83.0
25, 350.0, 85.0
26, 462.0, 85.0
27, 512.0, 85.0
28, 521.0, 88.0
29, 411.0, 89.0
30, 483.0, 95.0
31, 66.0, 96.0
32, 269.0, 97.0
33, 501.0, 97.0
34, 459.0, 98.0
35, 510.0, 102.0
36, 472.0, 103.0
37, 447.0, 104.0
38, 519.0, 104.0
39, 453.0, 105.0
40, 458.0, 105.0
41, 481.0, 105.0
42, 493.0, 108.0
43, 504.0, 111.0
44, 553.0, 111.0
45, 517.0, 113.0
46, 547.0, 116.0
47, 584.0, 118.0
48, 612.0, 121.0
49, 622.0, 122.0
50, 606.0, 124.0
51, 545.0, 127.0
52, 485.0, 128.0
53, 534.0, 129.0
54, 361.0, 133.0
55, 382.0, 134.0
56, 610.0, 134.0
57, 660.0, 134.0
58, 666.0, 134.0
59, 671.0, 135.0
60, 374.0, 136.0
61, 619.0, 136.0
62, 694.0, 136.0
63, 679.0, 137.0
64, 723.0, 138.0
65, 543.0, 140.0
66, 606.0, 146.0
67, 648.0, 147.0
68, 614.0, 149.0
69, 665.0, 150.0
70, 670.0, 151.0
71, 675.0, 151.0
72, 372.0, 152.0
73, 361.0, 153.0
74, 647.0, 153.0
75, 688.0, 153.0
76, 719.0, 155.0
77, 741.0, 155.0
78, 380.0, 157.0
79, 646.0, 158.0
80, 682.0, 158.0
81, 351.0, 159.0
82, 312.0, 160.0
83, 356.0, 160.0
84, 366.0, 160.0
85, 663.0, 160.0
86, 644.0, 167.0
87, 349.0, 168.0
88, 289.0, 169.0
89, 668.0, 169.0
90, 400.0, 170.0
91, 682.0, 170.0
92, 302.0, 171.0
93, 366.0, 171.0
94, 375.0, 171.0
95, 430.0, 171.0
96, 445.0, 171.0
97, 453.0, 172.0
98, 736.0, 172.0
99, 420.0, 173.0
100, 714.0, 173.0
101, 741.0, 173.0
102, 458.0, 174.0
103, 307.0, 176.0
104, 287.0, 179.0
105, 597.0, 181.0
106, 640.0, 182.0
107, 611.0, 183.0
108, 366.0, 184.0
109, 443.0, 184.0
110, 712.0, 184.0
111, 726.0, 185.0
112, 287.0, 186.0
113, 397.0, 186.0
114, 435.0, 186.0
115, 662.0, 186.0
116, 403.0, 187.0
117, 308.0, 189.0
118, 677.0, 189.0
119, 347.0, 190.0
120, 638.0, 190.0
121, 692.0, 190.0
122, 609.0, 192.0
123, 643.0, 192.0
124, 709.0, 192.0
125, 651.0, 193.0
126, 726.0, 194.0
127, 427.0, 196.0
128, 395.0, 197.0
129, 366.0, 198.0
130, 382.0, 198.0
131, 402.0, 198.0
132, 593.0, 198.0
133, 738.0, 198.0
134, 346.0, 199.0
135, 711.0, 199.0
136, 308.0, 201.0
137, 601.0, 202.0
138, 287.0, 203.0
139, 419.0, 203.0
140, 483.0, 203.0
141, 608.0, 203.0
142, 657.0, 203.0
143, 726.0, 204.0
144, 441.0, 206.0
145, 448.0, 206.0
146, 478.0, 206.0
147, 676.0, 206.0
148, 459.0, 207.0
149, 297.0, 208.0
150, 427.0, 208.0
151, 743.0, 208.0
152, 599.0, 209.0
153, 390.0, 210.0
154, 704.0, 210.0
155, 712.0, 210.0
156, 345.0, 211.0
157, 419.0, 213.0
158, 307.0, 215.0
159, 392.0, 215.0
160, 368.0, 217.0
161, 344.0, 218.0
162, 631.0, 218.0
163, 724.0, 218.0
164, 272.0, 220.0
165, 284.0, 221.0
166, 306.0, 222.0
167, 664.0, 222.0
168, 673.0, 223.0
169, 657.0, 224.0
170, 561.0, 225.0
171, 630.0, 226.0
172, 277.0, 228.0
173, 702.0, 229.0
174, 641.0, 230.0
175, 697.0, 230.0
176, 588.0, 232.0
177, 655.0, 233.0
178, 712.0, 233.0
179, 685.0, 234.0
180, 669.0, 235.0
181, 228.0, 237.0
182, 475.0, 237.0
183, 722.0, 239.0
184, 286.0, 240.0
185, 485.0, 240.0
186, 738.0, 241.0
187, 490.0, 242.0
188, 270.0, 244.0
189, 646.0, 244.0
190, 720.0, 244.0
191, 306.0, 245.0
192, 296.0, 246.0
193, 661.0, 248.0
194, 520.0, 249.0
195, 667.0, 249.0
196, 672.0, 250.0
197, 740.0, 250.0
198, 232.0, 251.0
199, 385.0, 252.0
200, 682.0, 252.0
201, 555.0, 259.0
202, 243.0, 263.0
203, 306.0, 269.0
204, 284.0, 273.0
205, 606.0, 274.0
206, 269.0, 277.0
207, 350.0, 280.0
208, 538.0, 281.0
209, 641.0, 284.0
210, 226.0, 285.0
211, 665.0, 295.0
212, 290.0, 296.0
213, 492.0, 298.0
214, 676.0, 299.0
215, 593.0, 300.0
216, 297.0, 302.0
217, 329.0, 304.0
218, 604.0, 304.0
219, 707.0, 308.0
220, 712.0, 310.0
221, 217.0, 312.0
222, 590.0, 313.0
223, 635.0, 315.0
224, 426.0, 319.0
225, 655.0, 322.0
226, 327.0, 325.0
227, 428.0, 325.0
228, 667.0, 326.0
229, 145.0, 329.0
230, 431.0, 331.0
231, 683.0, 332.0
232, 144.0, 334.0
233, 700.0, 338.0
234, 146.0, 340.0
235, 613.0, 341.0
236, 405.0, 343.0
237, 597.0, 343.0
238, 718.0, 344.0
239, 611.0, 349.0
240, 193.0, 359.0
241, 62.0, 363.0
242, 72.0, 373.0
243, 681.0, 380.0
244, 698.0, 386.0
245, 29.0, 399.0
246, 68.0, 403.0
247, 692.0, 419.0
248, 708.0, 426.0
249, 719.0, 432.0
250, 246.0, 437.0
251, 60.0, 440.0
252, 227.0, 442.0
253, 288.0, 445.0
254, 655.0, 446.0
255, 178.0, 448.0
256, 267.0, 452.0
257, 667.0, 453.0
258, 662.0, 456.0
259, 652.0, 458.0
260, 667.0, 458.0
261, 233.0, 461.0
262, 582.0, 463.0
263, 664.0, 465.0
264, 601.0, 469.0
