0, 467.0, 157.0
1, 324.0, 148.0
2, 212.0, 91.0
3, 480.0, 157.0
4, 175.0, 132.0
5, 428.0, 170.0
6, 228.0, 168.0
7, 487.0, 111.0
8, 634.0, 132.0
9, 177.0, 147.0
10, 186.0, 129.0
11, 326.0, 165.0
12, 116.0, 324.0
13, 235.0, 144.0
14, 485.0, 127.0
15, 163.0, 135.0
16, 483.0, 138.0
17, 320.0, 108.0
18, 427.0, 118.0
19, 198.0, 214.0
20, 292.0, 144.0
21, 309.0, 365.0
22, 189.0, 148.0
23, 274.0, 243.0
24, 620.0, 8.0
25, 599.0, 40.0
26, 510.0, 112.0
27, 545.0, 152.0
28, 215.0, 120.0
29, 337.0, 213.0
30, 571.0, 38.0
31, 373.0, 134.0
32, 119.0, 306.0
33, 495.0, 168.0
34, 185.0, 216.0
35, 619.0, 128.0
36, 461.0, 137.0
37, 197.0, 125.0
38, 190.0, 83.0
39, 367.0, 171.0
40, 514.0, 140.0
41, 193.0, 94.0
42, 561.0, 82.0
43, 529.0, 256.0
44, 162.0, 146.0
45, 99.0, 293.0
46, 225.0, 150.0
47, 554.0, 266.0
48, 576.0, 254.0
49, 359.0, 132.0
50, 542.0, 70.0
51, 695.0, 125.0
52, 348.0, 213.0
53, 234.0, 126.0
54, 41.0, 336.0
55, 30.0, 325.0
56, 601.0, 8.0
57, 294.0, 175.0
58, 567.0, 348.0
59, 169.0, 98.0
60, 206.0, 201.0
61, 338.0, 130.0
62, 450.0, 149.0
63, 533.0, 144.0
64, 243.0, 143.0
65, 591.0, 250.0
66, 534.0, 8.0
67, 128.0, 209.0
68, 200.0, 149.0
69, 326.0, 209.0
70, 178.0, 96.0
71, 61.0, 310.0
72, 411.0, 133.0
73, 638.0, 467.0
74, 44.0, 139.0
75, 142.0, 222.0
76, 284.0, 128.0
77, 653.0, 134.0
78, 463.0, 90.0
79, 209.0, 149.0
80, 137.0, 87.0
81, 443.0, 177.0
82, 219.0, 17.0
83, 361.0, 42.0
84, 32.0, 95.0
85, 375.0, 171.0
86, 8.0, 44.0
87, 91.0, 204.0
88, 69.0, 141.0
89, 254.0, 324.0
90, 124.0, 144.0
91, 31.0, 309.0
92, 54.0, 18.0
93, 104.0, 143.0
94, 464.0, 126.0
95, 665.0, 8.0
96, 497.0, 140.0
97, 47.0, 313.0
98, 377.0, 43.0
99, 413.0, 181.0
100, 167.0, 84.0
101, 139.0, 209.0
102, 544.0, 38.0
103, 531.0, 79.0
104, 230.0, 117.0
105, 565.0, 58.0
106, 433.0, 163.0
107, 346.0, 95.0
108, 19.0, 78.0
109, 175.0, 386.0
110, 390.0, 177.0
111, 98.0, 344.0
112, 313.0, 354.0
113, 179.0, 83.0
114, 306.0, 84.0
115, 83.0, 51.0
116, 542.0, 171.0
117, 261.0, 233.0
118, 378.0, 353.0
119, 724.0, 388.0
120, 626.0, 55.0
121, 508.0, 130.0
122, 395.0, 133.0
123, 57.0, 410.0
124, 91.0, 150.0
125, 229.0, 244.0
126, 439.0, 14.0
127, 89.0, 299.0
128, 300.0, 130.0
129, 323.0, 93.0
130, 575.0, 8.0
131, 619.0, 66.0
132, 534.0, 55.0
133, 629.0, 40.0
134, 247.0, 239.0
135, 443.0, 91.0
136, 267.0, 126.0
137, 204.0, 223.0
138, 103.0, 56.0
139, 191.0, 8.0
140, 20.0, 35.0
141, 56.0, 92.0
142, 22.0, 312.0
143, 442.0, 123.0
144, 95.0, 314.0
145, 16.0, 138.0
146, 166.0, 376.0
147, 620.0, 79.0
148, 508.0, 169.0
149, 161.0, 399.0
150, 372.0, 394.0
151, 206.0, 124.0
152, 147.0, 141.0
153, 211.0, 81.0
154, 360.0, 88.0
155, 530.0, 171.0
156, 247.0, 400.0
157, 463.0, 108.0
158, 258.0, 347.0
159, 298.0, 107.0
160, 96.0, 327.0
161, 417.0, 98.0
162, 56.0, 48.0
163, 606.0, 66.0
164, 595.0, 56.0
165, 589.0, 78.0
166, 446.0, 333.0
167, 585.0, 264.0
168, 479.0, 167.0
169, 194.0, 309.0
170, 546.0, 55.0
171, 441.0, 252.0
172, 296.0, 223.0
173, 302.0, 162.0
174, 399.0, 161.0
175, 90.0, 88.0
176, 81.0, 345.0
177, 202.0, 79.0
178, 564.0, 120.0
179, 112.0, 285.0
180, 88.0, 360.0
181, 286.0, 174.0
182, 36.0, 66.0
183, 374.0, 181.0
184, 226.0, 74.0
185, 103.0, 379.0
186, 245.0, 367.0
187, 648.0, 242.0
188, 361.0, 159.0
189, 273.0, 379.0
190, 236.0, 14.0
191, 464.0, 431.0
192, 103.0, 208.0
193, 316.0, 318.0
194, 565.0, 428.0
195, 629.0, 408.0
196, 535.0, 417.0
197, 336.0, 338.0
198, 149.0, 79.0
199, 175.0, 224.0
200, 501.0, 107.0
201, 242.0, 203.0
202, 632.0, 104.0
203, 204.0, 70.0
204, 310.0, 148.0
205, 135.0, 332.0
206, 434.0, 52.0
207, 407.0, 422.0
208, 110.0, 87.0
209, 338.0, 233.0
210, 360.0, 60.0
211, 218.0, 413.0
212, 15.0, 320.0
213, 47.0, 57.0
214, 168.0, 203.0
215, 294.0, 381.0
216, 205.0, 369.0
217, 185.0, 207.0
218, 295.0, 238.0
219, 560.0, 248.0
220, 521.0, 428.0
221, 464.0, 257.0
222, 231.0, 318.0
223, 64.0, 372.0
224, 310.0, 128.0
225, 301.0, 401.0
226, 189.0, 326.0
227, 418.0, 89.0
228, 307.0, 105.0
229, 567.0, 50.0
230, 360.0, 116.0
231, 238.0, 395.0
232, 551.0, 116.0
233, 470.0, 455.0
234, 709.0, 84.0
235, 429.0, 127.0
236, 69.0, 381.0
237, 18.0, 93.0
238, 280.0, 152.0
239, 375.0, 87.0
240, 198.0, 421.0
241, 112.0, 163.0
242, 433.0, 136.0
243, 318.0, 81.0
244, 545.0, 251.0
245, 77.0, 421.0
246, 740.0, 387.0
247, 207.0, 37.0
248, 338.0, 87.0
249, 50.0, 50.0
250, 89.0, 383.0
251, 228.0, 89.0
252, 213.0, 398.0
253, 508.0, 179.0
254, 72.0, 80.0
255, 273.0, 324.0
256, 282.0, 221.0
257, 257.0, 128.0
258, 242.0, 324.0
259, 580.0, 451.0
260, 513.0, 14.0
261, 666.0, 257.0
262, 648.0, 358.0
263, 354.0, 316.0
264, 393.0, 293.0
265, 226.0, 360.0
266, 540.0, 86.0
267, 267.0, 219.0
268, 540.0, 439.0
269, 163.0, 432.0
270, 429.0, 181.0
271, 57.0, 380.0
272, 112.0, 350.0
273, 319.0, 342.0
274, 96.0, 218.0
275, 330.0, 409.0
276, 439.0, 426.0
277, 525.0, 111.0
278, 15.0, 367.0
279, 444.0, 170.0
280, 13.0, 339.0
281, 240.0, 151.0
282, 469.0, 468.0
283, 10.0, 215.0
284, 40.0, 80.0
285, 500.0, 341.0
286, 596.0, 66.0
287, 335.0, 51.0
288, 684.0, 257.0
289, 261.0, 74.0
290, 362.0, 459.0
291, 297.0, 159.0
292, 386.0, 419.0
293, 526.0, 389.0
294, 375.0, 63.0
295, 552.0, 401.0
296, 557.0, 117.0
297, 650.0, 471.0
298, 209.0, 358.0
299, 178.0, 206.0
300, 615.0, 104.0
301, 539.0, 47.0
302, 497.0, 114.0
303, 474.0, 367.0
304, 374.0, 376.0
305, 631.0, 114.0
306, 187.0, 75.0
307, 531.0, 70.0
308, 10.0, 311.0
309, 638.0, 342.0
310, 491.0, 236.0
311, 289.0, 207.0
312, 613.0, 391.0
313, 473.0, 125.0
314, 173.0, 77.0
315, 353.0, 322.0
316, 326.0, 320.0
317, 524.0, 418.0
318, 154.0, 203.0
319, 452.0, 165.0
320, 632.0, 109.0
321, 113.0, 220.0
322, 313.0, 92.0
323, 450.0, 87.0
324, 434.0, 347.0
325, 708.0, 377.0
326, 515.0, 8.0
327, 144.0, 397.0
328, 448.0, 99.0
329, 199.0, 137.0
330, 103.0, 198.0
331, 200.0, 317.0
332, 557.0, 372.0
333, 560.0, 38.0
334, 284.0, 251.0
335, 406.0, 48.0
336, 63.0, 27.0
337, 467.0, 271.0
338, 86.0, 367.0
339, 513.0, 19.0
340, 259.0, 142.0
341, 150.0, 84.0
342, 356.0, 158.0
343, 213.0, 103.0
344, 106.0, 79.0
345, 74.0, 330.0
346, 128.0, 163.0
347, 117.0, 212.0
348, 155.0, 172.0
349, 154.0, 209.0
350, 328.0, 130.0
351, 320.0, 336.0
352, 110.0, 312.0
353, 527.0, 348.0
354, 98.0, 161.0
355, 584.0, 422.0
356, 366.0, 437.0
357, 283.0, 236.0
358, 304.0, 344.0
359, 130.0, 220.0
360, 77.0, 151.0
361, 453.0, 392.0
362, 66.0, 357.0
363, 188.0, 430.0
364, 316.0, 380.0
365, 539.0, 407.0
366, 142.0, 112.0
367, 388.0, 228.0
368, 517.0, 105.0
369, 35.0, 377.0
370, 649.0, 263.0
371, 460.0, 150.0
372, 277.0, 256.0
373, 574.0, 246.0
374, 314.0, 102.0
375, 518.0, 370.0
376, 154.0, 231.0
377, 374.0, 121.0
378, 296.0, 48.0
379, 29.0, 341.0
380, 8.0, 293.0
381, 214.0, 359.0
382, 37.0, 153.0
383, 69.0, 350.0
384, 536.0, 111.0
385, 194.0, 106.0
386, 528.0, 398.0
387, 316.0, 11.0
388, 431.0, 389.0
389, 41.0, 358.0
390, 462.0, 271.0
391, 458.0, 108.0
392, 674.0, 405.0
393, 253.0, 205.0
394, 57.0, 328.0
395, 159.0, 31.0
396, 23.0, 58.0
397, 195.0, 112.0
398, 388.0, 187.0
399, 336.0, 400.0
400, 526.0, 116.0
401, 219.0, 8.0
402, 719.0, 453.0
403, 262.0, 127.0
404, 516.0, 403.0
405, 171.0, 109.0
406, 226.0, 386.0
407, 497.0, 414.0
408, 285.0, 41.0
409, 28.0, 72.0
410, 610.0, 56.0
411, 185.0, 376.0
412, 421.0, 190.0
413, 400.0, 440.0
414, 539.0, 63.0
415, 366.0, 417.0
416, 156.0, 392.0
417, 194.0, 225.0
418, 604.0, 249.0
419, 654.0, 52.0
420, 301.0, 222.0
421, 135.0, 441.0
422, 308.0, 393.0
423, 359.0, 55.0
424, 451.0, 352.0
425, 577.0, 130.0
426, 23.0, 410.0
427, 133.0, 209.0
428, 303.0, 215.0
429, 522.0, 38.0
430, 98.0, 117.0
431, 320.0, 240.0
432, 74.0, 445.0
433, 285.0, 390.0
434, 30.0, 377.0
435, 373.0, 186.0
436, 311.0, 153.0
437, 498.0, 148.0
438, 367.0, 263.0
439, 399.0, 325.0
440, 411.0, 354.0
441, 373.0, 159.0
442, 216.0, 372.0
443, 276.0, 442.0
444, 538.0, 424.0
445, 590.0, 73.0
446, 338.0, 436.0
447, 107.0, 323.0
448, 137.0, 337.0
449, 577.0, 241.0
450, 112.0, 148.0
451, 573.0, 91.0
452, 415.0, 62.0
453, 730.0, 407.0
454, 434.0, 425.0
455, 238.0, 432.0
456, 390.0, 462.0
457, 8.0, 59.0
458, 508.0, 65.0
459, 592.0, 22.0
460, 411.0, 246.0
461, 603.0, 80.0
462, 577.0, 76.0
463, 205.0, 295.0
464, 261.0, 69.0
465, 539.0, 58.0
466, 304.0, 95.0
467, 716.0, 259.0
468, 701.0, 463.0
469, 695.0, 452.0
470, 249.0, 277.0
471, 335.0, 46.0
472, 480.0, 394.0
473, 264.0, 116.0
474, 394.0, 399.0
475, 562.0, 103.0
476, 359.0, 146.0
477, 233.0, 431.0
478, 347.0, 238.0
479, 252.0, 312.0
480, 501.0, 450.0
481, 360.0, 111.0
482, 279.0, 87.0
483, 136.0, 451.0
484, 100.0, 87.0
485, 295.0, 71.0
486, 436.0, 405.0
487, 317.0, 28.0
488, 381.0, 419.0
489, 143.0, 117.0
490, 98.0, 194.0
491, 587.0, 48.0
492, 576.0, 202.0
493, 685.0, 52.0
494, 39.0, 218.0
495, 611.0, 415.0
496, 136.0, 456.0
497, 613.0, 145.0
498, 300.0, 239.0
499, 196.0, 80.0
