0, 467.0, 157.0
1, 326.0, 165.0
2, 324.0, 148.0
3, 212.0, 91.0
4, 480.0, 157.0
5, 487.0, 111.0
6, 175.0, 132.0
7, 634.0, 132.0
8, 292.0, 144.0
9, 177.0, 147.0
10, 186.0, 129.0
11, 427.0, 118.0
12, 228.0, 168.0
13, 235.0, 144.0
14, 590.0, 250.0
15, 198.0, 214.0
16, 484.0, 127.0
17, 116.0, 324.0
18, 337.0, 213.0
19, 163.0, 135.0
20, 347.0, 213.0
21, 320.0, 108.0
22, 189.0, 148.0
23, 428.0, 170.0
24, 373.0, 133.0
25, 215.0, 120.0
26, 620.0, 8.0
27, 483.0, 138.0
28, 197.0, 125.0
29, 294.0, 175.0
30, 495.0, 168.0
31, 554.0, 266.0
32, 695.0, 125.0
33, 599.0, 40.0
34, 193.0, 95.0
35, 619.0, 128.0
36, 529.0, 256.0
37, 561.0, 82.0
38, 274.0, 243.0
39, 233.0, 126.0
40, 545.0, 152.0
41, 514.0, 140.0
42, 338.0, 130.0
43, 175.0, 224.0
44, 175.0, 385.0
45, 510.0, 112.0
46, 119.0, 306.0
47, 30.0, 325.0
48, 162.0, 146.0
49, 576.0, 254.0
50, 376.0, 43.0
51, 99.0, 293.0
52, 309.0, 365.0
53, 225.0, 150.0
54, 190.0, 83.0
55, 8.0, 44.0
56, 184.0, 216.0
57, 542.0, 70.0
58, 243.0, 143.0
59, 653.0, 135.0
60, 367.0, 171.0
61, 206.0, 201.0
62, 169.0, 98.0
63, 450.0, 149.0
64, 178.0, 96.0
65, 724.0, 388.0
66, 48.0, 312.0
67, 461.0, 138.0
68, 708.0, 84.0
69, 200.0, 148.0
70, 571.0, 38.0
71, 533.0, 144.0
72, 497.0, 140.0
73, 463.0, 90.0
74, 104.0, 143.0
75, 61.0, 310.0
76, 374.0, 171.0
77, 44.0, 139.0
78, 410.0, 133.0
79, 19.0, 35.0
80, 68.0, 141.0
81, 413.0, 180.0
82, 94.0, 314.0
83, 629.0, 39.0
84, 32.0, 95.0
85, 361.0, 42.0
86, 230.0, 117.0
87, 326.0, 209.0
88, 600.0, 8.0
89, 638.0, 467.0
90, 346.0, 95.0
91, 565.0, 59.0
92, 359.0, 132.0
93, 124.0, 144.0
94, 98.0, 343.0
95, 566.0, 348.0
96, 254.0, 324.0
97, 219.0, 17.0
98, 41.0, 336.0
99, 229.0, 244.0
100, 665.0, 8.0
101, 54.0, 18.0
102, 166.0, 376.0
103, 142.0, 221.0
104, 394.0, 133.0
105, 534.0, 8.0
106, 463.0, 126.0
107, 90.0, 204.0
108, 128.0, 209.0
109, 575.0, 8.0
110, 433.0, 163.0
111, 138.0, 209.0
112, 628.0, 408.0
113, 317.0, 26.0
114, 306.0, 84.0
115, 531.0, 79.0
116, 209.0, 149.0
117, 542.0, 171.0
118, 138.0, 87.0
119, 626.0, 55.0
120, 261.0, 233.0
121, 92.0, 150.0
122, 31.0, 309.0
123, 443.0, 122.0
124, 390.0, 177.0
125, 443.0, 177.0
126, 283.0, 128.0
127, 21.0, 312.0
128, 378.0, 353.0
129, 179.0, 83.0
130, 167.0, 84.0
131, 299.0, 130.0
132, 19.0, 77.0
133, 633.0, 104.0
134, 84.0, 51.0
135, 267.0, 126.0
136, 606.0, 66.0
137, 89.0, 298.0
138, 191.0, 8.0
139, 619.0, 66.0
140, 103.0, 56.0
141, 147.0, 141.0
142, 16.0, 138.0
143, 162.0, 398.0
144, 417.0, 98.0
145, 153.0, 202.0
146, 81.0, 344.0
147, 286.0, 174.0
148, 508.0, 169.0
149, 534.0, 55.0
150, 258.0, 347.0
151, 206.0, 124.0
152, 99.0, 161.0
153, 439.0, 14.0
154, 620.0, 79.0
155, 247.0, 239.0
156, 544.0, 38.0
157, 56.0, 92.0
158, 56.0, 48.0
159, 508.0, 131.0
160, 194.0, 309.0
161, 530.0, 171.0
162, 298.0, 107.0
163, 463.0, 108.0
164, 149.0, 80.0
165, 595.0, 56.0
166, 374.0, 181.0
167, 211.0, 81.0
168, 564.0, 427.0
169, 103.0, 209.0
170, 89.0, 360.0
171, 360.0, 88.0
172, 443.0, 91.0
173, 433.0, 137.0
174, 399.0, 161.0
175, 708.0, 378.0
176, 259.0, 127.0
177, 295.0, 238.0
178, 589.0, 77.0
179, 95.0, 327.0
180, 301.0, 162.0
181, 564.0, 120.0
182, 446.0, 333.0
183, 545.0, 55.0
184, 323.0, 93.0
185, 259.0, 142.0
186, 520.0, 428.0
187, 90.0, 88.0
188, 246.0, 400.0
189, 295.0, 222.0
190, 202.0, 80.0
191, 429.0, 127.0
192, 526.0, 388.0
193, 226.0, 74.0
194, 463.0, 429.0
195, 567.0, 49.0
196, 316.0, 318.0
197, 501.0, 108.0
198, 15.0, 320.0
199, 650.0, 471.0
200, 361.0, 159.0
201, 310.0, 148.0
202, 245.0, 367.0
203, 272.0, 378.0
204, 393.0, 293.0
205, 110.0, 87.0
206, 131.0, 221.0
207, 135.0, 332.0
208, 112.0, 284.0
209, 439.0, 425.0
210, 204.0, 223.0
211, 113.0, 220.0
212, 184.0, 206.0
213, 416.0, 89.0
214, 585.0, 264.0
215, 72.0, 330.0
216, 649.0, 358.0
217, 205.0, 369.0
218, 551.0, 116.0
219, 75.0, 421.0
220, 540.0, 438.0
221, 534.0, 416.0
222, 360.0, 59.0
223, 228.0, 89.0
224, 307.0, 105.0
225, 213.0, 397.0
226, 428.0, 181.0
227, 338.0, 233.0
228, 18.0, 93.0
229, 261.0, 74.0
230, 372.0, 393.0
231, 273.0, 324.0
232, 310.0, 128.0
233, 313.0, 353.0
234, 463.0, 257.0
235, 338.0, 87.0
236, 90.0, 382.0
237, 453.0, 392.0
238, 318.0, 81.0
239, 46.0, 57.0
240, 469.0, 454.0
241, 407.0, 422.0
242, 57.0, 409.0
243, 240.0, 151.0
244, 374.0, 87.0
245, 168.0, 203.0
246, 436.0, 386.0
247, 479.0, 167.0
248, 325.0, 320.0
249, 231.0, 317.0
250, 544.0, 250.0
251, 103.0, 379.0
252, 301.0, 401.0
253, 360.0, 116.0
254, 294.0, 381.0
255, 513.0, 16.0
256, 469.0, 468.0
257, 740.0, 387.0
258, 540.0, 86.0
259, 50.0, 49.0
260, 444.0, 170.0
261, 354.0, 314.0
262, 684.0, 256.0
263, 77.0, 150.0
264, 500.0, 341.0
265, 639.0, 342.0
266, 188.0, 326.0
267, 37.0, 65.0
268, 335.0, 337.0
269, 280.0, 152.0
270, 329.0, 409.0
271, 238.0, 394.0
272, 474.0, 126.0
273, 162.0, 431.0
274, 242.0, 324.0
275, 361.0, 459.0
276, 128.0, 163.0
277, 508.0, 179.0
278, 267.0, 219.0
279, 560.0, 248.0
280, 674.0, 404.0
281, 283.0, 236.0
282, 450.0, 87.0
283, 441.0, 252.0
284, 226.0, 360.0
285, 366.0, 437.0
286, 213.0, 358.0
287, 320.0, 334.0
288, 650.0, 243.0
289, 217.0, 413.0
290, 557.0, 117.0
291, 540.0, 47.0
292, 142.0, 113.0
293, 296.0, 158.0
294, 316.0, 12.0
295, 405.0, 48.0
296, 648.0, 262.0
297, 335.0, 52.0
298, 112.0, 163.0
299, 524.0, 111.0
300, 119.0, 360.0
301, 434.0, 347.0
302, 318.0, 342.0
303, 522.0, 38.0
304, 458.0, 108.0
305, 82.0, 266.0
306, 194.0, 108.0
307, 386.0, 419.0
308, 296.0, 41.0
309, 727.0, 84.0
310, 353.0, 322.0
311, 314.0, 102.0
312, 154.0, 172.0
313, 10.0, 214.0
314, 412.0, 105.0
315, 204.0, 71.0
316, 708.0, 11.0
317, 467.0, 271.0
318, 514.0, 11.0
319, 557.0, 372.0
320, 433.0, 52.0
321, 460.0, 150.0
322, 356.0, 158.0
323, 178.0, 206.0
324, 42.0, 358.0
325, 551.0, 400.0
326, 187.0, 75.0
327, 289.0, 207.0
328, 515.0, 403.0
329, 549.0, 237.0
330, 392.0, 42.0
331, 133.0, 209.0
332, 420.0, 190.0
333, 320.0, 296.0
334, 480.0, 393.0
335, 112.0, 349.0
336, 527.0, 120.0
337, 327.0, 130.0
338, 497.0, 114.0
339, 253.0, 205.0
340, 127.0, 401.0
341, 63.0, 27.0
342, 300.0, 222.0
343, 383.0, 461.0
344, 117.0, 211.0
345, 13.0, 339.0
346, 283.0, 222.0
347, 207.0, 37.0
348, 527.0, 348.0
349, 66.0, 357.0
350, 550.0, 80.0
351, 72.0, 80.0
352, 98.0, 194.0
353, 69.0, 380.0
354, 85.0, 367.0
355, 528.0, 437.0
356, 448.0, 99.0
357, 617.0, 104.0
358, 522.0, 106.0
359, 694.0, 451.0
360, 226.0, 326.0
361, 188.0, 430.0
362, 578.0, 449.0
363, 57.0, 380.0
364, 451.0, 352.0
365, 429.0, 388.0
366, 201.0, 317.0
367, 313.0, 92.0
368, 93.0, 462.0
369, 8.0, 305.0
370, 430.0, 374.0
371, 441.0, 356.0
372, 508.0, 65.0
373, 135.0, 450.0
374, 233.0, 431.0
375, 574.0, 246.0
376, 655.0, 52.0
377, 497.0, 414.0
378, 375.0, 63.0
379, 135.0, 441.0
380, 531.0, 69.0
381, 501.0, 449.0
382, 23.0, 410.0
383, 596.0, 66.0
384, 140.0, 303.0
385, 29.0, 340.0
386, 279.0, 255.0
387, 715.0, 259.0
388, 173.0, 77.0
389, 201.0, 328.0
390, 213.0, 103.0
391, 235.0, 9.0
392, 33.0, 376.0
393, 304.0, 344.0
394, 295.0, 339.0
395, 156.0, 392.0
396, 645.0, 408.0
397, 498.0, 148.0
398, 338.0, 435.0
399, 196.0, 80.0
400, 462.0, 271.0
401, 199.0, 339.0
402, 296.0, 56.0
403, 8.0, 293.0
404, 596.0, 375.0
405, 633.0, 90.0
406, 381.0, 471.0
407, 435.0, 404.0
408, 583.0, 48.0
409, 184.0, 375.0
410, 154.0, 231.0
411, 171.0, 112.0
412, 701.0, 463.0
413, 381.0, 419.0
414, 28.0, 72.0
415, 217.0, 132.0
416, 206.0, 471.0
417, 677.0, 373.0
418, 274.0, 441.0
419, 631.0, 117.0
420, 336.0, 400.0
421, 591.0, 136.0
422, 453.0, 130.0
423, 678.0, 232.0
424, 207.0, 164.0
425, 242.0, 80.0
426, 37.0, 153.0
427, 373.0, 122.0
428, 602.0, 351.0
429, 418.0, 24.0
430, 474.0, 368.0
431, 584.0, 431.0
432, 460.0, 408.0
433, 227.0, 80.0
434, 537.0, 112.0
435, 308.0, 21.0
436, 388.0, 187.0
437, 210.0, 214.0
438, 311.0, 153.0
439, 521.0, 417.0
440, 398.0, 325.0
441, 383.0, 246.0
442, 319.0, 241.0
443, 67.0, 79.0
444, 43.0, 80.0
445, 400.0, 440.0
446, 139.0, 456.0
447, 208.0, 141.0
448, 335.0, 57.0
449, 388.0, 228.0
450, 490.0, 236.0
451, 377.0, 278.0
452, 219.0, 8.0
453, 305.0, 96.0
454, 360.0, 64.0
455, 308.0, 460.0
456, 208.0, 357.0
457, 510.0, 148.0
458, 483.0, 411.0
459, 539.0, 63.0
460, 66.0, 195.0
461, 64.0, 372.0
462, 539.0, 57.0
463, 110.0, 313.0
464, 98.0, 116.0
465, 410.0, 120.0
466, 79.0, 193.0
467, 146.0, 347.0
468, 100.0, 87.0
469, 104.0, 398.0
470, 603.0, 248.0
471, 373.0, 159.0
472, 719.0, 453.0
473, 263.0, 116.0
474, 613.0, 390.0
475, 199.0, 138.0
476, 360.0, 95.0
477, 139.0, 98.0
478, 404.0, 188.0
479, 285.0, 389.0
480, 435.0, 330.0
481, 70.0, 350.0
482, 576.0, 202.0
483, 194.0, 225.0
484, 106.0, 79.0
485, 373.0, 186.0
486, 332.0, 241.0
487, 452.0, 165.0
488, 539.0, 149.0
489, 513.0, 21.0
490, 63.0, 119.0
491, 631.0, 398.0
492, 317.0, 380.0
493, 367.0, 263.0
494, 300.0, 280.0
495, 226.0, 386.0
496, 441.0, 332.0
497, 263.0, 99.0
498, 303.0, 215.0
499, 16.0, 367.0
