0, 455.0, 55.0
1, 254.0, 261.0
2, 79.0, 433.0
3, 239.0, 285.0
4, 256.0, 273.0
5, 358.0, 425.0
6, 554.0, 325.0
7, 492.0, 56.0
8, 462.0, 207.0
9, 272.0, 216.0
10, 399.0, 343.0
11, 115.0, 49.0
12, 555.0, 172.0
13, 508.0, 98.0
14, 312.0, 180.0
15, 365.0, 384.0
16, 321.0, 265.0
17, 211.0, 298.0
18, 560.0, 332.0
19, 65.0, 199.0
20, 264.0, 261.0
21, 260.0, 438.0
22, 106.0, 304.0
23, 173.0, 226.0
24, 365.0, 162.0
25, 159.0, 203.0
26, 683.0, 193.0
27, 599.0, 377.0
28, 359.0, 325.0
29, 456.0, 45.0
30, 493.0, 46.0
31, 300.0, 234.0
32, 543.0, 169.0
33, 441.0, 338.0
34, 194.0, 272.0
35, 238.0, 469.0
36, 494.0, 36.0
37, 310.0, 407.0
38, 254.0, 29.0
39, 186.0, 19.0
40, 309.0, 265.0
41, 199.0, 20.0
42, 100.0, 27.0
43, 75.0, 16.0
44, 328.0, 410.0
45, 418.0, 232.0
46, 506.0, 269.0
47, 485.0, 96.0
48, 609.0, 388.0
49, 464.0, 224.0
50, 723.0, 153.0
51, 33.0, 208.0
52, 536.0, 316.0
53, 239.0, 20.0
54, 486.0, 326.0
55, 243.0, 396.0
56, 111.0, 28.0
57, 435.0, 237.0
58, 131.0, 220.0
59, 128.0, 143.0
60, 368.0, 288.0
61, 104.0, 150.0
62, 402.0, 169.0
63, 487.0, 346.0
64, 254.0, 249.0
65, 349.0, 223.0
66, 442.0, 324.0
67, 328.0, 285.0
68, 406.0, 32.0
69, 573.0, 175.0
70, 526.0, 25.0
71, 113.0, 38.0
72, 99.0, 268.0
73, 349.0, 210.0
74, 172.0, 354.0
75, 446.0, 156.0
76, 472.0, 345.0
77, 349.0, 49.0
78, 419.0, 22.0
79, 529.0, 57.0
80, 82.0, 268.0
81, 437.0, 437.0
82, 424.0, 156.0
83, 126.0, 131.0
84, 239.0, 31.0
85, 156.0, 284.0
86, 155.0, 179.0
87, 359.0, 309.0
88, 443.0, 302.0
89, 401.0, 376.0
90, 520.0, 334.0
91, 178.0, 207.0
92, 174.0, 239.0
93, 200.0, 213.0
94, 433.0, 290.0
95, 370.0, 374.0
96, 254.0, 404.0
97, 436.0, 152.0
98, 367.0, 447.0
99, 84.0, 154.0
100, 141.0, 374.0
101, 282.0, 146.0
102, 251.0, 132.0
103, 462.0, 453.0
104, 367.0, 22.0
105, 361.0, 249.0
106, 512.0, 286.0
107, 257.0, 378.0
108, 223.0, 457.0
109, 327.0, 218.0
110, 529.0, 308.0
111, 36.0, 17.0
112, 294.0, 283.0
113, 677.0, 130.0
114, 511.0, 56.0
115, 197.0, 440.0
116, 320.0, 249.0
117, 437.0, 186.0
118, 309.0, 90.0
119, 466.0, 84.0
120, 370.0, 277.0
121, 33.0, 440.0
122, 206.0, 285.0
123, 399.0, 419.0
124, 739.0, 209.0
125, 268.0, 124.0
126, 147.0, 390.0
127, 489.0, 281.0
128, 131.0, 17.0
129, 417.0, 32.0
130, 213.0, 207.0
131, 296.0, 249.0
132, 349.0, 125.0
133, 302.0, 395.0
134, 52.0, 434.0
135, 140.0, 315.0
136, 440.0, 11.0
137, 327.0, 227.0
138, 149.0, 222.0
139, 390.0, 302.0
140, 349.0, 178.0
141, 405.0, 314.0
142, 465.0, 418.0
143, 422.0, 180.0
144, 226.0, 237.0
145, 109.0, 314.0
146, 29.0, 426.0
147, 427.0, 41.0
148, 528.0, 295.0
149, 624.0, 452.0
150, 97.0, 187.0
151, 270.0, 393.0
152, 136.0, 445.0
153, 456.0, 35.0
154, 102.0, 38.0
155, 463.0, 240.0
156, 648.0, 176.0
157, 130.0, 412.0
158, 281.0, 134.0
159, 690.0, 260.0
160, 514.0, 341.0
161, 359.0, 435.0
162, 24.0, 18.0
163, 459.0, 440.0
164, 215.0, 254.0
165, 374.0, 249.0
166, 420.0, 217.0
167, 315.0, 362.0
168, 174.0, 326.0
169, 435.0, 248.0
170, 683.0, 94.0
171, 344.0, 24.0
172, 184.0, 318.0
173, 407.0, 12.0
174, 527.0, 10.0
175, 486.0, 316.0
176, 134.0, 173.0
177, 549.0, 47.0
178, 470.0, 412.0
179, 117.0, 433.0
180, 687.0, 145.0
181, 311.0, 424.0
182, 235.0, 205.0
183, 291.0, 402.0
184, 407.0, 22.0
185, 391.0, 33.0
186, 79.0, 444.0
187, 131.0, 323.0
188, 265.0, 425.0
189, 164.0, 43.0
190, 478.0, 188.0
191, 338.0, 219.0
192, 376.0, 453.0
193, 486.0, 261.0
194, 378.0, 390.0
195, 372.0, 328.0
196, 523.0, 45.0
197, 342.0, 425.0
198, 336.0, 249.0
199, 62.0, 268.0
200, 82.0, 192.0
201, 213.0, 19.0
202, 284.0, 235.0
203, 112.0, 16.0
204, 122.0, 178.0
205, 265.0, 303.0
206, 499.0, 261.0
207, 458.0, 24.0
208, 530.0, 278.0
209, 241.0, 437.0
210, 229.0, 159.0
211, 402.0, 156.0
212, 565.0, 362.0
213, 449.0, 206.0
214, 673.0, 212.0
215, 430.0, 364.0
216, 148.0, 209.0
217, 543.0, 461.0
218, 518.0, 102.0
219, 167.0, 197.0
220, 238.0, 409.0
221, 237.0, 136.0
222, 449.0, 407.0
223, 383.0, 340.0
224, 138.0, 288.0
225, 393.0, 317.0
226, 476.0, 258.0
227, 565.0, 58.0
228, 238.0, 373.0
229, 117.0, 445.0
230, 483.0, 116.0
231, 244.0, 57.0
232, 293.0, 90.0
233, 499.0, 285.0
234, 536.0, 26.0
235, 86.0, 139.0
236, 474.0, 288.0
237, 453.0, 186.0
238, 367.0, 301.0
239, 252.0, 389.0
240, 178.0, 56.0
241, 361.0, 270.0
242, 557.0, 397.0
243, 421.0, 198.0
244, 339.0, 209.0
245, 309.0, 124.0
246, 381.0, 221.0
247, 423.0, 169.0
248, 80.0, 51.0
249, 428.0, 12.0
250, 241.0, 195.0
251, 48.0, 24.0
252, 68.0, 27.0
253, 26.0, 29.0
254, 111.0, 182.0
255, 149.0, 255.0
256, 185.0, 180.0
257, 272.0, 351.0
258, 285.0, 216.0
259, 507.0, 32.0
260, 51.0, 230.0
261, 215.0, 390.0
262, 231.0, 388.0
263, 377.0, 421.0
264, 364.0, 211.0
265, 381.0, 275.0
266, 514.0, 84.0
267, 494.0, 355.0
268, 603.0, 161.0
269, 227.0, 470.0
270, 348.0, 233.0
271, 724.0, 176.0
272, 316.0, 22.0
273, 359.0, 455.0
274, 296.0, 364.0
275, 333.0, 236.0
276, 260.0, 201.0
277, 254.0, 160.0
278, 508.0, 326.0
279, 420.0, 11.0
280, 392.0, 22.0
281, 419.0, 47.0
282, 296.0, 179.0
283, 245.0, 241.0
284, 403.0, 453.0
285, 300.0, 265.0
286, 310.0, 246.0
287, 378.0, 358.0
288, 157.0, 241.0
289, 475.0, 221.0
290, 513.0, 45.0
291, 548.0, 294.0
292, 605.0, 43.0
293, 337.0, 264.0
294, 466.0, 179.0
295, 477.0, 302.0
296, 178.0, 280.0
297, 399.0, 395.0
298, 532.0, 115.0
299, 238.0, 446.0
300, 154.0, 434.0
301, 326.0, 48.0
302, 425.0, 455.0
303, 350.0, 246.0
304, 416.0, 380.0
305, 133.0, 29.0
306, 659.0, 94.0
307, 574.0, 363.0
308, 381.0, 435.0
309, 208.0, 245.0
310, 629.0, 430.0
311, 421.0, 251.0
312, 489.0, 83.0
313, 121.0, 411.0
314, 161.0, 20.0
315, 225.0, 196.0
316, 121.0, 28.0
317, 78.0, 252.0
318, 427.0, 337.0
319, 237.0, 237.0
320, 456.0, 95.0
321, 252.0, 284.0
322, 424.0, 399.0
323, 263.0, 47.0
324, 506.0, 170.0
325, 452.0, 419.0
326, 45.0, 205.0
327, 226.0, 267.0
328, 400.0, 139.0
329, 74.0, 157.0
330, 377.0, 321.0
331, 364.0, 233.0
332, 285.0, 250.0
333, 350.0, 265.0
334, 620.0, 28.0
335, 577.0, 262.0
336, 395.0, 223.0
337, 388.0, 135.0
338, 555.0, 248.0
339, 450.0, 226.0
340, 273.0, 234.0
341, 502.0, 310.0
342, 120.0, 228.0
343, 208.0, 455.0
344, 79.0, 37.0
345, 187.0, 195.0
346, 161.0, 225.0
347, 383.0, 462.0
348, 394.0, 328.0
349, 134.0, 242.0
350, 401.0, 355.0
351, 516.0, 25.0
352, 132.0, 61.0
353, 209.0, 352.0
354, 239.0, 267.0
355, 332.0, 179.0
356, 439.0, 41.0
357, 273.0, 23.0
358, 374.0, 340.0
359, 668.0, 455.0
360, 23.0, 44.0
361, 531.0, 46.0
362, 420.0, 325.0
363, 216.0, 180.0
364, 219.0, 218.0
365, 130.0, 39.0
366, 217.0, 283.0
367, 583.0, 432.0
368, 50.0, 446.0
369, 311.0, 393.0
370, 228.0, 445.0
371, 273.0, 179.0
372, 356.0, 134.0
373, 127.0, 252.0
374, 212.0, 232.0
375, 448.0, 281.0
376, 57.0, 38.0
377, 30.0, 148.0
378, 214.0, 366.0
379, 546.0, 137.0
380, 451.0, 317.0
381, 373.0, 312.0
382, 567.0, 44.0
383, 537.0, 232.0
384, 456.0, 115.0
385, 151.0, 324.0
386, 122.0, 38.0
387, 291.0, 21.0
388, 239.0, 180.0
389, 674.0, 106.0
390, 430.0, 303.0
391, 209.0, 263.0
392, 161.0, 217.0
393, 119.0, 303.0
394, 294.0, 123.0
395, 25.0, 241.0
396, 253.0, 12.0
397, 506.0, 115.0
398, 617.0, 471.0
399, 298.0, 209.0
400, 254.0, 458.0
401, 143.0, 423.0
402, 453.0, 143.0
403, 167.0, 282.0
404, 417.0, 343.0
405, 406.0, 303.0
406, 137.0, 389.0
407, 468.0, 321.0
408, 424.0, 275.0
409, 393.0, 50.0
410, 405.0, 199.0
411, 242.0, 301.0
412, 478.0, 12.0
413, 315.0, 284.0
414, 413.0, 168.0
415, 58.0, 27.0
416, 315.0, 33.0
417, 307.0, 47.0
418, 651.0, 129.0
419, 250.0, 219.0
420, 532.0, 363.0
421, 166.0, 65.0
422, 654.0, 223.0
423, 485.0, 426.0
424, 365.0, 40.0
425, 166.0, 338.0
426, 697.0, 189.0
427, 291.0, 69.0
428, 301.0, 374.0
429, 164.0, 292.0
430, 151.0, 168.0
431, 421.0, 351.0
432, 99.0, 55.0
433, 70.0, 38.0
434, 277.0, 257.0
435, 146.0, 139.0
436, 125.0, 285.0
437, 215.0, 33.0
438, 717.0, 137.0
439, 324.0, 234.0
440, 146.0, 29.0
441, 121.0, 270.0
442, 367.0, 171.0
443, 301.0, 406.0
444, 178.0, 426.0
445, 537.0, 325.0
446, 39.0, 28.0
447, 692.0, 56.0
448, 527.0, 130.0
449, 415.0, 441.0
450, 566.0, 316.0
451, 436.0, 384.0
452, 181.0, 217.0
453, 70.0, 138.0
454, 446.0, 349.0
455, 185.0, 336.0
456, 125.0, 49.0
457, 290.0, 302.0
458, 656.0, 106.0
459, 253.0, 352.0
460, 320.0, 423.0
461, 309.0, 111.0
462, 481.0, 241.0
463, 467.0, 95.0
464, 295.0, 351.0
465, 416.0, 136.0
466, 189.0, 56.0
467, 263.0, 190.0
468, 733.0, 100.0
469, 369.0, 427.0
470, 743.0, 470.0
471, 421.0, 285.0
472, 370.0, 62.0
473, 228.0, 247.0
474, 14.0, 217.0
475, 144.0, 123.0
476, 535.0, 97.0
477, 137.0, 401.0
478, 548.0, 145.0
479, 575.0, 471.0
480, 231.0, 437.0
481, 438.0, 457.0
482, 455.0, 298.0
483, 504.0, 402.0
484, 390.0, 452.0
485, 230.0, 301.0
486, 211.0, 222.0
487, 159.0, 264.0
488, 256.0, 297.0
489, 161.0, 318.0
490, 308.0, 256.0
491, 422.0, 303.0
492, 479.0, 23.0
493, 307.0, 350.0
494, 379.0, 164.0
495, 349.0, 393.0
496, 639.0, 471.0
497, 146.0, 238.0
498, 329.0, 188.0
499, 689.0, 135.0
