0, 367.0, 119.0
1, 472.0, 263.0
2, 262.0, 271.0
3, 533.0, 296.0
4, 92.0, 92.0
5, 486.0, 282.0
6, 355.0, 132.0
7, 594.0, 187.0
8, 210.0, 109.0
9, 391.0, 103.0
10, 296.0, 395.0
11, 581.0, 325.0
12, 690.0, 291.0
13, 273.0, 400.0
14, 338.0, 372.0
15, 490.0, 393.0
16, 705.0, 207.0
17, 540.0, 332.0
18, 190.0, 109.0
19, 671.0, 165.0
20, 662.0, 340.0
21, 680.0, 342.0
22, 170.0, 108.0
23, 366.0, 132.0
24, 579.0, 81.0
25, 314.0, 114.0
26, 300.0, 113.0
27, 460.0, 258.0
28, 163.0, 134.0
29, 386.0, 130.0
30, 348.0, 342.0
31, 136.0, 133.0
32, 468.0, 414.0
33, 285.0, 175.0
34, 127.0, 111.0
35, 639.0, 302.0
36, 176.0, 285.0
37, 269.0, 114.0
38, 599.0, 349.0
39, 467.0, 157.0
40, 463.0, 186.0
41, 640.0, 283.0
42, 355.0, 119.0
43, 555.0, 236.0
44, 473.0, 240.0
45, 162.0, 451.0
46, 365.0, 84.0
47, 650.0, 343.0
48, 564.0, 323.0
49, 436.0, 365.0
50, 435.0, 199.0
51, 440.0, 172.0
52, 146.0, 133.0
53, 490.0, 254.0
54, 681.0, 181.0
55, 314.0, 390.0
56, 409.0, 104.0
57, 469.0, 371.0
58, 705.0, 170.0
59, 460.0, 219.0
60, 159.0, 281.0
61, 509.0, 449.0
62, 359.0, 388.0
63, 509.0, 251.0
64, 462.0, 380.0
65, 383.0, 435.0
66, 345.0, 300.0
67, 579.0, 162.0
68, 494.0, 273.0
69, 692.0, 395.0
70, 496.0, 437.0
71, 609.0, 163.0
72, 138.0, 395.0
73, 507.0, 272.0
74, 145.0, 438.0
75, 733.0, 207.0
76, 289.0, 100.0
77, 318.0, 103.0
78, 671.0, 409.0
79, 395.0, 117.0
80, 188.0, 278.0
81, 510.0, 335.0
82, 317.0, 342.0
83, 505.0, 346.0
84, 667.0, 287.0
85, 386.0, 118.0
86, 351.0, 404.0
87, 96.0, 347.0
88, 528.0, 325.0
89, 670.0, 179.0
90, 189.0, 426.0
91, 245.0, 93.0
92, 259.0, 102.0
93, 285.0, 114.0
94, 558.0, 275.0
95, 328.0, 279.0
96, 585.0, 181.0
97, 139.0, 459.0
98, 573.0, 171.0
99, 460.0, 199.0
100, 480.0, 320.0
101, 299.0, 355.0
102, 466.0, 118.0
103, 497.0, 288.0
104, 641.0, 367.0
105, 350.0, 258.0
106, 145.0, 122.0
107, 441.0, 278.0
108, 619.0, 346.0
109, 51.0, 135.0
110, 338.0, 318.0
111, 532.0, 382.0
112, 191.0, 442.0
113, 492.0, 323.0
114, 255.0, 384.0
115, 125.0, 445.0
116, 181.0, 109.0
117, 727.0, 292.0
118, 724.0, 181.0
119, 461.0, 230.0
120, 327.0, 382.0
121, 571.0, 236.0
122, 609.0, 194.0
123, 411.0, 199.0
124, 218.0, 123.0
125, 339.0, 360.0
126, 514.0, 240.0
127, 430.0, 425.0
128, 698.0, 185.0
129, 330.0, 101.0
130, 560.0, 166.0
131, 672.0, 385.0
132, 382.0, 102.0
133, 355.0, 103.0
134, 477.0, 438.0
135, 344.0, 282.0
136, 410.0, 429.0
137, 307.0, 134.0
138, 638.0, 356.0
139, 480.0, 422.0
140, 546.0, 285.0
141, 188.0, 123.0
142, 685.0, 165.0
143, 537.0, 314.0
144, 326.0, 289.0
145, 559.0, 335.0
146, 107.0, 113.0
147, 452.0, 170.0
148, 636.0, 396.0
149, 426.0, 212.0
150, 315.0, 465.0
151, 300.0, 271.0
152, 628.0, 318.0
153, 572.0, 363.0
154, 593.0, 212.0
155, 637.0, 238.0
156, 567.0, 211.0
157, 274.0, 301.0
158, 251.0, 448.0
159, 559.0, 227.0
160, 642.0, 265.0
161, 248.0, 128.0
162, 442.0, 238.0
163, 455.0, 271.0
164, 252.0, 277.0
165, 490.0, 243.0
166, 281.0, 279.0
167, 484.0, 407.0
168, 36.0, 358.0
169, 680.0, 127.0
170, 313.0, 405.0
171, 450.0, 117.0
172, 124.0, 426.0
173, 538.0, 421.0
174, 342.0, 226.0
175, 278.0, 100.0
176, 155.0, 334.0
177, 83.0, 344.0
178, 424.0, 183.0
179, 492.0, 341.0
180, 592.0, 106.0
181, 240.0, 106.0
182, 452.0, 420.0
183, 150.0, 455.0
184, 430.0, 439.0
185, 657.0, 394.0
186, 458.0, 445.0
187, 423.0, 388.0
188, 208.0, 122.0
189, 651.0, 329.0
190, 692.0, 148.0
191, 127.0, 93.0
192, 218.0, 109.0
193, 739.0, 198.0
194, 468.0, 169.0
195, 532.0, 307.0
196, 537.0, 346.0
197, 690.0, 201.0
198, 609.0, 326.0
199, 708.0, 289.0
200, 523.0, 380.0
201, 610.0, 132.0
202, 276.0, 417.0
203, 626.0, 211.0
204, 642.0, 64.0
205, 577.0, 107.0
206, 359.0, 235.0
207, 320.0, 134.0
208, 549.0, 266.0
209, 709.0, 148.0
210, 462.0, 245.0
211, 213.0, 376.0
212, 474.0, 463.0
213, 672.0, 303.0
214, 416.0, 214.0
215, 327.0, 305.0
216, 375.0, 130.0
217, 701.0, 235.0
218, 358.0, 449.0
219, 160.0, 372.0
220, 299.0, 380.0
221, 376.0, 249.0
222, 508.0, 20.0
223, 181.0, 121.0
224, 615.0, 224.0
225, 154.0, 391.0
226, 275.0, 369.0
227, 194.0, 455.0
228, 148.0, 368.0
229, 438.0, 388.0
230, 204.0, 266.0
231, 135.0, 442.0
232, 716.0, 194.0
233, 312.0, 359.0
234, 363.0, 304.0
235, 595.0, 79.0
236, 371.0, 400.0
237, 268.0, 130.0
238, 674.0, 244.0
239, 368.0, 102.0
240, 511.0, 367.0
241, 104.0, 102.0
242, 462.0, 360.0
243, 378.0, 182.0
244, 235.0, 75.0
245, 340.0, 179.0
246, 507.0, 407.0
247, 111.0, 136.0
248, 459.0, 209.0
249, 525.0, 362.0
250, 45.0, 102.0
251, 483.0, 353.0
252, 160.0, 434.0
253, 447.0, 198.0
254, 500.0, 142.0
255, 597.0, 361.0
256, 653.0, 142.0
257, 339.0, 330.0
258, 694.0, 343.0
259, 549.0, 299.0
260, 349.0, 391.0
261, 451.0, 102.0
262, 128.0, 463.0
263, 183.0, 384.0
264, 167.0, 142.0
265, 719.0, 98.0
266, 390.0, 86.0
267, 362.0, 269.0
268, 282.0, 162.0
269, 247.0, 114.0
270, 564.0, 243.0
271, 113.0, 292.0
272, 358.0, 347.0
273, 179.0, 296.0
274, 82.0, 358.0
275, 675.0, 369.0
276, 19.0, 454.0
277, 384.0, 380.0
278, 614.0, 250.0
279, 742.0, 302.0
280, 667.0, 192.0
281, 362.0, 429.0
282, 360.0, 293.0
283, 708.0, 313.0
284, 194.0, 304.0
285, 642.0, 326.0
286, 688.0, 83.0
287, 216.0, 92.0
288, 620.0, 60.0
289, 463.0, 323.0
290, 461.0, 348.0
291, 471.0, 276.0
292, 330.0, 336.0
293, 187.0, 408.0
294, 33.0, 305.0
295, 339.0, 82.0
296, 590.0, 163.0
297, 597.0, 235.0
298, 507.0, 390.0
299, 501.0, 356.0
300, 253.0, 183.0
301, 581.0, 245.0
302, 271.0, 384.0
303, 463.0, 338.0
304, 45.0, 468.0
305, 724.0, 126.0
306, 680.0, 114.0
307, 619.0, 309.0
308, 166.0, 72.0
309, 422.0, 195.0
310, 426.0, 249.0
311, 50.0, 302.0
312, 247.0, 287.0
313, 301.0, 345.0
314, 150.0, 381.0
315, 274.0, 356.0
316, 558.0, 141.0
317, 499.0, 171.0
318, 436.0, 380.0
319, 270.0, 284.0
320, 113.0, 318.0
321, 521.0, 263.0
322, 397.0, 268.0
323, 78.0, 429.0
324, 611.0, 143.0
325, 163.0, 463.0
326, 166.0, 414.0
327, 172.0, 449.0
328, 632.0, 414.0
329, 633.0, 134.0
330, 333.0, 348.0
331, 259.0, 213.0
332, 380.0, 445.0
333, 460.0, 157.0
334, 158.0, 346.0
335, 275.0, 440.0
336, 260.0, 462.0
337, 626.0, 17.0
338, 676.0, 142.0
339, 738.0, 225.0
340, 743.0, 347.0
341, 658.0, 362.0
342, 139.0, 370.0
343, 548.0, 319.0
344, 290.0, 78.0
345, 416.0, 290.0
346, 351.0, 356.0
347, 149.0, 38.0
348, 42.0, 447.0
349, 339.0, 144.0
350, 449.0, 394.0
351, 429.0, 106.0
352, 409.0, 140.0
353, 267.0, 195.0
354, 28.0, 29.0
355, 320.0, 209.0
356, 175.0, 269.0
357, 139.0, 420.0
358, 459.0, 307.0
359, 532.0, 396.0
360, 141.0, 272.0
361, 192.0, 320.0
362, 494.0, 367.0
363, 376.0, 117.0
364, 678.0, 191.0
365, 597.0, 415.0
366, 396.0, 61.0
367, 428.0, 143.0
368, 259.0, 372.0
369, 262.0, 414.0
370, 503.0, 94.0
371, 110.0, 94.0
372, 667.0, 266.0
373, 178.0, 344.0
374, 234.0, 385.0
375, 397.0, 228.0
376, 448.0, 209.0
377, 248.0, 45.0
378, 353.0, 286.0
379, 261.0, 124.0
380, 410.0, 276.0
381, 511.0, 307.0
382, 80.0, 331.0
383, 581.0, 225.0
384, 547.0, 174.0
385, 452.0, 130.0
386, 555.0, 193.0
387, 26.0, 372.0
388, 210.0, 420.0
389, 507.0, 288.0
390, 228.0, 282.0
391, 117.0, 111.0
392, 213.0, 276.0
393, 298.0, 366.0
394, 458.0, 168.0
395, 112.0, 357.0
396, 582.0, 259.0
397, 523.0, 340.0
398, 450.0, 182.0
399, 246.0, 370.0
400, 112.0, 276.0
401, 542.0, 230.0
402, 484.0, 113.0
403, 343.0, 413.0
404, 555.0, 342.0
405, 597.0, 327.0
406, 115.0, 344.0
407, 322.0, 332.0
408, 128.0, 390.0
409, 289.0, 361.0
410, 476.0, 312.0
411, 236.0, 402.0
412, 20.0, 246.0
413, 527.0, 412.0
414, 531.0, 8.0
415, 340.0, 101.0
416, 87.0, 146.0
417, 225.0, 375.0
418, 293.0, 411.0
419, 740.0, 280.0
420, 274.0, 175.0
421, 331.0, 260.0
422, 722.0, 215.0
423, 621.0, 125.0
424, 239.0, 93.0
425, 449.0, 375.0
426, 538.0, 444.0
427, 386.0, 407.0
428, 683.0, 102.0
429, 697.0, 226.0
430, 192.0, 141.0
431, 587.0, 153.0
432, 562.0, 109.0
433, 267.0, 95.0
434, 451.0, 41.0
435, 70.0, 53.0
436, 214.0, 310.0
437, 248.0, 219.0
438, 405.0, 417.0
439, 248.0, 261.0
440, 432.0, 318.0
441, 507.0, 460.0
442, 611.0, 118.0
443, 60.0, 346.0
444, 50.0, 349.0
445, 628.0, 243.0
446, 366.0, 27.0
447, 155.0, 466.0
448, 514.0, 322.0
449, 564.0, 433.0
450, 141.0, 470.0
451, 480.0, 450.0
452, 576.0, 194.0
453, 216.0, 401.0
454, 165.0, 122.0
455, 439.0, 209.0
456, 577.0, 355.0
457, 320.0, 191.0
458, 493.0, 454.0
459, 531.0, 438.0
460, 231.0, 272.0
461, 300.0, 287.0
462, 204.0, 439.0
463, 221.0, 248.0
464, 217.0, 141.0
465, 528.0, 90.0
466, 449.0, 254.0
467, 343.0, 384.0
468, 465.0, 100.0
469, 233.0, 249.0
470, 662.0, 65.0
471, 599.0, 205.0
472, 261.0, 286.0
473, 259.0, 232.0
474, 174.0, 460.0
475, 63.0, 356.0
476, 413.0, 256.0
477, 286.0, 135.0
478, 245.0, 268.0
479, 477.0, 348.0
480, 395.0, 384.0
481, 688.0, 307.0
482, 479.0, 141.0
483, 170.0, 123.0
484, 317.0, 373.0
485, 217.0, 328.0
486, 230.0, 146.0
487, 331.0, 399.0
488, 14.0, 397.0
489, 596.0, 290.0
490, 155.0, 58.0
491, 16.0, 128.0
492, 432.0, 285.0
493, 557.0, 350.0
494, 335.0, 52.0
495, 424.0, 371.0
496, 595.0, 390.0
497, 29.0, 203.0
498, 387.0, 239.0
499, 432.0, 450.0
