0, 570.0, 165.0
1, 87.0, 84.0
2, 241.0, 336.0
3, 287.0, 157.0
4, 497.0, 176.0
5, 279.0, 111.0
6, 147.0, 144.0
7, 495.0, 191.0
8, 601.0, 186.0
9, 86.0, 71.0
10, 500.0, 159.0
11, 429.0, 104.0
12, 487.0, 424.0
13, 562.0, 132.0
14, 566.0, 182.0
15, 111.0, 131.0
16, 631.0, 206.0
17, 40.0, 133.0
18, 600.0, 229.0
19, 337.0, 112.0
20, 201.0, 149.0
21, 114.0, 193.0
22, 604.0, 168.0
23, 37.0, 115.0
24, 369.0, 220.0
25, 428.0, 116.0
26, 132.0, 125.0
27, 558.0, 461.0
28, 190.0, 160.0
29, 71.0, 118.0
30, 415.0, 112.0
31, 446.0, 29.0
32, 563.0, 195.0
33, 470.0, 186.0
34, 25.0, 189.0
35, 612.0, 177.0
36, 727.0, 180.0
37, 446.0, 217.0
38, 274.0, 121.0
39, 655.0, 152.0
40, 217.0, 150.0
41, 462.0, 283.0
42, 125.0, 151.0
43, 188.0, 148.0
44, 563.0, 325.0
45, 311.0, 150.0
46, 389.0, 69.0
47, 242.0, 370.0
48, 359.0, 55.0
49, 492.0, 284.0
50, 75.0, 136.0
51, 154.0, 93.0
52, 447.0, 120.0
53, 272.0, 146.0
54, 374.0, 286.0
55, 402.0, 447.0
56, 357.0, 163.0
57, 570.0, 293.0
58, 287.0, 173.0
59, 312.0, 25.0
60, 624.0, 195.0
61, 148.0, 251.0
62, 507.0, 324.0
63, 357.0, 180.0
64, 687.0, 243.0
65, 405.0, 417.0
66, 415.0, 102.0
67, 41.0, 167.0
68, 427.0, 171.0
69, 164.0, 427.0
70, 460.0, 225.0
71, 324.0, 112.0
72, 134.0, 135.0
73, 218.0, 163.0
74, 538.0, 236.0
75, 243.0, 403.0
76, 401.0, 58.0
77, 240.0, 299.0
78, 387.0, 216.0
79, 731.0, 306.0
80, 642.0, 113.0
81, 69.0, 85.0
82, 595.0, 237.0
83, 137.0, 153.0
84, 565.0, 431.0
85, 506.0, 220.0
86, 609.0, 35.0
87, 597.0, 197.0
88, 546.0, 230.0
89, 125.0, 460.0
90, 320.0, 367.0
91, 323.0, 440.0
92, 413.0, 351.0
93, 448.0, 105.0
94, 372.0, 319.0
95, 376.0, 78.0
96, 377.0, 68.0
97, 135.0, 143.0
98, 471.0, 174.0
99, 278.0, 21.0
100, 660.0, 115.0
101, 481.0, 453.0
102, 430.0, 153.0
103, 161.0, 396.0
104, 175.0, 146.0
105, 443.0, 186.0
106, 78.0, 154.0
107, 148.0, 160.0
108, 629.0, 173.0
109, 309.0, 117.0
110, 243.0, 434.0
111, 502.0, 142.0
112, 312.0, 42.0
113, 174.0, 79.0
114, 361.0, 197.0
115, 484.0, 330.0
116, 20.0, 165.0
117, 520.0, 143.0
118, 663.0, 104.0
119, 384.0, 98.0
120, 249.0, 66.0
121, 661.0, 178.0
122, 403.0, 117.0
123, 471.0, 126.0
124, 154.0, 462.0
125, 100.0, 86.0
126, 225.0, 100.0
127, 458.0, 29.0
128, 279.0, 38.0
129, 420.0, 211.0
130, 214.0, 183.0
131, 212.0, 91.0
132, 376.0, 88.0
133, 45.0, 360.0
134, 287.0, 146.0
135, 548.0, 133.0
136, 591.0, 330.0
137, 273.0, 12.0
138, 668.0, 241.0
139, 201.0, 100.0
140, 145.0, 124.0
141, 216.0, 140.0
142, 431.0, 213.0
143, 402.0, 210.0
144, 442.0, 63.0
145, 619.0, 219.0
146, 585.0, 183.0
147, 118.0, 123.0
148, 404.0, 25.0
149, 585.0, 166.0
150, 732.0, 167.0
151, 122.0, 141.0
152, 316.0, 311.0
153, 601.0, 293.0
154, 219.0, 84.0
155, 116.0, 115.0
156, 392.0, 157.0
157, 294.0, 91.0
158, 235.0, 200.0
159, 330.0, 307.0
160, 157.0, 363.0
161, 152.0, 109.0
162, 159.0, 127.0
163, 643.0, 81.0
164, 120.0, 132.0
165, 26.0, 133.0
166, 675.0, 209.0
167, 287.0, 428.0
168, 422.0, 277.0
169, 376.0, 180.0
170, 573.0, 399.0
171, 646.0, 103.0
172, 514.0, 286.0
173, 176.0, 158.0
174, 38.0, 151.0
175, 573.0, 132.0
176, 714.0, 256.0
177, 55.0, 410.0
178, 270.0, 259.0
179, 346.0, 121.0
180, 65.0, 98.0
181, 646.0, 229.0
182, 67.0, 345.0
183, 331.0, 269.0
184, 146.0, 135.0
185, 110.0, 52.0
186, 57.0, 305.0
187, 426.0, 185.0
188, 362.0, 189.0
189, 513.0, 92.0
190, 519.0, 193.0
191, 667.0, 93.0
192, 671.0, 128.0
193, 324.0, 410.0
194, 153.0, 328.0
195, 525.0, 221.0
196, 737.0, 257.0
197, 458.0, 314.0
198, 38.0, 423.0
199, 242.0, 167.0
200, 587.0, 146.0
201, 99.0, 72.0
202, 398.0, 132.0
203, 269.0, 275.0
204, 192.0, 89.0
205, 179.0, 366.0
206, 647.0, 93.0
207, 238.0, 260.0
208, 487.0, 68.0
209, 640.0, 183.0
210, 697.0, 466.0
211, 361.0, 20.0
212, 315.0, 16.0
213, 623.0, 143.0
214, 184.0, 430.0
215, 61.0, 317.0
216, 614.0, 230.0
217, 347.0, 109.0
218, 108.0, 175.0
219, 34.0, 100.0
220, 707.0, 157.0
221, 574.0, 119.0
222, 30.0, 399.0
223, 656.0, 132.0
224, 115.0, 157.0
225, 315.0, 277.0
226, 620.0, 209.0
227, 202.0, 161.0
228, 150.0, 76.0
229, 398.0, 193.0
230, 257.0, 400.0
231, 731.0, 155.0
232, 23.0, 441.0
233, 385.0, 87.0
234, 391.0, 310.0
235, 471.0, 23.0
236, 341.0, 366.0
237, 16.0, 261.0
238, 42.0, 341.0
239, 298.0, 383.0
240, 358.0, 229.0
241, 162.0, 145.0
242, 10.0, 450.0
243, 368.0, 462.0
244, 65.0, 67.0
245, 530.0, 71.0
246, 286.0, 276.0
247, 472.0, 232.0
248, 253.0, 8.0
249, 590.0, 136.0
250, 249.0, 77.0
251, 161.0, 137.0
252, 385.0, 339.0
253, 294.0, 119.0
254, 425.0, 313.0
255, 571.0, 75.0
256, 272.0, 46.0
257, 573.0, 148.0
258, 59.0, 26.0
259, 102.0, 29.0
260, 252.0, 273.0
261, 472.0, 216.0
262, 476.0, 140.0
263, 259.0, 247.0
264, 330.0, 368.0
265, 401.0, 101.0
266, 354.0, 219.0
267, 715.0, 131.0
268, 499.0, 360.0
269, 731.0, 196.0
270, 235.0, 145.0
271, 216.0, 132.0
272, 165.0, 165.0
273, 581.0, 365.0
274, 276.0, 90.0
275, 89.0, 97.0
276, 215.0, 100.0
277, 431.0, 143.0
278, 591.0, 117.0
279, 150.0, 291.0
280, 75.0, 392.0
281, 388.0, 59.0
282, 387.0, 206.0
283, 86.0, 439.0
284, 474.0, 224.0
285, 190.0, 416.0
286, 40.0, 205.0
287, 276.0, 455.0
288, 390.0, 233.0
289, 14.0, 145.0
290, 535.0, 36.0
291, 186.0, 39.0
292, 339.0, 460.0
293, 232.0, 44.0
294, 578.0, 40.0
295, 312.0, 141.0
296, 622.0, 186.0
297, 286.0, 415.0
298, 116.0, 151.0
299, 507.0, 434.0
300, 662.0, 82.0
301, 479.0, 106.0
302, 669.0, 438.0
303, 475.0, 149.0
304, 263.0, 319.0
305, 287.0, 137.0
306, 332.0, 228.0
307, 152.0, 446.0
308, 387.0, 79.0
309, 493.0, 27.0
310, 193.0, 82.0
311, 233.0, 118.0
312, 143.0, 109.0
313, 288.0, 248.0
314, 106.0, 104.0
315, 325.0, 378.0
316, 275.0, 396.0
317, 629.0, 123.0
318, 345.0, 208.0
319, 335.0, 95.0
320, 253.0, 295.0
321, 409.0, 381.0
322, 235.0, 86.0
323, 686.0, 393.0
324, 648.0, 470.0
325, 172.0, 129.0
326, 733.0, 100.0
327, 331.0, 388.0
328, 11.0, 64.0
329, 216.0, 123.0
330, 524.0, 111.0
331, 358.0, 153.0
332, 229.0, 85.0
333, 328.0, 344.0
334, 287.0, 380.0
335, 502.0, 375.0
336, 596.0, 42.0
337, 473.0, 158.0
338, 510.0, 101.0
339, 311.0, 159.0
340, 245.0, 452.0
341, 61.0, 329.0
342, 174.0, 138.0
343, 633.0, 142.0
344, 694.0, 259.0
345, 630.0, 185.0
346, 380.0, 188.0
347, 272.0, 134.0
348, 146.0, 214.0
349, 187.0, 139.0
350, 594.0, 243.0
351, 355.0, 130.0
352, 398.0, 465.0
353, 136.0, 206.0
354, 45.0, 217.0
355, 41.0, 191.0
356, 483.0, 471.0
357, 478.0, 308.0
358, 201.0, 138.0
359, 249.0, 55.0
360, 187.0, 130.0
361, 341.0, 380.0
362, 251.0, 146.0
363, 470.0, 165.0
364, 639.0, 196.0
365, 675.0, 34.0
366, 114.0, 140.0
367, 485.0, 220.0
368, 583.0, 200.0
369, 291.0, 398.0
370, 244.0, 76.0
371, 533.0, 136.0
372, 357.0, 144.0
373, 232.0, 164.0
374, 592.0, 205.0
375, 514.0, 81.0
376, 27.0, 94.0
377, 614.0, 256.0
378, 367.0, 249.0
379, 431.0, 384.0
380, 627.0, 163.0
381, 262.0, 454.0
382, 560.0, 446.0
383, 28.0, 373.0
384, 487.0, 32.0
385, 169.0, 447.0
386, 536.0, 452.0
387, 434.0, 136.0
388, 481.0, 196.0
389, 291.0, 111.0
390, 532.0, 424.0
391, 239.0, 152.0
392, 403.0, 20.0
393, 330.0, 404.0
394, 107.0, 33.0
395, 355.0, 204.0
396, 51.0, 116.0
397, 332.0, 249.0
398, 164.0, 157.0
399, 190.0, 97.0
400, 318.0, 386.0
401, 175.0, 446.0
402, 111.0, 308.0
403, 12.0, 131.0
404, 110.0, 62.0
405, 107.0, 72.0
406, 115.0, 52.0
407, 174.0, 95.0
408, 314.0, 50.0
409, 272.0, 156.0
410, 20.0, 108.0
411, 62.0, 196.0
412, 262.0, 391.0
413, 135.0, 191.0
414, 42.0, 196.0
415, 576.0, 127.0
416, 139.0, 169.0
417, 216.0, 173.0
418, 634.0, 122.0
419, 242.0, 219.0
420, 266.0, 296.0
421, 517.0, 369.0
422, 496.0, 407.0
423, 251.0, 258.0
424, 360.0, 101.0
425, 244.0, 55.0
426, 336.0, 435.0
427, 667.0, 154.0
428, 528.0, 136.0
429, 13.0, 82.0
430, 352.0, 96.0
431, 183.0, 96.0
432, 114.0, 42.0
433, 586.0, 158.0
434, 707.0, 76.0
435, 517.0, 73.0
436, 212.0, 112.0
437, 579.0, 146.0
438, 308.0, 351.0
439, 112.0, 69.0
440, 680.0, 19.0
441, 46.0, 273.0
442, 116.0, 63.0
443, 652.0, 83.0
444, 665.0, 417.0
445, 736.0, 134.0
446, 224.0, 8.0
447, 234.0, 131.0
448, 717.0, 88.0
449, 592.0, 279.0
450, 107.0, 41.0
451, 293.0, 456.0
452, 62.0, 256.0
453, 148.0, 285.0
454, 718.0, 69.0
455, 617.0, 164.0
456, 444.0, 349.0
457, 391.0, 167.0
458, 101.0, 101.0
459, 240.0, 281.0
460, 224.0, 111.0
461, 344.0, 226.0
462, 141.0, 206.0
463, 242.0, 273.0
464, 213.0, 228.0
465, 248.0, 48.0
466, 516.0, 102.0
467, 514.0, 449.0
468, 414.0, 313.0
469, 16.0, 382.0
470, 345.0, 96.0
471, 182.0, 169.0
472, 652.0, 93.0
473, 188.0, 393.0
474, 253.0, 170.0
475, 706.0, 87.0
476, 666.0, 159.0
477, 237.0, 218.0
478, 31.0, 295.0
479, 41.0, 250.0
480, 219.0, 200.0
481, 272.0, 435.0
482, 327.0, 95.0
483, 359.0, 417.0
484, 156.0, 376.0
485, 721.0, 231.0
486, 389.0, 291.0
487, 712.0, 179.0
488, 607.0, 264.0
489, 394.0, 145.0
490, 103.0, 112.0
491, 39.0, 334.0
492, 561.0, 205.0
493, 352.0, 91.0
494, 192.0, 108.0
495, 92.0, 208.0
496, 312.0, 136.0
497, 593.0, 248.0
498, 361.0, 15.0
499, 511.0, 168.0
