0, 254.0, 353.0
1, 226.0, 243.0
2, 450.0, 285.0
3, 362.0, 305.0
4, 167.0, 202.0
5, 202.0, 207.0
6, 292.0, 201.0
7, 304.0, 201.0
8, 274.0, 229.0
9, 478.0, 38.0
10, 419.0, 188.0
11, 596.0, 427.0
12, 284.0, 26.0
13, 440.0, 273.0
14, 315.0, 246.0
15, 304.0, 218.0
16, 517.0, 28.0
17, 181.0, 202.0
18, 566.0, 364.0
19, 71.0, 282.0
20, 479.0, 28.0
21, 218.0, 232.0
22, 335.0, 231.0
23, 276.0, 147.0
24, 203.0, 219.0
25, 208.0, 190.0
26, 492.0, 213.0
27, 569.0, 163.0
28, 295.0, 368.0
29, 135.0, 283.0
30, 376.0, 304.0
31, 530.0, 294.0
32, 415.0, 17.0
33, 138.0, 333.0
34, 414.0, 27.0
35, 448.0, 306.0
36, 254.0, 254.0
37, 376.0, 282.0
38, 447.0, 380.0
39, 621.0, 402.0
40, 558.0, 160.0
41, 413.0, 295.0
42, 495.0, 294.0
43, 445.0, 33.0
44, 481.0, 200.0
45, 607.0, 384.0
46, 112.0, 360.0
47, 499.0, 267.0
48, 434.0, 188.0
49, 74.0, 342.0
50, 433.0, 205.0
51, 538.0, 49.0
52, 595.0, 404.0
53, 474.0, 223.0
54, 607.0, 359.0
55, 460.0, 306.0
56, 434.0, 319.0
57, 539.0, 430.0
58, 463.0, 173.0
59, 78.0, 16.0
60, 342.0, 203.0
61, 186.0, 289.0
62, 296.0, 427.0
63, 362.0, 207.0
64, 83.0, 185.0
65, 223.0, 17.0
66, 154.0, 26.0
67, 539.0, 267.0
68, 448.0, 173.0
69, 511.0, 309.0
70, 104.0, 234.0
71, 457.0, 294.0
72, 453.0, 240.0
73, 391.0, 17.0
74, 100.0, 291.0
75, 332.0, 169.0
76, 431.0, 219.0
77, 136.0, 234.0
78, 436.0, 159.0
79, 265.0, 367.0
80, 513.0, 268.0
81, 477.0, 49.0
82, 398.0, 283.0
83, 16.0, 18.0
84, 193.0, 279.0
85, 601.0, 410.0
86, 378.0, 269.0
87, 369.0, 356.0
88, 342.0, 18.0
89, 351.0, 168.0
90, 391.0, 410.0
91, 250.0, 181.0
92, 279.0, 353.0
93, 644.0, 311.0
94, 98.0, 206.0
95, 465.0, 212.0
96, 189.0, 165.0
97, 485.0, 305.0
98, 430.0, 258.0
99, 386.0, 233.0
100, 630.0, 296.0
101, 555.0, 17.0
102, 309.0, 262.0
103, 459.0, 249.0
104, 128.0, 139.0
105, 624.0, 442.0
106, 342.0, 266.0
107, 254.0, 146.0
108, 302.0, 134.0
109, 445.0, 225.0
110, 553.0, 49.0
111, 99.0, 23.0
112, 482.0, 274.0
113, 145.0, 26.0
114, 315.0, 82.0
115, 125.0, 175.0
116, 249.0, 363.0
117, 401.0, 326.0
118, 39.0, 210.0
119, 423.0, 324.0
120, 524.0, 286.0
121, 586.0, 357.0
122, 598.0, 391.0
123, 364.0, 283.0
124, 377.0, 362.0
125, 628.0, 411.0
126, 274.0, 241.0
127, 415.0, 159.0
128, 615.0, 394.0
129, 501.0, 304.0
130, 546.0, 18.0
131, 485.0, 173.0
132, 508.0, 112.0
133, 373.0, 234.0
134, 156.0, 36.0
135, 435.0, 170.0
136, 447.0, 320.0
137, 484.0, 416.0
138, 175.0, 279.0
139, 523.0, 333.0
140, 398.0, 388.0
141, 227.0, 196.0
142, 317.0, 218.0
143, 142.0, 364.0
144, 166.0, 131.0
145, 137.0, 171.0
146, 150.0, 287.0
147, 346.0, 372.0
148, 335.0, 247.0
149, 512.0, 453.0
150, 111.0, 432.0
151, 324.0, 247.0
152, 190.0, 185.0
153, 281.0, 187.0
154, 588.0, 443.0
155, 54.0, 18.0
156, 180.0, 189.0
157, 59.0, 430.0
158, 124.0, 417.0
159, 158.0, 46.0
160, 291.0, 404.0
161, 331.0, 82.0
162, 244.0, 387.0
163, 76.0, 355.0
164, 27.0, 284.0
165, 270.0, 27.0
166, 76.0, 251.0
167, 429.0, 285.0
168, 536.0, 357.0
169, 509.0, 254.0
170, 514.0, 49.0
171, 537.0, 334.0
172, 623.0, 153.0
173, 562.0, 38.0
174, 129.0, 126.0
175, 52.0, 286.0
176, 454.0, 413.0
177, 383.0, 152.0
178, 126.0, 35.0
179, 199.0, 242.0
180, 162.0, 250.0
181, 591.0, 419.0
182, 538.0, 378.0
183, 330.0, 115.0
184, 343.0, 258.0
185, 370.0, 42.0
186, 458.0, 146.0
187, 414.0, 128.0
188, 579.0, 471.0
189, 362.0, 217.0
190, 562.0, 379.0
191, 169.0, 36.0
192, 214.0, 240.0
193, 562.0, 236.0
194, 350.0, 232.0
195, 245.0, 17.0
196, 516.0, 39.0
197, 329.0, 42.0
198, 572.0, 132.0
199, 42.0, 291.0
200, 504.0, 247.0
201, 381.0, 260.0
202, 238.0, 190.0
203, 438.0, 146.0
204, 424.0, 435.0
205, 531.0, 455.0
206, 181.0, 398.0
207, 514.0, 331.0
208, 559.0, 320.0
209, 142.0, 313.0
210, 314.0, 370.0
211, 172.0, 16.0
212, 352.0, 204.0
213, 149.0, 166.0
214, 437.0, 285.0
215, 198.0, 182.0
216, 142.0, 302.0
217, 257.0, 271.0
218, 498.0, 468.0
219, 568.0, 455.0
220, 587.0, 341.0
221, 75.0, 214.0
222, 511.0, 90.0
223, 247.0, 217.0
224, 121.0, 234.0
225, 565.0, 18.0
226, 581.0, 249.0
227, 653.0, 288.0
228, 537.0, 79.0
229, 378.0, 388.0
230, 141.0, 124.0
231, 146.0, 36.0
232, 14.0, 231.0
233, 283.0, 318.0
234, 504.0, 460.0
235, 510.0, 426.0
236, 575.0, 341.0
237, 160.0, 164.0
238, 577.0, 390.0
239, 354.0, 194.0
240, 316.0, 168.0
241, 329.0, 264.0
242, 111.0, 179.0
243, 425.0, 16.0
244, 30.0, 17.0
245, 118.0, 142.0
246, 180.0, 230.0
247, 323.0, 238.0
248, 436.0, 41.0
249, 134.0, 271.0
250, 392.0, 257.0
251, 596.0, 341.0
252, 88.0, 287.0
253, 698.0, 88.0
254, 611.0, 343.0
255, 377.0, 197.0
256, 50.0, 304.0
257, 514.0, 383.0
258, 497.0, 286.0
259, 547.0, 222.0
260, 171.0, 358.0
261, 394.0, 207.0
262, 283.0, 9.0
263, 609.0, 351.0
264, 125.0, 47.0
265, 47.0, 447.0
266, 120.0, 307.0
267, 243.0, 199.0
268, 558.0, 364.0
269, 594.0, 349.0
270, 164.0, 269.0
271, 251.0, 333.0
272, 457.0, 264.0
273, 14.0, 326.0
274, 483.0, 287.0
275, 533.0, 25.0
276, 668.0, 168.0
277, 414.0, 284.0
278, 302.0, 232.0
279, 250.0, 402.0
280, 586.0, 165.0
281, 395.0, 303.0
282, 156.0, 366.0
283, 170.0, 57.0
284, 150.0, 296.0
285, 477.0, 322.0
286, 456.0, 33.0
287, 476.0, 212.0
288, 560.0, 110.0
289, 288.0, 42.0
290, 277.0, 426.0
291, 615.0, 325.0
292, 652.0, 208.0
293, 480.0, 17.0
294, 145.0, 137.0
295, 72.0, 293.0
296, 168.0, 221.0
297, 138.0, 260.0
298, 188.0, 220.0
299, 405.0, 183.0
300, 269.0, 16.0
301, 554.0, 282.0
302, 45.0, 196.0
303, 487.0, 226.0
304, 602.0, 376.0
305, 567.0, 348.0
306, 425.0, 373.0
307, 170.0, 160.0
308, 221.0, 391.0
309, 350.0, 357.0
310, 467.0, 200.0
311, 257.0, 217.0
312, 484.0, 324.0
313, 496.0, 180.0
314, 185.0, 155.0
315, 243.0, 167.0
316, 363.0, 247.0
317, 379.0, 327.0
318, 228.0, 232.0
319, 214.0, 257.0
320, 554.0, 455.0
321, 504.0, 389.0
322, 728.0, 90.0
323, 343.0, 408.0
324, 415.0, 271.0
325, 117.0, 26.0
326, 549.0, 308.0
327, 524.0, 470.0
328, 200.0, 39.0
329, 136.0, 293.0
330, 677.0, 199.0
331, 261.0, 124.0
332, 428.0, 270.0
333, 218.0, 421.0
334, 75.0, 233.0
335, 447.0, 332.0
336, 199.0, 19.0
337, 122.0, 16.0
338, 299.0, 254.0
339, 549.0, 419.0
340, 564.0, 90.0
341, 556.0, 371.0
342, 493.0, 90.0
343, 573.0, 372.0
344, 386.0, 200.0
345, 101.0, 314.0
346, 367.0, 167.0
347, 50.0, 218.0
348, 467.0, 319.0
349, 501.0, 405.0
350, 202.0, 256.0
351, 113.0, 351.0
352, 429.0, 26.0
353, 558.0, 355.0
354, 512.0, 76.0
355, 407.0, 208.0
356, 554.0, 39.0
357, 547.0, 330.0
358, 395.0, 434.0
359, 147.0, 391.0
360, 67.0, 193.0
361, 363.0, 195.0
362, 256.0, 168.0
363, 164.0, 121.0
364, 145.0, 273.0
365, 591.0, 49.0
366, 411.0, 41.0
367, 559.0, 260.0
368, 157.0, 420.0
369, 694.0, 102.0
370, 477.0, 456.0
371, 56.0, 232.0
372, 20.0, 99.0
373, 577.0, 39.0
374, 611.0, 426.0
375, 270.0, 262.0
376, 315.0, 360.0
377, 358.0, 272.0
378, 234.0, 422.0
379, 426.0, 293.0
380, 486.0, 471.0
381, 140.0, 344.0
382, 290.0, 210.0
383, 173.0, 27.0
384, 740.0, 299.0
385, 283.0, 240.0
386, 346.0, 392.0
387, 613.0, 334.0
388, 295.0, 237.0
389, 349.0, 347.0
390, 566.0, 389.0
391, 540.0, 461.0
392, 156.0, 317.0
393, 213.0, 349.0
394, 548.0, 98.0
395, 295.0, 167.0
396, 462.0, 334.0
397, 242.0, 239.0
398, 203.0, 399.0
399, 217.0, 180.0
400, 116.0, 273.0
401, 227.0, 401.0
402, 551.0, 408.0
403, 307.0, 340.0
404, 491.0, 246.0
405, 142.0, 353.0
406, 712.0, 180.0
407, 697.0, 184.0
408, 82.0, 132.0
409, 633.0, 426.0
410, 66.0, 324.0
411, 350.0, 430.0
412, 604.0, 367.0
413, 554.0, 379.0
414, 564.0, 372.0
415, 363.0, 228.0
416, 374.0, 253.0
417, 503.0, 16.0
418, 545.0, 302.0
419, 279.0, 272.0
420, 602.0, 458.0
421, 54.0, 225.0
422, 236.0, 214.0
423, 538.0, 38.0
424, 274.0, 251.0
425, 354.0, 22.0
426, 658.0, 270.0
427, 171.0, 399.0
428, 482.0, 90.0
429, 579.0, 380.0
430, 279.0, 403.0
431, 340.0, 219.0
432, 89.0, 273.0
433, 54.0, 266.0
434, 252.0, 239.0
435, 88.0, 361.0
436, 564.0, 401.0
437, 76.0, 37.0
438, 181.0, 408.0
439, 529.0, 302.0
440, 444.0, 233.0
441, 180.0, 247.0
442, 93.0, 183.0
443, 373.0, 432.0
444, 140.0, 36.0
445, 329.0, 218.0
446, 426.0, 306.0
447, 571.0, 380.0
448, 414.0, 171.0
449, 263.0, 349.0
450, 361.0, 357.0
451, 535.0, 92.0
452, 530.0, 348.0
453, 376.0, 409.0
454, 272.0, 201.0
455, 91.0, 351.0
456, 359.0, 369.0
457, 550.0, 363.0
458, 256.0, 385.0
459, 227.0, 348.0
460, 552.0, 443.0
461, 542.0, 400.0
462, 234.0, 408.0
463, 352.0, 223.0
464, 541.0, 407.0
465, 525.0, 276.0
466, 481.0, 111.0
467, 571.0, 306.0
468, 225.0, 315.0
469, 658.0, 19.0
470, 320.0, 328.0
471, 301.0, 20.0
472, 155.0, 16.0
473, 312.0, 231.0
474, 430.0, 239.0
475, 42.0, 103.0
476, 457.0, 164.0
477, 117.0, 294.0
478, 56.0, 323.0
479, 499.0, 147.0
480, 389.0, 35.0
481, 265.0, 222.0
482, 162.0, 310.0
483, 211.0, 199.0
484, 329.0, 371.0
485, 580.0, 350.0
486, 313.0, 37.0
487, 527.0, 419.0
488, 351.0, 248.0
489, 463.0, 17.0
490, 415.0, 145.0
491, 324.0, 229.0
492, 513.0, 353.0
493, 294.0, 218.0
494, 376.0, 210.0
495, 28.0, 136.0
496, 494.0, 23.0
497, 532.0, 110.0
498, 88.0, 17.0
499, 316.0, 127.0
