0, 440.0, 307.0
1, 455.0, 56.0
2, 242.0, 395.0
3, 216.0, 257.0
4, 307.0, 260.0
5, 159.0, 283.0
6, 254.0, 265.0
7, 507.0, 343.0
8, 507.0, 291.0
9, 469.0, 348.0
10, 356.0, 329.0
11, 454.0, 66.0
12, 362.0, 386.0
13, 426.0, 51.0
14, 196.0, 272.0
15, 658.0, 458.0
16, 270.0, 131.0
17, 456.0, 36.0
18, 231.0, 165.0
19, 327.0, 289.0
20, 131.0, 147.0
21, 418.0, 34.0
22, 272.0, 221.0
23, 523.0, 38.0
24, 345.0, 17.0
25, 552.0, 335.0
26, 151.0, 382.0
27, 355.0, 434.0
28, 285.0, 221.0
29, 455.0, 46.0
30, 175.0, 242.0
31, 492.0, 48.0
32, 319.0, 254.0
33, 406.0, 43.0
34, 201.0, 217.0
35, 476.0, 196.0
36, 269.0, 392.0
37, 416.0, 238.0
38, 539.0, 178.0
39, 432.0, 254.0
40, 114.0, 311.0
41, 443.0, 164.0
42, 546.0, 59.0
43, 151.0, 225.0
44, 310.0, 98.0
45, 348.0, 216.0
46, 135.0, 320.0
47, 434.0, 160.0
48, 345.0, 34.0
49, 174.0, 229.0
50, 257.0, 38.0
51, 191.0, 28.0
52, 349.0, 132.0
53, 354.0, 467.0
54, 140.0, 435.0
55, 117.0, 35.0
56, 64.0, 267.0
57, 100.0, 190.0
58, 526.0, 69.0
59, 130.0, 136.0
60, 59.0, 423.0
61, 255.0, 253.0
62, 251.0, 287.0
63, 256.0, 276.0
64, 589.0, 379.0
65, 490.0, 67.0
66, 180.0, 211.0
67, 136.0, 177.0
68, 214.0, 211.0
69, 422.0, 164.0
70, 293.0, 287.0
71, 201.0, 12.0
72, 391.0, 43.0
73, 482.0, 267.0
74, 491.0, 57.0
75, 460.0, 214.0
76, 428.0, 24.0
77, 426.0, 369.0
78, 85.0, 44.0
79, 326.0, 223.0
80, 174.0, 351.0
81, 350.0, 59.0
82, 309.0, 250.0
83, 122.0, 434.0
84, 282.0, 152.0
85, 482.0, 350.0
86, 203.0, 28.0
87, 439.0, 328.0
88, 320.0, 269.0
89, 312.0, 186.0
90, 255.0, 165.0
91, 136.0, 25.0
92, 506.0, 108.0
93, 144.0, 313.0
94, 502.0, 329.0
95, 43.0, 23.0
96, 399.0, 146.0
97, 347.0, 238.0
98, 402.0, 318.0
99, 213.0, 297.0
100, 437.0, 343.0
101, 568.0, 184.0
102, 331.0, 241.0
103, 313.0, 363.0
104, 510.0, 57.0
105, 365.0, 305.0
106, 338.0, 214.0
107, 294.0, 98.0
108, 284.0, 239.0
109, 212.0, 236.0
110, 348.0, 228.0
111, 369.0, 331.0
112, 325.0, 408.0
113, 90.0, 157.0
114, 100.0, 267.0
115, 86.0, 422.0
116, 450.0, 194.0
117, 258.0, 435.0
118, 299.0, 269.0
119, 407.0, 33.0
120, 481.0, 127.0
121, 598.0, 389.0
122, 138.0, 36.0
123, 717.0, 165.0
124, 414.0, 348.0
125, 256.0, 21.0
126, 253.0, 139.0
127, 355.0, 453.0
128, 626.0, 470.0
129, 509.0, 67.0
130, 728.0, 218.0
131, 388.0, 306.0
132, 421.0, 186.0
133, 405.0, 56.0
134, 242.0, 29.0
135, 122.0, 232.0
136, 110.0, 302.0
137, 133.0, 223.0
138, 597.0, 171.0
139, 416.0, 43.0
140, 271.0, 352.0
141, 307.0, 407.0
142, 123.0, 422.0
143, 337.0, 224.0
144, 106.0, 34.0
145, 264.0, 265.0
146, 240.0, 286.0
147, 31.0, 23.0
148, 418.0, 224.0
149, 438.0, 24.0
150, 84.0, 267.0
151, 238.0, 373.0
152, 522.0, 470.0
153, 135.0, 402.0
154, 432.0, 439.0
155, 277.0, 260.0
156, 365.0, 428.0
157, 354.0, 421.0
158, 550.0, 181.0
159, 418.0, 355.0
160, 260.0, 206.0
161, 348.0, 269.0
162, 677.0, 266.0
163, 169.0, 201.0
164, 616.0, 428.0
165, 379.0, 279.0
166, 523.0, 313.0
167, 546.0, 329.0
168, 400.0, 187.0
169, 407.0, 24.0
170, 373.0, 422.0
171, 562.0, 69.0
172, 308.0, 269.0
173, 472.0, 228.0
174, 427.0, 307.0
175, 421.0, 280.0
176, 40.0, 429.0
177, 453.0, 441.0
178, 682.0, 157.0
179, 435.0, 193.0
180, 455.0, 105.0
181, 236.0, 209.0
182, 163.0, 228.0
183, 158.0, 183.0
184, 461.0, 230.0
185, 714.0, 432.0
186, 237.0, 407.0
187, 526.0, 285.0
188, 108.0, 154.0
189, 363.0, 217.0
190, 366.0, 292.0
191, 465.0, 95.0
192, 114.0, 185.0
193, 679.0, 107.0
194, 447.0, 212.0
195, 674.0, 203.0
196, 288.0, 402.0
197, 335.0, 254.0
198, 263.0, 420.0
199, 69.0, 201.0
200, 55.0, 231.0
201, 396.0, 347.0
202, 155.0, 322.0
203, 348.0, 185.0
204, 473.0, 308.0
205, 533.0, 39.0
206, 38.0, 415.0
207, 529.0, 126.0
208, 643.0, 231.0
209, 419.0, 205.0
210, 420.0, 176.0
211, 298.0, 466.0
212, 444.0, 409.0
213, 38.0, 209.0
214, 165.0, 28.0
215, 108.0, 45.0
216, 300.0, 239.0
217, 363.0, 238.0
218, 296.0, 186.0
219, 33.0, 34.0
220, 379.0, 342.0
221, 719.0, 424.0
222, 723.0, 415.0
223, 483.0, 107.0
224, 216.0, 28.0
225, 494.0, 290.0
226, 448.0, 234.0
227, 391.0, 321.0
228, 401.0, 164.0
229, 336.0, 421.0
230, 319.0, 33.0
231, 284.0, 255.0
232, 188.0, 12.0
233, 45.0, 34.0
234, 422.0, 12.0
235, 118.0, 24.0
236, 187.0, 315.0
237, 457.0, 454.0
238, 460.0, 420.0
239, 150.0, 257.0
240, 505.0, 45.0
241, 471.0, 294.0
242, 485.0, 287.0
243, 565.0, 466.0
244, 296.0, 254.0
245, 237.0, 241.0
246, 525.0, 23.0
247, 673.0, 142.0
248, 412.0, 383.0
249, 429.0, 295.0
250, 741.0, 382.0
251, 349.0, 250.0
252, 120.0, 55.0
253, 78.0, 160.0
254, 229.0, 388.0
255, 665.0, 468.0
256, 282.0, 285.0
257, 336.0, 269.0
258, 226.0, 268.0
259, 217.0, 184.0
260, 366.0, 177.0
261, 300.0, 395.0
262, 413.0, 468.0
263, 151.0, 211.0
264, 482.0, 322.0
265, 432.0, 244.0
266, 516.0, 113.0
267, 395.0, 420.0
268, 646.0, 141.0
269, 372.0, 254.0
270, 165.0, 316.0
271, 514.0, 37.0
272, 459.0, 245.0
273, 332.0, 185.0
274, 442.0, 364.0
275, 380.0, 226.0
276, 226.0, 200.0
277, 308.0, 419.0
278, 556.0, 363.0
279, 642.0, 186.0
280, 311.0, 213.0
281, 437.0, 52.0
282, 521.0, 299.0
283, 119.0, 46.0
284, 670.0, 119.0
285, 126.0, 182.0
286, 419.0, 22.0
287, 252.0, 402.0
288, 309.0, 58.0
289, 266.0, 57.0
290, 566.0, 366.0
291, 489.0, 359.0
292, 563.0, 58.0
293, 488.0, 94.0
294, 116.0, 149.0
295, 543.0, 300.0
296, 496.0, 314.0
297, 310.0, 132.0
298, 716.0, 187.0
299, 295.0, 129.0
300, 81.0, 23.0
301, 239.0, 142.0
302, 424.0, 342.0
303, 372.0, 453.0
304, 477.0, 35.0
305, 528.0, 59.0
306, 85.0, 433.0
307, 356.0, 311.0
308, 396.0, 379.0
309, 364.0, 169.0
310, 392.0, 33.0
311, 161.0, 206.0
312, 294.0, 31.0
313, 208.0, 263.0
314, 86.0, 58.0
315, 368.0, 282.0
316, 398.0, 454.0
317, 552.0, 467.0
318, 168.0, 49.0
319, 85.0, 195.0
320, 495.0, 267.0
321, 246.0, 245.0
322, 663.0, 220.0
323, 374.0, 392.0
324, 448.0, 423.0
325, 501.0, 275.0
326, 159.0, 244.0
327, 359.0, 255.0
328, 212.0, 226.0
329, 282.0, 139.0
330, 316.0, 43.0
331, 135.0, 46.0
332, 464.0, 327.0
333, 374.0, 359.0
334, 522.0, 48.0
335, 370.0, 316.0
336, 188.0, 184.0
337, 180.0, 420.0
338, 176.0, 323.0
339, 298.0, 375.0
340, 395.0, 398.0
341, 308.0, 393.0
342, 509.0, 17.0
343, 711.0, 441.0
344, 707.0, 449.0
345, 77.0, 44.0
346, 197.0, 435.0
347, 513.0, 336.0
348, 394.0, 228.0
349, 400.0, 177.0
350, 530.0, 328.0
351, 54.0, 30.0
352, 211.0, 469.0
353, 420.0, 454.0
354, 326.0, 232.0
355, 633.0, 430.0
356, 101.0, 45.0
357, 363.0, 446.0
358, 710.0, 149.0
359, 242.0, 40.0
360, 397.0, 357.0
361, 420.0, 402.0
362, 281.0, 185.0
363, 256.0, 378.0
364, 227.0, 240.0
365, 201.0, 294.0
366, 390.0, 202.0
367, 417.0, 58.0
368, 371.0, 343.0
369, 176.0, 395.0
370, 81.0, 253.0
371, 264.0, 304.0
372, 441.0, 12.0
373, 207.0, 449.0
374, 548.0, 397.0
375, 545.0, 155.0
376, 482.0, 331.0
377, 466.0, 106.0
378, 240.0, 269.0
379, 403.0, 306.0
380, 215.0, 389.0
381, 343.0, 324.0
382, 572.0, 429.0
383, 559.0, 322.0
384, 355.0, 154.0
385, 152.0, 37.0
386, 242.0, 199.0
387, 180.0, 280.0
388, 243.0, 303.0
389, 137.0, 68.0
390, 368.0, 33.0
391, 391.0, 332.0
392, 393.0, 60.0
393, 550.0, 255.0
394, 481.0, 309.0
395, 455.0, 125.0
396, 419.0, 308.0
397, 551.0, 437.0
398, 386.0, 454.0
399, 432.0, 387.0
400, 464.0, 187.0
401, 655.0, 106.0
402, 352.0, 291.0
403, 251.0, 389.0
404, 211.0, 352.0
405, 477.0, 247.0
406, 56.0, 435.0
407, 370.0, 220.0
408, 416.0, 330.0
409, 543.0, 147.0
410, 28.0, 242.0
411, 570.0, 269.0
412, 387.0, 143.0
413, 285.0, 420.0
414, 130.0, 56.0
415, 418.0, 255.0
416, 473.0, 264.0
417, 403.0, 206.0
418, 126.0, 35.0
419, 524.0, 365.0
420, 223.0, 56.0
421, 418.0, 291.0
422, 319.0, 15.0
423, 451.0, 348.0
424, 651.0, 119.0
425, 92.0, 143.0
426, 49.0, 206.0
427, 8.0, 43.0
428, 649.0, 449.0
429, 75.0, 34.0
430, 532.0, 238.0
431, 18.0, 218.0
432, 511.0, 95.0
433, 363.0, 186.0
434, 146.0, 369.0
435, 189.0, 199.0
436, 120.0, 317.0
437, 406.0, 293.0
438, 252.0, 453.0
439, 378.0, 172.0
440, 250.0, 223.0
441, 37.0, 151.0
442, 257.0, 150.0
443, 118.0, 137.0
444, 445.0, 287.0
445, 289.0, 466.0
446, 533.0, 107.0
447, 249.0, 277.0
448, 183.0, 291.0
449, 370.0, 71.0
450, 198.0, 230.0
451, 617.0, 42.0
452, 123.0, 301.0
453, 442.0, 188.0
454, 355.0, 142.0
455, 242.0, 8.0
456, 212.0, 278.0
457, 59.0, 243.0
458, 32.0, 267.0
459, 687.0, 199.0
460, 154.0, 172.0
461, 207.0, 285.0
462, 169.0, 471.0
463, 443.0, 353.0
464, 252.0, 352.0
465, 359.0, 18.0
466, 269.0, 231.0
467, 565.0, 49.0
468, 714.0, 230.0
469, 354.0, 303.0
470, 76.0, 144.0
471, 739.0, 228.0
472, 219.0, 222.0
473, 135.0, 245.0
474, 367.0, 107.0
475, 275.0, 32.0
476, 158.0, 424.0
477, 345.0, 407.0
478, 379.0, 445.0
479, 438.0, 72.0
480, 411.0, 442.0
481, 103.0, 140.0
482, 720.0, 120.0
483, 246.0, 64.0
484, 187.0, 332.0
485, 391.0, 189.0
486, 191.0, 469.0
487, 295.0, 352.0
488, 534.0, 96.0
489, 520.0, 57.0
490, 470.0, 14.0
491, 489.0, 167.0
492, 225.0, 352.0
493, 208.0, 247.0
494, 221.0, 451.0
495, 125.0, 402.0
496, 263.0, 196.0
497, 449.0, 371.0
498, 480.0, 428.0
499, 250.0, 468.0
