0, 288.0, 432.0
1, 531.0, 388.0
2, 73.0, 15.0
3, 536.0, 371.0
4, 62.0, 264.0
5, 534.0, 328.0
6, 362.0, 15.0
7, 112.0, 20.0
8, 189.0, 207.0
9, 430.0, 22.0
10, 538.0, 399.0
11, 518.0, 281.0
12, 224.0, 221.0
13, 374.0, 378.0
14, 71.0, 345.0
15, 250.0, 445.0
16, 441.0, 37.0
17, 420.0, 292.0
18, 558.0, 135.0
19, 29.0, 416.0
20, 399.0, 231.0
21, 187.0, 354.0
22, 322.0, 43.0
23, 518.0, 10.0
24, 460.0, 283.0
25, 200.0, 413.0
26, 439.0, 54.0
27, 362.0, 24.0
28, 561.0, 83.0
29, 524.0, 322.0
30, 124.0, 21.0
31, 201.0, 30.0
32, 151.0, 308.0
33, 53.0, 334.0
34, 627.0, 75.0
35, 564.0, 69.0
36, 372.0, 401.0
37, 162.0, 286.0
38, 325.0, 371.0
39, 733.0, 185.0
40, 534.0, 34.0
41, 168.0, 317.0
42, 321.0, 433.0
43, 168.0, 215.0
44, 477.0, 21.0
45, 9.0, 362.0
46, 76.0, 396.0
47, 227.0, 382.0
48, 460.0, 25.0
49, 203.0, 374.0
50, 454.0, 56.0
51, 153.0, 357.0
52, 506.0, 245.0
53, 441.0, 323.0
54, 551.0, 159.0
55, 201.0, 42.0
56, 287.0, 461.0
57, 52.0, 394.0
58, 406.0, 332.0
59, 156.0, 464.0
60, 185.0, 292.0
61, 210.0, 228.0
62, 481.0, 37.0
63, 311.0, 354.0
64, 398.0, 245.0
65, 51.0, 13.0
66, 266.0, 460.0
67, 318.0, 446.0
68, 384.0, 383.0
69, 223.0, 423.0
70, 202.0, 454.0
71, 428.0, 36.0
72, 428.0, 246.0
73, 308.0, 383.0
74, 46.0, 344.0
75, 173.0, 305.0
76, 188.0, 253.0
77, 71.0, 334.0
78, 519.0, 150.0
79, 180.0, 373.0
80, 327.0, 359.0
81, 448.0, 281.0
82, 472.0, 58.0
83, 75.0, 28.0
84, 479.0, 405.0
85, 288.0, 259.0
86, 523.0, 33.0
87, 26.0, 350.0
88, 617.0, 74.0
89, 58.0, 381.0
90, 545.0, 411.0
91, 202.0, 130.0
92, 523.0, 132.0
93, 312.0, 404.0
94, 430.0, 292.0
95, 142.0, 369.0
96, 446.0, 293.0
97, 138.0, 23.0
98, 135.0, 423.0
99, 325.0, 419.0
100, 375.0, 248.0
101, 417.0, 20.0
102, 270.0, 423.0
103, 59.0, 345.0
104, 382.0, 49.0
105, 61.0, 45.0
106, 417.0, 281.0
107, 202.0, 466.0
108, 484.0, 59.0
109, 173.0, 464.0
110, 374.0, 389.0
111, 156.0, 346.0
112, 621.0, 59.0
113, 443.0, 23.0
114, 363.0, 428.0
115, 610.0, 139.0
116, 545.0, 133.0
117, 115.0, 351.0
118, 556.0, 149.0
119, 214.0, 400.0
120, 322.0, 54.0
121, 341.0, 30.0
122, 178.0, 216.0
123, 629.0, 65.0
124, 381.0, 61.0
125, 165.0, 232.0
126, 154.0, 329.0
127, 573.0, 227.0
128, 276.0, 392.0
129, 400.0, 128.0
130, 81.0, 406.0
131, 101.0, 360.0
132, 465.0, 294.0
133, 318.0, 378.0
134, 446.0, 305.0
135, 569.0, 150.0
136, 287.0, 445.0
137, 90.0, 229.0
138, 346.0, 262.0
139, 287.0, 218.0
140, 87.0, 17.0
141, 468.0, 427.0
142, 432.0, 9.0
143, 140.0, 464.0
144, 244.0, 411.0
145, 163.0, 302.0
146, 426.0, 379.0
147, 251.0, 400.0
148, 205.0, 384.0
149, 42.0, 363.0
150, 431.0, 268.0
151, 605.0, 58.0
152, 156.0, 443.0
153, 410.0, 253.0
154, 209.0, 209.0
155, 129.0, 259.0
156, 411.0, 235.0
157, 543.0, 336.0
158, 162.0, 243.0
159, 461.0, 11.0
160, 171.0, 202.0
161, 303.0, 372.0
162, 19.0, 405.0
163, 492.0, 57.0
164, 30.0, 318.0
165, 156.0, 319.0
166, 345.0, 434.0
167, 473.0, 444.0
168, 313.0, 365.0
169, 263.0, 445.0
170, 200.0, 15.0
171, 605.0, 190.0
172, 345.0, 361.0
173, 54.0, 449.0
174, 663.0, 94.0
175, 513.0, 304.0
176, 108.0, 395.0
177, 274.0, 23.0
178, 130.0, 409.0
179, 228.0, 13.0
180, 584.0, 70.0
181, 511.0, 125.0
182, 241.0, 381.0
183, 138.0, 433.0
184, 98.0, 171.0
185, 233.0, 323.0
186, 385.0, 429.0
187, 367.0, 238.0
188, 183.0, 301.0
189, 256.0, 391.0
190, 532.0, 45.0
191, 32.0, 337.0
192, 239.0, 256.0
193, 458.0, 39.0
194, 647.0, 287.0
195, 303.0, 139.0
196, 414.0, 36.0
197, 359.0, 407.0
198, 62.0, 14.0
199, 287.0, 236.0
200, 501.0, 274.0
201, 612.0, 89.0
202, 431.0, 68.0
203, 179.0, 312.0
204, 580.0, 126.0
205, 11.0, 11.0
206, 185.0, 277.0
207, 352.0, 189.0
208, 499.0, 9.0
209, 527.0, 16.0
210, 13.0, 419.0
211, 27.0, 468.0
212, 635.0, 219.0
213, 224.0, 190.0
214, 368.0, 447.0
215, 152.0, 252.0
216, 233.0, 230.0
217, 207.0, 441.0
218, 453.0, 270.0
219, 489.0, 461.0
220, 88.0, 387.0
221, 225.0, 442.0
222, 30.0, 368.0
223, 537.0, 20.0
224, 86.0, 265.0
225, 484.0, 424.0
226, 323.0, 29.0
227, 263.0, 233.0
228, 184.0, 324.0
229, 93.0, 336.0
230, 128.0, 248.0
231, 427.0, 304.0
232, 263.0, 16.0
233, 91.0, 464.0
234, 311.0, 10.0
235, 597.0, 462.0
236, 379.0, 231.0
237, 262.0, 257.0
238, 307.0, 26.0
239, 144.0, 108.0
240, 138.0, 35.0
241, 13.0, 435.0
242, 522.0, 266.0
243, 344.0, 394.0
244, 235.0, 363.0
245, 484.0, 441.0
246, 408.0, 267.0
247, 685.0, 299.0
248, 513.0, 206.0
249, 388.0, 231.0
250, 200.0, 207.0
251, 376.0, 468.0
252, 180.0, 454.0
253, 179.0, 224.0
254, 511.0, 61.0
255, 571.0, 160.0
256, 16.0, 46.0
257, 446.0, 9.0
258, 222.0, 369.0
259, 11.0, 348.0
260, 465.0, 341.0
261, 428.0, 319.0
262, 175.0, 247.0
263, 54.0, 460.0
264, 180.0, 439.0
265, 287.0, 320.0
266, 287.0, 120.0
267, 208.0, 219.0
268, 367.0, 437.0
269, 139.0, 324.0
270, 163.0, 205.0
271, 114.0, 33.0
272, 212.0, 333.0
273, 247.0, 458.0
274, 234.0, 453.0
275, 213.0, 45.0
276, 220.0, 433.0
277, 461.0, 469.0
278, 117.0, 180.0
279, 625.0, 47.0
280, 444.0, 339.0
281, 526.0, 282.0
282, 262.0, 119.0
283, 265.0, 375.0
284, 243.0, 427.0
285, 545.0, 384.0
286, 411.0, 244.0
287, 237.0, 399.0
288, 372.0, 363.0
289, 534.0, 276.0
290, 334.0, 296.0
291, 458.0, 204.0
292, 145.0, 255.0
293, 263.0, 215.0
294, 214.0, 188.0
295, 472.0, 305.0
296, 590.0, 43.0
297, 84.0, 199.0
298, 593.0, 160.0
299, 378.0, 240.0
300, 401.0, 469.0
301, 743.0, 157.0
302, 216.0, 172.0
303, 212.0, 10.0
304, 191.0, 334.0
305, 237.0, 333.0
306, 206.0, 424.0
307, 430.0, 282.0
308, 349.0, 15.0
309, 430.0, 361.0
310, 236.0, 223.0
311, 633.0, 278.0
312, 217.0, 464.0
313, 700.0, 456.0
314, 395.0, 378.0
315, 142.0, 233.0
316, 287.0, 155.0
317, 277.0, 413.0
318, 89.0, 28.0
319, 262.0, 168.0
320, 492.0, 444.0
321, 90.0, 325.0
322, 359.0, 60.0
323, 218.0, 385.0
324, 251.0, 125.0
325, 346.0, 420.0
326, 573.0, 257.0
327, 135.0, 339.0
328, 164.0, 378.0
329, 717.0, 315.0
330, 581.0, 229.0
331, 343.0, 460.0
332, 286.0, 54.0
333, 437.0, 301.0
334, 322.0, 393.0
335, 224.0, 235.0
336, 219.0, 211.0
337, 256.0, 374.0
338, 126.0, 461.0
339, 138.0, 268.0
340, 435.0, 310.0
341, 339.0, 134.0
342, 324.0, 406.0
343, 191.0, 312.0
344, 240.0, 374.0
345, 606.0, 282.0
346, 12.0, 326.0
347, 235.0, 169.0
348, 189.0, 420.0
349, 334.0, 465.0
350, 433.0, 333.0
351, 265.0, 432.0
352, 54.0, 26.0
353, 81.0, 245.0
354, 546.0, 352.0
355, 123.0, 341.0
356, 144.0, 206.0
357, 282.0, 375.0
358, 479.0, 265.0
359, 287.0, 292.0
360, 212.0, 377.0
361, 164.0, 339.0
362, 227.0, 210.0
363, 256.0, 329.0
364, 711.0, 112.0
365, 115.0, 156.0
366, 362.0, 251.0
367, 26.0, 240.0
368, 361.0, 228.0
369, 200.0, 399.0
370, 341.0, 190.0
371, 234.0, 342.0
372, 117.0, 460.0
373, 713.0, 98.0
374, 189.0, 184.0
375, 695.0, 437.0
376, 103.0, 437.0
377, 301.0, 391.0
378, 249.0, 432.0
379, 390.0, 244.0
380, 193.0, 455.0
381, 16.0, 288.0
382, 99.0, 18.0
383, 14.0, 447.0
384, 179.0, 422.0
385, 584.0, 8.0
386, 469.0, 388.0
387, 549.0, 391.0
388, 401.0, 100.0
389, 218.0, 254.0
390, 377.0, 264.0
391, 428.0, 397.0
392, 79.0, 168.0
393, 586.0, 55.0
394, 202.0, 359.0
395, 548.0, 238.0
396, 100.0, 235.0
397, 573.0, 138.0
398, 45.0, 418.0
399, 10.0, 336.0
400, 238.0, 288.0
401, 30.0, 379.0
402, 548.0, 122.0
403, 509.0, 77.0
404, 233.0, 418.0
405, 449.0, 242.0
406, 503.0, 259.0
407, 578.0, 151.0
408, 17.0, 317.0
409, 20.0, 217.0
410, 488.0, 73.0
411, 453.0, 347.0
412, 361.0, 467.0
413, 82.0, 437.0
414, 525.0, 415.0
415, 154.0, 271.0
416, 375.0, 454.0
417, 120.0, 308.0
418, 170.0, 350.0
419, 354.0, 159.0
420, 127.0, 450.0
421, 73.0, 384.0
422, 215.0, 282.0
423, 576.0, 38.0
424, 508.0, 328.0
425, 573.0, 48.0
426, 146.0, 277.0
427, 70.0, 437.0
428, 389.0, 458.0
429, 381.0, 17.0
430, 75.0, 135.0
431, 164.0, 271.0
432, 492.0, 196.0
433, 154.0, 406.0
434, 670.0, 72.0
435, 18.0, 389.0
436, 45.0, 273.0
437, 31.0, 327.0
438, 251.0, 8.0
439, 117.0, 424.0
440, 420.0, 332.0
441, 359.0, 460.0
442, 351.0, 245.0
443, 150.0, 24.0
444, 160.0, 11.0
445, 521.0, 44.0
446, 198.0, 229.0
447, 286.0, 89.0
448, 213.0, 362.0
449, 83.0, 363.0
450, 362.0, 327.0
451, 425.0, 233.0
452, 75.0, 44.0
453, 125.0, 33.0
454, 537.0, 226.0
455, 416.0, 358.0
456, 170.0, 422.0
457, 104.0, 462.0
458, 219.0, 149.0
459, 277.0, 383.0
460, 46.0, 317.0
461, 88.0, 437.0
462, 472.0, 375.0
463, 471.0, 370.0
464, 416.0, 465.0
465, 287.0, 167.0
466, 185.0, 376.0
467, 374.0, 16.0
468, 492.0, 208.0
469, 101.0, 29.0
470, 196.0, 354.0
471, 151.0, 175.0
472, 727.0, 202.0
473, 492.0, 399.0
474, 213.0, 81.0
475, 564.0, 413.0
476, 318.0, 119.0
477, 476.0, 457.0
478, 498.0, 70.0
479, 506.0, 230.0
480, 341.0, 37.0
481, 106.0, 318.0
482, 339.0, 320.0
483, 401.0, 458.0
484, 411.0, 369.0
485, 359.0, 416.0
486, 581.0, 138.0
487, 704.0, 312.0
488, 275.0, 461.0
489, 313.0, 20.0
490, 37.0, 356.0
491, 386.0, 367.0
492, 323.0, 386.0
493, 375.0, 31.0
494, 359.0, 445.0
495, 382.0, 396.0
496, 143.0, 242.0
497, 94.0, 350.0
498, 251.0, 96.0
499, 209.0, 348.0
