0, 478.0, 326.0
1, 150.0, 360.0
2, 184.0, 413.0
3, 672.0, 139.0
4, 524.0, 218.0
5, 314.0, 175.0
6, 583.0, 454.0
7, 675.0, 124.0
8, 710.0, 125.0
9, 241.0, 283.0
10, 144.0, 407.0
11, 164.0, 355.0
12, 480.0, 226.0
13, 608.0, 270.0
14, 293.0, 80.0
15, 263.0, 82.0
16, 312.0, 199.0
17, 507.0, 234.0
18, 506.0, 281.0
19, 475.0, 211.0
20, 685.0, 154.0
21, 500.0, 343.0
22, 370.0, 292.0
23, 455.0, 205.0
24, 243.0, 89.0
25, 691.0, 124.0
26, 643.0, 137.0
27, 572.0, 455.0
28, 255.0, 272.0
29, 691.0, 440.0
30, 565.0, 120.0
31, 477.0, 180.0
32, 438.0, 245.0
33, 540.0, 213.0
34, 216.0, 71.0
35, 572.0, 185.0
36, 536.0, 75.0
37, 60.0, 427.0
38, 405.0, 214.0
39, 695.0, 108.0
40, 640.0, 152.0
41, 462.0, 183.0
42, 605.0, 282.0
43, 33.0, 382.0
44, 401.0, 323.0
45, 174.0, 293.0
46, 646.0, 457.0
47, 416.0, 222.0
48, 60.0, 98.0
49, 311.0, 452.0
50, 710.0, 346.0
51, 632.0, 211.0
52, 550.0, 144.0
53, 368.0, 275.0
54, 645.0, 123.0
55, 550.0, 157.0
56, 157.0, 301.0
57, 546.0, 166.0
58, 607.0, 255.0
59, 31.0, 337.0
60, 339.0, 115.0
61, 443.0, 189.0
62, 38.0, 108.0
63, 678.0, 108.0
64, 270.0, 91.0
65, 205.0, 290.0
66, 47.0, 449.0
67, 345.0, 298.0
68, 255.0, 240.0
69, 382.0, 374.0
70, 393.0, 269.0
71, 190.0, 113.0
72, 543.0, 192.0
73, 562.0, 145.0
74, 644.0, 431.0
75, 489.0, 188.0
76, 533.0, 167.0
77, 405.0, 281.0
78, 122.0, 412.0
79, 204.0, 71.0
80, 107.0, 286.0
81, 231.0, 337.0
82, 589.0, 179.0
83, 503.0, 323.0
84, 217.0, 273.0
85, 219.0, 90.0
86, 150.0, 379.0
87, 257.0, 109.0
88, 216.0, 107.0
89, 120.0, 97.0
90, 58.0, 337.0
91, 508.0, 441.0
92, 507.0, 224.0
93, 76.0, 78.0
94, 344.0, 242.0
95, 312.0, 463.0
96, 563.0, 133.0
97, 494.0, 441.0
98, 295.0, 102.0
99, 301.0, 187.0
100, 656.0, 291.0
101, 737.0, 201.0
102, 76.0, 292.0
103, 428.0, 178.0
104, 486.0, 315.0
105, 392.0, 251.0
106, 351.0, 400.0
107, 700.0, 176.0
108, 334.0, 382.0
109, 288.0, 450.0
110, 638.0, 449.0
111, 354.0, 444.0
112, 131.0, 114.0
113, 346.0, 259.0
114, 522.0, 241.0
115, 553.0, 120.0
116, 12.0, 108.0
117, 726.0, 351.0
118, 470.0, 249.0
119, 218.0, 121.0
120, 292.0, 315.0
121, 689.0, 138.0
122, 524.0, 227.0
123, 376.0, 97.0
124, 100.0, 452.0
125, 681.0, 96.0
126, 401.0, 95.0
127, 291.0, 213.0
128, 484.0, 362.0
129, 219.0, 359.0
130, 318.0, 414.0
131, 282.0, 257.0
132, 664.0, 213.0
133, 207.0, 91.0
134, 297.0, 421.0
135, 289.0, 226.0
136, 490.0, 27.0
137, 430.0, 233.0
138, 164.0, 466.0
139, 707.0, 140.0
140, 561.0, 189.0
141, 134.0, 96.0
142, 541.0, 43.0
143, 579.0, 337.0
144, 186.0, 375.0
145, 554.0, 304.0
146, 151.0, 427.0
147, 408.0, 235.0
148, 133.0, 240.0
149, 266.0, 265.0
150, 359.0, 385.0
151, 340.0, 452.0
152, 498.0, 265.0
153, 663.0, 34.0
154, 187.0, 94.0
155, 475.0, 334.0
156, 614.0, 150.0
157, 620.0, 123.0
158, 693.0, 31.0
159, 36.0, 142.0
160, 350.0, 287.0
161, 186.0, 258.0
162, 425.0, 274.0
163, 212.0, 335.0
164, 598.0, 337.0
165, 270.0, 242.0
166, 92.0, 137.0
167, 479.0, 354.0
168, 667.0, 395.0
169, 611.0, 352.0
170, 415.0, 241.0
171, 532.0, 265.0
172, 527.0, 304.0
173, 360.0, 237.0
174, 723.0, 319.0
175, 526.0, 183.0
176, 377.0, 327.0
177, 286.0, 90.0
178, 683.0, 191.0
179, 298.0, 411.0
180, 566.0, 107.0
181, 291.0, 280.0
182, 155.0, 411.0
183, 674.0, 304.0
184, 657.0, 435.0
185, 322.0, 332.0
186, 678.0, 205.0
187, 192.0, 126.0
188, 13.0, 380.0
189, 703.0, 200.0
190, 658.0, 369.0
191, 151.0, 242.0
192, 202.0, 123.0
193, 462.0, 25.0
194, 649.0, 107.0
195, 69.0, 119.0
196, 670.0, 201.0
197, 246.0, 101.0
198, 654.0, 268.0
199, 228.0, 293.0
200, 554.0, 108.0
201, 714.0, 108.0
202, 232.0, 105.0
203, 501.0, 300.0
204, 43.0, 423.0
205, 178.0, 73.0
206, 87.0, 119.0
207, 728.0, 28.0
208, 200.0, 262.0
209, 173.0, 113.0
210, 582.0, 32.0
211, 164.0, 389.0
212, 669.0, 153.0
213, 186.0, 339.0
214, 683.0, 448.0
215, 379.0, 262.0
216, 275.0, 126.0
217, 401.0, 73.0
218, 293.0, 461.0
219, 169.0, 403.0
220, 221.0, 321.0
221, 628.0, 408.0
222, 242.0, 443.0
223, 622.0, 443.0
224, 173.0, 344.0
225, 183.0, 47.0
226, 716.0, 96.0
227, 659.0, 47.0
228, 198.0, 401.0
229, 145.0, 133.0
230, 357.0, 336.0
231, 474.0, 66.0
232, 475.0, 36.0
233, 528.0, 291.0
234, 420.0, 72.0
235, 553.0, 451.0
236, 590.0, 398.0
237, 339.0, 344.0
238, 159.0, 75.0
239, 562.0, 269.0
240, 60.0, 416.0
241, 390.0, 96.0
242, 733.0, 361.0
243, 408.0, 264.0
244, 105.0, 274.0
245, 499.0, 256.0
246, 148.0, 147.0
247, 537.0, 88.0
248, 622.0, 108.0
249, 314.0, 430.0
250, 442.0, 261.0
251, 546.0, 337.0
252, 285.0, 372.0
253, 311.0, 348.0
254, 436.0, 341.0
255, 558.0, 245.0
256, 524.0, 350.0
257, 91.0, 462.0
258, 652.0, 393.0
259, 101.0, 414.0
260, 685.0, 255.0
261, 214.0, 469.0
262, 123.0, 75.0
263, 718.0, 374.0
264, 367.0, 395.0
265, 519.0, 167.0
266, 331.0, 310.0
267, 453.0, 239.0
268, 83.0, 103.0
269, 430.0, 400.0
270, 176.0, 127.0
271, 112.0, 45.0
272, 191.0, 300.0
273, 462.0, 68.0
274, 427.0, 262.0
275, 403.0, 335.0
276, 466.0, 225.0
277, 511.0, 106.0
278, 494.0, 234.0
279, 688.0, 379.0
280, 196.0, 356.0
281, 625.0, 425.0
282, 168.0, 94.0
283, 413.0, 293.0
284, 185.0, 453.0
285, 635.0, 464.0
286, 216.0, 348.0
287, 92.0, 316.0
288, 392.0, 211.0
289, 564.0, 168.0
290, 597.0, 436.0
291, 297.0, 437.0
292, 527.0, 320.0
293, 186.0, 426.0
294, 245.0, 47.0
295, 663.0, 346.0
296, 572.0, 86.0
297, 480.0, 244.0
298, 210.0, 309.0
299, 56.0, 79.0
300, 329.0, 248.0
301, 343.0, 322.0
302, 353.0, 86.0
303, 575.0, 72.0
304, 31.0, 49.0
305, 535.0, 103.0
306, 305.0, 322.0
307, 648.0, 198.0
308, 222.0, 436.0
309, 656.0, 171.0
310, 401.0, 52.0
311, 360.0, 326.0
312, 95.0, 18.0
313, 462.0, 82.0
314, 364.0, 352.0
315, 702.0, 324.0
316, 516.0, 284.0
317, 346.0, 360.0
318, 322.0, 436.0
319, 242.0, 311.0
320, 233.0, 355.0
321, 187.0, 471.0
322, 339.0, 102.0
323, 107.0, 19.0
324, 551.0, 132.0
325, 539.0, 63.0
326, 603.0, 216.0
327, 220.0, 135.0
328, 89.0, 367.0
329, 488.0, 66.0
330, 471.0, 287.0
331, 230.0, 89.0
332, 693.0, 231.0
333, 71.0, 451.0
334, 163.0, 133.0
335, 721.0, 206.0
336, 399.0, 228.0
337, 402.0, 118.0
338, 578.0, 58.0
339, 388.0, 241.0
340, 201.0, 332.0
341, 626.0, 343.0
342, 536.0, 331.0
343, 330.0, 128.0
344, 64.0, 466.0
345, 582.0, 465.0
346, 374.0, 87.0
347, 86.0, 297.0
348, 328.0, 320.0
349, 72.0, 209.0
350, 293.0, 200.0
351, 476.0, 469.0
352, 403.0, 463.0
353, 594.0, 450.0
354, 236.0, 216.0
355, 64.0, 355.0
356, 105.0, 463.0
357, 629.0, 260.0
358, 84.0, 283.0
359, 364.0, 261.0
360, 254.0, 93.0
361, 264.0, 235.0
362, 282.0, 27.0
363, 375.0, 343.0
364, 613.0, 337.0
365, 500.0, 355.0
366, 84.0, 237.0
367, 378.0, 405.0
368, 542.0, 297.0
369, 49.0, 301.0
370, 504.0, 404.0
371, 702.0, 429.0
372, 374.0, 75.0
373, 720.0, 250.0
374, 376.0, 111.0
375, 34.0, 405.0
376, 186.0, 83.0
377, 373.0, 437.0
378, 695.0, 352.0
379, 559.0, 206.0
380, 372.0, 379.0
381, 200.0, 108.0
382, 367.0, 313.0
383, 439.0, 276.0
384, 331.0, 272.0
385, 488.0, 101.0
386, 227.0, 380.0
387, 722.0, 394.0
388, 320.0, 405.0
389, 101.0, 97.0
390, 120.0, 217.0
391, 37.0, 361.0
392, 196.0, 392.0
393, 402.0, 243.0
394, 504.0, 315.0
395, 437.0, 64.0
396, 676.0, 289.0
397, 584.0, 306.0
398, 621.0, 198.0
399, 665.0, 224.0
400, 449.0, 360.0
401, 603.0, 302.0
402, 192.0, 281.0
403, 151.0, 391.0
404, 550.0, 41.0
405, 583.0, 320.0
406, 425.0, 250.0
407, 718.0, 79.0
408, 204.0, 82.0
409, 701.0, 191.0
410, 462.0, 112.0
411, 167.0, 374.0
412, 290.0, 437.0
413, 514.0, 344.0
414, 297.0, 469.0
415, 354.0, 114.0
416, 540.0, 235.0
417, 297.0, 242.0
418, 566.0, 335.0
419, 584.0, 195.0
420, 321.0, 29.0
421, 595.0, 32.0
422, 89.0, 428.0
423, 513.0, 27.0
424, 445.0, 400.0
425, 152.0, 445.0
426, 468.0, 297.0
427, 603.0, 394.0
428, 659.0, 187.0
429, 276.0, 378.0
430, 532.0, 255.0
431, 540.0, 175.0
432, 282.0, 385.0
433, 483.0, 421.0
434, 532.0, 440.0
435, 646.0, 345.0
436, 651.0, 83.0
437, 13.0, 334.0
438, 691.0, 421.0
439, 474.0, 267.0
440, 411.0, 172.0
441, 119.0, 259.0
442, 55.0, 351.0
443, 467.0, 398.0
444, 145.0, 416.0
445, 379.0, 364.0
446, 382.0, 73.0
447, 390.0, 303.0
448, 378.0, 471.0
449, 551.0, 259.0
450, 299.0, 449.0
451, 333.0, 402.0
452, 678.0, 233.0
453, 238.0, 140.0
454, 543.0, 135.0
455, 168.0, 420.0
456, 12.0, 415.0
457, 377.0, 121.0
458, 492.0, 386.0
459, 491.0, 284.0
460, 342.0, 391.0
461, 202.0, 24.0
462, 247.0, 335.0
463, 500.0, 194.0
464, 674.0, 396.0
465, 475.0, 93.0
466, 231.0, 317.0
467, 735.0, 212.0
468, 685.0, 80.0
469, 497.0, 422.0
470, 356.0, 256.0
471, 540.0, 202.0
472, 582.0, 225.0
473, 488.0, 335.0
474, 12.0, 39.0
475, 117.0, 156.0
476, 557.0, 394.0
477, 548.0, 57.0
478, 584.0, 281.0
479, 651.0, 97.0
480, 25.0, 449.0
481, 440.0, 297.0
482, 609.0, 244.0
483, 334.0, 166.0
484, 478.0, 83.0
485, 283.0, 238.0
486, 203.0, 437.0
487, 413.0, 383.0
488, 36.0, 305.0
489, 318.0, 443.0
490, 92.0, 96.0
491, 353.0, 107.0
492, 188.0, 389.0
493, 102.0, 304.0
494, 126.0, 370.0
495, 138.0, 406.0
496, 370.0, 330.0
497, 420.0, 251.0
498, 203.0, 416.0
499, 513.0, 393.0
