0, 278.0, 307.0
1, 526.0, 73.0
2, 219.0, 242.0
3, 359.0, 390.0
4, 130.0, 218.0
5, 65.0, 297.0
6, 405.0, 212.0
7, 320.0, 137.0
8, 232.0, 243.0
9, 558.0, 49.0
10, 308.0, 365.0
11, 504.0, 267.0
12, 132.0, 229.0
13, 522.0, 151.0
14, 479.0, 150.0
15, 188.0, 316.0
16, 282.0, 234.0
17, 103.0, 442.0
18, 272.0, 102.0
19, 668.0, 96.0
20, 221.0, 149.0
21, 165.0, 443.0
22, 191.0, 466.0
23, 287.0, 281.0
24, 250.0, 419.0
25, 692.0, 27.0
26, 342.0, 261.0
27, 478.0, 161.0
28, 350.0, 223.0
29, 308.0, 137.0
30, 456.0, 177.0
31, 316.0, 359.0
32, 540.0, 90.0
33, 421.0, 97.0
34, 69.0, 311.0
35, 219.0, 207.0
36, 139.0, 218.0
37, 524.0, 141.0
38, 244.0, 197.0
39, 479.0, 138.0
40, 580.0, 29.0
41, 473.0, 90.0
42, 292.0, 310.0
43, 400.0, 257.0
44, 340.0, 149.0
45, 297.0, 147.0
46, 447.0, 161.0
47, 256.0, 195.0
48, 119.0, 159.0
49, 238.0, 358.0
50, 279.0, 201.0
51, 285.0, 49.0
52, 227.0, 435.0
53, 633.0, 22.0
54, 684.0, 38.0
55, 573.0, 16.0
56, 270.0, 175.0
57, 486.0, 399.0
58, 65.0, 241.0
59, 279.0, 338.0
60, 195.0, 443.0
61, 384.0, 186.0
62, 471.0, 341.0
63, 316.0, 411.0
64, 304.0, 298.0
65, 437.0, 161.0
66, 647.0, 109.0
67, 520.0, 162.0
68, 574.0, 283.0
69, 428.0, 246.0
70, 332.0, 272.0
71, 667.0, 122.0
72, 390.0, 295.0
73, 350.0, 273.0
74, 448.0, 150.0
75, 164.0, 421.0
76, 254.0, 314.0
77, 386.0, 222.0
78, 260.0, 252.0
79, 70.0, 161.0
80, 272.0, 243.0
81, 298.0, 283.0
82, 299.0, 175.0
83, 319.0, 259.0
84, 222.0, 313.0
85, 426.0, 160.0
86, 245.0, 438.0
87, 642.0, 193.0
88, 482.0, 265.0
89, 490.0, 278.0
90, 272.0, 91.0
91, 349.0, 159.0
92, 508.0, 276.0
93, 296.0, 212.0
94, 177.0, 93.0
95, 386.0, 233.0
96, 90.0, 414.0
97, 316.0, 372.0
98, 471.0, 363.0
99, 261.0, 37.0
100, 454.0, 193.0
101, 340.0, 281.0
102, 293.0, 230.0
103, 458.0, 61.0
104, 303.0, 37.0
105, 436.0, 178.0
106, 540.0, 332.0
107, 349.0, 114.0
108, 257.0, 432.0
109, 735.0, 136.0
110, 559.0, 342.0
111, 237.0, 50.0
112, 108.0, 387.0
113, 296.0, 262.0
114, 242.0, 275.0
115, 200.0, 104.0
116, 352.0, 323.0
117, 316.0, 249.0
118, 251.0, 50.0
119, 77.0, 172.0
120, 434.0, 314.0
121, 432.0, 396.0
122, 368.0, 260.0
123, 377.0, 159.0
124, 446.0, 170.0
125, 214.0, 340.0
126, 310.0, 264.0
127, 571.0, 341.0
128, 267.0, 164.0
129, 367.0, 245.0
130, 157.0, 93.0
131, 183.0, 264.0
132, 129.0, 268.0
133, 261.0, 187.0
134, 100.0, 161.0
135, 366.0, 297.0
136, 428.0, 235.0
137, 453.0, 206.0
138, 377.0, 114.0
139, 419.0, 233.0
140, 207.0, 432.0
141, 232.0, 412.0
142, 286.0, 175.0
143, 341.0, 167.0
144, 18.0, 407.0
145, 199.0, 420.0
146, 362.0, 114.0
147, 711.0, 151.0
148, 407.0, 307.0
149, 663.0, 177.0
150, 168.0, 263.0
151, 186.0, 113.0
152, 630.0, 115.0
153, 129.0, 150.0
154, 361.0, 374.0
155, 124.0, 32.0
156, 285.0, 148.0
157, 664.0, 157.0
158, 573.0, 380.0
159, 143.0, 442.0
160, 271.0, 118.0
161, 76.0, 221.0
162, 550.0, 320.0
163, 280.0, 79.0
164, 276.0, 280.0
165, 278.0, 456.0
166, 258.0, 222.0
167, 652.0, 25.0
168, 513.0, 224.0
169, 387.0, 212.0
170, 60.0, 143.0
171, 316.0, 149.0
172, 602.0, 132.0
173, 645.0, 157.0
174, 460.0, 50.0
175, 185.0, 398.0
176, 126.0, 77.0
177, 386.0, 149.0
178, 236.0, 400.0
179, 204.0, 206.0
180, 148.0, 285.0
181, 144.0, 48.0
182, 126.0, 199.0
183, 649.0, 12.0
184, 427.0, 169.0
185, 348.0, 358.0
186, 289.0, 96.0
187, 299.0, 186.0
188, 185.0, 277.0
189, 181.0, 197.0
190, 212.0, 113.0
191, 173.0, 11.0
192, 451.0, 214.0
193, 295.0, 441.0
194, 330.0, 256.0
195, 240.0, 322.0
196, 291.0, 107.0
197, 327.0, 388.0
198, 624.0, 70.0
199, 249.0, 107.0
200, 305.0, 308.0
201, 146.0, 252.0
202, 315.0, 392.0
203, 309.0, 229.0
204, 321.0, 279.0
205, 220.0, 220.0
206, 112.0, 421.0
207, 408.0, 266.0
208, 43.0, 362.0
209, 629.0, 157.0
210, 85.0, 320.0
211, 264.0, 48.0
212, 123.0, 186.0
213, 430.0, 205.0
214, 268.0, 335.0
215, 478.0, 222.0
216, 408.0, 91.0
217, 298.0, 22.0
218, 78.0, 425.0
219, 95.0, 234.0
220, 478.0, 238.0
221, 209.0, 149.0
222, 399.0, 241.0
223, 364.0, 212.0
224, 406.0, 176.0
225, 151.0, 209.0
226, 644.0, 177.0
227, 434.0, 346.0
228, 447.0, 413.0
229, 250.0, 243.0
230, 307.0, 107.0
231, 492.0, 266.0
232, 618.0, 132.0
233, 666.0, 138.0
234, 300.0, 375.0
235, 508.0, 290.0
236, 399.0, 27.0
237, 649.0, 96.0
238, 521.0, 97.0
239, 449.0, 139.0
240, 444.0, 49.0
241, 562.0, 14.0
242, 55.0, 325.0
243, 372.0, 391.0
244, 85.0, 80.0
245, 155.0, 353.0
246, 173.0, 150.0
247, 299.0, 199.0
248, 135.0, 162.0
249, 119.0, 169.0
250, 217.0, 175.0
251, 260.0, 328.0
252, 348.0, 50.0
253, 318.0, 240.0
254, 366.0, 309.0
255, 315.0, 382.0
256, 426.0, 62.0
257, 504.0, 140.0
258, 92.0, 173.0
259, 528.0, 114.0
260, 196.0, 223.0
261, 221.0, 281.0
262, 227.0, 294.0
263, 159.0, 29.0
264, 698.0, 131.0
265, 360.0, 260.0
266, 418.0, 150.0
267, 173.0, 283.0
268, 116.0, 218.0
269, 169.0, 433.0
270, 158.0, 79.0
271, 308.0, 122.0
272, 308.0, 148.0
273, 491.0, 123.0
274, 654.0, 119.0
275, 178.0, 245.0
276, 493.0, 171.0
277, 86.0, 238.0
278, 406.0, 326.0
279, 493.0, 162.0
280, 426.0, 149.0
281, 253.0, 260.0
282, 627.0, 173.0
283, 148.0, 361.0
284, 188.0, 69.0
285, 574.0, 38.0
286, 150.0, 307.0
287, 150.0, 124.0
288, 135.0, 67.0
289, 315.0, 313.0
290, 192.0, 194.0
291, 526.0, 62.0
292, 445.0, 72.0
293, 370.0, 61.0
294, 722.0, 246.0
295, 107.0, 45.0
296, 618.0, 202.0
297, 613.0, 341.0
298, 409.0, 361.0
299, 247.0, 329.0
300, 378.0, 294.0
301, 383.0, 449.0
302, 153.0, 458.0
303, 89.0, 260.0
304, 543.0, 151.0
305, 119.0, 275.0
306, 121.0, 312.0
307, 578.0, 359.0
308, 399.0, 49.0
309, 371.0, 76.0
310, 373.0, 376.0
311, 248.0, 25.0
312, 167.0, 465.0
313, 515.0, 80.0
314, 566.0, 364.0
315, 151.0, 179.0
316, 121.0, 443.0
317, 201.0, 78.0
318, 666.0, 25.0
319, 734.0, 34.0
320, 366.0, 227.0
321, 522.0, 260.0
322, 419.0, 215.0
323, 126.0, 46.0
324, 147.0, 110.0
325, 164.0, 135.0
326, 148.0, 75.0
327, 304.0, 241.0
328, 212.0, 351.0
329, 93.0, 327.0
330, 423.0, 77.0
331, 520.0, 197.0
332, 458.0, 326.0
333, 240.0, 243.0
334, 485.0, 412.0
335, 608.0, 203.0
336, 211.0, 286.0
337, 176.0, 313.0
338, 272.0, 233.0
339, 152.0, 223.0
340, 122.0, 336.0
341, 519.0, 171.0
342, 421.0, 279.0
343, 177.0, 67.0
344, 633.0, 200.0
345, 285.0, 289.0
346, 294.0, 300.0
347, 23.0, 100.0
348, 117.0, 194.0
349, 127.0, 167.0
350, 247.0, 12.0
351, 47.0, 41.0
352, 420.0, 194.0
353, 389.0, 277.0
354, 483.0, 383.0
355, 590.0, 249.0
356, 681.0, 16.0
357, 152.0, 10.0
358, 568.0, 403.0
359, 22.0, 23.0
360, 550.0, 127.0
361, 563.0, 316.0
362, 17.0, 359.0
363, 281.0, 349.0
364, 224.0, 30.0
365, 436.0, 149.0
366, 507.0, 67.0
367, 89.0, 210.0
368, 622.0, 147.0
369, 349.0, 149.0
370, 341.0, 100.0
371, 273.0, 297.0
372, 378.0, 148.0
373, 375.0, 222.0
374, 97.0, 294.0
375, 136.0, 297.0
376, 550.0, 114.0
377, 283.0, 396.0
378, 64.0, 340.0
379, 562.0, 247.0
380, 406.0, 190.0
381, 383.0, 409.0
382, 472.0, 208.0
383, 307.0, 325.0
384, 333.0, 235.0
385, 349.0, 176.0
386, 229.0, 304.0
387, 488.0, 460.0
388, 159.0, 435.0
389, 249.0, 80.0
390, 597.0, 36.0
391, 83.0, 301.0
392, 349.0, 71.0
393, 383.0, 264.0
394, 97.0, 209.0
395, 670.0, 76.0
396, 442.0, 186.0
397, 431.0, 380.0
398, 633.0, 36.0
399, 605.0, 193.0
400, 466.0, 253.0
401, 511.0, 237.0
402, 11.0, 147.0
403, 140.0, 373.0
404, 47.0, 179.0
405, 516.0, 9.0
406, 391.0, 266.0
407, 272.0, 255.0
408, 176.0, 216.0
409, 197.0, 364.0
410, 106.0, 30.0
411, 538.0, 172.0
412, 399.0, 79.0
413, 413.0, 288.0
414, 622.0, 187.0
415, 386.0, 160.0
416, 411.0, 234.0
417, 672.0, 48.0
418, 660.0, 47.0
419, 648.0, 37.0
420, 546.0, 243.0
421, 664.0, 195.0
422, 398.0, 225.0
423, 257.0, 26.0
424, 26.0, 39.0
425, 418.0, 160.0
426, 203.0, 347.0
427, 402.0, 62.0
428, 153.0, 442.0
429, 485.0, 355.0
430, 394.0, 62.0
431, 420.0, 182.0
432, 428.0, 49.0
433, 390.0, 316.0
434, 540.0, 162.0
435, 422.0, 123.0
436, 92.0, 186.0
437, 261.0, 99.0
438, 262.0, 242.0
439, 661.0, 37.0
440, 196.0, 173.0
441, 108.0, 260.0
442, 162.0, 339.0
443, 296.0, 341.0
444, 395.0, 347.0
445, 415.0, 410.0
446, 668.0, 110.0
447, 606.0, 69.0
448, 36.0, 266.0
449, 100.0, 250.0
450, 368.0, 49.0
451, 192.0, 287.0
452, 615.0, 175.0
453, 508.0, 60.0
454, 659.0, 63.0
455, 495.0, 315.0
456, 533.0, 236.0
457, 223.0, 160.0
458, 318.0, 84.0
459, 414.0, 395.0
460, 541.0, 48.0
461, 559.0, 296.0
462, 345.0, 406.0
463, 318.0, 347.0
464, 161.0, 318.0
465, 103.0, 325.0
466, 103.0, 421.0
467, 456.0, 73.0
468, 512.0, 258.0
469, 50.0, 314.0
470, 380.0, 248.0
471, 311.0, 10.0
472, 200.0, 62.0
473, 165.0, 291.0
474, 738.0, 229.0
475, 248.0, 66.0
476, 566.0, 329.0
477, 80.0, 150.0
478, 94.0, 275.0
479, 667.0, 9.0
480, 138.0, 240.0
481, 92.0, 467.0
482, 394.0, 340.0
483, 595.0, 166.0
484, 117.0, 67.0
485, 233.0, 148.0
486, 23.0, 298.0
487, 650.0, 77.0
488, 319.0, 72.0
489, 254.0, 298.0
490, 311.0, 186.0
491, 349.0, 91.0
492, 538.0, 71.0
493, 207.0, 222.0
494, 85.0, 445.0
495, 322.0, 286.0
496, 651.0, 55.0
497, 189.0, 241.0
498, 364.0, 187.0
499, 133.0, 348.0
