0, 277.0, 143.0
1, 452.0, 131.0
2, 350.0, 211.0
3, 330.0, 129.0
4, 392.0, 144.0
5, 305.0, 238.0
6, 184.0, 141.0
7, 220.0, 115.0
8, 442.0, 188.0
9, 708.0, 134.0
10, 19.0, 222.0
11, 483.0, 132.0
12, 266.0, 315.0
13, 392.0, 130.0
14, 276.0, 129.0
15, 334.0, 222.0
16, 165.0, 425.0
17, 712.0, 118.0
18, 514.0, 132.0
19, 317.0, 221.0
20, 51.0, 176.0
21, 331.0, 143.0
22, 231.0, 326.0
23, 482.0, 163.0
24, 703.0, 74.0
25, 109.0, 190.0
26, 159.0, 128.0
27, 333.0, 235.0
28, 334.0, 210.0
29, 54.0, 139.0
30, 395.0, 266.0
31, 254.0, 271.0
32, 315.0, 249.0
33, 320.0, 270.0
34, 157.0, 115.0
35, 200.0, 409.0
36, 252.0, 411.0
37, 52.0, 215.0
38, 96.0, 320.0
39, 361.0, 158.0
40, 443.0, 90.0
41, 329.0, 113.0
42, 85.0, 419.0
43, 579.0, 116.0
44, 255.0, 404.0
45, 345.0, 143.0
46, 642.0, 134.0
47, 343.0, 85.0
48, 443.0, 72.0
49, 704.0, 149.0
50, 168.0, 115.0
51, 305.0, 260.0
52, 181.0, 115.0
53, 223.0, 143.0
54, 521.0, 464.0
55, 576.0, 133.0
56, 185.0, 454.0
57, 251.0, 31.0
58, 140.0, 142.0
59, 304.0, 271.0
60, 665.0, 73.0
61, 346.0, 158.0
62, 470.0, 92.0
63, 543.0, 72.0
64, 303.0, 221.0
65, 475.0, 117.0
66, 565.0, 29.0
67, 363.0, 315.0
68, 223.0, 267.0
69, 316.0, 312.0
70, 234.0, 266.0
71, 574.0, 148.0
72, 162.0, 141.0
73, 112.0, 99.0
74, 370.0, 221.0
75, 181.0, 266.0
76, 183.0, 129.0
77, 232.0, 219.0
78, 276.0, 453.0
79, 359.0, 252.0
80, 185.0, 221.0
81, 99.0, 185.0
82, 275.0, 115.0
83, 171.0, 155.0
84, 460.0, 73.0
85, 639.0, 149.0
86, 261.0, 257.0
87, 29.0, 248.0
88, 737.0, 463.0
89, 97.0, 269.0
90, 179.0, 100.0
91, 169.0, 127.0
92, 242.0, 363.0
93, 136.0, 114.0
94, 591.0, 443.0
95, 165.0, 167.0
96, 258.0, 115.0
97, 336.0, 300.0
98, 738.0, 411.0
99, 335.0, 272.0
100, 453.0, 115.0
101, 105.0, 210.0
102, 166.0, 101.0
103, 101.0, 331.0
104, 163.0, 181.0
105, 114.0, 411.0
106, 382.0, 303.0
107, 166.0, 229.0
108, 256.0, 100.0
109, 415.0, 90.0
110, 265.0, 327.0
111, 364.0, 90.0
112, 412.0, 101.0
113, 447.0, 197.0
114, 581.0, 104.0
115, 528.0, 73.0
116, 690.0, 423.0
117, 208.0, 345.0
118, 468.0, 145.0
119, 146.0, 460.0
120, 685.0, 93.0
121, 119.0, 141.0
122, 408.0, 433.0
123, 646.0, 117.0
124, 676.0, 85.0
125, 479.0, 439.0
126, 724.0, 461.0
127, 467.0, 187.0
128, 143.0, 178.0
129, 368.0, 174.0
130, 114.0, 114.0
131, 316.0, 55.0
132, 235.0, 349.0
133, 467.0, 161.0
134, 568.0, 14.0
135, 496.0, 151.0
136, 326.0, 262.0
137, 359.0, 131.0
138, 711.0, 36.0
139, 138.0, 128.0
140, 228.0, 313.0
141, 392.0, 113.0
142, 432.0, 195.0
143, 533.0, 145.0
144, 226.0, 360.0
145, 516.0, 444.0
146, 400.0, 55.0
147, 130.0, 200.0
148, 516.0, 123.0
149, 503.0, 122.0
150, 48.0, 112.0
151, 318.0, 200.0
152, 683.0, 397.0
153, 229.0, 185.0
154, 532.0, 430.0
155, 303.0, 311.0
156, 478.0, 204.0
157, 353.0, 283.0
158, 232.0, 339.0
159, 222.0, 130.0
160, 345.0, 130.0
161, 592.0, 133.0
162, 219.0, 101.0
163, 344.0, 114.0
164, 123.0, 185.0
165, 661.0, 91.0
166, 645.0, 91.0
167, 13.0, 242.0
168, 343.0, 101.0
169, 58.0, 459.0
170, 97.0, 416.0
171, 84.0, 257.0
172, 331.0, 455.0
173, 372.0, 287.0
174, 276.0, 376.0
175, 318.0, 284.0
176, 466.0, 201.0
177, 284.0, 312.0
178, 304.0, 250.0
179, 252.0, 314.0
180, 306.0, 100.0
181, 371.0, 37.0
182, 734.0, 440.0
183, 410.0, 113.0
184, 251.0, 296.0
185, 368.0, 115.0
186, 462.0, 125.0
187, 339.0, 246.0
188, 572.0, 210.0
189, 472.0, 131.0
190, 347.0, 179.0
191, 57.0, 153.0
192, 361.0, 144.0
193, 315.0, 39.0
194, 642.0, 245.0
195, 434.0, 175.0
196, 463.0, 54.0
197, 57.0, 20.0
198, 64.0, 113.0
199, 316.0, 234.0
200, 285.0, 331.0
201, 589.0, 148.0
202, 551.0, 346.0
203, 266.0, 296.0
204, 77.0, 221.0
205, 122.0, 38.0
206, 134.0, 100.0
207, 452.0, 176.0
208, 274.0, 100.0
209, 691.0, 384.0
210, 358.0, 115.0
211, 292.0, 377.0
212, 305.0, 113.0
213, 417.0, 446.0
214, 340.0, 186.0
215, 526.0, 167.0
216, 563.0, 374.0
217, 111.0, 378.0
218, 699.0, 45.0
219, 594.0, 116.0
220, 187.0, 178.0
221, 471.0, 322.0
222, 647.0, 164.0
223, 442.0, 102.0
224, 450.0, 35.0
225, 689.0, 73.0
226, 75.0, 285.0
227, 131.0, 407.0
228, 271.0, 206.0
229, 648.0, 73.0
230, 706.0, 63.0
231, 261.0, 143.0
232, 489.0, 82.0
233, 39.0, 129.0
234, 126.0, 313.0
235, 91.0, 292.0
236, 192.0, 440.0
237, 524.0, 104.0
238, 543.0, 163.0
239, 155.0, 100.0
240, 537.0, 15.0
241, 378.0, 72.0
242, 538.0, 443.0
243, 253.0, 357.0
244, 532.0, 250.0
245, 107.0, 362.0
246, 287.0, 276.0
247, 266.0, 129.0
248, 211.0, 413.0
249, 51.0, 125.0
250, 343.0, 399.0
251, 46.0, 98.0
252, 453.0, 187.0
253, 567.0, 287.0
254, 246.0, 340.0
255, 106.0, 313.0
256, 88.0, 204.0
257, 164.0, 298.0
258, 513.0, 145.0
259, 200.0, 426.0
260, 610.0, 454.0
261, 578.0, 88.0
262, 301.0, 38.0
263, 132.0, 459.0
264, 138.0, 196.0
265, 345.0, 464.0
266, 154.0, 248.0
267, 191.0, 348.0
268, 65.0, 195.0
269, 479.0, 188.0
270, 178.0, 168.0
271, 137.0, 365.0
272, 221.0, 343.0
273, 377.0, 100.0
274, 153.0, 89.0
275, 604.0, 83.0
276, 343.0, 200.0
277, 165.0, 212.0
278, 564.0, 86.0
279, 730.0, 37.0
280, 69.0, 140.0
281, 312.0, 297.0
282, 617.0, 433.0
283, 35.0, 166.0
284, 60.0, 98.0
285, 261.0, 37.0
286, 73.0, 451.0
287, 290.0, 262.0
288, 495.0, 132.0
289, 110.0, 201.0
290, 177.0, 90.0
291, 216.0, 300.0
292, 400.0, 63.0
293, 238.0, 401.0
294, 66.0, 301.0
295, 713.0, 103.0
296, 85.0, 270.0
297, 722.0, 383.0
298, 614.0, 391.0
299, 66.0, 127.0
300, 305.0, 197.0
301, 59.0, 38.0
302, 579.0, 73.0
303, 174.0, 454.0
304, 266.0, 115.0
305, 149.0, 71.0
306, 190.0, 157.0
307, 606.0, 426.0
308, 413.0, 72.0
309, 116.0, 470.0
310, 186.0, 309.0
311, 45.0, 311.0
312, 216.0, 380.0
313, 335.0, 262.0
314, 240.0, 462.0
315, 111.0, 181.0
316, 161.0, 455.0
317, 298.0, 330.0
318, 369.0, 129.0
319, 230.0, 199.0
320, 695.0, 63.0
321, 489.0, 38.0
322, 132.0, 255.0
323, 247.0, 326.0
324, 553.0, 358.0
325, 639.0, 104.0
326, 499.0, 208.0
327, 320.0, 82.0
328, 105.0, 171.0
329, 32.0, 185.0
330, 172.0, 221.0
331, 360.0, 193.0
332, 289.0, 9.0
333, 79.0, 238.0
334, 147.0, 441.0
335, 368.0, 101.0
336, 58.0, 165.0
337, 284.0, 299.0
338, 222.0, 157.0
339, 443.0, 435.0
340, 155.0, 157.0
341, 282.0, 248.0
342, 516.0, 152.0
343, 208.0, 459.0
344, 513.0, 225.0
345, 462.0, 64.0
346, 91.0, 183.0
347, 606.0, 36.0
348, 218.0, 406.0
349, 79.0, 297.0
350, 401.0, 44.0
351, 265.0, 279.0
352, 673.0, 396.0
353, 308.0, 188.0
354, 41.0, 55.0
355, 249.0, 380.0
356, 395.0, 423.0
357, 472.0, 74.0
358, 316.0, 113.0
359, 172.0, 141.0
360, 110.0, 155.0
361, 288.0, 187.0
362, 258.0, 463.0
363, 200.0, 387.0
364, 490.0, 73.0
365, 211.0, 31.0
366, 300.0, 8.0
367, 285.0, 220.0
368, 349.0, 227.0
369, 362.0, 205.0
370, 715.0, 412.0
371, 540.0, 88.0
372, 35.0, 204.0
373, 146.0, 430.0
374, 90.0, 437.0
375, 175.0, 72.0
376, 379.0, 8.0
377, 422.0, 196.0
378, 207.0, 176.0
379, 319.0, 72.0
380, 170.0, 38.0
381, 535.0, 330.0
382, 108.0, 259.0
383, 468.0, 176.0
384, 27.0, 236.0
385, 304.0, 82.0
386, 516.0, 115.0
387, 128.0, 72.0
388, 483.0, 102.0
389, 78.0, 179.0
390, 123.0, 426.0
391, 455.0, 435.0
392, 652.0, 212.0
393, 333.0, 378.0
394, 713.0, 469.0
395, 113.0, 282.0
396, 709.0, 300.0
397, 195.0, 307.0
398, 245.0, 349.0
399, 9.0, 20.0
400, 208.0, 214.0
401, 564.0, 175.0
402, 14.0, 39.0
403, 581.0, 54.0
404, 152.0, 194.0
405, 480.0, 143.0
406, 451.0, 142.0
407, 259.0, 193.0
408, 96.0, 469.0
409, 461.0, 102.0
410, 263.0, 24.0
411, 710.0, 54.0
412, 504.0, 169.0
413, 605.0, 73.0
414, 534.0, 30.0
415, 142.0, 252.0
416, 225.0, 293.0
417, 85.0, 366.0
418, 67.0, 204.0
419, 46.0, 70.0
420, 104.0, 352.0
421, 380.0, 159.0
422, 344.0, 75.0
423, 552.0, 92.0
424, 401.0, 409.0
425, 100.0, 286.0
426, 117.0, 126.0
427, 711.0, 46.0
428, 52.0, 240.0
429, 538.0, 128.0
430, 373.0, 144.0
431, 491.0, 144.0
432, 234.0, 256.0
433, 416.0, 140.0
434, 485.0, 115.0
435, 379.0, 245.0
436, 91.0, 449.0
437, 354.0, 38.0
438, 395.0, 446.0
439, 180.0, 383.0
440, 20.0, 321.0
441, 207.0, 188.0
442, 362.0, 232.0
443, 316.0, 467.0
444, 730.0, 214.0
445, 524.0, 83.0
446, 458.0, 168.0
447, 241.0, 202.0
448, 229.0, 379.0
449, 274.0, 172.0
450, 353.0, 72.0
451, 239.0, 178.0
452, 305.0, 72.0
453, 265.0, 269.0
454, 595.0, 103.0
455, 329.0, 192.0
456, 13.0, 87.0
457, 482.0, 427.0
458, 241.0, 189.0
459, 226.0, 390.0
460, 157.0, 221.0
461, 304.0, 129.0
462, 457.0, 90.0
463, 99.0, 155.0
464, 203.0, 143.0
465, 414.0, 458.0
466, 452.0, 91.0
467, 721.0, 72.0
468, 29.0, 397.0
469, 568.0, 73.0
470, 593.0, 74.0
471, 661.0, 177.0
472, 734.0, 8.0
473, 173.0, 348.0
474, 344.0, 416.0
475, 51.0, 195.0
476, 190.0, 422.0
477, 697.0, 54.0
478, 316.0, 129.0
479, 132.0, 90.0
480, 251.0, 71.0
481, 350.0, 62.0
482, 412.0, 37.0
483, 347.0, 192.0
484, 446.0, 320.0
485, 565.0, 243.0
486, 314.0, 385.0
487, 241.0, 326.0
488, 269.0, 72.0
489, 464.0, 40.0
490, 411.0, 222.0
491, 211.0, 251.0
492, 578.0, 65.0
493, 148.0, 362.0
494, 98.0, 427.0
495, 123.0, 294.0
496, 99.0, 141.0
497, 199.0, 164.0
498, 587.0, 390.0
499, 333.0, 310.0
