0, 290.0, 183.0
1, 416.0, 192.0
2, 512.0, 221.0
3, 238.0, 185.0
4, 364.0, 159.0
5, 487.0, 421.0
6, 457.0, 175.0
7, 517.0, 427.0
8, 467.0, 196.0
9, 638.0, 52.0
10, 617.0, 180.0
11, 388.0, 122.0
12, 404.0, 176.0
13, 639.0, 356.0
14, 613.0, 201.0
15, 558.0, 191.0
16, 365.0, 396.0
17, 560.0, 175.0
18, 247.0, 162.0
19, 597.0, 104.0
20, 464.0, 207.0
21, 510.0, 345.0
22, 479.0, 178.0
23, 253.0, 204.0
24, 391.0, 213.0
25, 594.0, 180.0
26, 404.0, 225.0
27, 569.0, 107.0
28, 546.0, 158.0
29, 501.0, 121.0
30, 538.0, 256.0
31, 644.0, 144.0
32, 402.0, 185.0
33, 567.0, 124.0
34, 444.0, 346.0
35, 503.0, 432.0
36, 563.0, 157.0
37, 576.0, 204.0
38, 317.0, 10.0
39, 358.0, 175.0
40, 585.0, 205.0
41, 106.0, 404.0
42, 444.0, 51.0
43, 342.0, 174.0
44, 457.0, 184.0
45, 173.0, 396.0
46, 416.0, 175.0
47, 267.0, 153.0
48, 445.0, 143.0
49, 338.0, 216.0
50, 468.0, 177.0
51, 292.0, 143.0
52, 430.0, 191.0
53, 145.0, 418.0
54, 458.0, 219.0
55, 740.0, 110.0
56, 253.0, 129.0
57, 303.0, 180.0
58, 94.0, 416.0
59, 399.0, 262.0
60, 627.0, 38.0
61, 581.0, 337.0
62, 294.0, 47.0
63, 187.0, 33.0
64, 264.0, 203.0
65, 601.0, 188.0
66, 320.0, 195.0
67, 394.0, 161.0
68, 380.0, 421.0
69, 483.0, 139.0
70, 276.0, 149.0
71, 235.0, 166.0
72, 292.0, 196.0
73, 75.0, 130.0
74, 489.0, 471.0
75, 207.0, 202.0
76, 147.0, 138.0
77, 363.0, 219.0
78, 428.0, 52.0
79, 441.0, 191.0
80, 403.0, 235.0
81, 376.0, 101.0
82, 565.0, 136.0
83, 302.0, 168.0
84, 177.0, 186.0
85, 381.0, 273.0
86, 505.0, 171.0
87, 482.0, 220.0
88, 136.0, 126.0
89, 181.0, 202.0
90, 717.0, 216.0
91, 227.0, 121.0
92, 484.0, 316.0
93, 349.0, 287.0
94, 312.0, 427.0
95, 621.0, 169.0
96, 742.0, 216.0
97, 257.0, 157.0
98, 402.0, 403.0
99, 558.0, 211.0
100, 402.0, 426.0
101, 539.0, 138.0
102, 201.0, 176.0
103, 273.0, 229.0
104, 321.0, 465.0
105, 220.0, 202.0
106, 337.0, 414.0
107, 465.0, 140.0
108, 142.0, 201.0
109, 447.0, 218.0
110, 287.0, 204.0
111, 419.0, 408.0
112, 49.0, 405.0
113, 414.0, 226.0
114, 562.0, 343.0
115, 598.0, 160.0
116, 542.0, 125.0
117, 428.0, 142.0
118, 216.0, 174.0
119, 478.0, 190.0
120, 424.0, 224.0
121, 74.0, 73.0
122, 330.0, 431.0
123, 470.0, 166.0
124, 541.0, 87.0
125, 316.0, 162.0
126, 319.0, 409.0
127, 320.0, 185.0
128, 526.0, 85.0
129, 468.0, 186.0
130, 325.0, 235.0
131, 662.0, 62.0
132, 634.0, 196.0
133, 517.0, 91.0
134, 182.0, 13.0
135, 387.0, 205.0
136, 273.0, 123.0
137, 357.0, 417.0
138, 185.0, 96.0
139, 143.0, 374.0
140, 379.0, 399.0
141, 488.0, 447.0
142, 153.0, 398.0
143, 568.0, 438.0
144, 636.0, 183.0
145, 667.0, 36.0
146, 480.0, 208.0
147, 582.0, 137.0
148, 331.0, 146.0
149, 412.0, 276.0
150, 346.0, 394.0
151, 282.0, 40.0
152, 515.0, 177.0
153, 292.0, 27.0
154, 149.0, 114.0
155, 79.0, 211.0
156, 120.0, 72.0
157, 738.0, 299.0
158, 724.0, 188.0
159, 726.0, 466.0
160, 396.0, 225.0
161, 40.0, 203.0
162, 439.0, 251.0
163, 74.0, 462.0
164, 101.0, 201.0
165, 159.0, 359.0
166, 200.0, 96.0
167, 351.0, 190.0
168, 192.0, 401.0
169, 174.0, 214.0
170, 362.0, 191.0
171, 218.0, 384.0
172, 131.0, 436.0
173, 148.0, 222.0
174, 125.0, 388.0
175, 126.0, 142.0
176, 610.0, 322.0
177, 528.0, 151.0
178, 442.0, 445.0
179, 164.0, 133.0
180, 669.0, 458.0
181, 74.0, 340.0
182, 251.0, 115.0
183, 465.0, 416.0
184, 603.0, 135.0
185, 623.0, 65.0
186, 585.0, 443.0
187, 380.0, 160.0
188, 93.0, 363.0
189, 496.0, 283.0
190, 480.0, 198.0
191, 429.0, 98.0
192, 407.0, 99.0
193, 155.0, 48.0
194, 455.0, 251.0
195, 642.0, 35.0
196, 72.0, 199.0
197, 206.0, 405.0
198, 531.0, 359.0
199, 37.0, 382.0
200, 396.0, 242.0
201, 236.0, 28.0
202, 624.0, 53.0
203, 629.0, 137.0
204, 385.0, 12.0
205, 165.0, 16.0
206, 542.0, 449.0
207, 401.0, 11.0
208, 635.0, 141.0
209, 594.0, 126.0
210, 587.0, 101.0
211, 207.0, 383.0
212, 264.0, 324.0
213, 289.0, 119.0
214, 614.0, 213.0
215, 277.0, 314.0
216, 529.0, 178.0
217, 190.0, 128.0
218, 372.0, 191.0
219, 223.0, 38.0
220, 384.0, 175.0
221, 49.0, 30.0
222, 412.0, 440.0
223, 532.0, 337.0
224, 566.0, 356.0
225, 349.0, 204.0
226, 433.0, 214.0
227, 305.0, 139.0
228, 331.0, 177.0
229, 496.0, 167.0
230, 604.0, 168.0
231, 88.0, 34.0
232, 280.0, 107.0
233, 629.0, 174.0
234, 475.0, 219.0
235, 240.0, 410.0
236, 399.0, 207.0
237, 161.0, 199.0
238, 407.0, 142.0
239, 301.0, 100.0
240, 317.0, 25.0
241, 157.0, 426.0
242, 172.0, 38.0
243, 26.0, 163.0
244, 497.0, 443.0
245, 543.0, 106.0
246, 185.0, 379.0
247, 438.0, 236.0
248, 488.0, 102.0
249, 85.0, 149.0
250, 57.0, 156.0
251, 15.0, 82.0
252, 137.0, 84.0
253, 285.0, 147.0
254, 411.0, 247.0
255, 415.0, 107.0
256, 738.0, 52.0
257, 204.0, 414.0
258, 224.0, 416.0
259, 502.0, 129.0
260, 707.0, 16.0
261, 742.0, 26.0
262, 500.0, 423.0
263, 327.0, 25.0
264, 206.0, 125.0
265, 198.0, 459.0
266, 700.0, 53.0
267, 333.0, 13.0
268, 681.0, 221.0
269, 517.0, 123.0
270, 499.0, 216.0
271, 236.0, 116.0
272, 501.0, 254.0
273, 309.0, 407.0
274, 359.0, 287.0
275, 589.0, 212.0
276, 408.0, 195.0
277, 157.0, 38.0
278, 96.0, 72.0
279, 370.0, 145.0
280, 310.0, 163.0
281, 456.0, 192.0
282, 445.0, 335.0
283, 213.0, 238.0
284, 87.0, 383.0
285, 545.0, 435.0
286, 193.0, 425.0
287, 356.0, 145.0
288, 377.0, 120.0
289, 667.0, 105.0
290, 734.0, 38.0
291, 479.0, 166.0
292, 450.0, 206.0
293, 272.0, 399.0
294, 312.0, 183.0
295, 326.0, 166.0
296, 48.0, 140.0
297, 650.0, 103.0
298, 663.0, 349.0
299, 269.0, 43.0
300, 279.0, 21.0
301, 110.0, 417.0
302, 442.0, 366.0
303, 145.0, 39.0
304, 598.0, 144.0
305, 495.0, 190.0
306, 425.0, 248.0
307, 261.0, 123.0
308, 111.0, 48.0
309, 292.0, 226.0
310, 525.0, 285.0
311, 513.0, 210.0
312, 284.0, 327.0
313, 535.0, 107.0
314, 220.0, 469.0
315, 444.0, 95.0
316, 504.0, 359.0
317, 228.0, 292.0
318, 240.0, 41.0
319, 339.0, 144.0
320, 189.0, 210.0
321, 524.0, 99.0
322, 352.0, 434.0
323, 533.0, 243.0
324, 418.0, 344.0
325, 369.0, 123.0
326, 720.0, 39.0
327, 122.0, 213.0
328, 557.0, 204.0
329, 240.0, 202.0
330, 495.0, 181.0
331, 274.0, 203.0
332, 196.0, 227.0
333, 357.0, 17.0
334, 114.0, 35.0
335, 301.0, 194.0
336, 308.0, 147.0
337, 415.0, 163.0
338, 334.0, 97.0
339, 300.0, 214.0
340, 307.0, 204.0
341, 269.0, 111.0
342, 145.0, 407.0
343, 357.0, 235.0
344, 231.0, 37.0
345, 285.0, 421.0
346, 96.0, 371.0
347, 638.0, 18.0
348, 57.0, 405.0
349, 282.0, 343.0
350, 594.0, 212.0
351, 98.0, 129.0
352, 531.0, 233.0
353, 218.0, 424.0
354, 470.0, 253.0
355, 208.0, 228.0
356, 221.0, 24.0
357, 111.0, 396.0
358, 69.0, 31.0
359, 35.0, 152.0
360, 517.0, 40.0
361, 631.0, 28.0
362, 574.0, 320.0
363, 161.0, 74.0
364, 98.0, 426.0
365, 285.0, 443.0
366, 488.0, 356.0
367, 159.0, 100.0
368, 204.0, 391.0
369, 539.0, 432.0
370, 415.0, 233.0
371, 313.0, 301.0
372, 205.0, 194.0
373, 633.0, 61.0
374, 73.0, 232.0
375, 47.0, 119.0
376, 444.0, 161.0
377, 424.0, 455.0
378, 488.0, 94.0
379, 444.0, 129.0
380, 397.0, 143.0
381, 541.0, 228.0
382, 116.0, 403.0
383, 617.0, 102.0
384, 674.0, 12.0
385, 123.0, 300.0
386, 546.0, 228.0
387, 257.0, 225.0
388, 230.0, 143.0
389, 218.0, 303.0
390, 244.0, 273.0
391, 354.0, 164.0
392, 62.0, 37.0
393, 623.0, 450.0
394, 345.0, 10.0
395, 221.0, 406.0
396, 285.0, 267.0
397, 387.0, 97.0
398, 223.0, 191.0
399, 380.0, 142.0
400, 532.0, 367.0
401, 202.0, 428.0
402, 81.0, 451.0
403, 247.0, 329.0
404, 428.0, 69.0
405, 386.0, 444.0
406, 375.0, 332.0
407, 59.0, 65.0
408, 403.0, 446.0
409, 122.0, 422.0
410, 164.0, 96.0
411, 250.0, 181.0
412, 511.0, 10.0
413, 198.0, 125.0
414, 492.0, 244.0
415, 161.0, 193.0
416, 693.0, 348.0
417, 495.0, 436.0
418, 317.0, 177.0
419, 65.0, 413.0
420, 69.0, 376.0
421, 735.0, 26.0
422, 159.0, 278.0
423, 406.0, 339.0
424, 242.0, 211.0
425, 272.0, 188.0
426, 167.0, 50.0
427, 438.0, 208.0
428, 459.0, 239.0
429, 79.0, 87.0
430, 116.0, 125.0
431, 23.0, 380.0
432, 446.0, 315.0
433, 391.0, 236.0
434, 135.0, 407.0
435, 581.0, 108.0
436, 159.0, 217.0
437, 280.0, 29.0
438, 234.0, 290.0
439, 631.0, 163.0
440, 126.0, 254.0
441, 707.0, 40.0
442, 59.0, 46.0
443, 78.0, 295.0
444, 86.0, 201.0
445, 575.0, 197.0
446, 424.0, 207.0
447, 174.0, 425.0
448, 606.0, 444.0
449, 79.0, 399.0
450, 197.0, 187.0
451, 53.0, 384.0
452, 464.0, 432.0
453, 136.0, 137.0
454, 335.0, 194.0
455, 170.0, 157.0
456, 395.0, 170.0
457, 289.0, 106.0
458, 444.0, 181.0
459, 263.0, 8.0
460, 236.0, 389.0
461, 423.0, 340.0
462, 430.0, 276.0
463, 377.0, 381.0
464, 81.0, 100.0
465, 204.0, 34.0
466, 703.0, 29.0
467, 531.0, 132.0
468, 322.0, 25.0
469, 630.0, 100.0
470, 269.0, 164.0
471, 396.0, 247.0
472, 112.0, 447.0
473, 531.0, 120.0
474, 260.0, 41.0
475, 173.0, 16.0
476, 508.0, 209.0
477, 433.0, 233.0
478, 428.0, 214.0
479, 723.0, 300.0
480, 290.0, 124.0
481, 158.0, 432.0
482, 538.0, 470.0
483, 583.0, 144.0
484, 103.0, 463.0
485, 152.0, 161.0
486, 156.0, 105.0
487, 669.0, 25.0
488, 701.0, 47.0
489, 279.0, 381.0
490, 287.0, 20.0
491, 89.0, 427.0
492, 106.0, 209.0
493, 607.0, 93.0
494, 154.0, 126.0
495, 208.0, 8.0
496, 74.0, 242.0
497, 279.0, 220.0
498, 403.0, 67.0
499, 340.0, 11.0
