0, 175.0, 231.0
1, 159.0, 287.0
2, 455.0, 39.0
3, 426.0, 45.0
4, 256.0, 254.0
5, 241.0, 288.0
6, 200.0, 27.0
7, 102.0, 272.0
8, 464.0, 226.0
9, 273.0, 395.0
10, 599.0, 376.0
11, 455.0, 49.0
12, 474.0, 346.0
13, 286.0, 220.0
14, 176.0, 244.0
15, 510.0, 59.0
16, 266.0, 265.0
17, 116.0, 47.0
18, 514.0, 340.0
19, 446.0, 159.0
20, 313.0, 184.0
21, 273.0, 220.0
22, 477.0, 28.0
23, 309.0, 259.0
24, 135.0, 412.0
25, 362.0, 252.0
26, 405.0, 37.0
27, 340.0, 212.0
28, 368.0, 304.0
29, 419.0, 235.0
30, 442.0, 340.0
31, 217.0, 258.0
32, 134.0, 325.0
33, 435.0, 251.0
34, 360.0, 424.0
35, 632.0, 459.0
36, 134.0, 226.0
37, 456.0, 29.0
38, 150.0, 214.0
39, 422.0, 172.0
40, 157.0, 185.0
41, 343.0, 30.0
42, 554.0, 325.0
43, 513.0, 287.0
44, 406.0, 316.0
45, 330.0, 288.0
46, 188.0, 27.0
47, 37.0, 214.0
48, 527.0, 295.0
49, 141.0, 445.0
50, 437.0, 189.0
51, 500.0, 286.0
52, 487.0, 318.0
53, 560.0, 332.0
54, 122.0, 307.0
55, 241.0, 411.0
56, 55.0, 236.0
57, 401.0, 346.0
58, 152.0, 228.0
59, 130.0, 149.0
60, 100.0, 194.0
61, 361.0, 436.0
62, 547.0, 50.0
63, 444.0, 304.0
64, 391.0, 304.0
65, 309.0, 95.0
66, 301.0, 269.0
67, 443.0, 325.0
68, 231.0, 165.0
69, 301.0, 238.0
70, 181.0, 212.0
71, 330.0, 410.0
72, 676.0, 131.0
73, 488.0, 347.0
74, 311.0, 249.0
75, 438.0, 438.0
76, 434.0, 292.0
77, 490.0, 60.0
78, 103.0, 36.0
79, 227.0, 241.0
80, 360.0, 328.0
81, 507.0, 101.0
82, 500.0, 263.0
83, 317.0, 29.0
84, 369.0, 291.0
85, 609.0, 386.0
86, 438.0, 16.0
87, 267.0, 306.0
88, 511.0, 49.0
89, 114.0, 317.0
90, 492.0, 40.0
91, 349.0, 214.0
92, 478.0, 191.0
93, 421.0, 201.0
94, 255.0, 165.0
95, 255.0, 36.0
96, 722.0, 153.0
97, 240.0, 27.0
98, 104.0, 47.0
99, 322.0, 269.0
100, 245.0, 398.0
101, 527.0, 61.0
102, 312.0, 409.0
103, 78.0, 25.0
104, 477.0, 16.0
105, 454.0, 59.0
106, 161.0, 208.0
107, 427.0, 17.0
108, 286.0, 239.0
109, 406.0, 27.0
110, 343.0, 13.0
111, 321.0, 253.0
112, 85.0, 272.0
113, 252.0, 137.0
114, 681.0, 193.0
115, 406.0, 17.0
116, 110.0, 308.0
117, 269.0, 130.0
118, 382.0, 224.0
119, 65.0, 273.0
120, 460.0, 440.0
121, 524.0, 29.0
122, 542.0, 171.0
123, 144.0, 318.0
124, 226.0, 201.0
125, 293.0, 404.0
126, 555.0, 174.0
127, 263.0, 439.0
128, 452.0, 189.0
129, 236.0, 210.0
130, 737.0, 208.0
131, 349.0, 182.0
132, 491.0, 50.0
133, 659.0, 441.0
134, 310.0, 269.0
135, 482.0, 120.0
136, 365.0, 236.0
137, 214.0, 300.0
138, 86.0, 433.0
139, 123.0, 432.0
140, 451.0, 229.0
141, 117.0, 57.0
142, 284.0, 285.0
143, 135.0, 37.0
144, 36.0, 427.0
145, 373.0, 330.0
146, 165.0, 321.0
147, 420.0, 220.0
148, 202.0, 218.0
149, 545.0, 140.0
150, 572.0, 176.0
151, 374.0, 314.0
152, 334.0, 240.0
153, 292.0, 28.0
154, 515.0, 29.0
155, 366.0, 385.0
156, 198.0, 11.0
157, 213.0, 237.0
158, 333.0, 183.0
159, 136.0, 179.0
160, 85.0, 199.0
161, 338.0, 222.0
162, 402.0, 378.0
163, 427.0, 455.0
164, 623.0, 449.0
165, 382.0, 277.0
166, 357.0, 13.0
167, 267.0, 425.0
168, 338.0, 252.0
169, 301.0, 376.0
170, 175.0, 356.0
171, 352.0, 249.0
172, 349.0, 130.0
173, 197.0, 275.0
174, 450.0, 208.0
175, 359.0, 312.0
176, 475.0, 290.0
177, 244.0, 438.0
178, 184.0, 11.0
179, 418.0, 27.0
180, 484.0, 100.0
181, 475.0, 223.0
182, 201.0, 441.0
183, 366.0, 28.0
184, 682.0, 469.0
185, 563.0, 60.0
186, 496.0, 356.0
187, 114.0, 36.0
188, 226.0, 457.0
189, 402.0, 172.0
190, 137.0, 248.0
191, 151.0, 390.0
192, 379.0, 422.0
193, 486.0, 263.0
194, 68.0, 206.0
195, 279.0, 260.0
196, 88.0, 160.0
197, 722.0, 176.0
198, 133.0, 26.0
199, 489.0, 282.0
200, 126.0, 57.0
201, 401.0, 420.0
202, 688.0, 259.0
203, 371.0, 280.0
204, 129.0, 138.0
205, 310.0, 129.0
206, 122.0, 444.0
207, 349.0, 226.0
208, 256.0, 265.0
209, 576.0, 468.0
210, 114.0, 25.0
211, 155.0, 327.0
212, 217.0, 185.0
213, 297.0, 253.0
214, 251.0, 278.0
215, 77.0, 163.0
216, 423.0, 160.0
217, 463.0, 243.0
218, 214.0, 227.0
219, 506.0, 271.0
220, 261.0, 206.0
221, 39.0, 26.0
222, 85.0, 443.0
223, 169.0, 203.0
224, 215.0, 211.0
225, 743.0, 439.0
226, 423.0, 183.0
227, 242.0, 199.0
228, 275.0, 238.0
229, 240.0, 271.0
230, 465.0, 88.0
231, 477.0, 304.0
232, 369.0, 447.0
233, 343.0, 425.0
234, 400.0, 142.0
235, 436.0, 240.0
236, 388.0, 139.0
237, 256.0, 406.0
238, 238.0, 241.0
239, 349.0, 54.0
240, 529.0, 308.0
241, 404.0, 454.0
242, 509.0, 326.0
243, 647.0, 177.0
244, 525.0, 16.0
245, 253.0, 288.0
246, 365.0, 166.0
247, 82.0, 46.0
248, 297.0, 184.0
249, 113.0, 188.0
250, 629.0, 427.0
251, 455.0, 99.0
252, 295.0, 287.0
253, 307.0, 54.0
254, 317.0, 364.0
255, 395.0, 330.0
256, 181.0, 283.0
257, 536.0, 316.0
258, 326.0, 53.0
259, 675.0, 461.0
260, 293.0, 95.0
261, 274.0, 354.0
262, 533.0, 30.0
263, 233.0, 391.0
264, 435.0, 155.0
265, 361.0, 347.0
266, 361.0, 455.0
267, 462.0, 209.0
268, 273.0, 30.0
269, 530.0, 279.0
270, 338.0, 268.0
271, 487.0, 327.0
272, 650.0, 131.0
273, 48.0, 211.0
274, 396.0, 225.0
275, 51.0, 33.0
276, 419.0, 16.0
277, 416.0, 37.0
278, 125.0, 184.0
279, 187.0, 186.0
280, 391.0, 27.0
281, 674.0, 108.0
282, 477.0, 260.0
283, 466.0, 99.0
284, 162.0, 27.0
285, 407.0, 304.0
286, 681.0, 96.0
287, 566.0, 361.0
288, 231.0, 251.0
289, 318.0, 12.0
290, 375.0, 252.0
291, 27.0, 26.0
292, 82.0, 59.0
293, 171.0, 286.0
294, 189.0, 62.0
295, 502.0, 310.0
296, 557.0, 395.0
297, 349.0, 237.0
298, 363.0, 273.0
299, 655.0, 108.0
300, 257.0, 459.0
301, 72.0, 36.0
302, 438.0, 385.0
303, 418.0, 346.0
304, 224.0, 96.0
305, 107.0, 156.0
306, 247.0, 245.0
307, 177.0, 403.0
308, 555.0, 249.0
309, 166.0, 50.0
310, 328.0, 222.0
311, 282.0, 150.0
312, 390.0, 38.0
313, 378.0, 454.0
314, 531.0, 118.0
315, 241.0, 376.0
316, 264.0, 54.0
317, 408.0, 291.0
318, 313.0, 394.0
319, 658.0, 96.0
320, 303.0, 408.0
321, 379.0, 359.0
322, 672.0, 211.0
323, 286.0, 254.0
324, 304.0, 397.0
325, 602.0, 162.0
326, 59.0, 434.0
327, 446.0, 145.0
328, 149.0, 145.0
329, 347.0, 324.0
330, 467.0, 418.0
331, 426.0, 401.0
332, 379.0, 392.0
333, 30.0, 38.0
334, 575.0, 362.0
335, 671.0, 454.0
336, 158.0, 380.0
337, 214.0, 27.0
338, 146.0, 375.0
339, 454.0, 421.0
340, 416.0, 52.0
341, 251.0, 223.0
342, 518.0, 105.0
343, 240.0, 38.0
344, 281.0, 138.0
345, 465.0, 454.0
346, 618.0, 30.0
347, 364.0, 214.0
348, 467.0, 17.0
349, 395.0, 320.0
350, 468.0, 322.0
351, 402.0, 183.0
352, 253.0, 18.0
353, 417.0, 382.0
354, 505.0, 36.0
355, 123.0, 37.0
356, 548.0, 295.0
357, 429.0, 339.0
358, 219.0, 393.0
359, 125.0, 47.0
360, 651.0, 223.0
361, 238.0, 142.0
362, 163.0, 230.0
363, 421.0, 327.0
364, 211.0, 456.0
365, 244.0, 304.0
366, 509.0, 8.0
367, 132.0, 47.0
368, 466.0, 181.0
369, 431.0, 367.0
370, 259.0, 381.0
371, 89.0, 146.0
372, 695.0, 189.0
373, 159.0, 433.0
374, 686.0, 146.0
375, 314.0, 39.0
376, 209.0, 266.0
377, 184.0, 296.0
378, 73.0, 47.0
379, 312.0, 424.0
380, 402.0, 356.0
381, 328.0, 231.0
382, 379.0, 169.0
383, 520.0, 334.0
384, 392.0, 454.0
385, 92.0, 58.0
386, 123.0, 234.0
387, 451.0, 408.0
388, 401.0, 397.0
389, 403.0, 159.0
390, 177.0, 329.0
391, 222.0, 78.0
392, 530.0, 50.0
393, 314.0, 223.0
394, 274.0, 183.0
395, 437.0, 46.0
396, 134.0, 69.0
397, 189.0, 318.0
398, 456.0, 119.0
399, 383.0, 436.0
400, 188.0, 338.0
401, 359.0, 372.0
402, 289.0, 16.0
403, 600.0, 60.0
404, 534.0, 99.0
405, 189.0, 201.0
406, 576.0, 263.0
407, 382.0, 447.0
408, 372.0, 376.0
409, 521.0, 48.0
410, 202.0, 297.0
411, 125.0, 412.0
412, 425.0, 278.0
413, 392.0, 53.0
414, 583.0, 429.0
415, 724.0, 221.0
416, 434.0, 163.0
417, 198.0, 396.0
418, 620.0, 466.0
419, 40.0, 441.0
420, 45.0, 49.0
421, 536.0, 233.0
422, 241.0, 448.0
423, 284.0, 28.0
424, 434.0, 357.0
425, 27.0, 52.0
426, 208.0, 141.0
427, 59.0, 24.0
428, 316.0, 288.0
429, 313.0, 212.0
430, 325.0, 237.0
431, 313.0, 237.0
432, 488.0, 87.0
433, 227.0, 271.0
434, 17.0, 224.0
435, 391.0, 200.0
436, 56.0, 446.0
437, 513.0, 87.0
438, 117.0, 140.0
439, 522.0, 40.0
440, 737.0, 457.0
441, 384.0, 342.0
442, 422.0, 287.0
443, 480.0, 241.0
444, 506.0, 172.0
445, 486.0, 305.0
446, 504.0, 119.0
447, 212.0, 355.0
448, 255.0, 392.0
449, 141.0, 391.0
450, 109.0, 322.0
451, 351.0, 268.0
452, 372.0, 217.0
453, 134.0, 169.0
454, 41.0, 37.0
455, 29.0, 247.0
456, 299.0, 353.0
457, 216.0, 442.0
458, 699.0, 94.0
459, 378.0, 323.0
460, 376.0, 343.0
461, 34.0, 155.0
462, 404.0, 48.0
463, 241.0, 470.0
464, 50.0, 149.0
465, 556.0, 466.0
466, 312.0, 199.0
467, 532.0, 363.0
468, 216.0, 40.0
469, 715.0, 138.0
470, 416.0, 139.0
471, 319.0, 379.0
472, 220.0, 223.0
473, 392.0, 13.0
474, 691.0, 58.0
475, 521.0, 179.0
476, 566.0, 316.0
477, 231.0, 471.0
478, 271.0, 230.0
479, 421.0, 252.0
480, 223.0, 421.0
481, 249.0, 10.0
482, 416.0, 442.0
483, 124.0, 274.0
484, 73.0, 146.0
485, 264.0, 195.0
486, 448.0, 283.0
487, 153.0, 174.0
488, 487.0, 426.0
489, 475.0, 155.0
490, 453.0, 321.0
491, 59.0, 319.0
492, 355.0, 290.0
493, 535.0, 471.0
494, 192.0, 402.0
495, 168.0, 294.0
496, 292.0, 75.0
497, 59.0, 251.0
498, 183.0, 428.0
499, 472.0, 413.0
