0, 284.0, 255.0
1, 552.0, 138.0
2, 140.0, 254.0
3, 465.0, 164.0
4, 641.0, 144.0
5, 123.0, 160.0
6, 447.0, 121.0
7, 125.0, 138.0
8, 523.0, 197.0
9, 540.0, 135.0
10, 303.0, 157.0
11, 570.0, 258.0
12, 695.0, 89.0
13, 460.0, 26.0
14, 437.0, 147.0
15, 452.0, 147.0
16, 197.0, 299.0
17, 713.0, 146.0
18, 135.0, 11.0
19, 302.0, 143.0
20, 516.0, 29.0
21, 493.0, 54.0
22, 102.0, 107.0
23, 159.0, 153.0
24, 461.0, 15.0
25, 65.0, 158.0
26, 478.0, 157.0
27, 167.0, 138.0
28, 469.0, 82.0
29, 354.0, 143.0
30, 518.0, 18.0
31, 658.0, 87.0
32, 337.0, 143.0
33, 369.0, 127.0
34, 496.0, 28.0
35, 470.0, 53.0
36, 141.0, 101.0
37, 317.0, 144.0
38, 136.0, 136.0
39, 449.0, 163.0
40, 535.0, 92.0
41, 423.0, 145.0
42, 540.0, 299.0
43, 486.0, 94.0
44, 91.0, 109.0
45, 99.0, 158.0
46, 316.0, 55.0
47, 712.0, 119.0
48, 91.0, 252.0
49, 662.0, 72.0
50, 509.0, 308.0
51, 517.0, 56.0
52, 405.0, 134.0
53, 420.0, 202.0
54, 498.0, 8.0
55, 497.0, 17.0
56, 262.0, 119.0
57, 490.0, 177.0
58, 181.0, 254.0
59, 146.0, 132.0
60, 115.0, 93.0
61, 688.0, 74.0
62, 423.0, 135.0
63, 298.0, 204.0
64, 111.0, 158.0
65, 679.0, 425.0
66, 655.0, 169.0
67, 53.0, 97.0
68, 300.0, 53.0
69, 138.0, 153.0
70, 425.0, 121.0
71, 467.0, 150.0
72, 678.0, 88.0
73, 639.0, 96.0
74, 240.0, 118.0
75, 599.0, 131.0
76, 65.0, 150.0
77, 335.0, 200.0
78, 384.0, 101.0
79, 423.0, 15.0
80, 717.0, 265.0
81, 112.0, 142.0
82, 605.0, 32.0
83, 576.0, 287.0
84, 555.0, 457.0
85, 443.0, 8.0
86, 675.0, 283.0
87, 532.0, 29.0
88, 247.0, 95.0
89, 567.0, 140.0
90, 403.0, 146.0
91, 489.0, 72.0
92, 460.0, 91.0
93, 104.0, 93.0
94, 697.0, 172.0
95, 154.0, 254.0
96, 696.0, 385.0
97, 570.0, 20.0
98, 119.0, 105.0
99, 171.0, 253.0
100, 290.0, 106.0
101, 11.0, 147.0
102, 724.0, 90.0
103, 298.0, 8.0
104, 224.0, 141.0
105, 444.0, 19.0
106, 568.0, 31.0
107, 214.0, 254.0
108, 403.0, 101.0
109, 242.0, 141.0
110, 547.0, 113.0
111, 432.0, 8.0
112, 606.0, 96.0
113, 523.0, 315.0
114, 699.0, 78.0
115, 539.0, 71.0
116, 383.0, 132.0
117, 217.0, 216.0
118, 554.0, 20.0
119, 163.0, 128.0
120, 510.0, 89.0
121, 69.0, 354.0
122, 375.0, 462.0
123, 206.0, 138.0
124, 650.0, 118.0
125, 597.0, 329.0
126, 438.0, 116.0
127, 621.0, 96.0
128, 528.0, 456.0
129, 265.0, 103.0
130, 534.0, 422.0
131, 127.0, 152.0
132, 356.0, 14.0
133, 594.0, 421.0
134, 86.0, 158.0
135, 146.0, 214.0
136, 316.0, 11.0
137, 730.0, 75.0
138, 502.0, 210.0
139, 720.0, 130.0
140, 253.0, 155.0
141, 370.0, 13.0
142, 129.0, 88.0
143, 138.0, 91.0
144, 146.0, 22.0
145, 533.0, 80.0
146, 57.0, 329.0
147, 99.0, 144.0
148, 302.0, 98.0
149, 492.0, 128.0
150, 317.0, 157.0
151, 160.0, 99.0
152, 682.0, 153.0
153, 126.0, 11.0
154, 481.0, 124.0
155, 472.0, 69.0
156, 230.0, 363.0
157, 484.0, 290.0
158, 229.0, 202.0
159, 346.0, 362.0
160, 11.0, 64.0
161, 377.0, 169.0
162, 31.0, 157.0
163, 85.0, 263.0
164, 725.0, 152.0
165, 513.0, 71.0
166, 628.0, 373.0
167, 514.0, 293.0
168, 197.0, 253.0
169, 382.0, 281.0
170, 302.0, 104.0
171, 533.0, 444.0
172, 253.0, 207.0
173, 663.0, 297.0
174, 164.0, 215.0
175, 190.0, 215.0
176, 394.0, 152.0
177, 89.0, 93.0
178, 573.0, 331.0
179, 35.0, 148.0
180, 317.0, 98.0
181, 280.0, 141.0
182, 689.0, 207.0
183, 562.0, 68.0
184, 543.0, 364.0
185, 608.0, 410.0
186, 429.0, 202.0
187, 21.0, 97.0
188, 523.0, 79.0
189, 248.0, 115.0
190, 260.0, 94.0
191, 397.0, 14.0
192, 360.0, 109.0
193, 115.0, 14.0
194, 461.0, 69.0
195, 396.0, 160.0
196, 688.0, 117.0
197, 541.0, 57.0
198, 498.0, 297.0
199, 635.0, 266.0
200, 582.0, 311.0
201, 256.0, 436.0
202, 68.0, 91.0
203, 405.0, 118.0
204, 357.0, 176.0
205, 156.0, 84.0
206, 309.0, 307.0
207, 371.0, 136.0
208, 247.0, 255.0
209, 529.0, 19.0
210, 147.0, 264.0
211, 651.0, 440.0
212, 318.0, 363.0
213, 107.0, 254.0
214, 586.0, 69.0
215, 96.0, 85.0
216, 626.0, 458.0
217, 443.0, 31.0
218, 272.0, 8.0
219, 420.0, 174.0
220, 164.0, 192.0
221, 300.0, 458.0
222, 468.0, 120.0
223, 390.0, 109.0
224, 553.0, 330.0
225, 652.0, 109.0
226, 132.0, 79.0
227, 116.0, 253.0
228, 218.0, 392.0
229, 644.0, 21.0
230, 205.0, 331.0
231, 143.0, 113.0
232, 281.0, 97.0
233, 535.0, 323.0
234, 568.0, 389.0
235, 168.0, 154.0
236, 375.0, 145.0
237, 343.0, 254.0
238, 491.0, 64.0
239, 276.0, 105.0
240, 484.0, 164.0
241, 262.0, 255.0
242, 367.0, 471.0
243, 362.0, 363.0
244, 518.0, 178.0
245, 457.0, 120.0
246, 99.0, 149.0
247, 655.0, 415.0
248, 534.0, 20.0
249, 128.0, 102.0
250, 356.0, 101.0
251, 591.0, 453.0
252, 496.0, 110.0
253, 381.0, 56.0
254, 639.0, 437.0
255, 112.0, 85.0
256, 356.0, 166.0
257, 196.0, 140.0
258, 742.0, 267.0
259, 451.0, 53.0
260, 314.0, 34.0
261, 317.0, 132.0
262, 265.0, 266.0
263, 321.0, 256.0
264, 409.0, 392.0
265, 436.0, 168.0
266, 151.0, 356.0
267, 459.0, 127.0
268, 250.0, 419.0
269, 218.0, 160.0
270, 683.0, 116.0
271, 519.0, 303.0
272, 376.0, 28.0
273, 107.0, 429.0
274, 405.0, 282.0
275, 186.0, 364.0
276, 527.0, 113.0
277, 372.0, 64.0
278, 728.0, 414.0
279, 99.0, 448.0
280, 466.0, 69.0
281, 708.0, 302.0
282, 118.0, 264.0
283, 420.0, 102.0
284, 222.0, 304.0
285, 324.0, 31.0
286, 301.0, 70.0
287, 142.0, 265.0
288, 281.0, 266.0
289, 149.0, 153.0
290, 289.0, 94.0
291, 443.0, 36.0
292, 465.0, 438.0
293, 520.0, 330.0
294, 690.0, 272.0
295, 647.0, 423.0
296, 151.0, 206.0
297, 447.0, 273.0
298, 509.0, 453.0
299, 332.0, 11.0
300, 378.0, 376.0
301, 187.0, 391.0
302, 361.0, 101.0
303, 506.0, 122.0
304, 150.0, 337.0
305, 238.0, 346.0
306, 213.0, 362.0
307, 532.0, 349.0
308, 135.0, 365.0
309, 312.0, 175.0
310, 460.0, 82.0
311, 73.0, 264.0
312, 168.0, 265.0
313, 98.0, 8.0
314, 305.0, 281.0
315, 40.0, 148.0
316, 542.0, 439.0
317, 332.0, 390.0
318, 607.0, 21.0
319, 710.0, 398.0
320, 125.0, 279.0
321, 276.0, 97.0
322, 668.0, 425.0
323, 467.0, 62.0
324, 343.0, 158.0
325, 111.0, 182.0
326, 232.0, 155.0
327, 468.0, 96.0
328, 424.0, 140.0
329, 330.0, 363.0
330, 308.0, 463.0
331, 675.0, 152.0
332, 47.0, 406.0
333, 477.0, 17.0
334, 111.0, 8.0
335, 647.0, 288.0
336, 316.0, 90.0
337, 585.0, 268.0
338, 491.0, 264.0
339, 254.0, 38.0
340, 468.0, 171.0
341, 383.0, 244.0
342, 414.0, 133.0
343, 547.0, 126.0
344, 133.0, 160.0
345, 370.0, 446.0
346, 155.0, 132.0
347, 200.0, 399.0
348, 122.0, 124.0
349, 316.0, 114.0
350, 538.0, 174.0
351, 413.0, 313.0
352, 592.0, 277.0
353, 117.0, 197.0
354, 329.0, 77.0
355, 176.0, 92.0
356, 479.0, 164.0
357, 392.0, 362.0
358, 421.0, 161.0
359, 288.0, 142.0
360, 106.0, 376.0
361, 67.0, 420.0
362, 399.0, 117.0
363, 116.0, 366.0
364, 235.0, 255.0
365, 342.0, 331.0
366, 332.0, 53.0
367, 91.0, 280.0
368, 359.0, 272.0
369, 444.0, 24.0
370, 196.0, 154.0
371, 20.0, 155.0
372, 79.0, 44.0
373, 72.0, 253.0
374, 213.0, 291.0
375, 675.0, 213.0
376, 680.0, 79.0
377, 293.0, 421.0
378, 396.0, 127.0
379, 441.0, 65.0
380, 322.0, 323.0
381, 36.0, 423.0
382, 314.0, 281.0
383, 206.0, 32.0
384, 126.0, 290.0
385, 90.0, 330.0
386, 436.0, 124.0
387, 492.0, 144.0
388, 388.0, 13.0
389, 355.0, 390.0
390, 687.0, 370.0
391, 463.0, 392.0
392, 617.0, 431.0
393, 193.0, 190.0
394, 345.0, 61.0
395, 318.0, 336.0
396, 573.0, 8.0
397, 139.0, 195.0
398, 503.0, 136.0
399, 151.0, 100.0
400, 148.0, 144.0
401, 316.0, 374.0
402, 107.0, 443.0
403, 339.0, 169.0
404, 259.0, 197.0
405, 284.0, 363.0
406, 231.0, 8.0
407, 401.0, 160.0
408, 315.0, 76.0
409, 362.0, 331.0
410, 299.0, 32.0
411, 455.0, 115.0
412, 144.0, 12.0
413, 705.0, 67.0
414, 681.0, 447.0
415, 335.0, 371.0
416, 490.0, 164.0
417, 196.0, 85.0
418, 312.0, 293.0
419, 558.0, 252.0
420, 649.0, 367.0
421, 514.0, 66.0
422, 234.0, 203.0
423, 464.0, 75.0
424, 375.0, 109.0
425, 182.0, 205.0
426, 192.0, 253.0
427, 168.0, 279.0
428, 473.0, 92.0
429, 275.0, 141.0
430, 320.0, 175.0
431, 740.0, 120.0
432, 692.0, 35.0
433, 304.0, 187.0
434, 433.0, 118.0
435, 269.0, 141.0
436, 678.0, 353.0
437, 59.0, 54.0
438, 181.0, 215.0
439, 275.0, 61.0
440, 572.0, 348.0
441, 133.0, 153.0
442, 539.0, 311.0
443, 479.0, 469.0
444, 11.0, 59.0
445, 144.0, 153.0
446, 742.0, 75.0
447, 279.0, 455.0
448, 102.0, 182.0
449, 486.0, 125.0
450, 475.0, 171.0
451, 132.0, 43.0
452, 506.0, 55.0
453, 588.0, 60.0
454, 240.0, 272.0
455, 395.0, 147.0
456, 265.0, 280.0
457, 307.0, 174.0
458, 738.0, 57.0
459, 575.0, 423.0
460, 201.0, 379.0
461, 182.0, 127.0
462, 53.0, 25.0
463, 523.0, 127.0
464, 331.0, 417.0
465, 191.0, 333.0
466, 399.0, 152.0
467, 360.0, 255.0
468, 492.0, 306.0
469, 646.0, 155.0
470, 355.0, 77.0
471, 121.0, 119.0
472, 9.0, 425.0
473, 693.0, 45.0
474, 598.0, 467.0
475, 191.0, 164.0
476, 308.0, 98.0
477, 596.0, 21.0
478, 43.0, 339.0
479, 396.0, 139.0
480, 276.0, 339.0
481, 531.0, 8.0
482, 641.0, 32.0
483, 686.0, 35.0
484, 456.0, 348.0
485, 88.0, 84.0
486, 325.0, 175.0
487, 256.0, 130.0
488, 498.0, 96.0
489, 354.0, 117.0
490, 244.0, 45.0
491, 175.0, 117.0
492, 327.0, 377.0
493, 384.0, 303.0
494, 626.0, 83.0
495, 670.0, 151.0
496, 40.0, 157.0
497, 250.0, 456.0
498, 345.0, 373.0
499, 300.0, 65.0
