0, 542.0, 322.0
1, 235.0, 241.0
2, 383.0, 248.0
3, 665.0, 364.0
4, 664.0, 373.0
5, 430.0, 280.0
6, 205.0, 311.0
7, 508.0, 287.0
8, 233.0, 229.0
9, 417.0, 409.0
10, 674.0, 372.0
11, 196.0, 396.0
12, 184.0, 223.0
13, 408.0, 220.0
14, 215.0, 177.0
15, 319.0, 378.0
16, 469.0, 302.0
17, 645.0, 374.0
18, 495.0, 276.0
19, 109.0, 372.0
20, 164.0, 255.0
21, 526.0, 208.0
22, 241.0, 268.0
23, 171.0, 280.0
24, 439.0, 24.0
25, 592.0, 278.0
26, 561.0, 290.0
27, 422.0, 245.0
28, 601.0, 286.0
29, 260.0, 428.0
30, 581.0, 303.0
31, 424.0, 372.0
32, 479.0, 190.0
33, 172.0, 229.0
34, 296.0, 211.0
35, 663.0, 347.0
36, 258.0, 312.0
37, 324.0, 266.0
38, 543.0, 172.0
39, 576.0, 260.0
40, 550.0, 303.0
41, 256.0, 254.0
42, 548.0, 13.0
43, 420.0, 318.0
44, 194.0, 218.0
45, 507.0, 42.0
46, 679.0, 346.0
47, 479.0, 222.0
48, 655.0, 373.0
49, 326.0, 211.0
50, 373.0, 187.0
51, 420.0, 296.0
52, 315.0, 388.0
53, 293.0, 417.0
54, 365.0, 265.0
55, 521.0, 307.0
56, 479.0, 171.0
57, 254.0, 243.0
58, 274.0, 264.0
59, 547.0, 34.0
60, 151.0, 91.0
61, 185.0, 278.0
62, 699.0, 404.0
63, 542.0, 206.0
64, 258.0, 226.0
65, 615.0, 391.0
66, 508.0, 323.0
67, 221.0, 397.0
68, 432.0, 369.0
69, 98.0, 288.0
70, 514.0, 197.0
71, 211.0, 72.0
72, 634.0, 386.0
73, 514.0, 212.0
74, 235.0, 398.0
75, 398.0, 247.0
76, 218.0, 379.0
77, 253.0, 322.0
78, 508.0, 308.0
79, 645.0, 365.0
80, 209.0, 331.0
81, 275.0, 229.0
82, 204.0, 34.0
83, 198.0, 277.0
84, 453.0, 291.0
85, 380.0, 282.0
86, 216.0, 339.0
87, 590.0, 26.0
88, 387.0, 220.0
89, 161.0, 27.0
90, 611.0, 140.0
91, 714.0, 405.0
92, 436.0, 324.0
93, 241.0, 314.0
94, 348.0, 106.0
95, 225.0, 260.0
96, 212.0, 90.0
97, 285.0, 262.0
98, 81.0, 99.0
99, 323.0, 255.0
100, 51.0, 44.0
101, 138.0, 247.0
102, 385.0, 264.0
103, 731.0, 420.0
104, 133.0, 89.0
105, 222.0, 243.0
106, 503.0, 414.0
107, 283.0, 273.0
108, 397.0, 58.0
109, 431.0, 293.0
110, 625.0, 382.0
111, 483.0, 331.0
112, 162.0, 383.0
113, 296.0, 35.0
114, 338.0, 224.0
115, 190.0, 37.0
116, 540.0, 271.0
117, 434.0, 243.0
118, 511.0, 336.0
119, 350.0, 240.0
120, 116.0, 28.0
121, 204.0, 211.0
122, 507.0, 190.0
123, 548.0, 241.0
124, 431.0, 210.0
125, 656.0, 364.0
126, 424.0, 264.0
127, 729.0, 326.0
128, 569.0, 245.0
129, 562.0, 281.0
130, 360.0, 389.0
131, 393.0, 282.0
132, 333.0, 264.0
133, 365.0, 424.0
134, 439.0, 35.0
135, 494.0, 324.0
136, 324.0, 427.0
137, 447.0, 422.0
138, 494.0, 288.0
139, 262.0, 202.0
140, 671.0, 339.0
141, 628.0, 218.0
142, 220.0, 324.0
143, 297.0, 178.0
144, 206.0, 301.0
145, 663.0, 384.0
146, 513.0, 249.0
147, 79.0, 298.0
148, 527.0, 92.0
149, 378.0, 378.0
150, 313.0, 59.0
151, 229.0, 424.0
152, 58.0, 311.0
153, 494.0, 226.0
154, 517.0, 386.0
155, 334.0, 390.0
156, 528.0, 194.0
157, 378.0, 388.0
158, 434.0, 315.0
159, 735.0, 397.0
160, 462.0, 335.0
161, 392.0, 183.0
162, 497.0, 349.0
163, 415.0, 29.0
164, 237.0, 332.0
165, 541.0, 220.0
166, 478.0, 147.0
167, 572.0, 29.0
168, 492.0, 173.0
169, 469.0, 277.0
170, 198.0, 186.0
171, 23.0, 178.0
172, 276.0, 59.0
173, 73.0, 281.0
174, 624.0, 269.0
175, 117.0, 71.0
176, 197.0, 84.0
177, 722.0, 362.0
178, 350.0, 222.0
179, 238.0, 205.0
180, 457.0, 10.0
181, 632.0, 406.0
182, 37.0, 207.0
183, 500.0, 163.0
184, 258.0, 276.0
185, 625.0, 140.0
186, 719.0, 422.0
187, 548.0, 63.0
188, 463.0, 193.0
189, 67.0, 82.0
190, 478.0, 160.0
191, 725.0, 344.0
192, 354.0, 425.0
193, 412.0, 260.0
194, 280.0, 281.0
195, 466.0, 399.0
196, 641.0, 244.0
197, 636.0, 374.0
198, 232.0, 305.0
199, 86.0, 337.0
200, 562.0, 239.0
201, 75.0, 38.0
202, 176.0, 107.0
203, 417.0, 425.0
204, 507.0, 31.0
205, 723.0, 353.0
206, 700.0, 384.0
207, 319.0, 228.0
208, 145.0, 48.0
209, 615.0, 382.0
210, 528.0, 80.0
211, 222.0, 49.0
212, 69.0, 101.0
213, 626.0, 361.0
214, 551.0, 322.0
215, 342.0, 340.0
216, 740.0, 128.0
217, 544.0, 284.0
218, 144.0, 66.0
219, 358.0, 189.0
220, 306.0, 453.0
221, 508.0, 170.0
222, 467.0, 422.0
223, 415.0, 387.0
224, 604.0, 255.0
225, 500.0, 144.0
226, 686.0, 120.0
227, 147.0, 266.0
228, 646.0, 140.0
229, 658.0, 465.0
230, 314.0, 297.0
231, 673.0, 383.0
232, 730.0, 316.0
233, 222.0, 333.0
234, 334.0, 295.0
235, 473.0, 34.0
236, 177.0, 194.0
237, 364.0, 238.0
238, 485.0, 32.0
239, 329.0, 408.0
240, 248.0, 219.0
241, 217.0, 368.0
242, 441.0, 375.0
243, 656.0, 355.0
244, 220.0, 203.0
245, 69.0, 62.0
246, 531.0, 320.0
247, 245.0, 242.0
248, 530.0, 166.0
249, 310.0, 44.0
250, 213.0, 208.0
251, 593.0, 437.0
252, 36.0, 167.0
253, 572.0, 18.0
254, 507.0, 21.0
255, 571.0, 437.0
256, 698.0, 336.0
257, 605.0, 407.0
258, 506.0, 240.0
259, 506.0, 11.0
260, 547.0, 77.0
261, 422.0, 163.0
262, 397.0, 219.0
263, 433.0, 270.0
264, 310.0, 281.0
265, 62.0, 41.0
266, 548.0, 24.0
267, 82.0, 61.0
268, 58.0, 66.0
269, 620.0, 292.0
270, 646.0, 357.0
271, 440.0, 215.0
272, 286.0, 222.0
273, 165.0, 62.0
274, 159.0, 236.0
275, 559.0, 331.0
276, 367.0, 41.0
277, 46.0, 19.0
278, 193.0, 332.0
279, 215.0, 311.0
280, 61.0, 458.0
281, 444.0, 402.0
282, 198.0, 74.0
283, 293.0, 14.0
284, 624.0, 394.0
285, 525.0, 222.0
286, 342.0, 440.0
287, 263.0, 288.0
288, 248.0, 390.0
289, 220.0, 32.0
290, 146.0, 191.0
291, 705.0, 354.0
292, 584.0, 403.0
293, 44.0, 467.0
294, 166.0, 331.0
295, 534.0, 397.0
296, 129.0, 69.0
297, 200.0, 93.0
298, 605.0, 390.0
299, 341.0, 158.0
300, 314.0, 413.0
301, 47.0, 306.0
302, 113.0, 93.0
303, 479.0, 208.0
304, 465.0, 43.0
305, 574.0, 308.0
306, 605.0, 399.0
307, 187.0, 316.0
308, 93.0, 96.0
309, 398.0, 209.0
310, 615.0, 429.0
311, 485.0, 289.0
312, 469.0, 291.0
313, 569.0, 299.0
314, 72.0, 212.0
315, 633.0, 394.0
316, 547.0, 100.0
317, 148.0, 283.0
318, 646.0, 331.0
319, 207.0, 322.0
320, 465.0, 378.0
321, 127.0, 271.0
322, 717.0, 381.0
323, 50.0, 220.0
324, 366.0, 23.0
325, 374.0, 265.0
326, 202.0, 101.0
327, 408.0, 180.0
328, 175.0, 399.0
329, 449.0, 438.0
330, 726.0, 335.0
331, 113.0, 55.0
332, 95.0, 169.0
333, 302.0, 156.0
334, 131.0, 284.0
335, 381.0, 346.0
336, 235.0, 70.0
337, 724.0, 388.0
338, 154.0, 337.0
339, 539.0, 237.0
340, 643.0, 419.0
341, 604.0, 87.0
342, 485.0, 311.0
343, 297.0, 245.0
344, 709.0, 327.0
345, 299.0, 54.0
346, 588.0, 77.0
347, 607.0, 206.0
348, 371.0, 439.0
349, 168.0, 41.0
350, 336.0, 28.0
351, 278.0, 20.0
352, 621.0, 436.0
353, 484.0, 261.0
354, 337.0, 191.0
355, 646.0, 289.0
356, 408.0, 378.0
357, 53.0, 193.0
358, 185.0, 189.0
359, 439.0, 338.0
360, 492.0, 381.0
361, 407.0, 209.0
362, 286.0, 244.0
363, 297.0, 440.0
364, 344.0, 259.0
365, 411.0, 241.0
366, 292.0, 230.0
367, 604.0, 416.0
368, 314.0, 358.0
369, 623.0, 407.0
370, 215.0, 108.0
371, 450.0, 31.0
372, 645.0, 405.0
373, 732.0, 306.0
374, 522.0, 399.0
375, 481.0, 243.0
376, 574.0, 92.0
377, 252.0, 48.0
378, 290.0, 344.0
379, 697.0, 345.0
380, 527.0, 437.0
381, 315.0, 248.0
382, 267.0, 107.0
383, 413.0, 372.0
384, 116.0, 266.0
385, 395.0, 387.0
386, 122.0, 196.0
387, 121.0, 253.0
388, 358.0, 65.0
389, 606.0, 65.0
390, 432.0, 138.0
391, 173.0, 181.0
392, 594.0, 407.0
393, 653.0, 230.0
394, 483.0, 433.0
395, 443.0, 267.0
396, 361.0, 250.0
397, 174.0, 97.0
398, 626.0, 297.0
399, 621.0, 107.0
400, 463.0, 363.0
401, 453.0, 215.0
402, 561.0, 262.0
403, 399.0, 237.0
404, 451.0, 133.0
405, 343.0, 375.0
406, 21.0, 92.0
407, 394.0, 273.0
408, 217.0, 286.0
409, 515.0, 415.0
410, 457.0, 174.0
411, 454.0, 150.0
412, 313.0, 440.0
413, 109.0, 303.0
414, 614.0, 399.0
415, 373.0, 246.0
416, 96.0, 107.0
417, 48.0, 289.0
418, 103.0, 202.0
419, 235.0, 344.0
420, 91.0, 267.0
421, 363.0, 103.0
422, 350.0, 254.0
423, 234.0, 196.0
424, 131.0, 34.0
425, 570.0, 289.0
426, 422.0, 222.0
427, 255.0, 63.0
428, 456.0, 164.0
429, 634.0, 18.0
430, 614.0, 347.0
431, 412.0, 362.0
432, 170.0, 80.0
433, 535.0, 304.0
434, 272.0, 273.0
435, 271.0, 199.0
436, 671.0, 397.0
437, 222.0, 387.0
438, 516.0, 82.0
439, 482.0, 274.0
440, 560.0, 389.0
441, 336.0, 234.0
442, 287.0, 199.0
443, 517.0, 322.0
444, 592.0, 267.0
445, 378.0, 42.0
446, 184.0, 425.0
447, 25.0, 228.0
448, 113.0, 169.0
449, 96.0, 34.0
450, 575.0, 74.0
451, 280.0, 35.0
452, 196.0, 387.0
453, 492.0, 141.0
454, 87.0, 78.0
455, 318.0, 174.0
456, 349.0, 274.0
457, 232.0, 51.0
458, 165.0, 394.0
459, 675.0, 360.0
460, 326.0, 276.0
461, 436.0, 407.0
462, 593.0, 418.0
463, 307.0, 244.0
464, 66.0, 147.0
465, 650.0, 319.0
466, 15.0, 155.0
467, 689.0, 355.0
468, 625.0, 373.0
469, 75.0, 112.0
470, 301.0, 296.0
471, 320.0, 73.0
472, 448.0, 190.0
473, 394.0, 17.0
474, 542.0, 137.0
475, 354.0, 149.0
476, 249.0, 308.0
477, 268.0, 19.0
478, 166.0, 90.0
479, 70.0, 13.0
480, 574.0, 377.0
481, 306.0, 267.0
482, 488.0, 337.0
483, 708.0, 344.0
484, 408.0, 230.0
485, 437.0, 163.0
486, 135.0, 334.0
487, 247.0, 440.0
488, 517.0, 104.0
489, 483.0, 299.0
490, 669.0, 405.0
491, 448.0, 21.0
492, 195.0, 382.0
493, 606.0, 111.0
494, 259.0, 152.0
495, 601.0, 294.0
496, 636.0, 365.0
497, 589.0, 16.0
498, 108.0, 280.0
499, 614.0, 407.0
