0, 402.0, 138.0
1, 536.0, 367.0
2, 464.0, 289.0
3, 301.0, 271.0
4, 346.0, 25.0
5, 388.0, 442.0
6, 513.0, 143.0
7, 147.0, 291.0
8, 341.0, 394.0
9, 234.0, 143.0
10, 209.0, 341.0
11, 183.0, 322.0
12, 436.0, 250.0
13, 101.0, 381.0
14, 489.0, 260.0
15, 498.0, 194.0
16, 250.0, 284.0
17, 699.0, 113.0
18, 247.0, 261.0
19, 471.0, 27.0
20, 181.0, 381.0
21, 351.0, 450.0
22, 503.0, 36.0
23, 300.0, 257.0
24, 476.0, 123.0
25, 491.0, 303.0
26, 452.0, 291.0
27, 484.0, 314.0
28, 677.0, 119.0
29, 205.0, 370.0
30, 248.0, 275.0
31, 517.0, 39.0
32, 319.0, 348.0
33, 403.0, 306.0
34, 263.0, 389.0
35, 423.0, 26.0
36, 193.0, 456.0
37, 198.0, 263.0
38, 356.0, 160.0
39, 349.0, 439.0
40, 28.0, 85.0
41, 200.0, 299.0
42, 565.0, 104.0
43, 220.0, 348.0
44, 534.0, 277.0
45, 545.0, 294.0
46, 586.0, 43.0
47, 172.0, 42.0
48, 490.0, 246.0
49, 113.0, 379.0
50, 221.0, 430.0
51, 75.0, 102.0
52, 478.0, 289.0
53, 116.0, 227.0
54, 509.0, 458.0
55, 313.0, 271.0
56, 183.0, 401.0
57, 682.0, 38.0
58, 434.0, 136.0
59, 502.0, 21.0
60, 488.0, 271.0
61, 525.0, 26.0
62, 109.0, 16.0
63, 295.0, 210.0
64, 547.0, 142.0
65, 735.0, 91.0
66, 436.0, 364.0
67, 251.0, 447.0
68, 395.0, 277.0
69, 158.0, 258.0
70, 172.0, 71.0
71, 111.0, 294.0
72, 448.0, 189.0
73, 261.0, 284.0
74, 381.0, 25.0
75, 508.0, 306.0
76, 234.0, 24.0
77, 460.0, 302.0
78, 91.0, 222.0
79, 395.0, 266.0
80, 312.0, 257.0
81, 661.0, 121.0
82, 456.0, 262.0
83, 157.0, 247.0
84, 690.0, 132.0
85, 408.0, 26.0
86, 404.0, 286.0
87, 323.0, 407.0
88, 730.0, 71.0
89, 600.0, 76.0
90, 435.0, 26.0
91, 141.0, 466.0
92, 261.0, 274.0
93, 159.0, 423.0
94, 464.0, 144.0
95, 367.0, 253.0
96, 565.0, 134.0
97, 391.0, 306.0
98, 360.0, 140.0
99, 111.0, 468.0
100, 235.0, 448.0
101, 22.0, 252.0
102, 454.0, 273.0
103, 526.0, 386.0
104, 50.0, 47.0
105, 112.0, 263.0
106, 304.0, 349.0
107, 468.0, 349.0
108, 363.0, 402.0
109, 479.0, 280.0
110, 715.0, 70.0
111, 507.0, 169.0
112, 153.0, 129.0
113, 199.0, 412.0
114, 470.0, 391.0
115, 264.0, 15.0
116, 33.0, 29.0
117, 511.0, 186.0
118, 738.0, 354.0
119, 51.0, 415.0
120, 193.0, 167.0
121, 33.0, 107.0
122, 136.0, 366.0
123, 122.0, 359.0
124, 173.0, 264.0
125, 436.0, 261.0
126, 33.0, 171.0
127, 513.0, 406.0
128, 533.0, 293.0
129, 351.0, 8.0
130, 488.0, 53.0
131, 312.0, 455.0
132, 520.0, 210.0
133, 542.0, 316.0
134, 139.0, 274.0
135, 16.0, 140.0
136, 112.0, 368.0
137, 534.0, 390.0
138, 327.0, 68.0
139, 88.0, 396.0
140, 125.0, 57.0
141, 218.0, 298.0
142, 221.0, 319.0
143, 44.0, 28.0
144, 637.0, 20.0
145, 369.0, 267.0
146, 215.0, 248.0
147, 277.0, 303.0
148, 304.0, 428.0
149, 513.0, 419.0
150, 242.0, 196.0
151, 473.0, 196.0
152, 502.0, 432.0
153, 99.0, 146.0
154, 463.0, 134.0
155, 404.0, 295.0
156, 116.0, 453.0
157, 346.0, 310.0
158, 30.0, 9.0
159, 245.0, 395.0
160, 182.0, 300.0
161, 336.0, 177.0
162, 551.0, 225.0
163, 173.0, 181.0
164, 423.0, 284.0
165, 370.0, 277.0
166, 315.0, 142.0
167, 278.0, 198.0
168, 134.0, 119.0
169, 103.0, 59.0
170, 552.0, 157.0
171, 587.0, 92.0
172, 265.0, 193.0
173, 235.0, 366.0
174, 491.0, 427.0
175, 216.0, 357.0
176, 491.0, 235.0
177, 465.0, 422.0
178, 394.0, 20.0
179, 476.0, 12.0
180, 80.0, 434.0
181, 319.0, 336.0
182, 743.0, 103.0
183, 402.0, 125.0
184, 91.0, 102.0
185, 479.0, 421.0
186, 44.0, 15.0
187, 717.0, 152.0
188, 395.0, 253.0
189, 532.0, 122.0
190, 318.0, 97.0
191, 240.0, 417.0
192, 105.0, 360.0
193, 518.0, 367.0
194, 223.0, 417.0
195, 154.0, 347.0
196, 296.0, 392.0
197, 619.0, 117.0
198, 493.0, 68.0
199, 301.0, 281.0
200, 382.0, 124.0
201, 424.0, 175.0
202, 121.0, 119.0
203, 48.0, 438.0
204, 528.0, 304.0
205, 476.0, 88.0
206, 210.0, 263.0
207, 166.0, 324.0
208, 197.0, 248.0
209, 227.0, 342.0
210, 356.0, 255.0
211, 246.0, 246.0
212, 226.0, 209.0
213, 197.0, 310.0
214, 292.0, 199.0
215, 360.0, 125.0
216, 52.0, 86.0
217, 225.0, 398.0
218, 108.0, 246.0
219, 517.0, 60.0
220, 735.0, 152.0
221, 84.0, 381.0
222, 229.0, 196.0
223, 534.0, 244.0
224, 92.0, 409.0
225, 103.0, 425.0
226, 415.0, 148.0
227, 186.0, 74.0
228, 354.0, 288.0
229, 310.0, 411.0
230, 116.0, 394.0
231, 520.0, 393.0
232, 246.0, 383.0
233, 471.0, 314.0
234, 669.0, 347.0
235, 194.0, 128.0
236, 114.0, 66.0
237, 451.0, 396.0
238, 261.0, 297.0
239, 293.0, 428.0
240, 455.0, 343.0
241, 627.0, 60.0
242, 273.0, 213.0
243, 649.0, 28.0
244, 67.0, 297.0
245, 503.0, 181.0
246, 144.0, 302.0
247, 171.0, 278.0
248, 512.0, 31.0
249, 486.0, 206.0
250, 476.0, 363.0
251, 429.0, 293.0
252, 320.0, 361.0
253, 455.0, 155.0
254, 255.0, 24.0
255, 49.0, 301.0
256, 489.0, 142.0
257, 148.0, 234.0
258, 55.0, 105.0
259, 379.0, 388.0
260, 454.0, 11.0
261, 172.0, 376.0
262, 238.0, 135.0
263, 182.0, 178.0
264, 712.0, 97.0
265, 325.0, 455.0
266, 259.0, 260.0
267, 483.0, 388.0
268, 262.0, 440.0
269, 173.0, 153.0
270, 512.0, 348.0
271, 434.0, 273.0
272, 180.0, 437.0
273, 8.0, 29.0
274, 195.0, 182.0
275, 253.0, 180.0
276, 667.0, 39.0
277, 444.0, 132.0
278, 302.0, 292.0
279, 356.0, 269.0
280, 327.0, 141.0
281, 434.0, 284.0
282, 422.0, 12.0
283, 71.0, 15.0
284, 517.0, 228.0
285, 311.0, 291.0
286, 139.0, 262.0
287, 355.0, 185.0
288, 34.0, 270.0
289, 153.0, 327.0
290, 510.0, 218.0
291, 551.0, 346.0
292, 139.0, 130.0
293, 69.0, 405.0
294, 445.0, 213.0
295, 84.0, 199.0
296, 179.0, 85.0
297, 204.0, 384.0
298, 338.0, 422.0
299, 91.0, 83.0
300, 146.0, 43.0
301, 722.0, 372.0
302, 263.0, 151.0
303, 133.0, 414.0
304, 476.0, 302.0
305, 278.0, 127.0
306, 743.0, 262.0
307, 717.0, 279.0
308, 275.0, 410.0
309, 727.0, 465.0
310, 13.0, 127.0
311, 316.0, 313.0
312, 479.0, 142.0
313, 460.0, 196.0
314, 601.0, 114.0
315, 241.0, 315.0
316, 75.0, 113.0
317, 716.0, 248.0
318, 461.0, 124.0
319, 290.0, 468.0
320, 439.0, 331.0
321, 143.0, 398.0
322, 519.0, 428.0
323, 148.0, 437.0
324, 529.0, 234.0
325, 239.0, 179.0
326, 651.0, 303.0
327, 498.0, 313.0
328, 619.0, 8.0
329, 193.0, 359.0
330, 376.0, 302.0
331, 73.0, 387.0
332, 194.0, 217.0
333, 376.0, 440.0
334, 285.0, 293.0
335, 376.0, 428.0
336, 513.0, 130.0
337, 306.0, 68.0
338, 299.0, 243.0
339, 68.0, 377.0
340, 533.0, 227.0
341, 64.0, 26.0
342, 506.0, 153.0
343, 220.0, 368.0
344, 524.0, 151.0
345, 139.0, 382.0
346, 473.0, 337.0
347, 454.0, 353.0
348, 563.0, 145.0
349, 321.0, 178.0
350, 719.0, 310.0
351, 603.0, 132.0
352, 489.0, 176.0
353, 286.0, 163.0
354, 268.0, 357.0
355, 11.0, 111.0
356, 500.0, 348.0
357, 705.0, 125.0
358, 721.0, 57.0
359, 159.0, 290.0
360, 280.0, 141.0
361, 490.0, 78.0
362, 127.0, 104.0
363, 313.0, 368.0
364, 203.0, 461.0
365, 377.0, 373.0
366, 491.0, 281.0
367, 742.0, 245.0
368, 627.0, 458.0
369, 434.0, 232.0
370, 88.0, 316.0
371, 335.0, 403.0
372, 227.0, 298.0
373, 170.0, 233.0
374, 630.0, 12.0
375, 614.0, 199.0
376, 38.0, 285.0
377, 525.0, 438.0
378, 185.0, 353.0
379, 362.0, 437.0
380, 111.0, 102.0
381, 146.0, 418.0
382, 545.0, 174.0
383, 116.0, 238.0
384, 196.0, 228.0
385, 542.0, 185.0
386, 127.0, 468.0
387, 363.0, 289.0
388, 396.0, 238.0
389, 714.0, 216.0
390, 534.0, 140.0
391, 85.0, 15.0
392, 150.0, 426.0
393, 735.0, 140.0
394, 21.0, 435.0
395, 468.0, 411.0
396, 743.0, 276.0
397, 377.0, 162.0
398, 28.0, 423.0
399, 90.0, 56.0
400, 688.0, 120.0
401, 537.0, 354.0
402, 169.0, 303.0
403, 739.0, 214.0
404, 161.0, 118.0
405, 565.0, 87.0
406, 288.0, 334.0
407, 712.0, 183.0
408, 628.0, 182.0
409, 720.0, 344.0
410, 127.0, 260.0
411, 68.0, 277.0
412, 253.0, 193.0
413, 605.0, 457.0
414, 368.0, 446.0
415, 471.0, 233.0
416, 501.0, 143.0
417, 598.0, 30.0
418, 215.0, 465.0
419, 22.0, 231.0
420, 384.0, 461.0
421, 537.0, 74.0
422, 280.0, 151.0
423, 644.0, 329.0
424, 129.0, 452.0
425, 494.0, 378.0
426, 732.0, 113.0
427, 547.0, 132.0
428, 318.0, 436.0
429, 134.0, 238.0
430, 495.0, 336.0
431, 471.0, 211.0
432, 100.0, 274.0
433, 710.0, 108.0
434, 83.0, 41.0
435, 148.0, 272.0
436, 157.0, 237.0
437, 401.0, 171.0
438, 507.0, 354.0
439, 81.0, 247.0
440, 143.0, 454.0
441, 441.0, 168.0
442, 178.0, 139.0
443, 122.0, 276.0
444, 647.0, 152.0
445, 424.0, 211.0
446, 260.0, 404.0
447, 562.0, 170.0
448, 509.0, 202.0
449, 649.0, 130.0
450, 481.0, 160.0
451, 477.0, 133.0
452, 157.0, 93.0
453, 151.0, 120.0
454, 156.0, 220.0
455, 482.0, 354.0
456, 724.0, 403.0
457, 697.0, 28.0
458, 44.0, 452.0
459, 60.0, 439.0
460, 586.0, 131.0
461, 294.0, 377.0
462, 175.0, 351.0
463, 67.0, 230.0
464, 105.0, 127.0
465, 132.0, 145.0
466, 81.0, 423.0
467, 383.0, 267.0
468, 379.0, 253.0
469, 235.0, 458.0
470, 42.0, 140.0
471, 484.0, 66.0
472, 339.0, 433.0
473, 534.0, 176.0
474, 161.0, 314.0
475, 125.0, 85.0
476, 355.0, 403.0
477, 233.0, 404.0
478, 182.0, 49.0
479, 199.0, 328.0
480, 724.0, 433.0
481, 539.0, 467.0
482, 372.0, 417.0
483, 588.0, 178.0
484, 493.0, 31.0
485, 139.0, 75.0
486, 344.0, 462.0
487, 215.0, 168.0
488, 526.0, 134.0
489, 245.0, 25.0
490, 359.0, 219.0
491, 554.0, 192.0
492, 201.0, 278.0
493, 477.0, 177.0
494, 288.0, 312.0
495, 508.0, 233.0
496, 219.0, 196.0
497, 624.0, 76.0
498, 60.0, 199.0
499, 198.0, 25.0
