0, 500.0, 8.0
1, 679.0, 11.0
2, 119.0, 13.0
3, 538.0, 14.0
4, 553.0, 14.0
5, 19.0, 15.0
6, 35.0, 16.0
7, 61.0, 16.0
8, 196.0, 16.0
9, 629.0, 16.0
10, 66.0, 17.0
11, 516.0, 17.0
12, 525.0, 17.0
13, 530.0, 17.0
14, 642.0, 17.0
15, 98.0, 19.0
16, 654.0, 19.0
17, 296.0, 20.0
18, 666.0, 20.0
19, 676.0, 22.0
20, 144.0, 23.0
21, 121.0, 24.0
22, 163.0, 24.0
23, 379.0, 24.0
24, 687.0, 24.0
25, 631.0, 25.0
26, 196.0, 26.0
27, 626.0, 27.0
28, 417.0, 28.0
29, 735.0, 28.0
30, 638.0, 29.0
31, 652.0, 29.0
32, 297.0, 31.0
33, 664.0, 31.0
34, 673.0, 33.0
35, 684.0, 33.0
36, 495.0, 34.0
37, 417.0, 35.0
38, 605.0, 35.0
39, 378.0, 37.0
40, 123.0, 40.0
41, 418.0, 43.0
42, 75.0, 49.0
43, 200.0, 50.0
44, 125.0, 51.0
45, 297.0, 53.0
46, 707.0, 53.0
47, 722.0, 53.0
48, 378.0, 54.0
49, 160.0, 55.0
50, 413.0, 57.0
51, 444.0, 57.0
52, 96.0, 78.0
53, 122.0, 79.0
54, 128.0, 79.0
55, 165.0, 80.0
56, 180.0, 80.0
57, 208.0, 80.0
58, 249.0, 80.0
59, 276.0, 80.0
60, 522.0, 81.0
61, 501.0, 82.0
62, 515.0, 82.0
63, 514.0, 87.0
64, 498.0, 107.0
65, 518.0, 107.0
66, 507.0, 111.0
67, 492.0, 112.0
68, 175.0, 114.0
69, 449.0, 114.0
70, 129.0, 115.0
71, 134.0, 115.0
72, 152.0, 115.0
73, 162.0, 115.0
74, 92.0, 116.0
75, 102.0, 116.0
76, 589.0, 116.0
77, 52.0, 117.0
78, 69.0, 117.0
79, 83.0, 117.0
80, 549.0, 117.0
81, 572.0, 117.0
82, 25.0, 118.0
83, 34.0, 118.0
84, 554.0, 118.0
85, 521.0, 120.0
86, 533.0, 121.0
87, 448.0, 122.0
88, 552.0, 126.0
89, 562.0, 127.0
90, 130.0, 128.0
91, 117.0, 129.0
92, 407.0, 129.0
93, 79.0, 130.0
94, 97.0, 130.0
95, 60.0, 131.0
96, 443.0, 131.0
97, 518.0, 131.0
98, 42.0, 132.0
99, 322.0, 132.0
100, 524.0, 132.0
101, 14.0, 133.0
102, 270.0, 135.0
103, 211.0, 136.0
104, 486.0, 136.0
105, 586.0, 137.0
106, 107.0, 139.0
107, 161.0, 139.0
108, 87.0, 140.0
109, 99.0, 140.0
110, 183.0, 140.0
111, 559.0, 140.0
112, 76.0, 141.0
113, 147.0, 141.0
114, 211.0, 141.0
115, 406.0, 141.0
116, 47.0, 142.0
117, 62.0, 142.0
118, 128.0, 142.0
119, 133.0, 142.0
120, 40.0, 143.0
121, 158.0, 144.0
122, 514.0, 144.0
123, 519.0, 144.0
124, 88.0, 145.0
125, 500.0, 145.0
126, 485.0, 146.0
127, 625.0, 146.0
128, 128.0, 147.0
129, 612.0, 148.0
130, 104.0, 149.0
131, 145.0, 150.0
132, 544.0, 150.0
133, 441.0, 151.0
134, 591.0, 151.0
135, 618.0, 151.0
136, 66.0, 152.0
137, 163.0, 152.0
138, 422.0, 152.0
139, 567.0, 152.0
140, 655.0, 152.0
141, 124.0, 154.0
142, 135.0, 154.0
143, 406.0, 155.0
144, 556.0, 155.0
145, 115.0, 156.0
146, 512.0, 157.0
147, 482.0, 159.0
148, 494.0, 159.0
149, 82.0, 160.0
150, 543.0, 161.0
151, 527.0, 163.0
152, 184.0, 164.0
153, 441.0, 164.0
154, 514.0, 164.0
155, 141.0, 167.0
156, 94.0, 168.0
157, 481.0, 168.0
158, 101.0, 171.0
159, 175.0, 171.0
160, 440.0, 171.0
161, 72.0, 172.0
162, 87.0, 172.0
163, 398.0, 172.0
164, 733.0, 172.0
165, 407.0, 173.0
166, 740.0, 174.0
167, 142.0, 175.0
168, 98.0, 176.0
169, 98.0, 181.0
170, 401.0, 181.0
171, 146.0, 187.0
172, 619.0, 190.0
173, 92.0, 191.0
174, 360.0, 191.0
175, 76.0, 192.0
176, 411.0, 192.0
177, 642.0, 196.0
178, 396.0, 197.0
179, 78.0, 198.0
180, 424.0, 199.0
181, 438.0, 201.0
182, 365.0, 202.0
183, 681.0, 203.0
184, 161.0, 204.0
185, 150.0, 206.0
186, 176.0, 206.0
187, 517.0, 206.0
188, 96.0, 208.0
189, 439.0, 209.0
190, 177.0, 211.0
191, 84.0, 212.0
192, 198.0, 214.0
193, 723.0, 214.0
194, 166.0, 219.0
195, 153.0, 221.0
196, 408.0, 223.0
197, 398.0, 225.0
198, 436.0, 228.0
199, 425.0, 230.0
200, 486.0, 236.0
201, 382.0, 249.0
202, 121.0, 252.0
203, 368.0, 259.0
204, 177.0, 260.0
205, 652.0, 262.0
206, 61.0, 265.0
207, 379.0, 268.0
208, 669.0, 270.0
209, 325.0, 279.0
210, 109.0, 282.0
211, 320.0, 283.0
212, 325.0, 284.0
213, 226.0, 285.0
214, 574.0, 285.0
215, 579.0, 287.0
216, 325.0, 289.0
217, 574.0, 290.0
218, 719.0, 290.0
219, 581.0, 294.0
220, 177.0, 300.0
221, 243.0, 310.0
222, 163.0, 313.0
223, 404.0, 318.0
224, 160.0, 330.0
225, 71.0, 333.0
226, 423.0, 340.0
227, 613.0, 341.0
228, 28.0, 343.0
229, 255.0, 348.0
230, 29.0, 351.0
231, 62.0, 353.0
232, 33.0, 360.0
233, 266.0, 384.0
234, 179.0, 390.0
235, 267.0, 392.0
236, 268.0, 397.0
237, 247.0, 404.0
238, 157.0, 406.0
239, 156.0, 411.0
240, 157.0, 416.0
241, 502.0, 417.0
242, 310.0, 418.0
243, 251.0, 420.0
244, 394.0, 425.0
245, 180.0, 426.0
246, 381.0, 432.0
247, 517.0, 432.0
248, 452.0, 433.0
249, 155.0, 437.0
250, 390.0, 442.0
251, 24.0, 452.0
252, 22.0, 457.0
253, 414.0, 457.0
254, 671.0, 460.0
255, 21.0, 462.0
256, 582.0, 463.0
257, 539.0, 468.0
258, 324.0, 470.0
259, 553.0, 470.0
260, 465.0, 471.0
