0, 103.0, 415.0
1, 372.0, 305.0
2, 429.0, 468.0
3, 143.0, 33.0
4, 52.0, 410.0
5, 299.0, 178.0
6, 296.0, 284.0
7, 525.0, 53.0
8, 609.0, 350.0
9, 228.0, 335.0
10, 406.0, 270.0
11, 187.0, 453.0
12, 315.0, 242.0
13, 111.0, 406.0
14, 420.0, 183.0
15, 489.0, 412.0
16, 163.0, 142.0
17, 407.0, 257.0
18, 330.0, 149.0
19, 460.0, 39.0
20, 242.0, 11.0
21, 380.0, 329.0
22, 247.0, 319.0
23, 179.0, 280.0
24, 407.0, 242.0
25, 129.0, 379.0
26, 330.0, 242.0
27, 151.0, 363.0
28, 666.0, 206.0
29, 201.0, 279.0
30, 570.0, 43.0
31, 439.0, 332.0
32, 193.0, 320.0
33, 179.0, 231.0
34, 598.0, 331.0
35, 490.0, 466.0
36, 344.0, 284.0
37, 164.0, 154.0
38, 615.0, 342.0
39, 357.0, 294.0
40, 395.0, 277.0
41, 296.0, 147.0
42, 197.0, 350.0
43, 308.0, 445.0
44, 590.0, 353.0
45, 469.0, 215.0
46, 183.0, 296.0
47, 286.0, 343.0
48, 392.0, 14.0
49, 298.0, 36.0
50, 80.0, 21.0
51, 505.0, 307.0
52, 243.0, 25.0
53, 525.0, 276.0
54, 208.0, 347.0
55, 346.0, 304.0
56, 562.0, 430.0
57, 214.0, 315.0
58, 202.0, 214.0
59, 82.0, 33.0
60, 360.0, 281.0
61, 116.0, 167.0
62, 157.0, 45.0
63, 545.0, 439.0
64, 526.0, 298.0
65, 192.0, 223.0
66, 611.0, 67.0
67, 386.0, 272.0
68, 230.0, 24.0
69, 302.0, 225.0
70, 279.0, 466.0
71, 140.0, 374.0
72, 308.0, 352.0
73, 568.0, 54.0
74, 471.0, 406.0
75, 591.0, 397.0
76, 181.0, 414.0
77, 360.0, 201.0
78, 543.0, 133.0
79, 505.0, 316.0
80, 494.0, 422.0
81, 460.0, 422.0
82, 457.0, 405.0
83, 519.0, 12.0
84, 633.0, 432.0
85, 588.0, 441.0
86, 436.0, 386.0
87, 201.0, 443.0
88, 472.0, 375.0
89, 637.0, 363.0
90, 509.0, 186.0
91, 433.0, 420.0
92, 364.0, 39.0
93, 502.0, 46.0
94, 233.0, 296.0
95, 250.0, 307.0
96, 567.0, 66.0
97, 408.0, 329.0
98, 286.0, 274.0
99, 595.0, 344.0
100, 348.0, 266.0
101, 296.0, 297.0
102, 331.0, 448.0
103, 313.0, 163.0
104, 312.0, 137.0
105, 190.0, 194.0
106, 330.0, 263.0
107, 619.0, 158.0
108, 607.0, 448.0
109, 251.0, 293.0
110, 431.0, 374.0
111, 443.0, 321.0
112, 202.0, 236.0
113, 406.0, 306.0
114, 509.0, 364.0
115, 380.0, 251.0
116, 459.0, 376.0
117, 247.0, 344.0
118, 129.0, 202.0
119, 110.0, 144.0
120, 537.0, 209.0
121, 228.0, 10.0
122, 647.0, 201.0
123, 206.0, 432.0
124, 316.0, 262.0
125, 168.0, 341.0
126, 152.0, 412.0
127, 298.0, 18.0
128, 118.0, 21.0
129, 276.0, 269.0
130, 57.0, 226.0
131, 596.0, 362.0
132, 532.0, 333.0
133, 113.0, 316.0
134, 410.0, 364.0
135, 444.0, 256.0
136, 614.0, 55.0
137, 303.0, 210.0
138, 488.0, 271.0
139, 391.0, 289.0
140, 357.0, 304.0
141, 271.0, 177.0
142, 430.0, 323.0
143, 391.0, 305.0
144, 488.0, 378.0
145, 336.0, 255.0
146, 524.0, 365.0
147, 212.0, 228.0
148, 158.0, 56.0
149, 189.0, 369.0
150, 546.0, 111.0
151, 527.0, 215.0
152, 482.0, 39.0
153, 165.0, 315.0
154, 463.0, 430.0
155, 730.0, 444.0
156, 505.0, 12.0
157, 692.0, 211.0
158, 125.0, 451.0
159, 243.0, 354.0
160, 360.0, 139.0
161, 521.0, 391.0
162, 547.0, 29.0
163, 117.0, 419.0
164, 419.0, 288.0
165, 544.0, 241.0
166, 402.0, 201.0
167, 472.0, 204.0
168, 112.0, 208.0
169, 274.0, 229.0
170, 178.0, 354.0
171, 548.0, 216.0
172, 682.0, 411.0
173, 70.0, 33.0
174, 462.0, 18.0
175, 291.0, 353.0
176, 519.0, 407.0
177, 164.0, 237.0
178, 250.0, 378.0
179, 396.0, 240.0
180, 423.0, 193.0
181, 155.0, 22.0
182, 180.0, 246.0
183, 534.0, 226.0
184, 361.0, 101.0
185, 450.0, 422.0
186, 475.0, 359.0
187, 518.0, 131.0
188, 331.0, 164.0
189, 456.0, 356.0
190, 541.0, 455.0
191, 474.0, 180.0
192, 461.0, 28.0
193, 418.0, 154.0
194, 427.0, 355.0
195, 700.0, 427.0
196, 206.0, 249.0
197, 526.0, 42.0
198, 524.0, 308.0
199, 524.0, 374.0
200, 631.0, 55.0
201, 155.0, 34.0
202, 281.0, 151.0
203, 306.0, 298.0
204, 168.0, 187.0
205, 414.0, 354.0
206, 212.0, 443.0
207, 330.0, 285.0
208, 499.0, 298.0
209, 471.0, 192.0
210, 493.0, 205.0
211, 90.0, 314.0
212, 265.0, 215.0
213, 284.0, 37.0
214, 529.0, 438.0
215, 93.0, 31.0
216, 450.0, 27.0
217, 282.0, 215.0
218, 531.0, 243.0
219, 297.0, 163.0
220, 322.0, 292.0
221, 235.0, 235.0
222, 251.0, 284.0
223, 524.0, 64.0
224, 438.0, 101.0
225, 197.0, 432.0
226, 67.0, 21.0
227, 253.0, 335.0
228, 113.0, 431.0
229, 558.0, 107.0
230, 144.0, 196.0
231, 239.0, 327.0
232, 358.0, 228.0
233, 742.0, 457.0
234, 380.0, 260.0
235, 403.0, 12.0
236, 417.0, 168.0
237, 363.0, 329.0
238, 587.0, 364.0
239, 416.0, 27.0
240, 251.0, 271.0
241, 113.0, 379.0
242, 175.0, 22.0
243, 449.0, 191.0
244, 716.0, 192.0
245, 434.0, 288.0
246, 618.0, 331.0
247, 341.0, 200.0
248, 381.0, 319.0
249, 573.0, 371.0
250, 403.0, 37.0
251, 342.0, 100.0
252, 267.0, 304.0
253, 443.0, 406.0
254, 147.0, 156.0
255, 145.0, 45.0
256, 522.0, 110.0
257, 549.0, 17.0
258, 127.0, 440.0
259, 232.0, 249.0
260, 586.0, 321.0
261, 428.0, 339.0
262, 207.0, 263.0
263, 374.0, 449.0
264, 139.0, 161.0
265, 186.0, 343.0
266, 316.0, 347.0
267, 174.0, 329.0
268, 514.0, 45.0
269, 157.0, 192.0
270, 368.0, 13.0
271, 571.0, 349.0
272, 449.0, 204.0
273, 105.0, 275.0
274, 437.0, 454.0
275, 367.0, 28.0
276, 408.0, 315.0
277, 516.0, 470.0
278, 172.0, 68.0
279, 618.0, 33.0
280, 284.0, 24.0
281, 524.0, 183.0
282, 498.0, 363.0
283, 541.0, 255.0
284, 347.0, 293.0
285, 599.0, 18.0
286, 40.0, 22.0
287, 267.0, 326.0
288, 456.0, 156.0
289, 267.0, 279.0
290, 308.0, 340.0
291, 474.0, 330.0
292, 382.0, 201.0
293, 479.0, 342.0
294, 567.0, 417.0
295, 116.0, 55.0
296, 350.0, 460.0
297, 122.0, 44.0
298, 170.0, 44.0
299, 203.0, 9.0
300, 257.0, 24.0
301, 496.0, 181.0
302, 408.0, 282.0
303, 350.0, 432.0
304, 719.0, 332.0
305, 238.0, 367.0
306, 547.0, 421.0
307, 360.0, 124.0
308, 288.0, 367.0
309, 517.0, 221.0
310, 312.0, 54.0
311, 46.0, 422.0
312, 158.0, 9.0
313, 463.0, 392.0
314, 188.0, 281.0
315, 424.0, 427.0
316, 511.0, 349.0
317, 588.0, 54.0
318, 373.0, 287.0
319, 231.0, 308.0
320, 213.0, 323.0
321, 611.0, 326.0
322, 659.0, 424.0
323, 264.0, 268.0
324, 339.0, 26.0
325, 14.0, 21.0
326, 105.0, 170.0
327, 455.0, 171.0
328, 403.0, 27.0
329, 421.0, 452.0
330, 425.0, 269.0
331, 332.0, 26.0
332, 659.0, 440.0
333, 572.0, 290.0
334, 119.0, 33.0
335, 494.0, 389.0
336, 473.0, 159.0
337, 641.0, 420.0
338, 38.0, 403.0
339, 472.0, 426.0
340, 293.0, 11.0
341, 539.0, 292.0
342, 93.0, 216.0
343, 194.0, 245.0
344, 489.0, 226.0
345, 415.0, 13.0
346, 564.0, 321.0
347, 71.0, 223.0
348, 153.0, 130.0
349, 438.0, 81.0
350, 461.0, 259.0
351, 488.0, 53.0
352, 511.0, 432.0
353, 508.0, 446.0
354, 295.0, 428.0
355, 194.0, 237.0
356, 176.0, 34.0
357, 364.0, 432.0
358, 490.0, 254.0
359, 254.0, 197.0
360, 524.0, 422.0
361, 77.0, 250.0
362, 429.0, 245.0
363, 453.0, 431.0
364, 539.0, 17.0
365, 418.0, 203.0
366, 415.0, 38.0
367, 434.0, 347.0
368, 296.0, 311.0
369, 634.0, 169.0
370, 91.0, 20.0
371, 540.0, 172.0
372, 135.0, 317.0
373, 283.0, 326.0
374, 138.0, 427.0
375, 409.0, 55.0
376, 466.0, 323.0
377, 515.0, 323.0
378, 192.0, 304.0
379, 395.0, 265.0
380, 222.0, 196.0
381, 166.0, 56.0
382, 288.0, 297.0
383, 343.0, 162.0
384, 548.0, 383.0
385, 209.0, 367.0
386, 502.0, 405.0
387, 320.0, 429.0
388, 183.0, 150.0
389, 205.0, 26.0
390, 536.0, 313.0
391, 343.0, 137.0
392, 557.0, 179.0
393, 207.0, 47.0
394, 530.0, 393.0
395, 581.0, 39.0
396, 616.0, 43.0
397, 230.0, 62.0
398, 118.0, 151.0
399, 510.0, 108.0
400, 215.0, 258.0
401, 417.0, 400.0
402, 588.0, 135.0
403, 288.0, 312.0
404, 304.0, 311.0
405, 508.0, 276.0
406, 167.0, 426.0
407, 340.0, 325.0
408, 316.0, 198.0
409, 439.0, 156.0
410, 405.0, 140.0
411, 16.0, 34.0
412, 280.0, 198.0
413, 312.0, 329.0
414, 298.0, 26.0
415, 678.0, 306.0
416, 582.0, 375.0
417, 187.0, 180.0
418, 131.0, 56.0
419, 528.0, 202.0
420, 204.0, 467.0
421, 276.0, 295.0
422, 349.0, 447.0
423, 294.0, 249.0
424, 290.0, 171.0
425, 585.0, 420.0
426, 631.0, 337.0
427, 673.0, 461.0
428, 508.0, 297.0
429, 326.0, 200.0
430, 223.0, 213.0
431, 577.0, 441.0
432, 586.0, 176.0
433, 70.0, 43.0
434, 528.0, 351.0
435, 143.0, 345.0
436, 458.0, 452.0
437, 560.0, 347.0
438, 58.0, 161.0
439, 393.0, 251.0
440, 113.0, 44.0
441, 291.0, 81.0
442, 469.0, 227.0
443, 645.0, 283.0
444, 295.0, 445.0
445, 352.0, 335.0
446, 340.0, 471.0
447, 483.0, 27.0
448, 457.0, 226.0
449, 391.0, 33.0
450, 291.0, 61.0
451, 361.0, 54.0
452, 137.0, 45.0
453, 221.0, 239.0
454, 489.0, 450.0
455, 14.0, 284.0
456, 30.0, 417.0
457, 594.0, 200.0
458, 43.0, 265.0
459, 207.0, 306.0
460, 50.0, 42.0
461, 488.0, 305.0
462, 207.0, 72.0
463, 680.0, 453.0
464, 189.0, 265.0
465, 506.0, 162.0
466, 336.0, 347.0
467, 697.0, 438.0
468, 445.0, 387.0
469, 527.0, 31.0
470, 573.0, 423.0
471, 232.0, 374.0
472, 256.0, 245.0
473, 604.0, 340.0
474, 462.0, 341.0
475, 240.0, 81.0
476, 585.0, 118.0
477, 568.0, 439.0
478, 484.0, 291.0
479, 504.0, 331.0
480, 211.0, 454.0
481, 560.0, 99.0
482, 341.0, 49.0
483, 182.0, 312.0
484, 662.0, 362.0
485, 493.0, 193.0
486, 539.0, 37.0
487, 361.0, 266.0
488, 592.0, 411.0
489, 291.0, 198.0
490, 523.0, 323.0
491, 137.0, 336.0
492, 152.0, 324.0
493, 149.0, 144.0
494, 536.0, 29.0
495, 291.0, 46.0
496, 659.0, 55.0
497, 614.0, 458.0
498, 258.0, 37.0
499, 485.0, 18.0
