0, 357.0, 239.0
1, 422.0, 211.0
2, 465.0, 260.0
3, 309.0, 209.0
4, 259.0, 211.0
5, 404.0, 239.0
6, 508.0, 249.0
7, 331.0, 290.0
8, 704.0, 19.0
9, 466.0, 244.0
10, 639.0, 363.0
11, 75.0, 274.0
12, 269.0, 189.0
13, 607.0, 24.0
14, 336.0, 282.0
15, 490.0, 380.0
16, 248.0, 326.0
17, 496.0, 324.0
18, 407.0, 362.0
19, 205.0, 230.0
20, 369.0, 240.0
21, 353.0, 247.0
22, 87.0, 143.0
23, 274.0, 346.0
24, 90.0, 316.0
25, 92.0, 89.0
26, 103.0, 10.0
27, 482.0, 245.0
28, 595.0, 354.0
29, 284.0, 237.0
30, 322.0, 209.0
31, 15.0, 88.0
32, 279.0, 184.0
33, 310.0, 225.0
34, 509.0, 301.0
35, 252.0, 54.0
36, 296.0, 353.0
37, 595.0, 254.0
38, 363.0, 39.0
39, 412.0, 250.0
40, 433.0, 229.0
41, 257.0, 192.0
42, 362.0, 23.0
43, 646.0, 305.0
44, 623.0, 233.0
45, 578.0, 350.0
46, 322.0, 198.0
47, 444.0, 258.0
48, 404.0, 250.0
49, 152.0, 59.0
50, 673.0, 324.0
51, 583.0, 312.0
52, 616.0, 223.0
53, 382.0, 191.0
54, 496.0, 220.0
55, 434.0, 211.0
56, 450.0, 92.0
57, 70.0, 126.0
58, 339.0, 214.0
59, 697.0, 304.0
60, 47.0, 48.0
61, 384.0, 36.0
62, 651.0, 367.0
63, 420.0, 437.0
64, 412.0, 197.0
65, 176.0, 164.0
66, 498.0, 301.0
67, 499.0, 379.0
68, 161.0, 126.0
69, 78.0, 107.0
70, 485.0, 218.0
71, 581.0, 221.0
72, 639.0, 231.0
73, 533.0, 221.0
74, 535.0, 305.0
75, 528.0, 277.0
76, 37.0, 423.0
77, 451.0, 446.0
78, 619.0, 207.0
79, 312.0, 145.0
80, 266.0, 57.0
81, 241.0, 37.0
82, 696.0, 355.0
83, 187.0, 220.0
84, 314.0, 170.0
85, 441.0, 384.0
86, 734.0, 30.0
87, 601.0, 314.0
88, 119.0, 114.0
89, 365.0, 250.0
90, 339.0, 226.0
91, 660.0, 380.0
92, 193.0, 160.0
93, 407.0, 13.0
94, 419.0, 23.0
95, 511.0, 287.0
96, 409.0, 158.0
97, 190.0, 236.0
98, 684.0, 301.0
99, 73.0, 171.0
100, 648.0, 36.0
101, 341.0, 248.0
102, 355.0, 389.0
103, 635.0, 345.0
104, 139.0, 258.0
105, 480.0, 24.0
106, 437.0, 274.0
107, 492.0, 26.0
108, 598.0, 337.0
109, 429.0, 439.0
110, 263.0, 34.0
111, 564.0, 202.0
112, 512.0, 335.0
113, 422.0, 380.0
114, 309.0, 71.0
115, 384.0, 407.0
116, 267.0, 17.0
117, 683.0, 276.0
118, 326.0, 237.0
119, 552.0, 319.0
120, 173.0, 243.0
121, 510.0, 325.0
122, 239.0, 22.0
123, 521.0, 162.0
124, 535.0, 447.0
125, 345.0, 198.0
126, 471.0, 280.0
127, 564.0, 22.0
128, 383.0, 358.0
129, 214.0, 25.0
130, 48.0, 134.0
131, 325.0, 390.0
132, 716.0, 315.0
133, 557.0, 293.0
134, 587.0, 299.0
135, 577.0, 281.0
136, 463.0, 179.0
137, 653.0, 344.0
138, 117.0, 268.0
139, 504.0, 260.0
140, 452.0, 250.0
141, 566.0, 11.0
142, 597.0, 368.0
143, 420.0, 40.0
144, 611.0, 316.0
145, 577.0, 378.0
146, 307.0, 357.0
147, 276.0, 156.0
148, 583.0, 400.0
149, 702.0, 32.0
150, 343.0, 43.0
151, 663.0, 96.0
152, 426.0, 55.0
153, 403.0, 211.0
154, 361.0, 205.0
155, 613.0, 340.0
156, 583.0, 201.0
157, 406.0, 43.0
158, 390.0, 279.0
159, 474.0, 216.0
160, 180.0, 401.0
161, 111.0, 248.0
162, 690.0, 284.0
163, 614.0, 274.0
164, 388.0, 262.0
165, 577.0, 8.0
166, 288.0, 181.0
167, 411.0, 327.0
168, 214.0, 125.0
169, 210.0, 384.0
170, 596.0, 244.0
171, 210.0, 60.0
172, 224.0, 280.0
173, 301.0, 285.0
174, 321.0, 44.0
175, 447.0, 229.0
176, 389.0, 226.0
177, 354.0, 417.0
178, 274.0, 236.0
179, 243.0, 218.0
180, 120.0, 13.0
181, 650.0, 24.0
182, 171.0, 117.0
183, 652.0, 11.0
184, 292.0, 261.0
185, 131.0, 57.0
186, 685.0, 357.0
187, 435.0, 352.0
188, 46.0, 117.0
189, 96.0, 66.0
190, 447.0, 178.0
191, 473.0, 272.0
192, 465.0, 91.0
193, 391.0, 390.0
194, 591.0, 154.0
195, 499.0, 419.0
196, 236.0, 69.0
197, 480.0, 416.0
198, 453.0, 259.0
199, 51.0, 352.0
200, 220.0, 213.0
201, 113.0, 55.0
202, 261.0, 235.0
203, 221.0, 68.0
204, 336.0, 190.0
205, 573.0, 449.0
206, 243.0, 234.0
207, 604.0, 186.0
208, 656.0, 249.0
209, 472.0, 383.0
210, 667.0, 82.0
211, 562.0, 169.0
212, 261.0, 368.0
213, 168.0, 151.0
214, 168.0, 223.0
215, 298.0, 176.0
216, 371.0, 436.0
217, 71.0, 99.0
218, 309.0, 45.0
219, 363.0, 350.0
220, 379.0, 367.0
221, 496.0, 231.0
222, 307.0, 55.0
223, 308.0, 63.0
224, 320.0, 80.0
225, 174.0, 423.0
226, 586.0, 181.0
227, 166.0, 49.0
228, 257.0, 344.0
229, 482.0, 395.0
230, 497.0, 208.0
231, 606.0, 468.0
232, 680.0, 346.0
233, 449.0, 343.0
234, 652.0, 84.0
235, 578.0, 236.0
236, 425.0, 416.0
237, 298.0, 379.0
238, 563.0, 153.0
239, 524.0, 271.0
240, 660.0, 232.0
241, 91.0, 279.0
242, 536.0, 15.0
243, 406.0, 33.0
244, 480.0, 377.0
245, 742.0, 461.0
246, 307.0, 8.0
247, 235.0, 57.0
248, 652.0, 268.0
249, 521.0, 250.0
250, 51.0, 64.0
251, 588.0, 170.0
252, 715.0, 329.0
253, 94.0, 180.0
254, 427.0, 264.0
255, 669.0, 193.0
256, 275.0, 144.0
257, 252.0, 149.0
258, 537.0, 136.0
259, 482.0, 262.0
260, 202.0, 211.0
261, 322.0, 280.0
262, 371.0, 449.0
263, 523.0, 214.0
264, 88.0, 391.0
265, 644.0, 216.0
266, 56.0, 289.0
267, 515.0, 278.0
268, 508.0, 416.0
269, 311.0, 253.0
270, 309.0, 27.0
271, 22.0, 158.0
272, 492.0, 414.0
273, 615.0, 442.0
274, 694.0, 82.0
275, 128.0, 408.0
276, 621.0, 23.0
277, 313.0, 404.0
278, 563.0, 354.0
279, 376.0, 208.0
280, 201.0, 44.0
281, 200.0, 61.0
282, 397.0, 137.0
283, 399.0, 270.0
284, 228.0, 220.0
285, 609.0, 263.0
286, 225.0, 202.0
287, 547.0, 196.0
288, 511.0, 46.0
289, 127.0, 68.0
290, 375.0, 390.0
291, 414.0, 413.0
292, 313.0, 271.0
293, 172.0, 390.0
294, 595.0, 424.0
295, 97.0, 368.0
296, 665.0, 299.0
297, 103.0, 96.0
298, 240.0, 199.0
299, 502.0, 178.0
300, 436.0, 145.0
301, 154.0, 433.0
302, 532.0, 421.0
303, 458.0, 278.0
304, 477.0, 432.0
305, 269.0, 75.0
306, 507.0, 462.0
307, 636.0, 248.0
308, 671.0, 334.0
309, 327.0, 166.0
310, 329.0, 176.0
311, 497.0, 311.0
312, 342.0, 24.0
313, 36.0, 85.0
314, 539.0, 353.0
315, 647.0, 109.0
316, 110.0, 151.0
317, 455.0, 26.0
318, 514.0, 350.0
319, 588.0, 8.0
320, 488.0, 207.0
321, 286.0, 65.0
322, 153.0, 34.0
323, 606.0, 356.0
324, 388.0, 247.0
325, 163.0, 237.0
326, 496.0, 243.0
327, 569.0, 334.0
328, 554.0, 308.0
329, 262.0, 146.0
330, 432.0, 330.0
331, 568.0, 362.0
332, 93.0, 53.0
333, 294.0, 335.0
334, 407.0, 281.0
335, 216.0, 42.0
336, 546.0, 132.0
337, 344.0, 261.0
338, 219.0, 58.0
339, 659.0, 188.0
340, 44.0, 327.0
341, 399.0, 374.0
342, 662.0, 274.0
343, 375.0, 176.0
344, 195.0, 102.0
345, 308.0, 313.0
346, 688.0, 109.0
347, 403.0, 260.0
348, 88.0, 447.0
349, 156.0, 266.0
350, 414.0, 449.0
351, 293.0, 141.0
352, 319.0, 62.0
353, 285.0, 153.0
354, 409.0, 434.0
355, 506.0, 371.0
356, 725.0, 340.0
357, 179.0, 30.0
358, 33.0, 156.0
359, 157.0, 115.0
360, 360.0, 257.0
361, 287.0, 13.0
362, 544.0, 145.0
363, 535.0, 399.0
364, 367.0, 420.0
365, 597.0, 33.0
366, 160.0, 424.0
367, 609.0, 150.0
368, 295.0, 151.0
369, 522.0, 171.0
370, 106.0, 115.0
371, 442.0, 374.0
372, 156.0, 105.0
373, 424.0, 427.0
374, 706.0, 8.0
375, 562.0, 135.0
376, 392.0, 13.0
377, 731.0, 83.0
378, 535.0, 383.0
379, 486.0, 227.0
380, 698.0, 67.0
381, 573.0, 293.0
382, 625.0, 215.0
383, 735.0, 423.0
384, 196.0, 29.0
385, 578.0, 19.0
386, 302.0, 240.0
387, 380.0, 225.0
388, 465.0, 124.0
389, 485.0, 236.0
390, 122.0, 242.0
391, 52.0, 127.0
392, 559.0, 456.0
393, 250.0, 37.0
394, 119.0, 160.0
395, 565.0, 410.0
396, 193.0, 390.0
397, 649.0, 96.0
398, 246.0, 284.0
399, 675.0, 274.0
400, 148.0, 413.0
401, 735.0, 17.0
402, 387.0, 459.0
403, 447.0, 276.0
404, 14.0, 44.0
405, 26.0, 116.0
406, 658.0, 107.0
407, 363.0, 400.0
408, 230.0, 232.0
409, 327.0, 225.0
410, 134.0, 235.0
411, 484.0, 179.0
412, 298.0, 272.0
413, 61.0, 410.0
414, 228.0, 127.0
415, 83.0, 253.0
416, 351.0, 227.0
417, 296.0, 64.0
418, 180.0, 142.0
419, 145.0, 26.0
420, 535.0, 458.0
421, 244.0, 274.0
422, 508.0, 439.0
423, 232.0, 152.0
424, 157.0, 167.0
425, 735.0, 305.0
426, 603.0, 157.0
427, 480.0, 367.0
428, 467.0, 50.0
429, 153.0, 390.0
430, 135.0, 104.0
431, 557.0, 445.0
432, 320.0, 26.0
433, 246.0, 249.0
434, 68.0, 298.0
435, 514.0, 210.0
436, 65.0, 186.0
437, 728.0, 468.0
438, 507.0, 269.0
439, 428.0, 137.0
440, 77.0, 303.0
441, 447.0, 460.0
442, 365.0, 368.0
443, 324.0, 129.0
444, 648.0, 322.0
445, 548.0, 224.0
446, 506.0, 124.0
447, 400.0, 176.0
448, 287.0, 75.0
449, 437.0, 31.0
450, 461.0, 389.0
451, 191.0, 127.0
452, 261.0, 221.0
453, 48.0, 446.0
454, 432.0, 243.0
455, 191.0, 73.0
456, 55.0, 312.0
457, 378.0, 247.0
458, 550.0, 463.0
459, 490.0, 425.0
460, 449.0, 137.0
461, 495.0, 264.0
462, 623.0, 36.0
463, 379.0, 19.0
464, 621.0, 154.0
465, 389.0, 158.0
466, 652.0, 184.0
467, 206.0, 71.0
468, 344.0, 61.0
469, 573.0, 311.0
470, 399.0, 194.0
471, 622.0, 320.0
472, 368.0, 222.0
473, 423.0, 228.0
474, 509.0, 388.0
475, 652.0, 221.0
476, 472.0, 231.0
477, 258.0, 269.0
478, 389.0, 199.0
479, 330.0, 213.0
480, 97.0, 251.0
481, 570.0, 319.0
482, 739.0, 470.0
483, 284.0, 49.0
484, 187.0, 426.0
485, 610.0, 294.0
486, 100.0, 433.0
487, 532.0, 36.0
488, 623.0, 357.0
489, 345.0, 396.0
490, 351.0, 176.0
491, 594.0, 17.0
492, 303.0, 138.0
493, 424.0, 245.0
494, 316.0, 470.0
495, 455.0, 240.0
496, 667.0, 429.0
497, 192.0, 8.0
498, 509.0, 145.0
499, 359.0, 175.0
