0, 520.0, 167.0
1, 304.0, 299.0
2, 90.0, 319.0
3, 227.0, 427.0
4, 430.0, 345.0
5, 617.0, 154.0
6, 358.0, 372.0
7, 273.0, 246.0
8, 293.0, 112.0
9, 406.0, 217.0
10, 432.0, 315.0
11, 519.0, 202.0
12, 350.0, 180.0
13, 503.0, 270.0
14, 455.0, 197.0
15, 356.0, 387.0
16, 286.0, 153.0
17, 538.0, 335.0
18, 643.0, 102.0
19, 639.0, 162.0
20, 278.0, 306.0
21, 242.0, 323.0
22, 684.0, 34.0
23, 236.0, 393.0
24, 294.0, 233.0
25, 181.0, 99.0
26, 125.0, 163.0
27, 423.0, 84.0
28, 310.0, 142.0
29, 281.0, 205.0
30, 191.0, 318.0
31, 178.0, 19.0
32, 459.0, 57.0
33, 131.0, 202.0
34, 457.0, 67.0
35, 385.0, 191.0
36, 448.0, 155.0
37, 677.0, 45.0
38, 646.0, 32.0
39, 408.0, 269.0
40, 473.0, 96.0
41, 222.0, 211.0
42, 234.0, 246.0
43, 279.0, 336.0
44, 399.0, 260.0
45, 112.0, 386.0
46, 525.0, 119.0
47, 638.0, 181.0
48, 638.0, 196.0
49, 340.0, 283.0
50, 239.0, 356.0
51, 249.0, 412.0
52, 351.0, 227.0
53, 332.0, 274.0
54, 321.0, 281.0
55, 319.0, 261.0
56, 523.0, 146.0
57, 622.0, 178.0
58, 322.0, 142.0
59, 482.0, 269.0
60, 408.0, 181.0
61, 95.0, 261.0
62, 421.0, 103.0
63, 253.0, 57.0
64, 662.0, 102.0
65, 659.0, 161.0
66, 222.0, 246.0
67, 274.0, 108.0
68, 538.0, 96.0
69, 295.0, 340.0
70, 93.0, 413.0
71, 79.0, 201.0
72, 660.0, 142.0
73, 613.0, 137.0
74, 310.0, 153.0
75, 316.0, 359.0
76, 189.0, 393.0
77, 220.0, 179.0
78, 504.0, 145.0
79, 269.0, 334.0
80, 521.0, 156.0
81, 144.0, 221.0
82, 626.0, 43.0
83, 700.0, 155.0
84, 430.0, 209.0
85, 297.0, 263.0
86, 490.0, 282.0
87, 365.0, 299.0
88, 116.0, 186.0
89, 350.0, 323.0
90, 427.0, 68.0
91, 152.0, 287.0
92, 388.0, 296.0
93, 387.0, 226.0
94, 554.0, 56.0
95, 167.0, 416.0
96, 209.0, 358.0
97, 477.0, 166.0
98, 495.0, 95.0
99, 292.0, 309.0
100, 253.0, 247.0
101, 447.0, 166.0
102, 255.0, 315.0
103, 315.0, 314.0
104, 182.0, 249.0
105, 199.0, 227.0
106, 640.0, 142.0
107, 624.0, 121.0
108, 376.0, 295.0
109, 195.0, 290.0
110, 153.0, 115.0
111, 446.0, 175.0
112, 172.0, 265.0
113, 452.0, 218.0
114, 653.0, 71.0
115, 478.0, 155.0
116, 456.0, 182.0
117, 288.0, 56.0
118, 444.0, 56.0
119, 246.0, 201.0
120, 346.0, 357.0
121, 334.0, 239.0
122, 365.0, 216.0
123, 171.0, 429.0
124, 114.0, 53.0
125, 108.0, 163.0
126, 392.0, 14.0
127, 301.0, 180.0
128, 125.0, 440.0
129, 100.0, 237.0
130, 169.0, 139.0
131, 300.0, 30.0
132, 240.0, 57.0
133, 539.0, 157.0
134, 302.0, 191.0
135, 298.0, 152.0
136, 557.0, 344.0
137, 135.0, 155.0
138, 518.0, 176.0
139, 214.0, 288.0
140, 83.0, 174.0
141, 400.0, 245.0
142, 520.0, 263.0
143, 310.0, 127.0
144, 186.0, 267.0
145, 365.0, 310.0
146, 478.0, 144.0
147, 576.0, 300.0
148, 478.0, 226.0
149, 135.0, 221.0
150, 131.0, 40.0
151, 523.0, 79.0
152, 578.0, 166.0
153, 276.0, 450.0
154, 598.0, 137.0
155, 568.0, 24.0
156, 47.0, 338.0
157, 70.0, 146.0
158, 675.0, 23.0
159, 197.0, 470.0
160, 399.0, 35.0
161, 244.0, 278.0
162, 430.0, 285.0
163, 310.0, 232.0
164, 586.0, 252.0
165, 419.0, 237.0
166, 261.0, 182.0
167, 300.0, 203.0
168, 232.0, 404.0
169, 264.0, 45.0
170, 70.0, 173.0
171, 411.0, 238.0
172, 428.0, 250.0
173, 282.0, 86.0
174, 395.0, 69.0
175, 245.0, 429.0
176, 309.0, 112.0
177, 466.0, 362.0
178, 125.0, 174.0
179, 164.0, 85.0
180, 213.0, 154.0
181, 377.0, 317.0
182, 442.0, 409.0
183, 405.0, 309.0
184, 386.0, 237.0
185, 178.0, 154.0
186, 90.0, 153.0
187, 80.0, 163.0
188, 625.0, 30.0
189, 477.0, 381.0
190, 450.0, 395.0
191, 272.0, 180.0
192, 121.0, 221.0
193, 158.0, 19.0
194, 267.0, 56.0
195, 163.0, 99.0
196, 298.0, 284.0
197, 454.0, 326.0
198, 308.0, 365.0
199, 303.0, 244.0
200, 167.0, 439.0
201, 156.0, 128.0
202, 300.0, 375.0
203, 24.0, 357.0
204, 150.0, 255.0
205, 371.0, 69.0
206, 379.0, 154.0
207, 567.0, 46.0
208, 350.0, 120.0
209, 125.0, 292.0
210, 368.0, 388.0
211, 289.0, 46.0
212, 387.0, 217.0
213, 723.0, 256.0
214, 85.0, 221.0
215, 125.0, 313.0
216, 23.0, 278.0
217, 256.0, 426.0
218, 342.0, 265.0
219, 467.0, 341.0
220, 249.0, 330.0
221, 185.0, 201.0
222, 151.0, 362.0
223, 134.0, 54.0
224, 683.0, 136.0
225, 543.0, 246.0
226, 207.0, 209.0
227, 57.0, 313.0
228, 349.0, 57.0
229, 196.0, 198.0
230, 291.0, 102.0
231, 78.0, 279.0
232, 728.0, 170.0
233, 287.0, 180.0
234, 509.0, 314.0
235, 342.0, 106.0
236, 406.0, 360.0
237, 93.0, 87.0
238, 427.0, 393.0
239, 383.0, 266.0
240, 155.0, 183.0
241, 569.0, 376.0
242, 387.0, 155.0
243, 721.0, 229.0
244, 333.0, 180.0
245, 658.0, 181.0
246, 43.0, 267.0
247, 71.0, 297.0
248, 427.0, 377.0
249, 370.0, 374.0
250, 96.0, 213.0
251, 378.0, 119.0
252, 124.0, 74.0
253, 727.0, 41.0
254, 408.0, 96.0
255, 188.0, 279.0
256, 133.0, 84.0
257, 546.0, 132.0
258, 151.0, 56.0
259, 379.0, 164.0
260, 575.0, 37.0
261, 70.0, 338.0
262, 66.0, 124.0
263, 331.0, 259.0
264, 146.0, 439.0
265, 368.0, 249.0
266, 284.0, 237.0
267, 519.0, 104.0
268, 437.0, 166.0
269, 492.0, 176.0
270, 557.0, 22.0
271, 141.0, 74.0
272, 204.0, 70.0
273, 204.0, 110.0
274, 379.0, 406.0
275, 350.0, 276.0
276, 195.0, 437.0
277, 310.0, 266.0
278, 399.0, 56.0
279, 154.0, 455.0
280, 216.0, 118.0
281, 421.0, 187.0
282, 223.0, 223.0
283, 569.0, 318.0
284, 204.0, 85.0
285, 216.0, 339.0
286, 305.0, 326.0
287, 326.0, 106.0
288, 179.0, 314.0
289, 660.0, 32.0
290, 69.0, 226.0
291, 227.0, 164.0
292, 575.0, 350.0
293, 254.0, 262.0
294, 99.0, 174.0
295, 412.0, 290.0
296, 581.0, 18.0
297, 400.0, 228.0
298, 480.0, 396.0
299, 190.0, 119.0
300, 36.0, 331.0
301, 410.0, 407.0
302, 611.0, 178.0
303, 150.0, 393.0
304, 164.0, 37.0
305, 50.0, 360.0
306, 312.0, 17.0
307, 273.0, 235.0
308, 403.0, 69.0
309, 287.0, 281.0
310, 305.0, 45.0
311, 420.0, 198.0
312, 35.0, 106.0
313, 277.0, 281.0
314, 653.0, 55.0
315, 103.0, 352.0
316, 613.0, 217.0
317, 181.0, 417.0
318, 546.0, 13.0
319, 642.0, 20.0
320, 103.0, 294.0
321, 436.0, 183.0
322, 62.0, 324.0
323, 269.0, 168.0
324, 600.0, 197.0
325, 560.0, 250.0
326, 193.0, 459.0
327, 600.0, 76.0
328, 442.0, 191.0
329, 454.0, 210.0
330, 117.0, 243.0
331, 514.0, 188.0
332, 229.0, 296.0
333, 436.0, 154.0
334, 541.0, 375.0
335, 161.0, 47.0
336, 387.0, 279.0
337, 467.0, 258.0
338, 372.0, 83.0
339, 350.0, 164.0
340, 524.0, 69.0
341, 654.0, 44.0
342, 294.0, 439.0
343, 510.0, 85.0
344, 480.0, 355.0
345, 641.0, 44.0
346, 664.0, 62.0
347, 492.0, 270.0
348, 714.0, 207.0
349, 137.0, 232.0
350, 706.0, 246.0
351, 428.0, 239.0
352, 407.0, 196.0
353, 471.0, 467.0
354, 101.0, 283.0
355, 511.0, 242.0
356, 133.0, 386.0
357, 316.0, 410.0
358, 380.0, 252.0
359, 500.0, 183.0
360, 261.0, 328.0
361, 316.0, 372.0
362, 473.0, 212.0
363, 74.0, 242.0
364, 98.0, 327.0
365, 315.0, 382.0
366, 37.0, 47.0
367, 202.0, 283.0
368, 80.0, 263.0
369, 625.0, 162.0
370, 493.0, 166.0
371, 24.0, 149.0
372, 299.0, 385.0
373, 538.0, 54.0
374, 410.0, 392.0
375, 200.0, 176.0
376, 325.0, 233.0
377, 212.0, 382.0
378, 478.0, 242.0
379, 573.0, 361.0
380, 134.0, 270.0
381, 422.0, 129.0
382, 69.0, 382.0
383, 623.0, 202.0
384, 327.0, 388.0
385, 57.0, 183.0
386, 419.0, 220.0
387, 188.0, 129.0
388, 503.0, 468.0
389, 294.0, 299.0
390, 419.0, 281.0
391, 243.0, 247.0
392, 257.0, 199.0
393, 140.0, 188.0
394, 407.0, 14.0
395, 349.0, 77.0
396, 427.0, 57.0
397, 490.0, 64.0
398, 297.0, 9.0
399, 274.0, 97.0
400, 75.0, 311.0
401, 428.0, 174.0
402, 232.0, 278.0
403, 571.0, 285.0
404, 224.0, 154.0
405, 14.0, 349.0
406, 214.0, 419.0
407, 437.0, 88.0
408, 323.0, 305.0
409, 324.0, 179.0
410, 135.0, 321.0
411, 270.0, 209.0
412, 129.0, 190.0
413, 222.0, 70.0
414, 320.0, 79.0
415, 564.0, 331.0
416, 88.0, 197.0
417, 618.0, 76.0
418, 192.0, 76.0
419, 739.0, 269.0
420, 162.0, 431.0
421, 351.0, 153.0
422, 690.0, 18.0
423, 252.0, 113.0
424, 218.0, 8.0
425, 155.0, 213.0
426, 343.0, 402.0
427, 264.0, 379.0
428, 126.0, 337.0
429, 119.0, 325.0
430, 236.0, 138.0
431, 280.0, 346.0
432, 158.0, 354.0
433, 362.0, 119.0
434, 114.0, 347.0
435, 293.0, 320.0
436, 201.0, 418.0
437, 449.0, 144.0
438, 512.0, 17.0
439, 318.0, 154.0
440, 115.0, 373.0
441, 297.0, 215.0
442, 143.0, 372.0
443, 536.0, 176.0
444, 177.0, 286.0
445, 57.0, 49.0
446, 238.0, 336.0
447, 550.0, 338.0
448, 441.0, 219.0
449, 89.0, 301.0
450, 251.0, 445.0
451, 512.0, 228.0
452, 591.0, 170.0
453, 360.0, 291.0
454, 105.0, 251.0
455, 154.0, 82.0
456, 228.0, 340.0
457, 164.0, 159.0
458, 369.0, 57.0
459, 192.0, 244.0
460, 418.0, 165.0
461, 290.0, 36.0
462, 256.0, 278.0
463, 99.0, 428.0
464, 548.0, 192.0
465, 531.0, 193.0
466, 156.0, 226.0
467, 236.0, 153.0
468, 154.0, 308.0
469, 283.0, 394.0
470, 376.0, 226.0
471, 295.0, 251.0
472, 273.0, 124.0
473, 384.0, 180.0
474, 663.0, 116.0
475, 379.0, 445.0
476, 251.0, 465.0
477, 682.0, 206.0
478, 738.0, 115.0
479, 183.0, 39.0
480, 349.0, 194.0
481, 140.0, 167.0
482, 281.0, 323.0
483, 209.0, 449.0
484, 592.0, 43.0
485, 185.0, 471.0
486, 516.0, 220.0
487, 733.0, 214.0
488, 123.0, 277.0
489, 107.0, 439.0
490, 318.0, 243.0
491, 478.0, 65.0
492, 645.0, 63.0
493, 426.0, 165.0
494, 179.0, 221.0
495, 117.0, 411.0
496, 660.0, 16.0
497, 533.0, 384.0
498, 116.0, 420.0
499, 555.0, 430.0
