0, 335.0, 372.0
1, 301.0, 337.0
2, 475.0, 165.0
3, 511.0, 167.0
4, 129.0, 341.0
5, 428.0, 306.0
6, 468.0, 266.0
7, 265.0, 323.0
8, 416.0, 308.0
9, 369.0, 279.0
10, 503.0, 77.0
11, 155.0, 433.0
12, 526.0, 168.0
13, 213.0, 276.0
14, 375.0, 128.0
15, 496.0, 195.0
16, 454.0, 164.0
17, 473.0, 194.0
18, 479.0, 79.0
19, 645.0, 174.0
20, 372.0, 114.0
21, 702.0, 302.0
22, 271.0, 354.0
23, 373.0, 81.0
24, 387.0, 310.0
25, 37.0, 128.0
26, 476.0, 150.0
27, 534.0, 238.0
28, 225.0, 143.0
29, 79.0, 113.0
30, 149.0, 127.0
31, 689.0, 411.0
32, 158.0, 296.0
33, 158.0, 361.0
34, 191.0, 362.0
35, 579.0, 189.0
36, 498.0, 166.0
37, 129.0, 158.0
38, 674.0, 196.0
39, 125.0, 142.0
40, 333.0, 355.0
41, 454.0, 149.0
42, 192.0, 305.0
43, 452.0, 191.0
44, 497.0, 181.0
45, 390.0, 217.0
46, 373.0, 101.0
47, 439.0, 219.0
48, 288.0, 309.0
49, 618.0, 340.0
50, 398.0, 197.0
51, 172.0, 290.0
52, 397.0, 160.0
53, 150.0, 141.0
54, 255.0, 316.0
55, 498.0, 151.0
56, 549.0, 236.0
57, 377.0, 226.0
58, 663.0, 58.0
59, 342.0, 463.0
60, 152.0, 26.0
61, 550.0, 465.0
62, 517.0, 402.0
63, 525.0, 184.0
64, 153.0, 157.0
65, 533.0, 74.0
66, 331.0, 277.0
67, 577.0, 335.0
68, 96.0, 141.0
69, 581.0, 171.0
70, 501.0, 236.0
71, 576.0, 459.0
72, 383.0, 80.0
73, 353.0, 454.0
74, 428.0, 247.0
75, 277.0, 374.0
76, 174.0, 353.0
77, 143.0, 106.0
78, 232.0, 311.0
79, 228.0, 369.0
80, 351.0, 289.0
81, 172.0, 157.0
82, 555.0, 338.0
83, 304.0, 440.0
84, 175.0, 311.0
85, 584.0, 154.0
86, 553.0, 370.0
87, 257.0, 87.0
88, 515.0, 378.0
89, 255.0, 325.0
90, 293.0, 381.0
91, 579.0, 428.0
92, 474.0, 179.0
93, 199.0, 458.0
94, 313.0, 430.0
95, 408.0, 127.0
96, 522.0, 199.0
97, 109.0, 312.0
98, 525.0, 304.0
99, 340.0, 452.0
100, 527.0, 151.0
101, 591.0, 66.0
102, 320.0, 142.0
103, 414.0, 229.0
104, 655.0, 435.0
105, 671.0, 217.0
106, 121.0, 129.0
107, 499.0, 399.0
108, 415.0, 246.0
109, 637.0, 213.0
110, 381.0, 209.0
111, 397.0, 147.0
112, 336.0, 18.0
113, 445.0, 365.0
114, 512.0, 151.0
115, 232.0, 108.0
116, 494.0, 226.0
117, 188.0, 285.0
118, 396.0, 235.0
119, 89.0, 323.0
120, 644.0, 265.0
121, 48.0, 175.0
122, 480.0, 39.0
123, 20.0, 115.0
124, 219.0, 329.0
125, 475.0, 127.0
126, 97.0, 352.0
127, 167.0, 341.0
128, 302.0, 297.0
129, 397.0, 184.0
130, 417.0, 296.0
131, 117.0, 107.0
132, 442.0, 292.0
133, 649.0, 459.0
134, 381.0, 280.0
135, 341.0, 435.0
136, 374.0, 310.0
137, 183.0, 427.0
138, 206.0, 433.0
139, 315.0, 230.0
140, 527.0, 140.0
141, 53.0, 337.0
142, 548.0, 346.0
143, 163.0, 141.0
144, 665.0, 98.0
145, 230.0, 420.0
146, 484.0, 358.0
147, 391.0, 268.0
148, 320.0, 293.0
149, 543.0, 279.0
150, 326.0, 429.0
151, 642.0, 194.0
152, 135.0, 52.0
153, 415.0, 215.0
154, 528.0, 126.0
155, 678.0, 176.0
156, 406.0, 113.0
157, 505.0, 34.0
158, 29.0, 446.0
159, 719.0, 290.0
160, 537.0, 353.0
161, 215.0, 287.0
162, 556.0, 448.0
163, 646.0, 154.0
164, 315.0, 120.0
165, 337.0, 406.0
166, 509.0, 282.0
167, 428.0, 290.0
168, 408.0, 160.0
169, 454.0, 177.0
170, 683.0, 446.0
171, 226.0, 285.0
172, 694.0, 284.0
173, 590.0, 266.0
174, 168.0, 125.0
175, 538.0, 253.0
176, 567.0, 415.0
177, 576.0, 207.0
178, 258.0, 108.0
179, 536.0, 28.0
180, 258.0, 338.0
181, 495.0, 444.0
182, 317.0, 307.0
183, 235.0, 298.0
184, 150.0, 398.0
185, 224.0, 298.0
186, 252.0, 423.0
187, 500.0, 140.0
188, 579.0, 252.0
189, 466.0, 306.0
190, 732.0, 346.0
191, 628.0, 261.0
192, 310.0, 61.0
193, 300.0, 306.0
194, 257.0, 358.0
195, 681.0, 154.0
196, 222.0, 27.0
197, 314.0, 105.0
198, 164.0, 315.0
199, 519.0, 218.0
200, 375.0, 143.0
201, 237.0, 133.0
202, 352.0, 307.0
203, 607.0, 430.0
204, 221.0, 443.0
205, 294.0, 236.0
206, 364.0, 447.0
207, 309.0, 373.0
208, 366.0, 210.0
209, 461.0, 358.0
210, 330.0, 129.0
211, 478.0, 306.0
212, 169.0, 431.0
213, 251.0, 465.0
214, 734.0, 325.0
215, 206.0, 467.0
216, 16.0, 413.0
217, 469.0, 225.0
218, 248.0, 408.0
219, 175.0, 412.0
220, 611.0, 443.0
221, 335.0, 390.0
222, 115.0, 345.0
223, 552.0, 250.0
224, 680.0, 463.0
225, 583.0, 242.0
226, 162.0, 445.0
227, 463.0, 384.0
228, 530.0, 426.0
229, 363.0, 81.0
230, 510.0, 181.0
231, 274.0, 58.0
232, 226.0, 407.0
233, 423.0, 25.0
234, 206.0, 354.0
235, 703.0, 274.0
236, 415.0, 73.0
237, 140.0, 435.0
238, 182.0, 344.0
239, 476.0, 91.0
240, 599.0, 256.0
241, 293.0, 355.0
242, 483.0, 242.0
243, 597.0, 17.0
244, 332.0, 299.0
245, 522.0, 261.0
246, 258.0, 138.0
247, 659.0, 408.0
248, 500.0, 354.0
249, 459.0, 417.0
250, 415.0, 207.0
251, 611.0, 398.0
252, 316.0, 450.0
253, 296.0, 469.0
254, 533.0, 401.0
255, 626.0, 274.0
256, 215.0, 143.0
257, 513.0, 354.0
258, 565.0, 397.0
259, 490.0, 305.0
260, 583.0, 141.0
261, 339.0, 64.0
262, 696.0, 398.0
263, 263.0, 371.0
264, 496.0, 413.0
265, 667.0, 39.0
266, 289.0, 321.0
267, 104.0, 300.0
268, 140.0, 21.0
269, 152.0, 413.0
270, 563.0, 265.0
271, 283.0, 448.0
272, 389.0, 259.0
273, 720.0, 120.0
274, 175.0, 10.0
275, 172.0, 134.0
276, 189.0, 270.0
277, 416.0, 96.0
278, 120.0, 333.0
279, 373.0, 270.0
280, 646.0, 471.0
281, 279.0, 109.0
282, 298.0, 119.0
283, 338.0, 327.0
284, 378.0, 385.0
285, 450.0, 343.0
286, 391.0, 299.0
287, 355.0, 369.0
288, 301.0, 141.0
289, 220.0, 378.0
290, 389.0, 175.0
291, 601.0, 457.0
292, 102.0, 49.0
293, 737.0, 310.0
294, 84.0, 142.0
295, 67.0, 70.0
296, 590.0, 290.0
297, 653.0, 121.0
298, 151.0, 469.0
299, 614.0, 382.0
300, 430.0, 436.0
301, 276.0, 84.0
302, 541.0, 456.0
303, 396.0, 207.0
304, 502.0, 123.0
305, 719.0, 444.0
306, 655.0, 99.0
307, 347.0, 345.0
308, 428.0, 274.0
309, 319.0, 340.0
310, 318.0, 266.0
311, 484.0, 335.0
312, 199.0, 281.0
313, 265.0, 389.0
314, 678.0, 297.0
315, 484.0, 471.0
316, 158.0, 455.0
317, 649.0, 282.0
318, 218.0, 69.0
319, 259.0, 405.0
320, 236.0, 386.0
321, 654.0, 109.0
322, 383.0, 452.0
323, 505.0, 108.0
324, 547.0, 389.0
325, 455.0, 303.0
326, 242.0, 391.0
327, 710.0, 397.0
328, 281.0, 420.0
329, 221.0, 340.0
330, 314.0, 352.0
331, 438.0, 232.0
332, 175.0, 370.0
333, 212.0, 297.0
334, 285.0, 155.0
335, 206.0, 367.0
336, 318.0, 323.0
337, 657.0, 291.0
338, 451.0, 356.0
339, 196.0, 153.0
340, 508.0, 196.0
341, 392.0, 385.0
342, 213.0, 397.0
343, 73.0, 184.0
344, 712.0, 11.0
345, 482.0, 417.0
346, 639.0, 276.0
347, 493.0, 295.0
348, 200.0, 166.0
349, 504.0, 302.0
350, 340.0, 103.0
351, 708.0, 263.0
352, 416.0, 444.0
353, 380.0, 247.0
354, 144.0, 373.0
355, 724.0, 383.0
356, 428.0, 74.0
357, 145.0, 355.0
358, 450.0, 471.0
359, 394.0, 429.0
360, 119.0, 380.0
361, 346.0, 244.0
362, 229.0, 394.0
363, 384.0, 98.0
364, 508.0, 188.0
365, 327.0, 322.0
366, 311.0, 294.0
367, 246.0, 316.0
368, 713.0, 152.0
369, 522.0, 445.0
370, 407.0, 174.0
371, 433.0, 334.0
372, 709.0, 320.0
373, 200.0, 339.0
374, 676.0, 286.0
375, 519.0, 234.0
376, 540.0, 314.0
377, 728.0, 364.0
378, 220.0, 423.0
379, 473.0, 419.0
380, 383.0, 415.0
381, 135.0, 410.0
382, 558.0, 141.0
383, 147.0, 384.0
384, 708.0, 286.0
385, 345.0, 146.0
386, 55.0, 114.0
387, 212.0, 263.0
388, 72.0, 309.0
389, 289.0, 340.0
390, 358.0, 429.0
391, 566.0, 447.0
392, 545.0, 324.0
393, 573.0, 368.0
394, 94.0, 131.0
395, 13.0, 455.0
396, 475.0, 140.0
397, 89.0, 154.0
398, 267.0, 85.0
399, 467.0, 251.0
400, 540.0, 302.0
401, 33.0, 463.0
402, 42.0, 297.0
403, 85.0, 132.0
404, 214.0, 403.0
405, 629.0, 300.0
406, 183.0, 320.0
407, 533.0, 85.0
408, 192.0, 110.0
409, 704.0, 371.0
410, 353.0, 423.0
411, 319.0, 272.0
412, 319.0, 400.0
413, 268.0, 435.0
414, 280.0, 391.0
415, 699.0, 380.0
416, 324.0, 383.0
417, 398.0, 451.0
418, 317.0, 151.0
419, 104.0, 359.0
420, 396.0, 172.0
421, 213.0, 417.0
422, 389.0, 452.0
423, 227.0, 350.0
424, 567.0, 342.0
425, 185.0, 142.0
426, 445.0, 52.0
427, 199.0, 425.0
428, 673.0, 8.0
429, 134.0, 147.0
430, 239.0, 28.0
431, 664.0, 79.0
432, 503.0, 90.0
433, 324.0, 461.0
434, 341.0, 293.0
435, 181.0, 328.0
436, 393.0, 245.0
437, 347.0, 379.0
438, 537.0, 445.0
439, 272.0, 385.0
440, 729.0, 393.0
441, 251.0, 303.0
442, 305.0, 322.0
443, 682.0, 165.0
444, 318.0, 130.0
445, 647.0, 141.0
446, 88.0, 413.0
447, 658.0, 86.0
448, 545.0, 436.0
449, 405.0, 303.0
450, 283.0, 367.0
451, 303.0, 133.0
452, 623.0, 298.0
453, 669.0, 85.0
454, 555.0, 357.0
455, 255.0, 389.0
456, 425.0, 317.0
457, 382.0, 267.0
458, 396.0, 461.0
459, 448.0, 254.0
460, 368.0, 16.0
461, 114.0, 311.0
462, 443.0, 256.0
463, 609.0, 470.0
464, 394.0, 283.0
465, 576.0, 361.0
466, 372.0, 194.0
467, 740.0, 449.0
468, 305.0, 358.0
469, 375.0, 297.0
470, 199.0, 183.0
471, 408.0, 186.0
472, 276.0, 337.0
473, 724.0, 371.0
474, 598.0, 437.0
475, 432.0, 409.0
476, 133.0, 368.0
477, 438.0, 259.0
478, 416.0, 379.0
479, 296.0, 368.0
480, 591.0, 449.0
481, 344.0, 249.0
482, 639.0, 251.0
483, 74.0, 327.0
484, 146.0, 389.0
485, 723.0, 360.0
486, 199.0, 301.0
487, 341.0, 139.0
488, 278.0, 280.0
489, 218.0, 132.0
490, 79.0, 418.0
491, 260.0, 389.0
492, 703.0, 468.0
493, 383.0, 93.0
494, 544.0, 259.0
495, 742.0, 368.0
496, 407.0, 371.0
497, 688.0, 425.0
498, 8.0, 455.0
499, 742.0, 400.0
