0, 199.0, 8.0
1, 249.0, 8.0
2, 257.0, 8.0
3, 269.0, 8.0
4, 279.0, 10.0
5, 161.0, 11.0
6, 194.0, 11.0
7, 213.0, 12.0
8, 290.0, 14.0
9, 257.0, 17.0
10, 90.0, 19.0
11, 309.0, 21.0
12, 250.0, 33.0
13, 270.0, 33.0
14, 303.0, 34.0
15, 308.0, 34.0
16, 257.0, 35.0
17, 279.0, 36.0
18, 289.0, 38.0
19, 299.0, 41.0
20, 333.0, 42.0
21, 309.0, 43.0
22, 356.0, 47.0
23, 389.0, 52.0
24, 332.0, 53.0
25, 281.0, 54.0
26, 177.0, 57.0
27, 189.0, 58.0
28, 195.0, 58.0
29, 323.0, 58.0
30, 383.0, 60.0
31, 392.0, 60.0
32, 417.0, 61.0
33, 438.0, 62.0
34, 332.0, 63.0
35, 458.0, 63.0
36, 430.0, 64.0
37, 514.0, 64.0
38, 508.0, 65.0
39, 530.0, 67.0
40, 412.0, 70.0
41, 699.0, 70.0
42, 719.0, 70.0
43, 179.0, 71.0
44, 382.0, 73.0
45, 422.0, 73.0
46, 391.0, 74.0
47, 437.0, 75.0
48, 447.0, 75.0
49, 543.0, 75.0
50, 457.0, 76.0
51, 531.0, 76.0
52, 197.0, 77.0
53, 467.0, 78.0
54, 472.0, 78.0
55, 486.0, 78.0
56, 185.0, 79.0
57, 221.0, 80.0
58, 510.0, 80.0
59, 412.0, 81.0
60, 422.0, 83.0
61, 557.0, 83.0
62, 115.0, 84.0
63, 172.0, 84.0
64, 578.0, 84.0
65, 96.0, 85.0
66, 134.0, 85.0
67, 694.0, 85.0
68, 727.0, 86.0
69, 537.0, 87.0
70, 433.0, 88.0
71, 186.0, 89.0
72, 217.0, 89.0
73, 487.0, 89.0
74, 95.0, 90.0
75, 176.0, 90.0
76, 192.0, 90.0
77, 204.0, 90.0
78, 455.0, 90.0
79, 242.0, 91.0
80, 233.0, 92.0
81, 260.0, 92.0
82, 272.0, 92.0
83, 523.0, 92.0
84, 409.0, 93.0
85, 534.0, 93.0
86, 556.0, 93.0
87, 684.0, 93.0
88, 136.0, 97.0
89, 96.0, 98.0
90, 118.0, 98.0
91, 409.0, 98.0
92, 173.0, 99.0
93, 192.0, 99.0
94, 186.0, 100.0
95, 204.0, 100.0
96, 216.0, 101.0
97, 485.0, 101.0
98, 494.0, 101.0
99, 512.0, 101.0
100, 383.0, 102.0
101, 432.0, 102.0
102, 688.0, 102.0
103, 709.0, 102.0
104, 443.0, 103.0
105, 529.0, 103.0
106, 456.0, 104.0
107, 520.0, 104.0
108, 534.0, 104.0
109, 723.0, 104.0
110, 472.0, 105.0
111, 552.0, 105.0
112, 568.0, 105.0
113, 482.0, 106.0
114, 383.0, 107.0
115, 430.0, 107.0
116, 586.0, 107.0
117, 598.0, 107.0
118, 410.0, 108.0
119, 613.0, 108.0
120, 101.0, 109.0
121, 631.0, 109.0
122, 425.0, 110.0
123, 539.0, 110.0
124, 648.0, 110.0
125, 260.0, 112.0
126, 382.0, 112.0
127, 391.0, 113.0
128, 187.0, 114.0
129, 249.0, 114.0
130, 676.0, 114.0
131, 217.0, 115.0
132, 222.0, 115.0
133, 438.0, 115.0
134, 500.0, 115.0
135, 470.0, 116.0
136, 103.0, 117.0
137, 455.0, 117.0
138, 481.0, 117.0
139, 513.0, 117.0
140, 694.0, 118.0
141, 408.0, 119.0
142, 549.0, 119.0
143, 706.0, 119.0
144, 718.0, 120.0
145, 389.0, 121.0
146, 251.0, 122.0
147, 294.0, 123.0
148, 524.0, 123.0
149, 594.0, 123.0
150, 216.0, 124.0
151, 536.0, 124.0
152, 204.0, 125.0
153, 274.0, 125.0
154, 466.0, 125.0
155, 617.0, 125.0
156, 627.0, 125.0
157, 188.0, 126.0
158, 224.0, 126.0
159, 561.0, 126.0
160, 176.0, 127.0
161, 479.0, 127.0
162, 494.0, 127.0
163, 548.0, 127.0
164, 414.0, 128.0
165, 582.0, 128.0
166, 406.0, 129.0
167, 142.0, 130.0
168, 260.0, 130.0
169, 225.0, 131.0
170, 249.0, 131.0
171, 106.0, 132.0
172, 117.0, 132.0
173, 126.0, 132.0
174, 220.0, 132.0
175, 239.0, 132.0
176, 424.0, 132.0
177, 432.0, 132.0
178, 608.0, 132.0
179, 625.0, 132.0
180, 445.0, 133.0
181, 506.0, 133.0
182, 517.0, 133.0
183, 581.0, 133.0
184, 465.0, 134.0
185, 643.0, 134.0
186, 669.0, 134.0
187, 456.0, 135.0
188, 485.0, 135.0
189, 534.0, 135.0
190, 695.0, 135.0
191, 713.0, 135.0
192, 214.0, 136.0
193, 416.0, 136.0
194, 141.0, 137.0
195, 198.0, 137.0
196, 547.0, 137.0
197, 556.0, 138.0
198, 561.0, 138.0
199, 571.0, 138.0
200, 177.0, 139.0
201, 103.0, 140.0
202, 129.0, 143.0
203, 144.0, 143.0
204, 286.0, 143.0
205, 531.0, 143.0
206, 274.0, 144.0
207, 111.0, 145.0
208, 299.0, 145.0
209, 319.0, 145.0
210, 506.0, 145.0
211, 100.0, 146.0
212, 307.0, 146.0
213, 337.0, 147.0
214, 518.0, 147.0
215, 569.0, 148.0
216, 354.0, 149.0
217, 707.0, 150.0
218, 545.0, 151.0
219, 107.0, 152.0
220, 388.0, 153.0
221, 690.0, 153.0
222, 216.0, 156.0
223, 400.0, 156.0
224, 575.0, 156.0
225, 99.0, 158.0
226, 147.0, 158.0
227, 419.0, 158.0
228, 119.0, 159.0
229, 330.0, 159.0
230, 428.0, 160.0
231, 62.0, 161.0
232, 354.0, 161.0
233, 133.0, 162.0
234, 451.0, 162.0
235, 371.0, 164.0
236, 464.0, 164.0
237, 81.0, 165.0
238, 382.0, 165.0
239, 394.0, 166.0
240, 147.0, 167.0
241, 296.0, 168.0
242, 406.0, 168.0
243, 94.0, 169.0
244, 509.0, 169.0
245, 316.0, 170.0
246, 414.0, 170.0
247, 106.0, 171.0
248, 191.0, 171.0
249, 324.0, 171.0
250, 426.0, 171.0
251, 329.0, 172.0
252, 120.0, 173.0
253, 337.0, 173.0
254, 442.0, 173.0
255, 343.0, 174.0
256, 451.0, 174.0
257, 353.0, 175.0
258, 456.0, 175.0
259, 461.0, 175.0
260, 468.0, 176.0
261, 370.0, 178.0
262, 477.0, 178.0
263, 482.0, 178.0
264, 518.0, 178.0
265, 149.0, 179.0
266, 487.0, 179.0
267, 174.0, 180.0
268, 387.0, 181.0
269, 254.0, 182.0
270, 394.0, 182.0
271, 507.0, 182.0
272, 519.0, 184.0
273, 82.0, 185.0
274, 429.0, 187.0
275, 634.0, 187.0
276, 194.0, 188.0
277, 610.0, 189.0
278, 646.0, 190.0
279, 459.0, 191.0
280, 475.0, 193.0
281, 620.0, 195.0
282, 65.0, 197.0
283, 632.0, 197.0
284, 258.0, 199.0
285, 365.0, 200.0
286, 511.0, 202.0
287, 125.0, 204.0
288, 521.0, 204.0
289, 365.0, 205.0
290, 598.0, 206.0
291, 603.0, 207.0
292, 608.0, 208.0
293, 527.0, 213.0
294, 512.0, 215.0
295, 412.0, 218.0
296, 641.0, 220.0
297, 523.0, 222.0
298, 162.0, 223.0
299, 459.0, 224.0
300, 509.0, 224.0
301, 217.0, 225.0
302, 366.0, 229.0
303, 411.0, 229.0
304, 296.0, 231.0
305, 584.0, 231.0
306, 385.0, 233.0
307, 503.0, 233.0
308, 521.0, 233.0
309, 259.0, 234.0
310, 457.0, 237.0
311, 618.0, 237.0
312, 275.0, 238.0
313, 515.0, 238.0
314, 328.0, 241.0
315, 448.0, 246.0
316, 500.0, 246.0
317, 592.0, 247.0
318, 508.0, 249.0
319, 591.0, 252.0
320, 475.0, 254.0
321, 492.0, 255.0
322, 365.0, 258.0
323, 373.0, 260.0
324, 378.0, 262.0
325, 419.0, 262.0
326, 384.0, 264.0
327, 300.0, 265.0
328, 335.0, 269.0
329, 361.0, 269.0
330, 585.0, 273.0
331, 52.0, 274.0
332, 380.0, 274.0
333, 591.0, 274.0
334, 322.0, 275.0
335, 602.0, 277.0
336, 42.0, 278.0
337, 555.0, 278.0
338, 204.0, 279.0
339, 613.0, 279.0
340, 240.0, 280.0
341, 350.0, 280.0
342, 199.0, 282.0
343, 474.0, 283.0
344, 636.0, 283.0
345, 486.0, 285.0
346, 650.0, 286.0
347, 599.0, 288.0
348, 161.0, 291.0
349, 673.0, 291.0
350, 338.0, 293.0
351, 260.0, 295.0
352, 169.0, 296.0
353, 345.0, 297.0
354, 324.0, 298.0
355, 335.0, 298.0
356, 544.0, 298.0
357, 653.0, 298.0
358, 255.0, 300.0
359, 722.0, 301.0
360, 161.0, 303.0
361, 563.0, 303.0
362, 93.0, 304.0
363, 503.0, 304.0
364, 351.0, 305.0
365, 592.0, 310.0
366, 59.0, 311.0
367, 280.0, 311.0
368, 597.0, 311.0
369, 670.0, 312.0
370, 309.0, 317.0
371, 636.0, 319.0
372, 215.0, 323.0
373, 221.0, 324.0
374, 305.0, 327.0
375, 462.0, 327.0
376, 467.0, 328.0
377, 681.0, 329.0
378, 475.0, 330.0
379, 716.0, 338.0
380, 294.0, 340.0
381, 62.0, 341.0
382, 613.0, 341.0
383, 649.0, 341.0
384, 731.0, 341.0
385, 190.0, 345.0
386, 231.0, 345.0
387, 281.0, 345.0
388, 70.0, 347.0
389, 76.0, 350.0
390, 215.0, 350.0
391, 306.0, 354.0
392, 221.0, 355.0
393, 34.0, 356.0
394, 177.0, 356.0
395, 246.0, 356.0
396, 278.0, 360.0
397, 492.0, 366.0
398, 208.0, 367.0
399, 147.0, 371.0
400, 295.0, 371.0
401, 624.0, 371.0
402, 715.0, 371.0
403, 226.0, 374.0
404, 263.0, 377.0
405, 254.0, 378.0
406, 414.0, 379.0
407, 244.0, 381.0
408, 482.0, 383.0
409, 495.0, 383.0
410, 722.0, 384.0
411, 281.0, 385.0
412, 171.0, 387.0
413, 451.0, 390.0
414, 495.0, 392.0
415, 176.0, 393.0
416, 707.0, 394.0
417, 317.0, 396.0
418, 30.0, 399.0
419, 450.0, 399.0
420, 118.0, 401.0
421, 448.0, 404.0
422, 461.0, 405.0
423, 148.0, 406.0
424, 127.0, 408.0
425, 160.0, 410.0
426, 262.0, 414.0
427, 487.0, 414.0
428, 743.0, 418.0
429, 436.0, 421.0
430, 163.0, 423.0
431, 444.0, 425.0
432, 204.0, 426.0
433, 436.0, 426.0
434, 197.0, 427.0
435, 374.0, 429.0
436, 193.0, 432.0
437, 218.0, 432.0
438, 392.0, 437.0
439, 114.0, 440.0
440, 235.0, 442.0
441, 64.0, 445.0
442, 415.0, 446.0
443, 152.0, 447.0
444, 59.0, 448.0
445, 146.0, 448.0
446, 141.0, 449.0
447, 135.0, 450.0
448, 280.0, 451.0
449, 437.0, 453.0
450, 83.0, 456.0
451, 145.0, 456.0
452, 489.0, 466.0
453, 107.0, 470.0
454, 32.0, 471.0
