0, 456.0, 234.0
1, 207.0, 244.0
2, 451.0, 326.0
3, 118.0, 390.0
4, 563.0, 70.0
5, 455.0, 195.0
6, 199.0, 265.0
7, 168.0, 420.0
8, 466.0, 224.0
9, 140.0, 324.0
10, 495.0, 221.0
11, 441.0, 334.0
12, 318.0, 144.0
13, 407.0, 376.0
14, 216.0, 337.0
15, 285.0, 214.0
16, 456.0, 284.0
17, 428.0, 185.0
18, 467.0, 213.0
19, 191.0, 211.0
20, 480.0, 222.0
21, 210.0, 264.0
22, 473.0, 366.0
23, 610.0, 233.0
24, 481.0, 211.0
25, 389.0, 222.0
26, 284.0, 395.0
27, 468.0, 283.0
28, 687.0, 207.0
29, 525.0, 430.0
30, 342.0, 357.0
31, 103.0, 385.0
32, 284.0, 428.0
33, 213.0, 283.0
34, 528.0, 74.0
35, 508.0, 228.0
36, 181.0, 248.0
37, 535.0, 224.0
38, 321.0, 336.0
39, 412.0, 186.0
40, 122.0, 255.0
41, 535.0, 206.0
42, 587.0, 306.0
43, 494.0, 383.0
44, 500.0, 373.0
45, 341.0, 342.0
46, 252.0, 238.0
47, 433.0, 217.0
48, 356.0, 340.0
49, 216.0, 84.0
50, 452.0, 397.0
51, 319.0, 315.0
52, 192.0, 226.0
53, 185.0, 267.0
54, 535.0, 186.0
55, 382.0, 150.0
56, 612.0, 196.0
57, 340.0, 405.0
58, 121.0, 404.0
59, 26.0, 286.0
60, 114.0, 349.0
61, 409.0, 309.0
62, 60.0, 262.0
63, 150.0, 81.0
64, 686.0, 223.0
65, 375.0, 224.0
66, 395.0, 292.0
67, 188.0, 195.0
68, 288.0, 255.0
69, 459.0, 340.0
70, 388.0, 211.0
71, 469.0, 180.0
72, 422.0, 329.0
73, 119.0, 236.0
74, 228.0, 313.0
75, 270.0, 434.0
76, 129.0, 418.0
77, 97.0, 141.0
78, 381.0, 137.0
79, 173.0, 198.0
80, 98.0, 356.0
81, 15.0, 247.0
82, 534.0, 237.0
83, 117.0, 358.0
84, 195.0, 246.0
85, 131.0, 294.0
86, 283.0, 381.0
87, 376.0, 244.0
88, 502.0, 278.0
89, 267.0, 236.0
90, 716.0, 219.0
91, 123.0, 326.0
92, 171.0, 335.0
93, 338.0, 228.0
94, 50.0, 357.0
95, 561.0, 154.0
96, 108.0, 399.0
97, 372.0, 401.0
98, 448.0, 225.0
99, 598.0, 339.0
100, 177.0, 228.0
101, 355.0, 324.0
102, 45.0, 301.0
103, 249.0, 299.0
104, 94.0, 330.0
105, 55.0, 242.0
106, 625.0, 124.0
107, 500.0, 361.0
108, 380.0, 78.0
109, 405.0, 448.0
110, 401.0, 300.0
111, 373.0, 204.0
112, 420.0, 218.0
113, 466.0, 315.0
114, 32.0, 245.0
115, 199.0, 423.0
116, 521.0, 238.0
117, 387.0, 368.0
118, 673.0, 266.0
119, 387.0, 304.0
120, 57.0, 366.0
121, 217.0, 94.0
122, 107.0, 326.0
123, 147.0, 177.0
124, 690.0, 187.0
125, 394.0, 456.0
126, 169.0, 89.0
127, 493.0, 230.0
128, 299.0, 125.0
129, 693.0, 371.0
130, 291.0, 403.0
131, 410.0, 177.0
132, 377.0, 263.0
133, 126.0, 274.0
134, 665.0, 157.0
135, 362.0, 308.0
136, 440.0, 372.0
137, 472.0, 140.0
138, 306.0, 394.0
139, 40.0, 326.0
140, 231.0, 93.0
141, 291.0, 273.0
142, 30.0, 148.0
143, 264.0, 224.0
144, 561.0, 202.0
145, 555.0, 288.0
146, 305.0, 332.0
147, 285.0, 133.0
148, 727.0, 183.0
149, 479.0, 231.0
150, 174.0, 118.0
151, 726.0, 201.0
152, 552.0, 170.0
153, 188.0, 286.0
154, 300.0, 189.0
155, 690.0, 168.0
156, 156.0, 175.0
157, 494.0, 38.0
158, 388.0, 320.0
159, 433.0, 353.0
160, 285.0, 234.0
161, 559.0, 260.0
162, 574.0, 427.0
163, 401.0, 397.0
164, 163.0, 149.0
165, 464.0, 423.0
166, 343.0, 456.0
167, 307.0, 317.0
168, 160.0, 135.0
169, 430.0, 344.0
170, 520.0, 316.0
171, 455.0, 213.0
172, 264.0, 322.0
173, 645.0, 450.0
174, 374.0, 213.0
175, 175.0, 215.0
176, 465.0, 388.0
177, 384.0, 465.0
178, 494.0, 58.0
179, 659.0, 262.0
180, 408.0, 208.0
181, 36.0, 265.0
182, 447.0, 312.0
183, 50.0, 228.0
184, 238.0, 139.0
185, 563.0, 87.0
186, 32.0, 457.0
187, 185.0, 96.0
188, 25.0, 328.0
189, 731.0, 135.0
190, 8.0, 217.0
191, 431.0, 198.0
192, 100.0, 156.0
193, 440.0, 183.0
194, 435.0, 228.0
195, 466.0, 334.0
196, 496.0, 211.0
197, 456.0, 223.0
198, 420.0, 229.0
199, 604.0, 307.0
200, 439.0, 391.0
201, 653.0, 143.0
202, 269.0, 258.0
203, 188.0, 107.0
204, 143.0, 335.0
205, 409.0, 329.0
206, 611.0, 215.0
207, 134.0, 368.0
208, 353.0, 390.0
209, 390.0, 232.0
210, 115.0, 222.0
211, 598.0, 164.0
212, 478.0, 249.0
213, 326.0, 74.0
214, 405.0, 247.0
215, 307.0, 303.0
216, 310.0, 158.0
217, 326.0, 229.0
218, 46.0, 212.0
219, 233.0, 402.0
220, 21.0, 267.0
221, 283.0, 412.0
222, 583.0, 341.0
223, 388.0, 172.0
224, 428.0, 169.0
225, 323.0, 121.0
226, 270.0, 444.0
227, 433.0, 248.0
228, 164.0, 321.0
229, 216.0, 438.0
230, 65.0, 282.0
231, 581.0, 433.0
232, 279.0, 351.0
233, 479.0, 270.0
234, 311.0, 376.0
235, 306.0, 231.0
236, 33.0, 468.0
237, 201.0, 454.0
238, 423.0, 301.0
239, 41.0, 283.0
240, 271.0, 275.0
241, 188.0, 116.0
242, 311.0, 72.0
243, 320.0, 388.0
244, 512.0, 399.0
245, 12.0, 232.0
246, 426.0, 73.0
247, 560.0, 191.0
248, 501.0, 469.0
249, 250.0, 227.0
250, 454.0, 353.0
251, 262.0, 308.0
252, 166.0, 343.0
253, 522.0, 226.0
254, 73.0, 371.0
255, 464.0, 349.0
256, 320.0, 38.0
257, 579.0, 458.0
258, 204.0, 225.0
259, 524.0, 157.0
260, 85.0, 87.0
261, 258.0, 164.0
262, 400.0, 358.0
263, 162.0, 366.0
264, 248.0, 188.0
265, 375.0, 233.0
266, 256.0, 151.0
267, 146.0, 381.0
268, 337.0, 208.0
269, 210.0, 414.0
270, 317.0, 188.0
271, 354.0, 403.0
272, 307.0, 145.0
273, 368.0, 361.0
274, 476.0, 421.0
275, 737.0, 89.0
276, 409.0, 134.0
277, 117.0, 441.0
278, 615.0, 125.0
279, 305.0, 410.0
280, 99.0, 424.0
281, 157.0, 186.0
282, 411.0, 404.0
283, 11.0, 370.0
284, 625.0, 112.0
285, 496.0, 421.0
286, 310.0, 168.0
287, 69.0, 299.0
288, 521.0, 110.0
289, 697.0, 241.0
290, 490.0, 245.0
291, 413.0, 344.0
292, 84.0, 374.0
293, 612.0, 205.0
294, 503.0, 384.0
295, 446.0, 246.0
296, 547.0, 237.0
297, 430.0, 393.0
298, 116.0, 373.0
299, 453.0, 166.0
300, 319.0, 84.0
301, 210.0, 315.0
302, 338.0, 312.0
303, 280.0, 87.0
304, 657.0, 309.0
305, 189.0, 339.0
306, 623.0, 134.0
307, 486.0, 363.0
308, 35.0, 360.0
309, 265.0, 330.0
310, 359.0, 376.0
311, 314.0, 291.0
312, 275.0, 415.0
313, 432.0, 406.0
314, 257.0, 203.0
315, 418.0, 169.0
316, 336.0, 287.0
317, 652.0, 164.0
318, 349.0, 227.0
319, 276.0, 467.0
320, 740.0, 44.0
321, 351.0, 236.0
322, 418.0, 360.0
323, 405.0, 259.0
324, 57.0, 336.0
325, 519.0, 374.0
326, 179.0, 147.0
327, 157.0, 338.0
328, 329.0, 386.0
329, 501.0, 266.0
330, 248.0, 408.0
331, 526.0, 91.0
332, 557.0, 426.0
333, 428.0, 118.0
334, 426.0, 379.0
335, 416.0, 412.0
336, 13.0, 470.0
337, 675.0, 251.0
338, 21.0, 313.0
339, 309.0, 254.0
340, 519.0, 291.0
341, 448.0, 426.0
342, 253.0, 140.0
343, 318.0, 302.0
344, 383.0, 160.0
345, 562.0, 359.0
346, 62.0, 354.0
347, 316.0, 365.0
348, 457.0, 295.0
349, 424.0, 314.0
350, 418.0, 238.0
351, 585.0, 166.0
352, 331.0, 431.0
353, 194.0, 362.0
354, 612.0, 430.0
355, 363.0, 419.0
356, 661.0, 274.0
357, 348.0, 265.0
358, 509.0, 219.0
359, 134.0, 343.0
360, 460.0, 372.0
361, 336.0, 83.0
362, 422.0, 404.0
363, 302.0, 211.0
364, 28.0, 444.0
365, 300.0, 463.0
366, 474.0, 128.0
367, 603.0, 197.0
368, 148.0, 188.0
369, 483.0, 38.0
370, 102.0, 369.0
371, 475.0, 150.0
372, 351.0, 435.0
373, 304.0, 435.0
374, 46.0, 454.0
375, 16.0, 94.0
376, 318.0, 157.0
377, 583.0, 152.0
378, 8.0, 454.0
379, 214.0, 328.0
380, 619.0, 452.0
381, 292.0, 80.0
382, 126.0, 14.0
383, 237.0, 357.0
384, 604.0, 444.0
385, 548.0, 254.0
386, 543.0, 342.0
387, 112.0, 411.0
388, 90.0, 343.0
389, 538.0, 249.0
390, 258.0, 173.0
391, 350.0, 79.0
392, 495.0, 18.0
393, 412.0, 435.0
394, 360.0, 296.0
395, 402.0, 414.0
396, 558.0, 237.0
397, 313.0, 180.0
398, 451.0, 372.0
399, 559.0, 459.0
400, 350.0, 297.0
401, 729.0, 159.0
402, 538.0, 266.0
403, 219.0, 449.0
404, 116.0, 428.0
405, 75.0, 333.0
406, 314.0, 346.0
407, 453.0, 182.0
408, 229.0, 327.0
409, 586.0, 423.0
410, 500.0, 349.0
411, 342.0, 178.0
412, 376.0, 445.0
413, 456.0, 203.0
414, 325.0, 374.0
415, 418.0, 250.0
416, 143.0, 164.0
417, 348.0, 246.0
418, 33.0, 162.0
419, 384.0, 424.0
420, 476.0, 190.0
421, 478.0, 260.0
422, 253.0, 248.0
423, 519.0, 355.0
424, 601.0, 149.0
425, 587.0, 329.0
426, 200.0, 273.0
427, 504.0, 243.0
428, 678.0, 320.0
429, 362.0, 71.0
430, 540.0, 373.0
431, 331.0, 252.0
432, 383.0, 125.0
433, 409.0, 165.0
434, 563.0, 213.0
435, 521.0, 64.0
436, 511.0, 212.0
437, 466.0, 141.0
438, 551.0, 223.0
439, 437.0, 415.0
440, 462.0, 306.0
441, 319.0, 166.0
442, 324.0, 407.0
443, 113.0, 419.0
444, 167.0, 462.0
445, 389.0, 199.0
446, 614.0, 137.0
447, 407.0, 228.0
448, 474.0, 445.0
449, 232.0, 241.0
450, 234.0, 117.0
451, 157.0, 453.0
452, 725.0, 339.0
453, 268.0, 246.0
454, 23.0, 471.0
455, 294.0, 319.0
456, 687.0, 420.0
457, 388.0, 391.0
458, 198.0, 11.0
459, 456.0, 454.0
460, 252.0, 335.0
461, 335.0, 393.0
462, 604.0, 186.0
463, 269.0, 396.0
464, 567.0, 168.0
465, 360.0, 384.0
466, 250.0, 215.0
467, 542.0, 156.0
468, 476.0, 92.0
469, 14.0, 386.0
470, 477.0, 63.0
471, 362.0, 402.0
472, 260.0, 423.0
473, 334.0, 179.0
474, 405.0, 35.0
475, 480.0, 163.0
476, 452.0, 360.0
477, 255.0, 442.0
478, 50.0, 390.0
479, 338.0, 114.0
480, 240.0, 326.0
481, 454.0, 71.0
482, 520.0, 252.0
483, 267.0, 456.0
484, 202.0, 195.0
485, 288.0, 335.0
486, 27.0, 399.0
487, 434.0, 237.0
488, 465.0, 272.0
489, 85.0, 435.0
490, 345.0, 392.0
491, 138.0, 433.0
492, 472.0, 158.0
493, 272.0, 387.0
494, 345.0, 379.0
495, 689.0, 196.0
496, 612.0, 50.0
497, 146.0, 407.0
498, 493.0, 372.0
499, 473.0, 118.0
