0, 208.0, 104.0
1, 255.0, 89.0
2, 364.0, 387.0
3, 566.0, 288.0
4, 516.0, 211.0
5, 449.0, 82.0
6, 343.0, 117.0
7, 416.0, 115.0
8, 379.0, 93.0
9, 334.0, 109.0
10, 304.0, 177.0
11, 237.0, 88.0
12, 202.0, 91.0
13, 327.0, 379.0
14, 554.0, 282.0
15, 407.0, 66.0
16, 189.0, 118.0
17, 98.0, 439.0
18, 94.0, 423.0
19, 293.0, 176.0
20, 381.0, 117.0
21, 660.0, 181.0
22, 453.0, 99.0
23, 71.0, 334.0
24, 363.0, 408.0
25, 488.0, 333.0
26, 514.0, 235.0
27, 476.0, 186.0
28, 235.0, 418.0
29, 355.0, 440.0
30, 161.0, 75.0
31, 474.0, 222.0
32, 570.0, 382.0
33, 551.0, 98.0
34, 429.0, 115.0
35, 365.0, 93.0
36, 191.0, 435.0
37, 640.0, 179.0
38, 233.0, 403.0
39, 661.0, 191.0
40, 472.0, 278.0
41, 66.0, 356.0
42, 364.0, 397.0
43, 603.0, 340.0
44, 295.0, 421.0
45, 222.0, 269.0
46, 181.0, 450.0
47, 229.0, 366.0
48, 203.0, 369.0
49, 546.0, 308.0
50, 691.0, 434.0
51, 324.0, 180.0
52, 200.0, 423.0
53, 343.0, 93.0
54, 101.0, 450.0
55, 253.0, 383.0
56, 417.0, 101.0
57, 574.0, 411.0
58, 691.0, 166.0
59, 238.0, 430.0
60, 706.0, 167.0
61, 668.0, 396.0
62, 452.0, 113.0
63, 589.0, 456.0
64, 631.0, 214.0
65, 365.0, 419.0
66, 496.0, 175.0
67, 440.0, 99.0
68, 551.0, 382.0
69, 636.0, 203.0
70, 461.0, 257.0
71, 490.0, 259.0
72, 194.0, 408.0
73, 640.0, 272.0
74, 461.0, 452.0
75, 463.0, 100.0
76, 314.0, 92.0
77, 185.0, 92.0
78, 172.0, 316.0
79, 566.0, 307.0
80, 579.0, 289.0
81, 432.0, 83.0
82, 13.0, 435.0
83, 290.0, 395.0
84, 168.0, 294.0
85, 182.0, 437.0
86, 494.0, 376.0
87, 431.0, 217.0
88, 460.0, 83.0
89, 440.0, 113.0
90, 600.0, 410.0
91, 463.0, 469.0
92, 292.0, 89.0
93, 398.0, 467.0
94, 178.0, 411.0
95, 345.0, 451.0
96, 538.0, 330.0
97, 498.0, 206.0
98, 644.0, 388.0
99, 292.0, 411.0
100, 41.0, 279.0
101, 157.0, 93.0
102, 628.0, 411.0
103, 354.0, 187.0
104, 327.0, 445.0
105, 8.0, 417.0
106, 553.0, 410.0
107, 203.0, 312.0
108, 548.0, 451.0
109, 662.0, 170.0
110, 254.0, 399.0
111, 25.0, 415.0
112, 553.0, 297.0
113, 22.0, 463.0
114, 480.0, 84.0
115, 451.0, 468.0
116, 532.0, 98.0
117, 281.0, 279.0
118, 663.0, 297.0
119, 35.0, 449.0
120, 472.0, 208.0
121, 247.0, 106.0
122, 295.0, 432.0
123, 78.0, 368.0
124, 265.0, 126.0
125, 30.0, 432.0
126, 696.0, 202.0
127, 417.0, 82.0
128, 516.0, 275.0
129, 518.0, 172.0
130, 431.0, 101.0
131, 106.0, 323.0
132, 546.0, 218.0
133, 501.0, 352.0
134, 629.0, 187.0
135, 117.0, 461.0
136, 253.0, 372.0
137, 582.0, 277.0
138, 241.0, 266.0
139, 684.0, 451.0
140, 109.0, 116.0
141, 653.0, 436.0
142, 146.0, 298.0
143, 690.0, 402.0
144, 312.0, 70.0
145, 600.0, 328.0
146, 216.0, 70.0
147, 198.0, 342.0
148, 488.0, 222.0
149, 583.0, 269.0
150, 354.0, 287.0
151, 680.0, 177.0
152, 237.0, 107.0
153, 529.0, 172.0
154, 270.0, 393.0
155, 538.0, 8.0
156, 249.0, 279.0
157, 210.0, 421.0
158, 584.0, 365.0
159, 484.0, 203.0
160, 498.0, 362.0
161, 18.0, 452.0
162, 190.0, 391.0
163, 191.0, 461.0
164, 705.0, 232.0
165, 534.0, 80.0
166, 310.0, 287.0
167, 452.0, 240.0
168, 166.0, 329.0
169, 109.0, 403.0
170, 371.0, 430.0
171, 417.0, 258.0
172, 536.0, 377.0
173, 522.0, 334.0
174, 196.0, 325.0
175, 357.0, 318.0
176, 577.0, 450.0
177, 298.0, 72.0
178, 225.0, 350.0
179, 489.0, 347.0
180, 302.0, 378.0
181, 159.0, 34.0
182, 349.0, 80.0
183, 430.0, 62.0
184, 192.0, 449.0
185, 289.0, 293.0
186, 380.0, 84.0
187, 327.0, 340.0
188, 561.0, 432.0
189, 26.0, 355.0
190, 348.0, 174.0
191, 558.0, 346.0
192, 332.0, 405.0
193, 45.0, 335.0
194, 500.0, 343.0
195, 565.0, 416.0
196, 544.0, 356.0
197, 180.0, 427.0
198, 698.0, 84.0
199, 429.0, 250.0
200, 232.0, 386.0
201, 260.0, 106.0
202, 654.0, 283.0
203, 425.0, 27.0
204, 335.0, 72.0
205, 450.0, 221.0
206, 313.0, 398.0
207, 21.0, 317.0
208, 620.0, 455.0
209, 117.0, 448.0
210, 145.0, 314.0
211, 62.0, 342.0
212, 89.0, 406.0
213, 512.0, 223.0
214, 112.0, 420.0
215, 474.0, 99.0
216, 729.0, 225.0
217, 208.0, 405.0
218, 51.0, 86.0
219, 366.0, 349.0
220, 631.0, 253.0
221, 538.0, 387.0
222, 394.0, 451.0
223, 286.0, 70.0
224, 368.0, 303.0
225, 206.0, 325.0
226, 224.0, 324.0
227, 420.0, 306.0
228, 481.0, 237.0
229, 314.0, 107.0
230, 509.0, 174.0
231, 538.0, 451.0
232, 473.0, 446.0
233, 166.0, 93.0
234, 629.0, 308.0
235, 450.0, 437.0
236, 623.0, 234.0
237, 606.0, 370.0
238, 735.0, 169.0
239, 581.0, 398.0
240, 626.0, 420.0
241, 450.0, 63.0
242, 24.0, 333.0
243, 78.0, 350.0
244, 115.0, 438.0
245, 741.0, 380.0
246, 525.0, 421.0
247, 573.0, 394.0
248, 54.0, 304.0
249, 325.0, 320.0
250, 594.0, 433.0
251, 323.0, 295.0
252, 485.0, 319.0
253, 416.0, 57.0
254, 176.0, 394.0
255, 504.0, 189.0
256, 116.0, 275.0
257, 221.0, 254.0
258, 462.0, 226.0
259, 507.0, 337.0
260, 56.0, 116.0
261, 583.0, 352.0
262, 391.0, 195.0
263, 331.0, 421.0
264, 318.0, 388.0
265, 66.0, 184.0
266, 675.0, 293.0
267, 460.0, 203.0
268, 721.0, 82.0
269, 167.0, 270.0
270, 42.0, 372.0
271, 404.0, 199.0
272, 633.0, 401.0
273, 371.0, 453.0
274, 635.0, 194.0
275, 705.0, 51.0
276, 364.0, 53.0
277, 296.0, 110.0
278, 312.0, 428.0
279, 682.0, 263.0
280, 449.0, 454.0
281, 306.0, 405.0
282, 306.0, 50.0
283, 560.0, 322.0
284, 94.0, 466.0
285, 334.0, 171.0
286, 475.0, 33.0
287, 470.0, 197.0
288, 507.0, 317.0
289, 323.0, 404.0
290, 95.0, 336.0
291, 264.0, 368.0
292, 493.0, 273.0
293, 169.0, 67.0
294, 590.0, 382.0
295, 672.0, 382.0
296, 365.0, 335.0
297, 385.0, 283.0
298, 642.0, 291.0
299, 639.0, 324.0
300, 188.0, 372.0
301, 506.0, 438.0
302, 606.0, 397.0
303, 588.0, 334.0
304, 234.0, 36.0
305, 384.0, 375.0
306, 446.0, 231.0
307, 666.0, 276.0
308, 533.0, 289.0
309, 84.0, 338.0
310, 579.0, 432.0
311, 242.0, 249.0
312, 56.0, 347.0
313, 742.0, 118.0
314, 96.0, 347.0
315, 320.0, 20.0
316, 635.0, 359.0
317, 178.0, 119.0
318, 247.0, 49.0
319, 317.0, 417.0
320, 12.0, 61.0
321, 441.0, 72.0
322, 496.0, 131.0
323, 726.0, 49.0
324, 281.0, 117.0
325, 396.0, 81.0
326, 338.0, 435.0
327, 136.0, 458.0
328, 587.0, 130.0
329, 680.0, 310.0
330, 595.0, 83.0
331, 102.0, 276.0
332, 282.0, 263.0
333, 527.0, 301.0
334, 710.0, 402.0
335, 477.0, 127.0
336, 528.0, 467.0
337, 513.0, 293.0
338, 576.0, 92.0
339, 720.0, 433.0
340, 441.0, 244.0
341, 668.0, 433.0
342, 636.0, 236.0
343, 531.0, 159.0
344, 644.0, 85.0
345, 166.0, 109.0
346, 545.0, 368.0
347, 218.0, 422.0
348, 120.0, 316.0
349, 55.0, 107.0
350, 452.0, 127.0
351, 541.0, 460.0
352, 89.0, 222.0
353, 371.0, 116.0
354, 78.0, 303.0
355, 626.0, 323.0
356, 500.0, 221.0
357, 209.0, 432.0
358, 211.0, 388.0
359, 225.0, 104.0
360, 13.0, 277.0
361, 533.0, 111.0
362, 701.0, 249.0
363, 740.0, 396.0
364, 214.0, 119.0
365, 241.0, 352.0
366, 253.0, 414.0
367, 743.0, 468.0
368, 460.0, 64.0
369, 648.0, 260.0
370, 668.0, 129.0
371, 540.0, 271.0
372, 271.0, 218.0
373, 300.0, 161.0
374, 578.0, 370.0
375, 659.0, 245.0
376, 199.0, 353.0
377, 344.0, 414.0
378, 625.0, 351.0
379, 348.0, 247.0
380, 517.0, 258.0
381, 637.0, 62.0
382, 743.0, 434.0
383, 520.0, 159.0
384, 547.0, 110.0
385, 39.0, 267.0
386, 581.0, 180.0
387, 241.0, 126.0
388, 229.0, 17.0
389, 364.0, 262.0
390, 711.0, 209.0
391, 191.0, 253.0
392, 468.0, 331.0
393, 618.0, 391.0
394, 743.0, 449.0
395, 326.0, 71.0
396, 619.0, 261.0
397, 621.0, 378.0
398, 489.0, 364.0
399, 285.0, 201.0
400, 297.0, 204.0
401, 141.0, 328.0
402, 208.0, 352.0
403, 167.0, 256.0
404, 644.0, 218.0
405, 406.0, 312.0
406, 477.0, 422.0
407, 542.0, 264.0
408, 145.0, 132.0
409, 501.0, 238.0
410, 584.0, 188.0
411, 383.0, 439.0
412, 192.0, 335.0
413, 100.0, 183.0
414, 707.0, 280.0
415, 183.0, 349.0
416, 561.0, 399.0
417, 620.0, 112.0
418, 672.0, 112.0
419, 268.0, 185.0
420, 190.0, 347.0
421, 385.0, 323.0
422, 577.0, 145.0
423, 173.0, 84.0
424, 442.0, 342.0
425, 397.0, 30.0
426, 393.0, 131.0
427, 491.0, 391.0
428, 347.0, 311.0
429, 218.0, 444.0
430, 277.0, 131.0
431, 713.0, 463.0
432, 89.0, 353.0
433, 189.0, 425.0
434, 289.0, 17.0
435, 585.0, 471.0
436, 202.0, 433.0
437, 558.0, 457.0
438, 439.0, 418.0
439, 147.0, 84.0
440, 333.0, 470.0
441, 442.0, 90.0
442, 13.0, 372.0
443, 546.0, 345.0
444, 321.0, 355.0
445, 553.0, 422.0
446, 96.0, 257.0
447, 501.0, 85.0
448, 567.0, 113.0
449, 246.0, 89.0
450, 457.0, 212.0
451, 539.0, 399.0
452, 405.0, 458.0
453, 557.0, 374.0
454, 315.0, 369.0
455, 403.0, 381.0
456, 279.0, 383.0
457, 246.0, 364.0
458, 38.0, 461.0
459, 41.0, 361.0
460, 533.0, 239.0
461, 363.0, 366.0
462, 187.0, 277.0
463, 580.0, 299.0
464, 742.0, 133.0
465, 127.0, 14.0
466, 219.0, 431.0
467, 566.0, 96.0
468, 328.0, 102.0
469, 682.0, 219.0
470, 656.0, 375.0
471, 518.0, 453.0
472, 569.0, 326.0
473, 219.0, 455.0
474, 251.0, 206.0
475, 704.0, 155.0
476, 119.0, 325.0
477, 397.0, 351.0
478, 504.0, 272.0
479, 603.0, 458.0
480, 361.0, 373.0
481, 234.0, 282.0
482, 273.0, 407.0
483, 526.0, 309.0
484, 120.0, 299.0
485, 349.0, 93.0
486, 176.0, 364.0
487, 621.0, 365.0
488, 335.0, 388.0
489, 264.0, 380.0
490, 561.0, 331.0
491, 244.0, 227.0
492, 651.0, 308.0
493, 114.0, 300.0
494, 303.0, 391.0
495, 557.0, 112.0
496, 134.0, 116.0
497, 267.0, 107.0
498, 514.0, 247.0
499, 653.0, 198.0
