0, 414.0, 251.0
1, 265.0, 369.0
2, 588.0, 138.0
3, 156.0, 109.0
4, 608.0, 167.0
5, 734.0, 348.0
6, 79.0, 458.0
7, 312.0, 279.0
8, 613.0, 140.0
9, 225.0, 297.0
10, 517.0, 464.0
11, 209.0, 254.0
12, 644.0, 142.0
13, 161.0, 137.0
14, 313.0, 334.0
15, 315.0, 356.0
16, 461.0, 233.0
17, 514.0, 156.0
18, 503.0, 167.0
19, 725.0, 335.0
20, 478.0, 227.0
21, 291.0, 304.0
22, 539.0, 189.0
23, 167.0, 266.0
24, 246.0, 213.0
25, 610.0, 154.0
26, 517.0, 132.0
27, 101.0, 460.0
28, 630.0, 125.0
29, 601.0, 227.0
30, 503.0, 154.0
31, 461.0, 243.0
32, 646.0, 347.0
33, 415.0, 350.0
34, 289.0, 354.0
35, 585.0, 431.0
36, 159.0, 124.0
37, 127.0, 114.0
38, 221.0, 93.0
39, 224.0, 116.0
40, 106.0, 113.0
41, 247.0, 82.0
42, 545.0, 296.0
43, 339.0, 233.0
44, 329.0, 286.0
45, 333.0, 271.0
46, 141.0, 70.0
47, 296.0, 430.0
48, 628.0, 141.0
49, 336.0, 344.0
50, 343.0, 301.0
51, 481.0, 192.0
52, 474.0, 287.0
53, 272.0, 329.0
54, 285.0, 253.0
55, 51.0, 396.0
56, 702.0, 164.0
57, 438.0, 438.0
58, 602.0, 54.0
59, 449.0, 243.0
60, 528.0, 462.0
61, 648.0, 126.0
62, 334.0, 118.0
63, 424.0, 339.0
64, 476.0, 297.0
65, 514.0, 198.0
66, 560.0, 162.0
67, 586.0, 152.0
68, 351.0, 261.0
69, 365.0, 251.0
70, 476.0, 250.0
71, 489.0, 87.0
72, 497.0, 201.0
73, 69.0, 390.0
74, 490.0, 101.0
75, 118.0, 433.0
76, 537.0, 201.0
77, 433.0, 254.0
78, 207.0, 347.0
79, 515.0, 144.0
80, 614.0, 218.0
81, 437.0, 424.0
82, 590.0, 123.0
83, 319.0, 397.0
84, 352.0, 240.0
85, 239.0, 92.0
86, 374.0, 265.0
87, 493.0, 57.0
88, 193.0, 425.0
89, 565.0, 136.0
90, 622.0, 169.0
91, 698.0, 181.0
92, 199.0, 284.0
93, 176.0, 294.0
94, 254.0, 341.0
95, 659.0, 322.0
96, 491.0, 75.0
97, 56.0, 429.0
98, 563.0, 241.0
99, 213.0, 83.0
100, 707.0, 146.0
101, 133.0, 376.0
102, 547.0, 284.0
103, 583.0, 165.0
104, 463.0, 333.0
105, 432.0, 189.0
106, 200.0, 95.0
107, 634.0, 190.0
108, 180.0, 264.0
109, 115.0, 380.0
110, 499.0, 176.0
111, 110.0, 129.0
112, 447.0, 365.0
113, 727.0, 45.0
114, 649.0, 115.0
115, 428.0, 385.0
116, 91.0, 404.0
117, 247.0, 362.0
118, 66.0, 327.0
119, 67.0, 145.0
120, 205.0, 470.0
121, 291.0, 76.0
122, 220.0, 265.0
123, 204.0, 112.0
124, 619.0, 265.0
125, 250.0, 188.0
126, 412.0, 287.0
127, 567.0, 122.0
128, 342.0, 79.0
129, 445.0, 417.0
130, 197.0, 412.0
131, 391.0, 258.0
132, 593.0, 301.0
133, 572.0, 224.0
134, 442.0, 111.0
135, 295.0, 120.0
136, 272.0, 340.0
137, 629.0, 439.0
138, 249.0, 105.0
139, 187.0, 90.0
140, 487.0, 177.0
141, 625.0, 154.0
142, 252.0, 375.0
143, 472.0, 177.0
144, 460.0, 257.0
145, 269.0, 290.0
146, 630.0, 52.0
147, 299.0, 417.0
148, 493.0, 221.0
149, 232.0, 321.0
150, 505.0, 283.0
151, 125.0, 405.0
152, 297.0, 270.0
153, 619.0, 113.0
154, 522.0, 100.0
155, 297.0, 464.0
156, 523.0, 350.0
157, 83.0, 441.0
158, 172.0, 252.0
159, 641.0, 157.0
160, 488.0, 115.0
161, 109.0, 414.0
162, 505.0, 131.0
163, 287.0, 277.0
164, 289.0, 413.0
165, 626.0, 378.0
166, 307.0, 403.0
167, 9.0, 326.0
168, 25.0, 260.0
169, 722.0, 381.0
170, 410.0, 359.0
171, 711.0, 130.0
172, 365.0, 58.0
173, 239.0, 26.0
174, 380.0, 281.0
175, 500.0, 462.0
176, 393.0, 223.0
177, 303.0, 352.0
178, 442.0, 332.0
179, 312.0, 461.0
180, 668.0, 361.0
181, 491.0, 322.0
182, 478.0, 236.0
183, 164.0, 301.0
184, 354.0, 101.0
185, 443.0, 39.0
186, 608.0, 255.0
187, 608.0, 15.0
188, 428.0, 280.0
189, 370.0, 366.0
190, 284.0, 329.0
191, 129.0, 127.0
192, 491.0, 296.0
193, 461.0, 449.0
194, 342.0, 282.0
195, 667.0, 213.0
196, 531.0, 47.0
197, 51.0, 320.0
198, 615.0, 124.0
199, 437.0, 452.0
200, 337.0, 261.0
201, 111.0, 70.0
202, 208.0, 101.0
203, 473.0, 325.0
204, 612.0, 398.0
205, 431.0, 47.0
206, 556.0, 398.0
207, 250.0, 427.0
208, 300.0, 339.0
209, 349.0, 315.0
210, 376.0, 79.0
211, 590.0, 457.0
212, 311.0, 119.0
213, 308.0, 312.0
214, 25.0, 71.0
215, 442.0, 310.0
216, 114.0, 305.0
217, 309.0, 417.0
218, 652.0, 100.0
219, 146.0, 90.0
220, 210.0, 307.0
221, 479.0, 333.0
222, 567.0, 350.0
223, 32.0, 89.0
224, 173.0, 18.0
225, 272.0, 349.0
226, 202.0, 44.0
227, 363.0, 283.0
228, 439.0, 390.0
229, 331.0, 80.0
230, 112.0, 341.0
231, 166.0, 89.0
232, 92.0, 454.0
233, 587.0, 211.0
234, 407.0, 270.0
235, 492.0, 244.0
236, 655.0, 374.0
237, 509.0, 249.0
238, 493.0, 184.0
239, 337.0, 359.0
240, 472.0, 359.0
241, 236.0, 201.0
242, 146.0, 347.0
243, 129.0, 326.0
244, 113.0, 361.0
245, 627.0, 244.0
246, 289.0, 341.0
247, 241.0, 115.0
248, 317.0, 412.0
249, 308.0, 370.0
250, 416.0, 191.0
251, 80.0, 284.0
252, 100.0, 93.0
253, 619.0, 204.0
254, 554.0, 347.0
255, 518.0, 120.0
256, 132.0, 39.0
257, 389.0, 234.0
258, 216.0, 129.0
259, 417.0, 377.0
260, 661.0, 352.0
261, 592.0, 394.0
262, 308.0, 388.0
263, 310.0, 89.0
264, 610.0, 356.0
265, 635.0, 205.0
266, 491.0, 350.0
267, 640.0, 427.0
268, 315.0, 346.0
269, 361.0, 296.0
270, 322.0, 454.0
271, 517.0, 177.0
272, 457.0, 295.0
273, 638.0, 10.0
274, 100.0, 324.0
275, 564.0, 148.0
276, 141.0, 125.0
277, 421.0, 415.0
278, 667.0, 223.0
279, 70.0, 278.0
280, 601.0, 353.0
281, 441.0, 94.0
282, 312.0, 296.0
283, 603.0, 236.0
284, 233.0, 380.0
285, 442.0, 77.0
286, 193.0, 264.0
287, 652.0, 218.0
288, 73.0, 134.0
289, 248.0, 437.0
290, 610.0, 310.0
291, 524.0, 87.0
292, 509.0, 347.0
293, 351.0, 189.0
294, 424.0, 349.0
295, 55.0, 416.0
296, 592.0, 101.0
297, 51.0, 35.0
298, 405.0, 318.0
299, 118.0, 390.0
300, 475.0, 313.0
301, 450.0, 395.0
302, 599.0, 67.0
303, 122.0, 93.0
304, 293.0, 103.0
305, 80.0, 408.0
306, 72.0, 427.0
307, 577.0, 466.0
308, 645.0, 450.0
309, 663.0, 50.0
310, 500.0, 334.0
311, 378.0, 202.0
312, 228.0, 216.0
313, 206.0, 458.0
314, 294.0, 93.0
315, 278.0, 120.0
316, 144.0, 315.0
317, 507.0, 119.0
318, 475.0, 390.0
319, 137.0, 100.0
320, 58.0, 69.0
321, 326.0, 371.0
322, 166.0, 337.0
323, 305.0, 295.0
324, 431.0, 219.0
325, 63.0, 92.0
326, 544.0, 310.0
327, 278.0, 135.0
328, 325.0, 229.0
329, 176.0, 145.0
330, 679.0, 313.0
331, 528.0, 73.0
332, 226.0, 363.0
333, 618.0, 448.0
334, 567.0, 447.0
335, 465.0, 116.0
336, 580.0, 450.0
337, 501.0, 55.0
338, 479.0, 449.0
339, 416.0, 36.0
340, 739.0, 389.0
341, 416.0, 78.0
342, 541.0, 440.0
343, 593.0, 185.0
344, 430.0, 315.0
345, 28.0, 460.0
346, 155.0, 70.0
347, 439.0, 356.0
348, 258.0, 355.0
349, 630.0, 266.0
350, 639.0, 170.0
351, 185.0, 418.0
352, 599.0, 436.0
353, 416.0, 91.0
354, 538.0, 349.0
355, 322.0, 272.0
356, 121.0, 82.0
357, 149.0, 239.0
358, 137.0, 108.0
359, 416.0, 121.0
360, 697.0, 249.0
361, 150.0, 374.0
362, 435.0, 404.0
363, 320.0, 383.0
364, 44.0, 8.0
365, 466.0, 39.0
366, 598.0, 254.0
367, 376.0, 212.0
368, 567.0, 274.0
369, 354.0, 79.0
370, 355.0, 127.0
371, 737.0, 438.0
372, 233.0, 259.0
373, 183.0, 107.0
374, 223.0, 241.0
375, 64.0, 352.0
376, 279.0, 455.0
377, 611.0, 245.0
378, 91.0, 373.0
379, 8.0, 136.0
380, 455.0, 413.0
381, 623.0, 99.0
382, 227.0, 347.0
383, 570.0, 402.0
384, 320.0, 310.0
385, 179.0, 57.0
386, 245.0, 240.0
387, 359.0, 271.0
388, 616.0, 415.0
389, 268.0, 28.0
390, 193.0, 248.0
391, 369.0, 427.0
392, 734.0, 279.0
393, 653.0, 257.0
394, 384.0, 56.0
395, 701.0, 415.0
396, 414.0, 261.0
397, 96.0, 289.0
398, 528.0, 210.0
399, 562.0, 293.0
400, 630.0, 360.0
401, 496.0, 146.0
402, 639.0, 460.0
403, 343.0, 254.0
404, 525.0, 238.0
405, 638.0, 325.0
406, 32.0, 160.0
407, 585.0, 353.0
408, 328.0, 300.0
409, 341.0, 414.0
410, 715.0, 352.0
411, 550.0, 443.0
412, 187.0, 327.0
413, 402.0, 247.0
414, 452.0, 325.0
415, 645.0, 293.0
416, 630.0, 466.0
417, 638.0, 267.0
418, 575.0, 248.0
419, 470.0, 425.0
420, 386.0, 426.0
421, 592.0, 114.0
422, 405.0, 423.0
423, 13.0, 235.0
424, 237.0, 130.0
425, 170.0, 108.0
426, 402.0, 238.0
427, 527.0, 296.0
428, 659.0, 393.0
429, 431.0, 76.0
430, 444.0, 471.0
431, 44.0, 215.0
432, 433.0, 267.0
433, 258.0, 104.0
434, 455.0, 204.0
435, 464.0, 407.0
436, 412.0, 298.0
437, 267.0, 265.0
438, 285.0, 435.0
439, 428.0, 109.0
440, 93.0, 134.0
441, 675.0, 346.0
442, 231.0, 458.0
443, 153.0, 16.0
444, 512.0, 214.0
445, 436.0, 374.0
446, 615.0, 281.0
447, 500.0, 72.0
448, 254.0, 216.0
449, 224.0, 250.0
450, 132.0, 423.0
451, 535.0, 57.0
452, 319.0, 364.0
453, 638.0, 313.0
454, 504.0, 143.0
455, 65.0, 447.0
456, 430.0, 301.0
457, 429.0, 102.0
458, 271.0, 178.0
459, 586.0, 254.0
460, 483.0, 56.0
461, 496.0, 271.0
462, 696.0, 268.0
463, 273.0, 76.0
464, 384.0, 385.0
465, 673.0, 237.0
466, 258.0, 333.0
467, 523.0, 194.0
468, 23.0, 405.0
469, 292.0, 334.0
470, 299.0, 318.0
471, 404.0, 111.0
472, 410.0, 307.0
473, 47.0, 264.0
474, 541.0, 32.0
475, 607.0, 397.0
476, 327.0, 327.0
477, 212.0, 399.0
478, 145.0, 139.0
479, 550.0, 223.0
480, 538.0, 455.0
481, 275.0, 99.0
482, 274.0, 356.0
483, 450.0, 433.0
484, 325.0, 105.0
485, 440.0, 282.0
486, 609.0, 381.0
487, 15.0, 384.0
488, 462.0, 181.0
489, 65.0, 222.0
490, 202.0, 313.0
491, 512.0, 408.0
492, 543.0, 48.0
493, 441.0, 273.0
494, 137.0, 425.0
495, 523.0, 409.0
496, 384.0, 102.0
497, 512.0, 317.0
498, 315.0, 259.0
499, 262.0, 383.0
