0, 207.0, 347.0
1, 98.0, 57.0
2, 383.0, 176.0
3, 211.0, 252.0
4, 203.0, 321.0
5, 89.0, 385.0
6, 224.0, 349.0
7, 66.0, 124.0
8, 259.0, 146.0
9, 384.0, 39.0
10, 260.0, 430.0
11, 203.0, 198.0
12, 221.0, 441.0
13, 286.0, 79.0
14, 322.0, 448.0
15, 523.0, 100.0
16, 216.0, 27.0
17, 224.0, 462.0
18, 163.0, 59.0
19, 256.0, 391.0
20, 247.0, 304.0
21, 553.0, 75.0
22, 143.0, 123.0
23, 440.0, 303.0
24, 193.0, 328.0
25, 218.0, 50.0
26, 165.0, 254.0
27, 289.0, 122.0
28, 363.0, 23.0
29, 356.0, 398.0
30, 272.0, 183.0
31, 397.0, 323.0
32, 477.0, 315.0
33, 155.0, 343.0
34, 274.0, 138.0
35, 321.0, 188.0
36, 513.0, 224.0
37, 46.0, 412.0
38, 269.0, 126.0
39, 361.0, 152.0
40, 267.0, 78.0
41, 332.0, 150.0
42, 244.0, 148.0
43, 216.0, 407.0
44, 42.0, 105.0
45, 214.0, 396.0
46, 127.0, 372.0
47, 474.0, 69.0
48, 491.0, 254.0
49, 217.0, 114.0
50, 204.0, 334.0
51, 145.0, 106.0
52, 443.0, 170.0
53, 482.0, 284.0
54, 552.0, 218.0
55, 213.0, 383.0
56, 249.0, 315.0
57, 644.0, 22.0
58, 401.0, 169.0
59, 319.0, 164.0
60, 303.0, 218.0
61, 276.0, 198.0
62, 413.0, 247.0
63, 232.0, 340.0
64, 475.0, 362.0
65, 301.0, 237.0
66, 540.0, 84.0
67, 305.0, 91.0
68, 440.0, 270.0
69, 363.0, 39.0
70, 230.0, 303.0
71, 346.0, 151.0
72, 72.0, 410.0
73, 445.0, 291.0
74, 229.0, 140.0
75, 223.0, 451.0
76, 437.0, 316.0
77, 171.0, 112.0
78, 219.0, 430.0
79, 168.0, 330.0
80, 249.0, 207.0
81, 254.0, 371.0
82, 185.0, 349.0
83, 445.0, 52.0
84, 488.0, 68.0
85, 416.0, 171.0
86, 207.0, 106.0
87, 315.0, 61.0
88, 268.0, 56.0
89, 447.0, 340.0
90, 33.0, 134.0
91, 249.0, 327.0
92, 150.0, 164.0
93, 371.0, 50.0
94, 196.0, 212.0
95, 250.0, 464.0
96, 203.0, 74.0
97, 325.0, 23.0
98, 28.0, 440.0
99, 61.0, 160.0
100, 190.0, 60.0
101, 198.0, 17.0
102, 14.0, 125.0
103, 431.0, 180.0
104, 224.0, 320.0
105, 418.0, 81.0
106, 110.0, 384.0
107, 231.0, 162.0
108, 139.0, 345.0
109, 251.0, 350.0
110, 718.0, 98.0
111, 285.0, 182.0
112, 393.0, 280.0
113, 411.0, 341.0
114, 192.0, 389.0
115, 401.0, 200.0
116, 169.0, 219.0
117, 218.0, 419.0
118, 24.0, 426.0
119, 217.0, 60.0
120, 110.0, 154.0
121, 198.0, 354.0
122, 287.0, 91.0
123, 347.0, 171.0
124, 34.0, 152.0
125, 478.0, 256.0
126, 176.0, 281.0
127, 594.0, 130.0
128, 208.0, 294.0
129, 51.0, 424.0
130, 346.0, 130.0
131, 408.0, 263.0
132, 631.0, 24.0
133, 398.0, 28.0
134, 181.0, 325.0
135, 163.0, 71.0
136, 142.0, 90.0
137, 610.0, 268.0
138, 151.0, 408.0
139, 374.0, 152.0
140, 426.0, 169.0
141, 234.0, 78.0
142, 551.0, 427.0
143, 116.0, 88.0
144, 305.0, 80.0
145, 521.0, 115.0
146, 232.0, 242.0
147, 376.0, 115.0
148, 214.0, 316.0
149, 565.0, 138.0
150, 288.0, 111.0
151, 442.0, 329.0
152, 304.0, 140.0
153, 226.0, 277.0
154, 596.0, 141.0
155, 222.0, 309.0
156, 384.0, 152.0
157, 332.0, 170.0
158, 268.0, 113.0
159, 226.0, 62.0
160, 397.0, 242.0
161, 497.0, 172.0
162, 338.0, 407.0
163, 450.0, 68.0
164, 581.0, 39.0
165, 130.0, 127.0
166, 239.0, 296.0
167, 229.0, 28.0
168, 466.0, 402.0
169, 359.0, 85.0
170, 207.0, 361.0
171, 451.0, 14.0
172, 449.0, 194.0
173, 327.0, 62.0
174, 126.0, 63.0
175, 478.0, 161.0
176, 576.0, 83.0
177, 142.0, 432.0
178, 252.0, 360.0
179, 174.0, 357.0
180, 319.0, 252.0
181, 106.0, 365.0
182, 154.0, 15.0
183, 634.0, 46.0
184, 471.0, 211.0
185, 477.0, 270.0
186, 347.0, 393.0
187, 188.0, 378.0
188, 408.0, 47.0
189, 55.0, 15.0
190, 441.0, 260.0
191, 287.0, 235.0
192, 705.0, 49.0
193, 79.0, 52.0
194, 453.0, 45.0
195, 456.0, 263.0
196, 438.0, 236.0
197, 153.0, 184.0
198, 342.0, 214.0
199, 386.0, 223.0
200, 553.0, 454.0
201, 510.0, 67.0
202, 58.0, 107.0
203, 190.0, 133.0
204, 206.0, 119.0
205, 567.0, 220.0
206, 543.0, 175.0
207, 416.0, 269.0
208, 393.0, 8.0
209, 431.0, 286.0
210, 443.0, 125.0
211, 38.0, 58.0
212, 395.0, 309.0
213, 452.0, 181.0
214, 510.0, 52.0
215, 411.0, 121.0
216, 303.0, 167.0
217, 564.0, 83.0
218, 608.0, 364.0
219, 282.0, 52.0
220, 92.0, 396.0
221, 409.0, 319.0
222, 17.0, 319.0
223, 528.0, 83.0
224, 530.0, 68.0
225, 367.0, 401.0
226, 130.0, 167.0
227, 478.0, 299.0
228, 539.0, 151.0
229, 188.0, 362.0
230, 275.0, 147.0
231, 387.0, 98.0
232, 229.0, 52.0
233, 182.0, 336.0
234, 421.0, 336.0
235, 188.0, 91.0
236, 269.0, 91.0
237, 474.0, 83.0
238, 258.0, 411.0
239, 378.0, 333.0
240, 192.0, 145.0
241, 147.0, 377.0
242, 227.0, 189.0
243, 156.0, 420.0
244, 190.0, 284.0
245, 184.0, 158.0
246, 427.0, 37.0
247, 128.0, 444.0
248, 165.0, 397.0
249, 304.0, 461.0
250, 542.0, 66.0
251, 224.0, 75.0
252, 213.0, 75.0
253, 135.0, 57.0
254, 177.0, 387.0
255, 361.0, 126.0
256, 39.0, 21.0
257, 563.0, 94.0
258, 517.0, 172.0
259, 291.0, 140.0
260, 506.0, 162.0
261, 144.0, 71.0
262, 168.0, 410.0
263, 246.0, 92.0
264, 489.0, 85.0
265, 495.0, 128.0
266, 333.0, 187.0
267, 58.0, 441.0
268, 466.0, 127.0
269, 15.0, 96.0
270, 354.0, 118.0
271, 225.0, 471.0
272, 455.0, 397.0
273, 580.0, 155.0
274, 38.0, 82.0
275, 177.0, 133.0
276, 426.0, 126.0
277, 532.0, 187.0
278, 36.0, 457.0
279, 253.0, 337.0
280, 57.0, 140.0
281, 331.0, 254.0
282, 367.0, 387.0
283, 329.0, 126.0
284, 328.0, 75.0
285, 294.0, 260.0
286, 453.0, 26.0
287, 556.0, 180.0
288, 434.0, 28.0
289, 389.0, 121.0
290, 164.0, 132.0
291, 609.0, 130.0
292, 359.0, 58.0
293, 294.0, 207.0
294, 404.0, 155.0
295, 465.0, 282.0
296, 132.0, 388.0
297, 425.0, 259.0
298, 302.0, 149.0
299, 476.0, 181.0
300, 674.0, 250.0
301, 212.0, 274.0
302, 572.0, 378.0
303, 143.0, 361.0
304, 138.0, 419.0
305, 240.0, 458.0
306, 170.0, 343.0
307, 219.0, 39.0
308, 618.0, 11.0
309, 219.0, 128.0
310, 383.0, 19.0
311, 591.0, 221.0
312, 316.0, 49.0
313, 302.0, 286.0
314, 300.0, 45.0
315, 183.0, 412.0
316, 286.0, 470.0
317, 412.0, 225.0
318, 423.0, 215.0
319, 570.0, 117.0
320, 411.0, 165.0
321, 190.0, 202.0
322, 327.0, 52.0
323, 432.0, 15.0
324, 192.0, 125.0
325, 199.0, 368.0
326, 587.0, 16.0
327, 222.0, 247.0
328, 421.0, 318.0
329, 589.0, 467.0
330, 614.0, 112.0
331, 336.0, 54.0
332, 418.0, 68.0
333, 508.0, 76.0
334, 391.0, 332.0
335, 429.0, 235.0
336, 116.0, 399.0
337, 420.0, 186.0
338, 552.0, 199.0
339, 388.0, 320.0
340, 262.0, 448.0
341, 460.0, 360.0
342, 155.0, 114.0
343, 227.0, 208.0
344, 337.0, 64.0
345, 163.0, 119.0
346, 470.0, 266.0
347, 490.0, 271.0
348, 285.0, 150.0
349, 201.0, 59.0
350, 413.0, 289.0
351, 608.0, 85.0
352, 61.0, 52.0
353, 734.0, 431.0
354, 518.0, 159.0
355, 264.0, 467.0
356, 396.0, 182.0
357, 603.0, 291.0
358, 344.0, 15.0
359, 372.0, 124.0
360, 51.0, 57.0
361, 133.0, 8.0
362, 300.0, 58.0
363, 274.0, 83.0
364, 157.0, 352.0
365, 248.0, 182.0
366, 300.0, 267.0
367, 710.0, 256.0
368, 319.0, 151.0
369, 215.0, 356.0
370, 541.0, 137.0
371, 576.0, 65.0
372, 595.0, 105.0
373, 122.0, 432.0
374, 590.0, 355.0
375, 628.0, 283.0
376, 639.0, 247.0
377, 136.0, 151.0
378, 480.0, 111.0
379, 560.0, 154.0
380, 319.0, 228.0
381, 624.0, 142.0
382, 212.0, 372.0
383, 192.0, 316.0
384, 91.0, 24.0
385, 427.0, 250.0
386, 167.0, 89.0
387, 98.0, 412.0
388, 275.0, 172.0
389, 213.0, 327.0
390, 208.0, 91.0
391, 472.0, 24.0
392, 394.0, 294.0
393, 247.0, 290.0
394, 250.0, 114.0
395, 403.0, 101.0
396, 502.0, 234.0
397, 180.0, 399.0
398, 179.0, 172.0
399, 453.0, 316.0
400, 171.0, 423.0
401, 306.0, 100.0
402, 199.0, 37.0
403, 493.0, 23.0
404, 638.0, 151.0
405, 257.0, 401.0
406, 79.0, 31.0
407, 158.0, 435.0
408, 227.0, 217.0
409, 289.0, 307.0
410, 559.0, 311.0
411, 734.0, 74.0
412, 633.0, 35.0
413, 315.0, 74.0
414, 455.0, 231.0
415, 444.0, 107.0
416, 452.0, 124.0
417, 494.0, 147.0
418, 425.0, 142.0
419, 468.0, 103.0
420, 346.0, 57.0
421, 101.0, 171.0
422, 494.0, 319.0
423, 68.0, 18.0
424, 461.0, 343.0
425, 651.0, 237.0
426, 434.0, 348.0
427, 384.0, 387.0
428, 202.0, 380.0
429, 241.0, 107.0
430, 362.0, 172.0
431, 192.0, 301.0
432, 564.0, 67.0
433, 507.0, 469.0
434, 117.0, 61.0
435, 503.0, 214.0
436, 399.0, 213.0
437, 664.0, 11.0
438, 411.0, 212.0
439, 360.0, 467.0
440, 348.0, 35.0
441, 322.0, 262.0
442, 342.0, 28.0
443, 371.0, 172.0
444, 305.0, 188.0
445, 361.0, 414.0
446, 732.0, 46.0
447, 149.0, 135.0
448, 702.0, 85.0
449, 261.0, 419.0
450, 344.0, 111.0
451, 414.0, 27.0
452, 443.0, 248.0
453, 306.0, 293.0
454, 366.0, 380.0
455, 189.0, 117.0
456, 285.0, 195.0
457, 466.0, 251.0
458, 231.0, 390.0
459, 228.0, 232.0
460, 403.0, 227.0
461, 79.0, 426.0
462, 475.0, 418.0
463, 434.0, 336.0
464, 546.0, 102.0
465, 681.0, 227.0
466, 315.0, 82.0
467, 328.0, 275.0
468, 279.0, 218.0
469, 50.0, 94.0
470, 193.0, 402.0
471, 355.0, 91.0
472, 466.0, 144.0
473, 174.0, 160.0
474, 230.0, 129.0
475, 603.0, 44.0
476, 196.0, 341.0
477, 522.0, 128.0
478, 33.0, 95.0
479, 405.0, 58.0
480, 69.0, 49.0
481, 716.0, 236.0
482, 203.0, 392.0
483, 598.0, 385.0
484, 310.0, 300.0
485, 386.0, 237.0
486, 336.0, 240.0
487, 45.0, 142.0
488, 566.0, 195.0
489, 470.0, 186.0
490, 327.0, 170.0
491, 298.0, 92.0
492, 440.0, 225.0
493, 394.0, 162.0
494, 298.0, 79.0
495, 296.0, 227.0
496, 374.0, 248.0
497, 608.0, 149.0
498, 420.0, 112.0
499, 457.0, 160.0
