0, 252.0, 108.0
1, 263.0, 186.0
2, 523.0, 33.0
3, 83.0, 118.0
4, 557.0, 248.0
5, 87.0, 139.0
6, 250.0, 60.0
7, 632.0, 234.0
8, 154.0, 31.0
9, 347.0, 69.0
10, 49.0, 131.0
11, 619.0, 100.0
12, 230.0, 26.0
13, 638.0, 467.0
14, 656.0, 93.0
15, 121.0, 193.0
16, 633.0, 219.0
17, 352.0, 103.0
18, 329.0, 147.0
19, 241.0, 41.0
20, 606.0, 237.0
21, 445.0, 57.0
22, 91.0, 168.0
23, 91.0, 215.0
24, 119.0, 49.0
25, 219.0, 160.0
26, 40.0, 126.0
27, 221.0, 50.0
28, 706.0, 64.0
29, 276.0, 228.0
30, 122.0, 11.0
31, 290.0, 40.0
32, 242.0, 136.0
33, 280.0, 77.0
34, 275.0, 215.0
35, 587.0, 238.0
36, 214.0, 78.0
37, 242.0, 11.0
38, 158.0, 146.0
39, 60.0, 180.0
40, 95.0, 132.0
41, 210.0, 155.0
42, 625.0, 314.0
43, 220.0, 146.0
44, 486.0, 40.0
45, 225.0, 181.0
46, 199.0, 34.0
47, 57.0, 121.0
48, 164.0, 186.0
49, 276.0, 57.0
50, 217.0, 125.0
51, 293.0, 69.0
52, 390.0, 120.0
53, 579.0, 426.0
54, 47.0, 40.0
55, 511.0, 50.0
56, 469.0, 48.0
57, 80.0, 191.0
58, 283.0, 107.0
59, 150.0, 137.0
60, 473.0, 317.0
61, 511.0, 28.0
62, 108.0, 154.0
63, 632.0, 97.0
64, 315.0, 215.0
65, 716.0, 386.0
66, 378.0, 115.0
67, 622.0, 370.0
68, 210.0, 175.0
69, 222.0, 216.0
70, 76.0, 100.0
71, 164.0, 174.0
72, 159.0, 19.0
73, 307.0, 182.0
74, 629.0, 278.0
75, 230.0, 436.0
76, 654.0, 107.0
77, 47.0, 62.0
78, 262.0, 153.0
79, 174.0, 59.0
80, 301.0, 58.0
81, 687.0, 396.0
82, 273.0, 167.0
83, 43.0, 74.0
84, 546.0, 447.0
85, 727.0, 80.0
86, 512.0, 311.0
87, 206.0, 131.0
88, 88.0, 108.0
89, 587.0, 291.0
90, 737.0, 61.0
91, 221.0, 104.0
92, 285.0, 170.0
93, 183.0, 179.0
94, 130.0, 186.0
95, 411.0, 125.0
96, 485.0, 54.0
97, 293.0, 196.0
98, 606.0, 203.0
99, 20.0, 170.0
100, 409.0, 74.0
101, 193.0, 27.0
102, 553.0, 299.0
103, 104.0, 121.0
104, 104.0, 8.0
105, 228.0, 91.0
106, 243.0, 29.0
107, 173.0, 32.0
108, 333.0, 49.0
109, 599.0, 352.0
110, 37.0, 244.0
111, 699.0, 73.0
112, 106.0, 73.0
113, 602.0, 90.0
114, 219.0, 459.0
115, 608.0, 406.0
116, 728.0, 389.0
117, 610.0, 74.0
118, 67.0, 33.0
119, 523.0, 45.0
120, 362.0, 78.0
121, 291.0, 25.0
122, 534.0, 304.0
123, 158.0, 399.0
124, 258.0, 195.0
125, 297.0, 49.0
126, 616.0, 284.0
127, 82.0, 67.0
128, 584.0, 357.0
129, 625.0, 204.0
130, 87.0, 10.0
131, 622.0, 146.0
132, 565.0, 242.0
133, 209.0, 164.0
134, 380.0, 183.0
135, 408.0, 404.0
136, 88.0, 151.0
137, 206.0, 41.0
138, 140.0, 105.0
139, 263.0, 216.0
140, 682.0, 56.0
141, 721.0, 20.0
142, 443.0, 38.0
143, 289.0, 183.0
144, 634.0, 373.0
145, 628.0, 297.0
146, 99.0, 237.0
147, 313.0, 116.0
148, 308.0, 83.0
149, 309.0, 159.0
150, 571.0, 294.0
151, 620.0, 400.0
152, 50.0, 92.0
153, 279.0, 179.0
154, 505.0, 463.0
155, 280.0, 47.0
156, 272.0, 195.0
157, 351.0, 93.0
158, 247.0, 154.0
159, 237.0, 69.0
160, 365.0, 64.0
161, 682.0, 38.0
162, 207.0, 121.0
163, 603.0, 285.0
164, 205.0, 71.0
165, 99.0, 20.0
166, 467.0, 27.0
167, 218.0, 24.0
168, 13.0, 102.0
169, 642.0, 429.0
170, 128.0, 36.0
171, 574.0, 244.0
172, 29.0, 59.0
173, 719.0, 402.0
174, 699.0, 425.0
175, 13.0, 54.0
176, 215.0, 68.0
177, 621.0, 425.0
178, 310.0, 60.0
179, 132.0, 90.0
180, 123.0, 236.0
181, 537.0, 228.0
182, 706.0, 413.0
183, 628.0, 83.0
184, 14.0, 42.0
185, 249.0, 50.0
186, 641.0, 276.0
187, 168.0, 43.0
188, 92.0, 75.0
189, 721.0, 49.0
190, 218.0, 136.0
191, 186.0, 14.0
192, 79.0, 36.0
193, 354.0, 186.0
194, 721.0, 67.0
195, 631.0, 249.0
196, 386.0, 65.0
197, 19.0, 86.0
198, 508.0, 393.0
199, 365.0, 140.0
200, 646.0, 303.0
201, 332.0, 36.0
202, 623.0, 212.0
203, 43.0, 207.0
204, 257.0, 205.0
205, 78.0, 88.0
206, 224.0, 119.0
207, 684.0, 415.0
208, 206.0, 57.0
209, 209.0, 146.0
210, 111.0, 20.0
211, 575.0, 225.0
212, 717.0, 431.0
213, 567.0, 366.0
214, 95.0, 198.0
215, 491.0, 231.0
216, 723.0, 414.0
217, 79.0, 19.0
218, 138.0, 121.0
219, 176.0, 100.0
220, 26.0, 91.0
221, 541.0, 38.0
222, 259.0, 47.0
223, 100.0, 112.0
224, 85.0, 418.0
225, 527.0, 460.0
226, 700.0, 53.0
227, 321.0, 142.0
228, 564.0, 437.0
229, 536.0, 249.0
230, 180.0, 68.0
231, 68.0, 203.0
232, 141.0, 143.0
233, 644.0, 249.0
234, 184.0, 159.0
235, 134.0, 174.0
236, 86.0, 96.0
237, 234.0, 416.0
238, 583.0, 85.0
239, 303.0, 42.0
240, 233.0, 104.0
241, 150.0, 235.0
242, 195.0, 44.0
243, 485.0, 353.0
244, 560.0, 58.0
245, 28.0, 24.0
246, 635.0, 82.0
247, 580.0, 216.0
248, 329.0, 98.0
249, 179.0, 198.0
250, 205.0, 442.0
251, 228.0, 46.0
252, 328.0, 206.0
253, 327.0, 62.0
254, 352.0, 137.0
255, 404.0, 356.0
256, 381.0, 140.0
257, 487.0, 316.0
258, 454.0, 436.0
259, 690.0, 371.0
260, 79.0, 173.0
261, 645.0, 233.0
262, 202.0, 142.0
263, 554.0, 82.0
264, 158.0, 226.0
265, 677.0, 435.0
266, 342.0, 163.0
267, 237.0, 80.0
268, 416.0, 466.0
269, 666.0, 341.0
270, 664.0, 82.0
271, 556.0, 214.0
272, 145.0, 15.0
273, 400.0, 136.0
274, 302.0, 215.0
275, 130.0, 55.0
276, 457.0, 54.0
277, 138.0, 156.0
278, 296.0, 101.0
279, 363.0, 422.0
280, 602.0, 219.0
281, 189.0, 37.0
282, 631.0, 68.0
283, 620.0, 451.0
284, 273.0, 422.0
285, 204.0, 199.0
286, 222.0, 34.0
287, 684.0, 406.0
288, 584.0, 57.0
289, 163.0, 107.0
290, 161.0, 134.0
291, 739.0, 30.0
292, 308.0, 199.0
293, 222.0, 386.0
294, 151.0, 114.0
295, 236.0, 451.0
296, 136.0, 200.0
297, 223.0, 200.0
298, 521.0, 72.0
299, 680.0, 75.0
300, 94.0, 122.0
301, 723.0, 297.0
302, 57.0, 392.0
303, 537.0, 240.0
304, 242.0, 21.0
305, 588.0, 93.0
306, 544.0, 61.0
307, 368.0, 164.0
308, 162.0, 61.0
309, 57.0, 161.0
310, 543.0, 468.0
311, 306.0, 230.0
312, 208.0, 183.0
313, 728.0, 33.0
314, 311.0, 135.0
315, 671.0, 383.0
316, 144.0, 23.0
317, 486.0, 372.0
318, 516.0, 221.0
319, 418.0, 28.0
320, 259.0, 66.0
321, 279.0, 244.0
322, 324.0, 362.0
323, 573.0, 269.0
324, 129.0, 414.0
325, 49.0, 102.0
326, 12.0, 20.0
327, 353.0, 118.0
328, 315.0, 182.0
329, 73.0, 228.0
330, 614.0, 313.0
331, 588.0, 437.0
332, 611.0, 116.0
333, 417.0, 330.0
334, 132.0, 20.0
335, 270.0, 139.0
336, 610.0, 41.0
337, 98.0, 224.0
338, 713.0, 450.0
339, 35.0, 104.0
340, 187.0, 93.0
341, 378.0, 400.0
342, 418.0, 390.0
343, 543.0, 48.0
344, 228.0, 166.0
345, 417.0, 65.0
346, 689.0, 215.0
347, 695.0, 448.0
348, 510.0, 62.0
349, 305.0, 175.0
350, 458.0, 375.0
351, 666.0, 413.0
352, 323.0, 240.0
353, 12.0, 165.0
354, 576.0, 24.0
355, 234.0, 162.0
356, 421.0, 173.0
357, 633.0, 394.0
358, 384.0, 361.0
359, 62.0, 97.0
360, 453.0, 46.0
361, 78.0, 256.0
362, 449.0, 327.0
363, 34.0, 459.0
364, 450.0, 229.0
365, 269.0, 124.0
366, 41.0, 25.0
367, 366.0, 184.0
368, 653.0, 123.0
369, 403.0, 345.0
370, 561.0, 226.0
371, 131.0, 241.0
372, 624.0, 343.0
373, 659.0, 68.0
374, 639.0, 124.0
375, 194.0, 467.0
376, 96.0, 87.0
377, 645.0, 219.0
378, 418.0, 233.0
379, 362.0, 237.0
380, 271.0, 131.0
381, 263.0, 108.0
382, 616.0, 297.0
383, 288.0, 205.0
384, 283.0, 369.0
385, 610.0, 367.0
386, 142.0, 40.0
387, 372.0, 370.0
388, 134.0, 375.0
389, 36.0, 93.0
390, 450.0, 365.0
391, 110.0, 39.0
392, 149.0, 217.0
393, 741.0, 421.0
394, 495.0, 58.0
395, 620.0, 113.0
396, 120.0, 255.0
397, 452.0, 175.0
398, 580.0, 49.0
399, 400.0, 99.0
400, 184.0, 253.0
401, 257.0, 404.0
402, 602.0, 421.0
403, 689.0, 29.0
404, 112.0, 90.0
405, 88.0, 23.0
406, 32.0, 141.0
407, 53.0, 239.0
408, 741.0, 83.0
409, 667.0, 457.0
410, 85.0, 130.0
411, 396.0, 355.0
412, 112.0, 128.0
413, 289.0, 431.0
414, 112.0, 211.0
415, 418.0, 412.0
416, 70.0, 112.0
417, 564.0, 427.0
418, 545.0, 217.0
419, 231.0, 56.0
420, 36.0, 263.0
421, 113.0, 31.0
422, 167.0, 24.0
423, 660.0, 413.0
424, 105.0, 200.0
425, 123.0, 86.0
426, 290.0, 81.0
427, 626.0, 337.0
428, 700.0, 456.0
429, 22.0, 34.0
430, 256.0, 230.0
431, 286.0, 115.0
432, 31.0, 35.0
433, 119.0, 163.0
434, 125.0, 376.0
435, 302.0, 109.0
436, 307.0, 239.0
437, 583.0, 68.0
438, 623.0, 351.0
439, 363.0, 346.0
440, 416.0, 374.0
441, 531.0, 348.0
442, 66.0, 125.0
443, 648.0, 395.0
444, 228.0, 127.0
445, 362.0, 153.0
446, 386.0, 215.0
447, 148.0, 86.0
448, 190.0, 62.0
449, 42.0, 395.0
450, 568.0, 39.0
451, 61.0, 439.0
452, 594.0, 408.0
453, 261.0, 421.0
454, 30.0, 263.0
455, 36.0, 20.0
456, 332.0, 415.0
457, 632.0, 34.0
458, 683.0, 19.0
459, 247.0, 201.0
460, 188.0, 362.0
461, 184.0, 82.0
462, 111.0, 222.0
463, 76.0, 58.0
464, 231.0, 151.0
465, 380.0, 128.0
466, 383.0, 373.0
467, 209.0, 112.0
468, 213.0, 403.0
469, 386.0, 403.0
470, 146.0, 35.0
471, 380.0, 79.0
472, 265.0, 229.0
473, 140.0, 133.0
474, 271.0, 65.0
475, 609.0, 95.0
476, 218.0, 96.0
477, 94.0, 24.0
478, 336.0, 137.0
479, 315.0, 173.0
480, 80.0, 49.0
481, 390.0, 339.0
482, 610.0, 439.0
483, 8.0, 447.0
484, 605.0, 61.0
485, 49.0, 423.0
486, 568.0, 54.0
487, 576.0, 37.0
488, 323.0, 51.0
489, 58.0, 25.0
490, 276.0, 86.0
491, 603.0, 270.0
492, 368.0, 176.0
493, 602.0, 300.0
494, 192.0, 83.0
495, 365.0, 117.0
496, 657.0, 437.0
497, 270.0, 204.0
498, 582.0, 455.0
499, 421.0, 183.0
