0, 412.0, 22.0
1, 353.0, 43.0
2, 354.0, 27.0
3, 646.0, 309.0
4, 111.0, 161.0
5, 83.0, 172.0
6, 56.0, 469.0
7, 388.0, 33.0
8, 180.0, 263.0
9, 375.0, 15.0
10, 236.0, 358.0
11, 79.0, 435.0
12, 540.0, 450.0
13, 430.0, 26.0
14, 482.0, 249.0
15, 253.0, 459.0
16, 408.0, 68.0
17, 331.0, 198.0
18, 254.0, 437.0
19, 532.0, 254.0
20, 508.0, 84.0
21, 160.0, 251.0
22, 254.0, 241.0
23, 411.0, 36.0
24, 255.0, 263.0
25, 285.0, 300.0
26, 471.0, 244.0
27, 332.0, 40.0
28, 141.0, 217.0
29, 480.0, 277.0
30, 380.0, 264.0
31, 462.0, 62.0
32, 288.0, 286.0
33, 52.0, 155.0
34, 437.0, 59.0
35, 161.0, 217.0
36, 265.0, 447.0
37, 75.0, 405.0
38, 437.0, 132.0
39, 68.0, 171.0
40, 332.0, 237.0
41, 446.0, 74.0
42, 153.0, 299.0
43, 302.0, 433.0
44, 469.0, 135.0
45, 255.0, 295.0
46, 163.0, 279.0
47, 460.0, 77.0
48, 611.0, 174.0
49, 697.0, 344.0
50, 355.0, 12.0
51, 443.0, 253.0
52, 629.0, 207.0
53, 507.0, 244.0
54, 410.0, 52.0
55, 175.0, 227.0
56, 311.0, 13.0
57, 606.0, 198.0
58, 388.0, 298.0
59, 447.0, 60.0
60, 120.0, 173.0
61, 308.0, 297.0
62, 60.0, 401.0
63, 693.0, 226.0
64, 254.0, 384.0
65, 150.0, 329.0
66, 553.0, 91.0
67, 233.0, 295.0
68, 238.0, 461.0
69, 480.0, 79.0
70, 321.0, 240.0
71, 391.0, 274.0
72, 723.0, 355.0
73, 150.0, 262.0
74, 241.0, 418.0
75, 170.0, 418.0
76, 31.0, 354.0
77, 435.0, 72.0
78, 74.0, 156.0
79, 425.0, 167.0
80, 308.0, 261.0
81, 36.0, 156.0
82, 37.0, 185.0
83, 406.0, 113.0
84, 464.0, 48.0
85, 150.0, 50.0
86, 374.0, 30.0
87, 55.0, 171.0
88, 495.0, 206.0
89, 149.0, 227.0
90, 254.0, 282.0
91, 321.0, 282.0
92, 477.0, 196.0
93, 177.0, 300.0
94, 353.0, 59.0
95, 323.0, 69.0
96, 371.0, 207.0
97, 148.0, 196.0
98, 520.0, 257.0
99, 376.0, 309.0
100, 633.0, 175.0
101, 251.0, 418.0
102, 269.0, 331.0
103, 637.0, 156.0
104, 378.0, 288.0
105, 93.0, 172.0
106, 465.0, 33.0
107, 107.0, 310.0
108, 332.0, 23.0
109, 58.0, 412.0
110, 416.0, 10.0
111, 254.0, 307.0
112, 389.0, 17.0
113, 318.0, 264.0
114, 713.0, 371.0
115, 27.0, 192.0
116, 608.0, 152.0
117, 111.0, 189.0
118, 322.0, 39.0
119, 591.0, 276.0
120, 148.0, 388.0
121, 324.0, 54.0
122, 266.0, 435.0
123, 52.0, 445.0
124, 79.0, 422.0
125, 318.0, 432.0
126, 620.0, 154.0
127, 13.0, 190.0
128, 427.0, 49.0
129, 67.0, 436.0
130, 73.0, 458.0
131, 493.0, 215.0
132, 209.0, 341.0
133, 278.0, 230.0
134, 594.0, 172.0
135, 647.0, 382.0
136, 711.0, 148.0
137, 387.0, 42.0
138, 11.0, 164.0
139, 230.0, 306.0
140, 243.0, 438.0
141, 307.0, 411.0
142, 439.0, 119.0
143, 233.0, 340.0
144, 366.0, 298.0
145, 307.0, 384.0
146, 89.0, 158.0
147, 177.0, 249.0
148, 397.0, 224.0
149, 214.0, 357.0
150, 183.0, 315.0
151, 435.0, 213.0
152, 137.0, 48.0
153, 310.0, 197.0
154, 344.0, 212.0
155, 339.0, 289.0
156, 256.0, 221.0
157, 482.0, 66.0
158, 723.0, 269.0
159, 68.0, 466.0
160, 677.0, 209.0
161, 92.0, 456.0
162, 168.0, 250.0
163, 131.0, 199.0
164, 715.0, 134.0
165, 315.0, 251.0
166, 312.0, 334.0
167, 335.0, 334.0
168, 365.0, 118.0
169, 52.0, 430.0
170, 109.0, 351.0
171, 31.0, 168.0
172, 301.0, 471.0
173, 731.0, 200.0
174, 149.0, 246.0
175, 162.0, 265.0
176, 371.0, 256.0
177, 9.0, 53.0
178, 85.0, 191.0
179, 445.0, 168.0
180, 643.0, 207.0
181, 385.0, 329.0
182, 17.0, 221.0
183, 650.0, 160.0
184, 416.0, 236.0
185, 403.0, 127.0
186, 188.0, 330.0
187, 153.0, 310.0
188, 213.0, 261.0
189, 374.0, 40.0
190, 149.0, 278.0
191, 78.0, 12.0
192, 124.0, 259.0
193, 266.0, 412.0
194, 93.0, 467.0
195, 88.0, 442.0
196, 180.0, 279.0
197, 540.0, 314.0
198, 318.0, 296.0
199, 284.0, 205.0
200, 21.0, 260.0
201, 729.0, 213.0
202, 307.0, 221.0
203, 331.0, 265.0
204, 214.0, 240.0
205, 471.0, 123.0
206, 369.0, 247.0
207, 532.0, 423.0
208, 81.0, 465.0
209, 120.0, 198.0
210, 428.0, 39.0
211, 243.0, 263.0
212, 444.0, 45.0
213, 97.0, 161.0
214, 331.0, 316.0
215, 222.0, 348.0
216, 135.0, 163.0
217, 588.0, 203.0
218, 409.0, 231.0
219, 557.0, 70.0
220, 157.0, 180.0
221, 243.0, 294.0
222, 597.0, 239.0
223, 146.0, 372.0
224, 104.0, 260.0
225, 649.0, 176.0
226, 382.0, 215.0
227, 25.0, 311.0
228, 548.0, 266.0
229, 604.0, 143.0
230, 235.0, 374.0
231, 88.0, 411.0
232, 183.0, 324.0
233, 326.0, 138.0
234, 510.0, 70.0
235, 268.0, 173.0
236, 148.0, 315.0
237, 612.0, 206.0
238, 88.0, 386.0
239, 695.0, 197.0
240, 426.0, 212.0
241, 225.0, 241.0
242, 729.0, 79.0
243, 354.0, 198.0
244, 725.0, 86.0
245, 297.0, 391.0
246, 307.0, 375.0
247, 45.0, 54.0
248, 182.0, 52.0
249, 260.0, 193.0
250, 177.0, 218.0
251, 44.0, 169.0
252, 189.0, 117.0
253, 44.0, 322.0
254, 241.0, 165.0
255, 354.0, 390.0
256, 131.0, 423.0
257, 331.0, 403.0
258, 317.0, 412.0
259, 309.0, 241.0
260, 240.0, 451.0
261, 322.0, 304.0
262, 395.0, 410.0
263, 39.0, 452.0
264, 720.0, 280.0
265, 294.0, 293.0
266, 167.0, 168.0
267, 18.0, 236.0
268, 312.0, 456.0
269, 309.0, 316.0
270, 589.0, 196.0
271, 265.0, 471.0
272, 42.0, 380.0
273, 695.0, 210.0
274, 248.0, 400.0
275, 151.0, 286.0
276, 596.0, 95.0
277, 253.0, 351.0
278, 462.0, 171.0
279, 42.0, 471.0
280, 489.0, 243.0
281, 369.0, 276.0
282, 254.0, 356.0
283, 243.0, 285.0
284, 22.0, 146.0
285, 360.0, 335.0
286, 21.0, 388.0
287, 307.0, 358.0
288, 175.0, 239.0
289, 170.0, 362.0
290, 528.0, 141.0
291, 141.0, 402.0
292, 596.0, 162.0
293, 164.0, 52.0
294, 597.0, 84.0
295, 408.0, 221.0
296, 429.0, 13.0
297, 96.0, 190.0
298, 686.0, 271.0
299, 283.0, 210.0
300, 367.0, 351.0
301, 138.0, 192.0
302, 271.0, 303.0
303, 342.0, 238.0
304, 191.0, 241.0
305, 471.0, 187.0
306, 341.0, 350.0
307, 87.0, 403.0
308, 548.0, 293.0
309, 130.0, 402.0
310, 77.0, 42.0
311, 284.0, 22.0
312, 220.0, 396.0
313, 240.0, 471.0
314, 160.0, 336.0
315, 204.0, 325.0
316, 254.0, 346.0
317, 174.0, 202.0
318, 267.0, 393.0
319, 366.0, 422.0
320, 414.0, 224.0
321, 511.0, 64.0
322, 317.0, 419.0
323, 248.0, 393.0
324, 446.0, 157.0
325, 735.0, 181.0
326, 315.0, 197.0
327, 112.0, 421.0
328, 692.0, 173.0
329, 298.0, 320.0
330, 660.0, 153.0
331, 333.0, 8.0
332, 83.0, 75.0
333, 88.0, 48.0
334, 464.0, 226.0
335, 373.0, 446.0
336, 168.0, 336.0
337, 652.0, 103.0
338, 325.0, 471.0
339, 352.0, 203.0
340, 162.0, 243.0
341, 378.0, 107.0
342, 352.0, 383.0
343, 186.0, 81.0
344, 309.0, 400.0
345, 332.0, 254.0
346, 260.0, 47.0
347, 614.0, 162.0
348, 159.0, 421.0
349, 16.0, 147.0
350, 495.0, 68.0
351, 441.0, 272.0
352, 276.0, 220.0
353, 219.0, 19.0
354, 254.0, 252.0
355, 467.0, 167.0
356, 60.0, 189.0
357, 112.0, 112.0
358, 679.0, 231.0
359, 359.0, 212.0
360, 106.0, 48.0
361, 117.0, 154.0
362, 241.0, 348.0
363, 371.0, 109.0
364, 328.0, 212.0
365, 582.0, 60.0
366, 151.0, 216.0
367, 171.0, 319.0
368, 641.0, 216.0
369, 314.0, 468.0
370, 496.0, 83.0
371, 400.0, 217.0
372, 386.0, 122.0
373, 416.0, 456.0
374, 700.0, 211.0
375, 358.0, 330.0
376, 143.0, 175.0
377, 384.0, 414.0
378, 643.0, 188.0
379, 506.0, 97.0
380, 486.0, 49.0
381, 61.0, 424.0
382, 32.0, 458.0
383, 19.0, 440.0
384, 320.0, 403.0
385, 120.0, 239.0
386, 210.0, 151.0
387, 379.0, 464.0
388, 125.0, 156.0
389, 54.0, 46.0
390, 555.0, 79.0
391, 207.0, 81.0
392, 408.0, 461.0
393, 227.0, 350.0
394, 346.0, 364.0
395, 165.0, 319.0
396, 473.0, 209.0
397, 165.0, 301.0
398, 389.0, 469.0
399, 188.0, 93.0
400, 24.0, 456.0
401, 346.0, 103.0
402, 85.0, 15.0
403, 287.0, 332.0
404, 37.0, 381.0
405, 342.0, 25.0
406, 111.0, 107.0
407, 174.0, 72.0
408, 431.0, 224.0
409, 260.0, 83.0
410, 708.0, 212.0
411, 79.0, 258.0
412, 292.0, 214.0
413, 353.0, 319.0
414, 209.0, 123.0
415, 462.0, 197.0
416, 590.0, 109.0
417, 391.0, 109.0
418, 355.0, 395.0
419, 234.0, 379.0
420, 376.0, 368.0
421, 236.0, 285.0
422, 235.0, 430.0
423, 378.0, 280.0
424, 407.0, 436.0
425, 499.0, 137.0
426, 303.0, 450.0
427, 270.0, 56.0
428, 10.0, 146.0
429, 51.0, 188.0
430, 511.0, 58.0
431, 382.0, 226.0
432, 158.0, 355.0
433, 493.0, 381.0
434, 314.0, 212.0
435, 106.0, 53.0
436, 414.0, 451.0
437, 72.0, 259.0
438, 239.0, 14.0
439, 370.0, 217.0
440, 355.0, 359.0
441, 514.0, 297.0
442, 723.0, 91.0
443, 80.0, 191.0
444, 205.0, 50.0
445, 434.0, 330.0
446, 553.0, 104.0
447, 535.0, 263.0
448, 263.0, 321.0
449, 387.0, 456.0
450, 392.0, 403.0
451, 432.0, 8.0
452, 475.0, 236.0
453, 89.0, 381.0
454, 20.0, 445.0
455, 96.0, 183.0
456, 498.0, 239.0
457, 715.0, 278.0
458, 614.0, 91.0
459, 378.0, 373.0
460, 21.0, 155.0
461, 387.0, 461.0
462, 427.0, 144.0
463, 71.0, 191.0
464, 334.0, 327.0
465, 54.0, 425.0
466, 191.0, 412.0
467, 418.0, 124.0
468, 395.0, 252.0
469, 184.0, 117.0
470, 375.0, 409.0
471, 269.0, 128.0
472, 172.0, 397.0
473, 213.0, 203.0
474, 150.0, 273.0
475, 383.0, 384.0
476, 585.0, 109.0
477, 288.0, 337.0
478, 160.0, 319.0
479, 438.0, 296.0
480, 130.0, 80.0
481, 106.0, 43.0
482, 256.0, 25.0
483, 158.0, 270.0
484, 292.0, 271.0
485, 107.0, 280.0
486, 401.0, 44.0
487, 206.0, 405.0
488, 53.0, 435.0
489, 336.0, 212.0
490, 181.0, 203.0
491, 513.0, 48.0
492, 712.0, 140.0
493, 416.0, 249.0
494, 205.0, 43.0
495, 269.0, 213.0
496, 160.0, 226.0
497, 349.0, 334.0
498, 383.0, 210.0
499, 623.0, 213.0
