0, 134.0, 185.0
1, 330.0, 187.0
2, 264.0, 238.0
3, 216.0, 269.0
4, 178.0, 262.0
5, 367.0, 234.0
6, 480.0, 49.0
7, 365.0, 87.0
8, 261.0, 46.0
9, 528.0, 32.0
10, 178.0, 249.0
11, 459.0, 72.0
12, 127.0, 357.0
13, 663.0, 48.0
14, 563.0, 36.0
15, 209.0, 243.0
16, 180.0, 320.0
17, 143.0, 323.0
18, 114.0, 157.0
19, 146.0, 125.0
20, 391.0, 54.0
21, 121.0, 369.0
22, 243.0, 236.0
23, 635.0, 33.0
24, 406.0, 77.0
25, 92.0, 317.0
26, 239.0, 178.0
27, 272.0, 207.0
28, 384.0, 152.0
29, 121.0, 202.0
30, 483.0, 70.0
31, 275.0, 222.0
32, 417.0, 136.0
33, 225.0, 183.0
34, 226.0, 338.0
35, 126.0, 177.0
36, 441.0, 216.0
37, 677.0, 47.0
38, 43.0, 356.0
39, 418.0, 116.0
40, 275.0, 105.0
41, 417.0, 126.0
42, 109.0, 406.0
43, 437.0, 134.0
44, 174.0, 285.0
45, 332.0, 199.0
46, 256.0, 96.0
47, 229.0, 439.0
48, 298.0, 393.0
49, 553.0, 322.0
50, 459.0, 87.0
51, 437.0, 124.0
52, 253.0, 299.0
53, 254.0, 183.0
54, 366.0, 71.0
55, 616.0, 256.0
56, 129.0, 61.0
57, 554.0, 330.0
58, 551.0, 50.0
59, 247.0, 312.0
60, 493.0, 40.0
61, 278.0, 128.0
62, 123.0, 111.0
63, 170.0, 305.0
64, 197.0, 243.0
65, 282.0, 334.0
66, 244.0, 346.0
67, 645.0, 26.0
68, 457.0, 133.0
69, 321.0, 380.0
70, 140.0, 171.0
71, 258.0, 35.0
72, 227.0, 262.0
73, 265.0, 377.0
74, 440.0, 268.0
75, 354.0, 172.0
76, 614.0, 68.0
77, 274.0, 233.0
78, 99.0, 413.0
79, 357.0, 379.0
80, 230.0, 292.0
81, 305.0, 73.0
82, 221.0, 454.0
83, 160.0, 333.0
84, 106.0, 361.0
85, 664.0, 253.0
86, 426.0, 54.0
87, 527.0, 277.0
88, 260.0, 281.0
89, 200.0, 157.0
90, 291.0, 451.0
91, 381.0, 119.0
92, 259.0, 153.0
93, 695.0, 52.0
94, 196.0, 11.0
95, 200.0, 290.0
96, 157.0, 18.0
97, 556.0, 288.0
98, 178.0, 407.0
99, 177.0, 214.0
100, 372.0, 156.0
101, 415.0, 192.0
102, 403.0, 167.0
103, 474.0, 131.0
104, 124.0, 146.0
105, 287.0, 219.0
106, 392.0, 183.0
107, 341.0, 32.0
108, 665.0, 38.0
109, 191.0, 253.0
110, 181.0, 336.0
111, 168.0, 13.0
112, 569.0, 377.0
113, 350.0, 202.0
114, 415.0, 149.0
115, 181.0, 79.0
116, 552.0, 12.0
117, 131.0, 287.0
118, 244.0, 357.0
119, 707.0, 282.0
120, 251.0, 285.0
121, 512.0, 158.0
122, 164.0, 247.0
123, 184.0, 11.0
124, 129.0, 414.0
125, 366.0, 58.0
126, 252.0, 234.0
127, 231.0, 101.0
128, 224.0, 252.0
129, 542.0, 286.0
130, 552.0, 297.0
131, 346.0, 15.0
132, 437.0, 84.0
133, 379.0, 66.0
134, 204.0, 265.0
135, 48.0, 371.0
136, 41.0, 126.0
137, 303.0, 54.0
138, 198.0, 440.0
139, 76.0, 267.0
140, 135.0, 298.0
141, 712.0, 60.0
142, 186.0, 350.0
143, 507.0, 98.0
144, 279.0, 137.0
145, 727.0, 65.0
146, 212.0, 353.0
147, 560.0, 342.0
148, 183.0, 234.0
149, 102.0, 350.0
150, 275.0, 242.0
151, 108.0, 111.0
152, 293.0, 384.0
153, 595.0, 32.0
154, 317.0, 228.0
155, 181.0, 311.0
156, 281.0, 147.0
157, 71.0, 369.0
158, 263.0, 114.0
159, 573.0, 297.0
160, 117.0, 328.0
161, 379.0, 46.0
162, 108.0, 208.0
163, 188.0, 263.0
164, 486.0, 136.0
165, 215.0, 444.0
166, 403.0, 127.0
167, 344.0, 353.0
168, 226.0, 155.0
169, 463.0, 266.0
170, 168.0, 260.0
171, 449.0, 462.0
172, 237.0, 338.0
173, 177.0, 92.0
174, 35.0, 146.0
175, 546.0, 87.0
176, 313.0, 427.0
177, 361.0, 350.0
178, 392.0, 128.0
179, 675.0, 9.0
180, 411.0, 454.0
181, 315.0, 214.0
182, 355.0, 237.0
183, 307.0, 167.0
184, 322.0, 62.0
185, 145.0, 333.0
186, 245.0, 250.0
187, 522.0, 97.0
188, 260.0, 162.0
189, 184.0, 137.0
190, 283.0, 204.0
191, 161.0, 208.0
192, 572.0, 100.0
193, 175.0, 180.0
194, 215.0, 56.0
195, 334.0, 17.0
196, 475.0, 115.0
197, 264.0, 137.0
198, 260.0, 225.0
199, 154.0, 169.0
200, 263.0, 393.0
201, 461.0, 58.0
202, 406.0, 64.0
203, 293.0, 209.0
204, 579.0, 40.0
205, 587.0, 67.0
206, 144.0, 33.0
207, 14.0, 122.0
208, 271.0, 25.0
209, 521.0, 463.0
210, 348.0, 194.0
211, 264.0, 259.0
212, 293.0, 165.0
213, 617.0, 110.0
214, 325.0, 74.0
215, 118.0, 241.0
216, 219.0, 412.0
217, 701.0, 114.0
218, 458.0, 43.0
219, 109.0, 371.0
220, 171.0, 275.0
221, 233.0, 14.0
222, 281.0, 190.0
223, 392.0, 145.0
224, 246.0, 98.0
225, 287.0, 127.0
226, 299.0, 85.0
227, 337.0, 382.0
228, 342.0, 142.0
229, 204.0, 309.0
230, 341.0, 132.0
231, 391.0, 86.0
232, 59.0, 142.0
233, 186.0, 297.0
234, 125.0, 217.0
235, 662.0, 117.0
236, 617.0, 30.0
237, 140.0, 19.0
238, 169.0, 343.0
239, 343.0, 50.0
240, 197.0, 276.0
241, 256.0, 440.0
242, 370.0, 120.0
243, 107.0, 99.0
244, 626.0, 110.0
245, 732.0, 46.0
246, 361.0, 159.0
247, 419.0, 216.0
248, 179.0, 274.0
249, 81.0, 108.0
250, 562.0, 316.0
251, 450.0, 471.0
252, 239.0, 412.0
253, 148.0, 348.0
254, 494.0, 82.0
255, 127.0, 49.0
256, 425.0, 152.0
257, 136.0, 437.0
258, 176.0, 297.0
259, 319.0, 105.0
260, 341.0, 423.0
261, 169.0, 325.0
262, 186.0, 467.0
263, 39.0, 162.0
264, 292.0, 291.0
265, 266.0, 271.0
266, 402.0, 136.0
267, 319.0, 52.0
268, 115.0, 59.0
269, 361.0, 209.0
270, 212.0, 163.0
271, 214.0, 342.0
272, 308.0, 106.0
273, 154.0, 293.0
274, 153.0, 320.0
275, 112.0, 171.0
276, 236.0, 401.0
277, 163.0, 79.0
278, 496.0, 153.0
279, 259.0, 349.0
280, 257.0, 203.0
281, 97.0, 331.0
282, 157.0, 441.0
283, 134.0, 139.0
284, 312.0, 143.0
285, 721.0, 85.0
286, 347.0, 186.0
287, 452.0, 117.0
288, 134.0, 117.0
289, 231.0, 378.0
290, 282.0, 229.0
291, 147.0, 215.0
292, 540.0, 109.0
293, 369.0, 108.0
294, 416.0, 171.0
295, 28.0, 128.0
296, 152.0, 136.0
297, 440.0, 326.0
298, 430.0, 462.0
299, 473.0, 39.0
300, 81.0, 280.0
301, 348.0, 363.0
302, 91.0, 358.0
303, 159.0, 32.0
304, 240.0, 299.0
305, 636.0, 117.0
306, 327.0, 167.0
307, 351.0, 432.0
308, 491.0, 48.0
309, 330.0, 427.0
310, 418.0, 102.0
311, 274.0, 170.0
312, 17.0, 136.0
313, 137.0, 156.0
314, 170.0, 444.0
315, 363.0, 300.0
316, 447.0, 313.0
317, 109.0, 261.0
318, 138.0, 402.0
319, 382.0, 129.0
320, 176.0, 203.0
321, 359.0, 279.0
322, 393.0, 66.0
323, 71.0, 54.0
324, 318.0, 201.0
325, 587.0, 83.0
326, 187.0, 164.0
327, 148.0, 452.0
328, 164.0, 223.0
329, 532.0, 24.0
330, 351.0, 334.0
331, 391.0, 45.0
332, 109.0, 469.0
333, 632.0, 135.0
334, 120.0, 73.0
335, 306.0, 383.0
336, 738.0, 24.0
337, 286.0, 160.0
338, 445.0, 43.0
339, 332.0, 290.0
340, 445.0, 30.0
341, 512.0, 329.0
342, 391.0, 118.0
343, 347.0, 60.0
344, 248.0, 267.0
345, 80.0, 134.0
346, 229.0, 238.0
347, 293.0, 374.0
348, 524.0, 42.0
349, 424.0, 407.0
350, 475.0, 8.0
351, 573.0, 283.0
352, 451.0, 80.0
353, 275.0, 253.0
354, 165.0, 102.0
355, 427.0, 252.0
356, 181.0, 430.0
357, 426.0, 45.0
358, 156.0, 387.0
359, 150.0, 82.0
360, 271.0, 71.0
361, 350.0, 313.0
362, 112.0, 222.0
363, 153.0, 193.0
364, 182.0, 284.0
365, 594.0, 124.0
366, 167.0, 295.0
367, 259.0, 194.0
368, 213.0, 136.0
369, 235.0, 220.0
370, 173.0, 419.0
371, 520.0, 384.0
372, 90.0, 150.0
373, 455.0, 382.0
374, 457.0, 333.0
375, 466.0, 72.0
376, 168.0, 141.0
377, 370.0, 195.0
378, 216.0, 214.0
379, 406.0, 371.0
380, 555.0, 387.0
381, 450.0, 57.0
382, 303.0, 182.0
383, 501.0, 450.0
384, 478.0, 87.0
385, 307.0, 215.0
386, 450.0, 329.0
387, 628.0, 44.0
388, 111.0, 428.0
389, 254.0, 462.0
390, 113.0, 49.0
391, 645.0, 96.0
392, 257.0, 211.0
393, 221.0, 302.0
394, 10.0, 426.0
395, 368.0, 252.0
396, 269.0, 363.0
397, 13.0, 50.0
398, 112.0, 387.0
399, 233.0, 53.0
400, 720.0, 101.0
401, 254.0, 8.0
402, 307.0, 258.0
403, 277.0, 115.0
404, 118.0, 129.0
405, 326.0, 354.0
406, 197.0, 43.0
407, 568.0, 115.0
408, 196.0, 361.0
409, 240.0, 206.0
410, 734.0, 308.0
411, 303.0, 193.0
412, 298.0, 421.0
413, 141.0, 194.0
414, 637.0, 12.0
415, 568.0, 260.0
416, 123.0, 307.0
417, 737.0, 286.0
418, 239.0, 367.0
419, 378.0, 235.0
420, 171.0, 378.0
421, 106.0, 322.0
422, 134.0, 263.0
423, 351.0, 155.0
424, 25.0, 313.0
425, 262.0, 423.0
426, 148.0, 224.0
427, 212.0, 252.0
428, 86.0, 466.0
429, 553.0, 276.0
430, 182.0, 367.0
431, 454.0, 18.0
432, 135.0, 381.0
433, 74.0, 436.0
434, 501.0, 87.0
435, 377.0, 251.0
436, 640.0, 107.0
437, 580.0, 130.0
438, 377.0, 261.0
439, 434.0, 201.0
440, 55.0, 53.0
441, 125.0, 460.0
442, 372.0, 170.0
443, 209.0, 203.0
444, 576.0, 68.0
445, 269.0, 160.0
446, 163.0, 316.0
447, 682.0, 62.0
448, 440.0, 57.0
449, 740.0, 8.0
450, 127.0, 278.0
451, 392.0, 137.0
452, 213.0, 178.0
453, 121.0, 254.0
454, 437.0, 144.0
455, 259.0, 332.0
456, 56.0, 394.0
457, 143.0, 358.0
458, 553.0, 128.0
459, 565.0, 307.0
460, 471.0, 142.0
461, 444.0, 113.0
462, 572.0, 85.0
463, 148.0, 403.0
464, 235.0, 274.0
465, 339.0, 123.0
466, 187.0, 273.0
467, 368.0, 130.0
468, 647.0, 82.0
469, 187.0, 20.0
470, 660.0, 89.0
471, 82.0, 448.0
472, 360.0, 194.0
473, 246.0, 189.0
474, 585.0, 98.0
475, 98.0, 445.0
476, 149.0, 265.0
477, 141.0, 457.0
478, 703.0, 265.0
479, 252.0, 18.0
480, 345.0, 74.0
481, 342.0, 212.0
482, 718.0, 114.0
483, 278.0, 401.0
484, 338.0, 88.0
485, 194.0, 205.0
486, 207.0, 10.0
487, 665.0, 135.0
488, 115.0, 184.0
489, 163.0, 407.0
490, 118.0, 349.0
491, 312.0, 314.0
492, 368.0, 140.0
493, 272.0, 55.0
494, 729.0, 273.0
495, 611.0, 128.0
496, 55.0, 351.0
497, 278.0, 316.0
498, 220.0, 283.0
499, 707.0, 26.0
