0, 160.0, 265.0
1, 406.0, 100.0
2, 429.0, 48.0
3, 562.0, 20.0
4, 330.0, 74.0
5, 439.0, 343.0
6, 465.0, 296.0
7, 178.0, 230.0
8, 59.0, 174.0
9, 455.0, 309.0
10, 417.0, 236.0
11, 218.0, 339.0
12, 85.0, 422.0
13, 230.0, 289.0
14, 173.0, 290.0
15, 365.0, 144.0
16, 172.0, 41.0
17, 413.0, 194.0
18, 302.0, 225.0
19, 46.0, 429.0
20, 276.0, 260.0
21, 294.0, 298.0
22, 348.0, 95.0
23, 216.0, 373.0
24, 534.0, 25.0
25, 175.0, 375.0
26, 186.0, 82.0
27, 176.0, 17.0
28, 171.0, 367.0
29, 425.0, 132.0
30, 131.0, 347.0
31, 105.0, 382.0
32, 508.0, 130.0
33, 532.0, 160.0
34, 157.0, 146.0
35, 221.0, 349.0
36, 156.0, 275.0
37, 211.0, 358.0
38, 67.0, 442.0
39, 37.0, 105.0
40, 93.0, 130.0
41, 593.0, 357.0
42, 223.0, 212.0
43, 266.0, 263.0
44, 46.0, 260.0
45, 187.0, 138.0
46, 420.0, 146.0
47, 400.0, 233.0
48, 310.0, 186.0
49, 410.0, 128.0
50, 575.0, 305.0
51, 492.0, 120.0
52, 576.0, 317.0
53, 200.0, 320.0
54, 636.0, 258.0
55, 110.0, 395.0
56, 340.0, 150.0
57, 257.0, 91.0
58, 117.0, 333.0
59, 47.0, 345.0
60, 370.0, 69.0
61, 117.0, 379.0
62, 523.0, 102.0
63, 377.0, 142.0
64, 270.0, 234.0
65, 331.0, 456.0
66, 572.0, 335.0
67, 15.0, 232.0
68, 336.0, 226.0
69, 487.0, 50.0
70, 210.0, 144.0
71, 236.0, 201.0
72, 528.0, 13.0
73, 179.0, 345.0
74, 245.0, 254.0
75, 250.0, 219.0
76, 129.0, 374.0
77, 438.0, 127.0
78, 449.0, 363.0
79, 352.0, 147.0
80, 636.0, 14.0
81, 577.0, 346.0
82, 259.0, 137.0
83, 88.0, 51.0
84, 166.0, 351.0
85, 186.0, 371.0
86, 58.0, 79.0
87, 174.0, 301.0
88, 90.0, 146.0
89, 238.0, 319.0
90, 616.0, 54.0
91, 339.0, 422.0
92, 253.0, 205.0
93, 274.0, 58.0
94, 473.0, 307.0
95, 150.0, 50.0
96, 281.0, 222.0
97, 592.0, 299.0
98, 363.0, 169.0
99, 204.0, 288.0
100, 134.0, 98.0
101, 235.0, 305.0
102, 54.0, 138.0
103, 128.0, 215.0
104, 182.0, 243.0
105, 96.0, 43.0
106, 540.0, 170.0
107, 604.0, 315.0
108, 70.0, 351.0
109, 227.0, 165.0
110, 335.0, 176.0
111, 264.0, 42.0
112, 329.0, 152.0
113, 66.0, 8.0
114, 322.0, 181.0
115, 551.0, 176.0
116, 432.0, 95.0
117, 575.0, 113.0
118, 154.0, 326.0
119, 181.0, 70.0
120, 313.0, 133.0
121, 195.0, 262.0
122, 408.0, 276.0
123, 182.0, 289.0
124, 239.0, 105.0
125, 304.0, 81.0
126, 165.0, 303.0
127, 205.0, 297.0
128, 45.0, 403.0
129, 375.0, 132.0
130, 184.0, 279.0
131, 423.0, 293.0
132, 303.0, 201.0
133, 254.0, 169.0
134, 421.0, 270.0
135, 171.0, 320.0
136, 391.0, 138.0
137, 577.0, 96.0
138, 84.0, 464.0
139, 448.0, 9.0
140, 198.0, 272.0
141, 367.0, 190.0
142, 29.0, 131.0
143, 457.0, 33.0
144, 369.0, 210.0
145, 133.0, 249.0
146, 198.0, 228.0
147, 202.0, 180.0
148, 242.0, 268.0
149, 447.0, 61.0
150, 430.0, 356.0
151, 289.0, 172.0
152, 333.0, 86.0
153, 521.0, 89.0
154, 523.0, 25.0
155, 603.0, 413.0
156, 83.0, 392.0
157, 204.0, 15.0
158, 682.0, 247.0
159, 67.0, 401.0
160, 415.0, 66.0
161, 277.0, 200.0
162, 345.0, 206.0
163, 114.0, 363.0
164, 182.0, 455.0
165, 250.0, 195.0
166, 101.0, 51.0
167, 86.0, 174.0
168, 343.0, 168.0
169, 320.0, 88.0
170, 431.0, 80.0
171, 175.0, 331.0
172, 328.0, 280.0
173, 116.0, 409.0
174, 142.0, 374.0
175, 250.0, 309.0
176, 347.0, 82.0
177, 287.0, 241.0
178, 593.0, 17.0
179, 146.0, 265.0
180, 153.0, 161.0
181, 213.0, 284.0
182, 577.0, 78.0
183, 422.0, 282.0
184, 249.0, 317.0
185, 461.0, 368.0
186, 643.0, 425.0
187, 198.0, 199.0
188, 510.0, 169.0
189, 256.0, 258.0
190, 39.0, 82.0
191, 29.0, 217.0
192, 398.0, 194.0
193, 96.0, 464.0
194, 185.0, 269.0
195, 115.0, 310.0
196, 378.0, 236.0
197, 306.0, 111.0
198, 465.0, 310.0
199, 193.0, 290.0
200, 40.0, 317.0
201, 139.0, 329.0
202, 492.0, 152.0
203, 113.0, 347.0
204, 104.0, 270.0
205, 339.0, 467.0
206, 103.0, 321.0
207, 355.0, 69.0
208, 235.0, 253.0
209, 405.0, 87.0
210, 216.0, 168.0
211, 305.0, 95.0
212, 70.0, 236.0
213, 31.0, 287.0
214, 474.0, 322.0
215, 344.0, 117.0
216, 615.0, 12.0
217, 222.0, 248.0
218, 367.0, 154.0
219, 253.0, 231.0
220, 102.0, 229.0
221, 340.0, 63.0
222, 382.0, 165.0
223, 85.0, 283.0
224, 465.0, 13.0
225, 369.0, 104.0
226, 68.0, 56.0
227, 608.0, 334.0
228, 204.0, 429.0
229, 228.0, 275.0
230, 137.0, 468.0
231, 443.0, 35.0
232, 577.0, 127.0
233, 129.0, 448.0
234, 322.0, 229.0
235, 562.0, 306.0
236, 155.0, 192.0
237, 184.0, 298.0
238, 242.0, 285.0
239, 162.0, 239.0
240, 62.0, 461.0
241, 67.0, 295.0
242, 119.0, 322.0
243, 597.0, 328.0
244, 215.0, 223.0
245, 100.0, 246.0
246, 300.0, 217.0
247, 346.0, 434.0
248, 234.0, 86.0
249, 21.0, 176.0
250, 259.0, 192.0
251, 189.0, 231.0
252, 210.0, 392.0
253, 709.0, 36.0
254, 343.0, 411.0
255, 78.0, 415.0
256, 400.0, 68.0
257, 164.0, 136.0
258, 129.0, 360.0
259, 219.0, 297.0
260, 468.0, 121.0
261, 198.0, 154.0
262, 114.0, 246.0
263, 247.0, 140.0
264, 25.0, 43.0
265, 125.0, 270.0
266, 287.0, 162.0
267, 205.0, 260.0
268, 243.0, 233.0
269, 96.0, 204.0
270, 206.0, 252.0
271, 349.0, 23.0
272, 56.0, 31.0
273, 472.0, 21.0
274, 219.0, 423.0
275, 206.0, 466.0
276, 79.0, 344.0
277, 133.0, 30.0
278, 111.0, 36.0
279, 79.0, 449.0
280, 409.0, 142.0
281, 148.0, 237.0
282, 316.0, 67.0
283, 37.0, 36.0
284, 218.0, 178.0
285, 137.0, 122.0
286, 445.0, 46.0
287, 148.0, 390.0
288, 328.0, 65.0
289, 194.0, 302.0
290, 209.0, 27.0
291, 491.0, 36.0
292, 311.0, 347.0
293, 257.0, 411.0
294, 130.0, 406.0
295, 272.0, 134.0
296, 339.0, 235.0
297, 419.0, 48.0
298, 53.0, 243.0
299, 51.0, 274.0
300, 643.0, 101.0
301, 177.0, 444.0
302, 510.0, 34.0
303, 402.0, 52.0
304, 53.0, 188.0
305, 54.0, 62.0
306, 74.0, 322.0
307, 397.0, 29.0
308, 452.0, 83.0
309, 113.0, 223.0
310, 88.0, 403.0
311, 281.0, 172.0
312, 52.0, 371.0
313, 477.0, 10.0
314, 215.0, 448.0
315, 242.0, 377.0
316, 104.0, 195.0
317, 40.0, 207.0
318, 343.0, 274.0
319, 249.0, 181.0
320, 354.0, 187.0
321, 264.0, 359.0
322, 474.0, 167.0
323, 629.0, 438.0
324, 93.0, 329.0
325, 333.0, 107.0
326, 212.0, 241.0
327, 261.0, 451.0
328, 175.0, 84.0
329, 406.0, 419.0
330, 629.0, 411.0
331, 622.0, 85.0
332, 207.0, 269.0
333, 346.0, 294.0
334, 724.0, 39.0
335, 80.0, 215.0
336, 719.0, 61.0
337, 168.0, 256.0
338, 174.0, 462.0
339, 228.0, 200.0
340, 102.0, 404.0
341, 606.0, 357.0
342, 60.0, 426.0
343, 241.0, 243.0
344, 68.0, 132.0
345, 445.0, 157.0
346, 465.0, 43.0
347, 178.0, 310.0
348, 24.0, 117.0
349, 362.0, 120.0
350, 59.0, 270.0
351, 295.0, 444.0
352, 391.0, 9.0
353, 284.0, 300.0
354, 306.0, 235.0
355, 86.0, 202.0
356, 430.0, 62.0
357, 253.0, 81.0
358, 365.0, 133.0
359, 205.0, 341.0
360, 618.0, 380.0
361, 585.0, 338.0
362, 508.0, 112.0
363, 257.0, 179.0
364, 219.0, 461.0
365, 448.0, 141.0
366, 369.0, 427.0
367, 586.0, 110.0
368, 107.0, 414.0
369, 727.0, 237.0
370, 575.0, 15.0
371, 380.0, 409.0
372, 35.0, 254.0
373, 684.0, 41.0
374, 278.0, 163.0
375, 194.0, 447.0
376, 600.0, 464.0
377, 457.0, 144.0
378, 225.0, 329.0
379, 106.0, 284.0
380, 377.0, 47.0
381, 194.0, 188.0
382, 335.0, 370.0
383, 590.0, 75.0
384, 194.0, 59.0
385, 250.0, 283.0
386, 72.0, 144.0
387, 315.0, 156.0
388, 278.0, 76.0
389, 277.0, 39.0
390, 536.0, 35.0
391, 281.0, 276.0
392, 107.0, 470.0
393, 454.0, 124.0
394, 93.0, 350.0
395, 557.0, 287.0
396, 116.0, 48.0
397, 34.0, 422.0
398, 628.0, 28.0
399, 16.0, 318.0
400, 389.0, 54.0
401, 158.0, 38.0
402, 421.0, 421.0
403, 190.0, 434.0
404, 39.0, 10.0
405, 387.0, 99.0
406, 510.0, 89.0
407, 332.0, 268.0
408, 34.0, 66.0
409, 394.0, 156.0
410, 255.0, 325.0
411, 458.0, 78.0
412, 338.0, 140.0
413, 145.0, 319.0
414, 368.0, 60.0
415, 356.0, 106.0
416, 74.0, 160.0
417, 332.0, 161.0
418, 449.0, 95.0
419, 176.0, 52.0
420, 282.0, 101.0
421, 289.0, 470.0
422, 118.0, 152.0
423, 640.0, 126.0
424, 168.0, 275.0
425, 315.0, 373.0
426, 482.0, 87.0
427, 251.0, 460.0
428, 155.0, 410.0
429, 224.0, 305.0
430, 335.0, 320.0
431, 260.0, 103.0
432, 108.0, 86.0
433, 70.0, 306.0
434, 48.0, 176.0
435, 292.0, 228.0
436, 392.0, 147.0
437, 79.0, 15.0
438, 224.0, 258.0
439, 229.0, 239.0
440, 125.0, 430.0
441, 509.0, 157.0
442, 118.0, 257.0
443, 276.0, 426.0
444, 235.0, 119.0
445, 710.0, 299.0
446, 521.0, 35.0
447, 213.0, 212.0
448, 93.0, 61.0
449, 54.0, 103.0
450, 187.0, 251.0
451, 98.0, 364.0
452, 516.0, 115.0
453, 414.0, 83.0
454, 36.0, 296.0
455, 178.0, 260.0
456, 394.0, 218.0
457, 186.0, 219.0
458, 38.0, 461.0
459, 16.0, 292.0
460, 549.0, 338.0
461, 124.0, 390.0
462, 21.0, 140.0
463, 278.0, 117.0
464, 203.0, 190.0
465, 142.0, 48.0
466, 160.0, 208.0
467, 557.0, 8.0
468, 420.0, 249.0
469, 416.0, 15.0
470, 431.0, 21.0
471, 442.0, 72.0
472, 221.0, 13.0
473, 385.0, 201.0
474, 72.0, 371.0
475, 40.0, 380.0
476, 189.0, 351.0
477, 175.0, 116.0
478, 144.0, 117.0
479, 325.0, 240.0
480, 278.0, 318.0
481, 142.0, 188.0
482, 541.0, 96.0
483, 53.0, 442.0
484, 79.0, 431.0
485, 187.0, 192.0
486, 155.0, 92.0
487, 176.0, 141.0
488, 302.0, 71.0
489, 464.0, 59.0
490, 138.0, 401.0
491, 19.0, 103.0
492, 98.0, 418.0
493, 141.0, 434.0
494, 303.0, 314.0
495, 516.0, 162.0
496, 667.0, 98.0
497, 47.0, 167.0
498, 168.0, 220.0
499, 410.0, 453.0
