0, 548.0, 289.0
1, 452.0, 226.0
2, 629.0, 259.0
3, 347.0, 108.0
4, 441.0, 205.0
5, 252.0, 368.0
6, 336.0, 96.0
7, 414.0, 134.0
8, 124.0, 273.0
9, 336.0, 398.0
10, 564.0, 310.0
11, 85.0, 302.0
12, 96.0, 221.0
13, 157.0, 361.0
14, 194.0, 238.0
15, 72.0, 329.0
16, 350.0, 447.0
17, 36.0, 441.0
18, 362.0, 111.0
19, 381.0, 113.0
20, 120.0, 222.0
21, 207.0, 431.0
22, 229.0, 345.0
23, 34.0, 62.0
24, 508.0, 449.0
25, 113.0, 299.0
26, 348.0, 434.0
27, 122.0, 255.0
28, 22.0, 166.0
29, 121.0, 398.0
30, 394.0, 115.0
31, 106.0, 274.0
32, 81.0, 330.0
33, 168.0, 464.0
34, 413.0, 117.0
35, 256.0, 53.0
36, 107.0, 70.0
37, 273.0, 361.0
38, 250.0, 415.0
39, 153.0, 432.0
40, 177.0, 433.0
41, 506.0, 437.0
42, 575.0, 317.0
43, 443.0, 119.0
44, 122.0, 100.0
45, 348.0, 399.0
46, 437.0, 219.0
47, 40.0, 468.0
48, 426.0, 250.0
49, 298.0, 435.0
50, 551.0, 363.0
51, 12.0, 429.0
52, 187.0, 397.0
53, 25.0, 277.0
54, 176.0, 316.0
55, 81.0, 446.0
56, 100.0, 303.0
57, 54.0, 112.0
58, 364.0, 99.0
59, 456.0, 210.0
60, 560.0, 373.0
61, 616.0, 245.0
62, 267.0, 315.0
63, 518.0, 418.0
64, 317.0, 436.0
65, 110.0, 216.0
66, 506.0, 397.0
67, 503.0, 247.0
68, 451.0, 234.0
69, 480.0, 166.0
70, 320.0, 453.0
71, 368.0, 191.0
72, 663.0, 19.0
73, 260.0, 434.0
74, 588.0, 412.0
75, 46.0, 392.0
76, 44.0, 454.0
77, 91.0, 66.0
78, 82.0, 466.0
79, 120.0, 241.0
80, 527.0, 383.0
81, 506.0, 411.0
82, 148.0, 350.0
83, 319.0, 379.0
84, 172.0, 271.0
85, 491.0, 429.0
86, 244.0, 323.0
87, 281.0, 302.0
88, 88.0, 235.0
89, 414.0, 106.0
90, 212.0, 344.0
91, 100.0, 340.0
92, 574.0, 285.0
93, 400.0, 321.0
94, 246.0, 52.0
95, 92.0, 312.0
96, 46.0, 433.0
97, 195.0, 467.0
98, 113.0, 364.0
99, 468.0, 221.0
100, 638.0, 253.0
101, 427.0, 129.0
102, 107.0, 230.0
103, 396.0, 101.0
104, 600.0, 11.0
105, 125.0, 344.0
106, 485.0, 256.0
107, 372.0, 367.0
108, 333.0, 431.0
109, 544.0, 166.0
110, 353.0, 344.0
111, 150.0, 331.0
112, 135.0, 320.0
113, 471.0, 174.0
114, 373.0, 415.0
115, 129.0, 81.0
116, 343.0, 459.0
117, 150.0, 102.0
118, 144.0, 287.0
119, 151.0, 396.0
120, 215.0, 411.0
121, 180.0, 456.0
122, 493.0, 439.0
123, 578.0, 129.0
124, 203.0, 354.0
125, 330.0, 464.0
126, 164.0, 335.0
127, 308.0, 417.0
128, 365.0, 175.0
129, 532.0, 470.0
130, 173.0, 168.0
131, 333.0, 146.0
132, 449.0, 138.0
133, 141.0, 341.0
134, 225.0, 449.0
135, 95.0, 100.0
136, 438.0, 231.0
137, 269.0, 415.0
138, 130.0, 300.0
139, 465.0, 265.0
140, 640.0, 165.0
141, 156.0, 351.0
142, 85.0, 160.0
143, 460.0, 199.0
144, 501.0, 201.0
145, 133.0, 413.0
146, 443.0, 160.0
147, 8.0, 189.0
148, 99.0, 240.0
149, 607.0, 351.0
150, 176.0, 354.0
151, 564.0, 269.0
152, 254.0, 200.0
153, 213.0, 467.0
154, 353.0, 312.0
155, 290.0, 469.0
156, 377.0, 213.0
157, 345.0, 64.0
158, 336.0, 444.0
159, 459.0, 252.0
160, 27.0, 411.0
161, 275.0, 395.0
162, 606.0, 434.0
163, 577.0, 80.0
164, 210.0, 458.0
165, 445.0, 346.0
166, 51.0, 130.0
167, 300.0, 383.0
168, 107.0, 345.0
169, 605.0, 260.0
170, 218.0, 83.0
171, 304.0, 461.0
172, 434.0, 334.0
173, 255.0, 246.0
174, 188.0, 171.0
175, 118.0, 71.0
176, 256.0, 176.0
177, 442.0, 245.0
178, 112.0, 412.0
179, 438.0, 262.0
180, 79.0, 142.0
181, 471.0, 198.0
182, 256.0, 87.0
183, 220.0, 110.0
184, 464.0, 240.0
185, 31.0, 214.0
186, 315.0, 464.0
187, 329.0, 184.0
188, 167.0, 323.0
189, 445.0, 192.0
190, 76.0, 235.0
191, 142.0, 109.0
192, 104.0, 80.0
193, 261.0, 374.0
194, 19.0, 455.0
195, 428.0, 273.0
196, 93.0, 384.0
197, 309.0, 306.0
198, 274.0, 349.0
199, 273.0, 31.0
200, 424.0, 321.0
201, 337.0, 414.0
202, 695.0, 177.0
203, 208.0, 297.0
204, 226.0, 356.0
205, 297.0, 203.0
206, 123.0, 431.0
207, 70.0, 212.0
208, 165.0, 42.0
209, 41.0, 419.0
210, 32.0, 236.0
211, 59.0, 182.0
212, 587.0, 260.0
213, 11.0, 64.0
214, 547.0, 384.0
215, 469.0, 210.0
216, 623.0, 363.0
217, 387.0, 334.0
218, 80.0, 315.0
219, 350.0, 372.0
220, 129.0, 284.0
221, 298.0, 396.0
222, 177.0, 411.0
223, 467.0, 164.0
224, 450.0, 266.0
225, 477.0, 245.0
226, 163.0, 290.0
227, 449.0, 171.0
228, 453.0, 121.0
229, 317.0, 252.0
230, 548.0, 185.0
231, 14.0, 119.0
232, 361.0, 458.0
233, 348.0, 424.0
234, 10.0, 246.0
235, 304.0, 349.0
236, 447.0, 284.0
237, 350.0, 126.0
238, 495.0, 265.0
239, 567.0, 240.0
240, 196.0, 277.0
241, 642.0, 261.0
242, 272.0, 16.0
243, 463.0, 283.0
244, 275.0, 322.0
245, 487.0, 308.0
246, 221.0, 195.0
247, 146.0, 405.0
248, 520.0, 441.0
249, 156.0, 379.0
250, 97.0, 377.0
251, 522.0, 453.0
252, 270.0, 431.0
253, 503.0, 221.0
254, 416.0, 194.0
255, 258.0, 469.0
256, 352.0, 362.0
257, 332.0, 206.0
258, 307.0, 407.0
259, 439.0, 361.0
260, 97.0, 437.0
261, 51.0, 384.0
262, 164.0, 76.0
263, 369.0, 131.0
264, 513.0, 173.0
265, 255.0, 138.0
266, 270.0, 449.0
267, 246.0, 86.0
268, 377.0, 100.0
269, 495.0, 448.0
270, 186.0, 408.0
271, 13.0, 131.0
272, 365.0, 283.0
273, 257.0, 28.0
274, 141.0, 381.0
275, 728.0, 469.0
276, 631.0, 205.0
277, 575.0, 176.0
278, 310.0, 398.0
279, 476.0, 114.0
280, 599.0, 427.0
281, 45.0, 96.0
282, 423.0, 240.0
283, 57.0, 275.0
284, 384.0, 134.0
285, 153.0, 456.0
286, 476.0, 150.0
287, 362.0, 211.0
288, 341.0, 381.0
289, 67.0, 96.0
290, 271.0, 372.0
291, 122.0, 264.0
292, 277.0, 450.0
293, 272.0, 467.0
294, 104.0, 263.0
295, 168.0, 282.0
296, 81.0, 257.0
297, 252.0, 115.0
298, 378.0, 461.0
299, 637.0, 288.0
300, 427.0, 143.0
301, 517.0, 467.0
302, 359.0, 128.0
303, 45.0, 349.0
304, 367.0, 392.0
305, 602.0, 131.0
306, 439.0, 252.0
307, 336.0, 62.0
308, 479.0, 303.0
309, 52.0, 289.0
310, 484.0, 469.0
311, 111.0, 317.0
312, 63.0, 198.0
313, 25.0, 179.0
314, 400.0, 465.0
315, 17.0, 139.0
316, 437.0, 137.0
317, 67.0, 65.0
318, 247.0, 114.0
319, 218.0, 295.0
320, 376.0, 308.0
321, 631.0, 273.0
322, 436.0, 144.0
323, 241.0, 343.0
324, 72.0, 463.0
325, 459.0, 191.0
326, 481.0, 437.0
327, 503.0, 427.0
328, 35.0, 257.0
329, 270.0, 329.0
330, 87.0, 422.0
331, 152.0, 386.0
332, 130.0, 65.0
333, 621.0, 298.0
334, 273.0, 47.0
335, 364.0, 297.0
336, 138.0, 278.0
337, 490.0, 460.0
338, 36.0, 243.0
339, 536.0, 72.0
340, 396.0, 135.0
341, 104.0, 458.0
342, 504.0, 348.0
343, 399.0, 20.0
344, 87.0, 401.0
345, 534.0, 400.0
346, 156.0, 59.0
347, 340.0, 147.0
348, 555.0, 297.0
349, 64.0, 289.0
350, 318.0, 107.0
351, 639.0, 15.0
352, 602.0, 365.0
353, 413.0, 215.0
354, 317.0, 25.0
355, 154.0, 40.0
356, 120.0, 332.0
357, 523.0, 354.0
358, 9.0, 107.0
359, 319.0, 424.0
360, 74.0, 118.0
361, 496.0, 361.0
362, 505.0, 335.0
363, 130.0, 107.0
364, 342.0, 133.0
365, 543.0, 335.0
366, 484.0, 426.0
367, 271.0, 402.0
368, 351.0, 98.0
369, 179.0, 334.0
370, 499.0, 366.0
371, 535.0, 362.0
372, 251.0, 86.0
373, 696.0, 200.0
374, 327.0, 293.0
375, 47.0, 58.0
376, 51.0, 348.0
377, 326.0, 395.0
378, 562.0, 171.0
379, 18.0, 293.0
380, 441.0, 102.0
381, 433.0, 118.0
382, 457.0, 144.0
383, 42.0, 192.0
384, 272.0, 340.0
385, 94.0, 466.0
386, 207.0, 93.0
387, 345.0, 414.0
388, 506.0, 416.0
389, 30.0, 200.0
390, 528.0, 452.0
391, 191.0, 195.0
392, 454.0, 162.0
393, 505.0, 340.0
394, 163.0, 369.0
395, 363.0, 308.0
396, 535.0, 22.0
397, 685.0, 223.0
398, 508.0, 459.0
399, 338.0, 188.0
400, 323.0, 412.0
401, 394.0, 461.0
402, 480.0, 456.0
403, 359.0, 415.0
404, 197.0, 459.0
405, 613.0, 198.0
406, 679.0, 22.0
407, 594.0, 419.0
408, 337.0, 125.0
409, 167.0, 364.0
410, 85.0, 413.0
411, 247.0, 471.0
412, 313.0, 74.0
413, 405.0, 349.0
414, 237.0, 413.0
415, 625.0, 190.0
416, 66.0, 463.0
417, 343.0, 19.0
418, 40.0, 272.0
419, 393.0, 214.0
420, 370.0, 384.0
421, 512.0, 388.0
422, 42.0, 166.0
423, 537.0, 373.0
424, 607.0, 133.0
425, 373.0, 199.0
426, 430.0, 107.0
427, 52.0, 120.0
428, 111.0, 84.0
429, 213.0, 296.0
430, 550.0, 174.0
431, 408.0, 215.0
432, 84.0, 340.0
433, 262.0, 367.0
434, 61.0, 332.0
435, 145.0, 462.0
436, 165.0, 167.0
437, 29.0, 321.0
438, 441.0, 319.0
439, 42.0, 284.0
440, 481.0, 29.0
441, 390.0, 471.0
442, 375.0, 442.0
443, 465.0, 126.0
444, 76.0, 76.0
445, 80.0, 241.0
446, 276.0, 89.0
447, 624.0, 381.0
448, 404.0, 21.0
449, 131.0, 279.0
450, 91.0, 362.0
451, 96.0, 290.0
452, 514.0, 427.0
453, 8.0, 368.0
454, 254.0, 284.0
455, 9.0, 268.0
456, 38.0, 110.0
457, 528.0, 70.0
458, 460.0, 276.0
459, 463.0, 364.0
460, 317.0, 284.0
461, 429.0, 73.0
462, 112.0, 290.0
463, 619.0, 12.0
464, 139.0, 133.0
465, 24.0, 300.0
466, 135.0, 362.0
467, 359.0, 30.0
468, 467.0, 469.0
469, 273.0, 382.0
470, 436.0, 103.0
471, 41.0, 73.0
472, 25.0, 316.0
473, 111.0, 448.0
474, 621.0, 179.0
475, 441.0, 312.0
476, 109.0, 255.0
477, 113.0, 334.0
478, 602.0, 250.0
479, 257.0, 73.0
480, 238.0, 433.0
481, 444.0, 108.0
482, 311.0, 437.0
483, 136.0, 67.0
484, 87.0, 183.0
485, 13.0, 98.0
486, 469.0, 187.0
487, 325.0, 26.0
488, 273.0, 377.0
489, 260.0, 322.0
490, 400.0, 347.0
491, 702.0, 43.0
492, 84.0, 284.0
493, 46.0, 243.0
494, 107.0, 463.0
495, 25.0, 392.0
496, 377.0, 258.0
497, 733.0, 471.0
498, 59.0, 399.0
499, 615.0, 356.0
