0, 544.0, 107.0
1, 456.0, 284.0
2, 492.0, 238.0
3, 358.0, 40.0
4, 356.0, 329.0
5, 369.0, 35.0
6, 384.0, 184.0
7, 589.0, 263.0
8, 183.0, 122.0
9, 338.0, 222.0
10, 389.0, 153.0
11, 464.0, 200.0
12, 226.0, 306.0
13, 638.0, 241.0
14, 683.0, 292.0
15, 363.0, 134.0
16, 159.0, 354.0
17, 449.0, 135.0
18, 632.0, 278.0
19, 563.0, 23.0
20, 591.0, 379.0
21, 170.0, 377.0
22, 524.0, 236.0
23, 462.0, 133.0
24, 380.0, 35.0
25, 106.0, 199.0
26, 147.0, 70.0
27, 111.0, 186.0
28, 287.0, 90.0
29, 479.0, 244.0
30, 670.0, 284.0
31, 423.0, 438.0
32, 426.0, 155.0
33, 685.0, 207.0
34, 471.0, 188.0
35, 367.0, 9.0
36, 273.0, 264.0
37, 431.0, 189.0
38, 224.0, 463.0
39, 390.0, 143.0
40, 723.0, 241.0
41, 173.0, 389.0
42, 684.0, 35.0
43, 621.0, 275.0
44, 327.0, 346.0
45, 524.0, 247.0
46, 669.0, 245.0
47, 588.0, 33.0
48, 303.0, 173.0
49, 344.0, 22.0
50, 249.0, 167.0
51, 571.0, 71.0
52, 301.0, 216.0
53, 35.0, 393.0
54, 322.0, 217.0
55, 653.0, 230.0
56, 325.0, 75.0
57, 99.0, 378.0
58, 368.0, 23.0
59, 189.0, 296.0
60, 338.0, 235.0
61, 277.0, 102.0
62, 350.0, 88.0
63, 595.0, 446.0
64, 89.0, 457.0
65, 717.0, 223.0
66, 510.0, 180.0
67, 140.0, 260.0
68, 236.0, 126.0
69, 199.0, 117.0
70, 42.0, 208.0
71, 459.0, 183.0
72, 370.0, 45.0
73, 263.0, 122.0
74, 421.0, 226.0
75, 482.0, 189.0
76, 605.0, 35.0
77, 385.0, 165.0
78, 426.0, 307.0
79, 487.0, 254.0
80, 89.0, 310.0
81, 634.0, 397.0
82, 145.0, 294.0
83, 709.0, 288.0
84, 254.0, 103.0
85, 276.0, 224.0
86, 227.0, 242.0
87, 602.0, 171.0
88, 661.0, 411.0
89, 372.0, 123.0
90, 484.0, 78.0
91, 70.0, 85.0
92, 329.0, 293.0
93, 375.0, 236.0
94, 654.0, 250.0
95, 581.0, 26.0
96, 620.0, 263.0
97, 260.0, 202.0
98, 528.0, 166.0
99, 231.0, 316.0
100, 212.0, 451.0
101, 738.0, 225.0
102, 717.0, 304.0
103, 527.0, 439.0
104, 110.0, 349.0
105, 49.0, 117.0
106, 9.0, 331.0
107, 159.0, 291.0
108, 237.0, 192.0
109, 224.0, 55.0
110, 166.0, 254.0
111, 143.0, 56.0
112, 258.0, 138.0
113, 363.0, 159.0
114, 376.0, 453.0
115, 681.0, 151.0
116, 557.0, 464.0
117, 287.0, 101.0
118, 204.0, 421.0
119, 500.0, 259.0
120, 249.0, 127.0
121, 294.0, 319.0
122, 365.0, 193.0
123, 369.0, 463.0
124, 79.0, 169.0
125, 536.0, 190.0
126, 395.0, 187.0
127, 362.0, 124.0
128, 634.0, 170.0
129, 392.0, 21.0
130, 663.0, 143.0
131, 724.0, 149.0
132, 481.0, 177.0
133, 431.0, 171.0
134, 392.0, 236.0
135, 420.0, 133.0
136, 472.0, 114.0
137, 254.0, 259.0
138, 564.0, 105.0
139, 242.0, 62.0
140, 404.0, 330.0
141, 258.0, 462.0
142, 580.0, 176.0
143, 737.0, 452.0
144, 174.0, 337.0
145, 207.0, 303.0
146, 544.0, 122.0
147, 352.0, 383.0
148, 623.0, 164.0
149, 539.0, 162.0
150, 189.0, 396.0
151, 508.0, 205.0
152, 291.0, 392.0
153, 109.0, 265.0
154, 666.0, 230.0
155, 411.0, 241.0
156, 638.0, 265.0
157, 586.0, 105.0
158, 376.0, 107.0
159, 471.0, 285.0
160, 102.0, 355.0
161, 495.0, 78.0
162, 412.0, 167.0
163, 154.0, 22.0
164, 151.0, 308.0
165, 741.0, 50.0
166, 417.0, 205.0
167, 382.0, 444.0
168, 660.0, 25.0
169, 314.0, 278.0
170, 216.0, 36.0
171, 395.0, 264.0
172, 400.0, 291.0
173, 521.0, 109.0
174, 439.0, 176.0
175, 577.0, 152.0
176, 562.0, 119.0
177, 380.0, 22.0
178, 640.0, 30.0
179, 442.0, 123.0
180, 282.0, 81.0
181, 115.0, 278.0
182, 24.0, 318.0
183, 579.0, 263.0
184, 354.0, 107.0
185, 601.0, 415.0
186, 283.0, 402.0
187, 485.0, 431.0
188, 466.0, 230.0
189, 54.0, 90.0
190, 438.0, 315.0
191, 370.0, 362.0
192, 610.0, 96.0
193, 118.0, 302.0
194, 264.0, 89.0
195, 540.0, 149.0
196, 132.0, 70.0
197, 321.0, 63.0
198, 591.0, 246.0
199, 608.0, 15.0
200, 122.0, 292.0
201, 325.0, 265.0
202, 208.0, 434.0
203, 51.0, 201.0
204, 676.0, 191.0
205, 304.0, 343.0
206, 520.0, 125.0
207, 129.0, 282.0
208, 420.0, 125.0
209, 652.0, 163.0
210, 412.0, 140.0
211, 703.0, 299.0
212, 359.0, 311.0
213, 59.0, 454.0
214, 363.0, 205.0
215, 365.0, 147.0
216, 680.0, 248.0
217, 147.0, 42.0
218, 305.0, 252.0
219, 514.0, 146.0
220, 295.0, 71.0
221, 507.0, 272.0
222, 225.0, 100.0
223, 612.0, 138.0
224, 683.0, 11.0
225, 708.0, 174.0
226, 178.0, 81.0
227, 667.0, 158.0
228, 24.0, 400.0
229, 525.0, 272.0
230, 499.0, 191.0
231, 319.0, 293.0
232, 332.0, 335.0
233, 498.0, 129.0
234, 590.0, 188.0
235, 226.0, 425.0
236, 102.0, 462.0
237, 263.0, 15.0
238, 418.0, 257.0
239, 612.0, 442.0
240, 264.0, 162.0
241, 298.0, 157.0
242, 489.0, 289.0
243, 120.0, 311.0
244, 14.0, 346.0
245, 486.0, 271.0
246, 34.0, 195.0
247, 373.0, 162.0
248, 77.0, 324.0
249, 317.0, 340.0
250, 346.0, 159.0
251, 165.0, 238.0
252, 445.0, 158.0
253, 91.0, 319.0
254, 651.0, 240.0
255, 245.0, 279.0
256, 150.0, 267.0
257, 131.0, 217.0
258, 509.0, 67.0
259, 381.0, 197.0
260, 278.0, 8.0
261, 679.0, 225.0
262, 276.0, 311.0
263, 177.0, 402.0
264, 492.0, 247.0
265, 690.0, 163.0
266, 90.0, 438.0
267, 546.0, 140.0
268, 516.0, 169.0
269, 40.0, 144.0
270, 459.0, 77.0
271, 315.0, 28.0
272, 722.0, 72.0
273, 260.0, 278.0
274, 680.0, 421.0
275, 194.0, 410.0
276, 392.0, 109.0
277, 95.0, 367.0
278, 683.0, 20.0
279, 41.0, 107.0
280, 576.0, 97.0
281, 382.0, 341.0
282, 299.0, 12.0
283, 631.0, 414.0
284, 485.0, 129.0
285, 107.0, 315.0
286, 233.0, 419.0
287, 638.0, 57.0
288, 397.0, 121.0
289, 51.0, 187.0
290, 165.0, 432.0
291, 203.0, 267.0
292, 438.0, 146.0
293, 497.0, 147.0
294, 214.0, 415.0
295, 352.0, 197.0
296, 236.0, 88.0
297, 646.0, 277.0
298, 217.0, 99.0
299, 474.0, 147.0
300, 405.0, 37.0
301, 182.0, 210.0
302, 90.0, 358.0
303, 563.0, 264.0
304, 679.0, 437.0
305, 336.0, 39.0
306, 232.0, 80.0
307, 72.0, 100.0
308, 255.0, 68.0
309, 283.0, 62.0
310, 84.0, 68.0
311, 189.0, 234.0
312, 567.0, 225.0
313, 476.0, 35.0
314, 473.0, 132.0
315, 168.0, 451.0
316, 429.0, 145.0
317, 147.0, 350.0
318, 74.0, 159.0
319, 412.0, 231.0
320, 19.0, 453.0
321, 715.0, 253.0
322, 693.0, 240.0
323, 622.0, 428.0
324, 342.0, 50.0
325, 416.0, 271.0
326, 360.0, 396.0
327, 223.0, 229.0
328, 476.0, 50.0
329, 591.0, 169.0
330, 279.0, 343.0
331, 422.0, 284.0
332, 24.0, 110.0
333, 549.0, 424.0
334, 578.0, 116.0
335, 706.0, 258.0
336, 412.0, 119.0
337, 405.0, 268.0
338, 23.0, 269.0
339, 450.0, 431.0
340, 45.0, 376.0
341, 125.0, 41.0
342, 64.0, 131.0
343, 625.0, 8.0
344, 364.0, 295.0
345, 677.0, 276.0
346, 456.0, 217.0
347, 152.0, 177.0
348, 430.0, 244.0
349, 262.0, 438.0
350, 164.0, 365.0
351, 290.0, 281.0
352, 671.0, 399.0
353, 296.0, 234.0
354, 399.0, 315.0
355, 256.0, 349.0
356, 593.0, 152.0
357, 548.0, 278.0
358, 640.0, 383.0
359, 523.0, 194.0
360, 373.0, 347.0
361, 656.0, 288.0
362, 479.0, 90.0
363, 623.0, 450.0
364, 302.0, 31.0
365, 404.0, 154.0
366, 576.0, 231.0
367, 111.0, 244.0
368, 599.0, 265.0
369, 572.0, 61.0
370, 552.0, 183.0
371, 266.0, 77.0
372, 45.0, 333.0
373, 104.0, 68.0
374, 120.0, 83.0
375, 60.0, 159.0
376, 221.0, 161.0
377, 288.0, 153.0
378, 595.0, 46.0
379, 521.0, 217.0
380, 392.0, 249.0
381, 293.0, 208.0
382, 405.0, 176.0
383, 386.0, 363.0
384, 91.0, 102.0
385, 314.0, 135.0
386, 553.0, 166.0
387, 282.0, 334.0
388, 512.0, 212.0
389, 546.0, 91.0
390, 256.0, 93.0
391, 590.0, 253.0
392, 523.0, 87.0
393, 472.0, 105.0
394, 741.0, 177.0
395, 92.0, 187.0
396, 135.0, 305.0
397, 406.0, 49.0
398, 309.0, 68.0
399, 65.0, 117.0
400, 563.0, 384.0
401, 456.0, 233.0
402, 198.0, 305.0
403, 280.0, 169.0
404, 740.0, 38.0
405, 447.0, 415.0
406, 563.0, 425.0
407, 205.0, 70.0
408, 534.0, 203.0
409, 671.0, 206.0
410, 31.0, 338.0
411, 214.0, 117.0
412, 227.0, 24.0
413, 446.0, 306.0
414, 266.0, 179.0
415, 205.0, 400.0
416, 236.0, 174.0
417, 620.0, 285.0
418, 430.0, 42.0
419, 278.0, 20.0
420, 392.0, 392.0
421, 203.0, 246.0
422, 219.0, 139.0
423, 242.0, 32.0
424, 567.0, 155.0
425, 409.0, 463.0
426, 417.0, 315.0
427, 55.0, 101.0
428, 388.0, 48.0
429, 125.0, 333.0
430, 356.0, 11.0
431, 632.0, 437.0
432, 283.0, 179.0
433, 720.0, 60.0
434, 515.0, 299.0
435, 305.0, 207.0
436, 613.0, 163.0
437, 93.0, 140.0
438, 551.0, 236.0
439, 675.0, 138.0
440, 130.0, 394.0
441, 263.0, 358.0
442, 723.0, 159.0
443, 273.0, 154.0
444, 354.0, 174.0
445, 503.0, 200.0
446, 501.0, 250.0
447, 132.0, 365.0
448, 69.0, 305.0
449, 740.0, 22.0
450, 105.0, 139.0
451, 596.0, 123.0
452, 583.0, 234.0
453, 326.0, 230.0
454, 546.0, 216.0
455, 726.0, 138.0
456, 149.0, 363.0
457, 310.0, 224.0
458, 458.0, 295.0
459, 159.0, 447.0
460, 528.0, 115.0
461, 299.0, 289.0
462, 34.0, 92.0
463, 71.0, 455.0
464, 345.0, 334.0
465, 598.0, 202.0
466, 322.0, 246.0
467, 42.0, 324.0
468, 251.0, 88.0
469, 180.0, 110.0
470, 69.0, 190.0
471, 731.0, 113.0
472, 608.0, 151.0
473, 505.0, 232.0
474, 23.0, 328.0
475, 57.0, 253.0
476, 583.0, 218.0
477, 498.0, 471.0
478, 68.0, 439.0
479, 666.0, 13.0
480, 224.0, 268.0
481, 93.0, 244.0
482, 460.0, 115.0
483, 483.0, 162.0
484, 131.0, 420.0
485, 718.0, 186.0
486, 413.0, 153.0
487, 405.0, 347.0
488, 491.0, 224.0
489, 260.0, 323.0
490, 24.0, 202.0
491, 251.0, 470.0
492, 548.0, 71.0
493, 115.0, 204.0
494, 181.0, 45.0
495, 252.0, 197.0
496, 590.0, 96.0
497, 546.0, 206.0
498, 582.0, 14.0
499, 197.0, 99.0
