0, 168.0, 193.0
1, 359.0, 17.0
2, 359.0, 30.0
3, 187.0, 204.0
4, 100.0, 361.0
5, 311.0, 14.0
6, 144.0, 120.0
7, 123.0, 256.0
8, 107.0, 320.0
9, 342.0, 153.0
10, 164.0, 161.0
11, 519.0, 199.0
12, 243.0, 345.0
13, 209.0, 175.0
14, 578.0, 217.0
15, 447.0, 165.0
16, 213.0, 336.0
17, 426.0, 164.0
18, 200.0, 338.0
19, 309.0, 147.0
20, 184.0, 193.0
21, 143.0, 349.0
22, 206.0, 451.0
23, 588.0, 226.0
24, 391.0, 32.0
25, 621.0, 88.0
26, 540.0, 217.0
27, 49.0, 340.0
28, 74.0, 354.0
29, 299.0, 325.0
30, 262.0, 221.0
31, 124.0, 437.0
32, 261.0, 269.0
33, 49.0, 256.0
34, 292.0, 149.0
35, 683.0, 219.0
36, 231.0, 299.0
37, 196.0, 425.0
38, 167.0, 204.0
39, 169.0, 213.0
40, 138.0, 313.0
41, 621.0, 145.0
42, 539.0, 227.0
43, 646.0, 9.0
44, 447.0, 186.0
45, 284.0, 353.0
46, 633.0, 196.0
47, 266.0, 188.0
48, 249.0, 386.0
49, 263.0, 343.0
50, 149.0, 134.0
51, 254.0, 363.0
52, 193.0, 402.0
53, 90.0, 371.0
54, 420.0, 21.0
55, 561.0, 212.0
56, 64.0, 129.0
57, 187.0, 424.0
58, 392.0, 20.0
59, 548.0, 155.0
60, 402.0, 266.0
61, 152.0, 413.0
62, 214.0, 363.0
63, 456.0, 189.0
64, 80.0, 369.0
65, 295.0, 317.0
66, 420.0, 83.0
67, 509.0, 215.0
68, 210.0, 300.0
69, 80.0, 196.0
70, 199.0, 368.0
71, 638.0, 87.0
72, 560.0, 182.0
73, 292.0, 163.0
74, 413.0, 345.0
75, 118.0, 111.0
76, 242.0, 287.0
77, 638.0, 108.0
78, 102.0, 337.0
79, 188.0, 374.0
80, 60.0, 296.0
81, 28.0, 333.0
82, 714.0, 159.0
83, 246.0, 141.0
84, 273.0, 258.0
85, 122.0, 426.0
86, 391.0, 82.0
87, 554.0, 87.0
88, 688.0, 196.0
89, 140.0, 325.0
90, 565.0, 107.0
91, 447.0, 36.0
92, 148.0, 339.0
93, 67.0, 407.0
94, 261.0, 413.0
95, 348.0, 240.0
96, 356.0, 161.0
97, 230.0, 173.0
98, 688.0, 123.0
99, 70.0, 264.0
100, 191.0, 303.0
101, 269.0, 214.0
102, 40.0, 380.0
103, 147.0, 317.0
104, 44.0, 419.0
105, 111.0, 466.0
106, 311.0, 27.0
107, 48.0, 362.0
108, 724.0, 35.0
109, 557.0, 231.0
110, 285.0, 66.0
111, 618.0, 196.0
112, 593.0, 180.0
113, 294.0, 351.0
114, 15.0, 448.0
115, 219.0, 450.0
116, 483.0, 192.0
117, 173.0, 37.0
118, 277.0, 313.0
119, 428.0, 115.0
120, 639.0, 136.0
121, 280.0, 212.0
122, 174.0, 180.0
123, 176.0, 422.0
124, 241.0, 455.0
125, 642.0, 74.0
126, 73.0, 285.0
127, 303.0, 351.0
128, 550.0, 108.0
129, 669.0, 18.0
130, 273.0, 10.0
131, 76.0, 112.0
132, 145.0, 109.0
133, 383.0, 11.0
134, 524.0, 214.0
135, 313.0, 192.0
136, 278.0, 166.0
137, 392.0, 115.0
138, 268.0, 295.0
139, 278.0, 328.0
140, 80.0, 129.0
141, 211.0, 399.0
142, 50.0, 435.0
143, 264.0, 383.0
144, 546.0, 165.0
145, 278.0, 381.0
146, 231.0, 368.0
147, 387.0, 159.0
148, 172.0, 10.0
149, 306.0, 213.0
150, 243.0, 174.0
151, 366.0, 427.0
152, 437.0, 385.0
153, 651.0, 101.0
154, 410.0, 115.0
155, 339.0, 223.0
156, 182.0, 319.0
157, 254.0, 187.0
158, 433.0, 22.0
159, 178.0, 408.0
160, 130.0, 121.0
161, 668.0, 125.0
162, 98.0, 130.0
163, 136.0, 112.0
164, 362.0, 80.0
165, 70.0, 315.0
166, 551.0, 96.0
167, 264.0, 238.0
168, 289.0, 380.0
169, 410.0, 161.0
170, 135.0, 342.0
171, 23.0, 198.0
172, 186.0, 354.0
173, 234.0, 394.0
174, 255.0, 198.0
175, 219.0, 175.0
176, 387.0, 469.0
177, 198.0, 441.0
178, 182.0, 336.0
179, 54.0, 22.0
180, 347.0, 197.0
181, 635.0, 162.0
182, 209.0, 190.0
183, 146.0, 174.0
184, 134.0, 287.0
185, 680.0, 236.0
186, 153.0, 430.0
187, 17.0, 345.0
188, 78.0, 241.0
189, 125.0, 362.0
190, 398.0, 185.0
191, 439.0, 137.0
192, 96.0, 113.0
193, 18.0, 311.0
194, 296.0, 13.0
195, 186.0, 449.0
196, 645.0, 61.0
197, 310.0, 323.0
198, 733.0, 173.0
199, 422.0, 290.0
200, 679.0, 135.0
201, 66.0, 387.0
202, 298.0, 470.0
203, 492.0, 151.0
204, 10.0, 319.0
205, 228.0, 325.0
206, 85.0, 119.0
207, 702.0, 133.0
208, 262.0, 318.0
209, 243.0, 302.0
210, 571.0, 131.0
211, 392.0, 70.0
212, 640.0, 22.0
213, 706.0, 12.0
214, 202.0, 462.0
215, 136.0, 457.0
216, 225.0, 237.0
217, 418.0, 33.0
218, 294.0, 233.0
219, 356.0, 152.0
220, 397.0, 326.0
221, 574.0, 111.0
222, 320.0, 407.0
223, 286.0, 25.0
224, 159.0, 145.0
225, 161.0, 16.0
226, 242.0, 184.0
227, 153.0, 386.0
228, 509.0, 196.0
229, 34.0, 411.0
230, 329.0, 76.0
231, 299.0, 97.0
232, 23.0, 370.0
233, 230.0, 350.0
234, 636.0, 123.0
235, 140.0, 367.0
236, 105.0, 308.0
237, 136.0, 130.0
238, 61.0, 112.0
239, 63.0, 339.0
240, 237.0, 243.0
241, 180.0, 227.0
242, 292.0, 214.0
243, 117.0, 307.0
244, 458.0, 218.0
245, 208.0, 423.0
246, 300.0, 279.0
247, 630.0, 64.0
248, 139.0, 448.0
249, 656.0, 88.0
250, 417.0, 355.0
251, 609.0, 136.0
252, 522.0, 254.0
253, 421.0, 71.0
254, 729.0, 10.0
255, 22.0, 286.0
256, 111.0, 424.0
257, 238.0, 431.0
258, 106.0, 22.0
259, 325.0, 229.0
260, 607.0, 192.0
261, 224.0, 459.0
262, 75.0, 430.0
263, 363.0, 68.0
264, 19.0, 403.0
265, 651.0, 212.0
266, 286.0, 299.0
267, 190.0, 215.0
268, 153.0, 38.0
269, 243.0, 125.0
270, 242.0, 150.0
271, 137.0, 250.0
272, 691.0, 239.0
273, 58.0, 240.0
274, 228.0, 148.0
275, 224.0, 218.0
276, 234.0, 217.0
277, 345.0, 111.0
278, 201.0, 381.0
279, 169.0, 114.0
280, 92.0, 426.0
281, 712.0, 174.0
282, 76.0, 178.0
283, 588.0, 207.0
284, 273.0, 350.0
285, 686.0, 150.0
286, 284.0, 12.0
287, 31.0, 295.0
288, 94.0, 120.0
289, 619.0, 107.0
290, 458.0, 181.0
291, 94.0, 383.0
292, 286.0, 39.0
293, 241.0, 320.0
294, 10.0, 383.0
295, 50.0, 285.0
296, 36.0, 22.0
297, 339.0, 429.0
298, 652.0, 327.0
299, 647.0, 242.0
300, 581.0, 40.0
301, 232.0, 190.0
302, 717.0, 212.0
303, 184.0, 387.0
304, 276.0, 187.0
305, 121.0, 320.0
306, 433.0, 31.0
307, 267.0, 364.0
308, 444.0, 307.0
309, 49.0, 51.0
310, 398.0, 253.0
311, 342.0, 444.0
312, 106.0, 112.0
313, 228.0, 313.0
314, 408.0, 469.0
315, 269.0, 373.0
316, 269.0, 305.0
317, 477.0, 336.0
318, 35.0, 262.0
319, 94.0, 284.0
320, 51.0, 196.0
321, 214.0, 377.0
322, 84.0, 410.0
323, 546.0, 138.0
324, 46.0, 407.0
325, 282.0, 363.0
326, 57.0, 397.0
327, 345.0, 101.0
328, 313.0, 377.0
329, 72.0, 161.0
330, 23.0, 297.0
331, 9.0, 275.0
332, 239.0, 265.0
333, 219.0, 436.0
334, 342.0, 77.0
335, 146.0, 297.0
336, 20.0, 51.0
337, 341.0, 191.0
338, 655.0, 20.0
339, 39.0, 309.0
340, 168.0, 395.0
341, 148.0, 192.0
342, 580.0, 87.0
343, 425.0, 461.0
344, 378.0, 438.0
345, 45.0, 315.0
346, 111.0, 240.0
347, 272.0, 237.0
348, 81.0, 343.0
349, 352.0, 442.0
350, 420.0, 8.0
351, 259.0, 429.0
352, 107.0, 270.0
353, 359.0, 8.0
354, 178.0, 145.0
355, 325.0, 213.0
356, 624.0, 311.0
357, 334.0, 66.0
358, 33.0, 119.0
359, 730.0, 312.0
360, 104.0, 345.0
361, 662.0, 102.0
362, 93.0, 346.0
363, 116.0, 289.0
364, 583.0, 135.0
365, 75.0, 403.0
366, 82.0, 8.0
367, 432.0, 131.0
368, 155.0, 257.0
369, 213.0, 326.0
370, 437.0, 401.0
371, 230.0, 287.0
372, 84.0, 212.0
373, 697.0, 170.0
374, 354.0, 385.0
375, 273.0, 271.0
376, 144.0, 403.0
377, 658.0, 201.0
378, 356.0, 465.0
379, 64.0, 365.0
380, 82.0, 301.0
381, 247.0, 419.0
382, 347.0, 422.0
383, 184.0, 255.0
384, 91.0, 134.0
385, 399.0, 423.0
386, 608.0, 175.0
387, 168.0, 358.0
388, 165.0, 231.0
389, 403.0, 32.0
390, 330.0, 146.0
391, 409.0, 33.0
392, 273.0, 222.0
393, 584.0, 107.0
394, 183.0, 176.0
395, 357.0, 371.0
396, 488.0, 37.0
397, 308.0, 200.0
398, 265.0, 147.0
399, 173.0, 374.0
400, 160.0, 346.0
401, 396.0, 394.0
402, 36.0, 128.0
403, 128.0, 277.0
404, 61.0, 355.0
405, 374.0, 424.0
406, 308.0, 438.0
407, 743.0, 194.0
408, 490.0, 20.0
409, 334.0, 402.0
410, 408.0, 422.0
411, 120.0, 452.0
412, 167.0, 257.0
413, 87.0, 108.0
414, 415.0, 282.0
415, 587.0, 97.0
416, 88.0, 44.0
417, 410.0, 448.0
418, 104.0, 368.0
419, 296.0, 252.0
420, 385.0, 461.0
421, 136.0, 416.0
422, 201.0, 386.0
423, 637.0, 154.0
424, 552.0, 244.0
425, 704.0, 123.0
426, 456.0, 199.0
427, 87.0, 336.0
428, 489.0, 215.0
429, 122.0, 40.0
430, 138.0, 389.0
431, 625.0, 78.0
432, 545.0, 311.0
433, 119.0, 132.0
434, 68.0, 415.0
435, 446.0, 46.0
436, 370.0, 411.0
437, 421.0, 198.0
438, 295.0, 301.0
439, 80.0, 276.0
440, 34.0, 365.0
441, 118.0, 192.0
442, 353.0, 357.0
443, 353.0, 294.0
444, 198.0, 91.0
445, 312.0, 163.0
446, 135.0, 193.0
447, 126.0, 295.0
448, 292.0, 368.0
449, 107.0, 288.0
450, 519.0, 51.0
451, 371.0, 448.0
452, 136.0, 281.0
453, 715.0, 12.0
454, 375.0, 163.0
455, 403.0, 433.0
456, 57.0, 391.0
457, 301.0, 378.0
458, 122.0, 272.0
459, 51.0, 376.0
460, 211.0, 201.0
461, 567.0, 88.0
462, 402.0, 456.0
463, 99.0, 328.0
464, 393.0, 96.0
465, 382.0, 361.0
466, 119.0, 355.0
467, 473.0, 83.0
468, 704.0, 36.0
469, 57.0, 307.0
470, 89.0, 341.0
471, 271.0, 21.0
472, 178.0, 373.0
473, 111.0, 443.0
474, 743.0, 38.0
475, 448.0, 16.0
476, 397.0, 468.0
477, 212.0, 437.0
478, 243.0, 364.0
479, 444.0, 210.0
480, 270.0, 417.0
481, 91.0, 398.0
482, 569.0, 200.0
483, 649.0, 27.0
484, 491.0, 194.0
485, 261.0, 356.0
486, 362.0, 413.0
487, 166.0, 365.0
488, 128.0, 378.0
489, 138.0, 303.0
490, 683.0, 206.0
491, 113.0, 437.0
492, 609.0, 216.0
493, 319.0, 395.0
494, 356.0, 425.0
495, 231.0, 282.0
496, 142.0, 36.0
497, 129.0, 302.0
498, 57.0, 94.0
499, 420.0, 284.0
