0, 304.0, 212.0
1, 599.0, 122.0
2, 167.0, 346.0
3, 365.0, 38.0
4, 331.0, 290.0
5, 362.0, 133.0
6, 139.0, 233.0
7, 288.0, 144.0
8, 312.0, 259.0
9, 298.0, 249.0
10, 532.0, 425.0
11, 343.0, 221.0
12, 540.0, 434.0
13, 255.0, 256.0
14, 385.0, 468.0
15, 168.0, 191.0
16, 79.0, 292.0
17, 121.0, 277.0
18, 109.0, 435.0
19, 588.0, 34.0
20, 202.0, 201.0
21, 122.0, 433.0
22, 596.0, 132.0
23, 366.0, 26.0
24, 288.0, 133.0
25, 164.0, 75.0
26, 447.0, 205.0
27, 140.0, 218.0
28, 611.0, 57.0
29, 298.0, 237.0
30, 48.0, 130.0
31, 142.0, 188.0
32, 181.0, 137.0
33, 170.0, 207.0
34, 622.0, 57.0
35, 495.0, 379.0
36, 252.0, 176.0
37, 336.0, 165.0
38, 108.0, 285.0
39, 328.0, 252.0
40, 351.0, 163.0
41, 362.0, 145.0
42, 152.0, 285.0
43, 593.0, 87.0
44, 315.0, 248.0
45, 225.0, 121.0
46, 132.0, 178.0
47, 62.0, 413.0
48, 192.0, 145.0
49, 63.0, 291.0
50, 330.0, 77.0
51, 323.0, 280.0
52, 384.0, 162.0
53, 601.0, 110.0
54, 164.0, 165.0
55, 618.0, 99.0
56, 579.0, 437.0
57, 357.0, 200.0
58, 395.0, 166.0
59, 144.0, 115.0
60, 263.0, 84.0
61, 248.0, 134.0
62, 321.0, 169.0
63, 417.0, 440.0
64, 288.0, 346.0
65, 100.0, 260.0
66, 418.0, 33.0
67, 74.0, 223.0
68, 291.0, 212.0
69, 532.0, 86.0
70, 29.0, 327.0
71, 143.0, 274.0
72, 333.0, 208.0
73, 310.0, 184.0
74, 478.0, 126.0
75, 91.0, 193.0
76, 439.0, 457.0
77, 313.0, 280.0
78, 307.0, 226.0
79, 249.0, 146.0
80, 92.0, 275.0
81, 504.0, 78.0
82, 88.0, 401.0
83, 100.0, 184.0
84, 383.0, 69.0
85, 571.0, 425.0
86, 297.0, 134.0
87, 139.0, 363.0
88, 13.0, 288.0
89, 297.0, 226.0
90, 75.0, 415.0
91, 230.0, 229.0
92, 178.0, 330.0
93, 362.0, 78.0
94, 54.0, 335.0
95, 57.0, 121.0
96, 549.0, 44.0
97, 51.0, 461.0
98, 394.0, 133.0
99, 184.0, 346.0
100, 204.0, 176.0
101, 333.0, 105.0
102, 579.0, 115.0
103, 412.0, 252.0
104, 59.0, 380.0
105, 613.0, 120.0
106, 243.0, 281.0
107, 568.0, 11.0
108, 80.0, 255.0
109, 432.0, 176.0
110, 405.0, 133.0
111, 603.0, 470.0
112, 212.0, 134.0
113, 157.0, 223.0
114, 281.0, 203.0
115, 300.0, 41.0
116, 405.0, 144.0
117, 192.0, 221.0
118, 169.0, 34.0
119, 48.0, 413.0
120, 602.0, 100.0
121, 211.0, 105.0
122, 362.0, 122.0
123, 112.0, 176.0
124, 531.0, 23.0
125, 339.0, 133.0
126, 544.0, 85.0
127, 327.0, 329.0
128, 191.0, 211.0
129, 138.0, 76.0
130, 52.0, 345.0
131, 236.0, 170.0
132, 154.0, 248.0
133, 43.0, 28.0
134, 370.0, 182.0
135, 150.0, 101.0
136, 401.0, 27.0
137, 333.0, 309.0
138, 283.0, 248.0
139, 443.0, 233.0
140, 108.0, 248.0
141, 585.0, 104.0
142, 302.0, 25.0
143, 450.0, 379.0
144, 531.0, 65.0
145, 476.0, 103.0
146, 156.0, 259.0
147, 381.0, 26.0
148, 259.0, 346.0
149, 15.0, 11.0
150, 210.0, 21.0
151, 599.0, 35.0
152, 474.0, 146.0
153, 550.0, 10.0
154, 559.0, 108.0
155, 68.0, 306.0
156, 148.0, 60.0
157, 447.0, 435.0
158, 349.0, 25.0
159, 197.0, 12.0
160, 232.0, 24.0
161, 271.0, 362.0
162, 53.0, 163.0
163, 282.0, 417.0
164, 367.0, 55.0
165, 148.0, 349.0
166, 438.0, 26.0
167, 191.0, 331.0
168, 226.0, 164.0
169, 617.0, 81.0
170, 92.0, 290.0
171, 259.0, 154.0
172, 548.0, 23.0
173, 384.0, 54.0
174, 323.0, 311.0
175, 126.0, 198.0
176, 259.0, 145.0
177, 391.0, 244.0
178, 258.0, 133.0
179, 388.0, 86.0
180, 451.0, 11.0
181, 241.0, 257.0
182, 28.0, 366.0
183, 103.0, 70.0
184, 82.0, 461.0
185, 222.0, 134.0
186, 248.0, 25.0
187, 16.0, 368.0
188, 539.0, 36.0
189, 271.0, 25.0
190, 152.0, 236.0
191, 122.0, 216.0
192, 142.0, 374.0
193, 251.0, 163.0
194, 26.0, 397.0
195, 343.0, 303.0
196, 26.0, 139.0
197, 393.0, 144.0
198, 308.0, 163.0
199, 333.0, 26.0
200, 193.0, 125.0
201, 119.0, 235.0
202, 279.0, 176.0
203, 298.0, 146.0
204, 352.0, 144.0
205, 609.0, 33.0
206, 406.0, 120.0
207, 423.0, 176.0
208, 52.0, 201.0
209, 46.0, 391.0
210, 362.0, 155.0
211, 136.0, 250.0
212, 309.0, 455.0
213, 418.0, 164.0
214, 310.0, 362.0
215, 205.0, 283.0
216, 212.0, 122.0
217, 343.0, 153.0
218, 28.0, 293.0
219, 269.0, 96.0
220, 184.0, 154.0
221, 592.0, 9.0
222, 458.0, 308.0
223, 397.0, 59.0
224, 203.0, 163.0
225, 120.0, 418.0
226, 48.0, 182.0
227, 425.0, 251.0
228, 194.0, 233.0
229, 186.0, 164.0
230, 168.0, 259.0
231, 255.0, 96.0
232, 332.0, 134.0
233, 519.0, 34.0
234, 26.0, 427.0
235, 530.0, 45.0
236, 217.0, 176.0
237, 277.0, 56.0
238, 332.0, 56.0
239, 248.0, 314.0
240, 130.0, 375.0
241, 64.0, 398.0
242, 369.0, 211.0
243, 374.0, 469.0
244, 324.0, 345.0
245, 185.0, 255.0
246, 86.0, 75.0
247, 179.0, 189.0
248, 393.0, 447.0
249, 383.0, 210.0
250, 14.0, 227.0
251, 153.0, 404.0
252, 341.0, 144.0
253, 113.0, 445.0
254, 687.0, 129.0
255, 732.0, 16.0
256, 64.0, 187.0
257, 215.0, 146.0
258, 384.0, 187.0
259, 450.0, 78.0
260, 305.0, 72.0
261, 263.0, 330.0
262, 97.0, 422.0
263, 709.0, 26.0
264, 265.0, 215.0
265, 419.0, 45.0
266, 222.0, 187.0
267, 237.0, 302.0
268, 283.0, 230.0
269, 320.0, 358.0
270, 35.0, 124.0
271, 483.0, 77.0
272, 404.0, 205.0
273, 434.0, 132.0
274, 74.0, 270.0
275, 457.0, 339.0
276, 20.0, 251.0
277, 561.0, 126.0
278, 258.0, 282.0
279, 132.0, 155.0
280, 121.0, 247.0
281, 279.0, 456.0
282, 345.0, 210.0
283, 603.0, 10.0
284, 314.0, 76.0
285, 592.0, 455.0
286, 159.0, 271.0
287, 136.0, 124.0
288, 594.0, 68.0
289, 424.0, 295.0
290, 627.0, 34.0
291, 420.0, 192.0
292, 19.0, 46.0
293, 171.0, 141.0
294, 108.0, 197.0
295, 411.0, 264.0
296, 597.0, 48.0
297, 169.0, 288.0
298, 74.0, 332.0
299, 313.0, 271.0
300, 115.0, 376.0
301, 275.0, 39.0
302, 350.0, 55.0
303, 72.0, 364.0
304, 81.0, 363.0
305, 102.0, 30.0
306, 50.0, 318.0
307, 70.0, 437.0
308, 492.0, 35.0
309, 156.0, 34.0
310, 568.0, 79.0
311, 332.0, 220.0
312, 86.0, 389.0
313, 395.0, 103.0
314, 289.0, 153.0
315, 214.0, 250.0
316, 519.0, 9.0
317, 243.0, 66.0
318, 230.0, 363.0
319, 364.0, 362.0
320, 506.0, 131.0
321, 240.0, 268.0
322, 462.0, 286.0
323, 202.0, 211.0
324, 78.0, 344.0
325, 201.0, 257.0
326, 407.0, 338.0
327, 580.0, 91.0
328, 295.0, 76.0
329, 308.0, 41.0
330, 190.0, 133.0
331, 416.0, 402.0
332, 122.0, 295.0
333, 260.0, 163.0
334, 570.0, 35.0
335, 458.0, 145.0
336, 530.0, 10.0
337, 50.0, 404.0
338, 87.0, 239.0
339, 609.0, 68.0
340, 106.0, 232.0
341, 550.0, 66.0
342, 321.0, 210.0
343, 133.0, 273.0
344, 152.0, 126.0
345, 208.0, 91.0
346, 188.0, 365.0
347, 276.0, 406.0
348, 125.0, 349.0
349, 435.0, 256.0
350, 33.0, 381.0
351, 332.0, 318.0
352, 472.0, 438.0
353, 627.0, 121.0
354, 332.0, 146.0
355, 313.0, 397.0
356, 172.0, 317.0
357, 542.0, 139.0
358, 333.0, 121.0
359, 349.0, 132.0
360, 141.0, 31.0
361, 611.0, 139.0
362, 212.0, 56.0
363, 155.0, 412.0
364, 303.0, 202.0
365, 434.0, 38.0
366, 407.0, 162.0
367, 214.0, 236.0
368, 404.0, 85.0
369, 250.0, 53.0
370, 205.0, 231.0
371, 375.0, 459.0
372, 289.0, 281.0
373, 119.0, 386.0
374, 463.0, 262.0
375, 373.0, 97.0
376, 135.0, 405.0
377, 570.0, 133.0
378, 417.0, 120.0
379, 45.0, 356.0
380, 431.0, 276.0
381, 468.0, 207.0
382, 526.0, 104.0
383, 162.0, 211.0
384, 281.0, 272.0
385, 380.0, 133.0
386, 214.0, 154.0
387, 83.0, 306.0
388, 409.0, 297.0
389, 99.0, 458.0
390, 335.0, 184.0
391, 12.0, 351.0
392, 114.0, 32.0
393, 141.0, 289.0
394, 331.0, 41.0
395, 620.0, 24.0
396, 430.0, 200.0
397, 736.0, 180.0
398, 195.0, 420.0
399, 110.0, 295.0
400, 79.0, 380.0
401, 15.0, 115.0
402, 427.0, 217.0
403, 577.0, 447.0
404, 441.0, 359.0
405, 402.0, 229.0
406, 492.0, 78.0
407, 566.0, 445.0
408, 303.0, 269.0
409, 419.0, 203.0
410, 205.0, 192.0
411, 177.0, 71.0
412, 253.0, 68.0
413, 423.0, 304.0
414, 14.0, 177.0
415, 438.0, 78.0
416, 194.0, 30.0
417, 35.0, 419.0
418, 79.0, 274.0
419, 144.0, 203.0
420, 613.0, 45.0
421, 132.0, 386.0
422, 17.0, 165.0
423, 97.0, 228.0
424, 15.0, 26.0
425, 126.0, 132.0
426, 100.0, 272.0
427, 262.0, 53.0
428, 342.0, 269.0
429, 244.0, 79.0
430, 613.0, 341.0
431, 137.0, 417.0
432, 201.0, 302.0
433, 422.0, 75.0
434, 415.0, 132.0
435, 204.0, 219.0
436, 467.0, 77.0
437, 729.0, 52.0
438, 41.0, 269.0
439, 573.0, 455.0
440, 239.0, 36.0
441, 714.0, 155.0
442, 713.0, 97.0
443, 223.0, 285.0
444, 85.0, 430.0
445, 118.0, 326.0
446, 365.0, 458.0
447, 101.0, 120.0
448, 192.0, 87.0
449, 498.0, 104.0
450, 106.0, 44.0
451, 223.0, 272.0
452, 396.0, 465.0
453, 507.0, 106.0
454, 77.0, 423.0
455, 484.0, 322.0
456, 462.0, 111.0
457, 539.0, 410.0
458, 193.0, 115.0
459, 251.0, 154.0
460, 350.0, 189.0
461, 434.0, 154.0
462, 445.0, 318.0
463, 163.0, 177.0
464, 415.0, 212.0
465, 77.0, 393.0
466, 292.0, 163.0
467, 345.0, 234.0
468, 475.0, 9.0
469, 130.0, 29.0
470, 139.0, 170.0
471, 196.0, 283.0
472, 8.0, 104.0
473, 243.0, 180.0
474, 168.0, 242.0
475, 143.0, 262.0
476, 84.0, 220.0
477, 296.0, 121.0
478, 140.0, 438.0
479, 161.0, 116.0
480, 447.0, 420.0
481, 328.0, 363.0
482, 93.0, 168.0
483, 349.0, 75.0
484, 72.0, 430.0
485, 451.0, 64.0
486, 721.0, 120.0
487, 148.0, 367.0
488, 219.0, 218.0
489, 435.0, 301.0
490, 639.0, 8.0
491, 426.0, 44.0
492, 157.0, 143.0
493, 174.0, 462.0
494, 43.0, 287.0
495, 355.0, 460.0
496, 147.0, 446.0
497, 74.0, 190.0
498, 129.0, 329.0
499, 510.0, 363.0
