0, 351.0, 213.0
1, 550.0, 138.0
2, 581.0, 333.0
3, 291.0, 286.0
4, 591.0, 336.0
5, 198.0, 287.0
6, 239.0, 248.0
7, 57.0, 460.0
8, 168.0, 323.0
9, 662.0, 135.0
10, 263.0, 218.0
11, 347.0, 375.0
12, 260.0, 368.0
13, 306.0, 188.0
14, 672.0, 136.0
15, 212.0, 30.0
16, 282.0, 235.0
17, 308.0, 244.0
18, 528.0, 119.0
19, 270.0, 233.0
20, 242.0, 380.0
21, 279.0, 311.0
22, 310.0, 223.0
23, 170.0, 34.0
24, 183.0, 316.0
25, 329.0, 195.0
26, 331.0, 305.0
27, 675.0, 88.0
28, 368.0, 359.0
29, 425.0, 48.0
30, 266.0, 245.0
31, 194.0, 29.0
32, 333.0, 290.0
33, 344.0, 197.0
34, 204.0, 296.0
35, 316.0, 287.0
36, 687.0, 89.0
37, 325.0, 10.0
38, 441.0, 11.0
39, 323.0, 420.0
40, 331.0, 25.0
41, 267.0, 315.0
42, 603.0, 269.0
43, 68.0, 135.0
44, 320.0, 245.0
45, 264.0, 326.0
46, 194.0, 17.0
47, 160.0, 298.0
48, 321.0, 216.0
49, 724.0, 302.0
50, 178.0, 19.0
51, 163.0, 278.0
52, 281.0, 324.0
53, 154.0, 375.0
54, 558.0, 139.0
55, 429.0, 120.0
56, 393.0, 198.0
57, 245.0, 336.0
58, 413.0, 454.0
59, 123.0, 360.0
60, 519.0, 117.0
61, 175.0, 355.0
62, 308.0, 325.0
63, 135.0, 450.0
64, 355.0, 227.0
65, 185.0, 112.0
66, 77.0, 468.0
67, 67.0, 168.0
68, 299.0, 234.0
69, 359.0, 48.0
70, 366.0, 457.0
71, 305.0, 313.0
72, 652.0, 8.0
73, 227.0, 202.0
74, 282.0, 365.0
75, 371.0, 218.0
76, 255.0, 20.0
77, 270.0, 355.0
78, 311.0, 200.0
79, 618.0, 281.0
80, 582.0, 270.0
81, 711.0, 14.0
82, 282.0, 245.0
83, 293.0, 325.0
84, 214.0, 161.0
85, 186.0, 78.0
86, 219.0, 442.0
87, 423.0, 18.0
88, 305.0, 378.0
89, 205.0, 309.0
90, 526.0, 78.0
91, 318.0, 235.0
92, 87.0, 444.0
93, 384.0, 235.0
94, 303.0, 275.0
95, 253.0, 301.0
96, 291.0, 402.0
97, 403.0, 24.0
98, 174.0, 138.0
99, 173.0, 379.0
100, 737.0, 396.0
101, 111.0, 352.0
102, 193.0, 317.0
103, 194.0, 42.0
104, 233.0, 345.0
105, 399.0, 436.0
106, 335.0, 210.0
107, 332.0, 396.0
108, 320.0, 204.0
109, 177.0, 283.0
110, 158.0, 134.0
111, 388.0, 430.0
112, 209.0, 17.0
113, 586.0, 263.0
114, 490.0, 117.0
115, 364.0, 205.0
116, 314.0, 20.0
117, 278.0, 336.0
118, 332.0, 276.0
119, 301.0, 443.0
120, 462.0, 460.0
121, 322.0, 407.0
122, 127.0, 337.0
123, 306.0, 341.0
124, 213.0, 100.0
125, 323.0, 171.0
126, 184.0, 209.0
127, 186.0, 267.0
128, 337.0, 436.0
129, 130.0, 284.0
130, 459.0, 441.0
131, 332.0, 410.0
132, 203.0, 160.0
133, 162.0, 431.0
134, 448.0, 26.0
135, 159.0, 213.0
136, 214.0, 204.0
137, 213.0, 82.0
138, 92.0, 224.0
139, 216.0, 220.0
140, 282.0, 219.0
141, 99.0, 318.0
142, 416.0, 85.0
143, 715.0, 454.0
144, 220.0, 459.0
145, 650.0, 16.0
146, 317.0, 187.0
147, 725.0, 436.0
148, 355.0, 202.0
149, 329.0, 316.0
150, 329.0, 331.0
151, 278.0, 224.0
152, 342.0, 456.0
153, 420.0, 288.0
154, 132.0, 389.0
155, 618.0, 297.0
156, 176.0, 299.0
157, 34.0, 443.0
158, 732.0, 352.0
159, 395.0, 53.0
160, 411.0, 201.0
161, 491.0, 44.0
162, 444.0, 343.0
163, 213.0, 324.0
164, 162.0, 262.0
165, 447.0, 112.0
166, 316.0, 453.0
167, 366.0, 11.0
168, 357.0, 412.0
169, 127.0, 219.0
170, 340.0, 224.0
171, 87.0, 170.0
172, 207.0, 262.0
173, 148.0, 280.0
174, 290.0, 188.0
175, 667.0, 317.0
176, 86.0, 147.0
177, 189.0, 334.0
178, 9.0, 277.0
179, 430.0, 223.0
180, 584.0, 131.0
181, 353.0, 185.0
182, 79.0, 344.0
183, 607.0, 29.0
184, 326.0, 282.0
185, 316.0, 356.0
186, 542.0, 40.0
187, 413.0, 40.0
188, 153.0, 28.0
189, 563.0, 78.0
190, 427.0, 249.0
191, 352.0, 444.0
192, 717.0, 346.0
193, 480.0, 117.0
194, 296.0, 267.0
195, 660.0, 412.0
196, 669.0, 435.0
197, 217.0, 299.0
198, 590.0, 315.0
199, 156.0, 166.0
200, 364.0, 235.0
201, 198.0, 438.0
202, 106.0, 471.0
203, 104.0, 367.0
204, 695.0, 322.0
205, 339.0, 362.0
206, 215.0, 46.0
207, 281.0, 351.0
208, 51.0, 231.0
209, 509.0, 61.0
210, 436.0, 378.0
211, 455.0, 277.0
212, 643.0, 287.0
213, 494.0, 28.0
214, 594.0, 276.0
215, 246.0, 146.0
216, 292.0, 306.0
217, 362.0, 433.0
218, 317.0, 318.0
219, 559.0, 222.0
220, 255.0, 461.0
221, 88.0, 159.0
222, 163.0, 351.0
223, 166.0, 448.0
224, 248.0, 50.0
225, 535.0, 79.0
226, 103.0, 291.0
227, 456.0, 260.0
228, 271.0, 38.0
229, 452.0, 299.0
230, 299.0, 415.0
231, 146.0, 328.0
232, 237.0, 309.0
233, 139.0, 383.0
234, 174.0, 73.0
235, 470.0, 179.0
236, 369.0, 23.0
237, 392.0, 93.0
238, 175.0, 128.0
239, 545.0, 306.0
240, 364.0, 471.0
241, 223.0, 252.0
242, 361.0, 383.0
243, 182.0, 48.0
244, 216.0, 138.0
245, 690.0, 25.0
246, 201.0, 406.0
247, 460.0, 19.0
248, 297.0, 225.0
249, 190.0, 392.0
250, 479.0, 67.0
251, 104.0, 341.0
252, 643.0, 309.0
253, 270.0, 465.0
254, 117.0, 320.0
255, 161.0, 406.0
256, 174.0, 46.0
257, 137.0, 420.0
258, 367.0, 374.0
259, 548.0, 219.0
260, 215.0, 423.0
261, 363.0, 72.0
262, 217.0, 283.0
263, 576.0, 180.0
264, 383.0, 59.0
265, 254.0, 233.0
266, 218.0, 314.0
267, 281.0, 263.0
268, 400.0, 464.0
269, 204.0, 205.0
270, 267.0, 55.0
271, 396.0, 375.0
272, 436.0, 54.0
273, 282.0, 465.0
274, 726.0, 12.0
275, 527.0, 171.0
276, 108.0, 9.0
277, 195.0, 205.0
278, 228.0, 18.0
279, 390.0, 320.0
280, 508.0, 405.0
281, 78.0, 170.0
282, 29.0, 408.0
283, 150.0, 302.0
284, 341.0, 263.0
285, 61.0, 312.0
286, 319.0, 329.0
287, 15.0, 293.0
288, 671.0, 293.0
289, 508.0, 368.0
290, 171.0, 161.0
291, 281.0, 20.0
292, 413.0, 344.0
293, 446.0, 465.0
294, 602.0, 278.0
295, 472.0, 160.0
296, 403.0, 420.0
297, 467.0, 201.0
298, 307.0, 252.0
299, 180.0, 428.0
300, 698.0, 305.0
301, 393.0, 442.0
302, 375.0, 272.0
303, 118.0, 142.0
304, 8.0, 433.0
305, 279.0, 271.0
306, 310.0, 234.0
307, 577.0, 434.0
308, 316.0, 150.0
309, 127.0, 420.0
310, 62.0, 425.0
311, 533.0, 21.0
312, 579.0, 301.0
313, 737.0, 425.0
314, 330.0, 43.0
315, 596.0, 78.0
316, 429.0, 470.0
317, 309.0, 421.0
318, 585.0, 398.0
319, 159.0, 228.0
320, 45.0, 243.0
321, 461.0, 200.0
322, 322.0, 389.0
323, 313.0, 296.0
324, 367.0, 430.0
325, 265.0, 189.0
326, 70.0, 370.0
327, 184.0, 161.0
328, 364.0, 306.0
329, 393.0, 66.0
330, 715.0, 356.0
331, 221.0, 401.0
332, 375.0, 203.0
333, 195.0, 359.0
334, 533.0, 325.0
335, 69.0, 346.0
336, 48.0, 141.0
337, 129.0, 471.0
338, 404.0, 65.0
339, 452.0, 74.0
340, 177.0, 435.0
341, 201.0, 132.0
342, 158.0, 145.0
343, 598.0, 58.0
344, 469.0, 74.0
345, 372.0, 238.0
346, 319.0, 395.0
347, 395.0, 116.0
348, 491.0, 441.0
349, 536.0, 145.0
350, 269.0, 431.0
351, 451.0, 80.0
352, 371.0, 44.0
353, 574.0, 299.0
354, 432.0, 458.0
355, 585.0, 315.0
356, 368.0, 188.0
357, 490.0, 10.0
358, 391.0, 376.0
359, 632.0, 283.0
360, 575.0, 309.0
361, 743.0, 308.0
362, 478.0, 78.0
363, 172.0, 95.0
364, 522.0, 217.0
365, 504.0, 118.0
366, 17.0, 345.0
367, 290.0, 172.0
368, 443.0, 66.0
369, 625.0, 8.0
370, 481.0, 453.0
371, 485.0, 76.0
372, 252.0, 215.0
373, 292.0, 150.0
374, 262.0, 194.0
375, 184.0, 231.0
376, 230.0, 224.0
377, 422.0, 427.0
378, 312.0, 278.0
379, 704.0, 49.0
380, 535.0, 12.0
381, 608.0, 311.0
382, 395.0, 280.0
383, 676.0, 296.0
384, 112.0, 318.0
385, 662.0, 63.0
386, 357.0, 127.0
387, 267.0, 395.0
388, 580.0, 311.0
389, 389.0, 459.0
390, 165.0, 392.0
391, 344.0, 412.0
392, 723.0, 360.0
393, 373.0, 471.0
394, 85.0, 276.0
395, 551.0, 11.0
396, 184.0, 333.0
397, 519.0, 150.0
398, 435.0, 339.0
399, 268.0, 158.0
400, 739.0, 89.0
401, 594.0, 268.0
402, 111.0, 363.0
403, 210.0, 8.0
404, 424.0, 367.0
405, 136.0, 433.0
406, 375.0, 254.0
407, 406.0, 243.0
408, 637.0, 361.0
409, 432.0, 106.0
410, 395.0, 146.0
411, 267.0, 148.0
412, 227.0, 139.0
413, 424.0, 94.0
414, 323.0, 135.0
415, 36.0, 460.0
416, 391.0, 173.0
417, 186.0, 286.0
418, 106.0, 317.0
419, 478.0, 471.0
420, 573.0, 80.0
421, 137.0, 15.0
422, 382.0, 73.0
423, 130.0, 415.0
424, 76.0, 426.0
425, 222.0, 16.0
426, 652.0, 334.0
427, 736.0, 382.0
428, 528.0, 324.0
429, 665.0, 291.0
430, 734.0, 88.0
431, 66.0, 310.0
432, 184.0, 368.0
433, 453.0, 69.0
434, 667.0, 135.0
435, 537.0, 46.0
436, 439.0, 121.0
437, 354.0, 464.0
438, 189.0, 361.0
439, 215.0, 238.0
440, 390.0, 146.0
441, 373.0, 51.0
442, 439.0, 162.0
443, 252.0, 383.0
444, 375.0, 450.0
445, 370.0, 271.0
446, 565.0, 177.0
447, 243.0, 431.0
448, 186.0, 60.0
449, 743.0, 459.0
450, 21.0, 384.0
451, 284.0, 272.0
452, 527.0, 58.0
453, 591.0, 347.0
454, 384.0, 354.0
455, 328.0, 326.0
456, 24.0, 467.0
457, 622.0, 320.0
458, 401.0, 377.0
459, 290.0, 270.0
460, 276.0, 21.0
461, 153.0, 23.0
462, 434.0, 84.0
463, 439.0, 464.0
464, 179.0, 415.0
465, 161.0, 306.0
466, 652.0, 391.0
467, 647.0, 331.0
468, 67.0, 376.0
469, 151.0, 407.0
470, 459.0, 26.0
471, 520.0, 28.0
472, 55.0, 313.0
473, 662.0, 333.0
474, 317.0, 33.0
475, 438.0, 167.0
476, 384.0, 439.0
477, 444.0, 456.0
478, 503.0, 366.0
479, 226.0, 327.0
480, 502.0, 67.0
481, 236.0, 50.0
482, 177.0, 367.0
483, 180.0, 469.0
484, 425.0, 411.0
485, 425.0, 459.0
486, 698.0, 343.0
487, 632.0, 359.0
488, 213.0, 66.0
489, 26.0, 413.0
490, 15.0, 298.0
491, 498.0, 389.0
492, 493.0, 34.0
493, 229.0, 83.0
494, 656.0, 399.0
495, 512.0, 89.0
496, 456.0, 48.0
497, 19.0, 415.0
498, 215.0, 348.0
499, 368.0, 404.0
