0, 638.0, 118.0
1, 286.0, 81.0
2, 213.0, 301.0
3, 321.0, 404.0
4, 525.0, 73.0
5, 273.0, 266.0
6, 427.0, 309.0
7, 517.0, 236.0
8, 525.0, 62.0
9, 454.0, 428.0
10, 271.0, 81.0
11, 506.0, 461.0
12, 190.0, 123.0
13, 74.0, 167.0
14, 519.0, 375.0
15, 610.0, 183.0
16, 641.0, 459.0
17, 634.0, 441.0
18, 546.0, 72.0
19, 676.0, 269.0
20, 649.0, 403.0
21, 596.0, 152.0
22, 477.0, 273.0
23, 268.0, 48.0
24, 577.0, 65.0
25, 198.0, 285.0
26, 597.0, 223.0
27, 180.0, 98.0
28, 616.0, 224.0
29, 510.0, 419.0
30, 173.0, 46.0
31, 380.0, 307.0
32, 296.0, 64.0
33, 543.0, 60.0
34, 110.0, 401.0
35, 330.0, 316.0
36, 498.0, 277.0
37, 580.0, 218.0
38, 633.0, 451.0
39, 14.0, 434.0
40, 205.0, 50.0
41, 152.0, 294.0
42, 612.0, 461.0
43, 628.0, 154.0
44, 406.0, 361.0
45, 257.0, 80.0
46, 607.0, 192.0
47, 295.0, 367.0
48, 192.0, 224.0
49, 32.0, 305.0
50, 202.0, 62.0
51, 374.0, 455.0
52, 589.0, 181.0
53, 453.0, 391.0
54, 160.0, 159.0
55, 665.0, 283.0
56, 21.0, 216.0
57, 431.0, 290.0
58, 626.0, 460.0
59, 119.0, 414.0
60, 517.0, 411.0
61, 730.0, 140.0
62, 496.0, 437.0
63, 119.0, 428.0
64, 349.0, 437.0
65, 211.0, 407.0
66, 24.0, 392.0
67, 199.0, 189.0
68, 176.0, 185.0
69, 340.0, 67.0
70, 578.0, 444.0
71, 393.0, 360.0
72, 608.0, 101.0
73, 255.0, 63.0
74, 456.0, 178.0
75, 464.0, 456.0
76, 655.0, 442.0
77, 640.0, 106.0
78, 157.0, 44.0
79, 329.0, 355.0
80, 265.0, 431.0
81, 128.0, 204.0
82, 43.0, 300.0
83, 29.0, 285.0
84, 256.0, 340.0
85, 593.0, 164.0
86, 512.0, 263.0
87, 457.0, 367.0
88, 440.0, 325.0
89, 186.0, 461.0
90, 360.0, 419.0
91, 172.0, 273.0
92, 558.0, 72.0
93, 151.0, 267.0
94, 255.0, 445.0
95, 688.0, 423.0
96, 732.0, 423.0
97, 595.0, 125.0
98, 402.0, 392.0
99, 252.0, 17.0
100, 43.0, 287.0
101, 439.0, 460.0
102, 589.0, 203.0
103, 242.0, 446.0
104, 724.0, 446.0
105, 301.0, 82.0
106, 137.0, 187.0
107, 159.0, 124.0
108, 130.0, 436.0
109, 197.0, 47.0
110, 437.0, 390.0
111, 433.0, 331.0
112, 58.0, 157.0
113, 405.0, 339.0
114, 647.0, 466.0
115, 329.0, 366.0
116, 470.0, 408.0
117, 443.0, 193.0
118, 202.0, 231.0
119, 420.0, 129.0
120, 244.0, 49.0
121, 491.0, 462.0
122, 174.0, 215.0
123, 613.0, 167.0
124, 202.0, 126.0
125, 615.0, 207.0
126, 56.0, 355.0
127, 513.0, 346.0
128, 698.0, 395.0
129, 217.0, 238.0
130, 145.0, 388.0
131, 661.0, 449.0
132, 414.0, 347.0
133, 122.0, 366.0
134, 213.0, 90.0
135, 491.0, 346.0
136, 441.0, 303.0
137, 186.0, 84.0
138, 368.0, 315.0
139, 216.0, 392.0
140, 406.0, 410.0
141, 458.0, 407.0
142, 284.0, 459.0
143, 299.0, 50.0
144, 195.0, 273.0
145, 735.0, 468.0
146, 303.0, 407.0
147, 405.0, 327.0
148, 319.0, 418.0
149, 686.0, 126.0
150, 263.0, 330.0
151, 166.0, 186.0
152, 461.0, 194.0
153, 331.0, 278.0
154, 469.0, 396.0
155, 152.0, 401.0
156, 565.0, 62.0
157, 502.0, 71.0
158, 292.0, 293.0
159, 512.0, 61.0
160, 10.0, 305.0
161, 338.0, 396.0
162, 34.0, 435.0
163, 136.0, 355.0
164, 234.0, 58.0
165, 292.0, 18.0
166, 577.0, 75.0
167, 333.0, 191.0
168, 87.0, 415.0
169, 415.0, 324.0
170, 164.0, 239.0
171, 123.0, 133.0
172, 143.0, 218.0
173, 239.0, 336.0
174, 122.0, 122.0
175, 511.0, 444.0
176, 49.0, 112.0
177, 216.0, 47.0
178, 252.0, 319.0
179, 610.0, 446.0
180, 188.0, 39.0
181, 348.0, 454.0
182, 93.0, 440.0
183, 336.0, 420.0
184, 647.0, 435.0
185, 317.0, 368.0
186, 642.0, 386.0
187, 286.0, 392.0
188, 239.0, 83.0
189, 488.0, 367.0
190, 491.0, 170.0
191, 425.0, 298.0
192, 205.0, 77.0
193, 449.0, 293.0
194, 201.0, 26.0
195, 701.0, 152.0
196, 531.0, 95.0
197, 645.0, 373.0
198, 186.0, 296.0
199, 586.0, 455.0
200, 245.0, 291.0
201, 451.0, 356.0
202, 461.0, 379.0
203, 377.0, 364.0
204, 198.0, 85.0
205, 576.0, 94.0
206, 39.0, 338.0
207, 224.0, 441.0
208, 500.0, 347.0
209, 159.0, 219.0
210, 651.0, 361.0
211, 698.0, 165.0
212, 247.0, 276.0
213, 332.0, 83.0
214, 155.0, 463.0
215, 556.0, 60.0
216, 258.0, 465.0
217, 234.0, 67.0
218, 406.0, 56.0
219, 502.0, 395.0
220, 331.0, 238.0
221, 524.0, 458.0
222, 268.0, 358.0
223, 515.0, 195.0
224, 67.0, 469.0
225, 151.0, 236.0
226, 461.0, 301.0
227, 675.0, 248.0
228, 379.0, 318.0
229, 494.0, 315.0
230, 186.0, 58.0
231, 236.0, 46.0
232, 413.0, 298.0
233, 57.0, 416.0
234, 317.0, 393.0
235, 81.0, 285.0
236, 285.0, 88.0
237, 464.0, 338.0
238, 696.0, 438.0
239, 529.0, 286.0
240, 272.0, 465.0
241, 506.0, 91.0
242, 226.0, 335.0
243, 137.0, 101.0
244, 500.0, 99.0
245, 284.0, 319.0
246, 468.0, 446.0
247, 362.0, 444.0
248, 702.0, 135.0
249, 317.0, 51.0
250, 330.0, 340.0
251, 111.0, 458.0
252, 46.0, 368.0
253, 86.0, 458.0
254, 479.0, 471.0
255, 422.0, 57.0
256, 134.0, 413.0
257, 118.0, 186.0
258, 264.0, 282.0
259, 201.0, 392.0
260, 56.0, 308.0
261, 595.0, 464.0
262, 559.0, 427.0
263, 159.0, 329.0
264, 36.0, 327.0
265, 731.0, 295.0
266, 504.0, 429.0
267, 593.0, 102.0
268, 35.0, 405.0
269, 184.0, 135.0
270, 450.0, 273.0
271, 418.0, 86.0
272, 319.0, 338.0
273, 280.0, 51.0
274, 171.0, 76.0
275, 247.0, 163.0
276, 503.0, 227.0
277, 79.0, 429.0
278, 269.0, 399.0
279, 615.0, 154.0
280, 34.0, 367.0
281, 297.0, 355.0
282, 16.0, 402.0
283, 488.0, 193.0
284, 174.0, 241.0
285, 465.0, 429.0
286, 281.0, 335.0
287, 571.0, 194.0
288, 11.0, 450.0
289, 611.0, 240.0
290, 427.0, 351.0
291, 90.0, 429.0
292, 417.0, 469.0
293, 151.0, 415.0
294, 225.0, 301.0
295, 395.0, 314.0
296, 446.0, 157.0
297, 616.0, 146.0
298, 451.0, 308.0
299, 333.0, 444.0
300, 281.0, 276.0
301, 635.0, 133.0
302, 219.0, 271.0
303, 268.0, 189.0
304, 107.0, 327.0
305, 167.0, 281.0
306, 441.0, 173.0
307, 394.0, 471.0
308, 103.0, 428.0
309, 425.0, 421.0
310, 565.0, 428.0
311, 225.0, 358.0
312, 487.0, 357.0
313, 144.0, 108.0
314, 224.0, 81.0
315, 308.0, 345.0
316, 167.0, 254.0
317, 406.0, 315.0
318, 388.0, 300.0
319, 216.0, 330.0
320, 570.0, 455.0
321, 671.0, 375.0
322, 148.0, 127.0
323, 415.0, 169.0
324, 608.0, 126.0
325, 334.0, 52.0
326, 138.0, 366.0
327, 15.0, 281.0
328, 257.0, 282.0
329, 279.0, 61.0
330, 572.0, 290.0
331, 585.0, 309.0
332, 561.0, 336.0
333, 425.0, 43.0
334, 86.0, 403.0
335, 114.0, 223.0
336, 404.0, 442.0
337, 680.0, 381.0
338, 682.0, 260.0
339, 497.0, 414.0
340, 108.0, 274.0
341, 27.0, 428.0
342, 489.0, 279.0
343, 57.0, 265.0
344, 230.0, 409.0
345, 45.0, 183.0
346, 145.0, 436.0
347, 659.0, 331.0
348, 482.0, 414.0
349, 638.0, 68.0
350, 173.0, 436.0
351, 366.0, 391.0
352, 482.0, 436.0
353, 151.0, 136.0
354, 605.0, 116.0
355, 426.0, 168.0
356, 173.0, 289.0
357, 394.0, 239.0
358, 156.0, 186.0
359, 299.0, 188.0
360, 366.0, 339.0
361, 295.0, 448.0
362, 704.0, 281.0
363, 363.0, 454.0
364, 676.0, 453.0
365, 187.0, 188.0
366, 443.0, 284.0
367, 252.0, 50.0
368, 472.0, 422.0
369, 303.0, 461.0
370, 631.0, 428.0
371, 143.0, 225.0
372, 382.0, 41.0
373, 453.0, 380.0
374, 76.0, 383.0
375, 304.0, 418.0
376, 504.0, 384.0
377, 594.0, 86.0
378, 579.0, 201.0
379, 378.0, 418.0
380, 216.0, 34.0
381, 223.0, 66.0
382, 174.0, 367.0
383, 267.0, 236.0
384, 32.0, 452.0
385, 190.0, 376.0
386, 249.0, 374.0
387, 346.0, 248.0
388, 535.0, 380.0
389, 599.0, 143.0
390, 276.0, 88.0
391, 413.0, 190.0
392, 329.0, 393.0
393, 597.0, 118.0
394, 152.0, 322.0
395, 338.0, 38.0
396, 566.0, 439.0
397, 30.0, 295.0
398, 623.0, 172.0
399, 141.0, 49.0
400, 246.0, 359.0
401, 139.0, 248.0
402, 223.0, 56.0
403, 186.0, 327.0
404, 551.0, 97.0
405, 512.0, 219.0
406, 547.0, 421.0
407, 53.0, 426.0
408, 600.0, 66.0
409, 136.0, 122.0
410, 172.0, 96.0
411, 249.0, 114.0
412, 48.0, 470.0
413, 465.0, 321.0
414, 671.0, 121.0
415, 280.0, 43.0
416, 689.0, 467.0
417, 602.0, 205.0
418, 330.0, 404.0
419, 210.0, 252.0
420, 375.0, 69.0
421, 636.0, 404.0
422, 624.0, 445.0
423, 502.0, 360.0
424, 440.0, 338.0
425, 674.0, 427.0
426, 304.0, 383.0
427, 589.0, 189.0
428, 201.0, 134.0
429, 202.0, 301.0
430, 12.0, 389.0
431, 293.0, 409.0
432, 621.0, 126.0
433, 491.0, 385.0
434, 170.0, 385.0
435, 229.0, 210.0
436, 539.0, 170.0
437, 432.0, 448.0
438, 272.0, 61.0
439, 581.0, 469.0
440, 650.0, 427.0
441, 491.0, 292.0
442, 100.0, 393.0
443, 64.0, 299.0
444, 102.0, 417.0
445, 171.0, 59.0
446, 233.0, 385.0
447, 519.0, 93.0
448, 533.0, 80.0
449, 378.0, 188.0
450, 94.0, 346.0
451, 663.0, 306.0
452, 575.0, 173.0
453, 234.0, 373.0
454, 445.0, 446.0
455, 157.0, 340.0
456, 501.0, 61.0
457, 544.0, 219.0
458, 270.0, 452.0
459, 143.0, 272.0
460, 540.0, 427.0
461, 220.0, 420.0
462, 590.0, 288.0
463, 567.0, 233.0
464, 442.0, 415.0
465, 635.0, 420.0
466, 375.0, 170.0
467, 138.0, 329.0
468, 175.0, 109.0
469, 214.0, 214.0
470, 137.0, 131.0
471, 129.0, 459.0
472, 286.0, 351.0
473, 547.0, 397.0
474, 722.0, 221.0
475, 355.0, 15.0
476, 501.0, 377.0
477, 248.0, 187.0
478, 513.0, 280.0
479, 153.0, 171.0
480, 320.0, 437.0
481, 655.0, 416.0
482, 37.0, 392.0
483, 405.0, 302.0
484, 354.0, 30.0
485, 81.0, 392.0
486, 333.0, 167.0
487, 352.0, 41.0
488, 247.0, 93.0
489, 182.0, 422.0
490, 227.0, 468.0
491, 68.0, 365.0
492, 318.0, 378.0
493, 660.0, 437.0
494, 263.0, 386.0
495, 266.0, 419.0
496, 489.0, 376.0
497, 213.0, 57.0
498, 47.0, 382.0
499, 376.0, 471.0
