0, 366.0, 358.0
1, 252.0, 139.0
2, 326.0, 373.0
3, 639.0, 267.0
4, 173.0, 70.0
5, 86.0, 108.0
6, 259.0, 168.0
7, 200.0, 56.0
8, 100.0, 29.0
9, 17.0, 73.0
10, 247.0, 89.0
11, 296.0, 145.0
12, 325.0, 392.0
13, 116.0, 96.0
14, 648.0, 277.0
15, 242.0, 64.0
16, 117.0, 157.0
17, 442.0, 304.0
18, 688.0, 268.0
19, 166.0, 148.0
20, 239.0, 150.0
21, 175.0, 156.0
22, 168.0, 235.0
23, 262.0, 97.0
24, 151.0, 59.0
25, 435.0, 292.0
26, 169.0, 186.0
27, 172.0, 455.0
28, 139.0, 84.0
29, 130.0, 177.0
30, 208.0, 157.0
31, 300.0, 60.0
32, 320.0, 165.0
33, 333.0, 388.0
34, 148.0, 84.0
35, 71.0, 250.0
36, 301.0, 367.0
37, 77.0, 268.0
38, 278.0, 21.0
39, 278.0, 135.0
40, 168.0, 113.0
41, 377.0, 85.0
42, 103.0, 117.0
43, 379.0, 42.0
44, 221.0, 403.0
45, 314.0, 368.0
46, 534.0, 360.0
47, 166.0, 177.0
48, 205.0, 250.0
49, 226.0, 187.0
50, 39.0, 207.0
51, 559.0, 376.0
52, 58.0, 127.0
53, 584.0, 297.0
54, 227.0, 100.0
55, 579.0, 309.0
56, 267.0, 372.0
57, 50.0, 199.0
58, 585.0, 184.0
59, 114.0, 28.0
60, 443.0, 350.0
61, 175.0, 201.0
62, 238.0, 85.0
63, 365.0, 32.0
64, 311.0, 188.0
65, 338.0, 196.0
66, 218.0, 164.0
67, 618.0, 360.0
68, 131.0, 52.0
69, 276.0, 94.0
70, 560.0, 240.0
71, 14.0, 56.0
72, 256.0, 128.0
73, 502.0, 166.0
74, 181.0, 127.0
75, 491.0, 220.0
76, 618.0, 330.0
77, 582.0, 242.0
78, 234.0, 133.0
79, 509.0, 384.0
80, 185.0, 183.0
81, 580.0, 224.0
82, 689.0, 255.0
83, 387.0, 86.0
84, 617.0, 348.0
85, 410.0, 299.0
86, 543.0, 239.0
87, 620.0, 311.0
88, 597.0, 392.0
89, 258.0, 21.0
90, 618.0, 376.0
91, 364.0, 75.0
92, 357.0, 51.0
93, 259.0, 151.0
94, 22.0, 264.0
95, 602.0, 308.0
96, 466.0, 332.0
97, 422.0, 306.0
98, 307.0, 50.0
99, 563.0, 295.0
100, 94.0, 260.0
101, 212.0, 10.0
102, 30.0, 135.0
103, 10.0, 87.0
104, 70.0, 186.0
105, 604.0, 346.0
106, 421.0, 281.0
107, 371.0, 304.0
108, 430.0, 256.0
109, 440.0, 321.0
110, 477.0, 260.0
111, 595.0, 380.0
112, 127.0, 285.0
113, 737.0, 311.0
114, 325.0, 83.0
115, 729.0, 356.0
116, 131.0, 144.0
117, 567.0, 361.0
118, 107.0, 298.0
119, 695.0, 306.0
120, 469.0, 165.0
121, 280.0, 37.0
122, 322.0, 101.0
123, 580.0, 160.0
124, 312.0, 105.0
125, 218.0, 38.0
126, 268.0, 198.0
127, 294.0, 22.0
128, 239.0, 39.0
129, 619.0, 239.0
130, 341.0, 187.0
131, 406.0, 338.0
132, 344.0, 319.0
133, 362.0, 60.0
134, 328.0, 138.0
135, 589.0, 385.0
136, 633.0, 334.0
137, 607.0, 244.0
138, 184.0, 30.0
139, 296.0, 37.0
140, 514.0, 331.0
141, 244.0, 206.0
142, 88.0, 130.0
143, 248.0, 54.0
144, 631.0, 353.0
145, 286.0, 103.0
146, 682.0, 294.0
147, 94.0, 181.0
148, 147.0, 113.0
149, 340.0, 209.0
150, 210.0, 137.0
151, 302.0, 173.0
152, 121.0, 219.0
153, 380.0, 194.0
154, 206.0, 167.0
155, 399.0, 85.0
156, 593.0, 280.0
157, 173.0, 254.0
158, 679.0, 374.0
159, 496.0, 285.0
160, 738.0, 347.0
161, 334.0, 336.0
162, 611.0, 283.0
163, 505.0, 16.0
164, 691.0, 289.0
165, 575.0, 23.0
166, 121.0, 41.0
167, 560.0, 28.0
168, 580.0, 122.0
169, 546.0, 29.0
170, 166.0, 41.0
171, 547.0, 128.0
172, 292.0, 88.0
173, 558.0, 104.0
174, 261.0, 38.0
175, 618.0, 254.0
176, 182.0, 225.0
177, 248.0, 390.0
178, 37.0, 353.0
179, 232.0, 198.0
180, 628.0, 229.0
181, 43.0, 124.0
182, 340.0, 376.0
183, 602.0, 209.0
184, 358.0, 382.0
185, 188.0, 99.0
186, 12.0, 29.0
187, 395.0, 96.0
188, 726.0, 421.0
189, 338.0, 351.0
190, 166.0, 444.0
191, 154.0, 71.0
192, 652.0, 233.0
193, 505.0, 209.0
194, 107.0, 146.0
195, 550.0, 362.0
196, 310.0, 163.0
197, 536.0, 299.0
198, 101.0, 200.0
199, 514.0, 377.0
200, 347.0, 155.0
201, 212.0, 269.0
202, 727.0, 384.0
203, 589.0, 341.0
204, 345.0, 121.0
205, 106.0, 158.0
206, 23.0, 197.0
207, 369.0, 13.0
208, 689.0, 331.0
209, 620.0, 293.0
210, 465.0, 357.0
211, 273.0, 179.0
212, 527.0, 150.0
213, 556.0, 194.0
214, 412.0, 270.0
215, 525.0, 13.0
216, 259.0, 248.0
217, 451.0, 248.0
218, 609.0, 275.0
219, 404.0, 116.0
220, 322.0, 184.0
221, 527.0, 316.0
222, 530.0, 191.0
223, 382.0, 359.0
224, 490.0, 366.0
225, 593.0, 253.0
226, 188.0, 225.0
227, 674.0, 418.0
228, 652.0, 349.0
229, 690.0, 244.0
230, 198.0, 9.0
231, 373.0, 146.0
232, 454.0, 11.0
233, 45.0, 102.0
234, 205.0, 112.0
235, 176.0, 58.0
236, 305.0, 90.0
237, 70.0, 152.0
238, 683.0, 353.0
239, 638.0, 285.0
240, 95.0, 93.0
241, 617.0, 263.0
242, 173.0, 88.0
243, 180.0, 444.0
244, 200.0, 194.0
245, 482.0, 17.0
246, 304.0, 427.0
247, 150.0, 281.0
248, 455.0, 277.0
249, 415.0, 125.0
250, 22.0, 137.0
251, 125.0, 190.0
252, 579.0, 137.0
253, 101.0, 42.0
254, 637.0, 364.0
255, 250.0, 116.0
256, 520.0, 212.0
257, 310.0, 401.0
258, 602.0, 328.0
259, 380.0, 31.0
260, 346.0, 24.0
261, 314.0, 58.0
262, 202.0, 215.0
263, 353.0, 206.0
264, 384.0, 130.0
265, 333.0, 159.0
266, 548.0, 113.0
267, 265.0, 78.0
268, 100.0, 241.0
269, 350.0, 176.0
270, 20.0, 99.0
271, 323.0, 219.0
272, 641.0, 257.0
273, 395.0, 281.0
274, 721.0, 208.0
275, 54.0, 241.0
276, 46.0, 189.0
277, 475.0, 229.0
278, 213.0, 217.0
279, 503.0, 346.0
280, 324.0, 118.0
281, 277.0, 330.0
282, 727.0, 337.0
283, 571.0, 283.0
284, 332.0, 363.0
285, 354.0, 366.0
286, 328.0, 53.0
287, 579.0, 104.0
288, 353.0, 355.0
289, 442.0, 126.0
290, 265.0, 86.0
291, 721.0, 307.0
292, 63.0, 315.0
293, 180.0, 279.0
294, 418.0, 176.0
295, 194.0, 31.0
296, 333.0, 400.0
297, 268.0, 458.0
298, 334.0, 97.0
299, 246.0, 74.0
300, 413.0, 321.0
301, 430.0, 301.0
302, 256.0, 106.0
303, 432.0, 12.0
304, 492.0, 147.0
305, 524.0, 160.0
306, 529.0, 136.0
307, 34.0, 61.0
308, 480.0, 275.0
309, 453.0, 160.0
310, 543.0, 357.0
311, 30.0, 154.0
312, 548.0, 104.0
313, 22.0, 109.0
314, 160.0, 256.0
315, 465.0, 233.0
316, 341.0, 47.0
317, 297.0, 118.0
318, 149.0, 261.0
319, 286.0, 361.0
320, 324.0, 362.0
321, 340.0, 79.0
322, 194.0, 175.0
323, 104.0, 221.0
324, 219.0, 174.0
325, 119.0, 56.0
326, 89.0, 70.0
327, 22.0, 359.0
328, 135.0, 71.0
329, 141.0, 96.0
330, 236.0, 353.0
331, 193.0, 122.0
332, 443.0, 169.0
333, 199.0, 416.0
334, 12.0, 11.0
335, 512.0, 132.0
336, 524.0, 378.0
337, 165.0, 296.0
338, 675.0, 390.0
339, 312.0, 38.0
340, 141.0, 240.0
341, 15.0, 298.0
342, 325.0, 36.0
343, 391.0, 62.0
344, 98.0, 67.0
345, 555.0, 286.0
346, 44.0, 59.0
347, 561.0, 317.0
348, 228.0, 212.0
349, 517.0, 200.0
350, 590.0, 359.0
351, 324.0, 382.0
352, 244.0, 184.0
353, 199.0, 239.0
354, 168.0, 167.0
355, 180.0, 47.0
356, 344.0, 139.0
357, 319.0, 382.0
358, 158.0, 294.0
359, 136.0, 297.0
360, 672.0, 405.0
361, 297.0, 167.0
362, 68.0, 94.0
363, 187.0, 444.0
364, 139.0, 168.0
365, 375.0, 102.0
366, 100.0, 129.0
367, 336.0, 150.0
368, 242.0, 99.0
369, 192.0, 382.0
370, 298.0, 131.0
371, 683.0, 102.0
372, 207.0, 87.0
373, 287.0, 356.0
374, 182.0, 56.0
375, 140.0, 46.0
376, 56.0, 267.0
377, 369.0, 152.0
378, 576.0, 58.0
379, 324.0, 175.0
380, 179.0, 91.0
381, 533.0, 125.0
382, 33.0, 175.0
383, 22.0, 351.0
384, 236.0, 71.0
385, 270.0, 112.0
386, 101.0, 20.0
387, 673.0, 265.0
388, 462.0, 285.0
389, 240.0, 169.0
390, 734.0, 285.0
391, 398.0, 167.0
392, 605.0, 356.0
393, 206.0, 458.0
394, 184.0, 241.0
395, 18.0, 157.0
396, 64.0, 141.0
397, 192.0, 90.0
398, 648.0, 263.0
399, 566.0, 167.0
400, 187.0, 382.0
401, 423.0, 315.0
402, 70.0, 47.0
403, 315.0, 402.0
404, 502.0, 341.0
405, 305.0, 99.0
406, 624.0, 267.0
407, 18.0, 177.0
408, 47.0, 138.0
409, 267.0, 105.0
410, 357.0, 169.0
411, 587.0, 395.0
412, 683.0, 302.0
413, 511.0, 160.0
414, 398.0, 29.0
415, 592.0, 289.0
416, 101.0, 160.0
417, 38.0, 73.0
418, 161.0, 94.0
419, 157.0, 218.0
420, 91.0, 140.0
421, 276.0, 57.0
422, 567.0, 127.0
423, 67.0, 109.0
424, 545.0, 17.0
425, 626.0, 254.0
426, 602.0, 257.0
427, 598.0, 185.0
428, 698.0, 425.0
429, 575.0, 47.0
430, 319.0, 71.0
431, 112.0, 62.0
432, 88.0, 213.0
433, 48.0, 175.0
434, 737.0, 295.0
435, 159.0, 463.0
436, 545.0, 373.0
437, 656.0, 131.0
438, 212.0, 49.0
439, 509.0, 137.0
440, 721.0, 432.0
441, 197.0, 45.0
442, 710.0, 334.0
443, 163.0, 274.0
444, 125.0, 103.0
445, 272.0, 150.0
446, 428.0, 281.0
447, 247.0, 165.0
448, 216.0, 84.0
449, 599.0, 371.0
450, 301.0, 191.0
451, 460.0, 355.0
452, 646.0, 292.0
453, 508.0, 244.0
454, 305.0, 345.0
455, 57.0, 250.0
456, 487.0, 357.0
457, 225.0, 80.0
458, 648.0, 244.0
459, 601.0, 323.0
460, 287.0, 351.0
461, 734.0, 367.0
462, 512.0, 346.0
463, 371.0, 112.0
464, 232.0, 160.0
465, 580.0, 194.0
466, 550.0, 178.0
467, 151.0, 133.0
468, 580.0, 215.0
469, 106.0, 254.0
470, 298.0, 71.0
471, 683.0, 282.0
472, 228.0, 55.0
473, 571.0, 180.0
474, 418.0, 322.0
475, 167.0, 199.0
476, 385.0, 31.0
477, 208.0, 67.0
478, 320.0, 37.0
479, 87.0, 117.0
480, 360.0, 133.0
481, 42.0, 78.0
482, 496.0, 11.0
483, 413.0, 309.0
484, 179.0, 110.0
485, 339.0, 92.0
486, 735.0, 290.0
487, 364.0, 158.0
488, 368.0, 90.0
489, 432.0, 265.0
490, 576.0, 8.0
491, 368.0, 171.0
492, 81.0, 249.0
493, 655.0, 181.0
494, 103.0, 179.0
495, 722.0, 440.0
496, 319.0, 349.0
497, 622.0, 283.0
498, 545.0, 378.0
499, 152.0, 161.0
