0, 587.0, 231.0
1, 379.0, 246.0
2, 372.0, 221.0
3, 431.0, 183.0
4, 401.0, 223.0
5, 462.0, 246.0
6, 342.0, 154.0
7, 337.0, 242.0
8, 393.0, 234.0
9, 345.0, 228.0
10, 558.0, 266.0
11, 351.0, 184.0
12, 548.0, 254.0
13, 473.0, 180.0
14, 210.0, 105.0
15, 313.0, 139.0
16, 265.0, 182.0
17, 418.0, 160.0
18, 378.0, 257.0
19, 350.0, 117.0
20, 413.0, 205.0
21, 648.0, 221.0
22, 524.0, 185.0
23, 446.0, 249.0
24, 666.0, 146.0
25, 343.0, 141.0
26, 442.0, 315.0
27, 338.0, 206.0
28, 503.0, 167.0
29, 628.0, 255.0
30, 644.0, 141.0
31, 638.0, 229.0
32, 181.0, 312.0
33, 485.0, 173.0
34, 133.0, 264.0
35, 376.0, 49.0
36, 602.0, 41.0
37, 190.0, 55.0
38, 8.0, 207.0
39, 503.0, 455.0
40, 19.0, 246.0
41, 539.0, 140.0
42, 565.0, 197.0
43, 504.0, 155.0
44, 464.0, 275.0
45, 587.0, 118.0
46, 353.0, 173.0
47, 565.0, 149.0
48, 482.0, 212.0
49, 414.0, 222.0
50, 458.0, 211.0
51, 297.0, 179.0
52, 588.0, 41.0
53, 330.0, 171.0
54, 140.0, 70.0
55, 531.0, 250.0
56, 629.0, 200.0
57, 273.0, 153.0
58, 554.0, 141.0
59, 193.0, 69.0
60, 523.0, 140.0
61, 389.0, 115.0
62, 258.0, 230.0
63, 527.0, 215.0
64, 538.0, 218.0
65, 15.0, 322.0
66, 582.0, 260.0
67, 493.0, 185.0
68, 432.0, 223.0
69, 451.0, 232.0
70, 285.0, 264.0
71, 197.0, 239.0
72, 336.0, 259.0
73, 346.0, 218.0
74, 299.0, 216.0
75, 176.0, 251.0
76, 432.0, 48.0
77, 400.0, 159.0
78, 526.0, 198.0
79, 682.0, 281.0
80, 428.0, 240.0
81, 332.0, 228.0
82, 435.0, 193.0
83, 710.0, 56.0
84, 666.0, 283.0
85, 387.0, 74.0
86, 336.0, 194.0
87, 461.0, 220.0
88, 377.0, 68.0
89, 505.0, 199.0
90, 354.0, 141.0
91, 469.0, 197.0
92, 76.0, 156.0
93, 546.0, 157.0
94, 386.0, 221.0
95, 161.0, 252.0
96, 572.0, 129.0
97, 378.0, 272.0
98, 476.0, 242.0
99, 184.0, 352.0
100, 20.0, 25.0
101, 174.0, 70.0
102, 353.0, 75.0
103, 624.0, 59.0
104, 686.0, 269.0
105, 471.0, 213.0
106, 487.0, 197.0
107, 507.0, 245.0
108, 148.0, 131.0
109, 432.0, 310.0
110, 543.0, 175.0
111, 636.0, 213.0
112, 108.0, 209.0
113, 400.0, 173.0
114, 389.0, 269.0
115, 418.0, 184.0
116, 266.0, 198.0
117, 700.0, 227.0
118, 407.0, 113.0
119, 537.0, 228.0
120, 700.0, 268.0
121, 381.0, 349.0
122, 235.0, 146.0
123, 437.0, 252.0
124, 111.0, 54.0
125, 363.0, 115.0
126, 292.0, 117.0
127, 422.0, 205.0
128, 332.0, 139.0
129, 541.0, 237.0
130, 696.0, 209.0
131, 339.0, 301.0
132, 532.0, 157.0
133, 369.0, 252.0
134, 736.0, 394.0
135, 554.0, 226.0
136, 606.0, 100.0
137, 141.0, 48.0
138, 256.0, 170.0
139, 589.0, 26.0
140, 611.0, 111.0
141, 368.0, 395.0
142, 645.0, 247.0
143, 511.0, 220.0
144, 305.0, 318.0
145, 183.0, 116.0
146, 495.0, 253.0
147, 709.0, 197.0
148, 460.0, 182.0
149, 647.0, 34.0
150, 681.0, 188.0
151, 716.0, 267.0
152, 277.0, 48.0
153, 216.0, 121.0
154, 675.0, 77.0
155, 102.0, 192.0
156, 236.0, 188.0
157, 187.0, 181.0
158, 224.0, 248.0
159, 42.0, 235.0
160, 376.0, 114.0
161, 711.0, 186.0
162, 336.0, 185.0
163, 231.0, 233.0
164, 543.0, 193.0
165, 144.0, 253.0
166, 189.0, 250.0
167, 672.0, 209.0
168, 501.0, 185.0
169, 238.0, 174.0
170, 680.0, 403.0
171, 694.0, 247.0
172, 626.0, 242.0
173, 222.0, 193.0
174, 162.0, 125.0
175, 731.0, 225.0
176, 207.0, 365.0
177, 150.0, 40.0
178, 394.0, 251.0
179, 681.0, 91.0
180, 81.0, 219.0
181, 541.0, 130.0
182, 321.0, 194.0
183, 678.0, 222.0
184, 258.0, 245.0
185, 435.0, 367.0
186, 447.0, 213.0
187, 621.0, 24.0
188, 369.0, 267.0
189, 725.0, 336.0
190, 357.0, 397.0
191, 629.0, 292.0
192, 437.0, 213.0
193, 715.0, 278.0
194, 115.0, 145.0
195, 324.0, 182.0
196, 597.0, 308.0
197, 539.0, 267.0
198, 532.0, 92.0
199, 602.0, 228.0
200, 432.0, 271.0
201, 632.0, 150.0
202, 133.0, 137.0
203, 386.0, 29.0
204, 396.0, 49.0
205, 301.0, 194.0
206, 400.0, 200.0
207, 310.0, 225.0
208, 637.0, 262.0
209, 356.0, 223.0
210, 683.0, 207.0
211, 442.0, 230.0
212, 586.0, 242.0
213, 464.0, 423.0
214, 211.0, 128.0
215, 401.0, 183.0
216, 136.0, 225.0
217, 120.0, 254.0
218, 531.0, 168.0
219, 506.0, 265.0
220, 356.0, 107.0
221, 687.0, 199.0
222, 247.0, 152.0
223, 429.0, 113.0
224, 563.0, 227.0
225, 378.0, 328.0
226, 581.0, 416.0
227, 604.0, 277.0
228, 297.0, 161.0
229, 62.0, 54.0
230, 365.0, 36.0
231, 301.0, 204.0
232, 313.0, 155.0
233, 707.0, 206.0
234, 672.0, 377.0
235, 180.0, 39.0
236, 357.0, 161.0
237, 427.0, 251.0
238, 617.0, 232.0
239, 375.0, 188.0
240, 613.0, 252.0
241, 90.0, 33.0
242, 667.0, 395.0
243, 45.0, 260.0
244, 365.0, 134.0
245, 653.0, 282.0
246, 605.0, 417.0
247, 208.0, 249.0
248, 545.0, 107.0
249, 255.0, 206.0
250, 411.0, 49.0
251, 214.0, 193.0
252, 199.0, 150.0
253, 248.0, 173.0
254, 655.0, 143.0
255, 214.0, 208.0
256, 669.0, 231.0
257, 151.0, 72.0
258, 19.0, 44.0
259, 300.0, 439.0
260, 688.0, 153.0
261, 460.0, 377.0
262, 91.0, 153.0
263, 118.0, 34.0
264, 593.0, 89.0
265, 741.0, 273.0
266, 478.0, 285.0
267, 128.0, 71.0
268, 504.0, 85.0
269, 382.0, 386.0
270, 310.0, 390.0
271, 482.0, 109.0
272, 489.0, 288.0
273, 605.0, 119.0
274, 511.0, 98.0
275, 639.0, 272.0
276, 350.0, 50.0
277, 287.0, 181.0
278, 715.0, 215.0
279, 564.0, 133.0
280, 114.0, 426.0
281, 739.0, 320.0
282, 557.0, 175.0
283, 160.0, 386.0
284, 390.0, 406.0
285, 27.0, 221.0
286, 16.0, 34.0
287, 663.0, 58.0
288, 309.0, 214.0
289, 387.0, 50.0
290, 258.0, 103.0
291, 117.0, 76.0
292, 231.0, 200.0
293, 13.0, 234.0
294, 454.0, 311.0
295, 605.0, 24.0
296, 373.0, 367.0
297, 475.0, 254.0
298, 197.0, 91.0
299, 387.0, 261.0
300, 207.0, 148.0
301, 485.0, 44.0
302, 284.0, 167.0
303, 504.0, 435.0
304, 128.0, 33.0
305, 518.0, 155.0
306, 264.0, 325.0
307, 530.0, 107.0
308, 363.0, 103.0
309, 15.0, 221.0
310, 395.0, 433.0
311, 269.0, 167.0
312, 169.0, 47.0
313, 342.0, 168.0
314, 174.0, 120.0
315, 391.0, 187.0
316, 308.0, 343.0
317, 645.0, 51.0
318, 639.0, 370.0
319, 360.0, 177.0
320, 349.0, 198.0
321, 706.0, 93.0
322, 256.0, 180.0
323, 270.0, 119.0
324, 592.0, 99.0
325, 281.0, 285.0
326, 546.0, 445.0
327, 737.0, 343.0
328, 629.0, 34.0
329, 193.0, 113.0
330, 556.0, 43.0
331, 327.0, 202.0
332, 71.0, 428.0
333, 19.0, 261.0
334, 307.0, 270.0
335, 587.0, 105.0
336, 389.0, 139.0
337, 325.0, 215.0
338, 225.0, 335.0
339, 305.0, 242.0
340, 400.0, 210.0
341, 638.0, 281.0
342, 666.0, 104.0
343, 606.0, 80.0
344, 207.0, 194.0
345, 722.0, 322.0
346, 675.0, 390.0
347, 742.0, 197.0
348, 416.0, 335.0
349, 358.0, 202.0
350, 430.0, 95.0
351, 390.0, 206.0
352, 501.0, 223.0
353, 254.0, 144.0
354, 584.0, 283.0
355, 179.0, 92.0
356, 423.0, 47.0
357, 641.0, 462.0
358, 671.0, 252.0
359, 205.0, 68.0
360, 350.0, 240.0
361, 325.0, 117.0
362, 203.0, 224.0
363, 526.0, 393.0
364, 677.0, 107.0
365, 146.0, 192.0
366, 514.0, 168.0
367, 566.0, 106.0
368, 576.0, 25.0
369, 566.0, 411.0
370, 87.0, 257.0
371, 376.0, 237.0
372, 404.0, 239.0
373, 210.0, 236.0
374, 13.0, 180.0
375, 345.0, 451.0
376, 202.0, 273.0
377, 541.0, 207.0
378, 137.0, 36.0
379, 228.0, 122.0
380, 364.0, 380.0
381, 195.0, 176.0
382, 480.0, 268.0
383, 323.0, 100.0
384, 338.0, 387.0
385, 463.0, 343.0
386, 441.0, 328.0
387, 180.0, 47.0
388, 20.0, 189.0
389, 657.0, 76.0
390, 677.0, 273.0
391, 380.0, 456.0
392, 596.0, 71.0
393, 605.0, 88.0
394, 68.0, 211.0
395, 468.0, 226.0
396, 363.0, 67.0
397, 688.0, 235.0
398, 681.0, 256.0
399, 50.0, 171.0
400, 451.0, 195.0
401, 306.0, 234.0
402, 679.0, 232.0
403, 377.0, 207.0
404, 422.0, 213.0
405, 539.0, 44.0
406, 208.0, 90.0
407, 326.0, 220.0
408, 445.0, 410.0
409, 735.0, 241.0
410, 607.0, 67.0
411, 337.0, 427.0
412, 228.0, 218.0
413, 563.0, 160.0
414, 334.0, 153.0
415, 574.0, 44.0
416, 369.0, 412.0
417, 193.0, 8.0
418, 368.0, 68.0
419, 374.0, 142.0
420, 378.0, 135.0
421, 429.0, 328.0
422, 176.0, 191.0
423, 119.0, 162.0
424, 415.0, 248.0
425, 420.0, 195.0
426, 327.0, 187.0
427, 280.0, 174.0
428, 236.0, 224.0
429, 432.0, 28.0
430, 215.0, 147.0
431, 211.0, 220.0
432, 360.0, 243.0
433, 531.0, 371.0
434, 485.0, 66.0
435, 514.0, 109.0
436, 482.0, 225.0
437, 657.0, 406.0
438, 377.0, 202.0
439, 691.0, 227.0
440, 654.0, 53.0
441, 80.0, 257.0
442, 195.0, 128.0
443, 378.0, 104.0
444, 34.0, 248.0
445, 21.0, 56.0
446, 429.0, 130.0
447, 422.0, 33.0
448, 483.0, 188.0
449, 399.0, 344.0
450, 582.0, 224.0
451, 170.0, 228.0
452, 203.0, 55.0
453, 598.0, 111.0
454, 443.0, 267.0
455, 665.0, 224.0
456, 435.0, 204.0
457, 230.0, 208.0
458, 186.0, 127.0
459, 547.0, 47.0
460, 467.0, 167.0
461, 674.0, 263.0
462, 551.0, 23.0
463, 644.0, 381.0
464, 396.0, 34.0
465, 22.0, 235.0
466, 711.0, 251.0
467, 155.0, 97.0
468, 248.0, 191.0
469, 587.0, 430.0
470, 401.0, 366.0
471, 115.0, 69.0
472, 468.0, 287.0
473, 171.0, 56.0
474, 407.0, 257.0
475, 221.0, 292.0
476, 335.0, 421.0
477, 606.0, 57.0
478, 432.0, 33.0
479, 349.0, 193.0
480, 599.0, 154.0
481, 375.0, 78.0
482, 426.0, 232.0
483, 486.0, 32.0
484, 59.0, 172.0
485, 665.0, 274.0
486, 348.0, 205.0
487, 456.0, 196.0
488, 722.0, 259.0
489, 210.0, 165.0
490, 667.0, 262.0
491, 513.0, 445.0
492, 385.0, 362.0
493, 407.0, 380.0
494, 585.0, 153.0
495, 441.0, 262.0
496, 603.0, 284.0
497, 510.0, 181.0
498, 493.0, 178.0
499, 703.0, 249.0
