0, 180.0, 295.0
1, 175.0, 59.0
2, 146.0, 375.0
3, 141.0, 354.0
4, 257.0, 186.0
5, 561.0, 145.0
6, 402.0, 261.0
7, 154.0, 57.0
8, 243.0, 374.0
9, 359.0, 169.0
10, 564.0, 307.0
11, 103.0, 244.0
12, 623.0, 356.0
13, 206.0, 357.0
14, 316.0, 336.0
15, 266.0, 335.0
16, 549.0, 147.0
17, 708.0, 96.0
18, 206.0, 348.0
19, 398.0, 145.0
20, 30.0, 344.0
21, 151.0, 385.0
22, 25.0, 228.0
23, 164.0, 52.0
24, 187.0, 243.0
25, 257.0, 153.0
26, 109.0, 351.0
27, 102.0, 268.0
28, 213.0, 72.0
29, 160.0, 66.0
30, 268.0, 414.0
31, 293.0, 382.0
32, 438.0, 426.0
33, 27.0, 243.0
34, 379.0, 164.0
35, 40.0, 337.0
36, 369.0, 412.0
37, 49.0, 306.0
38, 381.0, 145.0
39, 400.0, 196.0
40, 157.0, 80.0
41, 40.0, 211.0
42, 293.0, 397.0
43, 211.0, 392.0
44, 182.0, 335.0
45, 463.0, 412.0
46, 356.0, 158.0
47, 68.0, 327.0
48, 135.0, 385.0
49, 471.0, 420.0
50, 444.0, 399.0
51, 321.0, 327.0
52, 635.0, 168.0
53, 221.0, 62.0
54, 18.0, 207.0
55, 359.0, 243.0
56, 493.0, 166.0
57, 347.0, 165.0
58, 105.0, 434.0
59, 607.0, 343.0
60, 151.0, 346.0
61, 35.0, 471.0
62, 226.0, 362.0
63, 352.0, 426.0
64, 167.0, 318.0
65, 245.0, 184.0
66, 434.0, 380.0
67, 193.0, 270.0
68, 176.0, 382.0
69, 531.0, 14.0
70, 200.0, 59.0
71, 119.0, 388.0
72, 37.0, 358.0
73, 236.0, 92.0
74, 355.0, 325.0
75, 58.0, 435.0
76, 324.0, 161.0
77, 176.0, 81.0
78, 250.0, 170.0
79, 119.0, 361.0
80, 406.0, 420.0
81, 72.0, 250.0
82, 415.0, 290.0
83, 384.0, 213.0
84, 523.0, 174.0
85, 559.0, 9.0
86, 504.0, 76.0
87, 288.0, 336.0
88, 327.0, 462.0
89, 107.0, 371.0
90, 507.0, 62.0
91, 443.0, 389.0
92, 365.0, 318.0
93, 357.0, 280.0
94, 595.0, 165.0
95, 476.0, 9.0
96, 341.0, 448.0
97, 730.0, 109.0
98, 436.0, 408.0
99, 92.0, 339.0
100, 111.0, 382.0
101, 149.0, 460.0
102, 369.0, 398.0
103, 12.0, 280.0
104, 146.0, 79.0
105, 353.0, 336.0
106, 15.0, 335.0
107, 153.0, 356.0
108, 88.0, 307.0
109, 193.0, 391.0
110, 34.0, 318.0
111, 190.0, 357.0
112, 41.0, 164.0
113, 584.0, 441.0
114, 444.0, 152.0
115, 325.0, 440.0
116, 75.0, 387.0
117, 91.0, 395.0
118, 27.0, 374.0
119, 442.0, 258.0
120, 362.0, 333.0
121, 493.0, 119.0
122, 229.0, 70.0
123, 267.0, 457.0
124, 125.0, 273.0
125, 20.0, 262.0
126, 580.0, 158.0
127, 472.0, 57.0
128, 452.0, 466.0
129, 597.0, 459.0
130, 400.0, 67.0
131, 124.0, 418.0
132, 469.0, 73.0
133, 245.0, 146.0
134, 368.0, 279.0
135, 172.0, 69.0
136, 355.0, 406.0
137, 276.0, 381.0
138, 266.0, 172.0
139, 539.0, 79.0
140, 293.0, 159.0
141, 174.0, 307.0
142, 574.0, 341.0
143, 206.0, 426.0
144, 336.0, 412.0
145, 260.0, 434.0
146, 312.0, 299.0
147, 507.0, 12.0
148, 359.0, 220.0
149, 199.0, 368.0
150, 343.0, 466.0
151, 103.0, 232.0
152, 47.0, 415.0
153, 471.0, 159.0
154, 110.0, 284.0
155, 252.0, 419.0
156, 60.0, 297.0
157, 306.0, 211.0
158, 12.0, 316.0
159, 192.0, 170.0
160, 16.0, 393.0
161, 380.0, 360.0
162, 448.0, 205.0
163, 121.0, 310.0
164, 38.0, 283.0
165, 92.0, 434.0
166, 247.0, 195.0
167, 186.0, 58.0
168, 350.0, 150.0
169, 115.0, 215.0
170, 585.0, 18.0
171, 314.0, 471.0
172, 143.0, 57.0
173, 99.0, 167.0
174, 84.0, 415.0
175, 233.0, 58.0
176, 568.0, 187.0
177, 467.0, 460.0
178, 126.0, 428.0
179, 445.0, 237.0
180, 58.0, 262.0
181, 232.0, 22.0
182, 391.0, 15.0
183, 30.0, 188.0
184, 189.0, 289.0
185, 202.0, 336.0
186, 133.0, 434.0
187, 248.0, 126.0
188, 449.0, 453.0
189, 432.0, 65.0
190, 344.0, 125.0
191, 155.0, 170.0
192, 515.0, 120.0
193, 19.0, 360.0
194, 166.0, 294.0
195, 433.0, 195.0
196, 318.0, 270.0
197, 292.0, 178.0
198, 398.0, 221.0
199, 326.0, 122.0
200, 329.0, 281.0
201, 565.0, 162.0
202, 323.0, 212.0
203, 339.0, 100.0
204, 718.0, 138.0
205, 355.0, 353.0
206, 267.0, 427.0
207, 458.0, 393.0
208, 239.0, 416.0
209, 376.0, 335.0
210, 28.0, 402.0
211, 287.0, 324.0
212, 280.0, 470.0
213, 269.0, 186.0
214, 190.0, 466.0
215, 8.0, 228.0
216, 55.0, 339.0
217, 38.0, 193.0
218, 108.0, 338.0
219, 71.0, 279.0
220, 590.0, 410.0
221, 353.0, 388.0
222, 209.0, 61.0
223, 178.0, 281.0
224, 538.0, 118.0
225, 713.0, 156.0
226, 404.0, 239.0
227, 363.0, 427.0
228, 152.0, 273.0
229, 205.0, 238.0
230, 276.0, 391.0
231, 208.0, 323.0
232, 196.0, 68.0
233, 54.0, 279.0
234, 279.0, 205.0
235, 90.0, 405.0
236, 416.0, 68.0
237, 698.0, 418.0
238, 170.0, 371.0
239, 68.0, 73.0
240, 150.0, 331.0
241, 324.0, 388.0
242, 163.0, 346.0
243, 367.0, 212.0
244, 21.0, 414.0
245, 157.0, 325.0
246, 264.0, 324.0
247, 124.0, 245.0
248, 220.0, 111.0
249, 317.0, 404.0
250, 254.0, 402.0
251, 106.0, 463.0
252, 247.0, 87.0
253, 147.0, 282.0
254, 198.0, 317.0
255, 129.0, 347.0
256, 215.0, 374.0
257, 157.0, 393.0
258, 243.0, 33.0
259, 17.0, 192.0
260, 66.0, 449.0
261, 349.0, 115.0
262, 28.0, 298.0
263, 220.0, 86.0
264, 326.0, 429.0
265, 435.0, 243.0
266, 315.0, 316.0
267, 529.0, 264.0
268, 427.0, 236.0
269, 410.0, 165.0
270, 41.0, 386.0
271, 75.0, 265.0
272, 32.0, 260.0
273, 190.0, 301.0
274, 490.0, 470.0
275, 372.0, 123.0
276, 667.0, 158.0
277, 309.0, 241.0
278, 200.0, 87.0
279, 52.0, 404.0
280, 271.0, 200.0
281, 241.0, 217.0
282, 726.0, 129.0
283, 260.0, 251.0
284, 198.0, 282.0
285, 394.0, 86.0
286, 250.0, 366.0
287, 72.0, 432.0
288, 421.0, 308.0
289, 117.0, 76.0
290, 126.0, 168.0
291, 319.0, 368.0
292, 89.0, 364.0
293, 224.0, 153.0
294, 137.0, 339.0
295, 485.0, 457.0
296, 160.0, 305.0
297, 255.0, 143.0
298, 254.0, 348.0
299, 392.0, 232.0
300, 237.0, 454.0
301, 315.0, 432.0
302, 699.0, 110.0
303, 92.0, 351.0
304, 99.0, 137.0
305, 35.0, 394.0
306, 362.0, 269.0
307, 557.0, 286.0
308, 175.0, 49.0
309, 302.0, 337.0
310, 303.0, 160.0
311, 228.0, 383.0
312, 337.0, 400.0
313, 412.0, 405.0
314, 123.0, 471.0
315, 707.0, 107.0
316, 235.0, 365.0
317, 83.0, 163.0
318, 177.0, 395.0
319, 103.0, 299.0
320, 147.0, 395.0
321, 81.0, 338.0
322, 88.0, 250.0
323, 323.0, 244.0
324, 204.0, 20.0
325, 110.0, 404.0
326, 72.0, 338.0
327, 121.0, 408.0
328, 85.0, 132.0
329, 25.0, 71.0
330, 379.0, 194.0
331, 166.0, 449.0
332, 321.0, 299.0
333, 17.0, 76.0
334, 38.0, 113.0
335, 558.0, 154.0
336, 135.0, 217.0
337, 69.0, 315.0
338, 541.0, 393.0
339, 8.0, 402.0
340, 250.0, 392.0
341, 182.0, 466.0
342, 224.0, 172.0
343, 250.0, 357.0
344, 353.0, 417.0
345, 95.0, 452.0
346, 86.0, 323.0
347, 362.0, 447.0
348, 339.0, 115.0
349, 134.0, 411.0
350, 232.0, 374.0
351, 605.0, 432.0
352, 58.0, 371.0
353, 368.0, 170.0
354, 152.0, 140.0
355, 495.0, 447.0
356, 370.0, 222.0
357, 184.0, 263.0
358, 229.0, 414.0
359, 291.0, 97.0
360, 119.0, 433.0
361, 153.0, 427.0
362, 262.0, 66.0
363, 389.0, 198.0
364, 222.0, 446.0
365, 331.0, 92.0
366, 421.0, 375.0
367, 292.0, 193.0
368, 152.0, 309.0
369, 122.0, 379.0
370, 743.0, 98.0
371, 83.0, 470.0
372, 244.0, 436.0
373, 320.0, 317.0
374, 161.0, 471.0
375, 175.0, 222.0
376, 722.0, 412.0
377, 127.0, 231.0
378, 159.0, 39.0
379, 521.0, 13.0
380, 211.0, 172.0
381, 80.0, 144.0
382, 556.0, 18.0
383, 45.0, 265.0
384, 243.0, 103.0
385, 74.0, 86.0
386, 128.0, 352.0
387, 255.0, 471.0
388, 206.0, 110.0
389, 131.0, 467.0
390, 171.0, 88.0
391, 59.0, 466.0
392, 24.0, 387.0
393, 58.0, 227.0
394, 50.0, 348.0
395, 116.0, 448.0
396, 335.0, 427.0
397, 204.0, 69.0
398, 738.0, 112.0
399, 68.0, 404.0
400, 407.0, 428.0
401, 202.0, 275.0
402, 19.0, 382.0
403, 167.0, 259.0
404, 255.0, 131.0
405, 152.0, 437.0
406, 103.0, 402.0
407, 323.0, 352.0
408, 179.0, 319.0
409, 349.0, 108.0
410, 191.0, 451.0
411, 268.0, 156.0
412, 168.0, 461.0
413, 168.0, 332.0
414, 131.0, 285.0
415, 376.0, 320.0
416, 581.0, 348.0
417, 156.0, 339.0
418, 347.0, 181.0
419, 226.0, 393.0
420, 300.0, 311.0
421, 335.0, 167.0
422, 462.0, 402.0
423, 114.0, 415.0
424, 42.0, 228.0
425, 266.0, 112.0
426, 279.0, 454.0
427, 144.0, 471.0
428, 295.0, 469.0
429, 454.0, 149.0
430, 266.0, 345.0
431, 290.0, 345.0
432, 66.0, 366.0
433, 89.0, 237.0
434, 377.0, 461.0
435, 245.0, 156.0
436, 345.0, 412.0
437, 269.0, 56.0
438, 157.0, 191.0
439, 284.0, 438.0
440, 185.0, 46.0
441, 64.0, 53.0
442, 496.0, 100.0
443, 169.0, 419.0
444, 434.0, 149.0
445, 91.0, 425.0
446, 246.0, 110.0
447, 324.0, 180.0
448, 113.0, 56.0
449, 316.0, 181.0
450, 138.0, 287.0
451, 112.0, 396.0
452, 94.0, 447.0
453, 447.0, 326.0
454, 260.0, 215.0
455, 541.0, 141.0
456, 348.0, 191.0
457, 420.0, 151.0
458, 189.0, 438.0
459, 152.0, 420.0
460, 468.0, 443.0
461, 136.0, 292.0
462, 420.0, 271.0
463, 200.0, 306.0
464, 198.0, 357.0
465, 91.0, 471.0
466, 164.0, 427.0
467, 267.0, 131.0
468, 167.0, 240.0
469, 201.0, 439.0
470, 235.0, 356.0
471, 214.0, 350.0
472, 432.0, 331.0
473, 189.0, 372.0
474, 26.0, 199.0
475, 39.0, 295.0
476, 84.0, 297.0
477, 440.0, 200.0
478, 182.0, 32.0
479, 187.0, 326.0
480, 135.0, 299.0
481, 696.0, 126.0
482, 404.0, 222.0
483, 132.0, 403.0
484, 323.0, 202.0
485, 376.0, 419.0
486, 329.0, 299.0
487, 70.0, 238.0
488, 87.0, 384.0
489, 316.0, 94.0
490, 328.0, 406.0
491, 255.0, 452.0
492, 334.0, 186.0
493, 289.0, 439.0
494, 182.0, 67.0
495, 246.0, 230.0
496, 238.0, 399.0
497, 169.0, 437.0
498, 361.0, 184.0
499, 274.0, 13.0
