0, 352.0, 226.0
1, 406.0, 360.0
2, 233.0, 399.0
3, 174.0, 218.0
4, 283.0, 144.0
5, 253.0, 464.0
6, 188.0, 307.0
7, 206.0, 188.0
8, 373.0, 177.0
9, 700.0, 444.0
10, 85.0, 227.0
11, 41.0, 294.0
12, 271.0, 161.0
13, 439.0, 367.0
14, 361.0, 302.0
15, 38.0, 375.0
16, 223.0, 281.0
17, 268.0, 276.0
18, 244.0, 395.0
19, 207.0, 207.0
20, 188.0, 293.0
21, 106.0, 265.0
22, 72.0, 316.0
23, 602.0, 56.0
24, 245.0, 409.0
25, 285.0, 396.0
26, 108.0, 303.0
27, 362.0, 332.0
28, 142.0, 314.0
29, 476.0, 111.0
30, 189.0, 188.0
31, 226.0, 297.0
32, 339.0, 227.0
33, 363.0, 350.0
34, 42.0, 333.0
35, 416.0, 116.0
36, 424.0, 242.0
37, 210.0, 423.0
38, 362.0, 322.0
39, 465.0, 128.0
40, 562.0, 335.0
41, 576.0, 58.0
42, 64.0, 328.0
43, 62.0, 366.0
44, 189.0, 204.0
45, 59.0, 307.0
46, 316.0, 207.0
47, 311.0, 102.0
48, 152.0, 282.0
49, 206.0, 346.0
50, 33.0, 316.0
51, 425.0, 315.0
52, 705.0, 123.0
53, 497.0, 111.0
54, 211.0, 134.0
55, 270.0, 397.0
56, 439.0, 249.0
57, 83.0, 214.0
58, 201.0, 292.0
59, 435.0, 258.0
60, 30.0, 305.0
61, 212.0, 332.0
62, 343.0, 306.0
63, 354.0, 170.0
64, 40.0, 209.0
65, 416.0, 294.0
66, 360.0, 235.0
67, 261.0, 270.0
68, 382.0, 146.0
69, 351.0, 32.0
70, 97.0, 358.0
71, 234.0, 388.0
72, 453.0, 91.0
73, 463.0, 324.0
74, 620.0, 162.0
75, 54.0, 331.0
76, 414.0, 316.0
77, 210.0, 225.0
78, 518.0, 313.0
79, 209.0, 447.0
80, 92.0, 348.0
81, 312.0, 125.0
82, 572.0, 108.0
83, 313.0, 140.0
84, 611.0, 57.0
85, 246.0, 191.0
86, 295.0, 167.0
87, 638.0, 103.0
88, 398.0, 70.0
89, 209.0, 461.0
90, 381.0, 371.0
91, 252.0, 283.0
92, 225.0, 414.0
93, 620.0, 50.0
94, 495.0, 366.0
95, 219.0, 269.0
96, 25.0, 348.0
97, 646.0, 132.0
98, 595.0, 84.0
99, 479.0, 324.0
100, 296.0, 273.0
101, 281.0, 328.0
102, 160.0, 287.0
103, 548.0, 324.0
104, 370.0, 313.0
105, 438.0, 122.0
106, 313.0, 290.0
107, 501.0, 351.0
108, 283.0, 129.0
109, 76.0, 235.0
110, 163.0, 311.0
111, 232.0, 123.0
112, 203.0, 327.0
113, 461.0, 266.0
114, 571.0, 84.0
115, 337.0, 376.0
116, 308.0, 328.0
117, 187.0, 232.0
118, 115.0, 236.0
119, 139.0, 90.0
120, 422.0, 262.0
121, 611.0, 83.0
122, 442.0, 269.0
123, 560.0, 58.0
124, 36.0, 274.0
125, 178.0, 295.0
126, 46.0, 314.0
127, 232.0, 324.0
128, 155.0, 155.0
129, 230.0, 187.0
130, 170.0, 278.0
131, 461.0, 109.0
132, 413.0, 234.0
133, 176.0, 229.0
134, 57.0, 291.0
135, 673.0, 126.0
136, 147.0, 269.0
137, 45.0, 358.0
138, 165.0, 256.0
139, 360.0, 445.0
140, 235.0, 412.0
141, 489.0, 349.0
142, 292.0, 337.0
143, 338.0, 211.0
144, 133.0, 235.0
145, 419.0, 303.0
146, 235.0, 287.0
147, 617.0, 36.0
148, 256.0, 77.0
149, 197.0, 236.0
150, 316.0, 187.0
151, 343.0, 132.0
152, 380.0, 37.0
153, 443.0, 239.0
154, 352.0, 146.0
155, 607.0, 38.0
156, 673.0, 423.0
157, 214.0, 284.0
158, 99.0, 309.0
159, 46.0, 367.0
160, 69.0, 227.0
161, 314.0, 164.0
162, 392.0, 355.0
163, 238.0, 275.0
164, 78.0, 355.0
165, 273.0, 374.0
166, 123.0, 351.0
167, 241.0, 433.0
168, 696.0, 99.0
169, 116.0, 464.0
170, 232.0, 444.0
171, 61.0, 207.0
172, 408.0, 294.0
173, 255.0, 127.0
174, 340.0, 336.0
175, 516.0, 99.0
176, 358.0, 201.0
177, 171.0, 205.0
178, 227.0, 228.0
179, 298.0, 395.0
180, 199.0, 273.0
181, 124.0, 261.0
182, 443.0, 89.0
183, 58.0, 228.0
184, 538.0, 413.0
185, 68.0, 81.0
186, 271.0, 143.0
187, 16.0, 376.0
188, 252.0, 69.0
189, 331.0, 367.0
190, 191.0, 215.0
191, 23.0, 95.0
192, 329.0, 269.0
193, 519.0, 294.0
194, 137.0, 74.0
195, 739.0, 121.0
196, 501.0, 302.0
197, 578.0, 41.0
198, 256.0, 401.0
199, 430.0, 273.0
200, 321.0, 232.0
201, 326.0, 95.0
202, 43.0, 304.0
203, 243.0, 80.0
204, 381.0, 25.0
205, 665.0, 431.0
206, 633.0, 73.0
207, 108.0, 210.0
208, 141.0, 257.0
209, 341.0, 255.0
210, 91.0, 334.0
211, 272.0, 405.0
212, 408.0, 343.0
213, 193.0, 251.0
214, 649.0, 69.0
215, 258.0, 413.0
216, 247.0, 302.0
217, 130.0, 272.0
218, 70.0, 304.0
219, 366.0, 428.0
220, 539.0, 57.0
221, 13.0, 263.0
222, 479.0, 340.0
223, 32.0, 387.0
224, 609.0, 71.0
225, 195.0, 451.0
226, 216.0, 296.0
227, 356.0, 380.0
228, 336.0, 147.0
229, 356.0, 136.0
230, 103.0, 159.0
231, 98.0, 213.0
232, 729.0, 187.0
233, 29.0, 155.0
234, 188.0, 150.0
235, 54.0, 83.0
236, 47.0, 164.0
237, 684.0, 447.0
238, 238.0, 137.0
239, 98.0, 376.0
240, 365.0, 172.0
241, 11.0, 188.0
242, 325.0, 104.0
243, 300.0, 81.0
244, 316.0, 428.0
245, 168.0, 300.0
246, 125.0, 14.0
247, 650.0, 150.0
248, 347.0, 246.0
249, 378.0, 387.0
250, 235.0, 295.0
251, 399.0, 206.0
252, 705.0, 110.0
253, 110.0, 331.0
254, 349.0, 254.0
255, 465.0, 312.0
256, 54.0, 191.0
257, 364.0, 246.0
258, 129.0, 156.0
259, 211.0, 324.0
260, 322.0, 388.0
261, 231.0, 71.0
262, 229.0, 431.0
263, 562.0, 46.0
264, 415.0, 69.0
265, 333.0, 138.0
266, 373.0, 144.0
267, 246.0, 322.0
268, 677.0, 440.0
269, 246.0, 147.0
270, 9.0, 398.0
271, 284.0, 295.0
272, 25.0, 364.0
273, 285.0, 153.0
274, 535.0, 85.0
275, 476.0, 227.0
276, 374.0, 331.0
277, 213.0, 73.0
278, 375.0, 320.0
279, 431.0, 69.0
280, 204.0, 411.0
281, 327.0, 226.0
282, 214.0, 303.0
283, 272.0, 73.0
284, 269.0, 152.0
285, 375.0, 380.0
286, 252.0, 88.0
287, 265.0, 291.0
288, 111.0, 285.0
289, 176.0, 89.0
290, 528.0, 218.0
291, 378.0, 395.0
292, 151.0, 232.0
293, 553.0, 411.0
294, 369.0, 365.0
295, 375.0, 217.0
296, 622.0, 24.0
297, 344.0, 287.0
298, 607.0, 393.0
299, 287.0, 281.0
300, 387.0, 339.0
301, 279.0, 100.0
302, 259.0, 198.0
303, 373.0, 188.0
304, 398.0, 240.0
305, 237.0, 220.0
306, 399.0, 272.0
307, 663.0, 79.0
308, 87.0, 319.0
309, 319.0, 304.0
310, 261.0, 333.0
311, 285.0, 315.0
312, 426.0, 366.0
313, 354.0, 194.0
314, 517.0, 327.0
315, 247.0, 441.0
316, 224.0, 342.0
317, 111.0, 191.0
318, 96.0, 13.0
319, 205.0, 80.0
320, 428.0, 331.0
321, 214.0, 148.0
322, 60.0, 277.0
323, 553.0, 80.0
324, 466.0, 187.0
325, 435.0, 232.0
326, 268.0, 349.0
327, 417.0, 369.0
328, 347.0, 354.0
329, 341.0, 101.0
330, 23.0, 122.0
331, 227.0, 468.0
332, 352.0, 399.0
333, 432.0, 37.0
334, 44.0, 253.0
335, 644.0, 123.0
336, 692.0, 434.0
337, 75.0, 95.0
338, 90.0, 276.0
339, 221.0, 383.0
340, 247.0, 336.0
341, 247.0, 424.0
342, 107.0, 351.0
343, 409.0, 273.0
344, 462.0, 245.0
345, 134.0, 286.0
346, 194.0, 425.0
347, 147.0, 325.0
348, 67.0, 285.0
349, 382.0, 187.0
350, 254.0, 240.0
351, 124.0, 248.0
352, 250.0, 379.0
353, 206.0, 252.0
354, 488.0, 262.0
355, 375.0, 290.0
356, 350.0, 236.0
357, 64.0, 92.0
358, 392.0, 379.0
359, 310.0, 279.0
360, 147.0, 246.0
361, 544.0, 40.0
362, 44.0, 95.0
363, 8.0, 296.0
364, 410.0, 335.0
365, 412.0, 242.0
366, 213.0, 276.0
367, 59.0, 241.0
368, 381.0, 439.0
369, 407.0, 26.0
370, 463.0, 340.0
371, 17.0, 283.0
372, 204.0, 395.0
373, 516.0, 281.0
374, 263.0, 367.0
375, 406.0, 36.0
376, 235.0, 244.0
377, 92.0, 241.0
378, 226.0, 447.0
379, 397.0, 328.0
380, 20.0, 77.0
381, 350.0, 463.0
382, 262.0, 444.0
383, 89.0, 158.0
384, 49.0, 76.0
385, 668.0, 41.0
386, 84.0, 306.0
387, 215.0, 241.0
388, 77.0, 332.0
389, 626.0, 13.0
390, 309.0, 312.0
391, 646.0, 81.0
392, 394.0, 317.0
393, 215.0, 366.0
394, 362.0, 266.0
395, 326.0, 280.0
396, 594.0, 395.0
397, 352.0, 269.0
398, 77.0, 294.0
399, 681.0, 429.0
400, 280.0, 458.0
401, 64.0, 353.0
402, 122.0, 340.0
403, 193.0, 226.0
404, 277.0, 353.0
405, 305.0, 421.0
406, 273.0, 188.0
407, 281.0, 198.0
408, 272.0, 431.0
409, 111.0, 316.0
410, 219.0, 316.0
411, 432.0, 27.0
412, 144.0, 288.0
413, 188.0, 354.0
414, 85.0, 181.0
415, 541.0, 345.0
416, 110.0, 79.0
417, 102.0, 241.0
418, 449.0, 374.0
419, 8.0, 74.0
420, 60.0, 266.0
421, 327.0, 212.0
422, 126.0, 314.0
423, 135.0, 176.0
424, 152.0, 137.0
425, 627.0, 113.0
426, 480.0, 282.0
427, 359.0, 282.0
428, 270.0, 133.0
429, 565.0, 37.0
430, 235.0, 263.0
431, 49.0, 264.0
432, 147.0, 298.0
433, 447.0, 250.0
434, 419.0, 282.0
435, 495.0, 202.0
436, 177.0, 267.0
437, 330.0, 310.0
438, 393.0, 415.0
439, 86.0, 301.0
440, 8.0, 284.0
441, 232.0, 90.0
442, 309.0, 438.0
443, 26.0, 296.0
444, 549.0, 337.0
445, 29.0, 377.0
446, 30.0, 257.0
447, 206.0, 89.0
448, 295.0, 355.0
449, 332.0, 428.0
450, 299.0, 126.0
451, 285.0, 304.0
452, 437.0, 83.0
453, 66.0, 71.0
454, 342.0, 354.0
455, 330.0, 339.0
456, 32.0, 230.0
457, 391.0, 364.0
458, 17.0, 161.0
459, 325.0, 469.0
460, 310.0, 465.0
461, 479.0, 460.0
462, 225.0, 304.0
463, 39.0, 74.0
464, 37.0, 187.0
465, 87.0, 265.0
466, 366.0, 141.0
467, 269.0, 471.0
468, 328.0, 251.0
469, 213.0, 80.0
470, 240.0, 72.0
471, 114.0, 90.0
472, 415.0, 217.0
473, 448.0, 288.0
474, 277.0, 343.0
475, 139.0, 357.0
476, 398.0, 113.0
477, 29.0, 393.0
478, 298.0, 377.0
479, 388.0, 249.0
480, 255.0, 257.0
481, 160.0, 329.0
482, 160.0, 176.0
483, 235.0, 149.0
484, 370.0, 100.0
485, 663.0, 70.0
486, 636.0, 45.0
487, 233.0, 211.0
488, 193.0, 17.0
489, 393.0, 448.0
490, 158.0, 294.0
491, 556.0, 430.0
492, 200.0, 309.0
493, 415.0, 58.0
494, 36.0, 238.0
495, 325.0, 241.0
496, 470.0, 195.0
497, 294.0, 382.0
498, 20.0, 176.0
499, 8.0, 350.0
