0, 223.0, 319.0
1, 125.0, 356.0
2, 110.0, 128.0
3, 406.0, 157.0
4, 211.0, 137.0
5, 162.0, 284.0
6, 139.0, 324.0
7, 688.0, 216.0
8, 594.0, 221.0
9, 324.0, 450.0
10, 15.0, 92.0
11, 344.0, 131.0
12, 451.0, 188.0
13, 68.0, 430.0
14, 287.0, 157.0
15, 76.0, 329.0
16, 191.0, 364.0
17, 211.0, 213.0
18, 452.0, 200.0
19, 236.0, 179.0
20, 67.0, 248.0
21, 105.0, 150.0
22, 39.0, 272.0
23, 100.0, 164.0
24, 123.0, 388.0
25, 367.0, 73.0
26, 63.0, 81.0
27, 52.0, 229.0
28, 126.0, 326.0
29, 576.0, 224.0
30, 116.0, 165.0
31, 364.0, 38.0
32, 243.0, 225.0
33, 498.0, 230.0
34, 541.0, 172.0
35, 276.0, 105.0
36, 624.0, 43.0
37, 171.0, 138.0
38, 242.0, 127.0
39, 420.0, 187.0
40, 135.0, 364.0
41, 236.0, 321.0
42, 157.0, 137.0
43, 703.0, 291.0
44, 594.0, 208.0
45, 483.0, 221.0
46, 132.0, 156.0
47, 29.0, 341.0
48, 619.0, 90.0
49, 533.0, 194.0
50, 622.0, 75.0
51, 159.0, 337.0
52, 144.0, 432.0
53, 246.0, 179.0
54, 159.0, 153.0
55, 81.0, 110.0
56, 571.0, 56.0
57, 31.0, 81.0
58, 595.0, 119.0
59, 443.0, 194.0
60, 678.0, 384.0
61, 385.0, 176.0
62, 468.0, 250.0
63, 381.0, 140.0
64, 208.0, 194.0
65, 459.0, 229.0
66, 534.0, 241.0
67, 401.0, 144.0
68, 366.0, 136.0
69, 306.0, 188.0
70, 228.0, 284.0
71, 173.0, 332.0
72, 548.0, 190.0
73, 182.0, 326.0
74, 295.0, 465.0
75, 558.0, 51.0
76, 293.0, 421.0
77, 332.0, 35.0
78, 203.0, 324.0
79, 358.0, 267.0
80, 162.0, 355.0
81, 508.0, 172.0
82, 263.0, 172.0
83, 211.0, 258.0
84, 317.0, 404.0
85, 213.0, 154.0
86, 131.0, 423.0
87, 112.0, 342.0
88, 245.0, 328.0
89, 56.0, 272.0
90, 333.0, 21.0
91, 502.0, 245.0
92, 416.0, 99.0
93, 41.0, 295.0
94, 387.0, 74.0
95, 230.0, 153.0
96, 676.0, 145.0
97, 365.0, 24.0
98, 394.0, 41.0
99, 193.0, 84.0
100, 225.0, 307.0
101, 405.0, 104.0
102, 101.0, 185.0
103, 237.0, 284.0
104, 393.0, 180.0
105, 607.0, 226.0
106, 91.0, 129.0
107, 554.0, 197.0
108, 98.0, 175.0
109, 639.0, 57.0
110, 34.0, 71.0
111, 142.0, 384.0
112, 568.0, 72.0
113, 315.0, 450.0
114, 511.0, 252.0
115, 105.0, 307.0
116, 601.0, 236.0
117, 223.0, 381.0
118, 402.0, 169.0
119, 223.0, 333.0
120, 229.0, 136.0
121, 53.0, 407.0
122, 58.0, 93.0
123, 66.0, 321.0
124, 156.0, 441.0
125, 287.0, 466.0
126, 674.0, 211.0
127, 534.0, 54.0
128, 341.0, 437.0
129, 302.0, 363.0
130, 498.0, 360.0
131, 126.0, 457.0
132, 345.0, 413.0
133, 203.0, 245.0
134, 204.0, 383.0
135, 587.0, 104.0
136, 65.0, 441.0
137, 168.0, 116.0
138, 159.0, 433.0
139, 447.0, 248.0
140, 261.0, 214.0
141, 361.0, 279.0
142, 610.0, 215.0
143, 130.0, 471.0
144, 209.0, 369.0
145, 238.0, 262.0
146, 146.0, 419.0
147, 148.0, 363.0
148, 17.0, 379.0
149, 548.0, 270.0
150, 22.0, 259.0
151, 444.0, 223.0
152, 61.0, 305.0
153, 75.0, 154.0
154, 319.0, 419.0
155, 20.0, 351.0
156, 661.0, 230.0
157, 311.0, 428.0
158, 668.0, 376.0
159, 176.0, 288.0
160, 260.0, 192.0
161, 155.0, 313.0
162, 562.0, 165.0
163, 258.0, 29.0
164, 375.0, 303.0
165, 47.0, 81.0
166, 426.0, 225.0
167, 169.0, 428.0
168, 515.0, 215.0
169, 531.0, 71.0
170, 21.0, 70.0
171, 230.0, 298.0
172, 315.0, 119.0
173, 118.0, 372.0
174, 156.0, 301.0
175, 202.0, 298.0
176, 53.0, 260.0
177, 620.0, 203.0
178, 340.0, 392.0
179, 357.0, 341.0
180, 502.0, 189.0
181, 326.0, 462.0
182, 257.0, 107.0
183, 115.0, 318.0
184, 15.0, 156.0
185, 183.0, 119.0
186, 215.0, 170.0
187, 344.0, 448.0
188, 164.0, 417.0
189, 737.0, 471.0
190, 637.0, 68.0
191, 347.0, 461.0
192, 505.0, 145.0
193, 74.0, 346.0
194, 406.0, 75.0
195, 278.0, 171.0
196, 297.0, 29.0
197, 181.0, 260.0
198, 411.0, 172.0
199, 148.0, 467.0
200, 344.0, 308.0
201, 133.0, 352.0
202, 629.0, 28.0
203, 137.0, 444.0
204, 106.0, 110.0
205, 74.0, 289.0
206, 642.0, 405.0
207, 427.0, 244.0
208, 306.0, 470.0
209, 694.0, 363.0
210, 605.0, 45.0
211, 677.0, 277.0
212, 644.0, 264.0
213, 31.0, 317.0
214, 111.0, 404.0
215, 180.0, 359.0
216, 191.0, 384.0
217, 345.0, 236.0
218, 173.0, 207.0
219, 180.0, 303.0
220, 177.0, 150.0
221, 85.0, 368.0
222, 208.0, 114.0
223, 58.0, 342.0
224, 226.0, 179.0
225, 596.0, 145.0
226, 715.0, 392.0
227, 117.0, 289.0
228, 621.0, 105.0
229, 275.0, 449.0
230, 218.0, 241.0
231, 187.0, 392.0
232, 643.0, 321.0
233, 311.0, 205.0
234, 738.0, 388.0
235, 120.0, 176.0
236, 67.0, 225.0
237, 285.0, 430.0
238, 667.0, 94.0
239, 654.0, 128.0
240, 255.0, 342.0
241, 216.0, 183.0
242, 139.0, 193.0
243, 87.0, 233.0
244, 19.0, 367.0
245, 28.0, 465.0
246, 371.0, 392.0
247, 256.0, 299.0
248, 265.0, 50.0
249, 570.0, 198.0
250, 336.0, 464.0
251, 257.0, 267.0
252, 9.0, 347.0
253, 39.0, 407.0
254, 353.0, 446.0
255, 21.0, 326.0
256, 227.0, 238.0
257, 551.0, 70.0
258, 126.0, 405.0
259, 95.0, 77.0
260, 102.0, 142.0
261, 291.0, 402.0
262, 193.0, 164.0
263, 192.0, 176.0
264, 75.0, 397.0
265, 20.0, 409.0
266, 616.0, 55.0
267, 307.0, 391.0
268, 309.0, 405.0
269, 259.0, 119.0
270, 273.0, 380.0
271, 606.0, 75.0
272, 209.0, 351.0
273, 33.0, 325.0
274, 457.0, 123.0
275, 452.0, 242.0
276, 254.0, 394.0
277, 307.0, 347.0
278, 682.0, 167.0
279, 322.0, 62.0
280, 516.0, 385.0
281, 638.0, 226.0
282, 396.0, 27.0
283, 83.0, 414.0
284, 337.0, 110.0
285, 117.0, 156.0
286, 722.0, 461.0
287, 33.0, 284.0
288, 81.0, 311.0
289, 117.0, 232.0
290, 315.0, 391.0
291, 325.0, 400.0
292, 482.0, 271.0
293, 161.0, 206.0
294, 227.0, 409.0
295, 299.0, 406.0
296, 322.0, 51.0
297, 677.0, 348.0
298, 51.0, 434.0
299, 214.0, 289.0
300, 92.0, 153.0
301, 184.0, 280.0
302, 235.0, 308.0
303, 81.0, 319.0
304, 41.0, 257.0
305, 118.0, 432.0
306, 34.0, 213.0
307, 220.0, 354.0
308, 264.0, 368.0
309, 87.0, 199.0
310, 668.0, 162.0
311, 43.0, 452.0
312, 705.0, 384.0
313, 53.0, 463.0
314, 126.0, 186.0
315, 532.0, 257.0
316, 82.0, 279.0
317, 273.0, 391.0
318, 225.0, 196.0
319, 281.0, 380.0
320, 323.0, 441.0
321, 661.0, 170.0
322, 508.0, 137.0
323, 559.0, 314.0
324, 74.0, 385.0
325, 285.0, 120.0
326, 283.0, 423.0
327, 282.0, 408.0
328, 296.0, 191.0
329, 178.0, 159.0
330, 513.0, 229.0
331, 361.0, 186.0
332, 112.0, 136.0
333, 254.0, 168.0
334, 651.0, 105.0
335, 518.0, 189.0
336, 595.0, 346.0
337, 90.0, 330.0
338, 337.0, 379.0
339, 363.0, 446.0
340, 344.0, 374.0
341, 58.0, 415.0
342, 282.0, 394.0
343, 568.0, 232.0
344, 526.0, 102.0
345, 462.0, 262.0
346, 137.0, 406.0
347, 343.0, 402.0
348, 683.0, 105.0
349, 169.0, 402.0
350, 528.0, 95.0
351, 662.0, 423.0
352, 736.0, 406.0
353, 124.0, 416.0
354, 30.0, 245.0
355, 352.0, 403.0
356, 187.0, 105.0
357, 290.0, 379.0
358, 262.0, 150.0
359, 109.0, 178.0
360, 145.0, 285.0
361, 404.0, 112.0
362, 167.0, 381.0
363, 272.0, 266.0
364, 367.0, 461.0
365, 560.0, 103.0
366, 319.0, 366.0
367, 196.0, 343.0
368, 165.0, 300.0
369, 711.0, 214.0
370, 161.0, 217.0
371, 316.0, 265.0
372, 653.0, 159.0
373, 89.0, 118.0
374, 311.0, 420.0
375, 16.0, 315.0
376, 253.0, 131.0
377, 315.0, 463.0
378, 75.0, 98.0
379, 34.0, 348.0
380, 285.0, 336.0
381, 294.0, 445.0
382, 685.0, 96.0
383, 328.0, 379.0
384, 721.0, 369.0
385, 44.0, 422.0
386, 76.0, 257.0
387, 353.0, 100.0
388, 65.0, 266.0
389, 76.0, 82.0
390, 296.0, 171.0
391, 85.0, 96.0
392, 32.0, 454.0
393, 496.0, 219.0
394, 294.0, 435.0
395, 408.0, 91.0
396, 689.0, 200.0
397, 45.0, 306.0
398, 552.0, 96.0
399, 207.0, 284.0
400, 299.0, 110.0
401, 167.0, 57.0
402, 345.0, 116.0
403, 120.0, 296.0
404, 176.0, 371.0
405, 689.0, 79.0
406, 306.0, 461.0
407, 585.0, 387.0
408, 232.0, 342.0
409, 102.0, 216.0
410, 295.0, 352.0
411, 205.0, 452.0
412, 573.0, 170.0
413, 285.0, 445.0
414, 301.0, 377.0
415, 106.0, 356.0
416, 220.0, 414.0
417, 65.0, 70.0
418, 146.0, 293.0
419, 100.0, 405.0
420, 354.0, 412.0
421, 166.0, 169.0
422, 140.0, 348.0
423, 614.0, 98.0
424, 43.0, 447.0
425, 222.0, 209.0
426, 444.0, 337.0
427, 42.0, 381.0
428, 634.0, 106.0
429, 37.0, 95.0
430, 43.0, 416.0
431, 272.0, 367.0
432, 276.0, 461.0
433, 40.0, 468.0
434, 103.0, 378.0
435, 280.0, 355.0
436, 8.0, 394.0
437, 136.0, 30.0
438, 610.0, 105.0
439, 182.0, 337.0
440, 75.0, 459.0
441, 306.0, 332.0
442, 321.0, 427.0
443, 334.0, 335.0
444, 47.0, 283.0
445, 332.0, 440.0
446, 111.0, 397.0
447, 173.0, 387.0
448, 358.0, 471.0
449, 393.0, 100.0
450, 127.0, 138.0
451, 42.0, 334.0
452, 312.0, 373.0
453, 274.0, 409.0
454, 45.0, 364.0
455, 386.0, 218.0
456, 368.0, 60.0
457, 612.0, 35.0
458, 104.0, 320.0
459, 281.0, 31.0
460, 301.0, 420.0
461, 558.0, 75.0
462, 449.0, 269.0
463, 9.0, 271.0
464, 266.0, 450.0
465, 92.0, 110.0
466, 678.0, 202.0
467, 58.0, 251.0
468, 141.0, 337.0
469, 143.0, 65.0
470, 456.0, 176.0
471, 41.0, 398.0
472, 23.0, 437.0
473, 61.0, 397.0
474, 317.0, 354.0
475, 332.0, 399.0
476, 78.0, 416.0
477, 303.0, 321.0
478, 408.0, 223.0
479, 589.0, 234.0
480, 658.0, 62.0
481, 24.0, 391.0
482, 36.0, 439.0
483, 423.0, 40.0
484, 77.0, 466.0
485, 79.0, 298.0
486, 418.0, 218.0
487, 8.0, 283.0
488, 276.0, 152.0
489, 167.0, 320.0
490, 335.0, 340.0
491, 254.0, 157.0
492, 170.0, 76.0
493, 359.0, 215.0
494, 71.0, 278.0
495, 273.0, 417.0
496, 335.0, 458.0
497, 530.0, 292.0
498, 315.0, 458.0
499, 324.0, 295.0
