0, 212.0, 275.0
1, 127.0, 325.0
2, 136.0, 295.0
3, 123.0, 295.0
4, 385.0, 163.0
5, 134.0, 406.0
6, 405.0, 150.0
7, 44.0, 377.0
8, 148.0, 319.0
9, 101.0, 150.0
10, 104.0, 363.0
11, 494.0, 211.0
12, 161.0, 258.0
13, 279.0, 102.0
14, 592.0, 223.0
15, 568.0, 212.0
16, 237.0, 169.0
17, 350.0, 465.0
18, 236.0, 242.0
19, 177.0, 304.0
20, 336.0, 445.0
21, 240.0, 309.0
22, 599.0, 75.0
23, 199.0, 303.0
24, 222.0, 282.0
25, 621.0, 64.0
26, 109.0, 125.0
27, 111.0, 285.0
28, 170.0, 349.0
29, 284.0, 405.0
30, 368.0, 42.0
31, 497.0, 222.0
32, 224.0, 271.0
33, 77.0, 366.0
34, 449.0, 185.0
35, 62.0, 264.0
36, 310.0, 203.0
37, 223.0, 371.0
38, 195.0, 155.0
39, 242.0, 209.0
40, 313.0, 434.0
41, 632.0, 91.0
42, 31.0, 417.0
43, 144.0, 416.0
44, 342.0, 430.0
45, 536.0, 170.0
46, 210.0, 178.0
47, 215.0, 125.0
48, 234.0, 294.0
49, 244.0, 120.0
50, 300.0, 391.0
51, 126.0, 417.0
52, 79.0, 339.0
53, 315.0, 446.0
54, 52.0, 201.0
55, 104.0, 160.0
56, 685.0, 270.0
57, 632.0, 247.0
58, 692.0, 343.0
59, 44.0, 41.0
60, 209.0, 243.0
61, 116.0, 358.0
62, 425.0, 203.0
63, 220.0, 305.0
64, 602.0, 65.0
65, 511.0, 201.0
66, 157.0, 328.0
67, 276.0, 466.0
68, 122.0, 395.0
69, 115.0, 429.0
70, 200.0, 346.0
71, 623.0, 348.0
72, 625.0, 50.0
73, 75.0, 228.0
74, 44.0, 415.0
75, 584.0, 201.0
76, 215.0, 143.0
77, 120.0, 141.0
78, 618.0, 97.0
79, 327.0, 457.0
80, 179.0, 458.0
81, 297.0, 464.0
82, 73.0, 54.0
83, 541.0, 244.0
84, 118.0, 377.0
85, 213.0, 99.0
86, 405.0, 108.0
87, 402.0, 139.0
88, 402.0, 159.0
89, 381.0, 135.0
90, 148.0, 406.0
91, 71.0, 300.0
92, 62.0, 292.0
93, 211.0, 197.0
94, 542.0, 184.0
95, 393.0, 166.0
96, 346.0, 447.0
97, 41.0, 276.0
98, 173.0, 442.0
99, 591.0, 135.0
100, 307.0, 463.0
101, 338.0, 457.0
102, 97.0, 103.0
103, 201.0, 228.0
104, 225.0, 184.0
105, 220.0, 291.0
106, 23.0, 309.0
107, 161.0, 122.0
108, 339.0, 415.0
109, 153.0, 392.0
110, 174.0, 97.0
111, 10.0, 374.0
112, 162.0, 137.0
113, 303.0, 28.0
114, 318.0, 458.0
115, 102.0, 376.0
116, 108.0, 311.0
117, 480.0, 203.0
118, 389.0, 79.0
119, 441.0, 180.0
120, 65.0, 224.0
121, 635.0, 78.0
122, 232.0, 142.0
123, 176.0, 123.0
124, 295.0, 452.0
125, 50.0, 448.0
126, 346.0, 125.0
127, 530.0, 87.0
128, 667.0, 159.0
129, 657.0, 334.0
130, 442.0, 202.0
131, 206.0, 318.0
132, 129.0, 340.0
133, 708.0, 31.0
134, 182.0, 262.0
135, 38.0, 464.0
136, 456.0, 207.0
137, 464.0, 224.0
138, 662.0, 258.0
139, 505.0, 169.0
140, 232.0, 126.0
141, 648.0, 328.0
142, 134.0, 138.0
143, 135.0, 356.0
144, 16.0, 293.0
145, 258.0, 209.0
146, 278.0, 170.0
147, 11.0, 109.0
148, 270.0, 47.0
149, 67.0, 197.0
150, 68.0, 318.0
151, 261.0, 169.0
152, 205.0, 335.0
153, 234.0, 272.0
154, 548.0, 190.0
155, 663.0, 118.0
156, 146.0, 256.0
157, 256.0, 401.0
158, 418.0, 173.0
159, 616.0, 125.0
160, 339.0, 297.0
161, 155.0, 309.0
162, 333.0, 390.0
163, 611.0, 198.0
164, 199.0, 72.0
165, 21.0, 42.0
166, 369.0, 28.0
167, 50.0, 234.0
168, 260.0, 102.0
169, 138.0, 393.0
170, 503.0, 148.0
171, 712.0, 401.0
172, 259.0, 188.0
173, 27.0, 317.0
174, 361.0, 172.0
175, 123.0, 152.0
176, 153.0, 284.0
177, 77.0, 291.0
178, 286.0, 464.0
179, 116.0, 258.0
180, 370.0, 77.0
181, 489.0, 314.0
182, 71.0, 262.0
183, 55.0, 409.0
184, 583.0, 245.0
185, 187.0, 348.0
186, 416.0, 106.0
187, 276.0, 448.0
188, 104.0, 139.0
189, 23.0, 61.0
190, 398.0, 46.0
191, 182.0, 138.0
192, 535.0, 66.0
193, 318.0, 115.0
194, 337.0, 37.0
195, 38.0, 266.0
196, 143.0, 336.0
197, 582.0, 122.0
198, 333.0, 433.0
199, 356.0, 446.0
200, 314.0, 425.0
201, 351.0, 328.0
202, 526.0, 213.0
203, 444.0, 220.0
204, 563.0, 193.0
205, 9.0, 345.0
206, 76.0, 283.0
207, 282.0, 387.0
208, 92.0, 133.0
209, 672.0, 176.0
210, 16.0, 130.0
211, 9.0, 36.0
212, 292.0, 405.0
213, 642.0, 8.0
214, 293.0, 419.0
215, 102.0, 275.0
216, 19.0, 228.0
217, 221.0, 346.0
218, 582.0, 302.0
219, 160.0, 354.0
220, 89.0, 85.0
221, 217.0, 158.0
222, 457.0, 128.0
223, 64.0, 428.0
224, 87.0, 453.0
225, 368.0, 130.0
226, 119.0, 328.0
227, 69.0, 252.0
228, 199.0, 278.0
229, 590.0, 154.0
230, 285.0, 446.0
231, 80.0, 254.0
232, 364.0, 356.0
233, 330.0, 424.0
234, 616.0, 76.0
235, 676.0, 129.0
236, 399.0, 33.0
237, 339.0, 23.0
238, 177.0, 280.0
239, 347.0, 456.0
240, 555.0, 166.0
241, 216.0, 226.0
242, 643.0, 362.0
243, 62.0, 241.0
244, 741.0, 373.0
245, 585.0, 211.0
246, 362.0, 375.0
247, 73.0, 383.0
248, 361.0, 118.0
249, 154.0, 273.0
250, 298.0, 378.0
251, 326.0, 56.0
252, 198.0, 455.0
253, 26.0, 286.0
254, 310.0, 404.0
255, 81.0, 72.0
256, 555.0, 94.0
257, 691.0, 32.0
258, 611.0, 49.0
259, 118.0, 206.0
260, 197.0, 143.0
261, 118.0, 267.0
262, 246.0, 170.0
263, 226.0, 223.0
264, 371.0, 286.0
265, 566.0, 91.0
266, 74.0, 43.0
267, 743.0, 204.0
268, 274.0, 406.0
269, 305.0, 443.0
270, 13.0, 332.0
271, 294.0, 189.0
272, 260.0, 116.0
273, 549.0, 88.0
274, 614.0, 112.0
275, 507.0, 335.0
276, 30.0, 253.0
277, 336.0, 363.0
278, 129.0, 378.0
279, 44.0, 255.0
280, 570.0, 330.0
281, 406.0, 199.0
282, 165.0, 384.0
283, 14.0, 318.0
284, 662.0, 209.0
285, 523.0, 120.0
286, 47.0, 386.0
287, 527.0, 186.0
288, 248.0, 308.0
289, 202.0, 216.0
290, 352.0, 429.0
291, 557.0, 68.0
292, 646.0, 128.0
293, 112.0, 85.0
294, 550.0, 113.0
295, 308.0, 390.0
296, 77.0, 132.0
297, 628.0, 218.0
298, 739.0, 13.0
299, 266.0, 289.0
300, 132.0, 445.0
301, 407.0, 82.0
302, 182.0, 128.0
303, 409.0, 98.0
304, 648.0, 146.0
305, 257.0, 416.0
306, 227.0, 168.0
307, 655.0, 9.0
308, 86.0, 206.0
309, 241.0, 453.0
310, 557.0, 119.0
311, 343.0, 224.0
312, 29.0, 42.0
313, 103.0, 52.0
314, 307.0, 377.0
315, 257.0, 148.0
316, 18.0, 50.0
317, 8.0, 89.0
318, 355.0, 254.0
319, 287.0, 157.0
320, 176.0, 318.0
321, 66.0, 355.0
322, 187.0, 101.0
323, 304.0, 433.0
324, 54.0, 277.0
325, 332.0, 381.0
326, 246.0, 379.0
327, 128.0, 163.0
328, 255.0, 159.0
329, 99.0, 120.0
330, 599.0, 95.0
331, 218.0, 170.0
332, 569.0, 74.0
333, 142.0, 284.0
334, 296.0, 443.0
335, 357.0, 265.0
336, 217.0, 320.0
337, 16.0, 453.0
338, 252.0, 259.0
339, 657.0, 309.0
340, 161.0, 409.0
341, 138.0, 169.0
342, 53.0, 367.0
343, 304.0, 184.0
344, 598.0, 118.0
345, 11.0, 64.0
346, 324.0, 442.0
347, 58.0, 131.0
348, 174.0, 190.0
349, 137.0, 305.0
350, 697.0, 326.0
351, 96.0, 327.0
352, 215.0, 374.0
353, 312.0, 355.0
354, 166.0, 307.0
355, 117.0, 107.0
356, 346.0, 155.0
357, 36.0, 183.0
358, 194.0, 91.0
359, 648.0, 223.0
360, 729.0, 36.0
361, 404.0, 120.0
362, 30.0, 374.0
363, 160.0, 374.0
364, 108.0, 117.0
365, 93.0, 70.0
366, 330.0, 466.0
367, 200.0, 408.0
368, 248.0, 328.0
369, 68.0, 65.0
370, 12.0, 282.0
371, 643.0, 169.0
372, 56.0, 53.0
373, 392.0, 318.0
374, 302.0, 404.0
375, 673.0, 321.0
376, 730.0, 403.0
377, 80.0, 267.0
378, 266.0, 441.0
379, 311.0, 260.0
380, 34.0, 392.0
381, 127.0, 121.0
382, 325.0, 66.0
383, 627.0, 9.0
384, 529.0, 237.0
385, 228.0, 315.0
386, 276.0, 428.0
387, 215.0, 346.0
388, 319.0, 365.0
389, 108.0, 215.0
390, 683.0, 336.0
391, 672.0, 195.0
392, 284.0, 427.0
393, 726.0, 9.0
394, 173.0, 338.0
395, 265.0, 407.0
396, 41.0, 401.0
397, 179.0, 243.0
398, 593.0, 147.0
399, 101.0, 84.0
400, 52.0, 313.0
401, 266.0, 392.0
402, 165.0, 320.0
403, 342.0, 390.0
404, 385.0, 198.0
405, 39.0, 431.0
406, 110.0, 328.0
407, 347.0, 112.0
408, 28.0, 294.0
409, 549.0, 76.0
410, 174.0, 269.0
411, 109.0, 403.0
412, 86.0, 175.0
413, 251.0, 288.0
414, 652.0, 174.0
415, 302.0, 412.0
416, 632.0, 15.0
417, 242.0, 463.0
418, 541.0, 221.0
419, 169.0, 150.0
420, 286.0, 454.0
421, 301.0, 103.0
422, 397.0, 95.0
423, 37.0, 244.0
424, 163.0, 471.0
425, 631.0, 387.0
426, 513.0, 183.0
427, 34.0, 350.0
428, 295.0, 350.0
429, 733.0, 148.0
430, 688.0, 91.0
431, 311.0, 412.0
432, 319.0, 409.0
433, 335.0, 142.0
434, 345.0, 238.0
435, 297.0, 311.0
436, 506.0, 137.0
437, 123.0, 348.0
438, 275.0, 414.0
439, 327.0, 401.0
440, 525.0, 111.0
441, 98.0, 336.0
442, 684.0, 103.0
443, 302.0, 108.0
444, 336.0, 401.0
445, 679.0, 120.0
446, 8.0, 48.0
447, 318.0, 287.0
448, 135.0, 335.0
449, 458.0, 232.0
450, 344.0, 399.0
451, 301.0, 215.0
452, 424.0, 175.0
453, 287.0, 148.0
454, 327.0, 326.0
455, 239.0, 318.0
456, 317.0, 387.0
457, 191.0, 323.0
458, 51.0, 220.0
459, 651.0, 94.0
460, 74.0, 273.0
461, 8.0, 238.0
462, 38.0, 285.0
463, 264.0, 367.0
464, 295.0, 171.0
465, 197.0, 31.0
466, 35.0, 304.0
467, 187.0, 275.0
468, 48.0, 306.0
469, 273.0, 391.0
470, 300.0, 323.0
471, 29.0, 210.0
472, 670.0, 202.0
473, 57.0, 399.0
474, 232.0, 284.0
475, 240.0, 263.0
476, 102.0, 404.0
477, 265.0, 467.0
478, 295.0, 275.0
479, 54.0, 266.0
480, 75.0, 253.0
481, 63.0, 275.0
482, 390.0, 68.0
483, 101.0, 288.0
484, 605.0, 393.0
485, 90.0, 116.0
486, 147.0, 24.0
487, 318.0, 467.0
488, 169.0, 312.0
489, 418.0, 197.0
490, 324.0, 432.0
491, 309.0, 344.0
492, 112.0, 153.0
493, 504.0, 182.0
494, 88.0, 299.0
495, 284.0, 414.0
496, 668.0, 310.0
497, 331.0, 189.0
498, 96.0, 349.0
499, 56.0, 48.0
