0, 485.0, 308.0
1, 573.0, 151.0
2, 372.0, 255.0
3, 278.0, 125.0
4, 77.0, 306.0
5, 160.0, 91.0
6, 459.0, 388.0
7, 212.0, 107.0
8, 427.0, 193.0
9, 203.0, 66.0
10, 654.0, 264.0
11, 110.0, 257.0
12, 404.0, 287.0
13, 186.0, 159.0
14, 334.0, 76.0
15, 479.0, 80.0
16, 231.0, 127.0
17, 51.0, 179.0
18, 229.0, 92.0
19, 110.0, 87.0
20, 349.0, 337.0
21, 256.0, 69.0
22, 429.0, 155.0
23, 134.0, 134.0
24, 232.0, 141.0
25, 148.0, 90.0
26, 691.0, 100.0
27, 253.0, 93.0
28, 291.0, 200.0
29, 266.0, 93.0
30, 386.0, 340.0
31, 322.0, 345.0
32, 154.0, 149.0
33, 190.0, 119.0
34, 505.0, 185.0
35, 335.0, 335.0
36, 99.0, 77.0
37, 15.0, 237.0
38, 277.0, 106.0
39, 48.0, 68.0
40, 329.0, 427.0
41, 89.0, 252.0
42, 137.0, 151.0
43, 537.0, 170.0
44, 471.0, 304.0
45, 439.0, 308.0
46, 389.0, 364.0
47, 573.0, 94.0
48, 437.0, 207.0
49, 296.0, 361.0
50, 169.0, 147.0
51, 446.0, 208.0
52, 187.0, 60.0
53, 256.0, 126.0
54, 516.0, 64.0
55, 131.0, 44.0
56, 276.0, 94.0
57, 286.0, 19.0
58, 386.0, 50.0
59, 137.0, 300.0
60, 434.0, 462.0
61, 100.0, 88.0
62, 306.0, 256.0
63, 489.0, 294.0
64, 410.0, 372.0
65, 326.0, 295.0
66, 72.0, 14.0
67, 328.0, 278.0
68, 443.0, 432.0
69, 437.0, 111.0
70, 152.0, 125.0
71, 60.0, 147.0
72, 570.0, 172.0
73, 300.0, 25.0
74, 344.0, 249.0
75, 218.0, 28.0
76, 457.0, 56.0
77, 254.0, 106.0
78, 509.0, 221.0
79, 324.0, 366.0
80, 277.0, 188.0
81, 419.0, 217.0
82, 612.0, 155.0
83, 315.0, 248.0
84, 39.0, 180.0
85, 111.0, 324.0
86, 310.0, 389.0
87, 371.0, 312.0
88, 105.0, 303.0
89, 385.0, 245.0
90, 19.0, 183.0
91, 450.0, 287.0
92, 559.0, 86.0
93, 132.0, 270.0
94, 69.0, 72.0
95, 215.0, 41.0
96, 447.0, 63.0
97, 522.0, 50.0
98, 476.0, 35.0
99, 290.0, 160.0
100, 684.0, 131.0
101, 335.0, 122.0
102, 590.0, 144.0
103, 436.0, 267.0
104, 102.0, 183.0
105, 41.0, 19.0
106, 450.0, 354.0
107, 429.0, 49.0
108, 525.0, 171.0
109, 107.0, 314.0
110, 437.0, 39.0
111, 436.0, 369.0
112, 308.0, 73.0
113, 324.0, 36.0
114, 339.0, 364.0
115, 51.0, 46.0
116, 348.0, 70.0
117, 465.0, 288.0
118, 478.0, 94.0
119, 180.0, 240.0
120, 440.0, 328.0
121, 435.0, 285.0
122, 70.0, 155.0
123, 119.0, 107.0
124, 494.0, 79.0
125, 163.0, 106.0
126, 561.0, 234.0
127, 372.0, 191.0
128, 538.0, 149.0
129, 637.0, 46.0
130, 331.0, 353.0
131, 474.0, 14.0
132, 446.0, 363.0
133, 239.0, 253.0
134, 372.0, 135.0
135, 406.0, 172.0
136, 647.0, 88.0
137, 76.0, 257.0
138, 140.0, 310.0
139, 16.0, 159.0
140, 297.0, 373.0
141, 323.0, 327.0
142, 367.0, 35.0
143, 350.0, 97.0
144, 157.0, 335.0
145, 189.0, 104.0
146, 586.0, 50.0
147, 373.0, 345.0
148, 185.0, 148.0
149, 285.0, 430.0
150, 540.0, 201.0
151, 426.0, 364.0
152, 266.0, 106.0
153, 426.0, 108.0
154, 26.0, 140.0
155, 548.0, 150.0
156, 306.0, 215.0
157, 594.0, 118.0
158, 418.0, 93.0
159, 393.0, 318.0
160, 306.0, 247.0
161, 328.0, 226.0
162, 227.0, 65.0
163, 86.0, 230.0
164, 358.0, 225.0
165, 391.0, 285.0
166, 151.0, 133.0
167, 102.0, 267.0
168, 323.0, 313.0
169, 48.0, 435.0
170, 349.0, 350.0
171, 366.0, 52.0
172, 557.0, 311.0
173, 152.0, 315.0
174, 310.0, 347.0
175, 371.0, 218.0
176, 326.0, 395.0
177, 160.0, 174.0
178, 483.0, 174.0
179, 403.0, 241.0
180, 109.0, 214.0
181, 417.0, 230.0
182, 716.0, 110.0
183, 303.0, 178.0
184, 448.0, 119.0
185, 234.0, 164.0
186, 78.0, 140.0
187, 334.0, 66.0
188, 388.0, 391.0
189, 438.0, 123.0
190, 447.0, 137.0
191, 394.0, 243.0
192, 318.0, 145.0
193, 494.0, 97.0
194, 232.0, 468.0
195, 193.0, 133.0
196, 139.0, 367.0
197, 411.0, 386.0
198, 14.0, 471.0
199, 482.0, 195.0
200, 141.0, 173.0
201, 571.0, 106.0
202, 383.0, 220.0
203, 383.0, 196.0
204, 283.0, 388.0
205, 671.0, 47.0
206, 303.0, 167.0
207, 43.0, 412.0
208, 295.0, 210.0
209, 47.0, 169.0
210, 300.0, 333.0
211, 401.0, 40.0
212, 78.0, 120.0
213, 206.0, 278.0
214, 349.0, 389.0
215, 616.0, 64.0
216, 31.0, 164.0
217, 183.0, 131.0
218, 389.0, 151.0
219, 293.0, 236.0
220, 374.0, 243.0
221, 672.0, 277.0
222, 100.0, 136.0
223, 278.0, 137.0
224, 417.0, 79.0
225, 455.0, 137.0
226, 489.0, 12.0
227, 65.0, 221.0
228, 476.0, 252.0
229, 533.0, 464.0
230, 154.0, 325.0
231, 413.0, 276.0
232, 80.0, 271.0
233, 561.0, 78.0
234, 446.0, 384.0
235, 460.0, 302.0
236, 311.0, 419.0
237, 546.0, 94.0
238, 195.0, 52.0
239, 76.0, 87.0
240, 486.0, 272.0
241, 310.0, 331.0
242, 217.0, 191.0
243, 261.0, 455.0
244, 397.0, 172.0
245, 561.0, 262.0
246, 398.0, 49.0
247, 660.0, 48.0
248, 497.0, 194.0
249, 187.0, 92.0
250, 218.0, 127.0
251, 132.0, 325.0
252, 438.0, 194.0
253, 463.0, 164.0
254, 426.0, 78.0
255, 386.0, 31.0
256, 258.0, 427.0
257, 68.0, 234.0
258, 424.0, 353.0
259, 197.0, 263.0
260, 458.0, 193.0
261, 405.0, 399.0
262, 572.0, 160.0
263, 625.0, 20.0
264, 28.0, 420.0
265, 419.0, 305.0
266, 204.0, 318.0
267, 548.0, 77.0
268, 162.0, 321.0
269, 337.0, 140.0
270, 514.0, 174.0
271, 118.0, 368.0
272, 347.0, 455.0
273, 151.0, 107.0
274, 91.0, 151.0
275, 375.0, 32.0
276, 230.0, 107.0
277, 116.0, 277.0
278, 226.0, 278.0
279, 137.0, 253.0
280, 199.0, 175.0
281, 192.0, 315.0
282, 554.0, 114.0
283, 359.0, 238.0
284, 449.0, 301.0
285, 515.0, 78.0
286, 254.0, 288.0
287, 90.0, 76.0
288, 709.0, 15.0
289, 706.0, 123.0
290, 317.0, 258.0
291, 554.0, 188.0
292, 243.0, 187.0
293, 434.0, 411.0
294, 455.0, 25.0
295, 284.0, 410.0
296, 382.0, 110.0
297, 430.0, 250.0
298, 629.0, 82.0
299, 111.0, 337.0
300, 560.0, 291.0
301, 99.0, 250.0
302, 464.0, 320.0
303, 204.0, 243.0
304, 17.0, 123.0
305, 533.0, 98.0
306, 51.0, 325.0
307, 191.0, 21.0
308, 537.0, 78.0
309, 436.0, 383.0
310, 739.0, 261.0
311, 318.0, 9.0
312, 448.0, 248.0
313, 144.0, 285.0
314, 114.0, 150.0
315, 235.0, 246.0
316, 321.0, 380.0
317, 174.0, 91.0
318, 190.0, 297.0
319, 527.0, 141.0
320, 211.0, 206.0
321, 739.0, 18.0
322, 328.0, 206.0
323, 227.0, 444.0
324, 418.0, 323.0
325, 698.0, 255.0
326, 517.0, 239.0
327, 628.0, 271.0
328, 390.0, 94.0
329, 413.0, 405.0
330, 99.0, 145.0
331, 282.0, 176.0
332, 323.0, 119.0
333, 598.0, 373.0
334, 464.0, 226.0
335, 37.0, 388.0
336, 235.0, 172.0
337, 358.0, 325.0
338, 346.0, 261.0
339, 273.0, 65.0
340, 176.0, 50.0
341, 260.0, 143.0
342, 128.0, 292.0
343, 353.0, 138.0
344, 112.0, 25.0
345, 309.0, 86.0
346, 467.0, 337.0
347, 174.0, 106.0
348, 373.0, 236.0
349, 529.0, 112.0
350, 322.0, 109.0
351, 180.0, 19.0
352, 134.0, 336.0
353, 600.0, 394.0
354, 104.0, 107.0
355, 283.0, 263.0
356, 215.0, 274.0
357, 381.0, 230.0
358, 361.0, 71.0
359, 36.0, 332.0
360, 63.0, 309.0
361, 19.0, 330.0
362, 312.0, 367.0
363, 702.0, 57.0
364, 651.0, 274.0
365, 447.0, 152.0
366, 36.0, 243.0
367, 24.0, 409.0
368, 584.0, 384.0
369, 238.0, 98.0
370, 495.0, 87.0
371, 184.0, 339.0
372, 294.0, 221.0
373, 432.0, 427.0
374, 256.0, 271.0
375, 181.0, 41.0
376, 195.0, 145.0
377, 664.0, 91.0
378, 174.0, 325.0
379, 125.0, 353.0
380, 530.0, 349.0
381, 88.0, 470.0
382, 431.0, 343.0
383, 617.0, 10.0
384, 360.0, 107.0
385, 133.0, 30.0
386, 203.0, 120.0
387, 102.0, 295.0
388, 196.0, 39.0
389, 65.0, 320.0
390, 28.0, 36.0
391, 432.0, 239.0
392, 107.0, 375.0
393, 579.0, 129.0
394, 439.0, 172.0
395, 296.0, 126.0
396, 175.0, 355.0
397, 524.0, 451.0
398, 135.0, 8.0
399, 382.0, 60.0
400, 345.0, 27.0
401, 13.0, 456.0
402, 506.0, 167.0
403, 40.0, 400.0
404, 213.0, 142.0
405, 454.0, 80.0
406, 654.0, 21.0
407, 49.0, 317.0
408, 576.0, 461.0
409, 472.0, 139.0
410, 401.0, 341.0
411, 97.0, 274.0
412, 543.0, 112.0
413, 158.0, 247.0
414, 21.0, 338.0
415, 673.0, 19.0
416, 243.0, 140.0
417, 198.0, 293.0
418, 100.0, 28.0
419, 603.0, 292.0
420, 53.0, 156.0
421, 30.0, 433.0
422, 20.0, 397.0
423, 306.0, 273.0
424, 373.0, 398.0
425, 447.0, 263.0
426, 721.0, 45.0
427, 250.0, 35.0
428, 43.0, 108.0
429, 583.0, 241.0
430, 309.0, 61.0
431, 404.0, 182.0
432, 476.0, 122.0
433, 259.0, 164.0
434, 74.0, 282.0
435, 303.0, 355.0
436, 232.0, 234.0
437, 546.0, 164.0
438, 382.0, 293.0
439, 346.0, 406.0
440, 597.0, 72.0
441, 190.0, 306.0
442, 301.0, 140.0
443, 115.0, 221.0
444, 96.0, 16.0
445, 371.0, 62.0
446, 428.0, 137.0
447, 143.0, 331.0
448, 233.0, 437.0
449, 205.0, 269.0
450, 46.0, 423.0
451, 396.0, 20.0
452, 567.0, 194.0
453, 402.0, 307.0
454, 360.0, 208.0
455, 161.0, 374.0
456, 381.0, 17.0
457, 267.0, 420.0
458, 297.0, 262.0
459, 377.0, 156.0
460, 404.0, 449.0
461, 120.0, 332.0
462, 402.0, 415.0
463, 373.0, 81.0
464, 78.0, 314.0
465, 117.0, 190.0
466, 217.0, 300.0
467, 16.0, 72.0
468, 304.0, 365.0
469, 497.0, 33.0
470, 119.0, 204.0
471, 93.0, 111.0
472, 631.0, 167.0
473, 439.0, 183.0
474, 286.0, 109.0
475, 424.0, 291.0
476, 484.0, 122.0
477, 460.0, 268.0
478, 422.0, 339.0
479, 297.0, 289.0
480, 392.0, 115.0
481, 732.0, 101.0
482, 223.0, 206.0
483, 600.0, 97.0
484, 639.0, 56.0
485, 361.0, 129.0
486, 34.0, 223.0
487, 470.0, 213.0
488, 144.0, 268.0
489, 54.0, 392.0
490, 715.0, 34.0
491, 90.0, 299.0
492, 531.0, 186.0
493, 597.0, 317.0
494, 286.0, 85.0
495, 712.0, 284.0
496, 607.0, 57.0
497, 360.0, 121.0
498, 247.0, 160.0
499, 563.0, 409.0
