0, 576.0, 201.0
1, 152.0, 99.0
2, 510.0, 169.0
3, 241.0, 28.0
4, 299.0, 84.0
5, 510.0, 157.0
6, 95.0, 100.0
7, 154.0, 172.0
8, 440.0, 49.0
9, 230.0, 40.0
10, 568.0, 99.0
11, 440.0, 8.0
12, 241.0, 40.0
13, 97.0, 89.0
14, 299.0, 97.0
15, 383.0, 116.0
16, 137.0, 87.0
17, 335.0, 164.0
18, 494.0, 66.0
19, 646.0, 279.0
20, 134.0, 43.0
21, 192.0, 79.0
22, 540.0, 98.0
23, 553.0, 378.0
24, 67.0, 81.0
25, 367.0, 133.0
26, 686.0, 100.0
27, 291.0, 287.0
28, 440.0, 64.0
29, 234.0, 176.0
30, 31.0, 175.0
31, 530.0, 147.0
32, 198.0, 97.0
33, 182.0, 190.0
34, 692.0, 150.0
35, 533.0, 68.0
36, 200.0, 25.0
37, 504.0, 145.0
38, 73.0, 56.0
39, 384.0, 142.0
40, 163.0, 65.0
41, 274.0, 315.0
42, 540.0, 147.0
43, 376.0, 131.0
44, 402.0, 79.0
45, 451.0, 44.0
46, 468.0, 144.0
47, 332.0, 131.0
48, 48.0, 184.0
49, 614.0, 61.0
50, 403.0, 115.0
51, 219.0, 111.0
52, 51.0, 93.0
53, 90.0, 169.0
54, 382.0, 101.0
55, 347.0, 81.0
56, 470.0, 16.0
57, 139.0, 154.0
58, 26.0, 194.0
59, 318.0, 191.0
60, 458.0, 146.0
61, 108.0, 11.0
62, 291.0, 104.0
63, 99.0, 364.0
64, 357.0, 172.0
65, 267.0, 150.0
66, 167.0, 105.0
67, 228.0, 28.0
68, 130.0, 144.0
69, 334.0, 148.0
70, 17.0, 168.0
71, 481.0, 233.0
72, 656.0, 90.0
73, 146.0, 67.0
74, 71.0, 23.0
75, 232.0, 50.0
76, 137.0, 136.0
77, 226.0, 13.0
78, 242.0, 121.0
79, 269.0, 58.0
80, 241.0, 52.0
81, 627.0, 153.0
82, 293.0, 170.0
83, 400.0, 89.0
84, 68.0, 194.0
85, 309.0, 170.0
86, 521.0, 366.0
87, 418.0, 82.0
88, 671.0, 78.0
89, 534.0, 77.0
90, 286.0, 118.0
91, 219.0, 44.0
92, 587.0, 203.0
93, 657.0, 71.0
94, 613.0, 177.0
95, 91.0, 138.0
96, 301.0, 141.0
97, 126.0, 100.0
98, 656.0, 296.0
99, 368.0, 83.0
100, 127.0, 121.0
101, 401.0, 102.0
102, 391.0, 166.0
103, 259.0, 174.0
104, 657.0, 152.0
105, 365.0, 117.0
106, 402.0, 140.0
107, 316.0, 158.0
108, 293.0, 51.0
109, 101.0, 175.0
110, 406.0, 163.0
111, 144.0, 145.0
112, 334.0, 26.0
113, 118.0, 144.0
114, 355.0, 161.0
115, 154.0, 209.0
116, 264.0, 230.0
117, 618.0, 163.0
118, 488.0, 124.0
119, 370.0, 170.0
120, 584.0, 176.0
121, 414.0, 99.0
122, 634.0, 152.0
123, 580.0, 186.0
124, 433.0, 116.0
125, 522.0, 55.0
126, 632.0, 111.0
127, 401.0, 70.0
128, 283.0, 97.0
129, 494.0, 176.0
130, 464.0, 61.0
131, 260.0, 162.0
132, 216.0, 172.0
133, 442.0, 151.0
134, 410.0, 175.0
135, 112.0, 181.0
136, 332.0, 117.0
137, 491.0, 139.0
138, 568.0, 83.0
139, 345.0, 175.0
140, 540.0, 84.0
141, 325.0, 76.0
142, 251.0, 54.0
143, 596.0, 163.0
144, 649.0, 19.0
145, 238.0, 12.0
146, 533.0, 55.0
147, 95.0, 222.0
148, 331.0, 100.0
149, 209.0, 79.0
150, 551.0, 25.0
151, 61.0, 72.0
152, 688.0, 87.0
153, 365.0, 93.0
154, 690.0, 68.0
155, 597.0, 145.0
156, 494.0, 444.0
157, 724.0, 77.0
158, 314.0, 105.0
159, 559.0, 97.0
160, 430.0, 159.0
161, 631.0, 131.0
162, 189.0, 209.0
163, 292.0, 305.0
164, 587.0, 89.0
165, 106.0, 85.0
166, 322.0, 86.0
167, 86.0, 127.0
168, 89.0, 64.0
169, 458.0, 105.0
170, 605.0, 243.0
171, 40.0, 201.0
172, 390.0, 107.0
173, 13.0, 188.0
174, 351.0, 116.0
175, 473.0, 108.0
176, 387.0, 184.0
177, 312.0, 140.0
178, 564.0, 313.0
179, 313.0, 124.0
180, 191.0, 12.0
181, 636.0, 95.0
182, 367.0, 158.0
183, 583.0, 221.0
184, 463.0, 42.0
185, 123.0, 153.0
186, 673.0, 69.0
187, 415.0, 115.0
188, 273.0, 165.0
189, 253.0, 28.0
190, 540.0, 309.0
191, 138.0, 99.0
192, 480.0, 50.0
193, 321.0, 98.0
194, 636.0, 163.0
195, 540.0, 204.0
196, 610.0, 304.0
197, 129.0, 59.0
198, 293.0, 112.0
199, 213.0, 132.0
200, 154.0, 129.0
201, 246.0, 150.0
202, 92.0, 110.0
203, 373.0, 249.0
204, 343.0, 131.0
205, 130.0, 77.0
206, 462.0, 419.0
207, 42.0, 192.0
208, 89.0, 83.0
209, 214.0, 92.0
210, 380.0, 87.0
211, 453.0, 16.0
212, 363.0, 16.0
213, 642.0, 335.0
214, 645.0, 355.0
215, 473.0, 297.0
216, 732.0, 150.0
217, 151.0, 24.0
218, 457.0, 28.0
219, 612.0, 77.0
220, 168.0, 198.0
221, 604.0, 188.0
222, 321.0, 130.0
223, 220.0, 53.0
224, 341.0, 67.0
225, 98.0, 131.0
226, 194.0, 43.0
227, 213.0, 25.0
228, 480.0, 142.0
229, 414.0, 135.0
230, 596.0, 154.0
231, 172.0, 159.0
232, 518.0, 32.0
233, 656.0, 163.0
234, 269.0, 46.0
235, 228.0, 187.0
236, 114.0, 203.0
237, 254.0, 328.0
238, 610.0, 212.0
239, 111.0, 106.0
240, 499.0, 205.0
241, 590.0, 30.0
242, 90.0, 206.0
243, 420.0, 46.0
244, 587.0, 125.0
245, 111.0, 122.0
246, 455.0, 82.0
247, 58.0, 209.0
248, 383.0, 76.0
249, 301.0, 124.0
250, 475.0, 122.0
251, 419.0, 91.0
252, 210.0, 54.0
253, 399.0, 25.0
254, 598.0, 228.0
255, 321.0, 117.0
256, 633.0, 143.0
257, 73.0, 178.0
258, 120.0, 15.0
259, 358.0, 272.0
260, 575.0, 127.0
261, 167.0, 24.0
262, 586.0, 99.0
263, 633.0, 290.0
264, 141.0, 123.0
265, 27.0, 219.0
266, 586.0, 161.0
267, 70.0, 158.0
268, 284.0, 167.0
269, 679.0, 285.0
270, 531.0, 128.0
271, 399.0, 126.0
272, 491.0, 79.0
273, 671.0, 89.0
274, 641.0, 73.0
275, 28.0, 155.0
276, 90.0, 193.0
277, 322.0, 140.0
278, 466.0, 83.0
279, 213.0, 13.0
280, 115.0, 41.0
281, 111.0, 95.0
282, 601.0, 113.0
283, 508.0, 102.0
284, 644.0, 152.0
285, 249.0, 276.0
286, 739.0, 106.0
287, 585.0, 80.0
288, 664.0, 308.0
289, 189.0, 122.0
290, 460.0, 120.0
291, 707.0, 141.0
292, 272.0, 188.0
293, 352.0, 244.0
294, 493.0, 49.0
295, 237.0, 138.0
296, 516.0, 45.0
297, 126.0, 45.0
298, 40.0, 92.0
299, 196.0, 133.0
300, 532.0, 157.0
301, 465.0, 73.0
302, 515.0, 148.0
303, 155.0, 153.0
304, 428.0, 61.0
305, 84.0, 214.0
306, 655.0, 276.0
307, 332.0, 88.0
308, 282.0, 154.0
309, 114.0, 135.0
310, 237.0, 164.0
311, 198.0, 221.0
312, 253.0, 127.0
313, 480.0, 416.0
314, 123.0, 196.0
315, 234.0, 328.0
316, 40.0, 170.0
317, 19.0, 57.0
318, 551.0, 274.0
319, 491.0, 228.0
320, 529.0, 345.0
321, 307.0, 151.0
322, 336.0, 78.0
323, 233.0, 67.0
324, 557.0, 146.0
325, 144.0, 13.0
326, 48.0, 79.0
327, 510.0, 397.0
328, 431.0, 170.0
329, 560.0, 110.0
330, 608.0, 87.0
331, 330.0, 208.0
332, 45.0, 69.0
333, 407.0, 51.0
334, 616.0, 86.0
335, 124.0, 170.0
336, 365.0, 101.0
337, 342.0, 118.0
338, 571.0, 14.0
339, 658.0, 463.0
340, 248.0, 219.0
341, 623.0, 276.0
342, 694.0, 400.0
343, 597.0, 204.0
344, 210.0, 199.0
345, 169.0, 121.0
346, 537.0, 28.0
347, 516.0, 64.0
348, 105.0, 140.0
349, 714.0, 34.0
350, 498.0, 161.0
351, 379.0, 24.0
352, 657.0, 324.0
353, 584.0, 373.0
354, 542.0, 60.0
355, 348.0, 101.0
356, 183.0, 75.0
357, 381.0, 156.0
358, 37.0, 77.0
359, 292.0, 207.0
360, 607.0, 98.0
361, 38.0, 215.0
362, 171.0, 73.0
363, 506.0, 121.0
364, 105.0, 195.0
365, 93.0, 375.0
366, 606.0, 286.0
367, 612.0, 326.0
368, 191.0, 29.0
369, 324.0, 27.0
370, 313.0, 215.0
371, 527.0, 278.0
372, 545.0, 291.0
373, 345.0, 147.0
374, 445.0, 213.0
375, 615.0, 97.0
376, 242.0, 95.0
377, 223.0, 67.0
378, 167.0, 279.0
379, 628.0, 144.0
380, 741.0, 404.0
381, 177.0, 62.0
382, 279.0, 127.0
383, 191.0, 191.0
384, 204.0, 42.0
385, 43.0, 161.0
386, 293.0, 73.0
387, 451.0, 123.0
388, 411.0, 34.0
389, 68.0, 90.0
390, 346.0, 263.0
391, 316.0, 163.0
392, 489.0, 211.0
393, 51.0, 12.0
394, 51.0, 116.0
395, 563.0, 35.0
396, 344.0, 140.0
397, 542.0, 332.0
398, 568.0, 214.0
399, 355.0, 147.0
400, 641.0, 408.0
401, 517.0, 118.0
402, 454.0, 64.0
403, 145.0, 37.0
404, 740.0, 58.0
405, 175.0, 93.0
406, 238.0, 313.0
407, 165.0, 181.0
408, 103.0, 25.0
409, 79.0, 161.0
410, 60.0, 227.0
411, 433.0, 206.0
412, 108.0, 70.0
413, 430.0, 123.0
414, 712.0, 109.0
415, 574.0, 364.0
416, 435.0, 226.0
417, 164.0, 140.0
418, 339.0, 42.0
419, 13.0, 236.0
420, 392.0, 149.0
421, 557.0, 352.0
422, 347.0, 164.0
423, 255.0, 139.0
424, 516.0, 382.0
425, 283.0, 177.0
426, 377.0, 259.0
427, 646.0, 250.0
428, 337.0, 284.0
429, 695.0, 127.0
430, 156.0, 37.0
431, 78.0, 338.0
432, 274.0, 293.0
433, 337.0, 57.0
434, 627.0, 189.0
435, 27.0, 8.0
436, 586.0, 320.0
437, 267.0, 247.0
438, 387.0, 354.0
439, 246.0, 321.0
440, 325.0, 56.0
441, 565.0, 128.0
442, 521.0, 85.0
443, 350.0, 278.0
444, 40.0, 140.0
445, 609.0, 109.0
446, 171.0, 46.0
447, 442.0, 131.0
448, 45.0, 45.0
449, 322.0, 208.0
450, 605.0, 261.0
451, 263.0, 96.0
452, 417.0, 229.0
453, 421.0, 244.0
454, 441.0, 138.0
455, 133.0, 194.0
456, 741.0, 156.0
457, 421.0, 56.0
458, 231.0, 103.0
459, 186.0, 326.0
460, 694.0, 140.0
461, 470.0, 29.0
462, 329.0, 176.0
463, 524.0, 133.0
464, 234.0, 119.0
465, 128.0, 159.0
466, 103.0, 155.0
467, 653.0, 405.0
468, 15.0, 220.0
469, 510.0, 457.0
470, 277.0, 53.0
471, 196.0, 119.0
472, 292.0, 219.0
473, 505.0, 134.0
474, 144.0, 178.0
475, 274.0, 92.0
476, 540.0, 39.0
477, 501.0, 188.0
478, 41.0, 102.0
479, 706.0, 127.0
480, 493.0, 290.0
481, 331.0, 189.0
482, 510.0, 87.0
483, 8.0, 336.0
484, 478.0, 58.0
485, 563.0, 385.0
486, 254.0, 191.0
487, 645.0, 245.0
488, 290.0, 276.0
489, 72.0, 377.0
490, 411.0, 243.0
491, 364.0, 47.0
492, 469.0, 188.0
493, 113.0, 190.0
494, 637.0, 84.0
495, 632.0, 270.0
496, 544.0, 169.0
497, 559.0, 159.0
498, 133.0, 215.0
499, 341.0, 100.0
