0, 381.0, 198.0
1, 511.0, 30.0
2, 247.0, 205.0
3, 215.0, 40.0
4, 396.0, 268.0
5, 436.0, 238.0
6, 684.0, 272.0
7, 299.0, 142.0
8, 284.0, 158.0
9, 405.0, 349.0
10, 186.0, 270.0
11, 294.0, 240.0
12, 159.0, 428.0
13, 80.0, 42.0
14, 468.0, 203.0
15, 424.0, 71.0
16, 236.0, 96.0
17, 156.0, 282.0
18, 584.0, 163.0
19, 523.0, 186.0
20, 380.0, 63.0
21, 451.0, 356.0
22, 686.0, 62.0
23, 172.0, 80.0
24, 283.0, 231.0
25, 59.0, 123.0
26, 487.0, 29.0
27, 196.0, 138.0
28, 316.0, 112.0
29, 219.0, 456.0
30, 381.0, 47.0
31, 146.0, 358.0
32, 106.0, 237.0
33, 186.0, 358.0
34, 571.0, 99.0
35, 495.0, 311.0
36, 560.0, 91.0
37, 164.0, 15.0
38, 206.0, 337.0
39, 252.0, 263.0
40, 448.0, 344.0
41, 139.0, 396.0
42, 341.0, 436.0
43, 205.0, 158.0
44, 582.0, 119.0
45, 580.0, 409.0
46, 123.0, 108.0
47, 536.0, 182.0
48, 117.0, 376.0
49, 576.0, 319.0
50, 393.0, 206.0
51, 136.0, 381.0
52, 567.0, 25.0
53, 185.0, 349.0
54, 475.0, 311.0
55, 452.0, 216.0
56, 212.0, 399.0
57, 91.0, 25.0
58, 440.0, 165.0
59, 165.0, 468.0
60, 214.0, 411.0
61, 384.0, 175.0
62, 56.0, 75.0
63, 340.0, 193.0
64, 343.0, 47.0
65, 216.0, 434.0
66, 61.0, 408.0
67, 476.0, 436.0
68, 451.0, 259.0
69, 541.0, 124.0
70, 467.0, 148.0
71, 133.0, 366.0
72, 177.0, 17.0
73, 344.0, 75.0
74, 528.0, 78.0
75, 548.0, 181.0
76, 412.0, 274.0
77, 277.0, 146.0
78, 571.0, 245.0
79, 204.0, 224.0
80, 222.0, 110.0
81, 152.0, 387.0
82, 13.0, 421.0
83, 149.0, 372.0
84, 437.0, 225.0
85, 121.0, 391.0
86, 450.0, 52.0
87, 216.0, 126.0
88, 503.0, 16.0
89, 197.0, 330.0
90, 383.0, 14.0
91, 342.0, 419.0
92, 154.0, 125.0
93, 426.0, 293.0
94, 491.0, 92.0
95, 144.0, 425.0
96, 417.0, 395.0
97, 79.0, 386.0
98, 126.0, 273.0
99, 558.0, 108.0
100, 31.0, 146.0
101, 156.0, 416.0
102, 558.0, 27.0
103, 54.0, 99.0
104, 144.0, 223.0
105, 81.0, 142.0
106, 159.0, 365.0
107, 470.0, 69.0
108, 173.0, 108.0
109, 439.0, 275.0
110, 163.0, 454.0
111, 316.0, 101.0
112, 455.0, 229.0
113, 320.0, 191.0
114, 296.0, 100.0
115, 352.0, 87.0
116, 116.0, 21.0
117, 401.0, 143.0
118, 191.0, 155.0
119, 342.0, 85.0
120, 74.0, 125.0
121, 229.0, 49.0
122, 81.0, 73.0
123, 277.0, 133.0
124, 433.0, 105.0
125, 441.0, 312.0
126, 490.0, 107.0
127, 416.0, 345.0
128, 299.0, 311.0
129, 169.0, 138.0
130, 430.0, 193.0
131, 153.0, 24.0
132, 246.0, 156.0
133, 440.0, 193.0
134, 208.0, 363.0
135, 356.0, 151.0
136, 487.0, 393.0
137, 410.0, 19.0
138, 432.0, 9.0
139, 288.0, 258.0
140, 256.0, 251.0
141, 301.0, 269.0
142, 400.0, 62.0
143, 446.0, 305.0
144, 513.0, 196.0
145, 108.0, 251.0
146, 450.0, 122.0
147, 174.0, 344.0
148, 549.0, 212.0
149, 600.0, 64.0
150, 430.0, 345.0
151, 443.0, 61.0
152, 325.0, 283.0
153, 468.0, 255.0
154, 116.0, 365.0
155, 224.0, 150.0
156, 66.0, 425.0
157, 461.0, 76.0
158, 416.0, 191.0
159, 292.0, 327.0
160, 24.0, 43.0
161, 141.0, 411.0
162, 400.0, 43.0
163, 242.0, 110.0
164, 340.0, 247.0
165, 39.0, 421.0
166, 199.0, 351.0
167, 184.0, 138.0
168, 613.0, 155.0
169, 116.0, 77.0
170, 210.0, 94.0
171, 308.0, 100.0
172, 313.0, 208.0
173, 506.0, 92.0
174, 419.0, 368.0
175, 652.0, 61.0
176, 100.0, 52.0
177, 126.0, 227.0
178, 501.0, 28.0
179, 603.0, 164.0
180, 411.0, 222.0
181, 371.0, 175.0
182, 467.0, 288.0
183, 526.0, 92.0
184, 467.0, 39.0
185, 506.0, 109.0
186, 402.0, 161.0
187, 615.0, 166.0
188, 363.0, 80.0
189, 278.0, 44.0
190, 424.0, 249.0
191, 713.0, 143.0
192, 490.0, 326.0
193, 457.0, 369.0
194, 331.0, 71.0
195, 411.0, 252.0
196, 104.0, 105.0
197, 264.0, 261.0
198, 148.0, 178.0
199, 209.0, 147.0
200, 328.0, 165.0
201, 17.0, 434.0
202, 256.0, 112.0
203, 58.0, 396.0
204, 184.0, 337.0
205, 482.0, 292.0
206, 113.0, 448.0
207, 436.0, 283.0
208, 267.0, 238.0
209, 497.0, 260.0
210, 362.0, 427.0
211, 277.0, 98.0
212, 14.0, 58.0
213, 565.0, 126.0
214, 632.0, 78.0
215, 215.0, 372.0
216, 444.0, 202.0
217, 206.0, 131.0
218, 352.0, 77.0
219, 36.0, 407.0
220, 387.0, 73.0
221, 637.0, 97.0
222, 300.0, 161.0
223, 342.0, 172.0
224, 146.0, 439.0
225, 330.0, 83.0
226, 176.0, 388.0
227, 456.0, 192.0
228, 389.0, 345.0
229, 360.0, 445.0
230, 44.0, 155.0
231, 160.0, 442.0
232, 140.0, 25.0
233, 676.0, 102.0
234, 574.0, 272.0
235, 446.0, 223.0
236, 186.0, 131.0
237, 190.0, 213.0
238, 162.0, 397.0
239, 507.0, 281.0
240, 563.0, 200.0
241, 466.0, 92.0
242, 190.0, 228.0
243, 463.0, 217.0
244, 149.0, 142.0
245, 120.0, 89.0
246, 529.0, 249.0
247, 678.0, 71.0
248, 723.0, 89.0
249, 321.0, 120.0
250, 277.0, 112.0
251, 518.0, 258.0
252, 494.0, 184.0
253, 730.0, 72.0
254, 341.0, 205.0
255, 557.0, 176.0
256, 124.0, 34.0
257, 336.0, 235.0
258, 176.0, 224.0
259, 318.0, 81.0
260, 93.0, 285.0
261, 98.0, 73.0
262, 329.0, 290.0
263, 398.0, 235.0
264, 199.0, 373.0
265, 403.0, 402.0
266, 410.0, 32.0
267, 44.0, 46.0
268, 261.0, 351.0
269, 306.0, 276.0
270, 458.0, 163.0
271, 544.0, 110.0
272, 387.0, 327.0
273, 326.0, 183.0
274, 631.0, 156.0
275, 221.0, 305.0
276, 456.0, 270.0
277, 553.0, 356.0
278, 588.0, 190.0
279, 344.0, 127.0
280, 326.0, 207.0
281, 166.0, 163.0
282, 153.0, 34.0
283, 605.0, 103.0
284, 481.0, 324.0
285, 460.0, 175.0
286, 127.0, 421.0
287, 23.0, 452.0
288, 131.0, 451.0
289, 483.0, 211.0
290, 315.0, 271.0
291, 571.0, 225.0
292, 149.0, 452.0
293, 130.0, 436.0
294, 721.0, 113.0
295, 62.0, 43.0
296, 571.0, 162.0
297, 134.0, 81.0
298, 429.0, 364.0
299, 379.0, 253.0
300, 186.0, 445.0
301, 245.0, 134.0
302, 238.0, 166.0
303, 209.0, 350.0
304, 151.0, 13.0
305, 365.0, 140.0
306, 237.0, 8.0
307, 197.0, 182.0
308, 204.0, 324.0
309, 559.0, 161.0
310, 490.0, 280.0
311, 489.0, 296.0
312, 297.0, 111.0
313, 116.0, 463.0
314, 257.0, 74.0
315, 134.0, 180.0
316, 667.0, 78.0
317, 187.0, 380.0
318, 655.0, 71.0
319, 337.0, 21.0
320, 211.0, 110.0
321, 73.0, 155.0
322, 454.0, 316.0
323, 308.0, 249.0
324, 508.0, 217.0
325, 664.0, 115.0
326, 584.0, 108.0
327, 442.0, 147.0
328, 434.0, 419.0
329, 685.0, 36.0
330, 19.0, 157.0
331, 101.0, 385.0
332, 469.0, 51.0
333, 65.0, 187.0
334, 461.0, 362.0
335, 215.0, 423.0
336, 632.0, 402.0
337, 137.0, 212.0
338, 539.0, 152.0
339, 284.0, 168.0
340, 234.0, 156.0
341, 551.0, 152.0
342, 135.0, 464.0
343, 568.0, 469.0
344, 64.0, 113.0
345, 176.0, 214.0
346, 586.0, 245.0
347, 356.0, 173.0
348, 255.0, 286.0
349, 130.0, 193.0
350, 393.0, 187.0
351, 391.0, 105.0
352, 488.0, 49.0
353, 401.0, 260.0
354, 589.0, 143.0
355, 506.0, 133.0
356, 178.0, 242.0
357, 196.0, 437.0
358, 511.0, 151.0
359, 176.0, 356.0
360, 534.0, 196.0
361, 172.0, 457.0
362, 585.0, 265.0
363, 123.0, 9.0
364, 207.0, 419.0
365, 118.0, 312.0
366, 165.0, 176.0
367, 428.0, 60.0
368, 220.0, 168.0
369, 615.0, 129.0
370, 491.0, 205.0
371, 208.0, 377.0
372, 425.0, 145.0
373, 639.0, 35.0
374, 232.0, 62.0
375, 592.0, 415.0
376, 600.0, 181.0
377, 726.0, 264.0
378, 251.0, 221.0
379, 675.0, 270.0
380, 540.0, 141.0
381, 159.0, 209.0
382, 133.0, 237.0
383, 40.0, 98.0
384, 283.0, 78.0
385, 442.0, 258.0
386, 134.0, 335.0
387, 713.0, 79.0
388, 338.0, 147.0
389, 22.0, 178.0
390, 218.0, 445.0
391, 225.0, 124.0
392, 399.0, 249.0
393, 473.0, 183.0
394, 441.0, 377.0
395, 32.0, 128.0
396, 23.0, 114.0
397, 316.0, 261.0
398, 370.0, 206.0
399, 229.0, 32.0
400, 487.0, 308.0
401, 451.0, 329.0
402, 236.0, 17.0
403, 451.0, 134.0
404, 298.0, 132.0
405, 204.0, 209.0
406, 632.0, 300.0
407, 508.0, 348.0
408, 484.0, 185.0
409, 297.0, 186.0
410, 610.0, 391.0
411, 57.0, 232.0
412, 68.0, 76.0
413, 568.0, 404.0
414, 254.0, 242.0
415, 231.0, 301.0
416, 424.0, 314.0
417, 373.0, 364.0
418, 97.0, 368.0
419, 134.0, 108.0
420, 372.0, 188.0
421, 82.0, 396.0
422, 593.0, 216.0
423, 308.0, 113.0
424, 193.0, 244.0
425, 500.0, 39.0
426, 613.0, 25.0
427, 221.0, 229.0
428, 53.0, 137.0
429, 258.0, 341.0
430, 148.0, 152.0
431, 258.0, 192.0
432, 276.0, 190.0
433, 210.0, 388.0
434, 362.0, 413.0
435, 238.0, 84.0
436, 174.0, 38.0
437, 459.0, 147.0
438, 482.0, 150.0
439, 283.0, 247.0
440, 104.0, 183.0
441, 368.0, 196.0
442, 348.0, 116.0
443, 375.0, 82.0
444, 210.0, 243.0
445, 133.0, 35.0
446, 390.0, 64.0
447, 96.0, 461.0
448, 389.0, 137.0
449, 484.0, 234.0
450, 288.0, 319.0
451, 548.0, 92.0
452, 146.0, 130.0
453, 165.0, 26.0
454, 415.0, 52.0
455, 44.0, 439.0
456, 306.0, 238.0
457, 297.0, 179.0
458, 464.0, 430.0
459, 181.0, 408.0
460, 412.0, 61.0
461, 9.0, 177.0
462, 651.0, 317.0
463, 356.0, 195.0
464, 356.0, 211.0
465, 573.0, 91.0
466, 67.0, 172.0
467, 549.0, 160.0
468, 166.0, 317.0
469, 487.0, 221.0
470, 243.0, 50.0
471, 211.0, 233.0
472, 733.0, 20.0
473, 331.0, 433.0
474, 490.0, 344.0
475, 407.0, 301.0
476, 178.0, 259.0
477, 242.0, 35.0
478, 166.0, 51.0
479, 460.0, 130.0
480, 400.0, 120.0
481, 436.0, 134.0
482, 371.0, 147.0
483, 47.0, 109.0
484, 518.0, 237.0
485, 722.0, 10.0
486, 520.0, 347.0
487, 426.0, 274.0
488, 407.0, 236.0
489, 141.0, 261.0
490, 302.0, 217.0
491, 560.0, 153.0
492, 701.0, 284.0
493, 510.0, 48.0
494, 192.0, 409.0
495, 104.0, 401.0
496, 384.0, 456.0
497, 653.0, 20.0
498, 58.0, 144.0
499, 222.0, 204.0
