0, 464.0, 281.0
1, 287.0, 235.0
2, 487.0, 215.0
3, 540.0, 284.0
4, 142.0, 366.0
5, 499.0, 265.0
6, 456.0, 107.0
7, 551.0, 234.0
8, 707.0, 165.0
9, 647.0, 245.0
10, 246.0, 215.0
11, 403.0, 388.0
12, 120.0, 43.0
13, 551.0, 276.0
14, 442.0, 398.0
15, 424.0, 108.0
16, 280.0, 173.0
17, 348.0, 425.0
18, 136.0, 353.0
19, 304.0, 99.0
20, 360.0, 429.0
21, 59.0, 119.0
22, 671.0, 220.0
23, 398.0, 21.0
24, 454.0, 387.0
25, 94.0, 198.0
26, 268.0, 145.0
27, 242.0, 451.0
28, 411.0, 399.0
29, 471.0, 439.0
30, 672.0, 148.0
31, 154.0, 347.0
32, 262.0, 200.0
33, 417.0, 341.0
34, 599.0, 383.0
35, 118.0, 30.0
36, 647.0, 32.0
37, 280.0, 91.0
38, 218.0, 347.0
39, 463.0, 33.0
40, 221.0, 138.0
41, 492.0, 232.0
42, 158.0, 41.0
43, 592.0, 108.0
44, 407.0, 277.0
45, 431.0, 464.0
46, 560.0, 235.0
47, 549.0, 249.0
48, 428.0, 247.0
49, 461.0, 209.0
50, 128.0, 70.0
51, 203.0, 184.0
52, 187.0, 103.0
53, 635.0, 241.0
54, 473.0, 88.0
55, 454.0, 304.0
56, 193.0, 162.0
57, 431.0, 417.0
58, 155.0, 372.0
59, 327.0, 312.0
60, 234.0, 380.0
61, 616.0, 178.0
62, 314.0, 290.0
63, 475.0, 200.0
64, 266.0, 223.0
65, 577.0, 469.0
66, 264.0, 64.0
67, 98.0, 147.0
68, 75.0, 226.0
69, 590.0, 154.0
70, 496.0, 221.0
71, 641.0, 132.0
72, 260.0, 119.0
73, 200.0, 28.0
74, 682.0, 84.0
75, 449.0, 349.0
76, 110.0, 169.0
77, 106.0, 221.0
78, 505.0, 119.0
79, 122.0, 462.0
80, 171.0, 73.0
81, 556.0, 349.0
82, 165.0, 376.0
83, 514.0, 144.0
84, 205.0, 140.0
85, 415.0, 317.0
86, 427.0, 260.0
87, 180.0, 18.0
88, 293.0, 171.0
89, 569.0, 266.0
90, 406.0, 38.0
91, 189.0, 135.0
92, 525.0, 247.0
93, 571.0, 230.0
94, 221.0, 118.0
95, 627.0, 131.0
96, 305.0, 256.0
97, 542.0, 62.0
98, 477.0, 178.0
99, 544.0, 388.0
100, 568.0, 421.0
101, 520.0, 337.0
102, 497.0, 155.0
103, 216.0, 48.0
104, 395.0, 271.0
105, 292.0, 84.0
106, 350.0, 265.0
107, 426.0, 397.0
108, 236.0, 136.0
109, 374.0, 419.0
110, 412.0, 93.0
111, 468.0, 310.0
112, 320.0, 405.0
113, 385.0, 107.0
114, 233.0, 217.0
115, 228.0, 82.0
116, 249.0, 124.0
117, 585.0, 255.0
118, 220.0, 103.0
119, 549.0, 284.0
120, 378.0, 62.0
121, 130.0, 178.0
122, 293.0, 287.0
123, 661.0, 147.0
124, 94.0, 96.0
125, 513.0, 62.0
126, 462.0, 79.0
127, 243.0, 398.0
128, 554.0, 174.0
129, 160.0, 131.0
130, 228.0, 62.0
131, 242.0, 74.0
132, 563.0, 228.0
133, 301.0, 424.0
134, 189.0, 186.0
135, 646.0, 173.0
136, 200.0, 328.0
137, 248.0, 238.0
138, 482.0, 250.0
139, 255.0, 217.0
140, 510.0, 245.0
141, 711.0, 154.0
142, 502.0, 318.0
143, 580.0, 420.0
144, 382.0, 51.0
145, 623.0, 141.0
146, 292.0, 157.0
147, 422.0, 428.0
148, 571.0, 244.0
149, 488.0, 177.0
150, 553.0, 360.0
151, 443.0, 107.0
152, 270.0, 314.0
153, 567.0, 203.0
154, 582.0, 244.0
155, 522.0, 201.0
156, 358.0, 286.0
157, 293.0, 102.0
158, 302.0, 375.0
159, 245.0, 84.0
160, 65.0, 407.0
161, 521.0, 449.0
162, 264.0, 89.0
163, 357.0, 414.0
164, 241.0, 62.0
165, 291.0, 51.0
166, 407.0, 379.0
167, 467.0, 426.0
168, 468.0, 297.0
169, 501.0, 252.0
170, 536.0, 191.0
171, 301.0, 122.0
172, 619.0, 238.0
173, 249.0, 336.0
174, 164.0, 355.0
175, 291.0, 335.0
176, 208.0, 456.0
177, 281.0, 315.0
178, 179.0, 43.0
179, 604.0, 177.0
180, 245.0, 249.0
181, 632.0, 115.0
182, 330.0, 294.0
183, 505.0, 408.0
184, 204.0, 423.0
185, 277.0, 84.0
186, 538.0, 173.0
187, 507.0, 85.0
188, 297.0, 248.0
189, 438.0, 264.0
190, 314.0, 304.0
191, 163.0, 363.0
192, 600.0, 148.0
193, 162.0, 325.0
194, 722.0, 156.0
195, 394.0, 97.0
196, 204.0, 81.0
197, 382.0, 361.0
198, 286.0, 248.0
199, 248.0, 147.0
200, 649.0, 17.0
201, 392.0, 289.0
202, 470.0, 413.0
203, 522.0, 391.0
204, 615.0, 210.0
205, 529.0, 218.0
206, 244.0, 202.0
207, 203.0, 471.0
208, 187.0, 427.0
209, 505.0, 229.0
210, 606.0, 201.0
211, 385.0, 230.0
212, 584.0, 143.0
213, 442.0, 148.0
214, 698.0, 102.0
215, 127.0, 96.0
216, 498.0, 358.0
217, 29.0, 150.0
218, 229.0, 192.0
219, 318.0, 466.0
220, 321.0, 428.0
221, 590.0, 215.0
222, 575.0, 406.0
223, 268.0, 174.0
224, 285.0, 398.0
225, 273.0, 28.0
226, 700.0, 113.0
227, 421.0, 220.0
228, 450.0, 336.0
229, 578.0, 370.0
230, 344.0, 38.0
231, 30.0, 30.0
232, 147.0, 450.0
233, 279.0, 195.0
234, 199.0, 461.0
235, 370.0, 293.0
236, 76.0, 463.0
237, 464.0, 180.0
238, 245.0, 103.0
239, 81.0, 144.0
240, 252.0, 323.0
241, 110.0, 145.0
242, 180.0, 294.0
243, 252.0, 186.0
244, 550.0, 215.0
245, 604.0, 218.0
246, 306.0, 143.0
247, 556.0, 434.0
248, 690.0, 259.0
249, 181.0, 150.0
250, 44.0, 425.0
251, 528.0, 343.0
252, 111.0, 45.0
253, 644.0, 185.0
254, 698.0, 237.0
255, 224.0, 332.0
256, 335.0, 432.0
257, 483.0, 241.0
258, 473.0, 211.0
259, 472.0, 323.0
260, 615.0, 90.0
261, 292.0, 310.0
262, 351.0, 460.0
263, 545.0, 52.0
264, 662.0, 176.0
265, 275.0, 469.0
266, 539.0, 14.0
267, 463.0, 334.0
268, 219.0, 313.0
269, 140.0, 89.0
270, 367.0, 408.0
271, 487.0, 454.0
272, 705.0, 436.0
273, 705.0, 307.0
274, 447.0, 250.0
275, 566.0, 213.0
276, 504.0, 208.0
277, 236.0, 123.0
278, 197.0, 409.0
279, 629.0, 214.0
280, 466.0, 392.0
281, 85.0, 126.0
282, 253.0, 257.0
283, 269.0, 161.0
284, 564.0, 280.0
285, 486.0, 187.0
286, 277.0, 106.0
287, 255.0, 35.0
288, 574.0, 160.0
289, 237.0, 165.0
290, 404.0, 64.0
291, 684.0, 112.0
292, 669.0, 159.0
293, 240.0, 267.0
294, 440.0, 48.0
295, 183.0, 449.0
296, 430.0, 88.0
297, 528.0, 142.0
298, 724.0, 255.0
299, 230.0, 103.0
300, 716.0, 212.0
301, 670.0, 435.0
302, 518.0, 118.0
303, 151.0, 422.0
304, 528.0, 378.0
305, 524.0, 61.0
306, 454.0, 313.0
307, 481.0, 470.0
308, 33.0, 102.0
309, 280.0, 144.0
310, 550.0, 371.0
311, 716.0, 289.0
312, 233.0, 204.0
313, 343.0, 51.0
314, 454.0, 358.0
315, 232.0, 43.0
316, 313.0, 363.0
317, 74.0, 173.0
318, 665.0, 253.0
319, 487.0, 325.0
320, 678.0, 249.0
321, 537.0, 297.0
322, 479.0, 387.0
323, 355.0, 81.0
324, 515.0, 346.0
325, 282.0, 377.0
326, 79.0, 200.0
327, 451.0, 210.0
328, 178.0, 279.0
329, 108.0, 366.0
330, 355.0, 372.0
331, 304.0, 414.0
332, 680.0, 193.0
333, 225.0, 339.0
334, 703.0, 46.0
335, 114.0, 427.0
336, 258.0, 393.0
337, 73.0, 8.0
338, 414.0, 82.0
339, 728.0, 60.0
340, 399.0, 226.0
341, 658.0, 158.0
342, 142.0, 101.0
343, 432.0, 217.0
344, 372.0, 439.0
345, 205.0, 446.0
346, 297.0, 236.0
347, 104.0, 31.0
348, 564.0, 441.0
349, 314.0, 165.0
350, 456.0, 423.0
351, 101.0, 454.0
352, 180.0, 200.0
353, 358.0, 273.0
354, 619.0, 192.0
355, 182.0, 161.0
356, 222.0, 458.0
357, 279.0, 293.0
358, 544.0, 425.0
359, 393.0, 387.0
360, 470.0, 462.0
361, 102.0, 234.0
362, 127.0, 145.0
363, 370.0, 96.0
364, 402.0, 303.0
365, 77.0, 27.0
366, 596.0, 279.0
367, 152.0, 290.0
368, 661.0, 190.0
369, 62.0, 133.0
370, 544.0, 267.0
371, 189.0, 384.0
372, 11.0, 397.0
373, 473.0, 117.0
374, 498.0, 40.0
375, 548.0, 321.0
376, 100.0, 10.0
377, 634.0, 104.0
378, 66.0, 32.0
379, 612.0, 440.0
380, 264.0, 48.0
381, 311.0, 384.0
382, 277.0, 212.0
383, 494.0, 100.0
384, 96.0, 41.0
385, 166.0, 57.0
386, 514.0, 442.0
387, 407.0, 120.0
388, 258.0, 376.0
389, 737.0, 200.0
390, 113.0, 80.0
391, 400.0, 340.0
392, 294.0, 348.0
393, 414.0, 73.0
394, 532.0, 397.0
395, 501.0, 52.0
396, 601.0, 235.0
397, 518.0, 326.0
398, 590.0, 262.0
399, 480.0, 262.0
400, 190.0, 50.0
401, 496.0, 283.0
402, 232.0, 362.0
403, 586.0, 233.0
404, 718.0, 168.0
405, 281.0, 153.0
406, 634.0, 431.0
407, 264.0, 102.0
408, 381.0, 402.0
409, 338.0, 68.0
410, 203.0, 196.0
411, 545.0, 406.0
412, 195.0, 446.0
413, 606.0, 402.0
414, 523.0, 83.0
415, 554.0, 392.0
416, 276.0, 403.0
417, 354.0, 471.0
418, 726.0, 300.0
419, 209.0, 126.0
420, 655.0, 378.0
421, 50.0, 380.0
422, 30.0, 77.0
423, 492.0, 11.0
424, 266.0, 442.0
425, 577.0, 206.0
426, 539.0, 367.0
427, 480.0, 407.0
428, 118.0, 389.0
429, 486.0, 265.0
430, 528.0, 265.0
431, 261.0, 23.0
432, 569.0, 366.0
433, 320.0, 122.0
434, 464.0, 20.0
435, 38.0, 358.0
436, 297.0, 406.0
437, 68.0, 455.0
438, 596.0, 84.0
439, 439.0, 312.0
440, 559.0, 295.0
441, 693.0, 85.0
442, 576.0, 393.0
443, 490.0, 28.0
444, 520.0, 187.0
445, 271.0, 43.0
446, 91.0, 136.0
447, 259.0, 286.0
448, 549.0, 123.0
449, 542.0, 212.0
450, 676.0, 340.0
451, 434.0, 381.0
452, 474.0, 160.0
453, 264.0, 417.0
454, 201.0, 43.0
455, 268.0, 293.0
456, 524.0, 15.0
457, 667.0, 234.0
458, 645.0, 401.0
459, 496.0, 84.0
460, 181.0, 118.0
461, 500.0, 30.0
462, 432.0, 235.0
463, 515.0, 470.0
464, 713.0, 141.0
465, 360.0, 237.0
466, 215.0, 241.0
467, 171.0, 314.0
468, 392.0, 350.0
469, 183.0, 310.0
470, 705.0, 320.0
471, 499.0, 456.0
472, 134.0, 193.0
473, 224.0, 207.0
474, 239.0, 353.0
475, 142.0, 118.0
476, 320.0, 380.0
477, 605.0, 138.0
478, 641.0, 337.0
479, 524.0, 28.0
480, 527.0, 426.0
481, 81.0, 118.0
482, 255.0, 209.0
483, 600.0, 418.0
484, 195.0, 121.0
485, 452.0, 453.0
486, 276.0, 66.0
487, 418.0, 382.0
488, 314.0, 189.0
489, 25.0, 178.0
490, 693.0, 315.0
491, 369.0, 106.0
492, 418.0, 26.0
493, 174.0, 456.0
494, 589.0, 162.0
495, 475.0, 190.0
496, 51.0, 39.0
497, 584.0, 266.0
498, 538.0, 30.0
499, 660.0, 430.0
