0, 428.0, 121.0
1, 164.0, 296.0
2, 181.0, 55.0
3, 235.0, 384.0
4, 315.0, 76.0
5, 693.0, 268.0
6, 395.0, 177.0
7, 181.0, 248.0
8, 198.0, 440.0
9, 486.0, 261.0
10, 285.0, 244.0
11, 630.0, 153.0
12, 364.0, 154.0
13, 271.0, 380.0
14, 573.0, 44.0
15, 383.0, 34.0
16, 520.0, 260.0
17, 534.0, 59.0
18, 432.0, 288.0
19, 117.0, 28.0
20, 339.0, 145.0
21, 45.0, 468.0
22, 304.0, 86.0
23, 557.0, 116.0
24, 329.0, 99.0
25, 199.0, 138.0
26, 552.0, 131.0
27, 124.0, 185.0
28, 402.0, 128.0
29, 436.0, 70.0
30, 157.0, 245.0
31, 549.0, 71.0
32, 178.0, 43.0
33, 296.0, 171.0
34, 155.0, 186.0
35, 315.0, 146.0
36, 464.0, 113.0
37, 88.0, 305.0
38, 339.0, 208.0
39, 303.0, 68.0
40, 341.0, 231.0
41, 435.0, 155.0
42, 547.0, 42.0
43, 209.0, 138.0
44, 265.0, 147.0
45, 158.0, 323.0
46, 14.0, 256.0
47, 628.0, 163.0
48, 263.0, 365.0
49, 315.0, 68.0
50, 61.0, 12.0
51, 276.0, 353.0
52, 88.0, 79.0
53, 37.0, 330.0
54, 367.0, 113.0
55, 188.0, 227.0
56, 140.0, 246.0
57, 590.0, 38.0
58, 308.0, 169.0
59, 92.0, 268.0
60, 367.0, 35.0
61, 583.0, 276.0
62, 132.0, 361.0
63, 442.0, 358.0
64, 159.0, 259.0
65, 206.0, 229.0
66, 434.0, 368.0
67, 306.0, 146.0
68, 216.0, 177.0
69, 48.0, 326.0
70, 148.0, 32.0
71, 551.0, 282.0
72, 529.0, 47.0
73, 329.0, 87.0
74, 79.0, 349.0
75, 255.0, 212.0
76, 290.0, 105.0
77, 66.0, 242.0
78, 80.0, 281.0
79, 79.0, 267.0
80, 230.0, 180.0
81, 544.0, 16.0
82, 249.0, 89.0
83, 492.0, 86.0
84, 395.0, 455.0
85, 440.0, 83.0
86, 71.0, 281.0
87, 23.0, 42.0
88, 549.0, 152.0
89, 448.0, 134.0
90, 154.0, 354.0
91, 67.0, 315.0
92, 122.0, 262.0
93, 74.0, 419.0
94, 41.0, 11.0
95, 334.0, 36.0
96, 585.0, 60.0
97, 279.0, 186.0
98, 291.0, 77.0
99, 200.0, 239.0
100, 224.0, 426.0
101, 605.0, 436.0
102, 453.0, 296.0
103, 546.0, 112.0
104, 166.0, 243.0
105, 238.0, 213.0
106, 336.0, 405.0
107, 642.0, 420.0
108, 305.0, 136.0
109, 213.0, 221.0
110, 135.0, 348.0
111, 683.0, 266.0
112, 86.0, 140.0
113, 208.0, 171.0
114, 672.0, 342.0
115, 64.0, 253.0
116, 41.0, 356.0
117, 122.0, 353.0
118, 204.0, 458.0
119, 432.0, 319.0
120, 247.0, 77.0
121, 68.0, 88.0
122, 138.0, 191.0
123, 87.0, 363.0
124, 63.0, 27.0
125, 125.0, 280.0
126, 68.0, 267.0
127, 74.0, 292.0
128, 146.0, 105.0
129, 39.0, 340.0
130, 492.0, 71.0
131, 137.0, 443.0
132, 462.0, 83.0
133, 651.0, 75.0
134, 566.0, 72.0
135, 389.0, 89.0
136, 346.0, 79.0
137, 24.0, 186.0
138, 287.0, 174.0
139, 492.0, 25.0
140, 203.0, 215.0
141, 353.0, 155.0
142, 130.0, 237.0
143, 150.0, 307.0
144, 106.0, 297.0
145, 178.0, 171.0
146, 353.0, 61.0
147, 388.0, 160.0
148, 353.0, 145.0
149, 167.0, 236.0
150, 78.0, 223.0
151, 176.0, 234.0
152, 521.0, 100.0
153, 94.0, 258.0
154, 166.0, 309.0
155, 340.0, 469.0
156, 69.0, 395.0
157, 401.0, 17.0
158, 290.0, 263.0
159, 15.0, 146.0
160, 192.0, 453.0
161, 164.0, 81.0
162, 226.0, 225.0
163, 241.0, 425.0
164, 354.0, 217.0
165, 356.0, 458.0
166, 471.0, 96.0
167, 367.0, 88.0
168, 24.0, 292.0
169, 63.0, 231.0
170, 499.0, 135.0
171, 493.0, 165.0
172, 366.0, 101.0
173, 137.0, 226.0
174, 537.0, 29.0
175, 28.0, 303.0
176, 514.0, 153.0
177, 317.0, 199.0
178, 174.0, 16.0
179, 379.0, 120.0
180, 162.0, 68.0
181, 266.0, 156.0
182, 81.0, 331.0
183, 317.0, 87.0
184, 316.0, 162.0
185, 77.0, 306.0
186, 109.0, 319.0
187, 382.0, 101.0
188, 45.0, 26.0
189, 525.0, 112.0
190, 196.0, 115.0
191, 419.0, 279.0
192, 486.0, 94.0
193, 576.0, 143.0
194, 226.0, 67.0
195, 267.0, 286.0
196, 24.0, 76.0
197, 612.0, 94.0
198, 98.0, 249.0
199, 141.0, 303.0
200, 78.0, 185.0
201, 565.0, 300.0
202, 28.0, 138.0
203, 131.0, 305.0
204, 704.0, 296.0
205, 242.0, 117.0
206, 197.0, 342.0
207, 135.0, 262.0
208, 514.0, 59.0
209, 511.0, 100.0
210, 585.0, 73.0
211, 67.0, 437.0
212, 315.0, 137.0
213, 109.0, 163.0
214, 170.0, 68.0
215, 174.0, 292.0
216, 164.0, 171.0
217, 253.0, 200.0
218, 339.0, 167.0
219, 102.0, 283.0
220, 315.0, 106.0
221, 161.0, 278.0
222, 629.0, 44.0
223, 154.0, 366.0
224, 293.0, 125.0
225, 681.0, 407.0
226, 446.0, 59.0
227, 379.0, 153.0
228, 379.0, 140.0
229, 578.0, 80.0
230, 118.0, 252.0
231, 712.0, 27.0
232, 179.0, 267.0
233, 340.0, 136.0
234, 582.0, 117.0
235, 417.0, 374.0
236, 682.0, 294.0
237, 340.0, 124.0
238, 642.0, 62.0
239, 235.0, 225.0
240, 148.0, 377.0
241, 468.0, 28.0
242, 381.0, 113.0
243, 164.0, 105.0
244, 132.0, 210.0
245, 242.0, 359.0
246, 14.0, 312.0
247, 573.0, 275.0
248, 146.0, 237.0
249, 182.0, 369.0
250, 574.0, 105.0
251, 140.0, 388.0
252, 189.0, 170.0
253, 625.0, 13.0
254, 347.0, 265.0
255, 652.0, 59.0
256, 507.0, 70.0
257, 90.0, 280.0
258, 337.0, 15.0
259, 649.0, 19.0
260, 393.0, 77.0
261, 380.0, 48.0
262, 202.0, 157.0
263, 88.0, 240.0
264, 587.0, 9.0
265, 223.0, 97.0
266, 64.0, 337.0
267, 437.0, 331.0
268, 266.0, 50.0
269, 465.0, 154.0
270, 43.0, 123.0
271, 59.0, 215.0
272, 81.0, 320.0
273, 177.0, 163.0
274, 187.0, 80.0
275, 67.0, 350.0
276, 452.0, 283.0
277, 434.0, 8.0
278, 43.0, 183.0
279, 98.0, 453.0
280, 267.0, 340.0
281, 594.0, 53.0
282, 50.0, 396.0
283, 354.0, 236.0
284, 213.0, 424.0
285, 304.0, 105.0
286, 26.0, 327.0
287, 33.0, 174.0
288, 245.0, 67.0
289, 290.0, 89.0
290, 145.0, 70.0
291, 161.0, 9.0
292, 401.0, 435.0
293, 419.0, 455.0
294, 633.0, 8.0
295, 228.0, 85.0
296, 326.0, 145.0
297, 390.0, 119.0
298, 14.0, 107.0
299, 219.0, 387.0
300, 742.0, 36.0
301, 36.0, 435.0
302, 117.0, 364.0
303, 128.0, 293.0
304, 175.0, 105.0
305, 159.0, 450.0
306, 255.0, 427.0
307, 328.0, 184.0
308, 638.0, 142.0
309, 380.0, 9.0
310, 176.0, 301.0
311, 554.0, 143.0
312, 206.0, 414.0
313, 234.0, 147.0
314, 79.0, 374.0
315, 140.0, 164.0
316, 531.0, 301.0
317, 434.0, 354.0
318, 553.0, 336.0
319, 288.0, 276.0
320, 267.0, 67.0
321, 515.0, 168.0
322, 210.0, 10.0
323, 700.0, 425.0
324, 65.0, 381.0
325, 488.0, 145.0
326, 685.0, 11.0
327, 146.0, 175.0
328, 277.0, 168.0
329, 263.0, 104.0
330, 93.0, 289.0
331, 339.0, 454.0
332, 503.0, 264.0
333, 74.0, 10.0
334, 302.0, 161.0
335, 300.0, 249.0
336, 210.0, 446.0
337, 609.0, 347.0
338, 278.0, 292.0
339, 305.0, 184.0
340, 294.0, 137.0
341, 296.0, 408.0
342, 666.0, 84.0
343, 196.0, 66.0
344, 698.0, 283.0
345, 192.0, 35.0
346, 293.0, 209.0
347, 439.0, 309.0
348, 663.0, 278.0
349, 207.0, 388.0
350, 350.0, 170.0
351, 93.0, 199.0
352, 658.0, 460.0
353, 625.0, 118.0
354, 343.0, 110.0
355, 260.0, 34.0
356, 173.0, 358.0
357, 181.0, 282.0
358, 445.0, 145.0
359, 70.0, 143.0
360, 360.0, 140.0
361, 250.0, 384.0
362, 81.0, 383.0
363, 623.0, 258.0
364, 99.0, 373.0
365, 280.0, 275.0
366, 47.0, 305.0
367, 129.0, 81.0
368, 78.0, 210.0
369, 690.0, 313.0
370, 50.0, 173.0
371, 270.0, 90.0
372, 615.0, 296.0
373, 34.0, 199.0
374, 604.0, 113.0
375, 419.0, 135.0
376, 735.0, 71.0
377, 16.0, 181.0
378, 677.0, 16.0
379, 357.0, 39.0
380, 616.0, 30.0
381, 120.0, 456.0
382, 396.0, 52.0
383, 415.0, 67.0
384, 560.0, 102.0
385, 195.0, 200.0
386, 461.0, 51.0
387, 263.0, 137.0
388, 124.0, 426.0
389, 339.0, 155.0
390, 111.0, 272.0
391, 207.0, 298.0
392, 668.0, 450.0
393, 71.0, 365.0
394, 302.0, 212.0
395, 183.0, 147.0
396, 224.0, 266.0
397, 500.0, 303.0
398, 353.0, 228.0
399, 519.0, 23.0
400, 375.0, 18.0
401, 200.0, 148.0
402, 172.0, 343.0
403, 92.0, 170.0
404, 225.0, 206.0
405, 229.0, 170.0
406, 624.0, 432.0
407, 67.0, 101.0
408, 410.0, 79.0
409, 462.0, 102.0
410, 19.0, 281.0
411, 358.0, 108.0
412, 484.0, 41.0
413, 407.0, 326.0
414, 152.0, 59.0
415, 642.0, 95.0
416, 39.0, 414.0
417, 149.0, 20.0
418, 671.0, 302.0
419, 64.0, 304.0
420, 459.0, 122.0
421, 99.0, 214.0
422, 155.0, 73.0
423, 146.0, 284.0
424, 235.0, 156.0
425, 364.0, 78.0
426, 558.0, 274.0
427, 687.0, 456.0
428, 127.0, 223.0
429, 405.0, 55.0
430, 299.0, 263.0
431, 239.0, 109.0
432, 192.0, 217.0
433, 428.0, 435.0
434, 472.0, 10.0
435, 548.0, 54.0
436, 196.0, 464.0
437, 354.0, 192.0
438, 600.0, 8.0
439, 439.0, 279.0
440, 230.0, 139.0
441, 166.0, 195.0
442, 631.0, 397.0
443, 562.0, 32.0
444, 157.0, 233.0
445, 368.0, 25.0
446, 390.0, 16.0
447, 271.0, 200.0
448, 589.0, 297.0
449, 11.0, 376.0
450, 377.0, 439.0
451, 528.0, 132.0
452, 19.0, 423.0
453, 267.0, 320.0
454, 731.0, 431.0
455, 414.0, 168.0
456, 232.0, 118.0
457, 228.0, 157.0
458, 187.0, 9.0
459, 354.0, 135.0
460, 42.0, 245.0
461, 83.0, 93.0
462, 404.0, 104.0
463, 201.0, 373.0
464, 326.0, 68.0
465, 108.0, 195.0
466, 238.0, 12.0
467, 44.0, 273.0
468, 706.0, 249.0
469, 593.0, 255.0
470, 709.0, 148.0
471, 356.0, 88.0
472, 10.0, 52.0
473, 142.0, 208.0
474, 168.0, 414.0
475, 514.0, 86.0
476, 74.0, 449.0
477, 225.0, 196.0
478, 375.0, 72.0
479, 296.0, 186.0
480, 347.0, 445.0
481, 180.0, 122.0
482, 79.0, 147.0
483, 48.0, 196.0
484, 44.0, 426.0
485, 61.0, 428.0
486, 265.0, 432.0
487, 364.0, 380.0
488, 108.0, 240.0
489, 137.0, 273.0
490, 269.0, 262.0
491, 507.0, 244.0
492, 10.0, 237.0
493, 150.0, 215.0
494, 83.0, 292.0
495, 451.0, 27.0
496, 156.0, 200.0
497, 504.0, 109.0
498, 644.0, 165.0
499, 389.0, 136.0
