0, 373.0, 429.0
1, 214.0, 166.0
2, 327.0, 356.0
3, 326.0, 158.0
4, 217.0, 223.0
5, 395.0, 298.0
6, 590.0, 100.0
7, 382.0, 253.0
8, 437.0, 228.0
9, 408.0, 435.0
10, 135.0, 410.0
11, 382.0, 273.0
12, 615.0, 377.0
13, 200.0, 167.0
14, 327.0, 271.0
15, 103.0, 136.0
16, 462.0, 392.0
17, 638.0, 240.0
18, 383.0, 316.0
19, 660.0, 101.0
20, 420.0, 203.0
21, 445.0, 409.0
22, 638.0, 108.0
23, 352.0, 174.0
24, 278.0, 345.0
25, 282.0, 363.0
26, 408.0, 193.0
27, 224.0, 411.0
28, 439.0, 252.0
29, 350.0, 268.0
30, 218.0, 299.0
31, 133.0, 213.0
32, 399.0, 250.0
33, 636.0, 179.0
34, 239.0, 274.0
35, 326.0, 81.0
36, 518.0, 207.0
37, 41.0, 172.0
38, 249.0, 142.0
39, 307.0, 463.0
40, 705.0, 57.0
41, 176.0, 199.0
42, 426.0, 260.0
43, 219.0, 111.0
44, 297.0, 189.0
45, 601.0, 291.0
46, 619.0, 314.0
47, 663.0, 149.0
48, 193.0, 381.0
49, 365.0, 336.0
50, 312.0, 335.0
51, 88.0, 261.0
52, 229.0, 297.0
53, 374.0, 406.0
54, 433.0, 87.0
55, 574.0, 174.0
56, 606.0, 111.0
57, 160.0, 309.0
58, 155.0, 356.0
59, 217.0, 250.0
60, 198.0, 130.0
61, 416.0, 311.0
62, 335.0, 151.0
63, 408.0, 203.0
64, 221.0, 372.0
65, 448.0, 139.0
66, 406.0, 212.0
67, 529.0, 197.0
68, 546.0, 197.0
69, 401.0, 326.0
70, 427.0, 197.0
71, 655.0, 336.0
72, 196.0, 110.0
73, 227.0, 225.0
74, 154.0, 251.0
75, 112.0, 289.0
76, 366.0, 150.0
77, 135.0, 249.0
78, 134.0, 273.0
79, 491.0, 16.0
80, 406.0, 224.0
81, 233.0, 169.0
82, 207.0, 234.0
83, 171.0, 328.0
84, 56.0, 131.0
85, 148.0, 208.0
86, 483.0, 406.0
87, 575.0, 110.0
88, 355.0, 402.0
89, 282.0, 166.0
90, 578.0, 91.0
91, 224.0, 397.0
92, 434.0, 440.0
93, 347.0, 420.0
94, 369.0, 440.0
95, 407.0, 294.0
96, 311.0, 134.0
97, 604.0, 177.0
98, 355.0, 160.0
99, 402.0, 50.0
100, 623.0, 139.0
101, 264.0, 387.0
102, 618.0, 168.0
103, 221.0, 159.0
104, 188.0, 223.0
105, 153.0, 335.0
106, 329.0, 135.0
107, 377.0, 149.0
108, 222.0, 201.0
109, 484.0, 197.0
110, 435.0, 173.0
111, 21.0, 344.0
112, 322.0, 42.0
113, 68.0, 219.0
114, 227.0, 237.0
115, 124.0, 171.0
116, 224.0, 176.0
117, 57.0, 22.0
118, 710.0, 70.0
119, 26.0, 468.0
120, 320.0, 175.0
121, 182.0, 168.0
122, 262.0, 423.0
123, 369.0, 260.0
124, 408.0, 261.0
125, 367.0, 278.0
126, 456.0, 171.0
127, 315.0, 150.0
128, 70.0, 36.0
129, 602.0, 125.0
130, 307.0, 409.0
131, 352.0, 97.0
132, 327.0, 429.0
133, 282.0, 180.0
134, 493.0, 218.0
135, 188.0, 119.0
136, 424.0, 400.0
137, 453.0, 362.0
138, 84.0, 80.0
139, 138.0, 131.0
140, 316.0, 185.0
141, 446.0, 271.0
142, 241.0, 212.0
143, 126.0, 446.0
144, 101.0, 175.0
145, 326.0, 327.0
146, 545.0, 241.0
147, 131.0, 301.0
148, 49.0, 275.0
149, 453.0, 183.0
150, 70.0, 160.0
151, 219.0, 129.0
152, 175.0, 216.0
153, 420.0, 347.0
154, 460.0, 344.0
155, 381.0, 337.0
156, 120.0, 319.0
157, 627.0, 23.0
158, 171.0, 111.0
159, 128.0, 156.0
160, 272.0, 336.0
161, 739.0, 95.0
162, 513.0, 100.0
163, 327.0, 285.0
164, 472.0, 194.0
165, 115.0, 180.0
166, 423.0, 442.0
167, 218.0, 242.0
168, 302.0, 382.0
169, 539.0, 74.0
170, 376.0, 295.0
171, 513.0, 342.0
172, 264.0, 141.0
173, 132.0, 231.0
174, 516.0, 238.0
175, 159.0, 321.0
176, 464.0, 306.0
177, 300.0, 372.0
178, 343.0, 108.0
179, 66.0, 405.0
180, 467.0, 216.0
181, 219.0, 348.0
182, 219.0, 264.0
183, 109.0, 321.0
184, 292.0, 416.0
185, 178.0, 454.0
186, 349.0, 257.0
187, 68.0, 195.0
188, 117.0, 111.0
189, 299.0, 290.0
190, 345.0, 296.0
191, 424.0, 274.0
192, 148.0, 157.0
193, 208.0, 188.0
194, 291.0, 77.0
195, 634.0, 189.0
196, 78.0, 330.0
197, 473.0, 185.0
198, 334.0, 165.0
199, 489.0, 458.0
200, 119.0, 218.0
201, 81.0, 198.0
202, 252.0, 266.0
203, 431.0, 216.0
204, 238.0, 262.0
205, 366.0, 54.0
206, 592.0, 200.0
207, 144.0, 167.0
208, 493.0, 107.0
209, 454.0, 260.0
210, 627.0, 281.0
211, 479.0, 372.0
212, 666.0, 141.0
213, 495.0, 90.0
214, 345.0, 49.0
215, 348.0, 308.0
216, 471.0, 62.0
217, 85.0, 136.0
218, 445.0, 339.0
219, 300.0, 276.0
220, 361.0, 171.0
221, 489.0, 371.0
222, 215.0, 175.0
223, 505.0, 375.0
224, 553.0, 129.0
225, 196.0, 211.0
226, 422.0, 338.0
227, 181.0, 322.0
228, 173.0, 131.0
229, 509.0, 15.0
230, 501.0, 315.0
231, 547.0, 58.0
232, 392.0, 406.0
233, 137.0, 119.0
234, 29.0, 437.0
235, 519.0, 20.0
236, 562.0, 173.0
237, 207.0, 246.0
238, 423.0, 188.0
239, 619.0, 395.0
240, 430.0, 137.0
241, 480.0, 225.0
242, 602.0, 187.0
243, 136.0, 435.0
244, 337.0, 313.0
245, 328.0, 343.0
246, 675.0, 152.0
247, 220.0, 471.0
248, 127.0, 418.0
249, 264.0, 345.0
250, 468.0, 105.0
251, 302.0, 418.0
252, 389.0, 52.0
253, 344.0, 377.0
254, 367.0, 35.0
255, 585.0, 270.0
256, 531.0, 438.0
257, 632.0, 59.0
258, 558.0, 228.0
259, 359.0, 86.0
260, 432.0, 381.0
261, 325.0, 409.0
262, 472.0, 463.0
263, 216.0, 444.0
264, 297.0, 157.0
265, 388.0, 30.0
266, 460.0, 70.0
267, 246.0, 66.0
268, 560.0, 196.0
269, 535.0, 58.0
270, 432.0, 246.0
271, 206.0, 218.0
272, 327.0, 311.0
273, 12.0, 134.0
274, 348.0, 246.0
275, 477.0, 356.0
276, 167.0, 376.0
277, 692.0, 151.0
278, 400.0, 446.0
279, 293.0, 62.0
280, 687.0, 103.0
281, 418.0, 151.0
282, 24.0, 157.0
283, 15.0, 317.0
284, 280.0, 89.0
285, 454.0, 384.0
286, 382.0, 467.0
287, 611.0, 282.0
288, 216.0, 311.0
289, 536.0, 91.0
290, 471.0, 400.0
291, 736.0, 370.0
292, 543.0, 275.0
293, 259.0, 123.0
294, 438.0, 281.0
295, 468.0, 26.0
296, 405.0, 469.0
297, 252.0, 278.0
298, 227.0, 144.0
299, 350.0, 281.0
300, 381.0, 434.0
301, 511.0, 228.0
302, 148.0, 455.0
303, 466.0, 154.0
304, 600.0, 389.0
305, 283.0, 195.0
306, 317.0, 276.0
307, 219.0, 230.0
308, 74.0, 279.0
309, 375.0, 369.0
310, 498.0, 397.0
311, 490.0, 26.0
312, 415.0, 392.0
313, 149.0, 269.0
314, 718.0, 104.0
315, 266.0, 133.0
316, 588.0, 221.0
317, 453.0, 421.0
318, 391.0, 346.0
319, 572.0, 183.0
320, 258.0, 193.0
321, 739.0, 110.0
322, 606.0, 166.0
323, 30.0, 203.0
324, 607.0, 92.0
325, 275.0, 123.0
326, 328.0, 260.0
327, 558.0, 416.0
328, 302.0, 125.0
329, 334.0, 377.0
330, 512.0, 91.0
331, 258.0, 249.0
332, 512.0, 110.0
333, 42.0, 33.0
334, 390.0, 168.0
335, 341.0, 178.0
336, 154.0, 469.0
337, 117.0, 400.0
338, 375.0, 234.0
339, 407.0, 361.0
340, 74.0, 442.0
341, 175.0, 158.0
342, 687.0, 25.0
343, 299.0, 331.0
344, 231.0, 203.0
345, 53.0, 180.0
346, 174.0, 358.0
347, 205.0, 177.0
348, 575.0, 215.0
349, 69.0, 81.0
350, 446.0, 250.0
351, 315.0, 33.0
352, 329.0, 467.0
353, 337.0, 40.0
354, 336.0, 414.0
355, 204.0, 273.0
356, 434.0, 122.0
357, 133.0, 396.0
358, 104.0, 463.0
359, 403.0, 426.0
360, 582.0, 242.0
361, 11.0, 219.0
362, 315.0, 402.0
363, 306.0, 430.0
364, 393.0, 425.0
365, 298.0, 175.0
366, 101.0, 381.0
367, 183.0, 179.0
368, 576.0, 457.0
369, 127.0, 192.0
370, 87.0, 248.0
371, 461.0, 249.0
372, 33.0, 311.0
373, 91.0, 391.0
374, 397.0, 272.0
375, 167.0, 392.0
376, 86.0, 10.0
377, 150.0, 280.0
378, 186.0, 214.0
379, 108.0, 235.0
380, 364.0, 413.0
381, 281.0, 427.0
382, 149.0, 325.0
383, 387.0, 78.0
384, 240.0, 289.0
385, 367.0, 244.0
386, 307.0, 37.0
387, 479.0, 332.0
388, 509.0, 385.0
389, 610.0, 271.0
390, 230.0, 30.0
391, 465.0, 89.0
392, 651.0, 193.0
393, 720.0, 58.0
394, 254.0, 69.0
395, 46.0, 317.0
396, 94.0, 23.0
397, 178.0, 243.0
398, 196.0, 201.0
399, 410.0, 276.0
400, 197.0, 360.0
401, 70.0, 108.0
402, 75.0, 418.0
403, 496.0, 198.0
404, 381.0, 283.0
405, 402.0, 309.0
406, 260.0, 93.0
407, 487.0, 257.0
408, 122.0, 261.0
409, 73.0, 371.0
410, 186.0, 332.0
411, 155.0, 296.0
412, 230.0, 308.0
413, 730.0, 241.0
414, 184.0, 274.0
415, 343.0, 24.0
416, 79.0, 186.0
417, 675.0, 140.0
418, 123.0, 239.0
419, 518.0, 160.0
420, 384.0, 124.0
421, 171.0, 286.0
422, 649.0, 106.0
423, 17.0, 419.0
424, 429.0, 318.0
425, 343.0, 403.0
426, 105.0, 268.0
427, 123.0, 294.0
428, 656.0, 88.0
429, 294.0, 137.0
430, 689.0, 141.0
431, 248.0, 440.0
432, 570.0, 191.0
433, 436.0, 154.0
434, 441.0, 359.0
435, 604.0, 316.0
436, 668.0, 13.0
437, 71.0, 268.0
438, 261.0, 22.0
439, 242.0, 415.0
440, 202.0, 155.0
441, 201.0, 290.0
442, 237.0, 466.0
443, 359.0, 77.0
444, 262.0, 297.0
445, 392.0, 116.0
446, 51.0, 51.0
447, 181.0, 379.0
448, 728.0, 404.0
449, 512.0, 139.0
450, 505.0, 28.0
451, 616.0, 203.0
452, 448.0, 42.0
453, 45.0, 72.0
454, 383.0, 14.0
455, 238.0, 227.0
456, 286.0, 297.0
457, 520.0, 402.0
458, 168.0, 278.0
459, 321.0, 107.0
460, 84.0, 176.0
461, 459.0, 403.0
462, 486.0, 281.0
463, 248.0, 162.0
464, 443.0, 417.0
465, 326.0, 70.0
466, 216.0, 214.0
467, 484.0, 157.0
468, 439.0, 52.0
469, 558.0, 112.0
470, 581.0, 133.0
471, 59.0, 417.0
472, 618.0, 178.0
473, 124.0, 134.0
474, 316.0, 117.0
475, 361.0, 434.0
476, 402.0, 18.0
477, 272.0, 447.0
478, 75.0, 148.0
479, 38.0, 12.0
480, 91.0, 58.0
481, 434.0, 369.0
482, 543.0, 210.0
483, 148.0, 192.0
484, 386.0, 234.0
485, 265.0, 358.0
486, 208.0, 200.0
487, 214.0, 425.0
488, 552.0, 150.0
489, 447.0, 374.0
490, 70.0, 461.0
491, 516.0, 178.0
492, 545.0, 251.0
493, 292.0, 437.0
494, 227.0, 189.0
495, 397.0, 283.0
496, 329.0, 298.0
497, 669.0, 188.0
498, 411.0, 49.0
499, 446.0, 323.0
