0, 606.0, 225.0
1, 550.0, 279.0
2, 480.0, 395.0
3, 701.0, 148.0
4, 549.0, 296.0
5, 667.0, 315.0
6, 446.0, 290.0
7, 387.0, 185.0
8, 390.0, 289.0
9, 589.0, 132.0
10, 609.0, 198.0
11, 396.0, 389.0
12, 380.0, 318.0
13, 386.0, 409.0
14, 390.0, 317.0
15, 382.0, 16.0
16, 515.0, 391.0
17, 632.0, 244.0
18, 535.0, 295.0
19, 540.0, 250.0
20, 106.0, 92.0
21, 522.0, 331.0
22, 91.0, 43.0
23, 374.0, 144.0
24, 85.0, 119.0
25, 69.0, 120.0
26, 243.0, 257.0
27, 677.0, 147.0
28, 330.0, 453.0
29, 496.0, 347.0
30, 329.0, 215.0
31, 553.0, 268.0
32, 401.0, 353.0
33, 600.0, 302.0
34, 26.0, 121.0
35, 535.0, 196.0
36, 420.0, 278.0
37, 362.0, 430.0
38, 576.0, 237.0
39, 506.0, 365.0
40, 640.0, 146.0
41, 531.0, 398.0
42, 366.0, 400.0
43, 419.0, 420.0
44, 415.0, 313.0
45, 549.0, 245.0
46, 574.0, 194.0
47, 401.0, 459.0
48, 387.0, 426.0
49, 590.0, 286.0
50, 562.0, 396.0
51, 600.0, 290.0
52, 407.0, 338.0
53, 418.0, 456.0
54, 599.0, 186.0
55, 669.0, 334.0
56, 467.0, 391.0
57, 414.0, 350.0
58, 505.0, 375.0
59, 248.0, 165.0
60, 411.0, 323.0
61, 473.0, 307.0
62, 351.0, 270.0
63, 551.0, 414.0
64, 588.0, 312.0
65, 405.0, 392.0
66, 431.0, 358.0
67, 494.0, 397.0
68, 429.0, 319.0
69, 497.0, 383.0
70, 592.0, 223.0
71, 714.0, 148.0
72, 384.0, 395.0
73, 509.0, 458.0
74, 375.0, 189.0
75, 378.0, 248.0
76, 661.0, 145.0
77, 556.0, 367.0
78, 628.0, 349.0
79, 451.0, 189.0
80, 478.0, 285.0
81, 347.0, 204.0
82, 340.0, 344.0
83, 144.0, 346.0
84, 673.0, 160.0
85, 431.0, 301.0
86, 559.0, 309.0
87, 598.0, 174.0
88, 317.0, 170.0
89, 541.0, 335.0
90, 373.0, 129.0
91, 630.0, 408.0
92, 354.0, 149.0
93, 465.0, 338.0
94, 76.0, 57.0
95, 483.0, 128.0
96, 402.0, 283.0
97, 498.0, 363.0
98, 405.0, 426.0
99, 658.0, 332.0
100, 193.0, 373.0
101, 650.0, 135.0
102, 393.0, 377.0
103, 477.0, 370.0
104, 278.0, 433.0
105, 335.0, 442.0
106, 456.0, 422.0
107, 19.0, 29.0
108, 549.0, 388.0
109, 365.0, 458.0
110, 361.0, 197.0
111, 387.0, 385.0
112, 503.0, 334.0
113, 608.0, 451.0
114, 384.0, 468.0
115, 719.0, 134.0
116, 517.0, 358.0
117, 400.0, 308.0
118, 462.0, 403.0
119, 564.0, 280.0
120, 312.0, 135.0
121, 264.0, 287.0
122, 515.0, 323.0
123, 111.0, 353.0
124, 307.0, 448.0
125, 462.0, 189.0
126, 374.0, 412.0
127, 449.0, 439.0
128, 123.0, 385.0
129, 403.0, 439.0
130, 304.0, 160.0
131, 172.0, 184.0
132, 474.0, 295.0
133, 696.0, 164.0
134, 709.0, 436.0
135, 236.0, 318.0
136, 443.0, 302.0
137, 473.0, 469.0
138, 433.0, 462.0
139, 433.0, 340.0
140, 360.0, 469.0
141, 470.0, 197.0
142, 322.0, 163.0
143, 584.0, 275.0
144, 702.0, 133.0
145, 440.0, 318.0
146, 354.0, 321.0
147, 342.0, 401.0
148, 713.0, 38.0
149, 432.0, 431.0
150, 461.0, 304.0
151, 567.0, 309.0
152, 164.0, 167.0
153, 296.0, 315.0
154, 524.0, 470.0
155, 544.0, 358.0
156, 648.0, 110.0
157, 632.0, 271.0
158, 323.0, 362.0
159, 150.0, 106.0
160, 680.0, 136.0
161, 310.0, 225.0
162, 171.0, 362.0
163, 639.0, 123.0
164, 612.0, 279.0
165, 619.0, 225.0
166, 619.0, 328.0
167, 555.0, 451.0
168, 418.0, 266.0
169, 630.0, 158.0
170, 632.0, 177.0
171, 360.0, 134.0
172, 537.0, 381.0
173, 602.0, 207.0
174, 378.0, 423.0
175, 417.0, 296.0
176, 421.0, 408.0
177, 380.0, 301.0
178, 740.0, 137.0
179, 553.0, 376.0
180, 434.0, 291.0
181, 618.0, 455.0
182, 355.0, 330.0
183, 340.0, 456.0
184, 456.0, 293.0
185, 509.0, 351.0
186, 428.0, 121.0
187, 413.0, 366.0
188, 365.0, 112.0
189, 739.0, 149.0
190, 471.0, 354.0
191, 403.0, 201.0
192, 300.0, 427.0
193, 365.0, 256.0
194, 393.0, 398.0
195, 543.0, 124.0
196, 583.0, 425.0
197, 442.0, 395.0
198, 693.0, 432.0
199, 436.0, 330.0
200, 663.0, 135.0
201, 589.0, 460.0
202, 381.0, 52.0
203, 532.0, 325.0
204, 636.0, 208.0
205, 262.0, 452.0
206, 321.0, 146.0
207, 344.0, 155.0
208, 695.0, 364.0
209, 530.0, 346.0
210, 612.0, 247.0
211, 420.0, 382.0
212, 736.0, 163.0
213, 290.0, 255.0
214, 636.0, 334.0
215, 550.0, 467.0
216, 629.0, 288.0
217, 603.0, 467.0
218, 601.0, 315.0
219, 305.0, 171.0
220, 543.0, 447.0
221, 51.0, 95.0
222, 680.0, 231.0
223, 359.0, 441.0
224, 124.0, 329.0
225, 531.0, 8.0
226, 680.0, 372.0
227, 571.0, 456.0
228, 269.0, 242.0
229, 254.0, 426.0
230, 405.0, 378.0
231, 141.0, 334.0
232, 721.0, 430.0
233, 517.0, 376.0
234, 188.0, 362.0
235, 126.0, 446.0
236, 647.0, 197.0
237, 405.0, 404.0
238, 439.0, 269.0
239, 170.0, 345.0
240, 399.0, 176.0
241, 707.0, 398.0
242, 375.0, 169.0
243, 352.0, 451.0
244, 389.0, 109.0
245, 648.0, 78.0
246, 398.0, 138.0
247, 449.0, 229.0
248, 203.0, 177.0
249, 707.0, 327.0
250, 373.0, 433.0
251, 155.0, 316.0
252, 287.0, 238.0
253, 415.0, 395.0
254, 260.0, 251.0
255, 655.0, 458.0
256, 672.0, 410.0
257, 255.0, 461.0
258, 359.0, 341.0
259, 495.0, 286.0
260, 135.0, 353.0
261, 483.0, 345.0
262, 375.0, 60.0
263, 627.0, 96.0
264, 9.0, 381.0
265, 529.0, 20.0
266, 659.0, 386.0
267, 113.0, 456.0
268, 644.0, 322.0
269, 426.0, 225.0
270, 614.0, 187.0
271, 45.0, 35.0
272, 427.0, 371.0
273, 595.0, 260.0
274, 130.0, 363.0
275, 391.0, 351.0
276, 596.0, 195.0
277, 382.0, 345.0
278, 248.0, 469.0
279, 139.0, 369.0
280, 517.0, 370.0
281, 378.0, 405.0
282, 331.0, 226.0
283, 418.0, 287.0
284, 386.0, 26.0
285, 743.0, 428.0
286, 432.0, 392.0
287, 177.0, 382.0
288, 81.0, 159.0
289, 418.0, 231.0
290, 520.0, 107.0
291, 54.0, 158.0
292, 186.0, 182.0
293, 635.0, 435.0
294, 741.0, 25.0
295, 488.0, 385.0
296, 736.0, 452.0
297, 450.0, 410.0
298, 543.0, 267.0
299, 710.0, 449.0
300, 687.0, 334.0
301, 152.0, 329.0
302, 638.0, 196.0
303, 512.0, 282.0
304, 317.0, 468.0
305, 338.0, 131.0
306, 501.0, 416.0
307, 639.0, 228.0
308, 240.0, 379.0
309, 353.0, 465.0
310, 396.0, 13.0
311, 279.0, 423.0
312, 69.0, 8.0
313, 343.0, 140.0
314, 618.0, 235.0
315, 554.0, 330.0
316, 404.0, 415.0
317, 155.0, 119.0
318, 643.0, 401.0
319, 203.0, 423.0
320, 112.0, 418.0
321, 537.0, 282.0
322, 589.0, 234.0
323, 624.0, 323.0
324, 415.0, 428.0
325, 516.0, 135.0
326, 303.0, 150.0
327, 658.0, 159.0
328, 501.0, 213.0
329, 29.0, 162.0
330, 16.0, 62.0
331, 240.0, 453.0
332, 603.0, 443.0
333, 463.0, 158.0
334, 475.0, 326.0
335, 257.0, 447.0
336, 436.0, 469.0
337, 611.0, 137.0
338, 26.0, 380.0
339, 157.0, 342.0
340, 233.0, 168.0
341, 352.0, 355.0
342, 594.0, 373.0
343, 284.0, 406.0
344, 616.0, 416.0
345, 558.0, 252.0
346, 459.0, 413.0
347, 684.0, 396.0
348, 549.0, 45.0
349, 361.0, 19.0
350, 449.0, 208.0
351, 267.0, 305.0
352, 395.0, 414.0
353, 305.0, 383.0
354, 369.0, 319.0
355, 543.0, 151.0
356, 669.0, 447.0
357, 446.0, 384.0
358, 399.0, 336.0
359, 86.0, 174.0
360, 607.0, 237.0
361, 321.0, 417.0
362, 622.0, 440.0
363, 495.0, 39.0
364, 399.0, 27.0
365, 604.0, 270.0
366, 151.0, 381.0
367, 171.0, 294.0
368, 615.0, 178.0
369, 627.0, 187.0
370, 520.0, 425.0
371, 480.0, 37.0
372, 467.0, 13.0
373, 208.0, 280.0
374, 509.0, 411.0
375, 416.0, 466.0
376, 513.0, 446.0
377, 282.0, 449.0
378, 196.0, 429.0
379, 365.0, 121.0
380, 428.0, 334.0
381, 545.0, 427.0
382, 560.0, 220.0
383, 619.0, 144.0
384, 289.0, 421.0
385, 563.0, 289.0
386, 39.0, 112.0
387, 614.0, 112.0
388, 511.0, 242.0
389, 388.0, 116.0
390, 10.0, 76.0
391, 434.0, 403.0
392, 22.0, 104.0
393, 130.0, 165.0
394, 146.0, 184.0
395, 225.0, 312.0
396, 363.0, 59.0
397, 653.0, 166.0
398, 532.0, 416.0
399, 22.0, 462.0
400, 263.0, 150.0
401, 536.0, 217.0
402, 550.0, 349.0
403, 738.0, 211.0
404, 130.0, 119.0
405, 584.0, 208.0
406, 487.0, 466.0
407, 490.0, 210.0
408, 372.0, 18.0
409, 131.0, 107.0
410, 44.0, 209.0
411, 640.0, 365.0
412, 675.0, 251.0
413, 322.0, 432.0
414, 506.0, 385.0
415, 464.0, 208.0
416, 691.0, 134.0
417, 673.0, 465.0
418, 214.0, 467.0
419, 602.0, 433.0
420, 648.0, 166.0
421, 610.0, 324.0
422, 327.0, 420.0
423, 636.0, 447.0
424, 631.0, 300.0
425, 310.0, 439.0
426, 656.0, 30.0
427, 33.0, 182.0
428, 476.0, 406.0
429, 424.0, 441.0
430, 633.0, 418.0
431, 567.0, 471.0
432, 467.0, 53.0
433, 64.0, 56.0
434, 363.0, 450.0
435, 87.0, 346.0
436, 732.0, 238.0
437, 491.0, 454.0
438, 628.0, 182.0
439, 363.0, 215.0
440, 355.0, 415.0
441, 446.0, 270.0
442, 562.0, 418.0
443, 329.0, 471.0
444, 733.0, 24.0
445, 121.0, 454.0
446, 646.0, 330.0
447, 156.0, 375.0
448, 501.0, 441.0
449, 510.0, 342.0
450, 638.0, 110.0
451, 87.0, 335.0
452, 286.0, 444.0
453, 573.0, 401.0
454, 539.0, 161.0
455, 87.0, 340.0
456, 561.0, 335.0
457, 294.0, 434.0
458, 147.0, 330.0
459, 477.0, 316.0
460, 542.0, 412.0
461, 667.0, 380.0
462, 376.0, 203.0
463, 521.0, 449.0
464, 453.0, 400.0
465, 591.0, 410.0
466, 586.0, 437.0
467, 159.0, 113.0
468, 523.0, 419.0
469, 442.0, 280.0
470, 666.0, 390.0
471, 577.0, 308.0
472, 596.0, 247.0
473, 537.0, 461.0
474, 8.0, 138.0
475, 300.0, 143.0
476, 473.0, 379.0
477, 357.0, 394.0
478, 546.0, 85.0
479, 700.0, 418.0
480, 678.0, 442.0
481, 213.0, 278.0
482, 343.0, 471.0
483, 560.0, 168.0
484, 527.0, 354.0
485, 315.0, 437.0
486, 124.0, 105.0
487, 579.0, 403.0
488, 655.0, 439.0
489, 378.0, 439.0
490, 615.0, 383.0
491, 119.0, 103.0
492, 412.0, 417.0
493, 551.0, 339.0
494, 678.0, 8.0
495, 504.0, 135.0
496, 497.0, 374.0
497, 143.0, 383.0
498, 558.0, 386.0
499, 727.0, 224.0
