0, 513.0, 150.0
1, 580.0, 174.0
2, 351.0, 88.0
3, 375.0, 90.0
4, 167.0, 170.0
5, 363.0, 143.0
6, 505.0, 172.0
7, 217.0, 104.0
8, 316.0, 163.0
9, 205.0, 93.0
10, 29.0, 139.0
11, 140.0, 191.0
12, 115.0, 187.0
13, 299.0, 35.0
14, 114.0, 147.0
15, 351.0, 100.0
16, 315.0, 174.0
17, 410.0, 188.0
18, 151.0, 66.0
19, 61.0, 228.0
20, 121.0, 139.0
21, 87.0, 183.0
22, 36.0, 243.0
23, 339.0, 101.0
24, 603.0, 151.0
25, 283.0, 187.0
26, 435.0, 145.0
27, 287.0, 35.0
28, 368.0, 160.0
29, 388.0, 31.0
30, 322.0, 152.0
31, 65.0, 135.0
32, 387.0, 167.0
33, 124.0, 97.0
34, 581.0, 161.0
35, 156.0, 164.0
36, 102.0, 404.0
37, 251.0, 138.0
38, 181.0, 177.0
39, 245.0, 153.0
40, 82.0, 234.0
41, 598.0, 77.0
42, 147.0, 158.0
43, 494.0, 66.0
44, 82.0, 121.0
45, 365.0, 126.0
46, 342.0, 284.0
47, 500.0, 152.0
48, 188.0, 200.0
49, 182.0, 113.0
50, 288.0, 47.0
51, 12.0, 147.0
52, 310.0, 35.0
53, 435.0, 105.0
54, 419.0, 161.0
55, 562.0, 149.0
56, 407.0, 163.0
57, 164.0, 207.0
58, 278.0, 59.0
59, 444.0, 267.0
60, 207.0, 354.0
61, 352.0, 144.0
62, 213.0, 75.0
63, 272.0, 97.0
64, 507.0, 44.0
65, 430.0, 90.0
66, 105.0, 174.0
67, 574.0, 153.0
68, 298.0, 47.0
69, 384.0, 217.0
70, 277.0, 51.0
71, 622.0, 151.0
72, 528.0, 14.0
73, 190.0, 11.0
74, 44.0, 162.0
75, 152.0, 181.0
76, 237.0, 334.0
77, 452.0, 92.0
78, 254.0, 50.0
79, 436.0, 119.0
80, 162.0, 365.0
81, 289.0, 57.0
82, 373.0, 101.0
83, 400.0, 84.0
84, 520.0, 62.0
85, 455.0, 118.0
86, 419.0, 96.0
87, 597.0, 54.0
88, 106.0, 139.0
89, 548.0, 143.0
90, 95.0, 123.0
91, 296.0, 125.0
92, 451.0, 170.0
93, 488.0, 234.0
94, 295.0, 197.0
95, 59.0, 165.0
96, 469.0, 183.0
97, 164.0, 89.0
98, 101.0, 107.0
99, 454.0, 72.0
100, 268.0, 158.0
101, 449.0, 129.0
102, 195.0, 105.0
103, 83.0, 222.0
104, 347.0, 108.0
105, 142.0, 165.0
106, 85.0, 138.0
107, 386.0, 151.0
108, 486.0, 119.0
109, 378.0, 80.0
110, 467.0, 167.0
111, 290.0, 176.0
112, 100.0, 98.0
113, 393.0, 122.0
114, 633.0, 192.0
115, 436.0, 159.0
116, 294.0, 164.0
117, 148.0, 208.0
118, 380.0, 252.0
119, 150.0, 36.0
120, 717.0, 95.0
121, 234.0, 242.0
122, 262.0, 33.0
123, 284.0, 22.0
124, 146.0, 373.0
125, 403.0, 120.0
126, 130.0, 163.0
127, 726.0, 157.0
128, 582.0, 85.0
129, 92.0, 398.0
130, 268.0, 84.0
131, 418.0, 121.0
132, 565.0, 180.0
133, 177.0, 37.0
134, 591.0, 151.0
135, 694.0, 85.0
136, 685.0, 86.0
137, 385.0, 120.0
138, 597.0, 68.0
139, 96.0, 87.0
140, 545.0, 127.0
141, 407.0, 107.0
142, 161.0, 153.0
143, 252.0, 38.0
144, 237.0, 143.0
145, 147.0, 89.0
146, 122.0, 156.0
147, 77.0, 98.0
148, 213.0, 15.0
149, 554.0, 66.0
150, 106.0, 230.0
151, 425.0, 280.0
152, 128.0, 381.0
153, 63.0, 185.0
154, 731.0, 14.0
155, 142.0, 224.0
156, 568.0, 103.0
157, 229.0, 109.0
158, 253.0, 333.0
159, 348.0, 115.0
160, 273.0, 33.0
161, 163.0, 186.0
162, 130.0, 146.0
163, 264.0, 320.0
164, 298.0, 58.0
165, 605.0, 84.0
166, 340.0, 121.0
167, 692.0, 58.0
168, 265.0, 336.0
169, 686.0, 110.0
170, 659.0, 88.0
171, 240.0, 165.0
172, 454.0, 81.0
173, 703.0, 168.0
174, 718.0, 193.0
175, 379.0, 62.0
176, 375.0, 120.0
177, 336.0, 155.0
178, 383.0, 134.0
179, 645.0, 129.0
180, 247.0, 126.0
181, 402.0, 294.0
182, 47.0, 135.0
183, 715.0, 158.0
184, 535.0, 58.0
185, 713.0, 112.0
186, 467.0, 118.0
187, 131.0, 87.0
188, 62.0, 176.0
189, 522.0, 246.0
190, 693.0, 97.0
191, 312.0, 187.0
192, 192.0, 26.0
193, 407.0, 150.0
194, 211.0, 345.0
195, 79.0, 109.0
196, 347.0, 55.0
197, 276.0, 114.0
198, 712.0, 135.0
199, 254.0, 86.0
200, 690.0, 233.0
201, 118.0, 174.0
202, 229.0, 346.0
203, 265.0, 142.0
204, 670.0, 149.0
205, 740.0, 70.0
206, 148.0, 137.0
207, 302.0, 151.0
208, 326.0, 192.0
209, 46.0, 337.0
210, 639.0, 82.0
211, 419.0, 86.0
212, 537.0, 49.0
213, 103.0, 197.0
214, 142.0, 80.0
215, 391.0, 61.0
216, 490.0, 163.0
217, 60.0, 214.0
218, 10.0, 215.0
219, 232.0, 33.0
220, 294.0, 113.0
221, 660.0, 149.0
222, 214.0, 212.0
223, 664.0, 295.0
224, 258.0, 101.0
225, 633.0, 131.0
226, 435.0, 78.0
227, 475.0, 139.0
228, 106.0, 67.0
229, 157.0, 378.0
230, 494.0, 49.0
231, 179.0, 92.0
232, 702.0, 193.0
233, 346.0, 172.0
234, 606.0, 162.0
235, 100.0, 158.0
236, 394.0, 70.0
237, 59.0, 239.0
238, 94.0, 169.0
239, 260.0, 61.0
240, 665.0, 180.0
241, 277.0, 241.0
242, 324.0, 63.0
243, 34.0, 223.0
244, 195.0, 352.0
245, 394.0, 134.0
246, 530.0, 124.0
247, 631.0, 150.0
248, 637.0, 99.0
249, 138.0, 152.0
250, 368.0, 108.0
251, 205.0, 129.0
252, 34.0, 41.0
253, 264.0, 244.0
254, 537.0, 208.0
255, 514.0, 122.0
256, 269.0, 61.0
257, 199.0, 68.0
258, 78.0, 202.0
259, 125.0, 125.0
260, 223.0, 126.0
261, 213.0, 196.0
262, 513.0, 27.0
263, 620.0, 20.0
264, 453.0, 26.0
265, 270.0, 184.0
266, 697.0, 182.0
267, 552.0, 48.0
268, 419.0, 135.0
269, 704.0, 279.0
270, 512.0, 107.0
271, 416.0, 19.0
272, 408.0, 177.0
273, 199.0, 83.0
274, 470.0, 94.0
275, 462.0, 93.0
276, 664.0, 24.0
277, 332.0, 248.0
278, 41.0, 20.0
279, 717.0, 167.0
280, 274.0, 13.0
281, 644.0, 308.0
282, 43.0, 181.0
283, 195.0, 187.0
284, 585.0, 53.0
285, 37.0, 203.0
286, 115.0, 397.0
287, 204.0, 53.0
288, 396.0, 149.0
289, 419.0, 175.0
290, 276.0, 322.0
291, 523.0, 148.0
292, 459.0, 53.0
293, 429.0, 202.0
294, 181.0, 24.0
295, 675.0, 115.0
296, 396.0, 172.0
297, 373.0, 133.0
298, 655.0, 231.0
299, 104.0, 392.0
300, 142.0, 173.0
301, 578.0, 42.0
302, 684.0, 259.0
303, 593.0, 131.0
304, 175.0, 190.0
305, 328.0, 167.0
306, 604.0, 98.0
307, 399.0, 104.0
308, 454.0, 105.0
309, 173.0, 378.0
310, 739.0, 90.0
311, 418.0, 105.0
312, 498.0, 117.0
313, 227.0, 72.0
314, 194.0, 124.0
315, 494.0, 134.0
316, 306.0, 60.0
317, 659.0, 99.0
318, 742.0, 158.0
319, 525.0, 232.0
320, 289.0, 72.0
321, 731.0, 282.0
322, 471.0, 230.0
323, 692.0, 222.0
324, 662.0, 322.0
325, 153.0, 172.0
326, 519.0, 42.0
327, 241.0, 349.0
328, 691.0, 75.0
329, 662.0, 190.0
330, 181.0, 78.0
331, 589.0, 269.0
332, 141.0, 400.0
333, 638.0, 404.0
334, 362.0, 172.0
335, 496.0, 8.0
336, 101.0, 214.0
337, 237.0, 156.0
338, 520.0, 75.0
339, 16.0, 199.0
340, 297.0, 99.0
341, 226.0, 10.0
342, 658.0, 128.0
343, 626.0, 84.0
344, 326.0, 232.0
345, 78.0, 173.0
346, 642.0, 344.0
347, 707.0, 158.0
348, 627.0, 112.0
349, 550.0, 79.0
350, 692.0, 209.0
351, 281.0, 84.0
352, 36.0, 454.0
353, 608.0, 267.0
354, 739.0, 304.0
355, 627.0, 97.0
356, 80.0, 66.0
357, 308.0, 194.0
358, 528.0, 110.0
359, 307.0, 129.0
360, 223.0, 341.0
361, 253.0, 22.0
362, 659.0, 79.0
363, 389.0, 81.0
364, 405.0, 267.0
365, 120.0, 204.0
366, 196.0, 343.0
367, 129.0, 57.0
368, 92.0, 59.0
369, 346.0, 77.0
370, 607.0, 58.0
371, 430.0, 173.0
372, 214.0, 141.0
373, 352.0, 128.0
374, 689.0, 192.0
375, 196.0, 52.0
376, 36.0, 192.0
377, 263.0, 16.0
378, 509.0, 431.0
379, 241.0, 99.0
380, 79.0, 434.0
381, 443.0, 109.0
382, 448.0, 234.0
383, 171.0, 96.0
384, 80.0, 187.0
385, 221.0, 188.0
386, 714.0, 148.0
387, 230.0, 150.0
388, 254.0, 276.0
389, 374.0, 190.0
390, 515.0, 230.0
391, 723.0, 80.0
392, 213.0, 24.0
393, 96.0, 424.0
394, 393.0, 46.0
395, 273.0, 23.0
396, 510.0, 84.0
397, 733.0, 111.0
398, 121.0, 84.0
399, 100.0, 147.0
400, 644.0, 266.0
401, 293.0, 13.0
402, 74.0, 78.0
403, 23.0, 245.0
404, 378.0, 176.0
405, 585.0, 122.0
406, 407.0, 255.0
407, 236.0, 57.0
408, 569.0, 165.0
409, 174.0, 20.0
410, 473.0, 28.0
411, 521.0, 84.0
412, 626.0, 351.0
413, 229.0, 133.0
414, 76.0, 45.0
415, 435.0, 273.0
416, 384.0, 103.0
417, 432.0, 26.0
418, 257.0, 132.0
419, 475.0, 42.0
420, 112.0, 133.0
421, 338.0, 168.0
422, 458.0, 39.0
423, 162.0, 81.0
424, 414.0, 287.0
425, 623.0, 185.0
426, 426.0, 134.0
427, 152.0, 147.0
428, 185.0, 165.0
429, 392.0, 213.0
430, 18.0, 187.0
431, 327.0, 123.0
432, 603.0, 24.0
433, 484.0, 248.0
434, 528.0, 28.0
435, 385.0, 91.0
436, 10.0, 243.0
437, 722.0, 72.0
438, 264.0, 178.0
439, 59.0, 197.0
440, 684.0, 98.0
441, 708.0, 148.0
442, 420.0, 248.0
443, 455.0, 143.0
444, 285.0, 97.0
445, 329.0, 96.0
446, 429.0, 235.0
447, 455.0, 450.0
448, 324.0, 51.0
449, 326.0, 177.0
450, 674.0, 237.0
451, 184.0, 377.0
452, 290.0, 141.0
453, 324.0, 75.0
454, 186.0, 141.0
455, 563.0, 137.0
456, 142.0, 216.0
457, 463.0, 259.0
458, 162.0, 106.0
459, 659.0, 207.0
460, 139.0, 419.0
461, 607.0, 36.0
462, 332.0, 58.0
463, 183.0, 150.0
464, 409.0, 273.0
465, 256.0, 151.0
466, 578.0, 28.0
467, 270.0, 135.0
468, 718.0, 379.0
469, 368.0, 113.0
470, 214.0, 48.0
471, 379.0, 32.0
472, 637.0, 292.0
473, 360.0, 153.0
474, 605.0, 455.0
475, 264.0, 49.0
476, 501.0, 107.0
477, 365.0, 208.0
478, 633.0, 315.0
479, 709.0, 181.0
480, 296.0, 21.0
481, 591.0, 59.0
482, 71.0, 157.0
483, 631.0, 466.0
484, 618.0, 396.0
485, 390.0, 291.0
486, 185.0, 123.0
487, 96.0, 178.0
488, 310.0, 141.0
489, 48.0, 231.0
490, 710.0, 336.0
491, 473.0, 48.0
492, 668.0, 163.0
493, 181.0, 358.0
494, 464.0, 35.0
495, 681.0, 325.0
496, 286.0, 232.0
497, 564.0, 124.0
498, 561.0, 77.0
499, 564.0, 36.0
