0, 296.0, 8.0
1, 321.0, 8.0
2, 442.0, 8.0
3, 331.0, 11.0
4, 416.0, 11.0
5, 478.0, 11.0
6, 137.0, 12.0
7, 162.0, 14.0
8, 415.0, 16.0
9, 49.0, 17.0
10, 235.0, 17.0
11, 351.0, 18.0
12, 456.0, 19.0
13, 414.0, 21.0
14, 439.0, 21.0
15, 464.0, 23.0
16, 49.0, 24.0
17, 313.0, 24.0
18, 475.0, 26.0
19, 474.0, 31.0
20, 490.0, 31.0
21, 445.0, 32.0
22, 211.0, 38.0
23, 411.0, 38.0
24, 462.0, 38.0
25, 299.0, 39.0
26, 528.0, 40.0
27, 427.0, 43.0
28, 479.0, 45.0
29, 527.0, 45.0
30, 444.0, 49.0
31, 163.0, 50.0
32, 495.0, 51.0
33, 525.0, 51.0
34, 458.0, 54.0
35, 163.0, 56.0
36, 468.0, 58.0
37, 306.0, 59.0
38, 476.0, 61.0
39, 493.0, 61.0
40, 575.0, 61.0
41, 161.0, 66.0
42, 572.0, 70.0
43, 51.0, 73.0
44, 519.0, 74.0
45, 368.0, 77.0
46, 53.0, 78.0
47, 315.0, 78.0
48, 324.0, 81.0
49, 233.0, 83.0
50, 334.0, 83.0
51, 339.0, 84.0
52, 361.0, 87.0
53, 404.0, 87.0
54, 616.0, 87.0
55, 515.0, 88.0
56, 567.0, 89.0
57, 8.0, 94.0
58, 232.0, 95.0
59, 151.0, 97.0
60, 541.0, 97.0
61, 161.0, 98.0
62, 440.0, 99.0
63, 611.0, 100.0
64, 316.0, 101.0
65, 635.0, 102.0
66, 400.0, 103.0
67, 23.0, 104.0
68, 321.0, 104.0
69, 563.0, 105.0
70, 55.0, 111.0
71, 474.0, 111.0
72, 436.0, 113.0
73, 54.0, 116.0
74, 59.0, 118.0
75, 16.0, 119.0
76, 672.0, 119.0
77, 366.0, 120.0
78, 470.0, 122.0
79, 66.0, 123.0
80, 45.0, 126.0
81, 502.0, 129.0
82, 426.0, 132.0
83, 448.0, 132.0
84, 11.0, 134.0
85, 228.0, 138.0
86, 23.0, 140.0
87, 32.0, 145.0
88, 11.0, 146.0
89, 423.0, 148.0
90, 444.0, 153.0
91, 465.0, 156.0
92, 67.0, 158.0
93, 188.0, 161.0
94, 296.0, 163.0
95, 607.0, 165.0
96, 731.0, 165.0
97, 317.0, 166.0
98, 20.0, 169.0
99, 726.0, 169.0
100, 630.0, 170.0
101, 99.0, 171.0
102, 107.0, 171.0
103, 341.0, 171.0
104, 40.0, 173.0
105, 226.0, 173.0
106, 625.0, 173.0
107, 92.0, 174.0
108, 650.0, 174.0
109, 53.0, 175.0
110, 78.0, 175.0
111, 294.0, 175.0
112, 69.0, 176.0
113, 131.0, 176.0
114, 341.0, 176.0
115, 725.0, 177.0
116, 319.0, 179.0
117, 602.0, 179.0
118, 638.0, 179.0
119, 87.0, 180.0
120, 467.0, 180.0
121, 633.0, 180.0
122, 644.0, 182.0
123, 216.0, 183.0
124, 31.0, 184.0
125, 79.0, 184.0
126, 343.0, 184.0
127, 44.0, 185.0
128, 54.0, 185.0
129, 197.0, 185.0
130, 620.0, 185.0
131, 69.0, 186.0
132, 659.0, 187.0
133, 474.0, 188.0
134, 88.0, 191.0
135, 183.0, 191.0
136, 642.0, 191.0
137, 207.0, 193.0
138, 231.0, 196.0
139, 69.0, 197.0
140, 362.0, 197.0
141, 163.0, 198.0
142, 492.0, 198.0
143, 33.0, 199.0
144, 704.0, 199.0
145, 97.0, 200.0
146, 180.0, 200.0
147, 246.0, 200.0
148, 406.0, 200.0
149, 699.0, 200.0
150, 652.0, 201.0
151, 436.0, 202.0
152, 461.0, 203.0
153, 593.0, 203.0
154, 483.0, 204.0
155, 50.0, 205.0
156, 236.0, 205.0
157, 205.0, 206.0
158, 293.0, 206.0
159, 311.0, 206.0
160, 323.0, 206.0
161, 651.0, 206.0
162, 610.0, 207.0
163, 300.0, 208.0
164, 31.0, 209.0
165, 72.0, 209.0
166, 726.0, 209.0
167, 591.0, 210.0
168, 620.0, 210.0
169, 707.0, 211.0
170, 247.0, 213.0
171, 383.0, 213.0
172, 41.0, 214.0
173, 54.0, 214.0
174, 289.0, 214.0
175, 306.0, 214.0
176, 480.0, 214.0
177, 265.0, 215.0
178, 589.0, 215.0
179, 647.0, 215.0
180, 121.0, 216.0
181, 404.0, 216.0
182, 231.0, 217.0
183, 386.0, 218.0
184, 161.0, 220.0
185, 613.0, 222.0
186, 287.0, 223.0
187, 702.0, 223.0
188, 76.0, 224.0
189, 181.0, 224.0
190, 392.0, 224.0
191, 439.0, 225.0
192, 638.0, 225.0
193, 644.0, 225.0
194, 631.0, 226.0
195, 348.0, 227.0
196, 720.0, 228.0
197, 76.0, 229.0
198, 477.0, 229.0
199, 307.0, 230.0
200, 47.0, 231.0
201, 61.0, 231.0
202, 286.0, 231.0
203, 295.0, 232.0
204, 736.0, 233.0
205, 680.0, 234.0
206, 29.0, 235.0
207, 244.0, 235.0
208, 37.0, 236.0
209, 262.0, 236.0
210, 317.0, 236.0
211, 699.0, 236.0
212, 324.0, 238.0
213, 349.0, 238.0
214, 639.0, 238.0
215, 28.0, 240.0
216, 713.0, 240.0
217, 446.0, 241.0
218, 697.0, 241.0
219, 29.0, 245.0
220, 60.0, 245.0
221, 710.0, 245.0
222, 50.0, 246.0
223, 74.0, 246.0
224, 354.0, 246.0
225, 734.0, 246.0
226, 285.0, 250.0
227, 438.0, 252.0
228, 456.0, 252.0
229, 76.0, 253.0
230, 242.0, 255.0
231, 406.0, 255.0
232, 285.0, 256.0
233, 251.0, 257.0
234, 447.0, 258.0
235, 475.0, 258.0
236, 691.0, 259.0
237, 285.0, 261.0
238, 319.0, 261.0
239, 361.0, 261.0
240, 580.0, 264.0
241, 122.0, 265.0
242, 469.0, 265.0
243, 320.0, 266.0
244, 177.0, 267.0
245, 39.0, 268.0
246, 240.0, 268.0
247, 249.0, 270.0
248, 59.0, 272.0
249, 71.0, 273.0
250, 262.0, 273.0
251, 484.0, 274.0
252, 274.0, 275.0
253, 280.0, 275.0
254, 501.0, 277.0
255, 339.0, 278.0
256, 40.0, 280.0
257, 357.0, 280.0
258, 242.0, 281.0
259, 399.0, 281.0
260, 186.0, 282.0
261, 259.0, 283.0
262, 303.0, 284.0
263, 226.0, 285.0
264, 29.0, 287.0
265, 80.0, 287.0
266, 125.0, 287.0
267, 24.0, 288.0
268, 43.0, 289.0
269, 75.0, 289.0
270, 497.0, 289.0
271, 63.0, 292.0
272, 508.0, 292.0
273, 344.0, 293.0
274, 435.0, 293.0
275, 177.0, 294.0
276, 396.0, 294.0
277, 513.0, 294.0
278, 109.0, 295.0
279, 182.0, 295.0
280, 279.0, 295.0
281, 326.0, 295.0
282, 31.0, 296.0
283, 125.0, 296.0
284, 196.0, 296.0
285, 78.0, 297.0
286, 68.0, 300.0
287, 327.0, 300.0
288, 33.0, 301.0
289, 208.0, 301.0
290, 86.0, 302.0
291, 154.0, 302.0
292, 328.0, 305.0
293, 240.0, 307.0
294, 103.0, 308.0
295, 213.0, 308.0
296, 78.0, 309.0
297, 72.0, 311.0
298, 159.0, 311.0
299, 57.0, 312.0
300, 329.0, 312.0
301, 213.0, 313.0
302, 148.0, 314.0
303, 555.0, 315.0
304, 122.0, 316.0
305, 350.0, 316.0
306, 127.0, 317.0
307, 148.0, 319.0
308, 669.0, 319.0
309, 132.0, 320.0
310, 206.0, 320.0
311, 276.0, 322.0
312, 191.0, 324.0
313, 243.0, 324.0
314, 260.0, 324.0
315, 224.0, 327.0
316, 703.0, 327.0
317, 205.0, 332.0
318, 234.0, 332.0
319, 44.0, 333.0
320, 159.0, 333.0
321, 333.0, 333.0
322, 175.0, 334.0
323, 187.0, 335.0
324, 699.0, 336.0
325, 146.0, 337.0
326, 112.0, 338.0
327, 240.0, 341.0
328, 54.0, 342.0
329, 251.0, 342.0
330, 190.0, 347.0
331, 24.0, 351.0
332, 145.0, 352.0
333, 250.0, 352.0
334, 53.0, 354.0
335, 221.0, 354.0
336, 263.0, 356.0
337, 142.0, 357.0
338, 193.0, 359.0
339, 125.0, 360.0
340, 340.0, 367.0
341, 236.0, 371.0
342, 601.0, 374.0
343, 342.0, 376.0
344, 213.0, 383.0
345, 273.0, 383.0
346, 46.0, 385.0
347, 201.0, 385.0
348, 235.0, 386.0
349, 271.0, 388.0
350, 252.0, 390.0
351, 262.0, 390.0
352, 231.0, 394.0
353, 271.0, 394.0
354, 144.0, 395.0
355, 154.0, 395.0
356, 223.0, 397.0
357, 327.0, 397.0
358, 261.0, 400.0
359, 347.0, 402.0
360, 214.0, 403.0
361, 198.0, 404.0
362, 335.0, 405.0
363, 672.0, 405.0
364, 37.0, 409.0
365, 644.0, 412.0
366, 245.0, 413.0
367, 266.0, 413.0
368, 260.0, 415.0
369, 228.0, 417.0
370, 238.0, 417.0
371, 210.0, 421.0
372, 145.0, 426.0
373, 227.0, 427.0
374, 310.0, 428.0
375, 326.0, 432.0
376, 668.0, 433.0
377, 154.0, 435.0
378, 207.0, 435.0
379, 229.0, 436.0
380, 144.0, 437.0
381, 323.0, 437.0
382, 647.0, 439.0
383, 308.0, 442.0
384, 146.0, 447.0
385, 283.0, 450.0
386, 272.0, 451.0
387, 199.0, 454.0
388, 228.0, 454.0
389, 154.0, 456.0
390, 358.0, 456.0
391, 144.0, 459.0
392, 669.0, 459.0
393, 255.0, 460.0
394, 214.0, 461.0
395, 280.0, 461.0
396, 205.0, 462.0
397, 153.0, 464.0
398, 458.0, 464.0
399, 706.0, 467.0
400, 141.0, 471.0
401, 205.0, 471.0
402, 224.0, 471.0
403, 457.0, 471.0
