0, 229.0, 40.0
1, 458.0, 146.0
2, 137.0, 87.0
3, 576.0, 201.0
4, 259.0, 174.0
5, 218.0, 44.0
6, 451.0, 44.0
7, 94.0, 100.0
8, 301.0, 141.0
9, 96.0, 89.0
10, 228.0, 28.0
11, 382.0, 102.0
12, 90.0, 169.0
13, 241.0, 40.0
14, 645.0, 279.0
15, 291.0, 288.0
16, 134.0, 43.0
17, 118.0, 144.0
18, 70.0, 23.0
19, 670.0, 78.0
20, 333.0, 26.0
21, 467.0, 144.0
22, 153.0, 172.0
23, 402.0, 115.0
24, 190.0, 30.0
25, 241.0, 28.0
26, 406.0, 163.0
27, 231.0, 50.0
28, 490.0, 139.0
29, 162.0, 65.0
30, 285.0, 118.0
31, 494.0, 66.0
32, 540.0, 98.0
33, 298.0, 97.0
34, 656.0, 71.0
35, 584.0, 176.0
36, 335.0, 164.0
37, 67.0, 194.0
38, 200.0, 25.0
39, 488.0, 124.0
40, 166.0, 105.0
41, 553.0, 378.0
42, 144.0, 13.0
43, 309.0, 171.0
44, 632.0, 111.0
45, 152.0, 99.0
46, 433.0, 116.0
47, 345.0, 175.0
48, 567.0, 99.0
49, 274.0, 315.0
50, 16.0, 168.0
51, 260.0, 162.0
52, 383.0, 116.0
53, 401.0, 70.0
54, 99.0, 364.0
55, 503.0, 145.0
56, 168.0, 198.0
57, 402.0, 140.0
58, 320.0, 98.0
59, 25.0, 194.0
60, 655.0, 90.0
61, 464.0, 62.0
62, 241.0, 52.0
63, 540.0, 147.0
64, 688.0, 87.0
65, 50.0, 93.0
66, 136.0, 136.0
67, 587.0, 203.0
68, 219.0, 111.0
69, 604.0, 188.0
70, 129.0, 59.0
71, 515.0, 149.0
72, 472.0, 297.0
73, 398.0, 126.0
74, 401.0, 79.0
75, 66.0, 81.0
76, 368.0, 83.0
77, 442.0, 151.0
78, 311.0, 141.0
79, 334.0, 148.0
80, 242.0, 121.0
81, 568.0, 83.0
82, 322.0, 86.0
83, 481.0, 233.0
84, 94.0, 222.0
85, 269.0, 58.0
86, 40.0, 140.0
87, 440.0, 65.0
88, 225.0, 13.0
89, 462.0, 42.0
90, 227.0, 188.0
91, 39.0, 91.0
92, 384.0, 142.0
93, 143.0, 145.0
94, 182.0, 190.0
95, 192.0, 80.0
96, 106.0, 86.0
97, 617.0, 163.0
98, 656.0, 296.0
99, 614.0, 61.0
100, 586.0, 89.0
101, 631.0, 131.0
102, 130.0, 78.0
103, 627.0, 153.0
104, 357.0, 172.0
105, 145.0, 38.0
106, 234.0, 176.0
107, 537.0, 28.0
108, 85.0, 127.0
109, 318.0, 192.0
110, 138.0, 154.0
111, 657.0, 152.0
112, 510.0, 157.0
113, 460.0, 120.0
114, 430.0, 159.0
115, 126.0, 100.0
116, 291.0, 104.0
117, 140.0, 123.0
118, 440.0, 49.0
119, 596.0, 163.0
120, 530.0, 147.0
121, 390.0, 166.0
122, 521.0, 366.0
123, 146.0, 68.0
124, 609.0, 212.0
125, 155.0, 153.0
126, 198.0, 97.0
127, 293.0, 171.0
128, 367.0, 158.0
129, 685.0, 100.0
130, 470.0, 16.0
131, 347.0, 81.0
132, 510.0, 169.0
133, 440.0, 8.0
134, 214.0, 93.0
135, 72.0, 56.0
136, 706.0, 141.0
137, 613.0, 177.0
138, 246.0, 150.0
139, 219.0, 53.0
140, 101.0, 175.0
141, 365.0, 118.0
142, 68.0, 157.0
143, 596.0, 154.0
144, 516.0, 382.0
145, 122.0, 153.0
146, 532.0, 56.0
147, 596.0, 145.0
148, 215.0, 172.0
149, 336.0, 78.0
150, 723.0, 77.0
151, 610.0, 304.0
152, 283.0, 97.0
153, 351.0, 117.0
154, 541.0, 60.0
155, 253.0, 29.0
156, 130.0, 144.0
157, 373.0, 250.0
158, 88.0, 83.0
159, 110.0, 121.0
160, 579.0, 186.0
161, 648.0, 19.0
162, 400.0, 89.0
163, 315.0, 158.0
164, 332.0, 131.0
165, 400.0, 102.0
166, 389.0, 107.0
167, 355.0, 161.0
168, 533.0, 69.0
169, 375.0, 131.0
170, 367.0, 133.0
171, 473.0, 108.0
172, 474.0, 122.0
173, 539.0, 84.0
174, 508.0, 102.0
175, 271.0, 188.0
176, 39.0, 201.0
177, 238.0, 13.0
178, 267.0, 150.0
179, 522.0, 55.0
180, 154.0, 209.0
181, 539.0, 204.0
182, 414.0, 99.0
183, 363.0, 17.0
184, 341.0, 118.0
185, 213.0, 24.0
186, 540.0, 308.0
187, 585.0, 81.0
188, 351.0, 188.0
189, 110.0, 107.0
190, 586.0, 161.0
191, 642.0, 335.0
192, 431.0, 170.0
193, 332.0, 117.0
194, 491.0, 79.0
195, 90.0, 138.0
196, 494.0, 176.0
197, 505.0, 121.0
198, 369.0, 170.0
199, 250.0, 54.0
200, 293.0, 51.0
201, 419.0, 92.0
202, 313.0, 105.0
203, 292.0, 112.0
204, 113.0, 135.0
205, 108.0, 11.0
206, 672.0, 70.0
207, 453.0, 17.0
208, 387.0, 184.0
209, 299.0, 84.0
210, 589.0, 30.0
211, 583.0, 221.0
212, 189.0, 210.0
213, 292.0, 305.0
214, 123.0, 170.0
215, 321.0, 117.0
216, 632.0, 290.0
217, 104.0, 140.0
218, 154.0, 129.0
219, 237.0, 313.0
220, 89.0, 206.0
221, 381.0, 156.0
222, 531.0, 129.0
223, 111.0, 181.0
224, 640.0, 73.0
225, 12.0, 188.0
226, 249.0, 276.0
227, 586.0, 99.0
228, 209.0, 80.0
229, 635.0, 95.0
230, 604.0, 243.0
231, 113.0, 203.0
232, 348.0, 101.0
233, 300.0, 124.0
234, 556.0, 147.0
235, 102.0, 26.0
236, 352.0, 244.0
237, 340.0, 66.0
238, 30.0, 175.0
239, 694.0, 140.0
240, 738.0, 106.0
241, 586.0, 126.0
242, 268.0, 46.0
243, 84.0, 214.0
244, 209.0, 54.0
245, 137.0, 98.0
246, 479.0, 50.0
247, 612.0, 77.0
248, 531.0, 158.0
249, 365.0, 93.0
250, 172.0, 159.0
251, 47.0, 184.0
252, 200.0, 55.0
253, 41.0, 192.0
254, 731.0, 150.0
255, 600.0, 114.0
256, 689.0, 68.0
257, 691.0, 150.0
258, 313.0, 124.0
259, 325.0, 76.0
260, 418.0, 82.0
261, 212.0, 133.0
262, 694.0, 400.0
263, 167.0, 24.0
264, 39.0, 170.0
265, 740.0, 156.0
266, 57.0, 209.0
267, 263.0, 231.0
268, 383.0, 76.0
269, 518.0, 32.0
270, 657.0, 464.0
271, 516.0, 45.0
272, 415.0, 115.0
273, 575.0, 127.0
274, 273.0, 166.0
275, 177.0, 63.0
276, 654.0, 276.0
277, 550.0, 274.0
278, 345.0, 263.0
279, 634.0, 152.0
280, 678.0, 285.0
281, 98.0, 132.0
282, 563.0, 312.0
283, 282.0, 154.0
284, 410.0, 175.0
285, 27.0, 155.0
286, 509.0, 397.0
287, 242.0, 95.0
288, 644.0, 355.0
289, 491.0, 229.0
290, 343.0, 132.0
291, 191.0, 12.0
292, 50.0, 167.0
293, 125.0, 44.0
294, 399.0, 25.0
295, 253.0, 127.0
296, 330.0, 208.0
297, 210.0, 199.0
298, 614.0, 97.0
299, 44.0, 69.0
300, 18.0, 57.0
301, 337.0, 58.0
302, 670.0, 89.0
303, 740.0, 404.0
304, 493.0, 445.0
305, 452.0, 123.0
306, 365.0, 102.0
307, 375.0, 260.0
308, 466.0, 83.0
309, 645.0, 249.0
310, 462.0, 420.0
311, 222.0, 68.0
312, 527.0, 278.0
313, 636.0, 163.0
314, 234.0, 328.0
315, 528.0, 345.0
316, 105.0, 195.0
317, 40.0, 102.0
318, 323.0, 28.0
319, 47.0, 79.0
320, 197.0, 221.0
321, 167.0, 279.0
322, 89.0, 65.0
323, 251.0, 338.0
324, 605.0, 286.0
325, 457.0, 29.0
326, 52.0, 150.0
327, 544.0, 291.0
328, 171.0, 47.0
329, 151.0, 54.0
330, 119.0, 14.0
331, 442.0, 131.0
332, 126.0, 121.0
333, 331.0, 100.0
334, 50.0, 116.0
335, 441.0, 138.0
336, 551.0, 25.0
337, 493.0, 49.0
338, 344.0, 146.0
339, 574.0, 364.0
340, 413.0, 135.0
341, 643.0, 152.0
342, 26.0, 219.0
343, 559.0, 98.0
344, 253.0, 328.0
345, 520.0, 85.0
346, 191.0, 191.0
347, 284.0, 167.0
348, 470.0, 29.0
349, 420.0, 244.0
350, 174.0, 93.0
351, 61.0, 72.0
352, 293.0, 73.0
353, 188.0, 122.0
354, 627.0, 190.0
355, 236.0, 138.0
356, 541.0, 332.0
357, 597.0, 228.0
358, 655.0, 163.0
359, 204.0, 42.0
360, 307.0, 151.0
361, 534.0, 78.0
362, 232.0, 67.0
363, 656.0, 325.0
364, 107.0, 69.0
365, 539.0, 40.0
366, 193.0, 43.0
367, 75.0, 150.0
368, 38.0, 215.0
369, 339.0, 43.0
370, 267.0, 247.0
371, 455.0, 82.0
372, 110.0, 95.0
373, 36.0, 77.0
374, 89.0, 193.0
375, 509.0, 87.0
376, 69.0, 95.0
377, 570.0, 14.0
378, 712.0, 109.0
379, 420.0, 47.0
380, 615.0, 87.0
381, 336.0, 100.0
382, 632.0, 143.0
383, 114.0, 190.0
384, 165.0, 181.0
385, 71.0, 178.0
386, 379.0, 87.0
387, 695.0, 126.0
388, 406.0, 51.0
389, 122.0, 196.0
390, 50.0, 12.0
391, 322.0, 141.0
392, 13.0, 236.0
393, 583.0, 373.0
394, 609.0, 109.0
395, 565.0, 128.0
396, 432.0, 206.0
397, 168.0, 121.0
398, 181.0, 75.0
399, 321.0, 130.0
400, 230.0, 104.0
401, 544.0, 169.0
402, 586.0, 320.0
403, 713.0, 33.0
404, 611.0, 326.0
405, 445.0, 213.0
406, 500.0, 188.0
407, 622.0, 276.0
408, 515.0, 64.0
409, 632.0, 271.0
410, 662.0, 111.0
411, 84.0, 101.0
412, 479.0, 416.0
413, 91.0, 110.0
414, 492.0, 290.0
415, 151.0, 25.0
416, 164.0, 140.0
417, 386.0, 354.0
418, 32.0, 395.0
419, 283.0, 177.0
420, 557.0, 352.0
421, 111.0, 214.0
422, 607.0, 87.0
423, 207.0, 191.0
424, 332.0, 88.0
425, 559.0, 159.0
426, 241.0, 209.0
427, 567.0, 214.0
428, 60.0, 227.0
429, 597.0, 204.0
430, 132.0, 194.0
431, 329.0, 176.0
432, 25.0, 183.0
433, 639.0, 83.0
434, 128.0, 159.0
435, 325.0, 58.0
436, 563.0, 384.0
437, 279.0, 126.0
438, 562.0, 243.0
439, 501.0, 77.0
440, 658.0, 142.0
441, 45.0, 46.0
442, 290.0, 207.0
443, 248.0, 12.0
444, 379.0, 23.0
445, 364.0, 47.0
446, 563.0, 35.0
447, 449.0, 197.0
448, 627.0, 144.0
449, 140.0, 344.0
450, 248.0, 219.0
451, 719.0, 9.0
452, 255.0, 140.0
453, 322.0, 208.0
454, 710.0, 65.0
455, 705.0, 78.0
456, 527.0, 61.0
457, 85.0, 73.0
458, 739.0, 74.0
459, 19.0, 87.0
460, 427.0, 61.0
461, 234.0, 119.0
462, 404.0, 38.0
463, 430.0, 123.0
464, 336.0, 35.0
465, 479.0, 142.0
466, 196.0, 133.0
467, 497.0, 160.0
468, 550.0, 395.0
469, 630.0, 21.0
470, 477.0, 58.0
471, 499.0, 205.0
472, 635.0, 214.0
473, 273.0, 92.0
474, 295.0, 134.0
475, 79.0, 161.0
476, 133.0, 215.0
477, 270.0, 177.0
478, 740.0, 58.0
479, 723.0, 106.0
480, 410.0, 243.0
481, 151.0, 145.0
482, 663.0, 308.0
483, 572.0, 280.0
484, 349.0, 278.0
485, 701.0, 443.0
486, 246.0, 85.0
487, 77.0, 338.0
488, 115.0, 41.0
489, 290.0, 276.0
490, 277.0, 53.0
491, 134.0, 167.0
492, 464.0, 73.0
493, 606.0, 402.0
494, 363.0, 144.0
495, 235.0, 164.0
496, 718.0, 140.0
497, 56.0, 95.0
498, 357.0, 272.0
499, 604.0, 178.0
