0, 513.0, 150.0
1, 180.0, 177.0
2, 351.0, 88.0
3, 121.0, 139.0
4, 388.0, 31.0
5, 316.0, 163.0
6, 363.0, 143.0
7, 598.0, 77.0
8, 375.0, 90.0
9, 217.0, 104.0
10, 101.0, 107.0
11, 341.0, 284.0
12, 597.0, 68.0
13, 156.0, 378.0
14, 167.0, 170.0
15, 130.0, 163.0
16, 409.0, 188.0
17, 435.0, 145.0
18, 299.0, 35.0
19, 562.0, 149.0
20, 487.0, 234.0
21, 205.0, 129.0
22, 351.0, 100.0
23, 494.0, 66.0
24, 435.0, 105.0
25, 368.0, 160.0
26, 182.0, 113.0
27, 298.0, 47.0
28, 105.0, 174.0
29, 283.0, 187.0
30, 82.0, 121.0
31, 188.0, 200.0
32, 287.0, 35.0
33, 339.0, 101.0
34, 548.0, 143.0
35, 151.0, 66.0
36, 47.0, 135.0
37, 156.0, 164.0
38, 205.0, 93.0
39, 692.0, 58.0
40, 352.0, 144.0
41, 207.0, 354.0
42, 430.0, 90.0
43, 604.0, 99.0
44, 142.0, 224.0
45, 84.0, 138.0
46, 253.0, 85.0
47, 124.0, 97.0
48, 58.0, 165.0
49, 365.0, 126.0
50, 580.0, 174.0
51, 272.0, 97.0
52, 690.0, 233.0
53, 87.0, 183.0
54, 229.0, 345.0
55, 451.0, 170.0
56, 373.0, 101.0
57, 383.0, 134.0
58, 455.0, 118.0
59, 622.0, 151.0
60, 490.0, 163.0
61, 500.0, 152.0
62, 418.0, 161.0
63, 141.0, 80.0
64, 92.0, 398.0
65, 131.0, 87.0
66, 164.0, 207.0
67, 597.0, 54.0
68, 164.0, 89.0
69, 142.0, 165.0
70, 580.0, 161.0
71, 315.0, 174.0
72, 83.0, 222.0
73, 407.0, 107.0
74, 419.0, 86.0
75, 140.0, 191.0
76, 310.0, 35.0
77, 436.0, 159.0
78, 435.0, 119.0
79, 449.0, 129.0
80, 65.0, 135.0
81, 394.0, 134.0
82, 60.0, 228.0
83, 645.0, 130.0
84, 195.0, 105.0
85, 127.0, 381.0
86, 290.0, 176.0
87, 113.0, 147.0
88, 627.0, 112.0
89, 401.0, 294.0
90, 278.0, 59.0
91, 636.0, 100.0
92, 466.0, 167.0
93, 407.0, 163.0
94, 245.0, 153.0
95, 277.0, 51.0
96, 284.0, 22.0
97, 296.0, 125.0
98, 262.0, 33.0
99, 152.0, 181.0
100, 644.0, 308.0
101, 268.0, 158.0
102, 44.0, 162.0
103, 321.0, 152.0
104, 306.0, 129.0
105, 496.0, 8.0
106, 387.0, 167.0
107, 603.0, 151.0
108, 194.0, 124.0
109, 252.0, 38.0
110, 403.0, 120.0
111, 393.0, 122.0
112, 160.0, 153.0
113, 213.0, 75.0
114, 715.0, 158.0
115, 147.0, 158.0
116, 28.0, 139.0
117, 504.0, 172.0
118, 400.0, 84.0
119, 655.0, 231.0
120, 340.0, 121.0
121, 114.0, 186.0
122, 302.0, 152.0
123, 106.0, 139.0
124, 606.0, 162.0
125, 294.0, 113.0
126, 82.0, 234.0
127, 717.0, 96.0
128, 386.0, 151.0
129, 281.0, 84.0
130, 520.0, 62.0
131, 195.0, 343.0
132, 385.0, 120.0
133, 293.0, 164.0
134, 378.0, 80.0
135, 63.0, 185.0
136, 638.0, 82.0
137, 312.0, 187.0
138, 612.0, 339.0
139, 101.0, 404.0
140, 347.0, 108.0
141, 257.0, 101.0
142, 507.0, 44.0
143, 418.0, 121.0
144, 192.0, 26.0
145, 264.0, 142.0
146, 276.0, 241.0
147, 288.0, 47.0
148, 130.0, 146.0
149, 232.0, 33.0
150, 424.0, 280.0
151, 632.0, 132.0
152, 194.0, 186.0
153, 545.0, 127.0
154, 195.0, 352.0
155, 475.0, 139.0
156, 251.0, 138.0
157, 573.0, 153.0
158, 336.0, 155.0
159, 264.0, 320.0
160, 379.0, 62.0
161, 247.0, 126.0
162, 289.0, 57.0
163, 178.0, 92.0
164, 190.0, 11.0
165, 122.0, 156.0
166, 413.0, 288.0
167, 591.0, 152.0
168, 568.0, 103.0
169, 149.0, 35.0
170, 237.0, 334.0
171, 103.0, 197.0
172, 633.0, 192.0
173, 528.0, 14.0
174, 346.0, 172.0
175, 530.0, 125.0
176, 326.0, 192.0
177, 717.0, 193.0
178, 452.0, 92.0
179, 703.0, 168.0
180, 347.0, 55.0
181, 684.0, 260.0
182, 522.0, 247.0
183, 731.0, 14.0
184, 273.0, 33.0
185, 453.0, 105.0
186, 41.0, 19.0
187, 11.0, 146.0
188, 553.0, 66.0
189, 418.0, 135.0
190, 214.0, 211.0
191, 523.0, 148.0
192, 552.0, 48.0
193, 295.0, 197.0
194, 380.0, 252.0
195, 659.0, 150.0
196, 125.0, 125.0
197, 100.0, 98.0
198, 254.0, 50.0
199, 348.0, 115.0
200, 34.0, 223.0
201, 454.0, 81.0
202, 694.0, 86.0
203, 199.0, 84.0
204, 162.0, 365.0
205, 391.0, 61.0
206, 623.0, 185.0
207, 467.0, 119.0
208, 535.0, 58.0
209, 276.0, 114.0
210, 112.0, 133.0
211, 172.0, 378.0
212, 58.0, 238.0
213, 211.0, 345.0
214, 15.0, 198.0
215, 712.0, 135.0
216, 375.0, 120.0
217, 453.0, 72.0
218, 398.0, 104.0
219, 148.0, 208.0
220, 419.0, 96.0
221, 565.0, 181.0
222, 509.0, 84.0
223, 741.0, 70.0
224, 213.0, 15.0
225, 453.0, 27.0
226, 99.0, 158.0
227, 536.0, 208.0
228, 199.0, 68.0
229, 454.0, 450.0
230, 181.0, 24.0
231, 229.0, 109.0
232, 473.0, 48.0
233, 605.0, 84.0
234, 163.0, 186.0
235, 223.0, 125.0
236, 494.0, 49.0
237, 459.0, 53.0
238, 106.0, 230.0
239, 519.0, 42.0
240, 726.0, 158.0
241, 692.0, 223.0
242, 36.0, 243.0
243, 307.0, 60.0
244, 408.0, 177.0
245, 395.0, 149.0
246, 252.0, 333.0
247, 43.0, 181.0
248, 470.0, 94.0
249, 77.0, 201.0
250, 407.0, 150.0
251, 537.0, 49.0
252, 394.0, 70.0
253, 298.0, 58.0
254, 95.0, 123.0
255, 59.0, 213.0
256, 462.0, 93.0
257, 693.0, 210.0
258, 383.0, 217.0
259, 212.0, 196.0
260, 368.0, 109.0
261, 713.0, 112.0
262, 268.0, 84.0
263, 264.0, 49.0
264, 486.0, 119.0
265, 685.0, 86.0
266, 419.0, 175.0
267, 739.0, 91.0
268, 582.0, 85.0
269, 663.0, 25.0
270, 697.0, 183.0
271, 670.0, 149.0
272, 514.0, 123.0
273, 289.0, 72.0
274, 428.0, 202.0
275, 435.0, 78.0
276, 659.0, 100.0
277, 469.0, 183.0
278, 522.0, 85.0
279, 631.0, 151.0
280, 9.0, 214.0
281, 260.0, 61.0
282, 103.0, 392.0
283, 181.0, 78.0
284, 96.0, 87.0
285, 147.0, 89.0
286, 703.0, 279.0
287, 34.0, 40.0
288, 462.0, 259.0
289, 692.0, 98.0
290, 510.0, 16.0
291, 430.0, 173.0
292, 328.0, 167.0
293, 264.0, 336.0
294, 593.0, 131.0
295, 106.0, 66.0
296, 675.0, 115.0
297, 274.0, 13.0
298, 77.0, 98.0
299, 298.0, 99.0
300, 269.0, 61.0
301, 374.0, 190.0
302, 332.0, 248.0
303, 432.0, 27.0
304, 143.0, 372.0
305, 659.0, 88.0
306, 362.0, 172.0
307, 275.0, 322.0
308, 35.0, 192.0
309, 62.0, 175.0
310, 444.0, 268.0
311, 237.0, 143.0
312, 180.0, 358.0
313, 702.0, 194.0
314, 659.0, 79.0
315, 741.0, 159.0
316, 352.0, 128.0
317, 120.0, 204.0
318, 663.0, 295.0
319, 707.0, 149.0
320, 264.0, 244.0
321, 512.0, 108.0
322, 128.0, 110.0
323, 177.0, 37.0
324, 578.0, 43.0
325, 117.0, 173.0
326, 690.0, 75.0
327, 658.0, 129.0
328, 100.0, 213.0
329, 44.0, 319.0
330, 589.0, 270.0
331, 171.0, 95.0
332, 115.0, 397.0
333, 564.0, 124.0
334, 520.0, 74.0
335, 513.0, 28.0
336, 138.0, 152.0
337, 129.0, 57.0
338, 23.0, 245.0
339, 416.0, 19.0
340, 494.0, 134.0
341, 240.0, 349.0
342, 142.0, 47.0
343, 307.0, 194.0
344, 550.0, 79.0
345, 240.0, 165.0
346, 504.0, 246.0
347, 174.0, 190.0
348, 665.0, 180.0
349, 290.0, 141.0
350, 731.0, 283.0
351, 346.0, 77.0
352, 76.0, 45.0
353, 607.0, 267.0
354, 603.0, 24.0
355, 47.0, 230.0
356, 74.0, 77.0
357, 686.0, 110.0
358, 458.0, 39.0
359, 373.0, 133.0
360, 393.0, 46.0
361, 253.0, 21.0
362, 293.0, 13.0
363, 162.0, 105.0
364, 121.0, 83.0
365, 563.0, 137.0
366, 237.0, 156.0
367, 722.0, 72.0
368, 129.0, 199.0
369, 718.0, 380.0
370, 418.0, 105.0
371, 230.0, 149.0
372, 213.0, 141.0
373, 465.0, 249.0
374, 35.0, 454.0
375, 528.0, 110.0
376, 44.0, 337.0
377, 213.0, 24.0
378, 59.0, 197.0
379, 607.0, 59.0
380, 738.0, 304.0
381, 138.0, 420.0
382, 253.0, 276.0
383, 420.0, 248.0
384, 396.0, 172.0
385, 185.0, 122.0
386, 454.0, 143.0
387, 140.0, 400.0
388, 659.0, 208.0
389, 174.0, 159.0
390, 404.0, 267.0
391, 227.0, 72.0
392, 182.0, 213.0
393, 384.0, 103.0
394, 184.0, 165.0
395, 535.0, 279.0
396, 152.0, 172.0
397, 451.0, 152.0
398, 226.0, 10.0
399, 284.0, 97.0
400, 470.0, 230.0
401, 174.0, 20.0
402, 661.0, 190.0
403, 77.0, 434.0
404, 662.0, 323.0
405, 536.0, 146.0
406, 9.0, 243.0
407, 186.0, 141.0
408, 585.0, 54.0
409, 324.0, 62.0
410, 196.0, 171.0
411, 100.0, 146.0
412, 644.0, 266.0
413, 79.0, 109.0
414, 514.0, 231.0
415, 384.0, 91.0
416, 426.0, 134.0
417, 497.0, 117.0
418, 638.0, 405.0
419, 591.0, 59.0
420, 409.0, 274.0
421, 257.0, 132.0
422, 269.0, 184.0
423, 360.0, 153.0
424, 379.0, 32.0
425, 234.0, 242.0
426, 365.0, 209.0
427, 237.0, 98.0
428, 184.0, 376.0
429, 625.0, 351.0
430, 264.0, 178.0
431, 329.0, 96.0
432, 273.0, 23.0
433, 70.0, 157.0
434, 37.0, 204.0
435, 630.0, 18.0
436, 633.0, 315.0
437, 563.0, 36.0
438, 620.0, 20.0
439, 632.0, 31.0
440, 338.0, 168.0
441, 296.0, 88.0
442, 604.0, 455.0
443, 401.0, 451.0
444, 57.0, 41.0
445, 377.0, 176.0
446, 142.0, 173.0
447, 573.0, 52.0
448, 627.0, 98.0
449, 501.0, 107.0
450, 726.0, 209.0
451, 684.0, 98.0
452, 80.0, 66.0
453, 165.0, 72.0
454, 286.0, 232.0
455, 46.0, 174.0
456, 429.0, 235.0
457, 263.0, 16.0
458, 112.0, 22.0
459, 500.0, 76.0
460, 626.0, 84.0
461, 389.0, 291.0
462, 95.0, 424.0
463, 324.0, 75.0
464, 148.0, 100.0
465, 626.0, 203.0
466, 327.0, 123.0
467, 95.0, 169.0
468, 442.0, 110.0
469, 642.0, 8.0
470, 616.0, 395.0
471, 674.0, 238.0
472, 235.0, 57.0
473, 79.0, 186.0
474, 142.0, 216.0
475, 470.0, 83.0
476, 464.0, 35.0
477, 528.0, 28.0
478, 148.0, 137.0
479, 718.0, 84.0
480, 577.0, 226.0
481, 667.0, 164.0
482, 714.0, 148.0
483, 474.0, 58.0
484, 96.0, 177.0
485, 488.0, 74.0
486, 733.0, 111.0
487, 91.0, 58.0
488, 122.0, 17.0
489, 326.0, 177.0
490, 296.0, 21.0
491, 706.0, 159.0
492, 236.0, 126.0
493, 483.0, 365.0
494, 17.0, 186.0
495, 243.0, 81.0
496, 578.0, 28.0
497, 606.0, 36.0
498, 348.0, 63.0
499, 183.0, 150.0
