0, 438.0, 176.0
1, 450.0, 197.0
2, 619.0, 302.0
3, 323.0, 117.0
4, 624.0, 379.0
5, 446.0, 235.0
6, 607.0, 346.0
7, 685.0, 356.0
8, 532.0, 232.0
9, 669.0, 417.0
10, 284.0, 231.0
11, 471.0, 101.0
12, 675.0, 108.0
13, 269.0, 47.0
14, 550.0, 376.0
15, 473.0, 325.0
16, 599.0, 284.0
17, 596.0, 235.0
18, 436.0, 206.0
19, 628.0, 345.0
20, 715.0, 267.0
21, 632.0, 179.0
22, 615.0, 186.0
23, 114.0, 213.0
24, 534.0, 367.0
25, 562.0, 382.0
26, 402.0, 453.0
27, 631.0, 44.0
28, 398.0, 203.0
29, 270.0, 222.0
30, 426.0, 92.0
31, 366.0, 421.0
32, 324.0, 377.0
33, 365.0, 466.0
34, 536.0, 49.0
35, 597.0, 346.0
36, 644.0, 119.0
37, 639.0, 152.0
38, 661.0, 110.0
39, 652.0, 313.0
40, 634.0, 261.0
41, 335.0, 308.0
42, 592.0, 313.0
43, 584.0, 380.0
44, 90.0, 227.0
45, 446.0, 283.0
46, 474.0, 125.0
47, 632.0, 335.0
48, 516.0, 404.0
49, 650.0, 153.0
50, 426.0, 376.0
51, 426.0, 273.0
52, 676.0, 281.0
53, 474.0, 312.0
54, 383.0, 379.0
55, 322.0, 103.0
56, 528.0, 387.0
57, 650.0, 302.0
58, 554.0, 398.0
59, 412.0, 323.0
60, 480.0, 139.0
61, 448.0, 210.0
62, 427.0, 117.0
63, 730.0, 271.0
64, 358.0, 171.0
65, 577.0, 393.0
66, 300.0, 230.0
67, 742.0, 159.0
68, 503.0, 419.0
69, 183.0, 41.0
70, 600.0, 397.0
71, 533.0, 68.0
72, 618.0, 166.0
73, 613.0, 429.0
74, 382.0, 92.0
75, 482.0, 268.0
76, 571.0, 345.0
77, 531.0, 121.0
78, 648.0, 436.0
79, 388.0, 458.0
80, 511.0, 391.0
81, 596.0, 252.0
82, 733.0, 260.0
83, 356.0, 452.0
84, 529.0, 376.0
85, 131.0, 247.0
86, 548.0, 274.0
87, 637.0, 18.0
88, 662.0, 232.0
89, 324.0, 94.0
90, 626.0, 127.0
91, 566.0, 25.0
92, 426.0, 261.0
93, 689.0, 129.0
94, 485.0, 103.0
95, 366.0, 393.0
96, 724.0, 226.0
97, 408.0, 256.0
98, 549.0, 310.0
99, 663.0, 301.0
100, 501.0, 94.0
101, 604.0, 49.0
102, 325.0, 417.0
103, 406.0, 345.0
104, 680.0, 326.0
105, 640.0, 365.0
106, 641.0, 351.0
107, 468.0, 461.0
108, 742.0, 114.0
109, 310.0, 121.0
110, 607.0, 236.0
111, 514.0, 294.0
112, 622.0, 388.0
113, 494.0, 344.0
114, 691.0, 99.0
115, 463.0, 360.0
116, 498.0, 438.0
117, 654.0, 54.0
118, 629.0, 115.0
119, 720.0, 242.0
120, 618.0, 235.0
121, 410.0, 385.0
122, 476.0, 337.0
123, 617.0, 57.0
124, 441.0, 103.0
125, 405.0, 145.0
126, 179.0, 251.0
127, 681.0, 435.0
128, 331.0, 298.0
129, 700.0, 57.0
130, 597.0, 132.0
131, 467.0, 62.0
132, 725.0, 283.0
133, 424.0, 30.0
134, 355.0, 395.0
135, 315.0, 85.0
136, 542.0, 393.0
137, 76.0, 255.0
138, 626.0, 288.0
139, 660.0, 330.0
140, 666.0, 218.0
141, 514.0, 53.0
142, 421.0, 172.0
143, 530.0, 434.0
144, 635.0, 318.0
145, 159.0, 330.0
146, 672.0, 198.0
147, 550.0, 420.0
148, 520.0, 419.0
149, 673.0, 352.0
150, 737.0, 244.0
151, 426.0, 163.0
152, 541.0, 130.0
153, 497.0, 70.0
154, 714.0, 432.0
155, 717.0, 39.0
156, 519.0, 434.0
157, 435.0, 368.0
158, 581.0, 287.0
159, 341.0, 275.0
160, 434.0, 249.0
161, 444.0, 117.0
162, 649.0, 325.0
163, 717.0, 257.0
164, 404.0, 400.0
165, 712.0, 461.0
166, 571.0, 440.0
167, 612.0, 399.0
168, 617.0, 246.0
169, 188.0, 238.0
170, 302.0, 179.0
171, 300.0, 262.0
172, 364.0, 177.0
173, 396.0, 214.0
174, 591.0, 57.0
175, 592.0, 414.0
176, 407.0, 127.0
177, 582.0, 412.0
178, 725.0, 456.0
179, 568.0, 427.0
180, 533.0, 148.0
181, 325.0, 167.0
182, 323.0, 246.0
183, 393.0, 249.0
184, 523.0, 273.0
185, 660.0, 129.0
186, 493.0, 375.0
187, 592.0, 267.0
188, 577.0, 430.0
189, 473.0, 111.0
190, 618.0, 39.0
191, 326.0, 177.0
192, 494.0, 415.0
193, 689.0, 45.0
194, 505.0, 206.0
195, 626.0, 145.0
196, 376.0, 433.0
197, 108.0, 251.0
198, 298.0, 245.0
199, 575.0, 39.0
200, 646.0, 98.0
201, 436.0, 192.0
202, 612.0, 275.0
203, 397.0, 284.0
204, 118.0, 14.0
205, 676.0, 128.0
206, 531.0, 23.0
207, 487.0, 90.0
208, 691.0, 87.0
209, 390.0, 442.0
210, 172.0, 380.0
211, 463.0, 290.0
212, 596.0, 303.0
213, 550.0, 44.0
214, 314.0, 182.0
215, 499.0, 279.0
216, 656.0, 396.0
217, 334.0, 192.0
218, 672.0, 27.0
219, 153.0, 244.0
220, 668.0, 90.0
221, 622.0, 355.0
222, 726.0, 429.0
223, 557.0, 332.0
224, 456.0, 34.0
225, 402.0, 432.0
226, 471.0, 346.0
227, 471.0, 418.0
228, 404.0, 24.0
229, 416.0, 275.0
230, 462.0, 99.0
231, 306.0, 306.0
232, 360.0, 267.0
233, 339.0, 445.0
234, 536.0, 316.0
235, 658.0, 97.0
236, 471.0, 226.0
237, 430.0, 453.0
238, 180.0, 464.0
239, 528.0, 447.0
240, 616.0, 258.0
241, 283.0, 274.0
242, 580.0, 307.0
243, 603.0, 332.0
244, 601.0, 362.0
245, 312.0, 134.0
246, 614.0, 387.0
247, 572.0, 409.0
248, 706.0, 101.0
249, 741.0, 229.0
250, 247.0, 271.0
251, 189.0, 397.0
252, 91.0, 236.0
253, 351.0, 435.0
254, 193.0, 89.0
255, 601.0, 114.0
256, 681.0, 395.0
257, 328.0, 280.0
258, 564.0, 275.0
259, 511.0, 161.0
260, 633.0, 448.0
261, 354.0, 412.0
262, 473.0, 445.0
263, 631.0, 57.0
264, 515.0, 201.0
265, 731.0, 412.0
266, 532.0, 86.0
267, 486.0, 389.0
268, 400.0, 231.0
269, 497.0, 200.0
270, 74.0, 37.0
271, 453.0, 420.0
272, 460.0, 322.0
273, 592.0, 433.0
274, 326.0, 395.0
275, 461.0, 301.0
276, 570.0, 266.0
277, 347.0, 24.0
278, 657.0, 254.0
279, 460.0, 310.0
280, 479.0, 179.0
281, 514.0, 95.0
282, 286.0, 177.0
283, 541.0, 270.0
284, 670.0, 270.0
285, 571.0, 14.0
286, 193.0, 112.0
287, 269.0, 271.0
288, 520.0, 466.0
289, 389.0, 399.0
290, 658.0, 355.0
291, 554.0, 263.0
292, 462.0, 191.0
293, 417.0, 155.0
294, 355.0, 382.0
295, 529.0, 348.0
296, 687.0, 221.0
297, 159.0, 347.0
298, 545.0, 114.0
299, 389.0, 370.0
300, 513.0, 70.0
301, 340.0, 228.0
302, 543.0, 290.0
303, 382.0, 73.0
304, 340.0, 40.0
305, 617.0, 411.0
306, 623.0, 159.0
307, 463.0, 455.0
308, 558.0, 209.0
309, 321.0, 137.0
310, 142.0, 351.0
311, 588.0, 93.0
312, 374.0, 132.0
313, 472.0, 365.0
314, 387.0, 190.0
315, 510.0, 231.0
316, 491.0, 248.0
317, 608.0, 35.0
318, 437.0, 164.0
319, 205.0, 237.0
320, 739.0, 460.0
321, 416.0, 19.0
322, 671.0, 78.0
323, 275.0, 76.0
324, 649.0, 168.0
325, 454.0, 351.0
326, 478.0, 285.0
327, 733.0, 191.0
328, 461.0, 208.0
329, 199.0, 439.0
330, 499.0, 400.0
331, 643.0, 129.0
332, 427.0, 44.0
333, 343.0, 404.0
334, 534.0, 58.0
335, 338.0, 470.0
336, 616.0, 292.0
337, 636.0, 393.0
338, 611.0, 127.0
339, 689.0, 71.0
340, 426.0, 103.0
341, 335.0, 119.0
342, 183.0, 264.0
343, 316.0, 159.0
344, 359.0, 280.0
345, 620.0, 397.0
346, 721.0, 108.0
347, 161.0, 364.0
348, 156.0, 318.0
349, 721.0, 442.0
350, 144.0, 405.0
351, 506.0, 30.0
352, 588.0, 352.0
353, 510.0, 344.0
354, 610.0, 444.0
355, 644.0, 227.0
356, 306.0, 382.0
357, 386.0, 205.0
358, 653.0, 292.0
359, 651.0, 265.0
360, 434.0, 334.0
361, 599.0, 425.0
362, 353.0, 191.0
363, 712.0, 350.0
364, 546.0, 170.0
365, 396.0, 35.0
366, 545.0, 217.0
367, 513.0, 267.0
368, 717.0, 155.0
369, 434.0, 423.0
370, 543.0, 206.0
371, 606.0, 315.0
372, 296.0, 44.0
373, 438.0, 217.0
374, 711.0, 445.0
375, 633.0, 168.0
376, 702.0, 438.0
377, 676.0, 235.0
378, 79.0, 75.0
379, 160.0, 287.0
380, 510.0, 260.0
381, 479.0, 152.0
382, 713.0, 59.0
383, 47.0, 12.0
384, 629.0, 428.0
385, 691.0, 445.0
386, 307.0, 166.0
387, 488.0, 9.0
388, 72.0, 18.0
389, 129.0, 47.0
390, 334.0, 176.0
391, 691.0, 274.0
392, 571.0, 219.0
393, 505.0, 367.0
394, 580.0, 72.0
395, 35.0, 260.0
396, 397.0, 157.0
397, 581.0, 82.0
398, 380.0, 290.0
399, 357.0, 358.0
400, 494.0, 455.0
401, 450.0, 253.0
402, 518.0, 140.0
403, 136.0, 221.0
404, 458.0, 178.0
405, 742.0, 344.0
406, 449.0, 175.0
407, 344.0, 373.0
408, 488.0, 212.0
409, 516.0, 32.0
410, 619.0, 369.0
411, 266.0, 181.0
412, 340.0, 324.0
413, 221.0, 238.0
414, 631.0, 87.0
415, 739.0, 175.0
416, 581.0, 360.0
417, 306.0, 355.0
418, 563.0, 248.0
419, 271.0, 148.0
420, 515.0, 86.0
421, 200.0, 456.0
422, 563.0, 169.0
423, 179.0, 226.0
424, 427.0, 216.0
425, 76.0, 122.0
426, 118.0, 125.0
427, 269.0, 61.0
428, 659.0, 70.0
429, 337.0, 460.0
430, 397.0, 268.0
431, 385.0, 347.0
432, 556.0, 161.0
433, 592.0, 37.0
434, 451.0, 360.0
435, 515.0, 127.0
436, 657.0, 275.0
437, 500.0, 324.0
438, 426.0, 56.0
439, 246.0, 161.0
440, 636.0, 380.0
441, 505.0, 358.0
442, 286.0, 209.0
443, 466.0, 74.0
444, 191.0, 72.0
445, 408.0, 161.0
446, 551.0, 18.0
447, 674.0, 181.0
448, 675.0, 343.0
449, 677.0, 445.0
450, 674.0, 289.0
451, 566.0, 283.0
452, 427.0, 416.0
453, 214.0, 208.0
454, 735.0, 390.0
455, 175.0, 402.0
456, 732.0, 153.0
457, 146.0, 438.0
458, 145.0, 367.0
459, 270.0, 233.0
460, 663.0, 446.0
461, 461.0, 237.0
462, 527.0, 309.0
463, 479.0, 66.0
464, 646.0, 340.0
465, 622.0, 464.0
466, 49.0, 242.0
467, 619.0, 329.0
468, 579.0, 257.0
469, 150.0, 461.0
470, 415.0, 254.0
471, 383.0, 235.0
472, 447.0, 37.0
473, 574.0, 471.0
474, 634.0, 26.0
475, 582.0, 272.0
476, 599.0, 382.0
477, 535.0, 408.0
478, 274.0, 131.0
479, 661.0, 180.0
480, 577.0, 319.0
481, 699.0, 372.0
482, 165.0, 213.0
483, 414.0, 89.0
484, 386.0, 110.0
485, 268.0, 195.0
486, 614.0, 335.0
487, 300.0, 219.0
488, 472.0, 88.0
489, 522.0, 428.0
490, 278.0, 103.0
491, 615.0, 457.0
492, 585.0, 32.0
493, 627.0, 362.0
494, 637.0, 402.0
495, 455.0, 409.0
496, 371.0, 278.0
497, 411.0, 286.0
498, 655.0, 22.0
499, 609.0, 413.0
