0, 318.0, 187.0
1, 572.0, 155.0
2, 182.0, 323.0
3, 679.0, 146.0
4, 517.0, 440.0
5, 215.0, 197.0
6, 207.0, 284.0
7, 235.0, 448.0
8, 520.0, 451.0
9, 598.0, 162.0
10, 439.0, 436.0
11, 108.0, 417.0
12, 327.0, 375.0
13, 189.0, 279.0
14, 696.0, 120.0
15, 598.0, 401.0
16, 542.0, 431.0
17, 199.0, 321.0
18, 210.0, 316.0
19, 325.0, 450.0
20, 523.0, 462.0
21, 98.0, 443.0
22, 284.0, 441.0
23, 454.0, 431.0
24, 117.0, 436.0
25, 331.0, 200.0
26, 225.0, 339.0
27, 610.0, 318.0
28, 324.0, 225.0
29, 528.0, 404.0
30, 66.0, 192.0
31, 508.0, 408.0
32, 485.0, 460.0
33, 55.0, 452.0
34, 211.0, 300.0
35, 61.0, 338.0
36, 568.0, 405.0
37, 236.0, 286.0
38, 462.0, 412.0
39, 315.0, 361.0
40, 301.0, 408.0
41, 643.0, 176.0
42, 228.0, 209.0
43, 168.0, 303.0
44, 350.0, 200.0
45, 168.0, 323.0
46, 85.0, 465.0
47, 383.0, 429.0
48, 172.0, 181.0
49, 249.0, 225.0
50, 633.0, 156.0
51, 340.0, 390.0
52, 366.0, 158.0
53, 522.0, 42.0
54, 579.0, 289.0
55, 228.0, 367.0
56, 545.0, 167.0
57, 254.0, 379.0
58, 341.0, 374.0
59, 38.0, 462.0
60, 211.0, 228.0
61, 302.0, 204.0
62, 242.0, 317.0
63, 238.0, 234.0
64, 291.0, 223.0
65, 350.0, 361.0
66, 617.0, 341.0
67, 15.0, 448.0
68, 274.0, 445.0
69, 16.0, 435.0
70, 283.0, 254.0
71, 714.0, 151.0
72, 692.0, 283.0
73, 182.0, 254.0
74, 195.0, 443.0
75, 62.0, 469.0
76, 678.0, 292.0
77, 675.0, 156.0
78, 311.0, 322.0
79, 699.0, 242.0
80, 437.0, 67.0
81, 538.0, 448.0
82, 267.0, 209.0
83, 494.0, 407.0
84, 180.0, 25.0
85, 314.0, 398.0
86, 226.0, 234.0
87, 543.0, 220.0
88, 320.0, 178.0
89, 624.0, 267.0
90, 305.0, 220.0
91, 99.0, 459.0
92, 164.0, 283.0
93, 323.0, 405.0
94, 223.0, 416.0
95, 297.0, 59.0
96, 80.0, 237.0
97, 615.0, 175.0
98, 150.0, 82.0
99, 567.0, 196.0
100, 601.0, 255.0
101, 255.0, 448.0
102, 699.0, 205.0
103, 486.0, 427.0
104, 691.0, 295.0
105, 200.0, 268.0
106, 154.0, 34.0
107, 209.0, 378.0
108, 329.0, 390.0
109, 341.0, 403.0
110, 248.0, 271.0
111, 50.0, 419.0
112, 520.0, 426.0
113, 246.0, 209.0
114, 720.0, 291.0
115, 473.0, 394.0
116, 75.0, 456.0
117, 192.0, 292.0
118, 304.0, 395.0
119, 247.0, 195.0
120, 286.0, 432.0
121, 569.0, 259.0
122, 416.0, 439.0
123, 589.0, 177.0
124, 186.0, 268.0
125, 542.0, 198.0
126, 722.0, 282.0
127, 634.0, 230.0
128, 661.0, 405.0
129, 502.0, 421.0
130, 179.0, 359.0
131, 220.0, 330.0
132, 540.0, 401.0
133, 460.0, 205.0
134, 122.0, 455.0
135, 729.0, 324.0
136, 557.0, 167.0
137, 109.0, 285.0
138, 418.0, 177.0
139, 435.0, 415.0
140, 370.0, 213.0
141, 323.0, 397.0
142, 627.0, 176.0
143, 367.0, 182.0
144, 610.0, 161.0
145, 196.0, 308.0
146, 693.0, 153.0
147, 443.0, 305.0
148, 337.0, 216.0
149, 243.0, 364.0
150, 579.0, 205.0
151, 590.0, 155.0
152, 678.0, 188.0
153, 502.0, 443.0
154, 587.0, 403.0
155, 380.0, 354.0
156, 680.0, 170.0
157, 236.0, 269.0
158, 93.0, 278.0
159, 257.0, 459.0
160, 546.0, 463.0
161, 373.0, 462.0
162, 411.0, 454.0
163, 296.0, 188.0
164, 278.0, 411.0
165, 723.0, 305.0
166, 402.0, 8.0
167, 446.0, 455.0
168, 280.0, 207.0
169, 362.0, 112.0
170, 687.0, 228.0
171, 639.0, 196.0
172, 123.0, 198.0
173, 677.0, 326.0
174, 260.0, 191.0
175, 34.0, 425.0
176, 727.0, 340.0
177, 166.0, 32.0
178, 435.0, 445.0
179, 312.0, 442.0
180, 703.0, 166.0
181, 691.0, 271.0
182, 560.0, 276.0
183, 570.0, 240.0
184, 595.0, 345.0
185, 403.0, 51.0
186, 658.0, 175.0
187, 195.0, 36.0
188, 84.0, 446.0
189, 257.0, 435.0
190, 696.0, 256.0
191, 83.0, 454.0
192, 474.0, 413.0
193, 264.0, 455.0
194, 382.0, 390.0
195, 486.0, 410.0
196, 281.0, 188.0
197, 432.0, 430.0
198, 582.0, 164.0
199, 543.0, 420.0
200, 461.0, 101.0
201, 618.0, 412.0
202, 726.0, 265.0
203, 377.0, 314.0
204, 239.0, 434.0
205, 75.0, 281.0
206, 222.0, 247.0
207, 222.0, 464.0
208, 660.0, 276.0
209, 680.0, 311.0
210, 336.0, 380.0
211, 740.0, 275.0
212, 306.0, 275.0
213, 506.0, 230.0
214, 673.0, 347.0
215, 192.0, 398.0
216, 647.0, 432.0
217, 707.0, 325.0
218, 237.0, 40.0
219, 448.0, 412.0
220, 375.0, 267.0
221, 560.0, 181.0
222, 687.0, 408.0
223, 315.0, 407.0
224, 280.0, 226.0
225, 373.0, 244.0
226, 209.0, 213.0
227, 280.0, 217.0
228, 156.0, 297.0
229, 295.0, 466.0
230, 242.0, 389.0
231, 528.0, 430.0
232, 706.0, 437.0
233, 331.0, 187.0
234, 541.0, 243.0
235, 265.0, 437.0
236, 335.0, 225.0
237, 494.0, 447.0
238, 109.0, 449.0
239, 331.0, 145.0
240, 678.0, 275.0
241, 457.0, 147.0
242, 544.0, 263.0
243, 194.0, 411.0
244, 310.0, 24.0
245, 162.0, 133.0
246, 95.0, 333.0
247, 300.0, 421.0
248, 275.0, 46.0
249, 263.0, 281.0
250, 224.0, 53.0
251, 187.0, 338.0
252, 472.0, 427.0
253, 84.0, 305.0
254, 651.0, 216.0
255, 24.0, 462.0
256, 339.0, 449.0
257, 179.0, 263.0
258, 264.0, 421.0
259, 700.0, 301.0
260, 244.0, 332.0
261, 140.0, 30.0
262, 615.0, 384.0
263, 510.0, 247.0
264, 409.0, 469.0
265, 321.0, 217.0
266, 337.0, 11.0
267, 267.0, 368.0
268, 583.0, 335.0
269, 206.0, 341.0
270, 94.0, 192.0
271, 356.0, 403.0
272, 223.0, 397.0
273, 661.0, 268.0
274, 248.0, 24.0
275, 172.0, 17.0
276, 314.0, 451.0
277, 522.0, 393.0
278, 479.0, 435.0
279, 292.0, 205.0
280, 394.0, 322.0
281, 589.0, 417.0
282, 704.0, 183.0
283, 308.0, 14.0
284, 443.0, 471.0
285, 715.0, 220.0
286, 333.0, 161.0
287, 222.0, 440.0
288, 532.0, 437.0
289, 213.0, 463.0
290, 340.0, 271.0
291, 211.0, 276.0
292, 660.0, 283.0
293, 651.0, 154.0
294, 462.0, 52.0
295, 654.0, 447.0
296, 654.0, 264.0
297, 196.0, 283.0
298, 532.0, 415.0
299, 364.0, 60.0
300, 347.0, 440.0
301, 366.0, 141.0
302, 610.0, 32.0
303, 444.0, 381.0
304, 63.0, 31.0
305, 599.0, 340.0
306, 496.0, 426.0
307, 427.0, 451.0
308, 228.0, 189.0
309, 604.0, 368.0
310, 369.0, 14.0
311, 181.0, 206.0
312, 639.0, 331.0
313, 702.0, 145.0
314, 391.0, 456.0
315, 713.0, 164.0
316, 430.0, 342.0
317, 736.0, 247.0
318, 383.0, 441.0
319, 718.0, 211.0
320, 117.0, 8.0
321, 55.0, 143.0
322, 604.0, 353.0
323, 608.0, 195.0
324, 657.0, 166.0
325, 516.0, 411.0
326, 172.0, 450.0
327, 216.0, 323.0
328, 433.0, 464.0
329, 549.0, 407.0
330, 644.0, 277.0
331, 182.0, 103.0
332, 444.0, 346.0
333, 75.0, 192.0
334, 416.0, 107.0
335, 457.0, 255.0
336, 650.0, 193.0
337, 30.0, 431.0
338, 461.0, 401.0
339, 272.0, 155.0
340, 221.0, 189.0
341, 357.0, 84.0
342, 219.0, 289.0
343, 178.0, 280.0
344, 490.0, 438.0
345, 576.0, 333.0
346, 405.0, 425.0
347, 695.0, 144.0
348, 328.0, 64.0
349, 272.0, 169.0
350, 344.0, 19.0
351, 211.0, 405.0
352, 359.0, 434.0
353, 383.0, 112.0
354, 325.0, 100.0
355, 224.0, 309.0
356, 299.0, 444.0
357, 592.0, 203.0
358, 382.0, 419.0
359, 397.0, 81.0
360, 526.0, 441.0
361, 471.0, 404.0
362, 549.0, 455.0
363, 236.0, 295.0
364, 468.0, 388.0
365, 276.0, 461.0
366, 449.0, 402.0
367, 570.0, 272.0
368, 448.0, 420.0
369, 656.0, 415.0
370, 311.0, 40.0
371, 498.0, 415.0
372, 141.0, 197.0
373, 160.0, 190.0
374, 608.0, 467.0
375, 218.0, 264.0
376, 513.0, 467.0
377, 285.0, 424.0
378, 103.0, 303.0
379, 121.0, 466.0
380, 655.0, 463.0
381, 37.0, 355.0
382, 493.0, 213.0
383, 556.0, 463.0
384, 56.0, 431.0
385, 446.0, 148.0
386, 507.0, 296.0
387, 183.0, 332.0
388, 9.0, 343.0
389, 636.0, 208.0
390, 597.0, 175.0
391, 597.0, 194.0
392, 114.0, 427.0
393, 425.0, 154.0
394, 8.0, 314.0
395, 268.0, 226.0
396, 582.0, 413.0
397, 140.0, 83.0
398, 669.0, 423.0
399, 675.0, 284.0
400, 309.0, 464.0
401, 426.0, 435.0
402, 113.0, 16.0
403, 158.0, 391.0
404, 200.0, 456.0
405, 348.0, 331.0
406, 639.0, 266.0
407, 265.0, 123.0
408, 190.0, 160.0
409, 680.0, 47.0
410, 399.0, 197.0
411, 398.0, 210.0
412, 355.0, 246.0
413, 621.0, 353.0
414, 739.0, 224.0
415, 83.0, 280.0
416, 196.0, 329.0
417, 310.0, 56.0
418, 46.0, 471.0
419, 630.0, 401.0
420, 341.0, 396.0
421, 509.0, 239.0
422, 737.0, 284.0
423, 323.0, 63.0
424, 483.0, 383.0
425, 503.0, 384.0
426, 104.0, 436.0
427, 623.0, 195.0
428, 420.0, 423.0
429, 689.0, 112.0
430, 255.0, 71.0
431, 476.0, 468.0
432, 617.0, 159.0
433, 457.0, 174.0
434, 371.0, 60.0
435, 18.0, 10.0
436, 174.0, 72.0
437, 677.0, 393.0
438, 407.0, 87.0
439, 393.0, 462.0
440, 588.0, 194.0
441, 397.0, 38.0
442, 486.0, 338.0
443, 429.0, 421.0
444, 196.0, 434.0
445, 499.0, 391.0
446, 248.0, 19.0
447, 137.0, 411.0
448, 398.0, 65.0
449, 452.0, 254.0
450, 210.0, 350.0
451, 239.0, 98.0
452, 235.0, 471.0
453, 585.0, 155.0
454, 501.0, 458.0
455, 346.0, 296.0
456, 388.0, 18.0
457, 503.0, 332.0
458, 126.0, 433.0
459, 239.0, 50.0
460, 408.0, 260.0
461, 703.0, 340.0
462, 234.0, 440.0
463, 29.0, 399.0
464, 498.0, 432.0
465, 264.0, 101.0
466, 165.0, 381.0
467, 556.0, 452.0
468, 306.0, 438.0
469, 9.0, 193.0
470, 473.0, 187.0
471, 153.0, 397.0
472, 229.0, 197.0
473, 218.0, 449.0
474, 314.0, 134.0
475, 41.0, 92.0
476, 345.0, 158.0
477, 226.0, 348.0
478, 616.0, 400.0
479, 455.0, 227.0
480, 111.0, 465.0
481, 385.0, 84.0
482, 608.0, 140.0
483, 558.0, 431.0
484, 129.0, 83.0
485, 382.0, 409.0
486, 660.0, 359.0
487, 228.0, 452.0
488, 406.0, 367.0
489, 416.0, 77.0
490, 376.0, 447.0
491, 249.0, 135.0
492, 508.0, 471.0
493, 51.0, 431.0
494, 412.0, 41.0
495, 214.0, 440.0
496, 491.0, 251.0
497, 367.0, 442.0
498, 520.0, 417.0
499, 655.0, 452.0
