0, 621.0, 112.0
1, 194.0, 293.0
2, 378.0, 385.0
3, 475.0, 433.0
4, 662.0, 266.0
5, 506.0, 65.0
6, 599.0, 219.0
7, 275.0, 360.0
8, 176.0, 35.0
9, 191.0, 384.0
10, 60.0, 158.0
11, 483.0, 456.0
12, 275.0, 53.0
13, 117.0, 261.0
14, 269.0, 19.0
15, 303.0, 41.0
16, 174.0, 169.0
17, 392.0, 316.0
18, 559.0, 212.0
19, 479.0, 340.0
20, 170.0, 113.0
21, 199.0, 81.0
22, 608.0, 457.0
23, 491.0, 415.0
24, 597.0, 470.0
25, 589.0, 186.0
26, 251.0, 30.0
27, 647.0, 449.0
28, 608.0, 148.0
29, 411.0, 283.0
30, 405.0, 302.0
31, 211.0, 46.0
32, 154.0, 205.0
33, 506.0, 54.0
34, 591.0, 457.0
35, 151.0, 34.0
36, 132.0, 32.0
37, 438.0, 425.0
38, 196.0, 322.0
39, 584.0, 89.0
40, 137.0, 470.0
41, 413.0, 384.0
42, 499.0, 407.0
43, 540.0, 64.0
44, 625.0, 457.0
45, 731.0, 433.0
46, 247.0, 457.0
47, 579.0, 218.0
48, 482.0, 63.0
49, 246.0, 38.0
50, 506.0, 233.0
51, 230.0, 38.0
52, 180.0, 51.0
53, 592.0, 177.0
54, 671.0, 122.0
55, 500.0, 370.0
56, 337.0, 413.0
57, 724.0, 140.0
58, 250.0, 71.0
59, 288.0, 72.0
60, 319.0, 312.0
61, 431.0, 419.0
62, 416.0, 455.0
63, 98.0, 426.0
64, 208.0, 293.0
65, 186.0, 182.0
66, 386.0, 333.0
67, 483.0, 388.0
68, 128.0, 257.0
69, 501.0, 260.0
70, 319.0, 57.0
71, 528.0, 64.0
72, 139.0, 148.0
73, 441.0, 450.0
74, 228.0, 285.0
75, 465.0, 353.0
76, 457.0, 267.0
77, 633.0, 107.0
78, 103.0, 403.0
79, 274.0, 442.0
80, 559.0, 57.0
81, 86.0, 418.0
82, 266.0, 312.0
83, 181.0, 294.0
84, 220.0, 329.0
85, 632.0, 432.0
86, 435.0, 362.0
87, 445.0, 173.0
88, 293.0, 339.0
89, 260.0, 33.0
90, 267.0, 71.0
91, 482.0, 45.0
92, 434.0, 401.0
93, 381.0, 404.0
94, 488.0, 271.0
95, 234.0, 312.0
96, 681.0, 391.0
97, 115.0, 90.0
98, 279.0, 16.0
99, 525.0, 52.0
100, 76.0, 390.0
101, 396.0, 47.0
102, 198.0, 230.0
103, 557.0, 439.0
104, 381.0, 309.0
105, 186.0, 399.0
106, 468.0, 340.0
107, 144.0, 230.0
108, 471.0, 61.0
109, 431.0, 170.0
110, 60.0, 428.0
111, 142.0, 271.0
112, 262.0, 327.0
113, 150.0, 263.0
114, 445.0, 467.0
115, 563.0, 191.0
116, 183.0, 66.0
117, 439.0, 295.0
118, 634.0, 401.0
119, 121.0, 391.0
120, 717.0, 419.0
121, 166.0, 73.0
122, 481.0, 167.0
123, 258.0, 260.0
124, 497.0, 425.0
125, 708.0, 445.0
126, 449.0, 391.0
127, 573.0, 460.0
128, 245.0, 351.0
129, 258.0, 51.0
130, 393.0, 340.0
131, 718.0, 467.0
132, 288.0, 40.0
133, 11.0, 295.0
134, 495.0, 53.0
135, 490.0, 84.0
136, 356.0, 59.0
137, 174.0, 264.0
138, 564.0, 452.0
139, 577.0, 68.0
140, 572.0, 198.0
141, 256.0, 230.0
142, 372.0, 465.0
143, 454.0, 455.0
144, 240.0, 8.0
145, 154.0, 176.0
146, 446.0, 440.0
147, 428.0, 466.0
148, 257.0, 466.0
149, 713.0, 290.0
150, 162.0, 124.0
151, 559.0, 68.0
152, 155.0, 470.0
153, 278.0, 348.0
154, 203.0, 71.0
155, 255.0, 184.0
156, 231.0, 437.0
157, 356.0, 411.0
158, 86.0, 403.0
159, 36.0, 104.0
160, 396.0, 463.0
161, 260.0, 452.0
162, 383.0, 354.0
163, 205.0, 328.0
164, 100.0, 121.0
165, 469.0, 286.0
166, 114.0, 378.0
167, 441.0, 333.0
168, 118.0, 170.0
169, 622.0, 128.0
170, 430.0, 266.0
171, 89.0, 355.0
172, 342.0, 324.0
173, 449.0, 190.0
174, 35.0, 458.0
175, 129.0, 125.0
176, 422.0, 318.0
177, 24.0, 404.0
178, 493.0, 389.0
179, 512.0, 87.0
180, 218.0, 438.0
181, 263.0, 419.0
182, 277.0, 425.0
183, 556.0, 228.0
184, 629.0, 370.0
185, 574.0, 159.0
186, 240.0, 424.0
187, 638.0, 356.0
188, 123.0, 97.0
189, 164.0, 46.0
190, 595.0, 161.0
191, 177.0, 75.0
192, 623.0, 100.0
193, 151.0, 66.0
194, 392.0, 291.0
195, 8.0, 207.0
196, 689.0, 131.0
197, 123.0, 283.0
198, 79.0, 448.0
199, 525.0, 90.0
200, 81.0, 465.0
201, 490.0, 439.0
202, 486.0, 425.0
203, 47.0, 418.0
204, 175.0, 275.0
205, 154.0, 452.0
206, 449.0, 403.0
207, 233.0, 52.0
208, 638.0, 470.0
209, 469.0, 407.0
210, 364.0, 303.0
211, 277.0, 405.0
212, 44.0, 148.0
213, 183.0, 117.0
214, 293.0, 431.0
215, 430.0, 384.0
216, 660.0, 451.0
217, 506.0, 191.0
218, 406.0, 78.0
219, 325.0, 447.0
220, 101.0, 110.0
221, 350.0, 448.0
222, 339.0, 438.0
223, 354.0, 358.0
224, 420.0, 297.0
225, 136.0, 176.0
226, 95.0, 411.0
227, 248.0, 274.0
228, 651.0, 280.0
229, 277.0, 40.0
230, 238.0, 180.0
231, 575.0, 49.0
232, 617.0, 449.0
233, 108.0, 195.0
234, 31.0, 175.0
235, 352.0, 468.0
236, 538.0, 52.0
237, 193.0, 305.0
238, 597.0, 236.0
239, 122.0, 311.0
240, 113.0, 426.0
241, 404.0, 164.0
242, 358.0, 325.0
243, 351.0, 311.0
244, 294.0, 386.0
245, 309.0, 437.0
246, 575.0, 146.0
247, 261.0, 438.0
248, 405.0, 345.0
249, 321.0, 185.0
250, 320.0, 160.0
251, 578.0, 119.0
252, 275.0, 291.0
253, 263.0, 269.0
254, 678.0, 436.0
255, 586.0, 200.0
256, 664.0, 377.0
257, 468.0, 362.0
258, 201.0, 54.0
259, 502.0, 453.0
260, 731.0, 228.0
261, 263.0, 384.0
262, 551.0, 452.0
263, 372.0, 295.0
264, 615.0, 437.0
265, 137.0, 113.0
266, 264.0, 79.0
267, 55.0, 448.0
268, 74.0, 315.0
269, 124.0, 73.0
270, 598.0, 140.0
271, 152.0, 86.0
272, 320.0, 74.0
273, 481.0, 52.0
274, 314.0, 389.0
275, 16.0, 458.0
276, 237.0, 332.0
277, 202.0, 350.0
278, 155.0, 231.0
279, 290.0, 209.0
280, 571.0, 175.0
281, 27.0, 293.0
282, 558.0, 87.0
283, 560.0, 467.0
284, 145.0, 245.0
285, 309.0, 333.0
286, 232.0, 456.0
287, 174.0, 382.0
288, 364.0, 313.0
289, 102.0, 344.0
290, 201.0, 173.0
291, 225.0, 367.0
292, 479.0, 189.0
293, 22.0, 278.0
294, 244.0, 54.0
295, 469.0, 456.0
296, 468.0, 272.0
297, 547.0, 234.0
298, 212.0, 55.0
299, 471.0, 310.0
300, 671.0, 465.0
301, 432.0, 189.0
302, 471.0, 394.0
303, 639.0, 440.0
304, 335.0, 244.0
305, 131.0, 227.0
306, 173.0, 217.0
307, 180.0, 217.0
308, 484.0, 363.0
309, 545.0, 434.0
310, 371.0, 35.0
311, 415.0, 326.0
312, 184.0, 450.0
313, 288.0, 82.0
314, 545.0, 424.0
315, 162.0, 286.0
316, 380.0, 437.0
317, 435.0, 153.0
318, 49.0, 175.0
319, 107.0, 355.0
320, 577.0, 442.0
321, 494.0, 224.0
322, 189.0, 245.0
323, 344.0, 8.0
324, 305.0, 386.0
325, 194.0, 36.0
326, 147.0, 280.0
327, 298.0, 362.0
328, 277.0, 471.0
329, 516.0, 376.0
330, 590.0, 443.0
331, 657.0, 424.0
332, 307.0, 374.0
333, 460.0, 431.0
334, 431.0, 349.0
335, 621.0, 61.0
336, 281.0, 288.0
337, 142.0, 132.0
338, 229.0, 270.0
339, 148.0, 46.0
340, 540.0, 423.0
341, 208.0, 374.0
342, 323.0, 43.0
343, 52.0, 391.0
344, 105.0, 180.0
345, 625.0, 423.0
346, 36.0, 285.0
347, 484.0, 372.0
348, 280.0, 378.0
349, 645.0, 434.0
350, 125.0, 114.0
351, 8.0, 275.0
352, 319.0, 274.0
353, 571.0, 431.0
354, 639.0, 413.0
355, 315.0, 427.0
356, 658.0, 279.0
357, 285.0, 411.0
358, 37.0, 255.0
359, 439.0, 373.0
360, 115.0, 111.0
361, 42.0, 371.0
362, 183.0, 124.0
363, 166.0, 36.0
364, 217.0, 305.0
365, 536.0, 342.0
366, 310.0, 413.0
367, 526.0, 416.0
368, 288.0, 183.0
369, 246.0, 323.0
370, 687.0, 147.0
371, 631.0, 464.0
372, 162.0, 316.0
373, 135.0, 305.0
374, 622.0, 431.0
375, 91.0, 260.0
376, 120.0, 37.0
377, 194.0, 410.0
378, 129.0, 318.0
379, 167.0, 181.0
380, 402.0, 186.0
381, 252.0, 334.0
382, 600.0, 430.0
383, 573.0, 95.0
384, 688.0, 277.0
385, 598.0, 149.0
386, 341.0, 332.0
387, 113.0, 411.0
388, 683.0, 163.0
389, 228.0, 303.0
390, 326.0, 32.0
391, 52.0, 404.0
392, 394.0, 78.0
393, 325.0, 85.0
394, 292.0, 399.0
395, 234.0, 141.0
396, 262.0, 397.0
397, 119.0, 404.0
398, 369.0, 15.0
399, 443.0, 314.0
400, 236.0, 157.0
401, 137.0, 212.0
402, 660.0, 245.0
403, 197.0, 432.0
404, 484.0, 380.0
405, 650.0, 267.0
406, 92.0, 214.0
407, 201.0, 261.0
408, 138.0, 46.0
409, 82.0, 377.0
410, 541.0, 332.0
411, 572.0, 184.0
412, 186.0, 78.0
413, 489.0, 341.0
414, 300.0, 111.0
415, 70.0, 418.0
416, 167.0, 230.0
417, 224.0, 351.0
418, 486.0, 357.0
419, 239.0, 375.0
420, 250.0, 407.0
421, 532.0, 450.0
422, 28.0, 339.0
423, 156.0, 147.0
424, 123.0, 454.0
425, 234.0, 86.0
426, 602.0, 205.0
427, 575.0, 79.0
428, 343.0, 383.0
429, 604.0, 120.0
430, 213.0, 72.0
431, 705.0, 217.0
432, 645.0, 397.0
433, 158.0, 26.0
434, 413.0, 403.0
435, 305.0, 353.0
436, 645.0, 300.0
437, 167.0, 28.0
438, 468.0, 379.0
439, 220.0, 207.0
440, 655.0, 370.0
441, 168.0, 336.0
442, 504.0, 274.0
443, 454.0, 468.0
444, 147.0, 357.0
445, 405.0, 291.0
446, 657.0, 119.0
447, 258.0, 42.0
448, 365.0, 165.0
449, 552.0, 286.0
450, 624.0, 382.0
451, 444.0, 235.0
452, 226.0, 71.0
453, 605.0, 166.0
454, 670.0, 421.0
455, 420.0, 440.0
456, 292.0, 350.0
457, 602.0, 182.0
458, 503.0, 215.0
459, 339.0, 447.0
460, 116.0, 211.0
461, 359.0, 186.0
462, 590.0, 120.0
463, 13.0, 356.0
464, 219.0, 182.0
465, 429.0, 301.0
466, 583.0, 470.0
467, 342.0, 428.0
468, 255.0, 79.0
469, 121.0, 243.0
470, 173.0, 355.0
471, 476.0, 371.0
472, 662.0, 134.0
473, 590.0, 57.0
474, 343.0, 24.0
475, 169.0, 203.0
476, 413.0, 37.0
477, 425.0, 448.0
478, 473.0, 84.0
479, 737.0, 198.0
480, 31.0, 381.0
481, 547.0, 54.0
482, 142.0, 375.0
483, 300.0, 396.0
484, 186.0, 16.0
485, 223.0, 55.0
486, 618.0, 444.0
487, 47.0, 380.0
488, 132.0, 160.0
489, 512.0, 322.0
490, 674.0, 410.0
491, 167.0, 367.0
492, 20.0, 314.0
493, 245.0, 391.0
494, 383.0, 235.0
495, 237.0, 107.0
496, 210.0, 365.0
497, 478.0, 349.0
498, 288.0, 11.0
499, 408.0, 124.0
