0, 281.0, 415.0
1, 481.0, 238.0
2, 55.0, 341.0
3, 25.0, 268.0
4, 332.0, 152.0
5, 151.0, 47.0
6, 290.0, 407.0
7, 518.0, 129.0
8, 119.0, 45.0
9, 290.0, 19.0
10, 386.0, 153.0
11, 52.0, 131.0
12, 527.0, 402.0
13, 652.0, 295.0
14, 356.0, 21.0
15, 48.0, 119.0
16, 498.0, 137.0
17, 738.0, 247.0
18, 405.0, 27.0
19, 297.0, 162.0
20, 467.0, 260.0
21, 45.0, 153.0
22, 298.0, 25.0
23, 375.0, 160.0
24, 103.0, 122.0
25, 723.0, 148.0
26, 286.0, 460.0
27, 83.0, 63.0
28, 587.0, 278.0
29, 434.0, 299.0
30, 491.0, 231.0
31, 266.0, 297.0
32, 369.0, 19.0
33, 15.0, 147.0
34, 22.0, 390.0
35, 648.0, 105.0
36, 638.0, 264.0
37, 269.0, 17.0
38, 396.0, 151.0
39, 664.0, 140.0
40, 551.0, 416.0
41, 423.0, 156.0
42, 255.0, 31.0
43, 676.0, 143.0
44, 448.0, 270.0
45, 484.0, 169.0
46, 13.0, 18.0
47, 72.0, 292.0
48, 29.0, 121.0
49, 535.0, 215.0
50, 53.0, 430.0
51, 422.0, 129.0
52, 455.0, 228.0
53, 580.0, 27.0
54, 374.0, 220.0
55, 439.0, 191.0
56, 61.0, 65.0
57, 239.0, 425.0
58, 56.0, 376.0
59, 635.0, 78.0
60, 9.0, 271.0
61, 99.0, 111.0
62, 260.0, 281.0
63, 464.0, 125.0
64, 10.0, 110.0
65, 404.0, 279.0
66, 269.0, 214.0
67, 519.0, 256.0
68, 276.0, 399.0
69, 708.0, 287.0
70, 345.0, 21.0
71, 313.0, 23.0
72, 52.0, 293.0
73, 84.0, 49.0
74, 85.0, 73.0
75, 273.0, 470.0
76, 272.0, 279.0
77, 244.0, 460.0
78, 532.0, 153.0
79, 17.0, 289.0
80, 127.0, 224.0
81, 105.0, 46.0
82, 37.0, 242.0
83, 576.0, 433.0
84, 576.0, 186.0
85, 10.0, 138.0
86, 707.0, 260.0
87, 168.0, 301.0
88, 285.0, 387.0
89, 324.0, 23.0
90, 56.0, 141.0
91, 661.0, 129.0
92, 163.0, 420.0
93, 56.0, 214.0
94, 63.0, 224.0
95, 49.0, 282.0
96, 208.0, 43.0
97, 708.0, 148.0
98, 400.0, 164.0
99, 638.0, 151.0
100, 373.0, 209.0
101, 609.0, 71.0
102, 145.0, 256.0
103, 389.0, 311.0
104, 661.0, 279.0
105, 634.0, 62.0
106, 652.0, 277.0
107, 242.0, 17.0
108, 491.0, 148.0
109, 220.0, 12.0
110, 271.0, 31.0
111, 34.0, 143.0
112, 151.0, 57.0
113, 43.0, 108.0
114, 456.0, 251.0
115, 537.0, 241.0
116, 44.0, 34.0
117, 285.0, 27.0
118, 25.0, 60.0
119, 492.0, 243.0
120, 507.0, 14.0
121, 630.0, 353.0
122, 244.0, 207.0
123, 257.0, 406.0
124, 622.0, 299.0
125, 442.0, 28.0
126, 601.0, 264.0
127, 24.0, 135.0
128, 587.0, 308.0
129, 465.0, 273.0
130, 17.0, 123.0
131, 89.0, 83.0
132, 171.0, 324.0
133, 52.0, 206.0
134, 697.0, 139.0
135, 665.0, 104.0
136, 50.0, 256.0
137, 445.0, 147.0
138, 26.0, 160.0
139, 610.0, 295.0
140, 476.0, 136.0
141, 353.0, 182.0
142, 729.0, 128.0
143, 286.0, 35.0
144, 173.0, 312.0
145, 27.0, 398.0
146, 551.0, 88.0
147, 47.0, 48.0
148, 521.0, 244.0
149, 582.0, 136.0
150, 16.0, 175.0
151, 477.0, 216.0
152, 650.0, 267.0
153, 418.0, 28.0
154, 647.0, 332.0
155, 236.0, 249.0
156, 722.0, 246.0
157, 537.0, 94.0
158, 92.0, 173.0
159, 191.0, 458.0
160, 577.0, 80.0
161, 387.0, 200.0
162, 457.0, 13.0
163, 256.0, 253.0
164, 204.0, 15.0
165, 159.0, 289.0
166, 256.0, 433.0
167, 510.0, 99.0
168, 288.0, 206.0
169, 707.0, 129.0
170, 249.0, 330.0
171, 458.0, 132.0
172, 476.0, 106.0
173, 699.0, 112.0
174, 105.0, 131.0
175, 557.0, 209.0
176, 113.0, 29.0
177, 736.0, 231.0
178, 99.0, 144.0
179, 496.0, 106.0
180, 337.0, 20.0
181, 612.0, 277.0
182, 54.0, 182.0
183, 392.0, 31.0
184, 725.0, 303.0
185, 511.0, 229.0
186, 33.0, 221.0
187, 686.0, 129.0
188, 477.0, 22.0
189, 624.0, 88.0
190, 496.0, 24.0
191, 33.0, 442.0
192, 625.0, 112.0
193, 585.0, 8.0
194, 96.0, 363.0
195, 33.0, 320.0
196, 338.0, 37.0
197, 675.0, 335.0
198, 644.0, 131.0
199, 14.0, 244.0
200, 261.0, 467.0
201, 293.0, 471.0
202, 689.0, 341.0
203, 16.0, 217.0
204, 520.0, 98.0
205, 624.0, 284.0
206, 224.0, 273.0
207, 9.0, 363.0
208, 322.0, 194.0
209, 70.0, 46.0
210, 262.0, 271.0
211, 590.0, 294.0
212, 80.0, 195.0
213, 296.0, 441.0
214, 264.0, 196.0
215, 743.0, 75.0
216, 255.0, 326.0
217, 8.0, 419.0
218, 38.0, 209.0
219, 477.0, 116.0
220, 303.0, 463.0
221, 301.0, 40.0
222, 94.0, 60.0
223, 316.0, 161.0
224, 700.0, 316.0
225, 622.0, 125.0
226, 556.0, 36.0
227, 260.0, 45.0
228, 80.0, 257.0
229, 255.0, 199.0
230, 547.0, 156.0
231, 519.0, 143.0
232, 206.0, 465.0
233, 600.0, 394.0
234, 18.0, 380.0
235, 357.0, 32.0
236, 9.0, 194.0
237, 179.0, 336.0
238, 444.0, 116.0
239, 290.0, 8.0
240, 413.0, 272.0
241, 625.0, 24.0
242, 736.0, 188.0
243, 80.0, 437.0
244, 371.0, 33.0
245, 28.0, 238.0
246, 109.0, 140.0
247, 294.0, 426.0
248, 397.0, 131.0
249, 680.0, 305.0
250, 80.0, 419.0
251, 86.0, 112.0
252, 677.0, 99.0
253, 460.0, 114.0
254, 159.0, 247.0
255, 325.0, 34.0
256, 602.0, 113.0
257, 272.0, 263.0
258, 25.0, 253.0
259, 642.0, 22.0
260, 607.0, 88.0
261, 245.0, 221.0
262, 586.0, 420.0
263, 543.0, 269.0
264, 446.0, 300.0
265, 586.0, 383.0
266, 156.0, 210.0
267, 133.0, 203.0
268, 112.0, 60.0
269, 14.0, 374.0
270, 11.0, 430.0
271, 280.0, 166.0
272, 235.0, 303.0
273, 37.0, 401.0
274, 368.0, 169.0
275, 120.0, 198.0
276, 743.0, 263.0
277, 679.0, 211.0
278, 229.0, 427.0
279, 578.0, 261.0
280, 232.0, 189.0
281, 725.0, 315.0
282, 652.0, 420.0
283, 231.0, 309.0
284, 25.0, 145.0
285, 277.0, 426.0
286, 170.0, 53.0
287, 708.0, 75.0
288, 660.0, 299.0
289, 221.0, 213.0
290, 349.0, 143.0
291, 90.0, 124.0
292, 660.0, 397.0
293, 608.0, 25.0
294, 54.0, 357.0
295, 526.0, 19.0
296, 672.0, 99.0
297, 54.0, 304.0
298, 474.0, 124.0
299, 563.0, 96.0
300, 292.0, 418.0
301, 675.0, 182.0
302, 365.0, 144.0
303, 558.0, 156.0
304, 662.0, 409.0
305, 77.0, 83.0
306, 727.0, 213.0
307, 17.0, 426.0
308, 609.0, 162.0
309, 46.0, 345.0
310, 57.0, 265.0
311, 103.0, 203.0
312, 32.0, 179.0
313, 103.0, 64.0
314, 568.0, 30.0
315, 69.0, 393.0
316, 400.0, 197.0
317, 38.0, 133.0
318, 78.0, 389.0
319, 229.0, 25.0
320, 250.0, 222.0
321, 719.0, 170.0
322, 564.0, 85.0
323, 673.0, 166.0
324, 25.0, 108.0
325, 69.0, 260.0
326, 204.0, 195.0
327, 648.0, 77.0
328, 461.0, 283.0
329, 140.0, 217.0
330, 207.0, 32.0
331, 459.0, 144.0
332, 195.0, 370.0
333, 620.0, 135.0
334, 686.0, 257.0
335, 71.0, 314.0
336, 599.0, 26.0
337, 349.0, 156.0
338, 630.0, 9.0
339, 623.0, 395.0
340, 419.0, 290.0
341, 75.0, 419.0
342, 437.0, 279.0
343, 196.0, 335.0
344, 70.0, 115.0
345, 349.0, 148.0
346, 671.0, 298.0
347, 657.0, 316.0
348, 619.0, 439.0
349, 301.0, 255.0
350, 316.0, 147.0
351, 256.0, 177.0
352, 20.0, 37.0
353, 33.0, 134.0
354, 204.0, 187.0
355, 607.0, 276.0
356, 298.0, 454.0
357, 635.0, 407.0
358, 100.0, 456.0
359, 630.0, 151.0
360, 56.0, 315.0
361, 600.0, 448.0
362, 605.0, 203.0
363, 193.0, 45.0
364, 445.0, 325.0
365, 274.0, 8.0
366, 447.0, 288.0
367, 15.0, 282.0
368, 677.0, 223.0
369, 558.0, 16.0
370, 111.0, 172.0
371, 231.0, 246.0
372, 147.0, 229.0
373, 69.0, 210.0
374, 223.0, 32.0
375, 203.0, 182.0
376, 116.0, 185.0
377, 82.0, 471.0
378, 58.0, 57.0
379, 14.0, 194.0
380, 25.0, 36.0
381, 671.0, 161.0
382, 269.0, 459.0
383, 41.0, 347.0
384, 330.0, 8.0
385, 132.0, 394.0
386, 176.0, 275.0
387, 152.0, 388.0
388, 636.0, 384.0
389, 74.0, 424.0
390, 688.0, 146.0
391, 34.0, 195.0
392, 100.0, 193.0
393, 42.0, 320.0
394, 71.0, 309.0
395, 465.0, 226.0
396, 430.0, 18.0
397, 73.0, 19.0
398, 660.0, 246.0
399, 724.0, 163.0
400, 66.0, 233.0
401, 223.0, 200.0
402, 596.0, 333.0
403, 45.0, 15.0
404, 60.0, 8.0
405, 82.0, 91.0
406, 84.0, 102.0
407, 594.0, 311.0
408, 264.0, 447.0
409, 231.0, 314.0
410, 135.0, 40.0
411, 240.0, 181.0
412, 248.0, 371.0
413, 124.0, 183.0
414, 639.0, 44.0
415, 545.0, 373.0
416, 274.0, 421.0
417, 342.0, 8.0
418, 73.0, 388.0
419, 72.0, 266.0
420, 108.0, 386.0
421, 468.0, 239.0
422, 261.0, 419.0
423, 470.0, 319.0
424, 231.0, 321.0
425, 65.0, 272.0
426, 279.0, 161.0
427, 235.0, 210.0
428, 725.0, 310.0
429, 698.0, 421.0
430, 69.0, 255.0
431, 616.0, 247.0
432, 230.0, 213.0
433, 65.0, 116.0
434, 284.0, 176.0
435, 72.0, 303.0
436, 449.0, 333.0
437, 668.0, 166.0
438, 8.0, 126.0
439, 87.0, 370.0
440, 559.0, 11.0
441, 59.0, 426.0
442, 255.0, 337.0
443, 41.0, 227.0
444, 606.0, 324.0
445, 454.0, 145.0
446, 180.0, 45.0
447, 218.0, 240.0
448, 535.0, 111.0
449, 263.0, 11.0
450, 573.0, 247.0
451, 685.0, 159.0
452, 290.0, 448.0
453, 592.0, 27.0
454, 74.0, 394.0
455, 557.0, 29.0
456, 650.0, 139.0
457, 559.0, 366.0
458, 72.0, 127.0
459, 687.0, 252.0
460, 741.0, 189.0
461, 604.0, 72.0
462, 276.0, 437.0
463, 104.0, 422.0
464, 669.0, 130.0
465, 246.0, 438.0
466, 617.0, 373.0
467, 525.0, 14.0
468, 671.0, 242.0
469, 263.0, 32.0
470, 574.0, 380.0
471, 72.0, 343.0
472, 589.0, 264.0
473, 37.0, 121.0
474, 8.0, 209.0
475, 685.0, 262.0
476, 205.0, 460.0
477, 101.0, 139.0
478, 524.0, 39.0
479, 59.0, 103.0
480, 67.0, 266.0
481, 743.0, 282.0
482, 188.0, 338.0
483, 94.0, 184.0
484, 645.0, 393.0
485, 80.0, 404.0
486, 226.0, 308.0
487, 40.0, 101.0
488, 411.0, 296.0
489, 35.0, 297.0
490, 555.0, 48.0
491, 256.0, 471.0
492, 402.0, 301.0
493, 55.0, 234.0
494, 265.0, 425.0
495, 623.0, 45.0
496, 178.0, 313.0
497, 456.0, 279.0
498, 698.0, 107.0
499, 652.0, 256.0
