0, 326.0, 321.0
1, 311.0, 280.0
2, 530.0, 223.0
3, 318.0, 245.0
4, 195.0, 208.0
5, 325.0, 309.0
6, 409.0, 40.0
7, 498.0, 403.0
8, 465.0, 309.0
9, 508.0, 209.0
10, 456.0, 286.0
11, 379.0, 143.0
12, 212.0, 18.0
13, 454.0, 263.0
14, 271.0, 175.0
15, 169.0, 221.0
16, 469.0, 250.0
17, 175.0, 180.0
18, 370.0, 213.0
19, 62.0, 175.0
20, 493.0, 246.0
21, 319.0, 255.0
22, 413.0, 168.0
23, 196.0, 388.0
24, 137.0, 72.0
25, 197.0, 17.0
26, 349.0, 184.0
27, 480.0, 248.0
28, 530.0, 432.0
29, 33.0, 45.0
30, 196.0, 195.0
31, 114.0, 215.0
32, 285.0, 173.0
33, 93.0, 65.0
34, 373.0, 362.0
35, 181.0, 241.0
36, 430.0, 278.0
37, 446.0, 56.0
38, 591.0, 386.0
39, 479.0, 270.0
40, 313.0, 294.0
41, 395.0, 251.0
42, 258.0, 141.0
43, 421.0, 130.0
44, 426.0, 45.0
45, 453.0, 183.0
46, 238.0, 320.0
47, 289.0, 268.0
48, 83.0, 104.0
49, 428.0, 317.0
50, 127.0, 39.0
51, 578.0, 9.0
52, 471.0, 55.0
53, 365.0, 238.0
54, 238.0, 189.0
55, 440.0, 401.0
56, 271.0, 46.0
57, 379.0, 393.0
58, 333.0, 276.0
59, 80.0, 36.0
60, 465.0, 328.0
61, 488.0, 289.0
62, 47.0, 181.0
63, 238.0, 179.0
64, 175.0, 394.0
65, 366.0, 274.0
66, 382.0, 302.0
67, 245.0, 400.0
68, 276.0, 196.0
69, 543.0, 427.0
70, 544.0, 67.0
71, 467.0, 284.0
72, 595.0, 216.0
73, 364.0, 287.0
74, 406.0, 257.0
75, 354.0, 236.0
76, 580.0, 85.0
77, 232.0, 409.0
78, 186.0, 106.0
79, 597.0, 203.0
80, 465.0, 297.0
81, 100.0, 293.0
82, 701.0, 180.0
83, 467.0, 170.0
84, 335.0, 197.0
85, 306.0, 36.0
86, 244.0, 57.0
87, 516.0, 323.0
88, 192.0, 184.0
89, 379.0, 128.0
90, 110.0, 192.0
91, 568.0, 367.0
92, 314.0, 152.0
93, 235.0, 75.0
94, 317.0, 176.0
95, 578.0, 466.0
96, 155.0, 138.0
97, 452.0, 300.0
98, 32.0, 187.0
99, 520.0, 267.0
100, 544.0, 54.0
101, 556.0, 244.0
102, 48.0, 334.0
103, 374.0, 291.0
104, 207.0, 321.0
105, 554.0, 360.0
106, 346.0, 83.0
107, 48.0, 204.0
108, 9.0, 350.0
109, 576.0, 381.0
110, 385.0, 247.0
111, 221.0, 201.0
112, 168.0, 45.0
113, 448.0, 112.0
114, 42.0, 67.0
115, 457.0, 413.0
116, 508.0, 433.0
117, 532.0, 422.0
118, 407.0, 158.0
119, 271.0, 121.0
120, 98.0, 306.0
121, 363.0, 136.0
122, 189.0, 221.0
123, 109.0, 206.0
124, 255.0, 166.0
125, 556.0, 433.0
126, 481.0, 238.0
127, 271.0, 163.0
128, 495.0, 208.0
129, 503.0, 274.0
130, 331.0, 219.0
131, 422.0, 165.0
132, 584.0, 343.0
133, 357.0, 343.0
134, 286.0, 159.0
135, 634.0, 192.0
136, 213.0, 31.0
137, 469.0, 391.0
138, 527.0, 452.0
139, 319.0, 408.0
140, 128.0, 274.0
141, 731.0, 370.0
142, 177.0, 96.0
143, 330.0, 123.0
144, 486.0, 398.0
145, 595.0, 162.0
146, 26.0, 374.0
147, 651.0, 191.0
148, 330.0, 73.0
149, 498.0, 168.0
150, 201.0, 43.0
151, 243.0, 343.0
152, 336.0, 170.0
153, 397.0, 84.0
154, 98.0, 104.0
155, 255.0, 181.0
156, 307.0, 313.0
157, 294.0, 34.0
158, 384.0, 357.0
159, 521.0, 51.0
160, 579.0, 369.0
161, 523.0, 253.0
162, 49.0, 408.0
163, 340.0, 326.0
164, 449.0, 357.0
165, 545.0, 150.0
166, 535.0, 149.0
167, 256.0, 284.0
168, 200.0, 228.0
169, 133.0, 97.0
170, 587.0, 399.0
171, 70.0, 74.0
172, 200.0, 251.0
173, 455.0, 147.0
174, 218.0, 172.0
175, 177.0, 136.0
176, 493.0, 318.0
177, 512.0, 169.0
178, 485.0, 161.0
179, 183.0, 115.0
180, 324.0, 166.0
181, 288.0, 214.0
182, 112.0, 61.0
183, 632.0, 247.0
184, 192.0, 397.0
185, 525.0, 178.0
186, 502.0, 64.0
187, 367.0, 256.0
188, 623.0, 384.0
189, 419.0, 75.0
190, 53.0, 305.0
191, 441.0, 382.0
192, 438.0, 391.0
193, 273.0, 256.0
194, 743.0, 280.0
195, 476.0, 293.0
196, 342.0, 218.0
197, 580.0, 455.0
198, 318.0, 80.0
199, 622.0, 396.0
200, 663.0, 185.0
201, 394.0, 202.0
202, 689.0, 90.0
203, 504.0, 302.0
204, 552.0, 454.0
205, 675.0, 81.0
206, 393.0, 190.0
207, 668.0, 167.0
208, 444.0, 181.0
209, 149.0, 377.0
210, 353.0, 256.0
211, 216.0, 63.0
212, 308.0, 222.0
213, 631.0, 66.0
214, 219.0, 339.0
215, 207.0, 241.0
216, 419.0, 86.0
217, 488.0, 175.0
218, 157.0, 101.0
219, 599.0, 415.0
220, 260.0, 96.0
221, 178.0, 420.0
222, 224.0, 47.0
223, 593.0, 461.0
224, 358.0, 163.0
225, 283.0, 139.0
226, 182.0, 227.0
227, 550.0, 463.0
228, 178.0, 105.0
229, 645.0, 121.0
230, 585.0, 238.0
231, 175.0, 445.0
232, 627.0, 426.0
233, 692.0, 81.0
234, 510.0, 269.0
235, 568.0, 438.0
236, 355.0, 148.0
237, 459.0, 33.0
238, 599.0, 84.0
239, 232.0, 286.0
240, 400.0, 139.0
241, 211.0, 215.0
242, 143.0, 185.0
243, 402.0, 448.0
244, 89.0, 267.0
245, 303.0, 189.0
246, 288.0, 119.0
247, 706.0, 159.0
248, 155.0, 451.0
249, 176.0, 355.0
250, 204.0, 397.0
251, 143.0, 136.0
252, 341.0, 43.0
253, 432.0, 53.0
254, 469.0, 353.0
255, 540.0, 448.0
256, 672.0, 24.0
257, 49.0, 445.0
258, 509.0, 284.0
259, 578.0, 101.0
260, 427.0, 207.0
261, 23.0, 72.0
262, 26.0, 104.0
263, 79.0, 89.0
264, 496.0, 418.0
265, 347.0, 390.0
266, 481.0, 314.0
267, 582.0, 444.0
268, 376.0, 232.0
269, 140.0, 174.0
270, 553.0, 22.0
271, 672.0, 101.0
272, 566.0, 448.0
273, 63.0, 106.0
274, 294.0, 14.0
275, 538.0, 458.0
276, 220.0, 291.0
277, 125.0, 187.0
278, 434.0, 220.0
279, 372.0, 376.0
280, 301.0, 120.0
281, 478.0, 409.0
282, 194.0, 134.0
283, 628.0, 105.0
284, 355.0, 194.0
285, 115.0, 237.0
286, 651.0, 269.0
287, 515.0, 345.0
288, 444.0, 419.0
289, 511.0, 424.0
290, 320.0, 235.0
291, 502.0, 374.0
292, 435.0, 191.0
293, 167.0, 322.0
294, 365.0, 324.0
295, 342.0, 271.0
296, 304.0, 271.0
297, 264.0, 198.0
298, 450.0, 348.0
299, 466.0, 17.0
300, 542.0, 353.0
301, 21.0, 416.0
302, 425.0, 232.0
303, 183.0, 192.0
304, 49.0, 232.0
305, 526.0, 200.0
306, 603.0, 163.0
307, 379.0, 181.0
308, 737.0, 387.0
309, 599.0, 94.0
310, 309.0, 73.0
311, 488.0, 41.0
312, 643.0, 223.0
313, 583.0, 133.0
314, 307.0, 326.0
315, 624.0, 232.0
316, 486.0, 415.0
317, 163.0, 410.0
318, 186.0, 34.0
319, 414.0, 389.0
320, 76.0, 190.0
321, 227.0, 241.0
322, 188.0, 44.0
323, 379.0, 168.0
324, 355.0, 176.0
325, 191.0, 264.0
326, 380.0, 82.0
327, 536.0, 467.0
328, 140.0, 230.0
329, 499.0, 149.0
330, 396.0, 34.0
331, 175.0, 212.0
332, 34.0, 246.0
333, 429.0, 177.0
334, 688.0, 102.0
335, 658.0, 82.0
336, 254.0, 193.0
337, 250.0, 205.0
338, 569.0, 336.0
339, 429.0, 120.0
340, 433.0, 111.0
341, 381.0, 380.0
342, 458.0, 67.0
343, 448.0, 37.0
344, 553.0, 443.0
345, 379.0, 210.0
346, 354.0, 223.0
347, 561.0, 349.0
348, 733.0, 314.0
349, 412.0, 270.0
350, 387.0, 132.0
351, 478.0, 281.0
352, 684.0, 194.0
353, 364.0, 145.0
354, 218.0, 423.0
355, 529.0, 38.0
356, 227.0, 20.0
357, 166.0, 13.0
358, 545.0, 221.0
359, 373.0, 352.0
360, 504.0, 41.0
361, 559.0, 220.0
362, 477.0, 181.0
363, 422.0, 110.0
364, 391.0, 404.0
365, 361.0, 77.0
366, 513.0, 103.0
367, 331.0, 248.0
368, 257.0, 271.0
369, 238.0, 307.0
370, 728.0, 131.0
371, 631.0, 205.0
372, 585.0, 252.0
373, 75.0, 351.0
374, 503.0, 193.0
375, 214.0, 379.0
376, 703.0, 116.0
377, 525.0, 211.0
378, 300.0, 264.0
379, 112.0, 100.0
380, 546.0, 329.0
381, 460.0, 56.0
382, 331.0, 267.0
383, 564.0, 397.0
384, 161.0, 233.0
385, 643.0, 143.0
386, 384.0, 367.0
387, 544.0, 208.0
388, 627.0, 83.0
389, 199.0, 119.0
390, 518.0, 152.0
391, 471.0, 78.0
392, 355.0, 353.0
393, 634.0, 237.0
394, 307.0, 46.0
395, 620.0, 411.0
396, 650.0, 105.0
397, 562.0, 469.0
398, 498.0, 76.0
399, 324.0, 298.0
400, 451.0, 386.0
401, 493.0, 440.0
402, 226.0, 279.0
403, 410.0, 100.0
404, 135.0, 254.0
405, 341.0, 347.0
406, 692.0, 307.0
407, 138.0, 211.0
408, 355.0, 332.0
409, 528.0, 275.0
410, 355.0, 212.0
411, 534.0, 289.0
412, 349.0, 246.0
413, 14.0, 378.0
414, 181.0, 18.0
415, 52.0, 68.0
416, 14.0, 8.0
417, 272.0, 67.0
418, 30.0, 87.0
419, 122.0, 64.0
420, 567.0, 296.0
421, 503.0, 250.0
422, 502.0, 288.0
423, 541.0, 437.0
424, 512.0, 179.0
425, 212.0, 124.0
426, 80.0, 234.0
427, 391.0, 370.0
428, 488.0, 299.0
429, 468.0, 261.0
430, 100.0, 215.0
431, 515.0, 446.0
432, 275.0, 391.0
433, 437.0, 320.0
434, 596.0, 401.0
435, 707.0, 101.0
436, 549.0, 264.0
437, 228.0, 128.0
438, 122.0, 324.0
439, 381.0, 29.0
440, 202.0, 269.0
441, 214.0, 52.0
442, 159.0, 31.0
443, 303.0, 161.0
444, 508.0, 385.0
445, 481.0, 377.0
446, 599.0, 362.0
447, 477.0, 303.0
448, 523.0, 288.0
449, 526.0, 386.0
450, 385.0, 280.0
451, 554.0, 58.0
452, 137.0, 155.0
453, 170.0, 256.0
454, 60.0, 396.0
455, 421.0, 275.0
456, 643.0, 166.0
457, 407.0, 367.0
458, 727.0, 200.0
459, 560.0, 260.0
460, 538.0, 129.0
461, 230.0, 203.0
462, 49.0, 123.0
463, 703.0, 170.0
464, 287.0, 193.0
465, 548.0, 345.0
466, 653.0, 166.0
467, 437.0, 65.0
468, 62.0, 268.0
469, 192.0, 442.0
470, 495.0, 427.0
471, 295.0, 288.0
472, 40.0, 225.0
473, 288.0, 251.0
474, 363.0, 395.0
475, 438.0, 87.0
476, 240.0, 231.0
477, 460.0, 77.0
478, 610.0, 457.0
479, 86.0, 283.0
480, 60.0, 62.0
481, 697.0, 197.0
482, 547.0, 103.0
483, 610.0, 192.0
484, 95.0, 254.0
485, 434.0, 167.0
486, 483.0, 434.0
487, 131.0, 241.0
488, 450.0, 396.0
489, 133.0, 310.0
490, 389.0, 235.0
491, 390.0, 225.0
492, 518.0, 435.0
493, 13.0, 46.0
494, 573.0, 400.0
495, 599.0, 105.0
496, 528.0, 333.0
497, 593.0, 171.0
498, 655.0, 10.0
499, 436.0, 153.0
