0, 236.0, 247.0
1, 150.0, 425.0
2, 508.0, 409.0
3, 403.0, 121.0
4, 159.0, 470.0
5, 237.0, 349.0
6, 484.0, 144.0
7, 606.0, 413.0
8, 210.0, 314.0
9, 379.0, 227.0
10, 476.0, 132.0
11, 248.0, 172.0
12, 224.0, 281.0
13, 285.0, 215.0
14, 460.0, 344.0
15, 618.0, 411.0
16, 396.0, 330.0
17, 345.0, 312.0
18, 446.0, 407.0
19, 85.0, 367.0
20, 429.0, 326.0
21, 349.0, 286.0
22, 240.0, 237.0
23, 389.0, 253.0
24, 438.0, 415.0
25, 231.0, 257.0
26, 316.0, 413.0
27, 360.0, 296.0
28, 163.0, 425.0
29, 268.0, 42.0
30, 89.0, 356.0
31, 193.0, 316.0
32, 274.0, 317.0
33, 354.0, 238.0
34, 636.0, 416.0
35, 461.0, 402.0
36, 691.0, 289.0
37, 264.0, 127.0
38, 355.0, 219.0
39, 237.0, 435.0
40, 656.0, 83.0
41, 131.0, 456.0
42, 389.0, 266.0
43, 646.0, 83.0
44, 367.0, 215.0
45, 318.0, 150.0
46, 262.0, 186.0
47, 411.0, 185.0
48, 324.0, 378.0
49, 321.0, 283.0
50, 227.0, 174.0
51, 249.0, 290.0
52, 127.0, 110.0
53, 113.0, 449.0
54, 461.0, 140.0
55, 86.0, 464.0
56, 437.0, 383.0
57, 350.0, 38.0
58, 424.0, 435.0
59, 446.0, 315.0
60, 115.0, 404.0
61, 209.0, 333.0
62, 326.0, 391.0
63, 299.0, 468.0
64, 410.0, 24.0
65, 76.0, 447.0
66, 250.0, 251.0
67, 356.0, 172.0
68, 129.0, 294.0
69, 421.0, 148.0
70, 103.0, 426.0
71, 678.0, 286.0
72, 23.0, 374.0
73, 403.0, 276.0
74, 261.0, 466.0
75, 566.0, 461.0
76, 330.0, 459.0
77, 16.0, 312.0
78, 263.0, 265.0
79, 692.0, 72.0
80, 307.0, 408.0
81, 369.0, 203.0
82, 580.0, 106.0
83, 510.0, 164.0
84, 250.0, 125.0
85, 321.0, 453.0
86, 242.0, 373.0
87, 125.0, 444.0
88, 297.0, 386.0
89, 212.0, 394.0
90, 604.0, 9.0
91, 150.0, 417.0
92, 384.0, 327.0
93, 206.0, 354.0
94, 278.0, 329.0
95, 245.0, 452.0
96, 185.0, 458.0
97, 276.0, 281.0
98, 65.0, 413.0
99, 178.0, 318.0
100, 120.0, 458.0
101, 359.0, 401.0
102, 316.0, 181.0
103, 227.0, 236.0
104, 593.0, 464.0
105, 464.0, 130.0
106, 144.0, 178.0
107, 256.0, 403.0
108, 191.0, 383.0
109, 423.0, 29.0
110, 134.0, 74.0
111, 358.0, 310.0
112, 226.0, 375.0
113, 490.0, 134.0
114, 242.0, 270.0
115, 282.0, 387.0
116, 413.0, 354.0
117, 234.0, 395.0
118, 215.0, 225.0
119, 597.0, 409.0
120, 386.0, 51.0
121, 222.0, 457.0
122, 416.0, 397.0
123, 448.0, 108.0
124, 292.0, 362.0
125, 356.0, 182.0
126, 524.0, 400.0
127, 385.0, 206.0
128, 175.0, 176.0
129, 541.0, 409.0
130, 250.0, 109.0
131, 336.0, 448.0
132, 317.0, 466.0
133, 318.0, 437.0
134, 400.0, 181.0
135, 209.0, 365.0
136, 360.0, 260.0
137, 370.0, 175.0
138, 622.0, 259.0
139, 389.0, 467.0
140, 366.0, 429.0
141, 258.0, 309.0
142, 372.0, 407.0
143, 442.0, 366.0
144, 240.0, 291.0
145, 99.0, 446.0
146, 203.0, 465.0
147, 204.0, 174.0
148, 377.0, 461.0
149, 324.0, 352.0
150, 71.0, 462.0
151, 590.0, 430.0
152, 270.0, 217.0
153, 225.0, 303.0
154, 579.0, 9.0
155, 304.0, 424.0
156, 162.0, 299.0
157, 406.0, 451.0
158, 529.0, 418.0
159, 474.0, 159.0
160, 223.0, 403.0
161, 144.0, 91.0
162, 559.0, 448.0
163, 277.0, 459.0
164, 222.0, 323.0
165, 214.0, 252.0
166, 286.0, 315.0
167, 575.0, 410.0
168, 59.0, 429.0
169, 293.0, 417.0
170, 400.0, 161.0
171, 33.0, 445.0
172, 373.0, 165.0
173, 281.0, 359.0
174, 670.0, 419.0
175, 433.0, 125.0
176, 372.0, 182.0
177, 411.0, 409.0
178, 193.0, 406.0
179, 536.0, 33.0
180, 418.0, 317.0
181, 240.0, 471.0
182, 287.0, 378.0
183, 421.0, 248.0
184, 377.0, 347.0
185, 389.0, 363.0
186, 147.0, 397.0
187, 178.0, 230.0
188, 559.0, 287.0
189, 254.0, 416.0
190, 396.0, 191.0
191, 513.0, 137.0
192, 295.0, 27.0
193, 444.0, 155.0
194, 251.0, 320.0
195, 246.0, 261.0
196, 261.0, 172.0
197, 491.0, 161.0
198, 219.0, 121.0
199, 590.0, 28.0
200, 343.0, 208.0
201, 703.0, 18.0
202, 379.0, 302.0
203, 303.0, 196.0
204, 485.0, 66.0
205, 188.0, 263.0
206, 61.0, 222.0
207, 341.0, 238.0
208, 397.0, 144.0
209, 618.0, 469.0
210, 564.0, 50.0
211, 140.0, 462.0
212, 305.0, 444.0
213, 364.0, 416.0
214, 58.0, 181.0
215, 609.0, 432.0
216, 571.0, 438.0
217, 398.0, 305.0
218, 291.0, 429.0
219, 466.0, 451.0
220, 612.0, 62.0
221, 472.0, 43.0
222, 375.0, 250.0
223, 393.0, 287.0
224, 519.0, 412.0
225, 476.0, 408.0
226, 382.0, 122.0
227, 211.0, 380.0
228, 293.0, 262.0
229, 449.0, 328.0
230, 355.0, 458.0
231, 426.0, 134.0
232, 251.0, 442.0
233, 213.0, 88.0
234, 8.0, 243.0
235, 522.0, 260.0
236, 372.0, 155.0
237, 174.0, 286.0
238, 178.0, 258.0
239, 396.0, 17.0
240, 606.0, 97.0
241, 490.0, 91.0
242, 110.0, 267.0
243, 665.0, 65.0
244, 366.0, 242.0
245, 550.0, 52.0
246, 461.0, 411.0
247, 425.0, 383.0
248, 562.0, 415.0
249, 106.0, 180.0
250, 265.0, 255.0
251, 226.0, 30.0
252, 464.0, 464.0
253, 281.0, 434.0
254, 348.0, 131.0
255, 540.0, 423.0
256, 364.0, 280.0
257, 546.0, 142.0
258, 243.0, 388.0
259, 322.0, 400.0
260, 530.0, 60.0
261, 488.0, 248.0
262, 230.0, 122.0
263, 514.0, 426.0
264, 328.0, 83.0
265, 342.0, 417.0
266, 195.0, 284.0
267, 644.0, 219.0
268, 142.0, 117.0
269, 257.0, 240.0
270, 438.0, 457.0
271, 743.0, 453.0
272, 569.0, 62.0
273, 29.0, 179.0
274, 205.0, 123.0
275, 554.0, 111.0
276, 82.0, 433.0
277, 630.0, 402.0
278, 137.0, 429.0
279, 329.0, 19.0
280, 463.0, 156.0
281, 269.0, 409.0
282, 592.0, 423.0
283, 267.0, 102.0
284, 457.0, 439.0
285, 397.0, 8.0
286, 684.0, 260.0
287, 226.0, 89.0
288, 506.0, 422.0
289, 50.0, 64.0
290, 64.0, 242.0
291, 145.0, 106.0
292, 684.0, 430.0
293, 143.0, 448.0
294, 176.0, 91.0
295, 418.0, 136.0
296, 89.0, 414.0
297, 367.0, 160.0
298, 420.0, 448.0
299, 195.0, 430.0
300, 201.0, 227.0
301, 162.0, 462.0
302, 255.0, 383.0
303, 209.0, 283.0
304, 457.0, 52.0
305, 471.0, 144.0
306, 411.0, 376.0
307, 249.0, 136.0
308, 301.0, 287.0
309, 290.0, 13.0
310, 630.0, 428.0
311, 414.0, 123.0
312, 198.0, 446.0
313, 436.0, 50.0
314, 459.0, 172.0
315, 396.0, 224.0
316, 50.0, 80.0
317, 323.0, 118.0
318, 443.0, 188.0
319, 344.0, 269.0
320, 304.0, 368.0
321, 63.0, 380.0
322, 255.0, 272.0
323, 116.0, 333.0
324, 394.0, 170.0
325, 338.0, 282.0
326, 58.0, 446.0
327, 567.0, 271.0
328, 73.0, 359.0
329, 246.0, 40.0
330, 303.0, 136.0
331, 368.0, 449.0
332, 189.0, 351.0
333, 117.0, 352.0
334, 149.0, 332.0
335, 170.0, 440.0
336, 298.0, 439.0
337, 481.0, 301.0
338, 238.0, 322.0
339, 174.0, 409.0
340, 236.0, 73.0
341, 448.0, 450.0
342, 239.0, 300.0
343, 578.0, 64.0
344, 454.0, 66.0
345, 27.0, 287.0
346, 365.0, 269.0
347, 578.0, 377.0
348, 439.0, 404.0
349, 613.0, 119.0
350, 314.0, 394.0
351, 602.0, 459.0
352, 276.0, 431.0
353, 374.0, 307.0
354, 426.0, 40.0
355, 460.0, 454.0
356, 446.0, 137.0
357, 34.0, 180.0
358, 170.0, 336.0
359, 303.0, 178.0
360, 432.0, 456.0
361, 302.0, 336.0
362, 665.0, 275.0
363, 306.0, 28.0
364, 274.0, 371.0
365, 262.0, 419.0
366, 503.0, 345.0
367, 593.0, 455.0
368, 485.0, 167.0
369, 678.0, 258.0
370, 379.0, 313.0
371, 382.0, 418.0
372, 363.0, 39.0
373, 626.0, 58.0
374, 105.0, 417.0
375, 170.0, 446.0
376, 194.0, 329.0
377, 74.0, 382.0
378, 467.0, 100.0
379, 183.0, 349.0
380, 211.0, 99.0
381, 102.0, 407.0
382, 265.0, 245.0
383, 178.0, 423.0
384, 542.0, 397.0
385, 607.0, 470.0
386, 245.0, 363.0
387, 336.0, 471.0
388, 301.0, 220.0
389, 400.0, 97.0
390, 620.0, 284.0
391, 190.0, 362.0
392, 152.0, 298.0
393, 230.0, 265.0
394, 533.0, 196.0
395, 260.0, 445.0
396, 235.0, 381.0
397, 464.0, 434.0
398, 472.0, 58.0
399, 265.0, 114.0
400, 451.0, 343.0
401, 743.0, 208.0
402, 262.0, 365.0
403, 488.0, 80.0
404, 572.0, 271.0
405, 591.0, 149.0
406, 41.0, 424.0
407, 236.0, 36.0
408, 161.0, 436.0
409, 634.0, 445.0
410, 401.0, 133.0
411, 633.0, 263.0
412, 392.0, 91.0
413, 433.0, 470.0
414, 223.0, 437.0
415, 295.0, 288.0
416, 329.0, 331.0
417, 688.0, 277.0
418, 463.0, 58.0
419, 384.0, 90.0
420, 306.0, 400.0
421, 739.0, 320.0
422, 726.0, 447.0
423, 327.0, 362.0
424, 671.0, 255.0
425, 82.0, 239.0
426, 112.0, 74.0
427, 179.0, 432.0
428, 425.0, 232.0
429, 476.0, 164.0
430, 312.0, 258.0
431, 414.0, 270.0
432, 74.0, 177.0
433, 463.0, 242.0
434, 249.0, 466.0
435, 498.0, 214.0
436, 407.0, 151.0
437, 279.0, 26.0
438, 611.0, 97.0
439, 615.0, 282.0
440, 89.0, 432.0
441, 411.0, 334.0
442, 608.0, 75.0
443, 404.0, 427.0
444, 121.0, 427.0
445, 624.0, 20.0
446, 230.0, 367.0
447, 301.0, 398.0
448, 271.0, 12.0
449, 146.0, 292.0
450, 164.0, 414.0
451, 79.0, 417.0
452, 79.0, 365.0
453, 398.0, 388.0
454, 63.0, 251.0
455, 12.0, 377.0
456, 458.0, 127.0
457, 98.0, 471.0
458, 15.0, 392.0
459, 247.0, 207.0
460, 456.0, 423.0
461, 14.0, 364.0
462, 524.0, 85.0
463, 293.0, 45.0
464, 120.0, 76.0
465, 675.0, 124.0
466, 530.0, 237.0
467, 292.0, 116.0
468, 576.0, 21.0
469, 441.0, 444.0
470, 285.0, 466.0
471, 360.0, 343.0
472, 112.0, 276.0
473, 683.0, 62.0
474, 327.0, 66.0
475, 198.0, 360.0
476, 439.0, 135.0
477, 398.0, 461.0
478, 401.0, 225.0
479, 305.0, 326.0
480, 216.0, 101.0
481, 555.0, 431.0
482, 309.0, 371.0
483, 142.0, 309.0
484, 274.0, 297.0
485, 273.0, 169.0
486, 416.0, 117.0
487, 633.0, 460.0
488, 44.0, 247.0
489, 214.0, 370.0
490, 655.0, 458.0
491, 328.0, 44.0
492, 477.0, 91.0
493, 227.0, 98.0
494, 449.0, 126.0
495, 177.0, 189.0
496, 158.0, 445.0
497, 470.0, 468.0
498, 483.0, 127.0
499, 376.0, 270.0
