0, 399.0, 280.0
1, 267.0, 148.0
2, 191.0, 121.0
3, 111.0, 164.0
4, 72.0, 168.0
5, 180.0, 18.0
6, 624.0, 299.0
7, 137.0, 242.0
8, 181.0, 48.0
9, 349.0, 16.0
10, 439.0, 447.0
11, 82.0, 275.0
12, 145.0, 170.0
13, 281.0, 334.0
14, 149.0, 89.0
15, 84.0, 254.0
16, 123.0, 172.0
17, 199.0, 29.0
18, 381.0, 379.0
19, 380.0, 74.0
20, 347.0, 61.0
21, 15.0, 186.0
22, 283.0, 378.0
23, 366.0, 115.0
24, 297.0, 66.0
25, 138.0, 188.0
26, 675.0, 402.0
27, 366.0, 266.0
28, 525.0, 21.0
29, 512.0, 252.0
30, 97.0, 240.0
31, 66.0, 81.0
32, 95.0, 252.0
33, 152.0, 103.0
34, 332.0, 276.0
35, 672.0, 355.0
36, 188.0, 206.0
37, 148.0, 179.0
38, 21.0, 124.0
39, 465.0, 436.0
40, 197.0, 174.0
41, 63.0, 260.0
42, 517.0, 264.0
43, 72.0, 210.0
44, 222.0, 88.0
45, 64.0, 179.0
46, 240.0, 77.0
47, 122.0, 194.0
48, 340.0, 48.0
49, 554.0, 212.0
50, 181.0, 36.0
51, 693.0, 106.0
52, 194.0, 73.0
53, 674.0, 339.0
54, 431.0, 285.0
55, 23.0, 173.0
56, 134.0, 172.0
57, 128.0, 180.0
58, 510.0, 279.0
59, 330.0, 105.0
60, 248.0, 91.0
61, 94.0, 80.0
62, 109.0, 258.0
63, 189.0, 9.0
64, 617.0, 196.0
65, 326.0, 62.0
66, 654.0, 123.0
67, 143.0, 160.0
68, 672.0, 139.0
69, 731.0, 248.0
70, 50.0, 47.0
71, 129.0, 161.0
72, 677.0, 260.0
73, 108.0, 67.0
74, 171.0, 95.0
75, 335.0, 137.0
76, 396.0, 92.0
77, 376.0, 133.0
78, 195.0, 45.0
79, 192.0, 140.0
80, 162.0, 73.0
81, 392.0, 106.0
82, 94.0, 231.0
83, 291.0, 168.0
84, 21.0, 248.0
85, 98.0, 113.0
86, 348.0, 116.0
87, 196.0, 183.0
88, 273.0, 90.0
89, 322.0, 158.0
90, 678.0, 208.0
91, 275.0, 415.0
92, 9.0, 286.0
93, 302.0, 324.0
94, 496.0, 326.0
95, 725.0, 269.0
96, 730.0, 287.0
97, 127.0, 77.0
98, 288.0, 88.0
99, 424.0, 93.0
100, 26.0, 184.0
101, 447.0, 156.0
102, 501.0, 240.0
103, 311.0, 410.0
104, 178.0, 85.0
105, 716.0, 255.0
106, 21.0, 283.0
107, 124.0, 308.0
108, 353.0, 136.0
109, 198.0, 85.0
110, 288.0, 326.0
111, 574.0, 145.0
112, 713.0, 292.0
113, 649.0, 241.0
114, 550.0, 311.0
115, 449.0, 93.0
116, 107.0, 289.0
117, 266.0, 135.0
118, 310.0, 65.0
119, 476.0, 427.0
120, 444.0, 464.0
121, 382.0, 361.0
122, 323.0, 175.0
123, 134.0, 114.0
124, 27.0, 444.0
125, 522.0, 415.0
126, 494.0, 29.0
127, 256.0, 175.0
128, 188.0, 67.0
129, 378.0, 117.0
130, 141.0, 151.0
131, 583.0, 207.0
132, 455.0, 244.0
133, 643.0, 133.0
134, 299.0, 23.0
135, 126.0, 281.0
136, 177.0, 57.0
137, 452.0, 60.0
138, 516.0, 67.0
139, 631.0, 154.0
140, 210.0, 30.0
141, 293.0, 43.0
142, 25.0, 81.0
143, 61.0, 169.0
144, 280.0, 316.0
145, 107.0, 212.0
146, 203.0, 72.0
147, 235.0, 156.0
148, 596.0, 313.0
149, 30.0, 215.0
150, 439.0, 114.0
151, 672.0, 127.0
152, 113.0, 197.0
153, 609.0, 155.0
154, 113.0, 90.0
155, 98.0, 297.0
156, 321.0, 74.0
157, 341.0, 105.0
158, 560.0, 240.0
159, 470.0, 400.0
160, 560.0, 326.0
161, 733.0, 432.0
162, 120.0, 369.0
163, 332.0, 90.0
164, 362.0, 73.0
165, 685.0, 361.0
166, 283.0, 75.0
167, 303.0, 101.0
168, 489.0, 253.0
169, 677.0, 10.0
170, 107.0, 138.0
171, 642.0, 148.0
172, 235.0, 27.0
173, 60.0, 270.0
174, 513.0, 15.0
175, 673.0, 274.0
176, 419.0, 112.0
177, 450.0, 14.0
178, 87.0, 286.0
179, 141.0, 251.0
180, 447.0, 349.0
181, 549.0, 415.0
182, 116.0, 182.0
183, 601.0, 201.0
184, 87.0, 265.0
185, 634.0, 191.0
186, 183.0, 191.0
187, 700.0, 173.0
188, 715.0, 24.0
189, 381.0, 46.0
190, 67.0, 237.0
191, 239.0, 103.0
192, 401.0, 117.0
193, 92.0, 68.0
194, 135.0, 90.0
195, 678.0, 107.0
196, 75.0, 179.0
197, 397.0, 40.0
198, 75.0, 359.0
199, 32.0, 97.0
200, 390.0, 9.0
201, 204.0, 9.0
202, 113.0, 270.0
203, 414.0, 300.0
204, 395.0, 62.0
205, 634.0, 313.0
206, 575.0, 380.0
207, 452.0, 137.0
208, 179.0, 74.0
209, 206.0, 96.0
210, 699.0, 121.0
211, 612.0, 306.0
212, 82.0, 242.0
213, 171.0, 200.0
214, 137.0, 100.0
215, 95.0, 95.0
216, 125.0, 68.0
217, 192.0, 96.0
218, 119.0, 162.0
219, 264.0, 309.0
220, 573.0, 271.0
221, 499.0, 455.0
222, 280.0, 174.0
223, 691.0, 343.0
224, 567.0, 406.0
225, 220.0, 97.0
226, 368.0, 87.0
227, 691.0, 271.0
228, 398.0, 74.0
229, 141.0, 205.0
230, 466.0, 82.0
231, 160.0, 219.0
232, 277.0, 133.0
233, 637.0, 244.0
234, 452.0, 75.0
235, 581.0, 320.0
236, 268.0, 28.0
237, 11.0, 175.0
238, 58.0, 211.0
239, 174.0, 157.0
240, 77.0, 266.0
241, 418.0, 32.0
242, 557.0, 137.0
243, 55.0, 68.0
244, 45.0, 456.0
245, 287.0, 392.0
246, 68.0, 198.0
247, 166.0, 61.0
248, 343.0, 158.0
249, 423.0, 271.0
250, 220.0, 8.0
251, 667.0, 257.0
252, 158.0, 159.0
253, 97.0, 319.0
254, 447.0, 145.0
255, 125.0, 342.0
256, 214.0, 152.0
257, 664.0, 455.0
258, 81.0, 316.0
259, 121.0, 328.0
260, 401.0, 54.0
261, 708.0, 277.0
262, 666.0, 312.0
263, 454.0, 285.0
264, 712.0, 229.0
265, 383.0, 311.0
266, 358.0, 88.0
267, 48.0, 260.0
268, 96.0, 283.0
269, 68.0, 110.0
270, 471.0, 14.0
271, 639.0, 286.0
272, 612.0, 138.0
273, 391.0, 34.0
274, 283.0, 13.0
275, 515.0, 222.0
276, 459.0, 157.0
277, 662.0, 183.0
278, 57.0, 81.0
279, 430.0, 45.0
280, 667.0, 208.0
281, 698.0, 368.0
282, 498.0, 261.0
283, 282.0, 405.0
284, 369.0, 32.0
285, 190.0, 162.0
286, 463.0, 97.0
287, 698.0, 10.0
288, 690.0, 161.0
289, 654.0, 359.0
290, 266.0, 72.0
291, 305.0, 141.0
292, 559.0, 254.0
293, 695.0, 135.0
294, 399.0, 351.0
295, 346.0, 175.0
296, 180.0, 177.0
297, 330.0, 401.0
298, 519.0, 34.0
299, 308.0, 92.0
300, 124.0, 209.0
301, 283.0, 29.0
302, 534.0, 248.0
303, 16.0, 234.0
304, 405.0, 269.0
305, 328.0, 47.0
306, 290.0, 313.0
307, 312.0, 47.0
308, 346.0, 31.0
309, 369.0, 8.0
310, 351.0, 274.0
311, 699.0, 198.0
312, 29.0, 134.0
313, 564.0, 211.0
314, 687.0, 175.0
315, 25.0, 203.0
316, 20.0, 69.0
317, 681.0, 242.0
318, 679.0, 379.0
319, 57.0, 115.0
320, 505.0, 134.0
321, 479.0, 276.0
322, 296.0, 120.0
323, 413.0, 348.0
324, 104.0, 345.0
325, 68.0, 157.0
326, 699.0, 330.0
327, 496.0, 228.0
328, 670.0, 241.0
329, 335.0, 75.0
330, 77.0, 467.0
331, 97.0, 262.0
332, 706.0, 150.0
333, 113.0, 174.0
334, 652.0, 287.0
335, 124.0, 262.0
336, 739.0, 304.0
337, 298.0, 310.0
338, 72.0, 330.0
339, 407.0, 286.0
340, 673.0, 182.0
341, 483.0, 153.0
342, 446.0, 414.0
343, 577.0, 424.0
344, 44.0, 469.0
345, 175.0, 167.0
346, 81.0, 113.0
347, 316.0, 257.0
348, 83.0, 400.0
349, 136.0, 261.0
350, 626.0, 128.0
351, 188.0, 437.0
352, 294.0, 289.0
353, 514.0, 455.0
354, 55.0, 157.0
355, 492.0, 21.0
356, 702.0, 308.0
357, 13.0, 221.0
358, 102.0, 270.0
359, 323.0, 142.0
360, 117.0, 114.0
361, 705.0, 354.0
362, 213.0, 74.0
363, 355.0, 41.0
364, 657.0, 255.0
365, 114.0, 370.0
366, 181.0, 27.0
367, 117.0, 383.0
368, 353.0, 322.0
369, 81.0, 302.0
370, 479.0, 233.0
371, 209.0, 315.0
372, 204.0, 167.0
373, 50.0, 251.0
374, 98.0, 442.0
375, 432.0, 161.0
376, 260.0, 398.0
377, 528.0, 300.0
378, 393.0, 23.0
379, 189.0, 50.0
380, 611.0, 343.0
381, 510.0, 56.0
382, 112.0, 456.0
383, 139.0, 30.0
384, 281.0, 351.0
385, 742.0, 274.0
386, 138.0, 18.0
387, 146.0, 65.0
388, 686.0, 225.0
389, 26.0, 265.0
390, 65.0, 227.0
391, 119.0, 245.0
392, 666.0, 361.0
393, 167.0, 114.0
394, 109.0, 239.0
395, 380.0, 169.0
396, 149.0, 398.0
397, 258.0, 367.0
398, 324.0, 132.0
399, 311.0, 324.0
400, 395.0, 308.0
401, 182.0, 142.0
402, 536.0, 220.0
403, 381.0, 241.0
404, 529.0, 99.0
405, 555.0, 102.0
406, 173.0, 391.0
407, 483.0, 112.0
408, 28.0, 193.0
409, 309.0, 181.0
410, 111.0, 152.0
411, 47.0, 130.0
412, 350.0, 249.0
413, 734.0, 407.0
414, 170.0, 72.0
415, 140.0, 318.0
416, 452.0, 433.0
417, 277.0, 112.0
418, 496.0, 271.0
419, 326.0, 115.0
420, 695.0, 23.0
421, 191.0, 221.0
422, 525.0, 58.0
423, 501.0, 96.0
424, 316.0, 278.0
425, 11.0, 93.0
426, 45.0, 380.0
427, 734.0, 387.0
428, 124.0, 224.0
429, 662.0, 350.0
430, 293.0, 404.0
431, 431.0, 246.0
432, 139.0, 232.0
433, 507.0, 240.0
434, 156.0, 14.0
435, 52.0, 26.0
436, 299.0, 75.0
437, 40.0, 443.0
438, 691.0, 114.0
439, 689.0, 211.0
440, 8.0, 163.0
441, 47.0, 213.0
442, 729.0, 363.0
443, 397.0, 258.0
444, 270.0, 174.0
445, 51.0, 273.0
446, 261.0, 90.0
447, 663.0, 229.0
448, 363.0, 103.0
449, 89.0, 424.0
450, 423.0, 16.0
451, 742.0, 369.0
452, 547.0, 144.0
453, 601.0, 363.0
454, 393.0, 268.0
455, 19.0, 161.0
456, 449.0, 113.0
457, 601.0, 134.0
458, 82.0, 108.0
459, 418.0, 415.0
460, 73.0, 457.0
461, 471.0, 446.0
462, 521.0, 146.0
463, 161.0, 85.0
464, 690.0, 321.0
465, 706.0, 468.0
466, 659.0, 196.0
467, 168.0, 33.0
468, 670.0, 148.0
469, 383.0, 260.0
470, 104.0, 461.0
471, 676.0, 115.0
472, 33.0, 456.0
473, 209.0, 450.0
474, 322.0, 333.0
475, 466.0, 127.0
476, 122.0, 100.0
477, 117.0, 407.0
478, 695.0, 184.0
479, 36.0, 263.0
480, 675.0, 225.0
481, 673.0, 232.0
482, 8.0, 209.0
483, 225.0, 38.0
484, 120.0, 89.0
485, 505.0, 399.0
486, 662.0, 278.0
487, 100.0, 192.0
488, 243.0, 40.0
489, 409.0, 39.0
490, 435.0, 35.0
491, 502.0, 426.0
492, 175.0, 219.0
493, 682.0, 192.0
494, 139.0, 271.0
495, 63.0, 96.0
496, 12.0, 136.0
497, 682.0, 291.0
498, 543.0, 400.0
499, 127.0, 471.0
