0, 465.0, 292.0
1, 418.0, 321.0
2, 211.0, 402.0
3, 449.0, 158.0
4, 414.0, 197.0
5, 374.0, 316.0
6, 562.0, 320.0
7, 416.0, 221.0
8, 526.0, 415.0
9, 423.0, 365.0
10, 359.0, 389.0
11, 415.0, 281.0
12, 644.0, 364.0
13, 523.0, 462.0
14, 248.0, 431.0
15, 508.0, 466.0
16, 683.0, 359.0
17, 140.0, 72.0
18, 549.0, 320.0
19, 283.0, 397.0
20, 486.0, 397.0
21, 364.0, 425.0
22, 593.0, 50.0
23, 739.0, 212.0
24, 577.0, 305.0
25, 526.0, 437.0
26, 553.0, 407.0
27, 590.0, 445.0
28, 613.0, 461.0
29, 703.0, 430.0
30, 425.0, 282.0
31, 162.0, 55.0
32, 407.0, 397.0
33, 215.0, 362.0
34, 34.0, 359.0
35, 612.0, 355.0
36, 219.0, 395.0
37, 623.0, 343.0
38, 671.0, 360.0
39, 699.0, 442.0
40, 562.0, 306.0
41, 537.0, 450.0
42, 364.0, 320.0
43, 104.0, 27.0
44, 567.0, 410.0
45, 343.0, 440.0
46, 351.0, 375.0
47, 373.0, 433.0
48, 477.0, 416.0
49, 148.0, 105.0
50, 156.0, 206.0
51, 477.0, 322.0
52, 515.0, 340.0
53, 423.0, 302.0
54, 621.0, 328.0
55, 180.0, 467.0
56, 597.0, 394.0
57, 408.0, 354.0
58, 488.0, 414.0
59, 29.0, 399.0
60, 136.0, 57.0
61, 732.0, 408.0
62, 665.0, 423.0
63, 444.0, 443.0
64, 285.0, 385.0
65, 430.0, 273.0
66, 371.0, 300.0
67, 263.0, 419.0
68, 497.0, 447.0
69, 428.0, 291.0
70, 80.0, 230.0
71, 592.0, 312.0
72, 184.0, 199.0
73, 484.0, 355.0
74, 550.0, 446.0
75, 301.0, 440.0
76, 302.0, 348.0
77, 232.0, 15.0
78, 277.0, 328.0
79, 245.0, 22.0
80, 696.0, 369.0
81, 215.0, 16.0
82, 269.0, 358.0
83, 506.0, 61.0
84, 321.0, 457.0
85, 698.0, 246.0
86, 358.0, 274.0
87, 718.0, 412.0
88, 168.0, 259.0
89, 229.0, 345.0
90, 603.0, 421.0
91, 274.0, 417.0
92, 183.0, 416.0
93, 206.0, 377.0
94, 231.0, 393.0
95, 478.0, 173.0
96, 149.0, 56.0
97, 452.0, 434.0
98, 682.0, 404.0
99, 535.0, 342.0
100, 88.0, 220.0
101, 489.0, 387.0
102, 729.0, 396.0
103, 544.0, 333.0
104, 249.0, 444.0
105, 329.0, 442.0
106, 254.0, 335.0
107, 461.0, 412.0
108, 282.0, 354.0
109, 411.0, 408.0
110, 541.0, 400.0
111, 382.0, 335.0
112, 615.0, 436.0
113, 399.0, 390.0
114, 181.0, 254.0
115, 659.0, 260.0
116, 487.0, 142.0
117, 366.0, 371.0
118, 433.0, 301.0
119, 698.0, 461.0
120, 661.0, 459.0
121, 300.0, 461.0
122, 294.0, 336.0
123, 233.0, 435.0
124, 306.0, 420.0
125, 315.0, 346.0
126, 182.0, 330.0
127, 43.0, 354.0
128, 314.0, 333.0
129, 253.0, 408.0
130, 475.0, 450.0
131, 726.0, 445.0
132, 62.0, 182.0
133, 645.0, 237.0
134, 158.0, 38.0
135, 392.0, 310.0
136, 615.0, 392.0
137, 420.0, 161.0
138, 571.0, 396.0
139, 403.0, 188.0
140, 743.0, 183.0
141, 386.0, 201.0
142, 251.0, 12.0
143, 520.0, 369.0
144, 284.0, 372.0
145, 455.0, 302.0
146, 680.0, 433.0
147, 250.0, 316.0
148, 655.0, 427.0
149, 251.0, 96.0
150, 450.0, 138.0
151, 491.0, 434.0
152, 532.0, 323.0
153, 516.0, 430.0
154, 635.0, 344.0
155, 659.0, 375.0
156, 641.0, 431.0
157, 198.0, 278.0
158, 463.0, 159.0
159, 270.0, 344.0
160, 439.0, 193.0
161, 503.0, 156.0
162, 223.0, 71.0
163, 461.0, 135.0
164, 433.0, 406.0
165, 724.0, 200.0
166, 677.0, 302.0
167, 398.0, 341.0
168, 639.0, 287.0
169, 130.0, 109.0
170, 396.0, 366.0
171, 683.0, 257.0
172, 659.0, 390.0
173, 356.0, 357.0
174, 137.0, 24.0
175, 431.0, 69.0
176, 680.0, 341.0
177, 616.0, 412.0
178, 196.0, 421.0
179, 379.0, 51.0
180, 153.0, 188.0
181, 256.0, 369.0
182, 586.0, 416.0
183, 319.0, 379.0
184, 236.0, 452.0
185, 272.0, 378.0
186, 276.0, 387.0
187, 118.0, 61.0
188, 439.0, 139.0
189, 208.0, 263.0
190, 479.0, 226.0
191, 254.0, 348.0
192, 142.0, 169.0
193, 187.0, 216.0
194, 374.0, 160.0
195, 464.0, 144.0
196, 681.0, 127.0
197, 448.0, 461.0
198, 663.0, 279.0
199, 281.0, 168.0
200, 406.0, 439.0
201, 260.0, 237.0
202, 645.0, 334.0
203, 485.0, 345.0
204, 742.0, 442.0
205, 590.0, 364.0
206, 581.0, 402.0
207, 399.0, 469.0
208, 733.0, 435.0
209, 587.0, 210.0
210, 673.0, 134.0
211, 737.0, 151.0
212, 634.0, 202.0
213, 644.0, 461.0
214, 151.0, 271.0
215, 680.0, 386.0
216, 373.0, 345.0
217, 599.0, 374.0
218, 394.0, 444.0
219, 643.0, 397.0
220, 739.0, 224.0
221, 255.0, 357.0
222, 649.0, 471.0
223, 272.0, 235.0
224, 611.0, 136.0
225, 481.0, 264.0
226, 551.0, 340.0
227, 574.0, 376.0
228, 415.0, 450.0
229, 365.0, 339.0
230, 597.0, 457.0
231, 512.0, 403.0
232, 498.0, 126.0
233, 254.0, 388.0
234, 530.0, 70.0
235, 362.0, 291.0
236, 318.0, 471.0
237, 438.0, 203.0
238, 388.0, 38.0
239, 393.0, 286.0
240, 594.0, 18.0
241, 546.0, 144.0
242, 576.0, 316.0
243, 400.0, 179.0
244, 260.0, 446.0
245, 479.0, 437.0
246, 168.0, 344.0
247, 569.0, 429.0
248, 423.0, 186.0
249, 343.0, 225.0
250, 731.0, 277.0
251, 276.0, 446.0
252, 588.0, 333.0
253, 561.0, 339.0
254, 467.0, 457.0
255, 449.0, 409.0
256, 286.0, 432.0
257, 131.0, 211.0
258, 483.0, 35.0
259, 151.0, 364.0
260, 453.0, 228.0
261, 371.0, 409.0
262, 427.0, 16.0
263, 218.0, 428.0
264, 704.0, 337.0
265, 487.0, 152.0
266, 676.0, 455.0
267, 141.0, 111.0
268, 209.0, 332.0
269, 666.0, 436.0
270, 83.0, 14.0
271, 472.0, 305.0
272, 497.0, 420.0
273, 631.0, 294.0
274, 256.0, 113.0
275, 654.0, 294.0
276, 449.0, 147.0
277, 532.0, 360.0
278, 239.0, 338.0
279, 371.0, 271.0
280, 352.0, 406.0
281, 362.0, 410.0
282, 674.0, 102.0
283, 501.0, 138.0
284, 372.0, 288.0
285, 678.0, 416.0
286, 515.0, 386.0
287, 609.0, 205.0
288, 502.0, 360.0
289, 108.0, 37.0
290, 280.0, 315.0
291, 695.0, 128.0
292, 395.0, 456.0
293, 506.0, 129.0
294, 510.0, 85.0
295, 337.0, 379.0
296, 181.0, 184.0
297, 535.0, 189.0
298, 588.0, 198.0
299, 393.0, 333.0
300, 511.0, 444.0
301, 232.0, 292.0
302, 194.0, 388.0
303, 384.0, 160.0
304, 126.0, 50.0
305, 657.0, 407.0
306, 497.0, 385.0
307, 707.0, 447.0
308, 314.0, 319.0
309, 738.0, 420.0
310, 106.0, 298.0
311, 640.0, 307.0
312, 660.0, 340.0
313, 430.0, 140.0
314, 643.0, 278.0
315, 329.0, 469.0
316, 711.0, 352.0
317, 241.0, 462.0
318, 256.0, 378.0
319, 390.0, 431.0
320, 271.0, 316.0
321, 176.0, 127.0
322, 529.0, 427.0
323, 483.0, 299.0
324, 709.0, 267.0
325, 318.0, 419.0
326, 420.0, 341.0
327, 475.0, 157.0
328, 45.0, 367.0
329, 458.0, 24.0
330, 109.0, 8.0
331, 220.0, 456.0
332, 345.0, 245.0
333, 638.0, 323.0
334, 341.0, 408.0
335, 517.0, 137.0
336, 477.0, 105.0
337, 608.0, 228.0
338, 368.0, 399.0
339, 368.0, 388.0
340, 694.0, 270.0
341, 709.0, 293.0
342, 76.0, 317.0
343, 319.0, 445.0
344, 402.0, 380.0
345, 342.0, 452.0
346, 413.0, 247.0
347, 132.0, 281.0
348, 490.0, 457.0
349, 169.0, 442.0
350, 411.0, 426.0
351, 75.0, 183.0
352, 355.0, 135.0
353, 411.0, 137.0
354, 571.0, 358.0
355, 715.0, 128.0
356, 550.0, 393.0
357, 633.0, 469.0
358, 11.0, 456.0
359, 131.0, 34.0
360, 195.0, 261.0
361, 324.0, 58.0
362, 404.0, 113.0
363, 297.0, 423.0
364, 569.0, 213.0
365, 306.0, 412.0
366, 563.0, 182.0
367, 560.0, 378.0
368, 168.0, 169.0
369, 425.0, 234.0
370, 688.0, 194.0
371, 463.0, 307.0
372, 424.0, 219.0
373, 314.0, 172.0
374, 583.0, 356.0
375, 598.0, 413.0
376, 423.0, 177.0
377, 436.0, 148.0
378, 148.0, 40.0
379, 78.0, 220.0
380, 493.0, 272.0
381, 627.0, 443.0
382, 404.0, 236.0
383, 465.0, 435.0
384, 420.0, 412.0
385, 549.0, 355.0
386, 316.0, 365.0
387, 728.0, 99.0
388, 403.0, 146.0
389, 724.0, 420.0
390, 196.0, 241.0
391, 378.0, 388.0
392, 626.0, 232.0
393, 201.0, 413.0
394, 262.0, 257.0
395, 438.0, 347.0
396, 156.0, 16.0
397, 167.0, 23.0
398, 210.0, 72.0
399, 580.0, 464.0
400, 546.0, 215.0
401, 688.0, 297.0
402, 370.0, 450.0
403, 427.0, 379.0
404, 514.0, 454.0
405, 373.0, 241.0
406, 692.0, 422.0
407, 691.0, 315.0
408, 455.0, 401.0
409, 503.0, 431.0
410, 437.0, 165.0
411, 185.0, 21.0
412, 285.0, 418.0
413, 44.0, 331.0
414, 709.0, 463.0
415, 401.0, 77.0
416, 137.0, 301.0
417, 117.0, 221.0
418, 733.0, 308.0
419, 106.0, 183.0
420, 302.0, 450.0
421, 243.0, 396.0
422, 472.0, 142.0
423, 392.0, 410.0
424, 307.0, 402.0
425, 469.0, 316.0
426, 282.0, 338.0
427, 733.0, 347.0
428, 403.0, 452.0
429, 447.0, 71.0
430, 198.0, 73.0
431, 361.0, 64.0
432, 416.0, 463.0
433, 165.0, 71.0
434, 143.0, 40.0
435, 46.0, 206.0
436, 81.0, 199.0
437, 710.0, 374.0
438, 224.0, 183.0
439, 426.0, 114.0
440, 538.0, 469.0
441, 277.0, 427.0
442, 344.0, 76.0
443, 194.0, 435.0
444, 347.0, 423.0
445, 544.0, 411.0
446, 629.0, 416.0
447, 117.0, 15.0
448, 452.0, 247.0
449, 565.0, 471.0
450, 710.0, 112.0
451, 145.0, 93.0
452, 363.0, 306.0
453, 738.0, 469.0
454, 712.0, 318.0
455, 530.0, 294.0
456, 615.0, 471.0
457, 592.0, 432.0
458, 548.0, 125.0
459, 694.0, 105.0
460, 238.0, 64.0
461, 241.0, 409.0
462, 265.0, 388.0
463, 738.0, 457.0
464, 445.0, 280.0
465, 241.0, 370.0
466, 479.0, 66.0
467, 231.0, 376.0
468, 169.0, 177.0
469, 406.0, 277.0
470, 150.0, 471.0
471, 551.0, 419.0
472, 56.0, 240.0
473, 555.0, 362.0
474, 263.0, 83.0
475, 242.0, 470.0
476, 424.0, 262.0
477, 168.0, 87.0
478, 300.0, 148.0
479, 194.0, 408.0
480, 412.0, 240.0
481, 486.0, 364.0
482, 171.0, 275.0
483, 664.0, 450.0
484, 693.0, 149.0
485, 672.0, 406.0
486, 276.0, 460.0
487, 479.0, 375.0
488, 111.0, 313.0
489, 480.0, 133.0
490, 372.0, 280.0
491, 406.0, 222.0
492, 626.0, 367.0
493, 107.0, 189.0
494, 473.0, 409.0
495, 146.0, 23.0
496, 422.0, 351.0
497, 401.0, 309.0
498, 112.0, 194.0
499, 70.0, 454.0
