0, 692.0, 27.0
1, 76.0, 143.0
2, 48.0, 352.0
3, 60.0, 119.0
4, 495.0, 62.0
5, 242.0, 50.0
6, 534.0, 226.0
7, 107.0, 78.0
8, 335.0, 10.0
9, 104.0, 105.0
10, 478.0, 459.0
11, 526.0, 70.0
12, 217.0, 43.0
13, 512.0, 226.0
14, 10.0, 34.0
15, 677.0, 21.0
16, 529.0, 439.0
17, 241.0, 363.0
18, 60.0, 334.0
19, 187.0, 67.0
20, 86.0, 312.0
21, 231.0, 69.0
22, 111.0, 153.0
23, 515.0, 428.0
24, 704.0, 381.0
25, 475.0, 415.0
26, 38.0, 151.0
27, 709.0, 440.0
28, 503.0, 273.0
29, 480.0, 64.0
30, 87.0, 324.0
31, 192.0, 49.0
32, 234.0, 137.0
33, 179.0, 121.0
34, 392.0, 410.0
35, 450.0, 468.0
36, 159.0, 9.0
37, 590.0, 34.0
38, 329.0, 288.0
39, 106.0, 142.0
40, 131.0, 158.0
41, 27.0, 317.0
42, 157.0, 22.0
43, 176.0, 103.0
44, 236.0, 28.0
45, 739.0, 447.0
46, 131.0, 96.0
47, 543.0, 335.0
48, 512.0, 96.0
49, 661.0, 17.0
50, 517.0, 84.0
51, 191.0, 27.0
52, 530.0, 84.0
53, 320.0, 459.0
54, 741.0, 15.0
55, 75.0, 112.0
56, 562.0, 81.0
57, 37.0, 47.0
58, 353.0, 15.0
59, 491.0, 380.0
60, 131.0, 60.0
61, 58.0, 42.0
62, 434.0, 434.0
63, 541.0, 449.0
64, 551.0, 68.0
65, 546.0, 39.0
66, 694.0, 361.0
67, 246.0, 29.0
68, 515.0, 209.0
69, 460.0, 277.0
70, 445.0, 378.0
71, 211.0, 317.0
72, 470.0, 213.0
73, 68.0, 160.0
74, 709.0, 405.0
75, 435.0, 280.0
76, 522.0, 417.0
77, 467.0, 36.0
78, 481.0, 276.0
79, 127.0, 142.0
80, 250.0, 130.0
81, 510.0, 59.0
82, 74.0, 341.0
83, 96.0, 151.0
84, 159.0, 102.0
85, 449.0, 345.0
86, 468.0, 230.0
87, 585.0, 63.0
88, 131.0, 428.0
89, 230.0, 107.0
90, 524.0, 58.0
91, 503.0, 443.0
92, 100.0, 25.0
93, 486.0, 390.0
94, 253.0, 8.0
95, 589.0, 50.0
96, 260.0, 352.0
97, 129.0, 11.0
98, 348.0, 288.0
99, 190.0, 118.0
100, 733.0, 49.0
101, 13.0, 76.0
102, 125.0, 359.0
103, 191.0, 83.0
104, 502.0, 93.0
105, 311.0, 31.0
106, 491.0, 438.0
107, 408.0, 282.0
108, 550.0, 437.0
109, 344.0, 321.0
110, 529.0, 338.0
111, 565.0, 64.0
112, 253.0, 364.0
113, 514.0, 39.0
114, 736.0, 377.0
115, 442.0, 456.0
116, 493.0, 75.0
117, 724.0, 471.0
118, 481.0, 226.0
119, 95.0, 73.0
120, 228.0, 323.0
121, 76.0, 464.0
122, 447.0, 20.0
123, 681.0, 29.0
124, 431.0, 448.0
125, 246.0, 185.0
126, 579.0, 50.0
127, 168.0, 63.0
128, 551.0, 134.0
129, 390.0, 421.0
130, 704.0, 363.0
131, 740.0, 396.0
132, 565.0, 429.0
133, 463.0, 425.0
134, 491.0, 335.0
135, 606.0, 46.0
136, 423.0, 228.0
137, 375.0, 32.0
138, 548.0, 83.0
139, 379.0, 286.0
140, 191.0, 106.0
141, 734.0, 31.0
142, 581.0, 34.0
143, 536.0, 101.0
144, 180.0, 27.0
145, 703.0, 458.0
146, 478.0, 372.0
147, 18.0, 148.0
148, 522.0, 139.0
149, 92.0, 135.0
150, 510.0, 396.0
151, 594.0, 312.0
152, 653.0, 108.0
153, 278.0, 21.0
154, 193.0, 364.0
155, 257.0, 34.0
156, 471.0, 337.0
157, 441.0, 44.0
158, 301.0, 438.0
159, 710.0, 317.0
160, 421.0, 47.0
161, 119.0, 10.0
162, 658.0, 39.0
163, 372.0, 360.0
164, 476.0, 392.0
165, 494.0, 200.0
166, 149.0, 308.0
167, 465.0, 373.0
168, 736.0, 410.0
169, 343.0, 339.0
170, 216.0, 334.0
171, 526.0, 271.0
172, 496.0, 418.0
173, 213.0, 22.0
174, 130.0, 77.0
175, 537.0, 211.0
176, 287.0, 453.0
177, 177.0, 153.0
178, 166.0, 55.0
179, 440.0, 471.0
180, 529.0, 424.0
181, 226.0, 312.0
182, 336.0, 438.0
183, 109.0, 358.0
184, 218.0, 32.0
185, 333.0, 36.0
186, 79.0, 51.0
187, 151.0, 8.0
188, 127.0, 118.0
189, 477.0, 429.0
190, 558.0, 107.0
191, 261.0, 12.0
192, 618.0, 237.0
193, 505.0, 408.0
194, 44.0, 338.0
195, 540.0, 82.0
196, 84.0, 135.0
197, 349.0, 461.0
198, 365.0, 428.0
199, 245.0, 63.0
200, 452.0, 208.0
201, 260.0, 292.0
202, 256.0, 461.0
203, 143.0, 199.0
204, 157.0, 454.0
205, 351.0, 42.0
206, 91.0, 199.0
207, 128.0, 43.0
208, 142.0, 30.0
209, 258.0, 409.0
210, 695.0, 444.0
211, 258.0, 95.0
212, 406.0, 433.0
213, 262.0, 204.0
214, 652.0, 52.0
215, 606.0, 275.0
216, 302.0, 390.0
217, 523.0, 24.0
218, 427.0, 8.0
219, 192.0, 395.0
220, 191.0, 201.0
221, 561.0, 96.0
222, 143.0, 110.0
223, 136.0, 440.0
224, 263.0, 156.0
225, 210.0, 133.0
226, 723.0, 428.0
227, 523.0, 297.0
228, 421.0, 212.0
229, 425.0, 27.0
230, 87.0, 160.0
231, 415.0, 221.0
232, 513.0, 383.0
233, 357.0, 205.0
234, 743.0, 420.0
235, 419.0, 199.0
236, 237.0, 312.0
237, 612.0, 17.0
238, 676.0, 196.0
239, 502.0, 192.0
240, 81.0, 39.0
241, 720.0, 318.0
242, 704.0, 53.0
243, 222.0, 351.0
244, 57.0, 10.0
245, 76.0, 353.0
246, 738.0, 221.0
247, 163.0, 80.0
248, 415.0, 233.0
249, 681.0, 451.0
250, 51.0, 30.0
251, 472.0, 75.0
252, 440.0, 65.0
253, 107.0, 162.0
254, 499.0, 40.0
255, 435.0, 23.0
256, 632.0, 195.0
257, 506.0, 76.0
258, 486.0, 33.0
259, 298.0, 293.0
260, 109.0, 388.0
261, 483.0, 212.0
262, 72.0, 363.0
263, 209.0, 347.0
264, 119.0, 66.0
265, 174.0, 85.0
266, 711.0, 34.0
267, 527.0, 97.0
268, 100.0, 309.0
269, 22.0, 26.0
270, 56.0, 154.0
271, 547.0, 96.0
272, 599.0, 70.0
273, 634.0, 458.0
274, 698.0, 236.0
275, 70.0, 133.0
276, 508.0, 137.0
277, 284.0, 423.0
278, 177.0, 38.0
279, 527.0, 404.0
280, 733.0, 80.0
281, 192.0, 300.0
282, 536.0, 43.0
283, 468.0, 16.0
284, 300.0, 327.0
285, 26.0, 370.0
286, 195.0, 445.0
287, 243.0, 343.0
288, 411.0, 419.0
289, 446.0, 430.0
290, 113.0, 454.0
291, 195.0, 142.0
292, 541.0, 201.0
293, 134.0, 124.0
294, 374.0, 48.0
295, 385.0, 39.0
296, 145.0, 126.0
297, 420.0, 36.0
298, 303.0, 205.0
299, 485.0, 411.0
300, 404.0, 206.0
301, 213.0, 88.0
302, 494.0, 225.0
303, 71.0, 49.0
304, 587.0, 8.0
305, 232.0, 346.0
306, 83.0, 119.0
307, 735.0, 272.0
308, 440.0, 403.0
309, 178.0, 164.0
310, 505.0, 157.0
311, 250.0, 40.0
312, 728.0, 389.0
313, 258.0, 429.0
314, 142.0, 14.0
315, 576.0, 327.0
316, 490.0, 429.0
317, 257.0, 450.0
318, 121.0, 443.0
319, 129.0, 449.0
320, 191.0, 39.0
321, 365.0, 419.0
322, 652.0, 407.0
323, 200.0, 28.0
324, 244.0, 327.0
325, 504.0, 84.0
326, 423.0, 64.0
327, 99.0, 284.0
328, 567.0, 440.0
329, 51.0, 49.0
330, 620.0, 197.0
331, 341.0, 467.0
332, 362.0, 284.0
333, 65.0, 351.0
334, 655.0, 63.0
335, 707.0, 169.0
336, 136.0, 143.0
337, 138.0, 166.0
338, 548.0, 26.0
339, 48.0, 132.0
340, 134.0, 172.0
341, 148.0, 110.0
342, 229.0, 35.0
343, 446.0, 412.0
344, 170.0, 179.0
345, 309.0, 336.0
346, 743.0, 369.0
347, 500.0, 174.0
348, 261.0, 140.0
349, 301.0, 465.0
350, 232.0, 312.0
351, 167.0, 184.0
352, 567.0, 218.0
353, 542.0, 59.0
354, 12.0, 101.0
355, 69.0, 80.0
356, 703.0, 59.0
357, 544.0, 17.0
358, 458.0, 293.0
359, 379.0, 465.0
360, 396.0, 424.0
361, 604.0, 325.0
362, 337.0, 453.0
363, 640.0, 362.0
364, 107.0, 92.0
365, 10.0, 372.0
366, 719.0, 453.0
367, 407.0, 230.0
368, 433.0, 400.0
369, 600.0, 62.0
370, 262.0, 34.0
371, 641.0, 152.0
372, 173.0, 128.0
373, 23.0, 10.0
374, 73.0, 8.0
375, 280.0, 29.0
376, 485.0, 207.0
377, 35.0, 96.0
378, 600.0, 453.0
379, 265.0, 29.0
380, 574.0, 74.0
381, 511.0, 72.0
382, 492.0, 251.0
383, 625.0, 104.0
384, 114.0, 180.0
385, 76.0, 328.0
386, 426.0, 416.0
387, 636.0, 121.0
388, 79.0, 83.0
389, 500.0, 293.0
390, 507.0, 251.0
391, 88.0, 361.0
392, 14.0, 20.0
393, 601.0, 276.0
394, 468.0, 22.0
395, 721.0, 459.0
396, 292.0, 452.0
397, 417.0, 59.0
398, 495.0, 315.0
399, 535.0, 62.0
400, 540.0, 196.0
401, 121.0, 158.0
402, 629.0, 458.0
403, 21.0, 371.0
404, 714.0, 405.0
405, 477.0, 262.0
406, 198.0, 164.0
407, 647.0, 411.0
408, 31.0, 360.0
409, 507.0, 419.0
410, 692.0, 84.0
411, 607.0, 34.0
412, 428.0, 397.0
413, 259.0, 327.0
414, 269.0, 24.0
415, 113.0, 25.0
416, 417.0, 403.0
417, 584.0, 90.0
418, 446.0, 439.0
419, 18.0, 64.0
420, 216.0, 167.0
421, 110.0, 17.0
422, 248.0, 141.0
423, 735.0, 36.0
424, 8.0, 47.0
425, 743.0, 391.0
426, 224.0, 292.0
427, 216.0, 178.0
428, 289.0, 419.0
429, 675.0, 56.0
430, 277.0, 197.0
431, 663.0, 8.0
432, 252.0, 21.0
433, 334.0, 461.0
434, 569.0, 75.0
435, 511.0, 8.0
436, 120.0, 56.0
437, 59.0, 61.0
438, 533.0, 471.0
439, 85.0, 440.0
440, 255.0, 41.0
441, 512.0, 317.0
442, 423.0, 399.0
443, 184.0, 56.0
444, 103.0, 314.0
445, 552.0, 471.0
446, 255.0, 139.0
447, 726.0, 239.0
448, 584.0, 305.0
449, 716.0, 32.0
450, 383.0, 31.0
451, 652.0, 412.0
452, 28.0, 48.0
453, 336.0, 431.0
454, 378.0, 301.0
455, 548.0, 429.0
456, 429.0, 320.0
457, 588.0, 13.0
458, 414.0, 238.0
459, 715.0, 318.0
460, 104.0, 284.0
461, 486.0, 38.0
462, 387.0, 449.0
463, 160.0, 70.0
464, 507.0, 191.0
465, 546.0, 68.0
466, 24.0, 100.0
467, 592.0, 452.0
468, 415.0, 442.0
469, 116.0, 94.0
470, 629.0, 155.0
471, 225.0, 300.0
472, 642.0, 110.0
473, 367.0, 404.0
474, 293.0, 294.0
475, 539.0, 18.0
476, 547.0, 224.0
477, 260.0, 135.0
478, 246.0, 438.0
479, 579.0, 305.0
480, 532.0, 20.0
481, 528.0, 159.0
482, 297.0, 450.0
483, 230.0, 336.0
484, 179.0, 54.0
485, 202.0, 340.0
486, 564.0, 451.0
487, 195.0, 440.0
488, 180.0, 176.0
489, 538.0, 462.0
490, 560.0, 102.0
491, 193.0, 295.0
492, 539.0, 435.0
493, 216.0, 304.0
494, 519.0, 119.0
495, 306.0, 295.0
496, 171.0, 72.0
497, 117.0, 399.0
498, 200.0, 133.0
499, 16.0, 371.0
