0, 375.0, 266.0
1, 313.0, 282.0
2, 104.0, 43.0
3, 323.0, 280.0
4, 92.0, 44.0
5, 174.0, 293.0
6, 169.0, 235.0
7, 311.0, 267.0
8, 283.0, 24.0
9, 76.0, 32.0
10, 292.0, 315.0
11, 304.0, 283.0
12, 641.0, 119.0
13, 437.0, 248.0
14, 314.0, 234.0
15, 720.0, 267.0
16, 344.0, 263.0
17, 197.0, 253.0
18, 393.0, 216.0
19, 123.0, 149.0
20, 578.0, 368.0
21, 21.0, 255.0
22, 264.0, 337.0
23, 527.0, 237.0
24, 455.0, 280.0
25, 184.0, 244.0
26, 172.0, 253.0
27, 392.0, 254.0
28, 286.0, 302.0
29, 543.0, 193.0
30, 180.0, 431.0
31, 561.0, 326.0
32, 315.0, 224.0
33, 665.0, 448.0
34, 640.0, 237.0
35, 209.0, 470.0
36, 126.0, 161.0
37, 46.0, 22.0
38, 178.0, 306.0
39, 268.0, 188.0
40, 670.0, 260.0
41, 180.0, 227.0
42, 564.0, 279.0
43, 168.0, 22.0
44, 568.0, 259.0
45, 547.0, 285.0
46, 405.0, 298.0
47, 465.0, 171.0
48, 80.0, 177.0
49, 393.0, 274.0
50, 291.0, 156.0
51, 539.0, 243.0
52, 248.0, 241.0
53, 224.0, 467.0
54, 559.0, 343.0
55, 302.0, 297.0
56, 319.0, 432.0
57, 421.0, 202.0
58, 553.0, 231.0
59, 469.0, 275.0
60, 261.0, 280.0
61, 539.0, 142.0
62, 522.0, 177.0
63, 80.0, 228.0
64, 315.0, 296.0
65, 440.0, 163.0
66, 503.0, 220.0
67, 156.0, 188.0
68, 197.0, 432.0
69, 362.0, 256.0
70, 568.0, 356.0
71, 687.0, 119.0
72, 306.0, 423.0
73, 318.0, 420.0
74, 540.0, 252.0
75, 351.0, 176.0
76, 183.0, 21.0
77, 202.0, 229.0
78, 325.0, 291.0
79, 219.0, 335.0
80, 535.0, 330.0
81, 148.0, 49.0
82, 209.0, 20.0
83, 108.0, 432.0
84, 324.0, 301.0
85, 584.0, 408.0
86, 411.0, 227.0
87, 307.0, 304.0
88, 332.0, 221.0
89, 115.0, 332.0
90, 607.0, 99.0
91, 257.0, 224.0
92, 555.0, 198.0
93, 708.0, 330.0
94, 421.0, 56.0
95, 224.0, 345.0
96, 411.0, 252.0
97, 189.0, 316.0
98, 370.0, 343.0
99, 147.0, 194.0
100, 265.0, 357.0
101, 258.0, 258.0
102, 207.0, 262.0
103, 279.0, 138.0
104, 494.0, 170.0
105, 492.0, 179.0
106, 88.0, 31.0
107, 491.0, 272.0
108, 226.0, 305.0
109, 532.0, 292.0
110, 261.0, 161.0
111, 539.0, 268.0
112, 260.0, 267.0
113, 537.0, 303.0
114, 424.0, 230.0
115, 417.0, 155.0
116, 300.0, 207.0
117, 30.0, 393.0
118, 335.0, 352.0
119, 334.0, 430.0
120, 533.0, 83.0
121, 210.0, 136.0
122, 305.0, 450.0
123, 419.0, 123.0
124, 412.0, 146.0
125, 365.0, 279.0
126, 125.0, 205.0
127, 525.0, 421.0
128, 283.0, 341.0
129, 307.0, 434.0
130, 335.0, 19.0
131, 241.0, 345.0
132, 690.0, 389.0
133, 374.0, 246.0
134, 620.0, 240.0
135, 493.0, 320.0
136, 521.0, 365.0
137, 315.0, 181.0
138, 120.0, 444.0
139, 138.0, 296.0
140, 463.0, 311.0
141, 212.0, 240.0
142, 523.0, 319.0
143, 404.0, 215.0
144, 466.0, 287.0
145, 408.0, 468.0
146, 269.0, 205.0
147, 108.0, 55.0
148, 433.0, 292.0
149, 427.0, 269.0
150, 384.0, 454.0
151, 112.0, 210.0
152, 492.0, 188.0
153, 404.0, 423.0
154, 525.0, 54.0
155, 373.0, 238.0
156, 60.0, 239.0
157, 432.0, 459.0
158, 322.0, 70.0
159, 515.0, 427.0
160, 531.0, 8.0
161, 393.0, 226.0
162, 434.0, 301.0
163, 162.0, 217.0
164, 184.0, 254.0
165, 408.0, 202.0
166, 198.0, 18.0
167, 262.0, 289.0
168, 293.0, 291.0
169, 545.0, 374.0
170, 694.0, 49.0
171, 267.0, 428.0
172, 163.0, 201.0
173, 137.0, 198.0
174, 582.0, 98.0
175, 227.0, 249.0
176, 113.0, 135.0
177, 524.0, 441.0
178, 739.0, 32.0
179, 513.0, 117.0
180, 365.0, 268.0
181, 395.0, 168.0
182, 660.0, 456.0
183, 567.0, 414.0
184, 68.0, 150.0
185, 553.0, 241.0
186, 336.0, 243.0
187, 244.0, 333.0
188, 296.0, 11.0
189, 440.0, 150.0
190, 551.0, 80.0
191, 285.0, 123.0
192, 271.0, 298.0
193, 424.0, 216.0
194, 490.0, 307.0
195, 403.0, 286.0
196, 275.0, 332.0
197, 387.0, 301.0
198, 523.0, 457.0
199, 236.0, 448.0
200, 215.0, 362.0
201, 452.0, 245.0
202, 395.0, 463.0
203, 97.0, 220.0
204, 100.0, 171.0
205, 140.0, 254.0
206, 382.0, 425.0
207, 535.0, 345.0
208, 227.0, 232.0
209, 475.0, 103.0
210, 713.0, 51.0
211, 427.0, 430.0
212, 263.0, 58.0
213, 524.0, 307.0
214, 442.0, 298.0
215, 248.0, 280.0
216, 83.0, 304.0
217, 377.0, 276.0
218, 642.0, 390.0
219, 94.0, 335.0
220, 655.0, 448.0
221, 247.0, 17.0
222, 460.0, 295.0
223, 270.0, 218.0
224, 337.0, 445.0
225, 509.0, 352.0
226, 336.0, 459.0
227, 70.0, 340.0
228, 411.0, 240.0
229, 586.0, 130.0
230, 662.0, 119.0
231, 478.0, 125.0
232, 361.0, 412.0
233, 541.0, 440.0
234, 719.0, 34.0
235, 194.0, 287.0
236, 565.0, 469.0
237, 398.0, 8.0
238, 89.0, 18.0
239, 414.0, 273.0
240, 441.0, 201.0
241, 341.0, 68.0
242, 495.0, 280.0
243, 516.0, 268.0
244, 122.0, 54.0
245, 317.0, 319.0
246, 337.0, 271.0
247, 109.0, 165.0
248, 453.0, 181.0
249, 269.0, 129.0
250, 73.0, 46.0
251, 172.0, 34.0
252, 200.0, 242.0
253, 362.0, 303.0
254, 300.0, 259.0
255, 518.0, 250.0
256, 235.0, 433.0
257, 693.0, 104.0
258, 134.0, 133.0
259, 414.0, 450.0
260, 605.0, 411.0
261, 321.0, 449.0
262, 275.0, 341.0
263, 503.0, 200.0
264, 335.0, 471.0
265, 297.0, 305.0
266, 688.0, 84.0
267, 382.0, 464.0
268, 144.0, 13.0
269, 321.0, 245.0
270, 188.0, 419.0
271, 360.0, 240.0
272, 165.0, 324.0
273, 213.0, 372.0
274, 420.0, 470.0
275, 281.0, 295.0
276, 230.0, 29.0
277, 116.0, 32.0
278, 532.0, 363.0
279, 726.0, 312.0
280, 588.0, 272.0
281, 46.0, 280.0
282, 444.0, 273.0
283, 108.0, 15.0
284, 594.0, 215.0
285, 540.0, 232.0
286, 190.0, 304.0
287, 521.0, 212.0
288, 274.0, 411.0
289, 739.0, 78.0
290, 636.0, 258.0
291, 421.0, 419.0
292, 246.0, 412.0
293, 422.0, 400.0
294, 437.0, 397.0
295, 108.0, 444.0
296, 522.0, 471.0
297, 493.0, 153.0
298, 187.0, 338.0
299, 514.0, 464.0
300, 332.0, 178.0
301, 313.0, 332.0
302, 217.0, 251.0
303, 427.0, 244.0
304, 637.0, 247.0
305, 168.0, 394.0
306, 354.0, 455.0
307, 167.0, 272.0
308, 527.0, 373.0
309, 72.0, 471.0
310, 167.0, 11.0
311, 236.0, 191.0
312, 569.0, 240.0
313, 88.0, 436.0
314, 523.0, 157.0
315, 608.0, 386.0
316, 736.0, 49.0
317, 282.0, 150.0
318, 118.0, 41.0
319, 515.0, 286.0
320, 503.0, 316.0
321, 633.0, 353.0
322, 342.0, 94.0
323, 469.0, 463.0
324, 200.0, 269.0
325, 340.0, 299.0
326, 571.0, 381.0
327, 288.0, 255.0
328, 468.0, 454.0
329, 550.0, 360.0
330, 378.0, 310.0
331, 201.0, 379.0
332, 190.0, 43.0
333, 236.0, 18.0
334, 205.0, 334.0
335, 315.0, 347.0
336, 561.0, 127.0
337, 244.0, 252.0
338, 94.0, 155.0
339, 578.0, 208.0
340, 261.0, 235.0
341, 376.0, 254.0
342, 382.0, 229.0
343, 183.0, 220.0
344, 569.0, 77.0
345, 509.0, 127.0
346, 458.0, 209.0
347, 371.0, 429.0
348, 646.0, 355.0
349, 280.0, 355.0
350, 151.0, 281.0
351, 708.0, 74.0
352, 226.0, 272.0
353, 368.0, 326.0
354, 421.0, 166.0
355, 65.0, 254.0
356, 558.0, 255.0
357, 699.0, 207.0
358, 150.0, 247.0
359, 128.0, 265.0
360, 476.0, 208.0
361, 488.0, 291.0
362, 35.0, 249.0
363, 117.0, 453.0
364, 290.0, 283.0
365, 90.0, 60.0
366, 64.0, 182.0
367, 372.0, 172.0
368, 8.0, 175.0
369, 442.0, 217.0
370, 507.0, 341.0
371, 546.0, 301.0
372, 260.0, 34.0
373, 453.0, 454.0
374, 53.0, 295.0
375, 451.0, 118.0
376, 190.0, 450.0
377, 274.0, 256.0
378, 651.0, 236.0
379, 323.0, 266.0
380, 458.0, 102.0
381, 323.0, 89.0
382, 389.0, 406.0
383, 546.0, 143.0
384, 514.0, 241.0
385, 240.0, 324.0
386, 347.0, 141.0
387, 681.0, 442.0
388, 183.0, 274.0
389, 337.0, 323.0
390, 247.0, 290.0
391, 688.0, 464.0
392, 188.0, 388.0
393, 399.0, 454.0
394, 512.0, 326.0
395, 453.0, 412.0
396, 419.0, 35.0
397, 137.0, 328.0
398, 590.0, 352.0
399, 495.0, 124.0
400, 264.0, 415.0
401, 448.0, 433.0
402, 682.0, 352.0
403, 347.0, 328.0
404, 472.0, 438.0
405, 538.0, 369.0
406, 569.0, 436.0
407, 519.0, 223.0
408, 304.0, 322.0
409, 547.0, 153.0
410, 561.0, 305.0
411, 657.0, 195.0
412, 176.0, 343.0
413, 581.0, 321.0
414, 325.0, 326.0
415, 544.0, 403.0
416, 527.0, 261.0
417, 544.0, 162.0
418, 296.0, 21.0
419, 288.0, 140.0
420, 244.0, 222.0
421, 442.0, 227.0
422, 502.0, 374.0
423, 726.0, 301.0
424, 620.0, 354.0
425, 385.0, 11.0
426, 683.0, 265.0
427, 493.0, 381.0
428, 659.0, 273.0
429, 140.0, 211.0
430, 179.0, 10.0
431, 477.0, 162.0
432, 203.0, 215.0
433, 395.0, 365.0
434, 535.0, 403.0
435, 28.0, 165.0
436, 231.0, 139.0
437, 115.0, 87.0
438, 221.0, 323.0
439, 324.0, 351.0
440, 126.0, 65.0
441, 200.0, 197.0
442, 465.0, 144.0
443, 214.0, 323.0
444, 253.0, 208.0
445, 33.0, 346.0
446, 505.0, 256.0
447, 79.0, 159.0
448, 74.0, 458.0
449, 509.0, 305.0
450, 251.0, 432.0
451, 550.0, 257.0
452, 314.0, 20.0
453, 543.0, 390.0
454, 479.0, 292.0
455, 324.0, 460.0
456, 60.0, 47.0
457, 338.0, 339.0
458, 648.0, 322.0
459, 278.0, 13.0
460, 429.0, 315.0
461, 492.0, 24.0
462, 385.0, 291.0
463, 337.0, 334.0
464, 232.0, 333.0
465, 733.0, 276.0
466, 535.0, 355.0
467, 336.0, 193.0
468, 101.0, 30.0
469, 610.0, 363.0
470, 185.0, 350.0
471, 214.0, 346.0
472, 13.0, 35.0
473, 550.0, 249.0
474, 440.0, 105.0
475, 192.0, 376.0
476, 211.0, 193.0
477, 625.0, 406.0
478, 425.0, 439.0
479, 17.0, 357.0
480, 279.0, 272.0
481, 304.0, 471.0
482, 345.0, 347.0
483, 58.0, 163.0
484, 245.0, 268.0
485, 392.0, 241.0
486, 335.0, 262.0
487, 526.0, 43.0
488, 447.0, 314.0
489, 503.0, 401.0
490, 585.0, 421.0
491, 146.0, 155.0
492, 102.0, 8.0
493, 22.0, 26.0
494, 535.0, 64.0
495, 148.0, 35.0
496, 267.0, 94.0
497, 295.0, 124.0
498, 531.0, 118.0
499, 479.0, 171.0
