0, 342.0, 173.0
1, 619.0, 269.0
2, 649.0, 300.0
3, 423.0, 139.0
4, 447.0, 209.0
5, 375.0, 156.0
6, 522.0, 231.0
7, 374.0, 143.0
8, 220.0, 259.0
9, 613.0, 304.0
10, 268.0, 74.0
11, 125.0, 244.0
12, 420.0, 226.0
13, 426.0, 128.0
14, 681.0, 310.0
15, 583.0, 293.0
16, 706.0, 260.0
17, 513.0, 147.0
18, 213.0, 61.0
19, 376.0, 184.0
20, 493.0, 228.0
21, 345.0, 27.0
22, 198.0, 316.0
23, 228.0, 269.0
24, 348.0, 290.0
25, 230.0, 150.0
26, 24.0, 88.0
27, 324.0, 25.0
28, 321.0, 135.0
29, 670.0, 213.0
30, 609.0, 244.0
31, 533.0, 448.0
32, 266.0, 122.0
33, 600.0, 98.0
34, 226.0, 43.0
35, 527.0, 182.0
36, 554.0, 233.0
37, 686.0, 206.0
38, 266.0, 324.0
39, 478.0, 274.0
40, 263.0, 138.0
41, 458.0, 241.0
42, 575.0, 106.0
43, 92.0, 256.0
44, 553.0, 289.0
45, 356.0, 10.0
46, 641.0, 235.0
47, 613.0, 295.0
48, 348.0, 146.0
49, 255.0, 154.0
50, 307.0, 61.0
51, 391.0, 197.0
52, 664.0, 280.0
53, 372.0, 231.0
54, 353.0, 160.0
55, 405.0, 160.0
56, 95.0, 365.0
57, 345.0, 111.0
58, 449.0, 183.0
59, 473.0, 229.0
60, 295.0, 204.0
61, 699.0, 231.0
62, 97.0, 159.0
63, 365.0, 50.0
64, 357.0, 23.0
65, 209.0, 310.0
66, 640.0, 32.0
67, 649.0, 311.0
68, 699.0, 206.0
69, 292.0, 52.0
70, 739.0, 46.0
71, 487.0, 73.0
72, 608.0, 264.0
73, 707.0, 250.0
74, 239.0, 145.0
75, 141.0, 77.0
76, 708.0, 279.0
77, 568.0, 97.0
78, 271.0, 201.0
79, 157.0, 88.0
80, 375.0, 166.0
81, 81.0, 173.0
82, 668.0, 198.0
83, 626.0, 167.0
84, 279.0, 157.0
85, 281.0, 209.0
86, 172.0, 394.0
87, 485.0, 262.0
88, 263.0, 65.0
89, 217.0, 82.0
90, 234.0, 85.0
91, 740.0, 30.0
92, 686.0, 265.0
93, 219.0, 174.0
94, 368.0, 10.0
95, 200.0, 15.0
96, 393.0, 215.0
97, 240.0, 162.0
98, 80.0, 239.0
99, 508.0, 187.0
100, 454.0, 28.0
101, 516.0, 120.0
102, 518.0, 105.0
103, 344.0, 63.0
104, 555.0, 145.0
105, 231.0, 160.0
106, 205.0, 323.0
107, 367.0, 23.0
108, 357.0, 32.0
109, 409.0, 147.0
110, 237.0, 75.0
111, 451.0, 158.0
112, 564.0, 169.0
113, 79.0, 344.0
114, 216.0, 107.0
115, 646.0, 250.0
116, 406.0, 116.0
117, 174.0, 417.0
118, 142.0, 379.0
119, 521.0, 67.0
120, 394.0, 181.0
121, 48.0, 176.0
122, 428.0, 100.0
123, 415.0, 109.0
124, 588.0, 254.0
125, 630.0, 293.0
126, 86.0, 160.0
127, 420.0, 66.0
128, 278.0, 56.0
129, 518.0, 258.0
130, 682.0, 40.0
131, 425.0, 159.0
132, 695.0, 400.0
133, 274.0, 142.0
134, 258.0, 55.0
135, 449.0, 172.0
136, 372.0, 110.0
137, 416.0, 33.0
138, 35.0, 131.0
139, 466.0, 124.0
140, 271.0, 355.0
141, 501.0, 111.0
142, 740.0, 424.0
143, 561.0, 21.0
144, 450.0, 140.0
145, 292.0, 345.0
146, 38.0, 143.0
147, 447.0, 239.0
148, 204.0, 210.0
149, 396.0, 130.0
150, 697.0, 261.0
151, 454.0, 44.0
152, 720.0, 147.0
153, 642.0, 148.0
154, 575.0, 309.0
155, 625.0, 244.0
156, 229.0, 192.0
157, 512.0, 160.0
158, 257.0, 86.0
159, 339.0, 298.0
160, 610.0, 15.0
161, 657.0, 271.0
162, 390.0, 145.0
163, 286.0, 16.0
164, 607.0, 274.0
165, 669.0, 389.0
166, 552.0, 26.0
167, 232.0, 62.0
168, 45.0, 57.0
169, 326.0, 234.0
170, 252.0, 115.0
171, 155.0, 78.0
172, 329.0, 37.0
173, 329.0, 401.0
174, 181.0, 119.0
175, 212.0, 384.0
176, 491.0, 122.0
177, 302.0, 33.0
178, 442.0, 127.0
179, 115.0, 45.0
180, 668.0, 263.0
181, 684.0, 170.0
182, 609.0, 253.0
183, 318.0, 185.0
184, 192.0, 393.0
185, 657.0, 254.0
186, 110.0, 396.0
187, 415.0, 128.0
188, 459.0, 397.0
189, 342.0, 14.0
190, 373.0, 376.0
191, 438.0, 194.0
192, 549.0, 155.0
193, 353.0, 253.0
194, 626.0, 235.0
195, 680.0, 282.0
196, 39.0, 103.0
197, 626.0, 255.0
198, 364.0, 261.0
199, 283.0, 178.0
200, 527.0, 402.0
201, 658.0, 157.0
202, 434.0, 79.0
203, 228.0, 13.0
204, 280.0, 189.0
205, 233.0, 312.0
206, 604.0, 173.0
207, 501.0, 451.0
208, 319.0, 123.0
209, 80.0, 415.0
210, 580.0, 25.0
211, 131.0, 17.0
212, 374.0, 36.0
213, 41.0, 90.0
214, 568.0, 203.0
215, 722.0, 281.0
216, 347.0, 229.0
217, 381.0, 124.0
218, 739.0, 69.0
219, 250.0, 310.0
220, 390.0, 99.0
221, 255.0, 368.0
222, 565.0, 116.0
223, 91.0, 424.0
224, 424.0, 177.0
225, 249.0, 208.0
226, 683.0, 216.0
227, 218.0, 369.0
228, 381.0, 116.0
229, 589.0, 153.0
230, 486.0, 176.0
231, 718.0, 158.0
232, 337.0, 95.0
233, 90.0, 179.0
234, 305.0, 49.0
235, 464.0, 155.0
236, 491.0, 213.0
237, 514.0, 84.0
238, 126.0, 391.0
239, 222.0, 343.0
240, 318.0, 113.0
241, 155.0, 390.0
242, 235.0, 183.0
243, 562.0, 189.0
244, 185.0, 320.0
245, 70.0, 227.0
246, 410.0, 264.0
247, 573.0, 173.0
248, 606.0, 36.0
249, 676.0, 404.0
250, 717.0, 80.0
251, 482.0, 209.0
252, 288.0, 369.0
253, 718.0, 250.0
254, 501.0, 131.0
255, 95.0, 272.0
256, 716.0, 168.0
257, 302.0, 392.0
258, 340.0, 185.0
259, 391.0, 109.0
260, 495.0, 266.0
261, 562.0, 152.0
262, 113.0, 445.0
263, 276.0, 375.0
264, 374.0, 97.0
265, 539.0, 118.0
266, 360.0, 278.0
267, 119.0, 253.0
268, 164.0, 188.0
269, 484.0, 192.0
270, 437.0, 68.0
271, 683.0, 418.0
272, 566.0, 70.0
273, 145.0, 216.0
274, 736.0, 435.0
275, 529.0, 210.0
276, 273.0, 313.0
277, 439.0, 101.0
278, 586.0, 33.0
279, 452.0, 57.0
280, 491.0, 143.0
281, 249.0, 138.0
282, 626.0, 9.0
283, 575.0, 154.0
284, 517.0, 214.0
285, 243.0, 246.0
286, 376.0, 248.0
287, 334.0, 145.0
288, 559.0, 259.0
289, 141.0, 233.0
290, 536.0, 225.0
291, 519.0, 204.0
292, 440.0, 28.0
293, 413.0, 138.0
294, 454.0, 108.0
295, 736.0, 186.0
296, 485.0, 132.0
297, 506.0, 173.0
298, 511.0, 227.0
299, 147.0, 397.0
300, 657.0, 231.0
301, 133.0, 154.0
302, 171.0, 49.0
303, 393.0, 162.0
304, 465.0, 142.0
305, 65.0, 41.0
306, 507.0, 201.0
307, 643.0, 163.0
308, 460.0, 232.0
309, 681.0, 180.0
310, 365.0, 413.0
311, 176.0, 98.0
312, 319.0, 82.0
313, 463.0, 251.0
314, 83.0, 288.0
315, 57.0, 292.0
316, 106.0, 269.0
317, 160.0, 102.0
318, 654.0, 281.0
319, 493.0, 236.0
320, 355.0, 111.0
321, 446.0, 258.0
322, 206.0, 393.0
323, 452.0, 123.0
324, 109.0, 193.0
325, 741.0, 58.0
326, 459.0, 69.0
327, 288.0, 250.0
328, 672.0, 246.0
329, 459.0, 215.0
330, 692.0, 410.0
331, 299.0, 12.0
332, 378.0, 425.0
333, 423.0, 237.0
334, 334.0, 77.0
335, 15.0, 179.0
336, 176.0, 247.0
337, 508.0, 262.0
338, 108.0, 14.0
339, 363.0, 250.0
340, 181.0, 226.0
341, 426.0, 109.0
342, 94.0, 408.0
343, 142.0, 172.0
344, 606.0, 141.0
345, 433.0, 231.0
346, 312.0, 325.0
347, 588.0, 277.0
348, 130.0, 267.0
349, 473.0, 196.0
350, 583.0, 418.0
351, 735.0, 149.0
352, 207.0, 223.0
353, 115.0, 362.0
354, 154.0, 58.0
355, 296.0, 121.0
356, 554.0, 125.0
357, 355.0, 366.0
358, 693.0, 460.0
359, 650.0, 194.0
360, 540.0, 104.0
361, 687.0, 434.0
362, 25.0, 159.0
363, 207.0, 34.0
364, 547.0, 188.0
365, 736.0, 260.0
366, 45.0, 162.0
367, 730.0, 270.0
368, 362.0, 132.0
369, 197.0, 247.0
370, 667.0, 17.0
371, 695.0, 87.0
372, 493.0, 106.0
373, 266.0, 219.0
374, 360.0, 95.0
375, 216.0, 331.0
376, 242.0, 264.0
377, 468.0, 104.0
378, 712.0, 396.0
379, 555.0, 177.0
380, 568.0, 60.0
381, 89.0, 144.0
382, 380.0, 11.0
383, 659.0, 28.0
384, 49.0, 131.0
385, 322.0, 315.0
386, 594.0, 47.0
387, 488.0, 248.0
388, 170.0, 213.0
389, 287.0, 231.0
390, 68.0, 217.0
391, 189.0, 49.0
392, 231.0, 70.0
393, 586.0, 165.0
394, 666.0, 144.0
395, 165.0, 388.0
396, 714.0, 448.0
397, 266.0, 46.0
398, 434.0, 151.0
399, 16.0, 115.0
400, 173.0, 87.0
401, 159.0, 315.0
402, 542.0, 69.0
403, 511.0, 249.0
404, 216.0, 70.0
405, 380.0, 219.0
406, 723.0, 12.0
407, 488.0, 150.0
408, 392.0, 263.0
409, 593.0, 176.0
410, 219.0, 156.0
411, 530.0, 201.0
412, 470.0, 185.0
413, 231.0, 293.0
414, 582.0, 13.0
415, 599.0, 293.0
416, 718.0, 216.0
417, 301.0, 187.0
418, 446.0, 384.0
419, 515.0, 445.0
420, 233.0, 235.0
421, 244.0, 71.0
422, 278.0, 85.0
423, 169.0, 406.0
424, 71.0, 96.0
425, 584.0, 459.0
426, 223.0, 241.0
427, 708.0, 183.0
428, 384.0, 363.0
429, 327.0, 62.0
430, 292.0, 275.0
431, 304.0, 222.0
432, 712.0, 346.0
433, 468.0, 59.0
434, 704.0, 294.0
435, 488.0, 420.0
436, 730.0, 444.0
437, 415.0, 54.0
438, 202.0, 81.0
439, 55.0, 142.0
440, 167.0, 326.0
441, 341.0, 205.0
442, 716.0, 68.0
443, 68.0, 113.0
444, 490.0, 464.0
445, 542.0, 239.0
446, 342.0, 268.0
447, 438.0, 140.0
448, 140.0, 406.0
449, 130.0, 233.0
450, 482.0, 435.0
451, 69.0, 294.0
452, 232.0, 29.0
453, 129.0, 380.0
454, 725.0, 235.0
455, 12.0, 62.0
456, 363.0, 163.0
457, 374.0, 132.0
458, 535.0, 143.0
459, 78.0, 11.0
460, 518.0, 409.0
461, 504.0, 209.0
462, 467.0, 242.0
463, 135.0, 368.0
464, 105.0, 288.0
465, 42.0, 114.0
466, 706.0, 330.0
467, 714.0, 297.0
468, 420.0, 151.0
469, 66.0, 277.0
470, 260.0, 185.0
471, 98.0, 357.0
472, 619.0, 87.0
473, 17.0, 78.0
474, 327.0, 412.0
475, 641.0, 260.0
476, 331.0, 112.0
477, 660.0, 363.0
478, 65.0, 55.0
479, 279.0, 297.0
480, 117.0, 236.0
481, 401.0, 346.0
482, 606.0, 156.0
483, 89.0, 351.0
484, 165.0, 22.0
485, 141.0, 313.0
486, 83.0, 219.0
487, 736.0, 199.0
488, 129.0, 46.0
489, 172.0, 69.0
490, 273.0, 237.0
491, 394.0, 39.0
492, 266.0, 238.0
493, 166.0, 119.0
494, 232.0, 279.0
495, 447.0, 72.0
496, 211.0, 404.0
497, 292.0, 216.0
498, 375.0, 197.0
499, 545.0, 55.0
