0, 66.0, 131.0
1, 228.0, 306.0
2, 412.0, 71.0
3, 414.0, 56.0
4, 357.0, 38.0
5, 99.0, 200.0
6, 472.0, 43.0
7, 595.0, 224.0
8, 119.0, 242.0
9, 215.0, 429.0
10, 436.0, 30.0
11, 208.0, 292.0
12, 320.0, 236.0
13, 467.0, 72.0
14, 265.0, 297.0
15, 198.0, 451.0
16, 229.0, 294.0
17, 419.0, 24.0
18, 532.0, 281.0
19, 359.0, 21.0
20, 622.0, 205.0
21, 355.0, 54.0
22, 225.0, 351.0
23, 448.0, 82.0
24, 505.0, 267.0
25, 91.0, 401.0
26, 409.0, 248.0
27, 221.0, 395.0
28, 658.0, 359.0
29, 393.0, 32.0
30, 289.0, 300.0
31, 200.0, 430.0
32, 335.0, 33.0
33, 363.0, 212.0
34, 113.0, 338.0
35, 451.0, 67.0
36, 464.0, 86.0
37, 470.0, 57.0
38, 233.0, 236.0
39, 438.0, 78.0
40, 107.0, 308.0
41, 483.0, 91.0
42, 436.0, 269.0
43, 628.0, 186.0
44, 375.0, 306.0
45, 396.0, 16.0
46, 217.0, 451.0
47, 417.0, 39.0
48, 423.0, 13.0
49, 322.0, 196.0
50, 381.0, 11.0
51, 96.0, 170.0
52, 681.0, 263.0
53, 167.0, 342.0
54, 281.0, 399.0
55, 107.0, 281.0
56, 485.0, 79.0
57, 13.0, 138.0
58, 89.0, 178.0
59, 477.0, 301.0
60, 109.0, 176.0
61, 511.0, 100.0
62, 114.0, 264.0
63, 224.0, 364.0
64, 361.0, 319.0
65, 123.0, 202.0
66, 479.0, 270.0
67, 468.0, 147.0
68, 355.0, 281.0
69, 368.0, 271.0
70, 273.0, 446.0
71, 96.0, 137.0
72, 336.0, 14.0
73, 108.0, 296.0
74, 24.0, 120.0
75, 261.0, 312.0
76, 432.0, 55.0
77, 402.0, 132.0
78, 120.0, 259.0
79, 309.0, 238.0
80, 268.0, 411.0
81, 441.0, 64.0
82, 230.0, 279.0
83, 324.0, 29.0
84, 617.0, 236.0
85, 176.0, 366.0
86, 108.0, 232.0
87, 703.0, 187.0
88, 471.0, 210.0
89, 490.0, 62.0
90, 204.0, 363.0
91, 601.0, 201.0
92, 121.0, 275.0
93, 435.0, 140.0
94, 141.0, 188.0
95, 433.0, 44.0
96, 364.0, 296.0
97, 103.0, 329.0
98, 108.0, 214.0
99, 152.0, 252.0
100, 304.0, 282.0
101, 740.0, 446.0
102, 31.0, 140.0
103, 289.0, 432.0
104, 300.0, 301.0
105, 226.0, 458.0
106, 379.0, 27.0
107, 204.0, 304.0
108, 231.0, 258.0
109, 228.0, 153.0
110, 148.0, 189.0
111, 315.0, 345.0
112, 420.0, 175.0
113, 364.0, 118.0
114, 378.0, 283.0
115, 288.0, 323.0
116, 241.0, 348.0
117, 719.0, 409.0
118, 355.0, 463.0
119, 440.0, 178.0
120, 600.0, 179.0
121, 429.0, 225.0
122, 680.0, 233.0
123, 405.0, 117.0
124, 269.0, 203.0
125, 272.0, 306.0
126, 44.0, 141.0
127, 119.0, 299.0
128, 114.0, 438.0
129, 351.0, 304.0
130, 555.0, 113.0
131, 142.0, 274.0
132, 323.0, 62.0
133, 713.0, 252.0
134, 323.0, 291.0
135, 51.0, 130.0
136, 489.0, 223.0
137, 595.0, 313.0
138, 144.0, 315.0
139, 64.0, 164.0
140, 21.0, 470.0
141, 347.0, 436.0
142, 111.0, 200.0
143, 88.0, 242.0
144, 641.0, 208.0
145, 72.0, 174.0
146, 136.0, 299.0
147, 667.0, 244.0
148, 294.0, 224.0
149, 439.0, 127.0
150, 325.0, 46.0
151, 725.0, 317.0
152, 271.0, 460.0
153, 715.0, 241.0
154, 726.0, 209.0
155, 105.0, 247.0
156, 331.0, 408.0
157, 140.0, 215.0
158, 109.0, 189.0
159, 147.0, 331.0
160, 236.0, 216.0
161, 361.0, 430.0
162, 189.0, 386.0
163, 190.0, 253.0
164, 41.0, 125.0
165, 118.0, 9.0
166, 272.0, 426.0
167, 109.0, 318.0
168, 203.0, 343.0
169, 316.0, 266.0
170, 142.0, 250.0
171, 560.0, 92.0
172, 291.0, 421.0
173, 302.0, 208.0
174, 191.0, 231.0
175, 182.0, 349.0
176, 401.0, 240.0
177, 369.0, 340.0
178, 470.0, 136.0
179, 213.0, 407.0
180, 391.0, 42.0
181, 202.0, 383.0
182, 487.0, 231.0
183, 460.0, 181.0
184, 69.0, 145.0
185, 298.0, 193.0
186, 668.0, 451.0
187, 358.0, 252.0
188, 46.0, 438.0
189, 306.0, 262.0
190, 247.0, 153.0
191, 719.0, 130.0
192, 465.0, 202.0
193, 171.0, 22.0
194, 305.0, 194.0
195, 633.0, 238.0
196, 68.0, 335.0
197, 344.0, 465.0
198, 335.0, 211.0
199, 519.0, 282.0
200, 466.0, 263.0
201, 231.0, 434.0
202, 133.0, 15.0
203, 253.0, 209.0
204, 689.0, 316.0
205, 66.0, 240.0
206, 289.0, 346.0
207, 99.0, 441.0
208, 440.0, 11.0
209, 290.0, 448.0
210, 551.0, 298.0
211, 729.0, 255.0
212, 19.0, 438.0
213, 542.0, 352.0
214, 11.0, 462.0
215, 311.0, 317.0
216, 262.0, 230.0
217, 631.0, 220.0
218, 207.0, 451.0
219, 244.0, 315.0
220, 301.0, 248.0
221, 120.0, 413.0
222, 602.0, 233.0
223, 523.0, 464.0
224, 105.0, 152.0
225, 260.0, 354.0
226, 579.0, 229.0
227, 650.0, 136.0
228, 86.0, 137.0
229, 197.0, 461.0
230, 96.0, 368.0
231, 130.0, 242.0
232, 483.0, 417.0
233, 721.0, 327.0
234, 245.0, 233.0
235, 610.0, 183.0
236, 141.0, 325.0
237, 516.0, 81.0
238, 708.0, 174.0
239, 629.0, 247.0
240, 345.0, 199.0
241, 580.0, 308.0
242, 346.0, 409.0
243, 100.0, 314.0
244, 229.0, 325.0
245, 56.0, 33.0
246, 389.0, 232.0
247, 371.0, 108.0
248, 140.0, 152.0
249, 498.0, 152.0
250, 122.0, 319.0
251, 19.0, 421.0
252, 520.0, 61.0
253, 359.0, 258.0
254, 106.0, 263.0
255, 595.0, 270.0
256, 321.0, 134.0
257, 594.0, 169.0
258, 275.0, 284.0
259, 159.0, 43.0
260, 363.0, 439.0
261, 372.0, 425.0
262, 280.0, 317.0
263, 133.0, 144.0
264, 643.0, 192.0
265, 24.0, 388.0
266, 15.0, 405.0
267, 85.0, 125.0
268, 203.0, 232.0
269, 144.0, 205.0
270, 94.0, 320.0
271, 332.0, 417.0
272, 502.0, 28.0
273, 692.0, 248.0
274, 177.0, 414.0
275, 525.0, 471.0
276, 374.0, 220.0
277, 231.0, 428.0
278, 295.0, 247.0
279, 304.0, 309.0
280, 284.0, 216.0
281, 173.0, 95.0
282, 194.0, 103.0
283, 122.0, 233.0
284, 271.0, 471.0
285, 313.0, 330.0
286, 444.0, 56.0
287, 121.0, 371.0
288, 50.0, 13.0
289, 301.0, 262.0
290, 682.0, 212.0
291, 580.0, 221.0
292, 8.0, 118.0
293, 219.0, 292.0
294, 210.0, 352.0
295, 399.0, 229.0
296, 338.0, 439.0
297, 319.0, 210.0
298, 80.0, 417.0
299, 426.0, 236.0
300, 343.0, 204.0
301, 600.0, 107.0
302, 379.0, 38.0
303, 627.0, 230.0
304, 212.0, 280.0
305, 105.0, 271.0
306, 122.0, 158.0
307, 122.0, 153.0
308, 229.0, 449.0
309, 509.0, 113.0
310, 350.0, 363.0
311, 179.0, 68.0
312, 268.0, 211.0
313, 266.0, 39.0
314, 341.0, 339.0
315, 743.0, 423.0
316, 39.0, 373.0
317, 365.0, 287.0
318, 33.0, 163.0
319, 536.0, 292.0
320, 193.0, 135.0
321, 600.0, 170.0
322, 255.0, 172.0
323, 318.0, 356.0
324, 614.0, 121.0
325, 686.0, 207.0
326, 93.0, 144.0
327, 129.0, 329.0
328, 85.0, 75.0
329, 91.0, 380.0
330, 148.0, 213.0
331, 407.0, 234.0
332, 263.0, 54.0
333, 437.0, 18.0
334, 459.0, 54.0
335, 387.0, 111.0
336, 504.0, 84.0
337, 318.0, 251.0
338, 392.0, 227.0
339, 139.0, 318.0
340, 496.0, 262.0
341, 595.0, 124.0
342, 260.0, 218.0
343, 292.0, 260.0
344, 683.0, 247.0
345, 336.0, 327.0
346, 349.0, 213.0
347, 274.0, 417.0
348, 131.0, 233.0
349, 274.0, 339.0
350, 75.0, 146.0
351, 20.0, 163.0
352, 555.0, 126.0
353, 140.0, 229.0
354, 92.0, 428.0
355, 316.0, 133.0
356, 297.0, 207.0
357, 359.0, 263.0
358, 326.0, 136.0
359, 419.0, 223.0
360, 269.0, 364.0
361, 68.0, 354.0
362, 245.0, 202.0
363, 719.0, 224.0
364, 443.0, 167.0
365, 233.0, 408.0
366, 65.0, 295.0
367, 213.0, 415.0
368, 598.0, 275.0
369, 187.0, 352.0
370, 326.0, 387.0
371, 194.0, 98.0
372, 358.0, 236.0
373, 331.0, 237.0
374, 377.0, 214.0
375, 406.0, 46.0
376, 87.0, 412.0
377, 353.0, 423.0
378, 232.0, 246.0
379, 189.0, 190.0
380, 429.0, 8.0
381, 423.0, 154.0
382, 526.0, 161.0
383, 362.0, 397.0
384, 272.0, 313.0
385, 169.0, 253.0
386, 100.0, 210.0
387, 21.0, 427.0
388, 343.0, 344.0
389, 322.0, 374.0
390, 486.0, 264.0
391, 131.0, 273.0
392, 179.0, 132.0
393, 399.0, 303.0
394, 261.0, 348.0
395, 88.0, 388.0
396, 106.0, 45.0
397, 60.0, 441.0
398, 341.0, 99.0
399, 586.0, 199.0
400, 311.0, 16.0
401, 274.0, 274.0
402, 345.0, 271.0
403, 256.0, 163.0
404, 138.0, 147.0
405, 197.0, 54.0
406, 703.0, 178.0
407, 331.0, 47.0
408, 72.0, 442.0
409, 122.0, 124.0
410, 144.0, 357.0
411, 232.0, 423.0
412, 285.0, 356.0
413, 383.0, 456.0
414, 91.0, 459.0
415, 387.0, 248.0
416, 121.0, 213.0
417, 177.0, 155.0
418, 372.0, 322.0
419, 306.0, 294.0
420, 141.0, 240.0
421, 23.0, 139.0
422, 283.0, 372.0
423, 82.0, 130.0
424, 107.0, 239.0
425, 500.0, 98.0
426, 588.0, 135.0
427, 378.0, 108.0
428, 133.0, 319.0
429, 74.0, 93.0
430, 359.0, 388.0
431, 502.0, 273.0
432, 473.0, 318.0
433, 220.0, 281.0
434, 385.0, 259.0
435, 546.0, 296.0
436, 387.0, 221.0
437, 196.0, 470.0
438, 87.0, 80.0
439, 168.0, 222.0
440, 468.0, 225.0
441, 22.0, 393.0
442, 448.0, 50.0
443, 402.0, 234.0
444, 293.0, 328.0
445, 352.0, 221.0
446, 511.0, 258.0
447, 385.0, 461.0
448, 281.0, 453.0
449, 291.0, 370.0
450, 256.0, 32.0
451, 85.0, 70.0
452, 494.0, 296.0
453, 60.0, 147.0
454, 374.0, 430.0
455, 458.0, 241.0
456, 317.0, 351.0
457, 156.0, 23.0
458, 301.0, 274.0
459, 482.0, 412.0
460, 196.0, 350.0
461, 427.0, 317.0
462, 322.0, 19.0
463, 383.0, 124.0
464, 63.0, 340.0
465, 331.0, 314.0
466, 175.0, 321.0
467, 81.0, 135.0
468, 383.0, 270.0
469, 356.0, 439.0
470, 471.0, 255.0
471, 241.0, 76.0
472, 319.0, 256.0
473, 306.0, 414.0
474, 32.0, 235.0
475, 282.0, 385.0
476, 480.0, 243.0
477, 136.0, 23.0
478, 118.0, 180.0
479, 375.0, 468.0
480, 499.0, 67.0
481, 362.0, 461.0
482, 286.0, 334.0
483, 680.0, 217.0
484, 224.0, 358.0
485, 201.0, 416.0
486, 719.0, 322.0
487, 571.0, 130.0
488, 83.0, 31.0
489, 143.0, 262.0
490, 215.0, 471.0
491, 333.0, 423.0
492, 354.0, 376.0
493, 611.0, 217.0
494, 378.0, 43.0
495, 550.0, 125.0
496, 289.0, 288.0
497, 275.0, 212.0
498, 234.0, 225.0
499, 375.0, 456.0
