0, 513.0, 296.0
1, 221.0, 464.0
2, 524.0, 226.0
3, 276.0, 285.0
4, 230.0, 380.0
5, 492.0, 168.0
6, 274.0, 252.0
7, 328.0, 309.0
8, 351.0, 240.0
9, 329.0, 264.0
10, 680.0, 197.0
11, 475.0, 97.0
12, 231.0, 459.0
13, 262.0, 151.0
14, 446.0, 124.0
15, 328.0, 279.0
16, 219.0, 175.0
17, 294.0, 294.0
18, 563.0, 132.0
19, 545.0, 318.0
20, 312.0, 470.0
21, 44.0, 47.0
22, 665.0, 373.0
23, 293.0, 41.0
24, 354.0, 65.0
25, 647.0, 117.0
26, 367.0, 151.0
27, 515.0, 103.0
28, 295.0, 311.0
29, 732.0, 161.0
30, 566.0, 56.0
31, 93.0, 190.0
32, 206.0, 72.0
33, 518.0, 170.0
34, 382.0, 11.0
35, 365.0, 100.0
36, 263.0, 251.0
37, 514.0, 359.0
38, 715.0, 340.0
39, 430.0, 71.0
40, 158.0, 308.0
41, 540.0, 186.0
42, 484.0, 190.0
43, 346.0, 158.0
44, 624.0, 177.0
45, 266.0, 261.0
46, 327.0, 295.0
47, 331.0, 196.0
48, 227.0, 273.0
49, 715.0, 126.0
50, 398.0, 213.0
51, 444.0, 190.0
52, 420.0, 201.0
53, 487.0, 120.0
54, 660.0, 43.0
55, 273.0, 443.0
56, 505.0, 133.0
57, 562.0, 142.0
58, 177.0, 380.0
59, 265.0, 280.0
60, 124.0, 57.0
61, 313.0, 203.0
62, 684.0, 185.0
63, 418.0, 232.0
64, 264.0, 371.0
65, 330.0, 423.0
66, 233.0, 342.0
67, 361.0, 22.0
68, 243.0, 465.0
69, 254.0, 44.0
70, 305.0, 461.0
71, 595.0, 104.0
72, 231.0, 130.0
73, 463.0, 106.0
74, 347.0, 136.0
75, 330.0, 135.0
76, 607.0, 197.0
77, 625.0, 236.0
78, 197.0, 26.0
79, 384.0, 35.0
80, 343.0, 253.0
81, 391.0, 87.0
82, 298.0, 271.0
83, 313.0, 193.0
84, 282.0, 356.0
85, 226.0, 158.0
86, 374.0, 351.0
87, 358.0, 130.0
88, 596.0, 90.0
89, 607.0, 56.0
90, 365.0, 58.0
91, 185.0, 132.0
92, 262.0, 184.0
93, 221.0, 385.0
94, 644.0, 359.0
95, 490.0, 107.0
96, 631.0, 384.0
97, 655.0, 129.0
98, 249.0, 134.0
99, 501.0, 98.0
100, 547.0, 176.0
101, 386.0, 221.0
102, 656.0, 355.0
103, 306.0, 214.0
104, 593.0, 206.0
105, 683.0, 125.0
106, 341.0, 384.0
107, 321.0, 320.0
108, 482.0, 256.0
109, 64.0, 312.0
110, 616.0, 16.0
111, 295.0, 351.0
112, 216.0, 27.0
113, 250.0, 385.0
114, 517.0, 265.0
115, 363.0, 249.0
116, 527.0, 380.0
117, 265.0, 381.0
118, 327.0, 351.0
119, 146.0, 230.0
120, 306.0, 340.0
121, 578.0, 56.0
122, 456.0, 189.0
123, 465.0, 88.0
124, 706.0, 210.0
125, 436.0, 56.0
126, 378.0, 229.0
127, 356.0, 76.0
128, 409.0, 403.0
129, 521.0, 306.0
130, 503.0, 257.0
131, 539.0, 141.0
132, 426.0, 56.0
133, 234.0, 447.0
134, 275.0, 276.0
135, 451.0, 22.0
136, 443.0, 436.0
137, 542.0, 60.0
138, 275.0, 172.0
139, 219.0, 122.0
140, 22.0, 254.0
141, 467.0, 166.0
142, 343.0, 426.0
143, 520.0, 316.0
144, 325.0, 362.0
145, 264.0, 21.0
146, 340.0, 398.0
147, 15.0, 226.0
148, 566.0, 44.0
149, 674.0, 28.0
150, 390.0, 104.0
151, 416.0, 222.0
152, 457.0, 218.0
153, 60.0, 296.0
154, 301.0, 195.0
155, 273.0, 57.0
156, 609.0, 104.0
157, 329.0, 81.0
158, 264.0, 355.0
159, 385.0, 396.0
160, 629.0, 355.0
161, 448.0, 109.0
162, 254.0, 24.0
163, 200.0, 135.0
164, 505.0, 160.0
165, 106.0, 143.0
166, 349.0, 275.0
167, 288.0, 169.0
168, 281.0, 426.0
169, 491.0, 177.0
170, 337.0, 172.0
171, 658.0, 390.0
172, 536.0, 168.0
173, 661.0, 207.0
174, 214.0, 161.0
175, 130.0, 132.0
176, 344.0, 121.0
177, 261.0, 299.0
178, 326.0, 187.0
179, 235.0, 148.0
180, 276.0, 337.0
181, 356.0, 262.0
182, 208.0, 437.0
183, 661.0, 450.0
184, 199.0, 342.0
185, 322.0, 215.0
186, 98.0, 411.0
187, 231.0, 333.0
188, 429.0, 87.0
189, 246.0, 167.0
190, 430.0, 191.0
191, 407.0, 87.0
192, 79.0, 188.0
193, 638.0, 73.0
194, 117.0, 174.0
195, 655.0, 56.0
196, 408.0, 96.0
197, 213.0, 344.0
198, 254.0, 274.0
199, 65.0, 387.0
200, 557.0, 201.0
201, 312.0, 379.0
202, 148.0, 107.0
203, 196.0, 100.0
204, 229.0, 302.0
205, 418.0, 387.0
206, 222.0, 101.0
207, 617.0, 166.0
208, 370.0, 310.0
209, 373.0, 213.0
210, 737.0, 127.0
211, 259.0, 454.0
212, 249.0, 69.0
213, 573.0, 194.0
214, 400.0, 193.0
215, 200.0, 362.0
216, 550.0, 27.0
217, 504.0, 169.0
218, 136.0, 169.0
219, 507.0, 58.0
220, 594.0, 69.0
221, 325.0, 236.0
222, 165.0, 135.0
223, 482.0, 210.0
224, 385.0, 388.0
225, 326.0, 338.0
226, 150.0, 326.0
227, 227.0, 261.0
228, 335.0, 249.0
229, 302.0, 414.0
230, 421.0, 340.0
231, 121.0, 193.0
232, 495.0, 145.0
233, 39.0, 461.0
234, 341.0, 37.0
235, 109.0, 117.0
236, 479.0, 229.0
237, 173.0, 468.0
238, 721.0, 49.0
239, 295.0, 463.0
240, 536.0, 97.0
241, 393.0, 241.0
242, 46.0, 185.0
243, 221.0, 201.0
244, 293.0, 222.0
245, 502.0, 370.0
246, 534.0, 16.0
247, 386.0, 239.0
248, 476.0, 107.0
249, 275.0, 263.0
250, 490.0, 89.0
251, 230.0, 77.0
252, 290.0, 425.0
253, 630.0, 12.0
254, 174.0, 133.0
255, 648.0, 403.0
256, 351.0, 225.0
257, 218.0, 411.0
258, 110.0, 80.0
259, 250.0, 220.0
260, 285.0, 99.0
261, 27.0, 271.0
262, 195.0, 462.0
263, 470.0, 205.0
264, 79.0, 315.0
265, 143.0, 77.0
266, 277.0, 21.0
267, 113.0, 396.0
268, 606.0, 31.0
269, 245.0, 351.0
270, 346.0, 284.0
271, 591.0, 61.0
272, 315.0, 223.0
273, 625.0, 112.0
274, 518.0, 376.0
275, 603.0, 223.0
276, 282.0, 255.0
277, 234.0, 171.0
278, 71.0, 274.0
279, 152.0, 346.0
280, 355.0, 385.0
281, 49.0, 350.0
282, 283.0, 298.0
283, 446.0, 144.0
284, 358.0, 169.0
285, 517.0, 178.0
286, 652.0, 413.0
287, 282.0, 267.0
288, 315.0, 283.0
289, 407.0, 106.0
290, 308.0, 303.0
291, 571.0, 68.0
292, 574.0, 174.0
293, 57.0, 275.0
294, 146.0, 361.0
295, 264.0, 68.0
296, 274.0, 121.0
297, 340.0, 229.0
298, 532.0, 180.0
299, 142.0, 414.0
300, 445.0, 156.0
301, 607.0, 68.0
302, 667.0, 359.0
303, 446.0, 242.0
304, 646.0, 457.0
305, 457.0, 165.0
306, 398.0, 11.0
307, 147.0, 307.0
308, 361.0, 457.0
309, 195.0, 296.0
310, 426.0, 223.0
311, 109.0, 404.0
312, 352.0, 51.0
313, 127.0, 430.0
314, 595.0, 447.0
315, 388.0, 194.0
316, 76.0, 297.0
317, 703.0, 171.0
318, 303.0, 69.0
319, 369.0, 404.0
320, 465.0, 183.0
321, 208.0, 461.0
322, 297.0, 435.0
323, 196.0, 165.0
324, 414.0, 377.0
325, 494.0, 157.0
326, 261.0, 57.0
327, 364.0, 36.0
328, 190.0, 216.0
329, 187.0, 15.0
330, 279.0, 43.0
331, 528.0, 85.0
332, 490.0, 293.0
333, 277.0, 297.0
334, 155.0, 64.0
335, 387.0, 428.0
336, 116.0, 344.0
337, 231.0, 419.0
338, 511.0, 221.0
339, 142.0, 142.0
340, 559.0, 174.0
341, 642.0, 46.0
342, 101.0, 345.0
343, 98.0, 51.0
344, 242.0, 316.0
345, 450.0, 97.0
346, 359.0, 139.0
347, 432.0, 376.0
348, 535.0, 328.0
349, 666.0, 13.0
350, 229.0, 38.0
351, 288.0, 240.0
352, 251.0, 256.0
353, 331.0, 118.0
354, 640.0, 382.0
355, 166.0, 120.0
356, 155.0, 363.0
357, 603.0, 154.0
358, 341.0, 470.0
359, 67.0, 322.0
360, 577.0, 215.0
361, 61.0, 185.0
362, 294.0, 341.0
363, 707.0, 59.0
364, 397.0, 374.0
365, 395.0, 25.0
366, 158.0, 379.0
367, 664.0, 55.0
368, 376.0, 190.0
369, 131.0, 197.0
370, 445.0, 232.0
371, 444.0, 268.0
372, 695.0, 15.0
373, 240.0, 90.0
374, 307.0, 432.0
375, 308.0, 268.0
376, 504.0, 87.0
377, 294.0, 258.0
378, 317.0, 27.0
379, 362.0, 239.0
380, 142.0, 180.0
381, 675.0, 110.0
382, 301.0, 445.0
383, 377.0, 182.0
384, 148.0, 394.0
385, 284.0, 112.0
386, 408.0, 22.0
387, 293.0, 282.0
388, 699.0, 83.0
389, 259.0, 337.0
390, 416.0, 155.0
391, 467.0, 229.0
392, 407.0, 314.0
393, 30.0, 355.0
394, 182.0, 184.0
395, 362.0, 85.0
396, 333.0, 220.0
397, 334.0, 205.0
398, 399.0, 135.0
399, 732.0, 64.0
400, 519.0, 84.0
401, 484.0, 446.0
402, 80.0, 254.0
403, 351.0, 251.0
404, 302.0, 123.0
405, 315.0, 434.0
406, 400.0, 442.0
407, 273.0, 322.0
408, 124.0, 141.0
409, 279.0, 238.0
410, 112.0, 462.0
411, 621.0, 215.0
412, 70.0, 334.0
413, 185.0, 88.0
414, 614.0, 344.0
415, 452.0, 88.0
416, 235.0, 365.0
417, 467.0, 407.0
418, 584.0, 33.0
419, 89.0, 129.0
420, 638.0, 28.0
421, 615.0, 186.0
422, 478.0, 89.0
423, 656.0, 106.0
424, 177.0, 414.0
425, 310.0, 352.0
426, 389.0, 281.0
427, 166.0, 438.0
428, 318.0, 92.0
429, 305.0, 41.0
430, 685.0, 74.0
431, 354.0, 43.0
432, 173.0, 360.0
433, 443.0, 202.0
434, 688.0, 170.0
435, 457.0, 34.0
436, 89.0, 47.0
437, 49.0, 416.0
438, 178.0, 20.0
439, 417.0, 163.0
440, 532.0, 70.0
441, 262.0, 344.0
442, 634.0, 342.0
443, 317.0, 150.0
444, 416.0, 215.0
445, 427.0, 109.0
446, 58.0, 219.0
447, 386.0, 334.0
448, 138.0, 118.0
449, 371.0, 390.0
450, 253.0, 328.0
451, 321.0, 100.0
452, 392.0, 255.0
453, 55.0, 446.0
454, 250.0, 80.0
455, 478.0, 167.0
456, 398.0, 227.0
457, 392.0, 460.0
458, 323.0, 412.0
459, 552.0, 97.0
460, 463.0, 441.0
461, 466.0, 175.0
462, 274.0, 414.0
463, 29.0, 203.0
464, 53.0, 197.0
465, 427.0, 97.0
466, 194.0, 281.0
467, 388.0, 361.0
468, 662.0, 335.0
469, 341.0, 104.0
470, 78.0, 129.0
471, 470.0, 127.0
472, 275.0, 108.0
473, 277.0, 71.0
474, 410.0, 134.0
475, 254.0, 364.0
476, 361.0, 224.0
477, 247.0, 444.0
478, 124.0, 104.0
479, 346.0, 299.0
480, 714.0, 73.0
481, 611.0, 378.0
482, 512.0, 15.0
483, 67.0, 254.0
484, 274.0, 397.0
485, 244.0, 428.0
486, 77.0, 153.0
487, 292.0, 9.0
488, 357.0, 181.0
489, 216.0, 279.0
490, 670.0, 129.0
491, 426.0, 448.0
492, 557.0, 9.0
493, 694.0, 66.0
494, 431.0, 402.0
495, 339.0, 22.0
496, 154.0, 46.0
497, 592.0, 390.0
498, 576.0, 14.0
499, 541.0, 115.0
