0, 437.0, 58.0
1, 364.0, 140.0
2, 304.0, 178.0
3, 574.0, 78.0
4, 530.0, 196.0
5, 553.0, 242.0
6, 441.0, 165.0
7, 290.0, 198.0
8, 367.0, 97.0
9, 431.0, 237.0
10, 372.0, 108.0
11, 361.0, 90.0
12, 363.0, 163.0
13, 410.0, 224.0
14, 498.0, 145.0
15, 384.0, 257.0
16, 634.0, 137.0
17, 478.0, 144.0
18, 385.0, 32.0
19, 529.0, 90.0
20, 269.0, 106.0
21, 682.0, 97.0
22, 218.0, 395.0
23, 369.0, 86.0
24, 408.0, 146.0
25, 479.0, 210.0
26, 604.0, 240.0
27, 285.0, 285.0
28, 594.0, 129.0
29, 367.0, 201.0
30, 190.0, 37.0
31, 456.0, 198.0
32, 550.0, 75.0
33, 350.0, 89.0
34, 547.0, 195.0
35, 331.0, 146.0
36, 416.0, 200.0
37, 386.0, 186.0
38, 502.0, 273.0
39, 488.0, 197.0
40, 342.0, 106.0
41, 511.0, 67.0
42, 316.0, 138.0
43, 75.0, 125.0
44, 337.0, 150.0
45, 470.0, 253.0
46, 227.0, 60.0
47, 499.0, 68.0
48, 521.0, 199.0
49, 350.0, 170.0
50, 72.0, 267.0
51, 446.0, 96.0
52, 66.0, 393.0
53, 167.0, 420.0
54, 376.0, 133.0
55, 129.0, 343.0
56, 293.0, 291.0
57, 597.0, 99.0
58, 222.0, 287.0
59, 635.0, 189.0
60, 462.0, 315.0
61, 537.0, 235.0
62, 381.0, 117.0
63, 418.0, 301.0
64, 592.0, 71.0
65, 528.0, 154.0
66, 581.0, 223.0
67, 73.0, 323.0
68, 387.0, 238.0
69, 633.0, 461.0
70, 677.0, 138.0
71, 704.0, 175.0
72, 464.0, 465.0
73, 203.0, 335.0
74, 492.0, 114.0
75, 221.0, 331.0
76, 169.0, 367.0
77, 475.0, 75.0
78, 446.0, 204.0
79, 207.0, 314.0
80, 348.0, 257.0
81, 240.0, 310.0
82, 311.0, 209.0
83, 503.0, 237.0
84, 512.0, 265.0
85, 140.0, 279.0
86, 369.0, 34.0
87, 681.0, 158.0
88, 256.0, 153.0
89, 561.0, 78.0
90, 486.0, 180.0
91, 67.0, 378.0
92, 377.0, 242.0
93, 419.0, 235.0
94, 159.0, 343.0
95, 221.0, 50.0
96, 293.0, 187.0
97, 14.0, 452.0
98, 635.0, 234.0
99, 415.0, 142.0
100, 521.0, 77.0
101, 446.0, 78.0
102, 661.0, 119.0
103, 460.0, 75.0
104, 279.0, 189.0
105, 406.0, 182.0
106, 317.0, 166.0
107, 470.0, 125.0
108, 255.0, 168.0
109, 510.0, 109.0
110, 521.0, 463.0
111, 343.0, 276.0
112, 537.0, 46.0
113, 572.0, 245.0
114, 478.0, 114.0
115, 585.0, 262.0
116, 659.0, 83.0
117, 522.0, 209.0
118, 22.0, 281.0
119, 263.0, 114.0
120, 205.0, 393.0
121, 198.0, 94.0
122, 243.0, 381.0
123, 467.0, 266.0
124, 354.0, 137.0
125, 181.0, 429.0
126, 649.0, 266.0
127, 68.0, 49.0
128, 616.0, 108.0
129, 481.0, 172.0
130, 576.0, 158.0
131, 558.0, 99.0
132, 160.0, 226.0
133, 163.0, 349.0
134, 502.0, 85.0
135, 382.0, 206.0
136, 378.0, 47.0
137, 697.0, 83.0
138, 295.0, 34.0
139, 45.0, 287.0
140, 54.0, 292.0
141, 82.0, 143.0
142, 140.0, 262.0
143, 535.0, 66.0
144, 113.0, 364.0
145, 259.0, 393.0
146, 173.0, 105.0
147, 207.0, 291.0
148, 478.0, 220.0
149, 205.0, 275.0
150, 694.0, 259.0
151, 174.0, 410.0
152, 551.0, 263.0
153, 143.0, 63.0
154, 182.0, 221.0
155, 57.0, 421.0
156, 154.0, 234.0
157, 92.0, 126.0
158, 365.0, 69.0
159, 270.0, 373.0
160, 513.0, 159.0
161, 433.0, 170.0
162, 530.0, 52.0
163, 554.0, 133.0
164, 49.0, 318.0
165, 376.0, 195.0
166, 162.0, 171.0
167, 133.0, 133.0
168, 55.0, 125.0
169, 362.0, 309.0
170, 291.0, 237.0
171, 402.0, 228.0
172, 224.0, 32.0
173, 219.0, 224.0
174, 401.0, 198.0
175, 590.0, 161.0
176, 289.0, 104.0
177, 594.0, 241.0
178, 530.0, 219.0
179, 385.0, 98.0
180, 225.0, 275.0
181, 103.0, 317.0
182, 261.0, 180.0
183, 170.0, 62.0
184, 37.0, 85.0
185, 155.0, 192.0
186, 461.0, 131.0
187, 677.0, 83.0
188, 492.0, 77.0
189, 60.0, 356.0
190, 50.0, 346.0
191, 88.0, 115.0
192, 32.0, 220.0
193, 177.0, 241.0
194, 28.0, 106.0
195, 239.0, 458.0
196, 490.0, 85.0
197, 132.0, 292.0
198, 447.0, 107.0
199, 23.0, 227.0
200, 62.0, 409.0
201, 247.0, 287.0
202, 701.0, 130.0
203, 235.0, 170.0
204, 75.0, 105.0
205, 616.0, 125.0
206, 224.0, 93.0
207, 12.0, 194.0
208, 444.0, 263.0
209, 423.0, 170.0
210, 161.0, 299.0
211, 182.0, 345.0
212, 216.0, 243.0
213, 120.0, 379.0
214, 84.0, 73.0
215, 276.0, 272.0
216, 148.0, 359.0
217, 195.0, 276.0
218, 565.0, 176.0
219, 393.0, 111.0
220, 301.0, 284.0
221, 216.0, 172.0
222, 433.0, 30.0
223, 668.0, 240.0
224, 481.0, 103.0
225, 201.0, 28.0
226, 427.0, 98.0
227, 136.0, 109.0
228, 330.0, 207.0
229, 540.0, 90.0
230, 157.0, 257.0
231, 712.0, 80.0
232, 194.0, 242.0
233, 65.0, 145.0
234, 455.0, 124.0
235, 587.0, 121.0
236, 459.0, 89.0
237, 125.0, 117.0
238, 406.0, 466.0
239, 8.0, 419.0
240, 674.0, 125.0
241, 656.0, 133.0
242, 118.0, 63.0
243, 725.0, 237.0
244, 372.0, 125.0
245, 291.0, 168.0
246, 385.0, 106.0
247, 85.0, 381.0
248, 333.0, 120.0
249, 638.0, 206.0
250, 431.0, 75.0
251, 173.0, 287.0
252, 484.0, 68.0
253, 341.0, 231.0
254, 161.0, 134.0
255, 146.0, 342.0
256, 31.0, 422.0
257, 372.0, 316.0
258, 250.0, 91.0
259, 682.0, 177.0
260, 128.0, 365.0
261, 383.0, 15.0
262, 714.0, 212.0
263, 729.0, 89.0
264, 399.0, 269.0
265, 442.0, 137.0
266, 261.0, 202.0
267, 555.0, 85.0
268, 156.0, 391.0
269, 463.0, 30.0
270, 189.0, 105.0
271, 109.0, 296.0
272, 703.0, 153.0
273, 56.0, 33.0
274, 331.0, 162.0
275, 114.0, 254.0
276, 488.0, 221.0
277, 627.0, 83.0
278, 160.0, 277.0
279, 227.0, 119.0
280, 76.0, 216.0
281, 695.0, 460.0
282, 398.0, 152.0
283, 96.0, 171.0
284, 57.0, 278.0
285, 110.0, 126.0
286, 606.0, 263.0
287, 480.0, 162.0
288, 165.0, 289.0
289, 178.0, 120.0
290, 128.0, 255.0
291, 287.0, 210.0
292, 345.0, 134.0
293, 245.0, 333.0
294, 316.0, 117.0
295, 54.0, 101.0
296, 272.0, 405.0
297, 383.0, 274.0
298, 218.0, 373.0
299, 194.0, 414.0
300, 438.0, 121.0
301, 456.0, 251.0
302, 218.0, 191.0
303, 111.0, 328.0
304, 743.0, 83.0
305, 332.0, 97.0
306, 156.0, 470.0
307, 674.0, 254.0
308, 320.0, 268.0
309, 575.0, 464.0
310, 154.0, 214.0
311, 100.0, 417.0
312, 354.0, 125.0
313, 181.0, 142.0
314, 470.0, 201.0
315, 251.0, 210.0
316, 32.0, 32.0
317, 247.0, 348.0
318, 731.0, 190.0
319, 147.0, 323.0
320, 279.0, 118.0
321, 489.0, 264.0
322, 485.0, 31.0
323, 320.0, 187.0
324, 329.0, 32.0
325, 141.0, 215.0
326, 227.0, 70.0
327, 312.0, 276.0
328, 150.0, 122.0
329, 695.0, 272.0
330, 152.0, 288.0
331, 126.0, 325.0
332, 235.0, 343.0
333, 464.0, 180.0
334, 236.0, 352.0
335, 400.0, 99.0
336, 9.0, 335.0
337, 167.0, 23.0
338, 403.0, 122.0
339, 186.0, 266.0
340, 228.0, 212.0
341, 38.0, 447.0
342, 435.0, 16.0
343, 148.0, 107.0
344, 139.0, 322.0
345, 300.0, 69.0
346, 693.0, 206.0
347, 135.0, 77.0
348, 149.0, 416.0
349, 31.0, 64.0
350, 331.0, 16.0
351, 125.0, 212.0
352, 172.0, 357.0
353, 192.0, 314.0
354, 453.0, 85.0
355, 421.0, 109.0
356, 166.0, 238.0
357, 123.0, 307.0
358, 671.0, 157.0
359, 485.0, 18.0
360, 703.0, 95.0
361, 522.0, 121.0
362, 39.0, 257.0
363, 571.0, 136.0
364, 44.0, 79.0
365, 216.0, 266.0
366, 711.0, 311.0
367, 23.0, 129.0
368, 499.0, 319.0
369, 203.0, 353.0
370, 377.0, 218.0
371, 664.0, 196.0
372, 214.0, 380.0
373, 156.0, 106.0
374, 473.0, 191.0
375, 258.0, 192.0
376, 266.0, 239.0
377, 308.0, 89.0
378, 303.0, 93.0
379, 678.0, 115.0
380, 685.0, 187.0
381, 33.0, 400.0
382, 38.0, 97.0
383, 237.0, 466.0
384, 593.0, 176.0
385, 380.0, 103.0
386, 226.0, 468.0
387, 499.0, 219.0
388, 582.0, 63.0
389, 336.0, 282.0
390, 276.0, 20.0
391, 516.0, 226.0
392, 488.0, 140.0
393, 130.0, 84.0
394, 544.0, 33.0
395, 238.0, 368.0
396, 374.0, 263.0
397, 225.0, 452.0
398, 252.0, 427.0
399, 493.0, 207.0
400, 192.0, 329.0
401, 622.0, 96.0
402, 584.0, 20.0
403, 438.0, 212.0
404, 96.0, 231.0
405, 235.0, 69.0
406, 361.0, 185.0
407, 283.0, 263.0
408, 223.0, 429.0
409, 719.0, 266.0
410, 258.0, 266.0
411, 424.0, 194.0
412, 652.0, 173.0
413, 392.0, 317.0
414, 108.0, 191.0
415, 716.0, 311.0
416, 87.0, 23.0
417, 180.0, 173.0
418, 278.0, 353.0
419, 647.0, 150.0
420, 605.0, 67.0
421, 640.0, 128.0
422, 249.0, 244.0
423, 460.0, 102.0
424, 506.0, 215.0
425, 211.0, 200.0
426, 375.0, 168.0
427, 134.0, 372.0
428, 656.0, 313.0
429, 138.0, 332.0
430, 80.0, 135.0
431, 20.0, 390.0
432, 235.0, 97.0
433, 487.0, 291.0
434, 499.0, 175.0
435, 180.0, 377.0
436, 30.0, 11.0
437, 647.0, 459.0
438, 492.0, 283.0
439, 88.0, 355.0
440, 493.0, 471.0
441, 274.0, 34.0
442, 53.0, 70.0
443, 114.0, 27.0
444, 556.0, 317.0
445, 164.0, 152.0
446, 305.0, 301.0
447, 64.0, 432.0
448, 462.0, 290.0
449, 672.0, 66.0
450, 471.0, 232.0
451, 531.0, 125.0
452, 280.0, 227.0
453, 361.0, 128.0
454, 239.0, 285.0
455, 316.0, 322.0
456, 547.0, 122.0
457, 389.0, 127.0
458, 401.0, 317.0
459, 394.0, 101.0
460, 87.0, 331.0
461, 136.0, 366.0
462, 8.0, 107.0
463, 29.0, 370.0
464, 225.0, 359.0
465, 349.0, 470.0
466, 80.0, 302.0
467, 577.0, 89.0
468, 224.0, 20.0
469, 532.0, 178.0
470, 39.0, 302.0
471, 437.0, 461.0
472, 126.0, 355.0
473, 238.0, 192.0
474, 384.0, 176.0
475, 103.0, 397.0
476, 585.0, 138.0
477, 484.0, 264.0
478, 220.0, 201.0
479, 121.0, 434.0
480, 581.0, 242.0
481, 320.0, 109.0
482, 438.0, 325.0
483, 262.0, 384.0
484, 572.0, 261.0
485, 65.0, 133.0
486, 145.0, 306.0
487, 198.0, 196.0
488, 509.0, 120.0
489, 188.0, 259.0
490, 119.0, 247.0
491, 524.0, 262.0
492, 93.0, 325.0
493, 469.0, 171.0
494, 226.0, 187.0
495, 704.0, 112.0
496, 572.0, 268.0
497, 578.0, 150.0
498, 15.0, 471.0
499, 253.0, 273.0
