0, 409.0, 298.0
1, 117.0, 29.0
2, 303.0, 327.0
3, 251.0, 268.0
4, 302.0, 147.0
5, 325.0, 293.0
6, 253.0, 229.0
7, 544.0, 24.0
8, 327.0, 274.0
9, 537.0, 340.0
10, 459.0, 284.0
11, 199.0, 237.0
12, 380.0, 264.0
13, 363.0, 447.0
14, 345.0, 421.0
15, 443.0, 251.0
16, 371.0, 339.0
17, 166.0, 431.0
18, 476.0, 467.0
19, 124.0, 406.0
20, 429.0, 203.0
21, 490.0, 110.0
22, 560.0, 243.0
23, 84.0, 148.0
24, 233.0, 317.0
25, 170.0, 317.0
26, 382.0, 275.0
27, 650.0, 140.0
28, 546.0, 11.0
29, 666.0, 465.0
30, 118.0, 364.0
31, 355.0, 315.0
32, 494.0, 314.0
33, 309.0, 302.0
34, 319.0, 227.0
35, 358.0, 173.0
36, 149.0, 174.0
37, 293.0, 317.0
38, 291.0, 127.0
39, 550.0, 416.0
40, 303.0, 288.0
41, 306.0, 250.0
42, 401.0, 225.0
43, 206.0, 213.0
44, 252.0, 280.0
45, 366.0, 237.0
46, 261.0, 316.0
47, 336.0, 308.0
48, 322.0, 305.0
49, 201.0, 296.0
50, 348.0, 259.0
51, 317.0, 260.0
52, 126.0, 182.0
53, 320.0, 217.0
54, 573.0, 276.0
55, 159.0, 168.0
56, 230.0, 235.0
57, 187.0, 226.0
58, 401.0, 215.0
59, 265.0, 211.0
60, 473.0, 280.0
61, 35.0, 360.0
62, 587.0, 117.0
63, 343.0, 408.0
64, 409.0, 422.0
65, 233.0, 342.0
66, 361.0, 419.0
67, 528.0, 373.0
68, 547.0, 439.0
69, 132.0, 16.0
70, 20.0, 222.0
71, 395.0, 470.0
72, 560.0, 355.0
73, 308.0, 275.0
74, 432.0, 271.0
75, 308.0, 200.0
76, 91.0, 460.0
77, 552.0, 206.0
78, 696.0, 144.0
79, 199.0, 317.0
80, 395.0, 404.0
81, 282.0, 322.0
82, 330.0, 438.0
83, 272.0, 148.0
84, 540.0, 98.0
85, 114.0, 16.0
86, 579.0, 380.0
87, 216.0, 411.0
88, 402.0, 169.0
89, 532.0, 449.0
90, 398.0, 273.0
91, 338.0, 216.0
92, 258.0, 327.0
93, 318.0, 274.0
94, 585.0, 23.0
95, 258.0, 297.0
96, 332.0, 320.0
97, 236.0, 432.0
98, 513.0, 321.0
99, 177.0, 286.0
100, 365.0, 300.0
101, 138.0, 176.0
102, 547.0, 254.0
103, 174.0, 215.0
104, 108.0, 308.0
105, 328.0, 259.0
106, 228.0, 291.0
107, 199.0, 409.0
108, 535.0, 246.0
109, 75.0, 120.0
110, 562.0, 211.0
111, 203.0, 226.0
112, 570.0, 292.0
113, 259.0, 415.0
114, 563.0, 338.0
115, 540.0, 354.0
116, 99.0, 128.0
117, 265.0, 269.0
118, 670.0, 143.0
119, 350.0, 461.0
120, 228.0, 305.0
121, 736.0, 334.0
122, 364.0, 459.0
123, 699.0, 131.0
124, 134.0, 275.0
125, 447.0, 300.0
126, 88.0, 310.0
127, 167.0, 181.0
128, 416.0, 203.0
129, 509.0, 229.0
130, 432.0, 217.0
131, 448.0, 154.0
132, 188.0, 402.0
133, 474.0, 176.0
134, 685.0, 287.0
135, 716.0, 351.0
136, 178.0, 299.0
137, 165.0, 254.0
138, 516.0, 234.0
139, 541.0, 313.0
140, 208.0, 355.0
141, 466.0, 315.0
142, 418.0, 240.0
143, 87.0, 411.0
144, 535.0, 381.0
145, 330.0, 422.0
146, 356.0, 290.0
147, 289.0, 413.0
148, 391.0, 299.0
149, 275.0, 178.0
150, 187.0, 236.0
151, 553.0, 296.0
152, 649.0, 372.0
153, 614.0, 120.0
154, 175.0, 234.0
155, 259.0, 432.0
156, 398.0, 253.0
157, 128.0, 125.0
158, 61.0, 442.0
159, 557.0, 97.0
160, 736.0, 83.0
161, 520.0, 471.0
162, 428.0, 401.0
163, 681.0, 462.0
164, 130.0, 138.0
165, 546.0, 278.0
166, 348.0, 449.0
167, 207.0, 396.0
168, 363.0, 434.0
169, 264.0, 247.0
170, 496.0, 280.0
171, 286.0, 341.0
172, 450.0, 205.0
173, 344.0, 315.0
174, 318.0, 285.0
175, 519.0, 251.0
176, 611.0, 401.0
177, 265.0, 255.0
178, 329.0, 410.0
179, 113.0, 186.0
180, 449.0, 277.0
181, 98.0, 194.0
182, 63.0, 312.0
183, 204.0, 181.0
184, 165.0, 303.0
185, 104.0, 146.0
186, 530.0, 188.0
187, 321.0, 174.0
188, 594.0, 147.0
189, 340.0, 238.0
190, 521.0, 127.0
191, 327.0, 460.0
192, 433.0, 125.0
193, 383.0, 406.0
194, 458.0, 186.0
195, 339.0, 291.0
196, 427.0, 419.0
197, 627.0, 257.0
198, 101.0, 408.0
199, 139.0, 110.0
200, 253.0, 196.0
201, 435.0, 60.0
202, 419.0, 450.0
203, 187.0, 321.0
204, 420.0, 148.0
205, 529.0, 471.0
206, 534.0, 209.0
207, 457.0, 250.0
208, 473.0, 107.0
209, 417.0, 252.0
210, 536.0, 413.0
211, 342.0, 268.0
212, 162.0, 420.0
213, 448.0, 230.0
214, 131.0, 323.0
215, 336.0, 63.0
216, 501.0, 182.0
217, 174.0, 275.0
218, 245.0, 449.0
219, 134.0, 29.0
220, 569.0, 143.0
221, 83.0, 444.0
222, 741.0, 66.0
223, 281.0, 118.0
224, 587.0, 10.0
225, 60.0, 209.0
226, 338.0, 126.0
227, 557.0, 154.0
228, 230.0, 218.0
229, 469.0, 292.0
230, 518.0, 278.0
231, 251.0, 256.0
232, 138.0, 233.0
233, 122.0, 418.0
234, 560.0, 253.0
235, 704.0, 231.0
236, 537.0, 303.0
237, 516.0, 359.0
238, 511.0, 209.0
239, 191.0, 301.0
240, 398.0, 241.0
241, 406.0, 286.0
242, 201.0, 253.0
243, 540.0, 266.0
244, 68.0, 153.0
245, 433.0, 246.0
246, 690.0, 113.0
247, 337.0, 460.0
248, 32.0, 396.0
249, 301.0, 13.0
250, 518.0, 295.0
251, 213.0, 298.0
252, 269.0, 395.0
253, 371.0, 265.0
254, 566.0, 322.0
255, 491.0, 132.0
256, 189.0, 287.0
257, 547.0, 244.0
258, 715.0, 82.0
259, 635.0, 369.0
260, 545.0, 378.0
261, 55.0, 378.0
262, 185.0, 203.0
263, 418.0, 274.0
264, 339.0, 173.0
265, 198.0, 329.0
266, 695.0, 409.0
267, 284.0, 261.0
268, 185.0, 208.0
269, 584.0, 420.0
270, 647.0, 407.0
271, 678.0, 282.0
272, 280.0, 82.0
273, 100.0, 449.0
274, 476.0, 457.0
275, 79.0, 278.0
276, 121.0, 8.0
277, 645.0, 265.0
278, 466.0, 213.0
279, 607.0, 425.0
280, 201.0, 467.0
281, 670.0, 260.0
282, 596.0, 10.0
283, 447.0, 168.0
284, 280.0, 246.0
285, 491.0, 326.0
286, 591.0, 289.0
287, 194.0, 270.0
288, 370.0, 276.0
289, 266.0, 278.0
290, 450.0, 460.0
291, 386.0, 424.0
292, 545.0, 454.0
293, 298.0, 113.0
294, 321.0, 239.0
295, 654.0, 272.0
296, 247.0, 238.0
297, 219.0, 361.0
298, 344.0, 341.0
299, 215.0, 225.0
300, 44.0, 251.0
301, 80.0, 201.0
302, 285.0, 284.0
303, 404.0, 10.0
304, 741.0, 111.0
305, 728.0, 289.0
306, 248.0, 315.0
307, 522.0, 136.0
308, 443.0, 399.0
309, 12.0, 139.0
310, 412.0, 215.0
311, 241.0, 178.0
312, 577.0, 254.0
313, 465.0, 299.0
314, 569.0, 367.0
315, 627.0, 153.0
316, 294.0, 245.0
317, 85.0, 428.0
318, 295.0, 274.0
319, 296.0, 396.0
320, 356.0, 63.0
321, 76.0, 423.0
322, 558.0, 11.0
323, 334.0, 334.0
324, 419.0, 227.0
325, 437.0, 460.0
326, 20.0, 323.0
327, 524.0, 431.0
328, 220.0, 236.0
329, 601.0, 231.0
330, 688.0, 371.0
331, 380.0, 235.0
332, 656.0, 465.0
333, 85.0, 130.0
334, 201.0, 449.0
335, 579.0, 392.0
336, 209.0, 290.0
337, 656.0, 253.0
338, 664.0, 217.0
339, 452.0, 436.0
340, 537.0, 131.0
341, 140.0, 117.0
342, 174.0, 405.0
343, 151.0, 134.0
344, 510.0, 11.0
345, 558.0, 268.0
346, 100.0, 16.0
347, 274.0, 195.0
348, 432.0, 431.0
349, 236.0, 329.0
350, 97.0, 120.0
351, 566.0, 310.0
352, 550.0, 313.0
353, 527.0, 316.0
354, 545.0, 294.0
355, 48.0, 458.0
356, 326.0, 337.0
357, 437.0, 295.0
358, 551.0, 398.0
359, 586.0, 434.0
360, 208.0, 308.0
361, 432.0, 317.0
362, 533.0, 168.0
363, 548.0, 263.0
364, 307.0, 220.0
365, 498.0, 288.0
366, 721.0, 66.0
367, 256.0, 470.0
368, 207.0, 428.0
369, 203.0, 368.0
370, 21.0, 276.0
371, 424.0, 470.0
372, 277.0, 205.0
373, 347.0, 436.0
374, 355.0, 340.0
375, 430.0, 440.0
376, 433.0, 108.0
377, 166.0, 274.0
378, 484.0, 215.0
379, 382.0, 251.0
380, 380.0, 124.0
381, 120.0, 110.0
382, 295.0, 326.0
383, 34.0, 218.0
384, 509.0, 380.0
385, 136.0, 471.0
386, 441.0, 277.0
387, 276.0, 287.0
388, 219.0, 12.0
389, 359.0, 249.0
390, 188.0, 246.0
391, 331.0, 471.0
392, 367.0, 255.0
393, 101.0, 32.0
394, 492.0, 297.0
395, 77.0, 13.0
396, 535.0, 68.0
397, 590.0, 367.0
398, 219.0, 120.0
399, 300.0, 129.0
400, 400.0, 461.0
401, 107.0, 382.0
402, 143.0, 409.0
403, 420.0, 214.0
404, 302.0, 353.0
405, 523.0, 335.0
406, 388.0, 290.0
407, 510.0, 408.0
408, 250.0, 424.0
409, 574.0, 11.0
410, 181.0, 372.0
411, 487.0, 169.0
412, 127.0, 244.0
413, 437.0, 304.0
414, 618.0, 308.0
415, 450.0, 331.0
416, 549.0, 153.0
417, 228.0, 421.0
418, 406.0, 441.0
419, 696.0, 285.0
420, 32.0, 444.0
421, 278.0, 369.0
422, 466.0, 122.0
423, 205.0, 438.0
424, 298.0, 340.0
425, 246.0, 13.0
426, 296.0, 261.0
427, 504.0, 133.0
428, 73.0, 363.0
429, 228.0, 257.0
430, 353.0, 13.0
431, 557.0, 165.0
432, 71.0, 346.0
433, 448.0, 286.0
434, 124.0, 62.0
435, 454.0, 9.0
436, 361.0, 269.0
437, 91.0, 437.0
438, 310.0, 454.0
439, 113.0, 140.0
440, 268.0, 223.0
441, 431.0, 232.0
442, 276.0, 304.0
443, 414.0, 468.0
444, 263.0, 196.0
445, 527.0, 357.0
446, 242.0, 124.0
447, 149.0, 226.0
448, 283.0, 172.0
449, 426.0, 158.0
450, 326.0, 265.0
451, 333.0, 9.0
452, 370.0, 322.0
453, 167.0, 414.0
454, 136.0, 306.0
455, 561.0, 68.0
456, 482.0, 298.0
457, 714.0, 112.0
458, 623.0, 23.0
459, 356.0, 113.0
460, 50.0, 266.0
461, 196.0, 308.0
462, 86.0, 369.0
463, 235.0, 304.0
464, 502.0, 163.0
465, 532.0, 271.0
466, 450.0, 217.0
467, 480.0, 8.0
468, 243.0, 324.0
469, 130.0, 393.0
470, 242.0, 276.0
471, 524.0, 329.0
472, 583.0, 337.0
473, 215.0, 269.0
474, 137.0, 39.0
475, 458.0, 196.0
476, 118.0, 122.0
477, 125.0, 307.0
478, 151.0, 261.0
479, 284.0, 464.0
480, 380.0, 170.0
481, 10.0, 270.0
482, 276.0, 279.0
483, 282.0, 143.0
484, 323.0, 60.0
485, 527.0, 415.0
486, 407.0, 237.0
487, 277.0, 45.0
488, 419.0, 169.0
489, 216.0, 178.0
490, 21.0, 452.0
491, 454.0, 317.0
492, 159.0, 12.0
493, 477.0, 167.0
494, 154.0, 148.0
495, 349.0, 247.0
496, 20.0, 388.0
497, 218.0, 315.0
498, 250.0, 243.0
499, 178.0, 465.0
