0, 355.0, 36.0
1, 392.0, 30.0
2, 216.0, 469.0
3, 653.0, 353.0
4, 218.0, 447.0
5, 66.0, 131.0
6, 435.0, 27.0
7, 530.0, 277.0
8, 320.0, 235.0
9, 208.0, 290.0
10, 394.0, 14.0
11, 435.0, 266.0
12, 374.0, 304.0
13, 264.0, 294.0
14, 228.0, 304.0
15, 215.0, 426.0
16, 321.0, 194.0
17, 680.0, 259.0
18, 440.0, 62.0
19, 367.0, 268.0
20, 229.0, 291.0
21, 468.0, 54.0
22, 260.0, 309.0
23, 465.0, 69.0
24, 353.0, 52.0
25, 447.0, 79.0
26, 191.0, 229.0
27, 123.0, 201.0
28, 99.0, 199.0
29, 410.0, 68.0
30, 229.0, 278.0
31, 477.0, 267.0
32, 437.0, 76.0
33, 616.0, 233.0
34, 510.0, 97.0
35, 109.0, 175.0
36, 422.0, 10.0
37, 463.0, 84.0
38, 288.0, 298.0
39, 182.0, 347.0
40, 471.0, 40.0
41, 404.0, 115.0
42, 408.0, 246.0
43, 121.0, 272.0
44, 471.0, 208.0
45, 233.0, 234.0
46, 380.0, 9.0
47, 417.0, 22.0
48, 594.0, 221.0
49, 642.0, 188.0
50, 335.0, 13.0
51, 231.0, 256.0
52, 364.0, 292.0
53, 96.0, 136.0
54, 622.0, 202.0
55, 600.0, 198.0
56, 89.0, 177.0
57, 225.0, 348.0
58, 142.0, 272.0
59, 24.0, 120.0
60, 280.0, 395.0
61, 32.0, 140.0
62, 482.0, 88.0
63, 108.0, 279.0
64, 268.0, 407.0
65, 224.0, 361.0
66, 401.0, 130.0
67, 391.0, 40.0
68, 22.0, 434.0
69, 450.0, 65.0
70, 378.0, 281.0
71, 415.0, 37.0
72, 65.0, 339.0
73, 205.0, 360.0
74, 474.0, 297.0
75, 114.0, 336.0
76, 484.0, 76.0
77, 315.0, 342.0
78, 14.0, 137.0
79, 322.0, 27.0
80, 377.0, 25.0
81, 108.0, 212.0
82, 303.0, 192.0
83, 413.0, 53.0
84, 358.0, 19.0
85, 360.0, 317.0
86, 735.0, 440.0
87, 428.0, 222.0
88, 273.0, 442.0
89, 240.0, 344.0
90, 555.0, 109.0
91, 355.0, 279.0
92, 109.0, 294.0
93, 222.0, 392.0
94, 300.0, 246.0
95, 487.0, 228.0
96, 177.0, 363.0
97, 101.0, 437.0
98, 592.0, 309.0
99, 200.0, 427.0
100, 324.0, 44.0
101, 104.0, 326.0
102, 728.0, 251.0
103, 204.0, 302.0
104, 431.0, 52.0
105, 363.0, 116.0
106, 44.0, 141.0
107, 628.0, 182.0
108, 148.0, 329.0
109, 559.0, 89.0
110, 108.0, 305.0
111, 713.0, 402.0
112, 119.0, 241.0
113, 97.0, 169.0
114, 120.0, 257.0
115, 167.0, 339.0
116, 309.0, 237.0
117, 106.0, 261.0
118, 333.0, 31.0
119, 219.0, 290.0
120, 152.0, 250.0
121, 227.0, 454.0
122, 302.0, 206.0
123, 419.0, 172.0
124, 435.0, 137.0
125, 350.0, 302.0
126, 140.0, 214.0
127, 599.0, 175.0
128, 94.0, 396.0
129, 141.0, 186.0
130, 702.0, 183.0
131, 199.0, 447.0
132, 489.0, 60.0
133, 432.0, 42.0
134, 666.0, 240.0
135, 15.0, 458.0
136, 300.0, 260.0
137, 137.0, 296.0
138, 712.0, 248.0
139, 116.0, 9.0
140, 96.0, 317.0
141, 304.0, 280.0
142, 488.0, 220.0
143, 86.0, 136.0
144, 273.0, 421.0
145, 203.0, 341.0
146, 89.0, 240.0
147, 437.0, 125.0
148, 726.0, 209.0
149, 8.0, 433.0
150, 73.0, 173.0
151, 116.0, 434.0
152, 317.0, 263.0
153, 539.0, 348.0
154, 65.0, 164.0
155, 362.0, 210.0
156, 41.0, 125.0
157, 321.0, 60.0
158, 718.0, 222.0
159, 105.0, 269.0
160, 459.0, 179.0
161, 144.0, 313.0
162, 143.0, 249.0
163, 25.0, 467.0
164, 466.0, 145.0
165, 285.0, 360.0
166, 312.0, 326.0
167, 631.0, 215.0
168, 439.0, 8.0
169, 610.0, 179.0
170, 440.0, 176.0
171, 723.0, 312.0
172, 503.0, 263.0
173, 287.0, 320.0
174, 482.0, 414.0
175, 516.0, 278.0
176, 291.0, 419.0
177, 55.0, 33.0
178, 107.0, 246.0
179, 323.0, 288.0
180, 463.0, 259.0
181, 470.0, 252.0
182, 739.0, 417.0
183, 114.0, 262.0
184, 289.0, 342.0
185, 108.0, 231.0
186, 275.0, 281.0
187, 289.0, 428.0
188, 662.0, 444.0
189, 338.0, 435.0
190, 189.0, 251.0
191, 281.0, 450.0
192, 66.0, 239.0
193, 707.0, 169.0
194, 259.0, 215.0
195, 388.0, 230.0
196, 235.0, 214.0
197, 632.0, 235.0
198, 93.0, 378.0
199, 648.0, 134.0
200, 300.0, 299.0
201, 718.0, 126.0
202, 24.0, 389.0
203, 140.0, 228.0
204, 318.0, 208.0
205, 368.0, 336.0
206, 358.0, 251.0
207, 334.0, 208.0
208, 268.0, 201.0
209, 628.0, 226.0
210, 133.0, 17.0
211, 463.0, 200.0
212, 293.0, 222.0
213, 578.0, 226.0
214, 601.0, 230.0
215, 124.0, 231.0
216, 401.0, 238.0
217, 592.0, 265.0
218, 104.0, 151.0
219, 522.0, 463.0
220, 260.0, 228.0
221, 8.0, 118.0
222, 373.0, 217.0
223, 205.0, 470.0
224, 244.0, 312.0
225, 377.0, 37.0
226, 291.0, 259.0
227, 330.0, 404.0
228, 110.0, 199.0
229, 141.0, 323.0
230, 320.0, 132.0
231, 202.0, 381.0
232, 208.0, 447.0
233, 9.0, 464.0
234, 109.0, 189.0
235, 595.0, 166.0
236, 231.0, 424.0
237, 468.0, 134.0
238, 270.0, 304.0
239, 129.0, 240.0
240, 176.0, 319.0
241, 359.0, 259.0
242, 548.0, 294.0
243, 85.0, 125.0
244, 188.0, 266.0
245, 291.0, 443.0
246, 345.0, 197.0
247, 347.0, 433.0
248, 121.0, 211.0
249, 580.0, 218.0
250, 690.0, 244.0
251, 22.0, 419.0
252, 83.0, 413.0
253, 343.0, 460.0
254, 148.0, 188.0
255, 73.0, 146.0
256, 400.0, 228.0
257, 362.0, 458.0
258, 332.0, 413.0
259, 34.0, 162.0
260, 267.0, 206.0
261, 629.0, 243.0
262, 255.0, 166.0
263, 174.0, 95.0
264, 198.0, 457.0
265, 51.0, 129.0
266, 336.0, 325.0
267, 548.0, 275.0
268, 347.0, 354.0
269, 144.0, 204.0
270, 518.0, 61.0
271, 136.0, 145.0
272, 149.0, 21.0
273, 686.0, 311.0
274, 595.0, 119.0
275, 640.0, 204.0
276, 318.0, 251.0
277, 372.0, 421.0
278, 352.0, 418.0
279, 18.0, 402.0
280, 50.0, 434.0
281, 111.0, 315.0
282, 252.0, 207.0
283, 142.0, 238.0
284, 597.0, 272.0
285, 684.0, 202.0
286, 232.0, 246.0
287, 534.0, 289.0
288, 214.0, 411.0
289, 280.0, 432.0
290, 719.0, 322.0
291, 515.0, 75.0
292, 46.0, 155.0
293, 260.0, 349.0
294, 298.0, 191.0
295, 122.0, 367.0
296, 318.0, 354.0
297, 228.0, 324.0
298, 294.0, 235.0
299, 84.0, 75.0
300, 85.0, 388.0
301, 214.0, 402.0
302, 714.0, 237.0
303, 282.0, 469.0
304, 272.0, 468.0
305, 716.0, 203.0
306, 203.0, 231.0
307, 514.0, 82.0
308, 122.0, 159.0
309, 192.0, 135.0
310, 369.0, 108.0
311, 576.0, 303.0
312, 435.0, 16.0
313, 195.0, 55.0
314, 323.0, 208.0
315, 305.0, 260.0
316, 502.0, 80.0
317, 283.0, 369.0
318, 70.0, 351.0
319, 279.0, 313.0
320, 170.0, 22.0
321, 210.0, 349.0
322, 587.0, 196.0
323, 653.0, 182.0
324, 94.0, 424.0
325, 705.0, 210.0
326, 272.0, 335.0
327, 108.0, 47.0
328, 418.0, 219.0
329, 349.0, 359.0
330, 178.0, 410.0
331, 193.0, 102.0
332, 283.0, 215.0
333, 229.0, 445.0
334, 330.0, 337.0
335, 130.0, 317.0
336, 452.0, 50.0
337, 679.0, 230.0
338, 386.0, 123.0
339, 271.0, 461.0
340, 405.0, 231.0
341, 351.0, 217.0
342, 423.0, 152.0
343, 525.0, 156.0
344, 495.0, 78.0
345, 89.0, 408.0
346, 226.0, 150.0
347, 299.0, 307.0
348, 189.0, 189.0
349, 71.0, 438.0
350, 351.0, 446.0
351, 494.0, 258.0
352, 89.0, 218.0
353, 484.0, 260.0
354, 260.0, 344.0
355, 343.0, 204.0
356, 345.0, 267.0
357, 355.0, 455.0
358, 684.0, 243.0
359, 543.0, 292.0
360, 282.0, 442.0
361, 219.0, 279.0
362, 443.0, 54.0
363, 310.0, 12.0
364, 189.0, 383.0
365, 295.0, 409.0
366, 306.0, 409.0
367, 554.0, 123.0
368, 213.0, 276.0
369, 370.0, 416.0
370, 323.0, 374.0
371, 500.0, 270.0
372, 135.0, 90.0
373, 121.0, 152.0
374, 252.0, 297.0
375, 589.0, 132.0
376, 316.0, 22.0
377, 324.0, 379.0
378, 140.0, 150.0
379, 328.0, 247.0
380, 202.0, 412.0
381, 43.0, 370.0
382, 23.0, 139.0
383, 627.0, 233.0
384, 681.0, 207.0
385, 205.0, 296.0
386, 244.0, 185.0
387, 168.0, 221.0
388, 341.0, 336.0
389, 66.0, 294.0
390, 100.0, 312.0
391, 193.0, 97.0
392, 120.0, 470.0
393, 231.0, 429.0
394, 69.0, 334.0
395, 75.0, 385.0
396, 378.0, 106.0
397, 192.0, 352.0
398, 129.0, 326.0
399, 293.0, 244.0
400, 583.0, 80.0
401, 344.0, 465.0
402, 364.0, 287.0
403, 101.0, 208.0
404, 272.0, 454.0
405, 371.0, 319.0
406, 381.0, 447.0
407, 384.0, 258.0
408, 265.0, 37.0
409, 374.0, 426.0
410, 613.0, 116.0
411, 233.0, 404.0
412, 122.0, 317.0
413, 325.0, 134.0
414, 443.0, 46.0
415, 702.0, 176.0
416, 325.0, 293.0
417, 171.0, 53.0
418, 358.0, 384.0
419, 122.0, 410.0
420, 20.0, 162.0
421, 79.0, 28.0
422, 679.0, 242.0
423, 357.0, 101.0
424, 574.0, 128.0
425, 25.0, 424.0
426, 506.0, 109.0
427, 273.0, 344.0
428, 595.0, 330.0
429, 83.0, 175.0
430, 326.0, 386.0
431, 309.0, 315.0
432, 520.0, 458.0
433, 394.0, 225.0
434, 268.0, 362.0
435, 378.0, 463.0
436, 152.0, 124.0
437, 383.0, 452.0
438, 315.0, 132.0
439, 234.0, 316.0
440, 304.0, 308.0
441, 87.0, 80.0
442, 45.0, 163.0
443, 107.0, 238.0
444, 291.0, 462.0
445, 71.0, 79.0
446, 246.0, 152.0
447, 285.0, 330.0
448, 169.0, 235.0
449, 522.0, 468.0
450, 255.0, 29.0
451, 271.0, 309.0
452, 260.0, 114.0
453, 117.0, 319.0
454, 351.0, 364.0
455, 358.0, 235.0
456, 385.0, 458.0
457, 707.0, 228.0
458, 582.0, 131.0
459, 81.0, 130.0
460, 383.0, 269.0
461, 131.0, 143.0
462, 158.0, 43.0
463, 275.0, 210.0
464, 332.0, 45.0
465, 60.0, 177.0
466, 197.0, 467.0
467, 127.0, 338.0
468, 714.0, 319.0
469, 343.0, 342.0
470, 459.0, 240.0
471, 93.0, 144.0
472, 680.0, 212.0
473, 468.0, 262.0
474, 330.0, 308.0
475, 361.0, 427.0
476, 330.0, 236.0
477, 332.0, 294.0
478, 368.0, 411.0
479, 357.0, 379.0
480, 493.0, 93.0
481, 132.0, 272.0
482, 39.0, 235.0
483, 548.0, 325.0
484, 99.0, 364.0
485, 317.0, 349.0
486, 282.0, 407.0
487, 324.0, 265.0
488, 232.0, 419.0
489, 310.0, 260.0
490, 591.0, 389.0
491, 431.0, 287.0
492, 365.0, 402.0
493, 81.0, 135.0
494, 147.0, 210.0
495, 362.0, 205.0
496, 310.0, 17.0
497, 544.0, 120.0
498, 281.0, 417.0
499, 258.0, 142.0
