0, 279.0, 390.0
1, 420.0, 165.0
2, 152.0, 427.0
3, 433.0, 150.0
4, 276.0, 402.0
5, 288.0, 174.0
6, 676.0, 183.0
7, 116.0, 416.0
8, 12.0, 171.0
9, 164.0, 444.0
10, 433.0, 272.0
11, 117.0, 217.0
12, 265.0, 388.0
13, 204.0, 286.0
14, 391.0, 364.0
15, 157.0, 416.0
16, 365.0, 441.0
17, 432.0, 170.0
18, 112.0, 382.0
19, 218.0, 297.0
20, 181.0, 290.0
21, 168.0, 346.0
22, 375.0, 361.0
23, 380.0, 382.0
24, 114.0, 359.0
25, 180.0, 389.0
26, 86.0, 448.0
27, 27.0, 362.0
28, 341.0, 450.0
29, 97.0, 446.0
30, 217.0, 17.0
31, 20.0, 216.0
32, 176.0, 429.0
33, 305.0, 139.0
34, 115.0, 397.0
35, 359.0, 342.0
36, 214.0, 43.0
37, 267.0, 457.0
38, 306.0, 112.0
39, 466.0, 153.0
40, 208.0, 50.0
41, 45.0, 301.0
42, 141.0, 268.0
43, 106.0, 422.0
44, 304.0, 126.0
45, 23.0, 406.0
46, 146.0, 283.0
47, 242.0, 28.0
48, 136.0, 441.0
49, 470.0, 208.0
50, 293.0, 158.0
51, 35.0, 178.0
52, 126.0, 417.0
53, 256.0, 385.0
54, 18.0, 199.0
55, 126.0, 362.0
56, 91.0, 436.0
57, 115.0, 446.0
58, 144.0, 402.0
59, 397.0, 383.0
60, 102.0, 370.0
61, 87.0, 107.0
62, 51.0, 399.0
63, 263.0, 400.0
64, 294.0, 138.0
65, 274.0, 54.0
66, 608.0, 299.0
67, 159.0, 394.0
68, 193.0, 292.0
69, 126.0, 374.0
70, 429.0, 264.0
71, 300.0, 424.0
72, 62.0, 290.0
73, 304.0, 436.0
74, 442.0, 177.0
75, 605.0, 162.0
76, 250.0, 363.0
77, 96.0, 294.0
78, 431.0, 81.0
79, 382.0, 396.0
80, 124.0, 405.0
81, 402.0, 410.0
82, 26.0, 151.0
83, 238.0, 435.0
84, 445.0, 147.0
85, 232.0, 377.0
86, 581.0, 18.0
87, 135.0, 465.0
88, 371.0, 313.0
89, 414.0, 454.0
90, 462.0, 253.0
91, 166.0, 405.0
92, 255.0, 417.0
93, 474.0, 258.0
94, 204.0, 392.0
95, 423.0, 148.0
96, 430.0, 118.0
97, 113.0, 241.0
98, 309.0, 446.0
99, 166.0, 279.0
100, 603.0, 19.0
101, 415.0, 400.0
102, 43.0, 279.0
103, 25.0, 311.0
104, 638.0, 29.0
105, 72.0, 391.0
106, 299.0, 388.0
107, 343.0, 439.0
108, 295.0, 122.0
109, 289.0, 439.0
110, 294.0, 86.0
111, 263.0, 52.0
112, 400.0, 398.0
113, 321.0, 356.0
114, 423.0, 253.0
115, 178.0, 358.0
116, 603.0, 194.0
117, 24.0, 236.0
118, 288.0, 187.0
119, 378.0, 424.0
120, 163.0, 337.0
121, 85.0, 397.0
122, 291.0, 406.0
123, 213.0, 237.0
124, 53.0, 466.0
125, 228.0, 292.0
126, 71.0, 228.0
127, 198.0, 22.0
128, 434.0, 242.0
129, 231.0, 26.0
130, 274.0, 236.0
131, 85.0, 380.0
132, 367.0, 346.0
133, 14.0, 378.0
134, 135.0, 418.0
135, 192.0, 40.0
136, 392.0, 397.0
137, 337.0, 357.0
138, 134.0, 430.0
139, 121.0, 279.0
140, 40.0, 248.0
141, 484.0, 462.0
142, 85.0, 61.0
143, 372.0, 178.0
144, 535.0, 452.0
145, 544.0, 82.0
146, 387.0, 375.0
147, 412.0, 385.0
148, 40.0, 29.0
149, 302.0, 177.0
150, 370.0, 387.0
151, 8.0, 393.0
152, 32.0, 12.0
153, 116.0, 230.0
154, 42.0, 420.0
155, 127.0, 440.0
156, 630.0, 453.0
157, 145.0, 433.0
158, 313.0, 463.0
159, 70.0, 312.0
160, 522.0, 170.0
161, 249.0, 135.0
162, 68.0, 327.0
163, 191.0, 338.0
164, 614.0, 454.0
165, 171.0, 330.0
166, 168.0, 357.0
167, 149.0, 382.0
168, 430.0, 434.0
169, 190.0, 11.0
170, 521.0, 127.0
171, 196.0, 439.0
172, 124.0, 449.0
173, 20.0, 250.0
174, 190.0, 324.0
175, 310.0, 79.0
176, 552.0, 458.0
177, 31.0, 335.0
178, 242.0, 357.0
179, 249.0, 53.0
180, 73.0, 270.0
181, 98.0, 402.0
182, 261.0, 36.0
183, 554.0, 180.0
184, 174.0, 298.0
185, 460.0, 279.0
186, 313.0, 167.0
187, 507.0, 74.0
188, 571.0, 153.0
189, 356.0, 374.0
190, 194.0, 404.0
191, 251.0, 68.0
192, 11.0, 154.0
193, 276.0, 129.0
194, 56.0, 241.0
195, 282.0, 37.0
196, 185.0, 346.0
197, 106.0, 136.0
198, 482.0, 156.0
199, 318.0, 369.0
200, 30.0, 201.0
201, 202.0, 329.0
202, 274.0, 140.0
203, 66.0, 238.0
204, 423.0, 186.0
205, 42.0, 350.0
206, 40.0, 125.0
207, 739.0, 172.0
208, 239.0, 367.0
209, 317.0, 377.0
210, 13.0, 413.0
211, 328.0, 387.0
212, 362.0, 458.0
213, 90.0, 414.0
214, 179.0, 340.0
215, 362.0, 330.0
216, 168.0, 8.0
217, 405.0, 469.0
218, 359.0, 353.0
219, 162.0, 386.0
220, 374.0, 156.0
221, 221.0, 338.0
222, 543.0, 129.0
223, 411.0, 436.0
224, 247.0, 156.0
225, 95.0, 460.0
226, 325.0, 148.0
227, 19.0, 342.0
228, 406.0, 358.0
229, 214.0, 377.0
230, 138.0, 355.0
231, 231.0, 366.0
232, 170.0, 371.0
233, 166.0, 35.0
234, 347.0, 355.0
235, 386.0, 280.0
236, 320.0, 81.0
237, 502.0, 398.0
238, 66.0, 252.0
239, 377.0, 338.0
240, 451.0, 243.0
241, 222.0, 376.0
242, 405.0, 116.0
243, 167.0, 50.0
244, 229.0, 17.0
245, 36.0, 433.0
246, 95.0, 344.0
247, 417.0, 108.0
248, 427.0, 230.0
249, 143.0, 324.0
250, 212.0, 314.0
251, 12.0, 240.0
252, 177.0, 308.0
253, 170.0, 270.0
254, 181.0, 320.0
255, 400.0, 427.0
256, 286.0, 23.0
257, 35.0, 158.0
258, 220.0, 271.0
259, 483.0, 213.0
260, 94.0, 307.0
261, 666.0, 359.0
262, 743.0, 125.0
263, 319.0, 92.0
264, 548.0, 10.0
265, 23.0, 18.0
266, 469.0, 62.0
267, 169.0, 146.0
268, 547.0, 70.0
269, 649.0, 185.0
270, 214.0, 324.0
271, 112.0, 257.0
272, 300.0, 469.0
273, 89.0, 325.0
274, 257.0, 409.0
275, 243.0, 401.0
276, 117.0, 435.0
277, 435.0, 192.0
278, 226.0, 309.0
279, 565.0, 461.0
280, 148.0, 372.0
281, 460.0, 201.0
282, 94.0, 469.0
283, 303.0, 372.0
284, 32.0, 347.0
285, 350.0, 175.0
286, 223.0, 390.0
287, 338.0, 465.0
288, 35.0, 270.0
289, 79.0, 249.0
290, 152.0, 259.0
291, 71.0, 401.0
292, 333.0, 370.0
293, 503.0, 358.0
294, 155.0, 268.0
295, 272.0, 163.0
296, 286.0, 63.0
297, 212.0, 28.0
298, 323.0, 39.0
299, 30.0, 395.0
300, 231.0, 49.0
301, 211.0, 150.0
302, 314.0, 194.0
303, 50.0, 340.0
304, 447.0, 263.0
305, 372.0, 375.0
306, 296.0, 110.0
307, 289.0, 56.0
308, 318.0, 125.0
309, 247.0, 18.0
310, 108.0, 102.0
311, 194.0, 418.0
312, 361.0, 248.0
313, 52.0, 389.0
314, 199.0, 344.0
315, 321.0, 421.0
316, 53.0, 267.0
317, 512.0, 60.0
318, 204.0, 351.0
319, 248.0, 87.0
320, 214.0, 417.0
321, 158.0, 202.0
322, 84.0, 40.0
323, 356.0, 391.0
324, 418.0, 286.0
325, 316.0, 180.0
326, 79.0, 19.0
327, 39.0, 202.0
328, 315.0, 397.0
329, 156.0, 286.0
330, 188.0, 390.0
331, 335.0, 208.0
332, 408.0, 98.0
333, 300.0, 39.0
334, 367.0, 212.0
335, 459.0, 143.0
336, 200.0, 306.0
337, 113.0, 296.0
338, 740.0, 415.0
339, 494.0, 381.0
340, 204.0, 211.0
341, 350.0, 341.0
342, 290.0, 373.0
343, 90.0, 371.0
344, 183.0, 271.0
345, 352.0, 309.0
346, 458.0, 317.0
347, 252.0, 31.0
348, 684.0, 217.0
349, 232.0, 468.0
350, 540.0, 465.0
351, 89.0, 130.0
352, 127.0, 338.0
353, 213.0, 306.0
354, 267.0, 429.0
355, 303.0, 161.0
356, 355.0, 280.0
357, 425.0, 59.0
358, 137.0, 139.0
359, 567.0, 132.0
360, 453.0, 305.0
361, 214.0, 470.0
362, 75.0, 352.0
363, 657.0, 334.0
364, 235.0, 8.0
365, 288.0, 461.0
366, 349.0, 328.0
367, 127.0, 354.0
368, 114.0, 337.0
369, 133.0, 28.0
370, 242.0, 387.0
371, 263.0, 368.0
372, 463.0, 163.0
373, 380.0, 110.0
374, 276.0, 461.0
375, 142.0, 236.0
376, 231.0, 154.0
377, 225.0, 351.0
378, 400.0, 188.0
379, 176.0, 21.0
380, 317.0, 33.0
381, 300.0, 59.0
382, 472.0, 272.0
383, 164.0, 428.0
384, 579.0, 89.0
385, 477.0, 167.0
386, 143.0, 338.0
387, 244.0, 408.0
388, 275.0, 379.0
389, 504.0, 343.0
390, 104.0, 436.0
391, 147.0, 414.0
392, 382.0, 89.0
393, 384.0, 300.0
394, 736.0, 189.0
395, 319.0, 114.0
396, 262.0, 24.0
397, 197.0, 274.0
398, 149.0, 347.0
399, 461.0, 177.0
400, 395.0, 135.0
401, 73.0, 342.0
402, 390.0, 470.0
403, 213.0, 394.0
404, 577.0, 162.0
405, 505.0, 163.0
406, 58.0, 202.0
407, 96.0, 359.0
408, 147.0, 447.0
409, 346.0, 199.0
410, 169.0, 112.0
411, 128.0, 397.0
412, 498.0, 412.0
413, 207.0, 265.0
414, 438.0, 249.0
415, 148.0, 217.0
416, 262.0, 377.0
417, 528.0, 156.0
418, 41.0, 411.0
419, 234.0, 230.0
420, 511.0, 352.0
421, 743.0, 202.0
422, 60.0, 371.0
423, 271.0, 422.0
424, 226.0, 455.0
425, 216.0, 278.0
426, 448.0, 63.0
427, 133.0, 196.0
428, 96.0, 235.0
429, 204.0, 8.0
430, 102.0, 239.0
431, 193.0, 311.0
432, 151.0, 469.0
433, 23.0, 287.0
434, 213.0, 288.0
435, 288.0, 231.0
436, 198.0, 48.0
437, 296.0, 257.0
438, 276.0, 147.0
439, 691.0, 193.0
440, 187.0, 447.0
441, 175.0, 400.0
442, 154.0, 368.0
443, 234.0, 349.0
444, 8.0, 443.0
445, 274.0, 25.0
446, 168.0, 315.0
447, 229.0, 200.0
448, 372.0, 468.0
449, 224.0, 314.0
450, 68.0, 463.0
451, 459.0, 193.0
452, 405.0, 167.0
453, 100.0, 428.0
454, 476.0, 53.0
455, 50.0, 377.0
456, 440.0, 188.0
457, 33.0, 286.0
458, 310.0, 415.0
459, 136.0, 311.0
460, 9.0, 219.0
461, 248.0, 244.0
462, 191.0, 255.0
463, 110.0, 471.0
464, 170.0, 170.0
465, 180.0, 331.0
466, 226.0, 48.0
467, 370.0, 294.0
468, 308.0, 44.0
469, 152.0, 293.0
470, 192.0, 239.0
471, 187.0, 464.0
472, 170.0, 415.0
473, 148.0, 301.0
474, 169.0, 396.0
475, 52.0, 204.0
476, 223.0, 26.0
477, 64.0, 201.0
478, 475.0, 176.0
479, 113.0, 344.0
480, 81.0, 342.0
481, 265.0, 228.0
482, 407.0, 105.0
483, 224.0, 329.0
484, 48.0, 327.0
485, 397.0, 176.0
486, 154.0, 454.0
487, 277.0, 371.0
488, 497.0, 161.0
489, 650.0, 177.0
490, 303.0, 212.0
491, 423.0, 450.0
492, 323.0, 168.0
493, 176.0, 319.0
494, 583.0, 80.0
495, 668.0, 51.0
496, 140.0, 253.0
497, 175.0, 469.0
498, 277.0, 61.0
499, 27.0, 436.0
