0, 71.0, 269.0
1, 385.0, 294.0
2, 97.0, 403.0
3, 16.0, 334.0
4, 164.0, 258.0
5, 173.0, 318.0
6, 253.0, 311.0
7, 126.0, 364.0
8, 177.0, 82.0
9, 205.0, 409.0
10, 86.0, 316.0
11, 206.0, 369.0
12, 148.0, 314.0
13, 295.0, 284.0
14, 613.0, 57.0
15, 460.0, 365.0
16, 261.0, 325.0
17, 274.0, 161.0
18, 136.0, 370.0
19, 73.0, 335.0
20, 300.0, 341.0
21, 163.0, 329.0
22, 107.0, 239.0
23, 397.0, 283.0
24, 122.0, 225.0
25, 452.0, 133.0
26, 322.0, 308.0
27, 39.0, 372.0
28, 57.0, 347.0
29, 693.0, 148.0
30, 265.0, 258.0
31, 277.0, 369.0
32, 70.0, 295.0
33, 311.0, 189.0
34, 410.0, 143.0
35, 236.0, 163.0
36, 273.0, 146.0
37, 585.0, 115.0
38, 253.0, 189.0
39, 312.0, 361.0
40, 194.0, 372.0
41, 388.0, 282.0
42, 145.0, 249.0
43, 473.0, 134.0
44, 120.0, 324.0
45, 339.0, 212.0
46, 391.0, 139.0
47, 380.0, 264.0
48, 204.0, 90.0
49, 239.0, 172.0
50, 363.0, 9.0
51, 280.0, 424.0
52, 309.0, 298.0
53, 361.0, 171.0
54, 237.0, 148.0
55, 138.0, 83.0
56, 613.0, 83.0
57, 360.0, 331.0
58, 302.0, 253.0
59, 116.0, 339.0
60, 143.0, 277.0
61, 449.0, 351.0
62, 212.0, 307.0
63, 307.0, 264.0
64, 71.0, 409.0
65, 361.0, 396.0
66, 124.0, 429.0
67, 345.0, 411.0
68, 596.0, 70.0
69, 417.0, 63.0
70, 591.0, 187.0
71, 601.0, 103.0
72, 565.0, 89.0
73, 244.0, 303.0
74, 312.0, 155.0
75, 252.0, 367.0
76, 394.0, 380.0
77, 273.0, 330.0
78, 687.0, 128.0
79, 278.0, 254.0
80, 312.0, 125.0
81, 441.0, 223.0
82, 157.0, 248.0
83, 327.0, 339.0
84, 150.0, 351.0
85, 310.0, 441.0
86, 378.0, 273.0
87, 376.0, 427.0
88, 162.0, 461.0
89, 436.0, 131.0
90, 374.0, 376.0
91, 87.0, 344.0
92, 435.0, 150.0
93, 220.0, 448.0
94, 301.0, 141.0
95, 444.0, 16.0
96, 396.0, 296.0
97, 113.0, 431.0
98, 310.0, 338.0
99, 124.0, 301.0
100, 363.0, 382.0
101, 625.0, 131.0
102, 732.0, 147.0
103, 144.0, 207.0
104, 607.0, 68.0
105, 313.0, 169.0
106, 312.0, 372.0
107, 237.0, 424.0
108, 15.0, 247.0
109, 211.0, 167.0
110, 285.0, 286.0
111, 361.0, 213.0
112, 603.0, 90.0
113, 109.0, 313.0
114, 330.0, 406.0
115, 314.0, 393.0
116, 386.0, 95.0
117, 268.0, 372.0
118, 498.0, 123.0
119, 223.0, 161.0
120, 152.0, 327.0
121, 196.0, 141.0
122, 25.0, 290.0
123, 276.0, 231.0
124, 389.0, 263.0
125, 306.0, 75.0
126, 512.0, 399.0
127, 422.0, 441.0
128, 232.0, 376.0
129, 181.0, 288.0
130, 125.0, 208.0
131, 409.0, 401.0
132, 81.0, 324.0
133, 276.0, 210.0
134, 184.0, 280.0
135, 63.0, 401.0
136, 625.0, 155.0
137, 76.0, 310.0
138, 50.0, 298.0
139, 432.0, 419.0
140, 180.0, 336.0
141, 194.0, 313.0
142, 449.0, 260.0
143, 223.0, 180.0
144, 126.0, 250.0
145, 286.0, 122.0
146, 177.0, 303.0
147, 289.0, 342.0
148, 227.0, 338.0
149, 157.0, 297.0
150, 394.0, 365.0
151, 31.0, 232.0
152, 357.0, 247.0
153, 359.0, 409.0
154, 326.0, 212.0
155, 137.0, 321.0
156, 353.0, 423.0
157, 36.0, 173.0
158, 545.0, 111.0
159, 147.0, 90.0
160, 410.0, 303.0
161, 608.0, 138.0
162, 133.0, 292.0
163, 333.0, 419.0
164, 391.0, 61.0
165, 725.0, 26.0
166, 167.0, 102.0
167, 530.0, 89.0
168, 195.0, 213.0
169, 123.0, 276.0
170, 142.0, 229.0
171, 364.0, 60.0
172, 594.0, 90.0
173, 406.0, 13.0
174, 333.0, 55.0
175, 174.0, 207.0
176, 54.0, 312.0
177, 271.0, 302.0
178, 328.0, 371.0
179, 604.0, 114.0
180, 346.0, 198.0
181, 233.0, 115.0
182, 275.0, 187.0
183, 104.0, 295.0
184, 288.0, 377.0
185, 197.0, 444.0
186, 656.0, 112.0
187, 130.0, 270.0
188, 643.0, 101.0
189, 408.0, 362.0
190, 720.0, 119.0
191, 554.0, 134.0
192, 29.0, 18.0
193, 555.0, 126.0
194, 271.0, 119.0
195, 78.0, 439.0
196, 682.0, 20.0
197, 430.0, 309.0
198, 131.0, 341.0
199, 179.0, 271.0
200, 90.0, 82.0
201, 365.0, 48.0
202, 49.0, 405.0
203, 241.0, 373.0
204, 274.0, 412.0
205, 144.0, 291.0
206, 221.0, 151.0
207, 204.0, 299.0
208, 26.0, 263.0
209, 309.0, 278.0
210, 130.0, 381.0
211, 562.0, 114.0
212, 21.0, 118.0
213, 497.0, 382.0
214, 701.0, 22.0
215, 240.0, 181.0
216, 203.0, 81.0
217, 85.0, 426.0
218, 358.0, 232.0
219, 287.0, 366.0
220, 403.0, 94.0
221, 199.0, 266.0
222, 52.0, 174.0
223, 166.0, 305.0
224, 225.0, 435.0
225, 615.0, 45.0
226, 388.0, 307.0
227, 104.0, 226.0
228, 220.0, 132.0
229, 93.0, 99.0
230, 371.0, 343.0
231, 326.0, 294.0
232, 388.0, 12.0
233, 28.0, 144.0
234, 464.0, 233.0
235, 295.0, 236.0
236, 98.0, 253.0
237, 623.0, 173.0
238, 163.0, 434.0
239, 392.0, 434.0
240, 268.0, 280.0
241, 290.0, 323.0
242, 112.0, 253.0
243, 110.0, 171.0
244, 358.0, 306.0
245, 130.0, 259.0
246, 372.0, 332.0
247, 14.0, 233.0
248, 166.0, 270.0
249, 218.0, 102.0
250, 326.0, 327.0
251, 169.0, 90.0
252, 80.0, 255.0
253, 180.0, 102.0
254, 155.0, 382.0
255, 309.0, 315.0
256, 436.0, 115.0
257, 166.0, 286.0
258, 718.0, 217.0
259, 175.0, 359.0
260, 220.0, 366.0
261, 108.0, 326.0
262, 96.0, 307.0
263, 340.0, 323.0
264, 81.0, 172.0
265, 269.0, 99.0
266, 535.0, 68.0
267, 180.0, 460.0
268, 298.0, 377.0
269, 275.0, 346.0
270, 84.0, 454.0
271, 254.0, 357.0
272, 339.0, 225.0
273, 394.0, 406.0
274, 142.0, 469.0
275, 137.0, 360.0
276, 437.0, 317.0
277, 61.0, 257.0
278, 148.0, 80.0
279, 124.0, 237.0
280, 199.0, 343.0
281, 320.0, 470.0
282, 67.0, 317.0
283, 89.0, 281.0
284, 208.0, 423.0
285, 169.0, 11.0
286, 320.0, 273.0
287, 266.0, 269.0
288, 119.0, 289.0
289, 362.0, 131.0
290, 206.0, 465.0
291, 568.0, 72.0
292, 280.0, 400.0
293, 226.0, 85.0
294, 408.0, 381.0
295, 80.0, 365.0
296, 205.0, 104.0
297, 548.0, 92.0
298, 322.0, 139.0
299, 372.0, 392.0
300, 507.0, 438.0
301, 696.0, 137.0
302, 397.0, 271.0
303, 366.0, 422.0
304, 347.0, 164.0
305, 151.0, 304.0
306, 367.0, 264.0
307, 44.0, 229.0
308, 202.0, 13.0
309, 106.0, 152.0
310, 217.0, 116.0
311, 126.0, 309.0
312, 30.0, 312.0
313, 257.0, 163.0
314, 82.0, 292.0
315, 343.0, 379.0
316, 325.0, 382.0
317, 170.0, 388.0
318, 433.0, 278.0
319, 203.0, 390.0
320, 298.0, 115.0
321, 165.0, 83.0
322, 70.0, 348.0
323, 319.0, 412.0
324, 418.0, 51.0
325, 160.0, 311.0
326, 176.0, 166.0
327, 190.0, 91.0
328, 50.0, 258.0
329, 224.0, 351.0
330, 209.0, 323.0
331, 289.0, 305.0
332, 324.0, 194.0
333, 78.0, 23.0
334, 61.0, 360.0
335, 333.0, 359.0
336, 11.0, 266.0
337, 271.0, 388.0
338, 65.0, 281.0
339, 658.0, 102.0
340, 486.0, 319.0
341, 426.0, 12.0
342, 44.0, 282.0
343, 294.0, 252.0
344, 664.0, 21.0
345, 392.0, 49.0
346, 289.0, 157.0
347, 143.0, 100.0
348, 527.0, 112.0
349, 424.0, 109.0
350, 294.0, 447.0
351, 346.0, 400.0
352, 498.0, 249.0
353, 60.0, 87.0
354, 120.0, 448.0
355, 275.0, 355.0
356, 437.0, 213.0
357, 469.0, 158.0
358, 420.0, 93.0
359, 302.0, 428.0
360, 458.0, 298.0
361, 158.0, 83.0
362, 184.0, 415.0
363, 375.0, 309.0
364, 296.0, 77.0
365, 76.0, 146.0
366, 627.0, 114.0
367, 626.0, 123.0
368, 152.0, 266.0
369, 95.0, 332.0
370, 487.0, 329.0
371, 395.0, 396.0
372, 226.0, 303.0
373, 397.0, 328.0
374, 34.0, 349.0
375, 160.0, 360.0
376, 156.0, 100.0
377, 555.0, 78.0
378, 299.0, 151.0
379, 14.0, 389.0
380, 135.0, 310.0
381, 643.0, 471.0
382, 27.0, 380.0
383, 461.0, 384.0
384, 49.0, 23.0
385, 119.0, 464.0
386, 145.0, 168.0
387, 64.0, 423.0
388, 455.0, 292.0
389, 194.0, 422.0
390, 143.0, 330.0
391, 326.0, 426.0
392, 230.0, 416.0
393, 298.0, 397.0
394, 33.0, 435.0
395, 628.0, 82.0
396, 381.0, 282.0
397, 145.0, 437.0
398, 375.0, 359.0
399, 362.0, 253.0
400, 562.0, 23.0
401, 291.0, 166.0
402, 196.0, 412.0
403, 266.0, 339.0
404, 58.0, 327.0
405, 113.0, 303.0
406, 10.0, 100.0
407, 153.0, 340.0
408, 556.0, 68.0
409, 530.0, 79.0
410, 177.0, 238.0
411, 627.0, 105.0
412, 357.0, 355.0
413, 156.0, 91.0
414, 211.0, 449.0
415, 45.0, 271.0
416, 361.0, 296.0
417, 337.0, 463.0
418, 101.0, 328.0
419, 404.0, 81.0
420, 248.0, 419.0
421, 374.0, 300.0
422, 388.0, 330.0
423, 138.0, 386.0
424, 31.0, 155.0
425, 36.0, 459.0
426, 197.0, 167.0
427, 422.0, 414.0
428, 322.0, 398.0
429, 539.0, 21.0
430, 332.0, 309.0
431, 55.0, 455.0
432, 330.0, 125.0
433, 316.0, 222.0
434, 31.0, 413.0
435, 173.0, 351.0
436, 139.0, 304.0
437, 207.0, 219.0
438, 175.0, 327.0
439, 21.0, 364.0
440, 374.0, 133.0
441, 213.0, 416.0
442, 181.0, 252.0
443, 473.0, 298.0
444, 491.0, 417.0
445, 229.0, 328.0
446, 16.0, 348.0
447, 64.0, 99.0
448, 504.0, 32.0
449, 166.0, 378.0
450, 640.0, 114.0
451, 232.0, 400.0
452, 507.0, 414.0
453, 291.0, 391.0
454, 420.0, 336.0
455, 303.0, 396.0
456, 252.0, 347.0
457, 195.0, 320.0
458, 288.0, 111.0
459, 235.0, 459.0
460, 36.0, 278.0
461, 272.0, 315.0
462, 132.0, 300.0
463, 103.0, 140.0
464, 51.0, 447.0
465, 603.0, 46.0
466, 443.0, 27.0
467, 181.0, 11.0
468, 174.0, 417.0
469, 554.0, 161.0
470, 41.0, 207.0
471, 652.0, 151.0
472, 231.0, 220.0
473, 206.0, 286.0
474, 292.0, 16.0
475, 36.0, 359.0
476, 226.0, 221.0
477, 303.0, 167.0
478, 197.0, 332.0
479, 466.0, 63.0
480, 12.0, 80.0
481, 90.0, 437.0
482, 188.0, 84.0
483, 72.0, 448.0
484, 365.0, 367.0
485, 133.0, 335.0
486, 722.0, 157.0
487, 169.0, 408.0
488, 269.0, 426.0
489, 163.0, 167.0
490, 63.0, 467.0
491, 222.0, 171.0
492, 374.0, 354.0
493, 297.0, 435.0
494, 399.0, 12.0
495, 193.0, 101.0
496, 489.0, 334.0
497, 86.0, 254.0
498, 335.0, 137.0
499, 156.0, 391.0
