0, 184.0, 137.0
1, 216.0, 437.0
2, 436.0, 188.0
3, 212.0, 403.0
4, 220.0, 470.0
5, 153.0, 109.0
6, 85.0, 390.0
7, 41.0, 417.0
8, 202.0, 327.0
9, 294.0, 85.0
10, 371.0, 31.0
11, 75.0, 125.0
12, 334.0, 69.0
13, 642.0, 59.0
14, 257.0, 438.0
15, 296.0, 127.0
16, 496.0, 264.0
17, 295.0, 117.0
18, 108.0, 59.0
19, 256.0, 419.0
20, 253.0, 97.0
21, 405.0, 207.0
22, 367.0, 160.0
23, 295.0, 97.0
24, 230.0, 310.0
25, 411.0, 327.0
26, 274.0, 83.0
27, 512.0, 172.0
28, 276.0, 190.0
29, 179.0, 332.0
30, 502.0, 16.0
31, 304.0, 244.0
32, 443.0, 312.0
33, 486.0, 294.0
34, 560.0, 86.0
35, 480.0, 325.0
36, 571.0, 150.0
37, 460.0, 272.0
38, 186.0, 368.0
39, 107.0, 389.0
40, 196.0, 150.0
41, 280.0, 143.0
42, 274.0, 118.0
43, 21.0, 127.0
44, 172.0, 75.0
45, 222.0, 315.0
46, 199.0, 65.0
47, 413.0, 350.0
48, 183.0, 356.0
49, 179.0, 115.0
50, 254.0, 399.0
51, 232.0, 80.0
52, 530.0, 111.0
53, 387.0, 184.0
54, 450.0, 350.0
55, 215.0, 426.0
56, 198.0, 130.0
57, 547.0, 95.0
58, 153.0, 169.0
59, 115.0, 158.0
60, 430.0, 259.0
61, 416.0, 256.0
62, 307.0, 224.0
63, 249.0, 322.0
64, 148.0, 414.0
65, 484.0, 171.0
66, 172.0, 63.0
67, 714.0, 64.0
68, 652.0, 36.0
69, 524.0, 169.0
70, 205.0, 354.0
71, 151.0, 126.0
72, 337.0, 157.0
73, 214.0, 110.0
74, 448.0, 300.0
75, 219.0, 459.0
76, 337.0, 177.0
77, 217.0, 449.0
78, 344.0, 71.0
79, 456.0, 408.0
80, 225.0, 33.0
81, 191.0, 322.0
82, 134.0, 172.0
83, 352.0, 159.0
84, 400.0, 331.0
85, 213.0, 414.0
86, 392.0, 340.0
87, 197.0, 96.0
88, 350.0, 117.0
89, 52.0, 106.0
90, 212.0, 125.0
91, 549.0, 78.0
92, 478.0, 14.0
93, 334.0, 30.0
94, 91.0, 33.0
95, 210.0, 390.0
96, 236.0, 465.0
97, 477.0, 373.0
98, 289.0, 242.0
99, 263.0, 152.0
100, 458.0, 189.0
101, 312.0, 87.0
102, 171.0, 223.0
103, 229.0, 224.0
104, 558.0, 210.0
105, 275.0, 97.0
106, 627.0, 24.0
107, 406.0, 177.0
108, 236.0, 134.0
109, 207.0, 301.0
110, 216.0, 193.0
111, 222.0, 356.0
112, 323.0, 171.0
113, 67.0, 108.0
114, 140.0, 368.0
115, 321.0, 455.0
116, 151.0, 428.0
117, 275.0, 131.0
118, 249.0, 334.0
119, 247.0, 310.0
120, 371.0, 47.0
121, 389.0, 328.0
122, 306.0, 175.0
123, 88.0, 402.0
124, 324.0, 195.0
125, 352.0, 137.0
126, 131.0, 73.0
127, 726.0, 113.0
128, 432.0, 178.0
129, 250.0, 357.0
130, 189.0, 396.0
131, 205.0, 367.0
132, 486.0, 120.0
133, 570.0, 105.0
134, 165.0, 260.0
135, 322.0, 68.0
136, 40.0, 136.0
137, 202.0, 340.0
138, 253.0, 378.0
139, 176.0, 286.0
140, 174.0, 393.0
141, 456.0, 325.0
142, 399.0, 191.0
143, 308.0, 156.0
144, 117.0, 438.0
145, 475.0, 220.0
146, 583.0, 94.0
147, 151.0, 93.0
148, 251.0, 214.0
149, 137.0, 129.0
150, 188.0, 164.0
151, 481.0, 79.0
152, 186.0, 25.0
153, 207.0, 22.0
154, 389.0, 230.0
155, 303.0, 468.0
156, 537.0, 198.0
157, 225.0, 133.0
158, 335.0, 59.0
159, 392.0, 47.0
160, 604.0, 74.0
161, 23.0, 444.0
162, 89.0, 54.0
163, 638.0, 37.0
164, 209.0, 379.0
165, 64.0, 163.0
166, 29.0, 463.0
167, 557.0, 230.0
168, 287.0, 187.0
169, 67.0, 416.0
170, 171.0, 152.0
171, 481.0, 280.0
172, 225.0, 67.0
173, 478.0, 34.0
174, 616.0, 282.0
175, 528.0, 126.0
176, 467.0, 414.0
177, 205.0, 204.0
178, 445.0, 338.0
179, 400.0, 250.0
180, 163.0, 130.0
181, 276.0, 62.0
182, 338.0, 414.0
183, 437.0, 208.0
184, 212.0, 281.0
185, 496.0, 96.0
186, 378.0, 58.0
187, 393.0, 106.0
188, 416.0, 56.0
189, 518.0, 234.0
190, 397.0, 318.0
191, 493.0, 282.0
192, 346.0, 221.0
193, 433.0, 243.0
194, 379.0, 160.0
195, 227.0, 55.0
196, 405.0, 36.0
197, 473.0, 276.0
198, 449.0, 134.0
199, 279.0, 205.0
200, 124.0, 378.0
201, 497.0, 330.0
202, 168.0, 428.0
203, 165.0, 20.0
204, 576.0, 128.0
205, 553.0, 113.0
206, 681.0, 266.0
207, 554.0, 441.0
208, 518.0, 64.0
209, 233.0, 249.0
210, 555.0, 469.0
211, 589.0, 51.0
212, 211.0, 79.0
213, 171.0, 138.0
214, 211.0, 259.0
215, 57.0, 116.0
216, 412.0, 271.0
217, 234.0, 67.0
218, 154.0, 358.0
219, 571.0, 95.0
220, 481.0, 190.0
221, 35.0, 25.0
222, 432.0, 134.0
223, 587.0, 167.0
224, 221.0, 80.0
225, 180.0, 342.0
226, 224.0, 118.0
227, 457.0, 134.0
228, 440.0, 24.0
229, 312.0, 97.0
230, 160.0, 138.0
231, 212.0, 334.0
232, 49.0, 83.0
233, 367.0, 410.0
234, 417.0, 130.0
235, 425.0, 91.0
236, 229.0, 195.0
237, 440.0, 326.0
238, 213.0, 321.0
239, 297.0, 146.0
240, 572.0, 231.0
241, 482.0, 266.0
242, 133.0, 426.0
243, 454.0, 203.0
244, 136.0, 67.0
245, 18.0, 431.0
246, 480.0, 93.0
247, 367.0, 395.0
248, 549.0, 186.0
249, 195.0, 137.0
250, 472.0, 137.0
251, 168.0, 349.0
252, 335.0, 82.0
253, 562.0, 303.0
254, 247.0, 298.0
255, 78.0, 142.0
256, 72.0, 55.0
257, 461.0, 54.0
258, 547.0, 148.0
259, 402.0, 221.0
260, 446.0, 268.0
261, 452.0, 62.0
262, 395.0, 129.0
263, 448.0, 179.0
264, 238.0, 33.0
265, 457.0, 77.0
266, 423.0, 194.0
267, 164.0, 416.0
268, 323.0, 55.0
269, 49.0, 58.0
270, 16.0, 74.0
271, 242.0, 83.0
272, 419.0, 277.0
273, 575.0, 176.0
274, 545.0, 163.0
275, 613.0, 379.0
276, 229.0, 213.0
277, 481.0, 309.0
278, 194.0, 348.0
279, 460.0, 241.0
280, 442.0, 244.0
281, 337.0, 194.0
282, 198.0, 218.0
283, 144.0, 13.0
284, 352.0, 23.0
285, 441.0, 37.0
286, 352.0, 179.0
287, 640.0, 49.0
288, 495.0, 78.0
289, 305.0, 85.0
290, 146.0, 61.0
291, 45.0, 430.0
292, 389.0, 161.0
293, 232.0, 146.0
294, 409.0, 164.0
295, 73.0, 432.0
296, 537.0, 79.0
297, 151.0, 137.0
298, 102.0, 372.0
299, 182.0, 178.0
300, 192.0, 334.0
301, 427.0, 223.0
302, 239.0, 304.0
303, 452.0, 43.0
304, 234.0, 168.0
305, 334.0, 261.0
306, 522.0, 182.0
307, 15.0, 24.0
308, 576.0, 392.0
309, 196.0, 360.0
310, 208.0, 42.0
311, 223.0, 254.0
312, 381.0, 28.0
313, 189.0, 291.0
314, 53.0, 23.0
315, 239.0, 96.0
316, 373.0, 124.0
317, 516.0, 77.0
318, 191.0, 208.0
319, 601.0, 142.0
320, 594.0, 369.0
321, 431.0, 150.0
322, 446.0, 214.0
323, 632.0, 156.0
324, 152.0, 349.0
325, 347.0, 401.0
326, 468.0, 293.0
327, 426.0, 121.0
328, 740.0, 451.0
329, 487.0, 246.0
330, 391.0, 27.0
331, 67.0, 143.0
332, 237.0, 57.0
333, 280.0, 152.0
334, 226.0, 284.0
335, 290.0, 58.0
336, 14.0, 323.0
337, 302.0, 274.0
338, 356.0, 406.0
339, 434.0, 357.0
340, 459.0, 23.0
341, 434.0, 47.0
342, 707.0, 22.0
343, 367.0, 388.0
344, 381.0, 49.0
345, 344.0, 62.0
346, 603.0, 153.0
347, 218.0, 143.0
348, 307.0, 129.0
349, 508.0, 223.0
350, 413.0, 188.0
351, 412.0, 67.0
352, 416.0, 221.0
353, 351.0, 36.0
354, 63.0, 59.0
355, 429.0, 210.0
356, 114.0, 13.0
357, 308.0, 65.0
358, 156.0, 63.0
359, 703.0, 246.0
360, 367.0, 180.0
361, 366.0, 66.0
362, 671.0, 25.0
363, 464.0, 353.0
364, 177.0, 406.0
365, 462.0, 370.0
366, 93.0, 418.0
367, 71.0, 22.0
368, 210.0, 31.0
369, 500.0, 33.0
370, 460.0, 35.0
371, 717.0, 272.0
372, 229.0, 239.0
373, 447.0, 259.0
374, 361.0, 125.0
375, 450.0, 116.0
376, 471.0, 261.0
377, 171.0, 123.0
378, 125.0, 92.0
379, 248.0, 154.0
380, 379.0, 174.0
381, 387.0, 14.0
382, 255.0, 387.0
383, 154.0, 75.0
384, 572.0, 78.0
385, 498.0, 203.0
386, 310.0, 456.0
387, 609.0, 305.0
388, 191.0, 39.0
389, 213.0, 362.0
390, 736.0, 24.0
391, 616.0, 144.0
392, 416.0, 297.0
393, 178.0, 123.0
394, 422.0, 178.0
395, 251.0, 188.0
396, 492.0, 13.0
397, 597.0, 233.0
398, 162.0, 403.0
399, 477.0, 430.0
400, 473.0, 171.0
401, 127.0, 64.0
402, 473.0, 196.0
403, 616.0, 98.0
404, 280.0, 223.0
405, 322.0, 235.0
406, 644.0, 261.0
407, 136.0, 351.0
408, 448.0, 149.0
409, 335.0, 132.0
410, 176.0, 45.0
411, 153.0, 442.0
412, 356.0, 43.0
413, 52.0, 447.0
414, 628.0, 234.0
415, 322.0, 81.0
416, 273.0, 382.0
417, 501.0, 137.0
418, 591.0, 149.0
419, 603.0, 400.0
420, 322.0, 160.0
421, 533.0, 96.0
422, 546.0, 209.0
423, 322.0, 89.0
424, 385.0, 395.0
425, 332.0, 113.0
426, 397.0, 302.0
427, 621.0, 125.0
428, 140.0, 155.0
429, 739.0, 60.0
430, 444.0, 279.0
431, 342.0, 104.0
432, 259.0, 457.0
433, 312.0, 106.0
434, 611.0, 55.0
435, 506.0, 109.0
436, 365.0, 92.0
437, 468.0, 315.0
438, 137.0, 187.0
439, 615.0, 162.0
440, 478.0, 344.0
441, 428.0, 267.0
442, 60.0, 94.0
443, 452.0, 92.0
444, 524.0, 205.0
445, 163.0, 117.0
446, 379.0, 342.0
447, 17.0, 62.0
448, 48.0, 119.0
449, 145.0, 114.0
450, 728.0, 12.0
451, 682.0, 131.0
452, 186.0, 384.0
453, 159.0, 372.0
454, 366.0, 133.0
455, 562.0, 193.0
456, 634.0, 65.0
457, 284.0, 75.0
458, 664.0, 255.0
459, 396.0, 289.0
460, 592.0, 437.0
461, 288.0, 202.0
462, 438.0, 288.0
463, 172.0, 243.0
464, 235.0, 16.0
465, 241.0, 280.0
466, 223.0, 327.0
467, 307.0, 52.0
468, 319.0, 221.0
469, 175.0, 93.0
470, 179.0, 419.0
471, 17.0, 39.0
472, 615.0, 323.0
473, 191.0, 307.0
474, 421.0, 37.0
475, 440.0, 92.0
476, 283.0, 109.0
477, 462.0, 440.0
478, 229.0, 44.0
479, 455.0, 316.0
480, 26.0, 96.0
481, 171.0, 364.0
482, 123.0, 173.0
483, 36.0, 154.0
484, 560.0, 95.0
485, 298.0, 231.0
486, 234.0, 110.0
487, 648.0, 85.0
488, 354.0, 73.0
489, 85.0, 96.0
490, 602.0, 117.0
491, 155.0, 190.0
492, 474.0, 112.0
493, 197.0, 375.0
494, 434.0, 295.0
495, 231.0, 346.0
496, 300.0, 286.0
497, 77.0, 76.0
498, 365.0, 75.0
499, 688.0, 242.0
