0, 91.0, 313.0
1, 80.0, 308.0
2, 208.0, 122.0
3, 200.0, 114.0
4, 469.0, 465.0
5, 271.0, 125.0
6, 302.0, 379.0
7, 358.0, 324.0
8, 218.0, 386.0
9, 319.0, 360.0
10, 254.0, 303.0
11, 215.0, 367.0
12, 490.0, 401.0
13, 101.0, 337.0
14, 37.0, 113.0
15, 498.0, 367.0
16, 119.0, 349.0
17, 352.0, 157.0
18, 582.0, 114.0
19, 454.0, 424.0
20, 181.0, 295.0
21, 69.0, 419.0
22, 572.0, 91.0
23, 158.0, 352.0
24, 383.0, 202.0
25, 94.0, 323.0
26, 283.0, 368.0
27, 472.0, 364.0
28, 53.0, 321.0
29, 115.0, 374.0
30, 459.0, 17.0
31, 132.0, 382.0
32, 646.0, 142.0
33, 54.0, 277.0
34, 333.0, 165.0
35, 88.0, 438.0
36, 38.0, 396.0
37, 241.0, 113.0
38, 182.0, 253.0
39, 484.0, 423.0
40, 352.0, 144.0
41, 60.0, 395.0
42, 89.0, 301.0
43, 210.0, 415.0
44, 65.0, 166.0
45, 593.0, 79.0
46, 409.0, 62.0
47, 282.0, 221.0
48, 567.0, 114.0
49, 81.0, 417.0
50, 576.0, 407.0
51, 186.0, 311.0
52, 146.0, 330.0
53, 378.0, 322.0
54, 333.0, 181.0
55, 168.0, 398.0
56, 202.0, 371.0
57, 395.0, 181.0
58, 195.0, 442.0
59, 201.0, 252.0
60, 38.0, 445.0
61, 76.0, 361.0
62, 300.0, 182.0
63, 474.0, 405.0
64, 411.0, 50.0
65, 367.0, 333.0
66, 83.0, 326.0
67, 61.0, 294.0
68, 187.0, 348.0
69, 40.0, 306.0
70, 403.0, 256.0
71, 141.0, 130.0
72, 589.0, 94.0
73, 137.0, 404.0
74, 158.0, 287.0
75, 402.0, 233.0
76, 206.0, 384.0
77, 211.0, 309.0
78, 232.0, 322.0
79, 108.0, 303.0
80, 228.0, 304.0
81, 334.0, 299.0
82, 268.0, 139.0
83, 353.0, 306.0
84, 496.0, 412.0
85, 136.0, 443.0
86, 232.0, 252.0
87, 365.0, 126.0
88, 182.0, 283.0
89, 516.0, 281.0
90, 241.0, 156.0
91, 233.0, 362.0
92, 149.0, 467.0
93, 282.0, 390.0
94, 227.0, 384.0
95, 143.0, 340.0
96, 19.0, 219.0
97, 147.0, 362.0
98, 185.0, 434.0
99, 300.0, 151.0
100, 439.0, 53.0
101, 89.0, 291.0
102, 306.0, 455.0
103, 270.0, 365.0
104, 552.0, 180.0
105, 11.0, 342.0
106, 381.0, 249.0
107, 608.0, 95.0
108, 12.0, 361.0
109, 586.0, 125.0
110, 576.0, 463.0
111, 416.0, 11.0
112, 178.0, 334.0
113, 119.0, 273.0
114, 171.0, 377.0
115, 22.0, 397.0
116, 201.0, 279.0
117, 9.0, 427.0
118, 380.0, 449.0
119, 43.0, 433.0
120, 155.0, 414.0
121, 218.0, 124.0
122, 254.0, 125.0
123, 507.0, 169.0
124, 526.0, 175.0
125, 203.0, 358.0
126, 297.0, 166.0
127, 335.0, 150.0
128, 184.0, 325.0
129, 315.0, 441.0
130, 460.0, 441.0
131, 145.0, 384.0
132, 576.0, 76.0
133, 317.0, 165.0
134, 243.0, 169.0
135, 465.0, 66.0
136, 23.0, 236.0
137, 19.0, 114.0
138, 403.0, 213.0
139, 332.0, 272.0
140, 363.0, 401.0
141, 255.0, 185.0
142, 211.0, 350.0
143, 99.0, 405.0
144, 499.0, 22.0
145, 669.0, 71.0
146, 229.0, 114.0
147, 148.0, 186.0
148, 14.0, 373.0
149, 215.0, 183.0
150, 223.0, 313.0
151, 28.0, 105.0
152, 299.0, 438.0
153, 474.0, 340.0
154, 122.0, 387.0
155, 423.0, 95.0
156, 513.0, 426.0
157, 363.0, 146.0
158, 116.0, 336.0
159, 70.0, 340.0
160, 407.0, 188.0
161, 650.0, 90.0
162, 348.0, 383.0
163, 541.0, 9.0
164, 611.0, 115.0
165, 293.0, 120.0
166, 384.0, 215.0
167, 255.0, 316.0
168, 69.0, 265.0
169, 736.0, 35.0
170, 430.0, 158.0
171, 721.0, 37.0
172, 199.0, 347.0
173, 527.0, 424.0
174, 212.0, 428.0
175, 393.0, 418.0
176, 437.0, 64.0
177, 158.0, 273.0
178, 485.0, 138.0
179, 27.0, 282.0
180, 267.0, 381.0
181, 48.0, 131.0
182, 674.0, 59.0
183, 708.0, 177.0
184, 386.0, 173.0
185, 173.0, 303.0
186, 612.0, 79.0
187, 637.0, 126.0
188, 500.0, 335.0
189, 441.0, 96.0
190, 340.0, 287.0
191, 362.0, 423.0
192, 24.0, 433.0
193, 232.0, 405.0
194, 648.0, 265.0
195, 135.0, 371.0
196, 487.0, 128.0
197, 124.0, 365.0
198, 257.0, 437.0
199, 190.0, 418.0
200, 195.0, 430.0
201, 496.0, 387.0
202, 94.0, 225.0
203, 292.0, 226.0
204, 333.0, 197.0
205, 579.0, 425.0
206, 332.0, 240.0
207, 663.0, 114.0
208, 240.0, 125.0
209, 427.0, 373.0
210, 220.0, 115.0
211, 563.0, 155.0
212, 21.0, 190.0
213, 456.0, 347.0
214, 49.0, 86.0
215, 397.0, 137.0
216, 444.0, 13.0
217, 133.0, 93.0
218, 262.0, 357.0
219, 481.0, 183.0
220, 488.0, 357.0
221, 711.0, 154.0
222, 468.0, 389.0
223, 453.0, 168.0
224, 178.0, 271.0
225, 84.0, 428.0
226, 15.0, 387.0
227, 379.0, 470.0
228, 81.0, 451.0
229, 742.0, 10.0
230, 168.0, 338.0
231, 538.0, 24.0
232, 65.0, 408.0
233, 211.0, 96.0
234, 152.0, 401.0
235, 118.0, 422.0
236, 24.0, 259.0
237, 332.0, 256.0
238, 272.0, 403.0
239, 414.0, 145.0
240, 336.0, 379.0
241, 302.0, 224.0
242, 254.0, 117.0
243, 136.0, 298.0
244, 339.0, 328.0
245, 51.0, 308.0
246, 84.0, 258.0
247, 392.0, 372.0
248, 387.0, 404.0
249, 55.0, 126.0
250, 368.0, 198.0
251, 559.0, 445.0
252, 176.0, 361.0
253, 488.0, 434.0
254, 26.0, 416.0
255, 233.0, 283.0
256, 185.0, 184.0
257, 78.0, 467.0
258, 502.0, 429.0
259, 243.0, 339.0
260, 108.0, 409.0
261, 250.0, 252.0
262, 284.0, 201.0
263, 104.0, 370.0
264, 88.0, 188.0
265, 360.0, 278.0
266, 38.0, 101.0
267, 437.0, 297.0
268, 341.0, 306.0
269, 394.0, 435.0
270, 556.0, 313.0
271, 66.0, 307.0
272, 134.0, 110.0
273, 444.0, 418.0
274, 14.0, 304.0
275, 62.0, 363.0
276, 667.0, 89.0
277, 723.0, 13.0
278, 478.0, 352.0
279, 122.0, 26.0
280, 449.0, 444.0
281, 469.0, 123.0
282, 700.0, 90.0
283, 118.0, 186.0
284, 102.0, 353.0
285, 602.0, 341.0
286, 93.0, 337.0
287, 184.0, 393.0
288, 721.0, 204.0
289, 365.0, 366.0
290, 240.0, 306.0
291, 119.0, 329.0
292, 46.0, 374.0
293, 635.0, 178.0
294, 53.0, 263.0
295, 263.0, 117.0
296, 592.0, 134.0
297, 347.0, 347.0
298, 506.0, 436.0
299, 209.0, 322.0
300, 382.0, 417.0
301, 286.0, 256.0
302, 605.0, 124.0
303, 21.0, 292.0
304, 378.0, 55.0
305, 375.0, 190.0
306, 318.0, 417.0
307, 302.0, 354.0
308, 269.0, 112.0
309, 184.0, 402.0
310, 321.0, 392.0
311, 458.0, 96.0
312, 231.0, 135.0
313, 282.0, 116.0
314, 643.0, 107.0
315, 363.0, 373.0
316, 108.0, 423.0
317, 32.0, 126.0
318, 91.0, 401.0
319, 41.0, 386.0
320, 185.0, 459.0
321, 282.0, 212.0
322, 323.0, 238.0
323, 564.0, 125.0
324, 332.0, 207.0
325, 16.0, 104.0
326, 507.0, 398.0
327, 290.0, 356.0
328, 209.0, 111.0
329, 400.0, 273.0
330, 242.0, 184.0
331, 65.0, 458.0
332, 31.0, 378.0
333, 287.0, 423.0
334, 291.0, 272.0
335, 282.0, 437.0
336, 294.0, 412.0
337, 513.0, 271.0
338, 372.0, 379.0
339, 293.0, 448.0
340, 690.0, 126.0
341, 144.0, 427.0
342, 392.0, 347.0
343, 272.0, 417.0
344, 65.0, 378.0
345, 290.0, 399.0
346, 480.0, 380.0
347, 464.0, 112.0
348, 306.0, 365.0
349, 88.0, 23.0
350, 47.0, 357.0
351, 442.0, 467.0
352, 63.0, 442.0
353, 249.0, 422.0
354, 686.0, 17.0
355, 264.0, 268.0
356, 340.0, 436.0
357, 244.0, 404.0
358, 157.0, 381.0
359, 251.0, 37.0
360, 301.0, 396.0
361, 360.0, 207.0
362, 352.0, 16.0
363, 49.0, 397.0
364, 236.0, 387.0
365, 285.0, 150.0
366, 15.0, 469.0
367, 686.0, 212.0
368, 233.0, 339.0
369, 70.0, 186.0
370, 546.0, 303.0
371, 348.0, 457.0
372, 251.0, 459.0
373, 216.0, 133.0
374, 347.0, 362.0
375, 333.0, 310.0
376, 319.0, 404.0
377, 320.0, 114.0
378, 459.0, 324.0
379, 534.0, 367.0
380, 477.0, 374.0
381, 203.0, 132.0
382, 22.0, 337.0
383, 129.0, 299.0
384, 335.0, 455.0
385, 739.0, 210.0
386, 279.0, 150.0
387, 216.0, 403.0
388, 210.0, 317.0
389, 224.0, 353.0
390, 53.0, 381.0
391, 104.0, 109.0
392, 218.0, 376.0
393, 9.0, 215.0
394, 65.0, 348.0
395, 76.0, 296.0
396, 220.0, 413.0
397, 436.0, 323.0
398, 475.0, 8.0
399, 432.0, 317.0
400, 363.0, 217.0
401, 422.0, 430.0
402, 361.0, 437.0
403, 225.0, 466.0
404, 287.0, 189.0
405, 403.0, 279.0
406, 663.0, 125.0
407, 385.0, 135.0
408, 72.0, 47.0
409, 540.0, 370.0
410, 201.0, 301.0
411, 372.0, 146.0
412, 29.0, 447.0
413, 221.0, 403.0
414, 493.0, 428.0
415, 96.0, 285.0
416, 668.0, 126.0
417, 108.0, 128.0
418, 499.0, 33.0
419, 552.0, 305.0
420, 60.0, 336.0
421, 343.0, 277.0
422, 621.0, 33.0
423, 52.0, 115.0
424, 222.0, 341.0
425, 518.0, 200.0
426, 531.0, 408.0
427, 250.0, 371.0
428, 232.0, 125.0
429, 443.0, 141.0
430, 383.0, 156.0
431, 346.0, 425.0
432, 154.0, 224.0
433, 110.0, 386.0
434, 19.0, 417.0
435, 266.0, 427.0
436, 106.0, 117.0
437, 551.0, 300.0
438, 16.0, 284.0
439, 232.0, 432.0
440, 681.0, 106.0
441, 73.0, 317.0
442, 531.0, 361.0
443, 239.0, 382.0
444, 223.0, 429.0
445, 686.0, 116.0
446, 183.0, 444.0
447, 158.0, 26.0
448, 376.0, 330.0
449, 44.0, 408.0
450, 531.0, 37.0
451, 189.0, 24.0
452, 220.0, 437.0
453, 257.0, 135.0
454, 250.0, 380.0
455, 326.0, 384.0
456, 32.0, 282.0
457, 243.0, 431.0
458, 292.0, 370.0
459, 57.0, 169.0
460, 82.0, 346.0
461, 242.0, 409.0
462, 82.0, 266.0
463, 291.0, 215.0
464, 280.0, 135.0
465, 51.0, 105.0
466, 418.0, 418.0
467, 202.0, 309.0
468, 300.0, 211.0
469, 124.0, 269.0
470, 288.0, 343.0
471, 425.0, 74.0
472, 35.0, 40.0
473, 145.0, 166.0
474, 113.0, 409.0
475, 210.0, 133.0
476, 326.0, 369.0
477, 387.0, 418.0
478, 451.0, 113.0
479, 47.0, 343.0
480, 339.0, 412.0
481, 576.0, 420.0
482, 343.0, 431.0
483, 232.0, 334.0
484, 389.0, 238.0
485, 79.0, 407.0
486, 266.0, 418.0
487, 380.0, 275.0
488, 55.0, 354.0
489, 82.0, 318.0
490, 694.0, 117.0
491, 420.0, 425.0
492, 600.0, 128.0
493, 271.0, 339.0
494, 96.0, 380.0
495, 393.0, 214.0
496, 352.0, 8.0
497, 251.0, 387.0
498, 259.0, 455.0
499, 371.0, 138.0
