0, 362.0, 200.0
1, 250.0, 234.0
2, 291.0, 166.0
3, 414.0, 243.0
4, 401.0, 235.0
5, 561.0, 267.0
6, 211.0, 273.0
7, 115.0, 67.0
8, 588.0, 324.0
9, 586.0, 435.0
10, 394.0, 209.0
11, 446.0, 198.0
12, 223.0, 162.0
13, 496.0, 137.0
14, 362.0, 231.0
15, 412.0, 206.0
16, 609.0, 249.0
17, 466.0, 146.0
18, 118.0, 266.0
19, 241.0, 147.0
20, 214.0, 312.0
21, 267.0, 389.0
22, 233.0, 174.0
23, 640.0, 445.0
24, 372.0, 201.0
25, 577.0, 224.0
26, 432.0, 217.0
27, 513.0, 139.0
28, 114.0, 225.0
29, 591.0, 91.0
30, 392.0, 359.0
31, 209.0, 237.0
32, 465.0, 198.0
33, 53.0, 142.0
34, 623.0, 378.0
35, 595.0, 196.0
36, 284.0, 137.0
37, 87.0, 233.0
38, 195.0, 403.0
39, 352.0, 216.0
40, 661.0, 75.0
41, 264.0, 173.0
42, 376.0, 159.0
43, 314.0, 80.0
44, 345.0, 240.0
45, 492.0, 180.0
46, 125.0, 122.0
47, 327.0, 233.0
48, 494.0, 149.0
49, 91.0, 134.0
50, 501.0, 335.0
51, 376.0, 181.0
52, 187.0, 101.0
53, 251.0, 161.0
54, 355.0, 170.0
55, 603.0, 110.0
56, 520.0, 231.0
57, 526.0, 129.0
58, 658.0, 339.0
59, 310.0, 226.0
60, 700.0, 234.0
61, 612.0, 302.0
62, 53.0, 332.0
63, 574.0, 418.0
64, 364.0, 216.0
65, 294.0, 338.0
66, 594.0, 51.0
67, 621.0, 194.0
68, 351.0, 375.0
69, 246.0, 310.0
70, 553.0, 118.0
71, 634.0, 229.0
72, 631.0, 319.0
73, 410.0, 181.0
74, 365.0, 241.0
75, 554.0, 202.0
76, 575.0, 51.0
77, 431.0, 310.0
78, 307.0, 210.0
79, 306.0, 312.0
80, 207.0, 211.0
81, 448.0, 169.0
82, 289.0, 181.0
83, 318.0, 209.0
84, 220.0, 362.0
85, 437.0, 241.0
86, 328.0, 209.0
87, 210.0, 406.0
88, 598.0, 263.0
89, 496.0, 226.0
90, 461.0, 159.0
91, 303.0, 150.0
92, 506.0, 233.0
93, 504.0, 199.0
94, 541.0, 386.0
95, 105.0, 414.0
96, 315.0, 141.0
97, 248.0, 207.0
98, 254.0, 174.0
99, 160.0, 224.0
100, 223.0, 173.0
101, 726.0, 222.0
102, 527.0, 361.0
103, 430.0, 195.0
104, 449.0, 159.0
105, 478.0, 219.0
106, 343.0, 255.0
107, 193.0, 116.0
108, 345.0, 79.0
109, 299.0, 136.0
110, 465.0, 186.0
111, 263.0, 157.0
112, 484.0, 351.0
113, 132.0, 224.0
114, 664.0, 323.0
115, 173.0, 64.0
116, 481.0, 148.0
117, 105.0, 33.0
118, 612.0, 203.0
119, 393.0, 117.0
120, 288.0, 244.0
121, 163.0, 170.0
122, 335.0, 57.0
123, 355.0, 116.0
124, 410.0, 303.0
125, 564.0, 76.0
126, 162.0, 109.0
127, 502.0, 155.0
128, 361.0, 331.0
129, 549.0, 400.0
130, 171.0, 52.0
131, 726.0, 425.0
132, 483.0, 162.0
133, 384.0, 180.0
134, 283.0, 330.0
135, 492.0, 322.0
136, 612.0, 51.0
137, 544.0, 232.0
138, 611.0, 433.0
139, 274.0, 241.0
140, 623.0, 264.0
141, 325.0, 46.0
142, 426.0, 209.0
143, 419.0, 455.0
144, 487.0, 114.0
145, 244.0, 115.0
146, 523.0, 60.0
147, 292.0, 209.0
148, 153.0, 65.0
149, 186.0, 140.0
150, 607.0, 194.0
151, 618.0, 393.0
152, 205.0, 347.0
153, 441.0, 115.0
154, 17.0, 210.0
155, 325.0, 182.0
156, 178.0, 344.0
157, 324.0, 398.0
158, 566.0, 246.0
159, 717.0, 322.0
160, 675.0, 356.0
161, 606.0, 229.0
162, 577.0, 266.0
163, 668.0, 377.0
164, 490.0, 373.0
165, 48.0, 379.0
166, 352.0, 359.0
167, 516.0, 248.0
168, 436.0, 257.0
169, 321.0, 275.0
170, 239.0, 295.0
171, 728.0, 72.0
172, 698.0, 322.0
173, 252.0, 298.0
174, 403.0, 254.0
175, 178.0, 223.0
176, 348.0, 139.0
177, 376.0, 226.0
178, 557.0, 187.0
179, 110.0, 208.0
180, 630.0, 429.0
181, 310.0, 268.0
182, 469.0, 385.0
183, 371.0, 116.0
184, 232.0, 375.0
185, 243.0, 323.0
186, 204.0, 330.0
187, 723.0, 358.0
188, 340.0, 359.0
189, 489.0, 101.0
190, 162.0, 44.0
191, 343.0, 392.0
192, 602.0, 320.0
193, 109.0, 127.0
194, 160.0, 36.0
195, 599.0, 365.0
196, 534.0, 374.0
197, 147.0, 224.0
198, 494.0, 234.0
199, 516.0, 347.0
200, 83.0, 194.0
201, 601.0, 293.0
202, 699.0, 372.0
203, 534.0, 43.0
204, 489.0, 201.0
205, 139.0, 116.0
206, 608.0, 163.0
207, 374.0, 345.0
208, 151.0, 113.0
209, 390.0, 238.0
210, 612.0, 329.0
211, 582.0, 394.0
212, 647.0, 244.0
213, 537.0, 269.0
214, 392.0, 135.0
215, 612.0, 268.0
216, 213.0, 165.0
217, 562.0, 158.0
218, 598.0, 456.0
219, 117.0, 46.0
220, 641.0, 204.0
221, 391.0, 447.0
222, 387.0, 329.0
223, 176.0, 83.0
224, 222.0, 139.0
225, 462.0, 94.0
226, 77.0, 176.0
227, 89.0, 311.0
228, 381.0, 389.0
229, 534.0, 248.0
230, 95.0, 35.0
231, 482.0, 230.0
232, 312.0, 159.0
233, 406.0, 322.0
234, 482.0, 192.0
235, 558.0, 416.0
236, 209.0, 222.0
237, 321.0, 371.0
238, 633.0, 462.0
239, 728.0, 463.0
240, 672.0, 453.0
241, 137.0, 394.0
242, 353.0, 58.0
243, 299.0, 178.0
244, 408.0, 221.0
245, 417.0, 382.0
246, 497.0, 248.0
247, 567.0, 433.0
248, 358.0, 159.0
249, 146.0, 45.0
250, 275.0, 152.0
251, 524.0, 47.0
252, 238.0, 160.0
253, 631.0, 344.0
254, 726.0, 172.0
255, 584.0, 243.0
256, 346.0, 230.0
257, 105.0, 66.0
258, 696.0, 209.0
259, 470.0, 171.0
260, 627.0, 295.0
261, 219.0, 387.0
262, 359.0, 184.0
263, 55.0, 200.0
264, 129.0, 69.0
265, 220.0, 195.0
266, 594.0, 314.0
267, 95.0, 71.0
268, 580.0, 72.0
269, 529.0, 420.0
270, 180.0, 207.0
271, 489.0, 62.0
272, 590.0, 297.0
273, 674.0, 328.0
274, 303.0, 165.0
275, 617.0, 122.0
276, 521.0, 330.0
277, 552.0, 47.0
278, 623.0, 112.0
279, 329.0, 245.0
280, 67.0, 140.0
281, 578.0, 451.0
282, 736.0, 208.0
283, 353.0, 45.0
284, 628.0, 249.0
285, 389.0, 337.0
286, 352.0, 196.0
287, 614.0, 406.0
288, 184.0, 195.0
289, 235.0, 192.0
290, 188.0, 152.0
291, 147.0, 399.0
292, 44.0, 191.0
293, 162.0, 463.0
294, 546.0, 137.0
295, 318.0, 293.0
296, 467.0, 107.0
297, 131.0, 429.0
298, 312.0, 118.0
299, 578.0, 15.0
300, 440.0, 228.0
301, 365.0, 435.0
302, 343.0, 218.0
303, 711.0, 94.0
304, 182.0, 372.0
305, 549.0, 433.0
306, 90.0, 226.0
307, 230.0, 391.0
308, 574.0, 252.0
309, 178.0, 399.0
310, 351.0, 188.0
311, 534.0, 162.0
312, 282.0, 188.0
313, 344.0, 40.0
314, 261.0, 282.0
315, 699.0, 411.0
316, 530.0, 112.0
317, 664.0, 184.0
318, 557.0, 219.0
319, 341.0, 182.0
320, 385.0, 59.0
321, 429.0, 326.0
322, 474.0, 326.0
323, 126.0, 300.0
324, 605.0, 277.0
325, 286.0, 286.0
326, 464.0, 433.0
327, 597.0, 303.0
328, 740.0, 459.0
329, 264.0, 195.0
330, 585.0, 353.0
331, 568.0, 231.0
332, 196.0, 316.0
333, 377.0, 47.0
334, 517.0, 270.0
335, 16.0, 368.0
336, 682.0, 336.0
337, 284.0, 195.0
338, 594.0, 121.0
339, 227.0, 148.0
340, 212.0, 140.0
341, 390.0, 192.0
342, 152.0, 180.0
343, 376.0, 58.0
344, 615.0, 318.0
345, 306.0, 192.0
346, 411.0, 259.0
347, 197.0, 448.0
348, 515.0, 100.0
349, 283.0, 386.0
350, 697.0, 460.0
351, 310.0, 281.0
352, 170.0, 209.0
353, 482.0, 267.0
354, 477.0, 335.0
355, 610.0, 344.0
356, 285.0, 176.0
357, 590.0, 471.0
358, 707.0, 467.0
359, 263.0, 115.0
360, 100.0, 389.0
361, 68.0, 35.0
362, 445.0, 252.0
363, 611.0, 212.0
364, 176.0, 375.0
365, 248.0, 220.0
366, 514.0, 45.0
367, 266.0, 221.0
368, 594.0, 78.0
369, 246.0, 169.0
370, 336.0, 73.0
371, 271.0, 116.0
372, 453.0, 183.0
373, 444.0, 376.0
374, 409.0, 343.0
375, 404.0, 243.0
376, 95.0, 150.0
377, 50.0, 226.0
378, 592.0, 213.0
379, 90.0, 48.0
380, 127.0, 378.0
381, 501.0, 448.0
382, 456.0, 116.0
383, 623.0, 210.0
384, 289.0, 218.0
385, 171.0, 359.0
386, 580.0, 28.0
387, 552.0, 71.0
388, 14.0, 422.0
389, 470.0, 118.0
390, 560.0, 258.0
391, 298.0, 284.0
392, 113.0, 292.0
393, 151.0, 53.0
394, 386.0, 40.0
395, 588.0, 154.0
396, 226.0, 351.0
397, 126.0, 37.0
398, 512.0, 365.0
399, 671.0, 395.0
400, 680.0, 264.0
401, 178.0, 143.0
402, 616.0, 167.0
403, 630.0, 331.0
404, 164.0, 123.0
405, 360.0, 322.0
406, 155.0, 412.0
407, 245.0, 341.0
408, 19.0, 226.0
409, 344.0, 60.0
410, 28.0, 154.0
411, 605.0, 16.0
412, 424.0, 365.0
413, 310.0, 236.0
414, 539.0, 77.0
415, 555.0, 84.0
416, 319.0, 266.0
417, 175.0, 105.0
418, 147.0, 283.0
419, 590.0, 224.0
420, 200.0, 190.0
421, 316.0, 110.0
422, 366.0, 59.0
423, 336.0, 116.0
424, 533.0, 103.0
425, 481.0, 178.0
426, 472.0, 427.0
427, 707.0, 238.0
428, 648.0, 311.0
429, 516.0, 224.0
430, 536.0, 114.0
431, 565.0, 205.0
432, 183.0, 123.0
433, 470.0, 162.0
434, 338.0, 303.0
435, 328.0, 76.0
436, 351.0, 157.0
437, 630.0, 359.0
438, 299.0, 229.0
439, 551.0, 455.0
440, 440.0, 366.0
441, 716.0, 202.0
442, 665.0, 344.0
443, 643.0, 259.0
444, 220.0, 188.0
445, 271.0, 295.0
446, 445.0, 217.0
447, 627.0, 60.0
448, 597.0, 236.0
449, 519.0, 161.0
450, 401.0, 458.0
451, 337.0, 308.0
452, 284.0, 220.0
453, 157.0, 86.0
454, 542.0, 131.0
455, 555.0, 248.0
456, 538.0, 103.0
457, 421.0, 60.0
458, 499.0, 168.0
459, 366.0, 360.0
460, 604.0, 415.0
461, 611.0, 414.0
462, 585.0, 119.0
463, 376.0, 277.0
464, 532.0, 402.0
465, 691.0, 270.0
466, 289.0, 33.0
467, 193.0, 419.0
468, 490.0, 334.0
469, 42.0, 44.0
470, 687.0, 283.0
471, 424.0, 180.0
472, 404.0, 194.0
473, 332.0, 139.0
474, 224.0, 180.0
475, 605.0, 378.0
476, 580.0, 331.0
477, 385.0, 199.0
478, 405.0, 199.0
479, 457.0, 265.0
480, 405.0, 214.0
481, 661.0, 356.0
482, 320.0, 245.0
483, 531.0, 348.0
484, 571.0, 380.0
485, 602.0, 436.0
486, 233.0, 101.0
487, 58.0, 226.0
488, 134.0, 94.0
489, 572.0, 185.0
490, 492.0, 47.0
491, 290.0, 309.0
492, 650.0, 99.0
493, 265.0, 210.0
494, 543.0, 162.0
495, 223.0, 329.0
496, 633.0, 16.0
497, 43.0, 52.0
498, 342.0, 369.0
499, 570.0, 396.0
