0, 509.0, 176.0
1, 390.0, 136.0
2, 470.0, 183.0
3, 371.0, 25.0
4, 711.0, 226.0
5, 337.0, 214.0
6, 535.0, 187.0
7, 111.0, 337.0
8, 607.0, 34.0
9, 486.0, 73.0
10, 303.0, 162.0
11, 358.0, 319.0
12, 99.0, 340.0
13, 417.0, 251.0
14, 426.0, 427.0
15, 565.0, 20.0
16, 383.0, 13.0
17, 321.0, 208.0
18, 585.0, 261.0
19, 433.0, 111.0
20, 699.0, 260.0
21, 425.0, 149.0
22, 479.0, 239.0
23, 462.0, 128.0
24, 205.0, 292.0
25, 46.0, 98.0
26, 679.0, 153.0
27, 587.0, 251.0
28, 481.0, 173.0
29, 589.0, 168.0
30, 463.0, 195.0
31, 434.0, 68.0
32, 507.0, 201.0
33, 545.0, 203.0
34, 581.0, 217.0
35, 242.0, 48.0
36, 195.0, 349.0
37, 667.0, 208.0
38, 540.0, 146.0
39, 627.0, 278.0
40, 510.0, 267.0
41, 394.0, 257.0
42, 515.0, 165.0
43, 67.0, 67.0
44, 38.0, 190.0
45, 448.0, 141.0
46, 236.0, 75.0
47, 196.0, 282.0
48, 236.0, 113.0
49, 671.0, 277.0
50, 661.0, 406.0
51, 451.0, 129.0
52, 470.0, 280.0
53, 615.0, 274.0
54, 735.0, 447.0
55, 474.0, 128.0
56, 632.0, 170.0
57, 288.0, 78.0
58, 201.0, 379.0
59, 170.0, 337.0
60, 329.0, 335.0
61, 633.0, 241.0
62, 521.0, 244.0
63, 287.0, 89.0
64, 117.0, 296.0
65, 171.0, 427.0
66, 328.0, 284.0
67, 649.0, 231.0
68, 665.0, 159.0
69, 499.0, 256.0
70, 184.0, 372.0
71, 685.0, 37.0
72, 410.0, 234.0
73, 283.0, 70.0
74, 366.0, 459.0
75, 544.0, 119.0
76, 504.0, 228.0
77, 701.0, 290.0
78, 257.0, 81.0
79, 373.0, 154.0
80, 252.0, 248.0
81, 672.0, 193.0
82, 320.0, 328.0
83, 248.0, 155.0
84, 207.0, 391.0
85, 363.0, 151.0
86, 538.0, 159.0
87, 610.0, 96.0
88, 142.0, 280.0
89, 465.0, 225.0
90, 365.0, 185.0
91, 383.0, 26.0
92, 103.0, 183.0
93, 635.0, 391.0
94, 372.0, 36.0
95, 366.0, 138.0
96, 422.0, 126.0
97, 338.0, 226.0
98, 650.0, 164.0
99, 633.0, 263.0
100, 499.0, 125.0
101, 490.0, 234.0
102, 116.0, 440.0
103, 374.0, 353.0
104, 47.0, 169.0
105, 251.0, 75.0
106, 582.0, 273.0
107, 364.0, 125.0
108, 572.0, 69.0
109, 372.0, 114.0
110, 611.0, 163.0
111, 175.0, 348.0
112, 680.0, 208.0
113, 100.0, 454.0
114, 676.0, 293.0
115, 579.0, 232.0
116, 199.0, 103.0
117, 511.0, 209.0
118, 73.0, 365.0
119, 590.0, 96.0
120, 630.0, 153.0
121, 431.0, 165.0
122, 562.0, 452.0
123, 663.0, 284.0
124, 444.0, 117.0
125, 694.0, 406.0
126, 274.0, 301.0
127, 643.0, 266.0
128, 672.0, 140.0
129, 124.0, 23.0
130, 683.0, 278.0
131, 577.0, 95.0
132, 527.0, 267.0
133, 717.0, 243.0
134, 384.0, 176.0
135, 392.0, 228.0
136, 296.0, 59.0
137, 547.0, 138.0
138, 431.0, 183.0
139, 215.0, 288.0
140, 374.0, 449.0
141, 298.0, 147.0
142, 371.0, 13.0
143, 215.0, 403.0
144, 317.0, 17.0
145, 403.0, 323.0
146, 69.0, 462.0
147, 345.0, 66.0
148, 601.0, 171.0
149, 640.0, 277.0
150, 396.0, 180.0
151, 177.0, 414.0
152, 500.0, 245.0
153, 102.0, 290.0
154, 205.0, 55.0
155, 588.0, 187.0
156, 146.0, 53.0
157, 482.0, 185.0
158, 283.0, 168.0
159, 361.0, 30.0
160, 503.0, 440.0
161, 642.0, 30.0
162, 264.0, 335.0
163, 437.0, 310.0
164, 131.0, 52.0
165, 563.0, 223.0
166, 334.0, 69.0
167, 624.0, 441.0
168, 439.0, 397.0
169, 186.0, 221.0
170, 235.0, 180.0
171, 43.0, 373.0
172, 263.0, 161.0
173, 662.0, 144.0
174, 249.0, 116.0
175, 104.0, 299.0
176, 21.0, 300.0
177, 614.0, 263.0
178, 545.0, 104.0
179, 632.0, 407.0
180, 684.0, 139.0
181, 258.0, 191.0
182, 416.0, 198.0
183, 80.0, 466.0
184, 275.0, 213.0
185, 732.0, 228.0
186, 426.0, 69.0
187, 248.0, 67.0
188, 66.0, 349.0
189, 640.0, 377.0
190, 377.0, 337.0
191, 352.0, 79.0
192, 292.0, 308.0
193, 23.0, 330.0
194, 498.0, 143.0
195, 258.0, 267.0
196, 446.0, 301.0
197, 346.0, 13.0
198, 361.0, 39.0
199, 297.0, 278.0
200, 458.0, 291.0
201, 268.0, 273.0
202, 719.0, 163.0
203, 661.0, 26.0
204, 679.0, 415.0
205, 664.0, 246.0
206, 235.0, 163.0
207, 285.0, 322.0
208, 675.0, 249.0
209, 281.0, 352.0
210, 102.0, 328.0
211, 387.0, 431.0
212, 611.0, 14.0
213, 263.0, 150.0
214, 551.0, 181.0
215, 338.0, 28.0
216, 30.0, 177.0
217, 490.0, 242.0
218, 522.0, 106.0
219, 273.0, 288.0
220, 593.0, 372.0
221, 88.0, 304.0
222, 742.0, 26.0
223, 220.0, 148.0
224, 163.0, 241.0
225, 448.0, 406.0
226, 389.0, 272.0
227, 263.0, 110.0
228, 359.0, 301.0
229, 343.0, 40.0
230, 110.0, 358.0
231, 273.0, 143.0
232, 202.0, 67.0
233, 528.0, 163.0
234, 738.0, 273.0
235, 352.0, 189.0
236, 146.0, 293.0
237, 486.0, 125.0
238, 721.0, 76.0
239, 679.0, 429.0
240, 130.0, 282.0
241, 27.0, 320.0
242, 578.0, 115.0
243, 741.0, 54.0
244, 307.0, 331.0
245, 86.0, 294.0
246, 596.0, 201.0
247, 485.0, 249.0
248, 217.0, 384.0
249, 686.0, 166.0
250, 413.0, 112.0
251, 410.0, 455.0
252, 590.0, 32.0
253, 278.0, 91.0
254, 271.0, 253.0
255, 398.0, 308.0
256, 128.0, 202.0
257, 420.0, 277.0
258, 586.0, 104.0
259, 224.0, 230.0
260, 149.0, 162.0
261, 325.0, 65.0
262, 399.0, 114.0
263, 500.0, 197.0
264, 590.0, 152.0
265, 725.0, 290.0
266, 621.0, 164.0
267, 567.0, 377.0
268, 709.0, 305.0
269, 242.0, 267.0
270, 220.0, 217.0
271, 186.0, 321.0
272, 374.0, 228.0
273, 382.0, 188.0
274, 622.0, 468.0
275, 137.0, 246.0
276, 114.0, 457.0
277, 250.0, 187.0
278, 9.0, 328.0
279, 102.0, 121.0
280, 212.0, 302.0
281, 257.0, 126.0
282, 662.0, 230.0
283, 353.0, 166.0
284, 671.0, 393.0
285, 147.0, 25.0
286, 415.0, 263.0
287, 740.0, 41.0
288, 567.0, 416.0
289, 687.0, 242.0
290, 479.0, 29.0
291, 696.0, 301.0
292, 80.0, 419.0
293, 21.0, 90.0
294, 406.0, 169.0
295, 108.0, 170.0
296, 157.0, 277.0
297, 432.0, 35.0
298, 268.0, 444.0
299, 596.0, 264.0
300, 413.0, 133.0
301, 243.0, 19.0
302, 425.0, 300.0
303, 362.0, 286.0
304, 423.0, 435.0
305, 387.0, 353.0
306, 105.0, 417.0
307, 182.0, 108.0
308, 343.0, 280.0
309, 354.0, 98.0
310, 406.0, 182.0
311, 310.0, 57.0
312, 181.0, 359.0
313, 408.0, 29.0
314, 531.0, 428.0
315, 737.0, 180.0
316, 90.0, 123.0
317, 180.0, 196.0
318, 197.0, 369.0
319, 698.0, 143.0
320, 82.0, 49.0
321, 434.0, 150.0
322, 459.0, 178.0
323, 377.0, 99.0
324, 76.0, 446.0
325, 345.0, 312.0
326, 169.0, 469.0
327, 218.0, 127.0
328, 613.0, 414.0
329, 456.0, 211.0
330, 650.0, 250.0
331, 699.0, 83.0
332, 522.0, 233.0
333, 19.0, 310.0
334, 65.0, 173.0
335, 388.0, 145.0
336, 226.0, 397.0
337, 88.0, 150.0
338, 53.0, 356.0
339, 311.0, 269.0
340, 462.0, 142.0
341, 622.0, 421.0
342, 178.0, 85.0
343, 674.0, 227.0
344, 454.0, 278.0
345, 473.0, 110.0
346, 224.0, 41.0
347, 533.0, 200.0
348, 217.0, 85.0
349, 85.0, 433.0
350, 178.0, 66.0
351, 385.0, 157.0
352, 75.0, 152.0
353, 381.0, 440.0
354, 584.0, 12.0
355, 350.0, 359.0
356, 550.0, 68.0
357, 363.0, 197.0
358, 439.0, 140.0
359, 395.0, 382.0
360, 576.0, 151.0
361, 230.0, 290.0
362, 524.0, 83.0
363, 255.0, 91.0
364, 161.0, 225.0
365, 395.0, 13.0
366, 577.0, 428.0
367, 404.0, 339.0
368, 484.0, 109.0
369, 38.0, 89.0
370, 604.0, 453.0
371, 105.0, 250.0
372, 63.0, 99.0
373, 325.0, 221.0
374, 347.0, 117.0
375, 521.0, 122.0
376, 235.0, 445.0
377, 563.0, 117.0
378, 59.0, 154.0
379, 489.0, 220.0
380, 19.0, 251.0
381, 126.0, 267.0
382, 390.0, 40.0
383, 620.0, 173.0
384, 496.0, 73.0
385, 47.0, 183.0
386, 217.0, 22.0
387, 55.0, 471.0
388, 484.0, 269.0
389, 300.0, 206.0
390, 37.0, 125.0
391, 643.0, 110.0
392, 281.0, 158.0
393, 482.0, 470.0
394, 417.0, 327.0
395, 194.0, 75.0
396, 465.0, 57.0
397, 94.0, 19.0
398, 479.0, 45.0
399, 682.0, 399.0
400, 249.0, 456.0
401, 464.0, 100.0
402, 446.0, 153.0
403, 639.0, 58.0
404, 414.0, 98.0
405, 439.0, 176.0
406, 90.0, 341.0
407, 530.0, 111.0
408, 667.0, 14.0
409, 727.0, 210.0
410, 156.0, 293.0
411, 614.0, 433.0
412, 478.0, 214.0
413, 346.0, 151.0
414, 321.0, 237.0
415, 16.0, 446.0
416, 104.0, 435.0
417, 462.0, 71.0
418, 309.0, 214.0
419, 624.0, 57.0
420, 497.0, 155.0
421, 543.0, 214.0
422, 196.0, 128.0
423, 132.0, 316.0
424, 738.0, 143.0
425, 404.0, 262.0
426, 324.0, 256.0
427, 406.0, 147.0
428, 517.0, 150.0
429, 646.0, 240.0
430, 514.0, 143.0
431, 142.0, 39.0
432, 354.0, 129.0
433, 440.0, 171.0
434, 316.0, 64.0
435, 474.0, 142.0
436, 57.0, 141.0
437, 256.0, 201.0
438, 295.0, 224.0
439, 131.0, 292.0
440, 455.0, 229.0
441, 185.0, 403.0
442, 267.0, 64.0
443, 421.0, 119.0
444, 461.0, 161.0
445, 513.0, 193.0
446, 524.0, 172.0
447, 180.0, 96.0
448, 431.0, 438.0
449, 550.0, 274.0
450, 557.0, 25.0
451, 576.0, 248.0
452, 422.0, 389.0
453, 89.0, 228.0
454, 112.0, 347.0
455, 491.0, 282.0
456, 143.0, 400.0
457, 498.0, 188.0
458, 225.0, 86.0
459, 722.0, 142.0
460, 284.0, 51.0
461, 500.0, 104.0
462, 478.0, 59.0
463, 510.0, 63.0
464, 398.0, 284.0
465, 588.0, 243.0
466, 114.0, 320.0
467, 322.0, 53.0
468, 568.0, 446.0
469, 223.0, 432.0
470, 393.0, 101.0
471, 108.0, 229.0
472, 564.0, 103.0
473, 26.0, 213.0
474, 522.0, 179.0
475, 201.0, 234.0
476, 234.0, 67.0
477, 651.0, 400.0
478, 74.0, 307.0
479, 524.0, 132.0
480, 595.0, 121.0
481, 634.0, 428.0
482, 290.0, 206.0
483, 119.0, 65.0
484, 553.0, 55.0
485, 85.0, 364.0
486, 62.0, 113.0
487, 255.0, 56.0
488, 441.0, 131.0
489, 694.0, 235.0
490, 362.0, 239.0
491, 416.0, 307.0
492, 197.0, 85.0
493, 739.0, 430.0
494, 88.0, 171.0
495, 597.0, 254.0
496, 260.0, 307.0
497, 70.0, 82.0
498, 291.0, 198.0
499, 622.0, 154.0
