0, 400.0, 239.0
1, 358.0, 241.0
2, 360.0, 230.0
3, 535.0, 410.0
4, 274.0, 277.0
5, 402.0, 223.0
6, 305.0, 383.0
7, 347.0, 238.0
8, 226.0, 310.0
9, 402.0, 332.0
10, 190.0, 369.0
11, 654.0, 402.0
12, 543.0, 114.0
13, 239.0, 394.0
14, 247.0, 95.0
15, 512.0, 330.0
16, 450.0, 404.0
17, 603.0, 142.0
18, 557.0, 277.0
19, 70.0, 254.0
20, 58.0, 251.0
21, 350.0, 213.0
22, 475.0, 240.0
23, 167.0, 436.0
24, 319.0, 57.0
25, 372.0, 377.0
26, 170.0, 111.0
27, 620.0, 172.0
28, 22.0, 139.0
29, 107.0, 336.0
30, 430.0, 406.0
31, 574.0, 447.0
32, 505.0, 265.0
33, 307.0, 357.0
34, 509.0, 248.0
35, 282.0, 242.0
36, 458.0, 298.0
37, 463.0, 238.0
38, 300.0, 240.0
39, 474.0, 256.0
40, 581.0, 297.0
41, 362.0, 414.0
42, 299.0, 313.0
43, 241.0, 441.0
44, 288.0, 311.0
45, 362.0, 215.0
46, 615.0, 340.0
47, 640.0, 277.0
48, 144.0, 361.0
49, 239.0, 405.0
50, 505.0, 148.0
51, 492.0, 262.0
52, 333.0, 342.0
53, 306.0, 203.0
54, 326.0, 449.0
55, 252.0, 123.0
56, 414.0, 227.0
57, 589.0, 407.0
58, 382.0, 406.0
59, 582.0, 221.0
60, 265.0, 254.0
61, 179.0, 413.0
62, 682.0, 222.0
63, 527.0, 406.0
64, 335.0, 103.0
65, 301.0, 72.0
66, 289.0, 344.0
67, 419.0, 390.0
68, 257.0, 288.0
69, 178.0, 431.0
70, 582.0, 361.0
71, 301.0, 272.0
72, 283.0, 368.0
73, 503.0, 278.0
74, 192.0, 32.0
75, 635.0, 294.0
76, 411.0, 243.0
77, 629.0, 109.0
78, 291.0, 300.0
79, 387.0, 374.0
80, 578.0, 369.0
81, 698.0, 225.0
82, 336.0, 87.0
83, 676.0, 439.0
84, 300.0, 285.0
85, 75.0, 360.0
86, 630.0, 309.0
87, 195.0, 74.0
88, 94.0, 265.0
89, 617.0, 330.0
90, 555.0, 215.0
91, 395.0, 454.0
92, 265.0, 185.0
93, 697.0, 153.0
94, 279.0, 313.0
95, 409.0, 174.0
96, 348.0, 228.0
97, 426.0, 469.0
98, 291.0, 71.0
99, 148.0, 388.0
100, 546.0, 449.0
101, 194.0, 60.0
102, 442.0, 148.0
103, 382.0, 154.0
104, 561.0, 260.0
105, 347.0, 358.0
106, 458.0, 150.0
107, 519.0, 260.0
108, 567.0, 385.0
109, 92.0, 319.0
110, 616.0, 138.0
111, 408.0, 400.0
112, 664.0, 434.0
113, 227.0, 119.0
114, 545.0, 370.0
115, 219.0, 282.0
116, 312.0, 167.0
117, 373.0, 419.0
118, 396.0, 411.0
119, 404.0, 428.0
120, 152.0, 267.0
121, 389.0, 115.0
122, 604.0, 340.0
123, 634.0, 356.0
124, 372.0, 448.0
125, 419.0, 364.0
126, 233.0, 104.0
127, 273.0, 232.0
128, 445.0, 350.0
129, 156.0, 381.0
130, 387.0, 262.0
131, 441.0, 322.0
132, 455.0, 307.0
133, 667.0, 237.0
134, 211.0, 201.0
135, 707.0, 186.0
136, 437.0, 382.0
137, 683.0, 140.0
138, 224.0, 203.0
139, 645.0, 261.0
140, 22.0, 331.0
141, 332.0, 267.0
142, 326.0, 351.0
143, 188.0, 379.0
144, 695.0, 272.0
145, 689.0, 288.0
146, 722.0, 295.0
147, 398.0, 250.0
148, 279.0, 254.0
149, 213.0, 351.0
150, 406.0, 358.0
151, 562.0, 455.0
152, 712.0, 328.0
153, 385.0, 328.0
154, 453.0, 156.0
155, 132.0, 291.0
156, 474.0, 269.0
157, 497.0, 92.0
158, 702.0, 300.0
159, 353.0, 376.0
160, 498.0, 298.0
161, 404.0, 208.0
162, 680.0, 162.0
163, 196.0, 258.0
164, 136.0, 382.0
165, 270.0, 326.0
166, 587.0, 104.0
167, 594.0, 451.0
168, 266.0, 219.0
169, 16.0, 92.0
170, 317.0, 444.0
171, 183.0, 299.0
172, 399.0, 396.0
173, 173.0, 375.0
174, 715.0, 313.0
175, 324.0, 15.0
176, 234.0, 335.0
177, 175.0, 246.0
178, 653.0, 341.0
179, 587.0, 116.0
180, 67.0, 389.0
181, 196.0, 410.0
182, 584.0, 445.0
183, 343.0, 432.0
184, 156.0, 371.0
185, 101.0, 64.0
186, 289.0, 251.0
187, 663.0, 469.0
188, 167.0, 266.0
189, 251.0, 136.0
190, 536.0, 139.0
191, 270.0, 71.0
192, 643.0, 215.0
193, 408.0, 415.0
194, 581.0, 128.0
195, 233.0, 90.0
196, 605.0, 251.0
197, 298.0, 29.0
198, 278.0, 450.0
199, 458.0, 264.0
200, 272.0, 246.0
201, 240.0, 319.0
202, 328.0, 425.0
203, 280.0, 32.0
204, 468.0, 303.0
205, 673.0, 208.0
206, 195.0, 420.0
207, 547.0, 99.0
208, 520.0, 293.0
209, 508.0, 341.0
210, 325.0, 191.0
211, 706.0, 292.0
212, 289.0, 417.0
213, 211.0, 367.0
214, 95.0, 37.0
215, 310.0, 435.0
216, 359.0, 81.0
217, 683.0, 185.0
218, 409.0, 253.0
219, 206.0, 246.0
220, 480.0, 461.0
221, 373.0, 130.0
222, 653.0, 128.0
223, 103.0, 276.0
224, 349.0, 252.0
225, 333.0, 247.0
226, 515.0, 313.0
227, 110.0, 201.0
228, 218.0, 331.0
229, 576.0, 401.0
230, 94.0, 181.0
231, 608.0, 321.0
232, 181.0, 265.0
233, 251.0, 189.0
234, 240.0, 263.0
235, 336.0, 355.0
236, 457.0, 374.0
237, 193.0, 47.0
238, 182.0, 312.0
239, 598.0, 117.0
240, 106.0, 319.0
241, 531.0, 264.0
242, 233.0, 61.0
243, 319.0, 288.0
244, 76.0, 464.0
245, 401.0, 376.0
246, 189.0, 360.0
247, 236.0, 151.0
248, 677.0, 389.0
249, 460.0, 254.0
250, 210.0, 52.0
251, 562.0, 164.0
252, 335.0, 19.0
253, 296.0, 293.0
254, 617.0, 120.0
255, 29.0, 51.0
256, 204.0, 237.0
257, 456.0, 393.0
258, 161.0, 449.0
259, 360.0, 128.0
260, 387.0, 170.0
261, 590.0, 154.0
262, 377.0, 437.0
263, 303.0, 228.0
264, 204.0, 404.0
265, 492.0, 122.0
266, 99.0, 17.0
267, 586.0, 310.0
268, 456.0, 416.0
269, 179.0, 27.0
270, 396.0, 443.0
271, 273.0, 417.0
272, 563.0, 241.0
273, 449.0, 26.0
274, 313.0, 465.0
275, 28.0, 70.0
276, 426.0, 448.0
277, 110.0, 102.0
278, 602.0, 352.0
279, 418.0, 280.0
280, 368.0, 166.0
281, 332.0, 461.0
282, 490.0, 273.0
283, 13.0, 333.0
284, 716.0, 159.0
285, 431.0, 365.0
286, 53.0, 323.0
287, 19.0, 171.0
288, 225.0, 243.0
289, 303.0, 260.0
290, 368.0, 392.0
291, 329.0, 280.0
292, 16.0, 110.0
293, 689.0, 118.0
294, 634.0, 367.0
295, 374.0, 278.0
296, 42.0, 141.0
297, 119.0, 395.0
298, 447.0, 384.0
299, 186.0, 330.0
300, 707.0, 341.0
301, 272.0, 11.0
302, 317.0, 206.0
303, 379.0, 268.0
304, 251.0, 265.0
305, 599.0, 312.0
306, 642.0, 408.0
307, 590.0, 460.0
308, 134.0, 393.0
309, 363.0, 90.0
310, 304.0, 445.0
311, 349.0, 321.0
312, 183.0, 170.0
313, 265.0, 377.0
314, 167.0, 256.0
315, 83.0, 327.0
316, 455.0, 56.0
317, 98.0, 129.0
318, 609.0, 171.0
319, 155.0, 332.0
320, 477.0, 162.0
321, 331.0, 68.0
322, 351.0, 109.0
323, 38.0, 419.0
324, 631.0, 396.0
325, 591.0, 347.0
326, 521.0, 369.0
327, 308.0, 187.0
328, 614.0, 351.0
329, 323.0, 244.0
330, 742.0, 234.0
331, 511.0, 170.0
332, 594.0, 193.0
333, 196.0, 334.0
334, 305.0, 218.0
335, 348.0, 265.0
336, 253.0, 246.0
337, 347.0, 453.0
338, 20.0, 123.0
339, 186.0, 246.0
340, 292.0, 269.0
341, 664.0, 400.0
342, 134.0, 360.0
343, 641.0, 121.0
344, 408.0, 99.0
345, 162.0, 40.0
346, 252.0, 67.0
347, 702.0, 95.0
348, 222.0, 171.0
349, 281.0, 298.0
350, 341.0, 396.0
351, 255.0, 205.0
352, 400.0, 348.0
353, 640.0, 383.0
354, 473.0, 311.0
355, 16.0, 79.0
356, 165.0, 25.0
357, 81.0, 376.0
358, 450.0, 277.0
359, 738.0, 194.0
360, 43.0, 122.0
361, 145.0, 180.0
362, 102.0, 446.0
363, 382.0, 465.0
364, 82.0, 294.0
365, 685.0, 81.0
366, 106.0, 291.0
367, 455.0, 107.0
368, 298.0, 336.0
369, 205.0, 306.0
370, 640.0, 168.0
371, 313.0, 324.0
372, 19.0, 412.0
373, 322.0, 399.0
374, 172.0, 93.0
375, 94.0, 100.0
376, 333.0, 256.0
377, 725.0, 228.0
378, 221.0, 253.0
379, 122.0, 363.0
380, 389.0, 352.0
381, 119.0, 436.0
382, 724.0, 98.0
383, 619.0, 405.0
384, 238.0, 174.0
385, 608.0, 129.0
386, 176.0, 52.0
387, 585.0, 283.0
388, 599.0, 125.0
389, 688.0, 198.0
390, 122.0, 277.0
391, 427.0, 152.0
392, 403.0, 386.0
393, 33.0, 320.0
394, 699.0, 54.0
395, 472.0, 27.0
396, 460.0, 287.0
397, 407.0, 121.0
398, 306.0, 22.0
399, 671.0, 331.0
400, 476.0, 321.0
401, 374.0, 112.0
402, 261.0, 237.0
403, 216.0, 79.0
404, 178.0, 73.0
405, 104.0, 158.0
406, 300.0, 458.0
407, 35.0, 89.0
408, 545.0, 168.0
409, 421.0, 432.0
410, 404.0, 319.0
411, 412.0, 459.0
412, 54.0, 291.0
413, 147.0, 286.0
414, 262.0, 297.0
415, 194.0, 302.0
416, 587.0, 469.0
417, 167.0, 170.0
418, 553.0, 290.0
419, 364.0, 199.0
420, 290.0, 376.0
421, 311.0, 83.0
422, 705.0, 82.0
423, 605.0, 104.0
424, 261.0, 394.0
425, 205.0, 323.0
426, 495.0, 102.0
427, 446.0, 295.0
428, 525.0, 110.0
429, 638.0, 136.0
430, 522.0, 95.0
431, 572.0, 416.0
432, 720.0, 50.0
433, 575.0, 348.0
434, 719.0, 175.0
435, 358.0, 262.0
436, 144.0, 315.0
437, 656.0, 431.0
438, 359.0, 450.0
439, 230.0, 352.0
440, 229.0, 385.0
441, 451.0, 327.0
442, 448.0, 340.0
443, 270.0, 337.0
444, 269.0, 120.0
445, 359.0, 143.0
446, 223.0, 184.0
447, 280.0, 211.0
448, 318.0, 108.0
449, 384.0, 392.0
450, 651.0, 108.0
451, 283.0, 178.0
452, 39.0, 255.0
453, 267.0, 207.0
454, 43.0, 300.0
455, 630.0, 174.0
456, 496.0, 246.0
457, 58.0, 263.0
458, 467.0, 154.0
459, 69.0, 275.0
460, 644.0, 391.0
461, 231.0, 264.0
462, 41.0, 80.0
463, 453.0, 317.0
464, 425.0, 417.0
465, 340.0, 456.0
466, 594.0, 358.0
467, 137.0, 117.0
468, 654.0, 148.0
469, 131.0, 369.0
470, 572.0, 378.0
471, 717.0, 133.0
472, 596.0, 366.0
473, 558.0, 188.0
474, 492.0, 338.0
475, 458.0, 340.0
476, 161.0, 243.0
477, 222.0, 266.0
478, 368.0, 83.0
479, 475.0, 202.0
480, 156.0, 400.0
481, 569.0, 144.0
482, 352.0, 197.0
483, 121.0, 160.0
484, 145.0, 376.0
485, 581.0, 246.0
486, 566.0, 188.0
487, 157.0, 256.0
488, 27.0, 238.0
489, 207.0, 180.0
490, 184.0, 236.0
491, 247.0, 108.0
492, 484.0, 134.0
493, 575.0, 158.0
494, 151.0, 89.0
495, 484.0, 286.0
496, 18.0, 161.0
497, 125.0, 257.0
498, 31.0, 281.0
499, 21.0, 298.0
