0, 321.0, 310.0
1, 208.0, 174.0
2, 267.0, 286.0
3, 413.0, 201.0
4, 373.0, 11.0
5, 266.0, 447.0
6, 625.0, 381.0
7, 223.0, 344.0
8, 506.0, 295.0
9, 343.0, 226.0
10, 586.0, 102.0
11, 131.0, 231.0
12, 320.0, 353.0
13, 359.0, 151.0
14, 277.0, 99.0
15, 314.0, 321.0
16, 479.0, 119.0
17, 391.0, 213.0
18, 287.0, 312.0
19, 203.0, 160.0
20, 459.0, 166.0
21, 173.0, 132.0
22, 659.0, 370.0
23, 266.0, 252.0
24, 510.0, 169.0
25, 672.0, 193.0
26, 321.0, 81.0
27, 517.0, 225.0
28, 675.0, 121.0
29, 531.0, 139.0
30, 438.0, 124.0
31, 497.0, 132.0
32, 298.0, 341.0
33, 617.0, 173.0
34, 484.0, 167.0
35, 284.0, 41.0
36, 285.0, 260.0
37, 676.0, 181.0
38, 338.0, 158.0
39, 347.0, 432.0
40, 555.0, 130.0
41, 266.0, 277.0
42, 144.0, 179.0
43, 369.0, 182.0
44, 449.0, 188.0
45, 586.0, 203.0
46, 306.0, 204.0
47, 268.0, 298.0
48, 507.0, 357.0
49, 195.0, 71.0
50, 524.0, 178.0
51, 189.0, 365.0
52, 242.0, 431.0
53, 467.0, 96.0
54, 707.0, 336.0
55, 323.0, 425.0
56, 557.0, 54.0
57, 209.0, 121.0
58, 637.0, 356.0
59, 512.0, 375.0
60, 234.0, 470.0
61, 285.0, 283.0
62, 255.0, 20.0
63, 596.0, 30.0
64, 497.0, 256.0
65, 265.0, 120.0
66, 221.0, 383.0
67, 723.0, 156.0
68, 569.0, 55.0
69, 203.0, 347.0
70, 506.0, 102.0
71, 463.0, 204.0
72, 305.0, 194.0
73, 356.0, 250.0
74, 211.0, 470.0
75, 318.0, 26.0
76, 527.0, 96.0
77, 475.0, 210.0
78, 253.0, 151.0
79, 244.0, 276.0
80, 363.0, 310.0
81, 706.0, 122.0
82, 330.0, 172.0
83, 212.0, 389.0
84, 455.0, 106.0
85, 257.0, 384.0
86, 525.0, 15.0
87, 498.0, 57.0
88, 400.0, 96.0
89, 389.0, 11.0
90, 295.0, 417.0
91, 351.0, 139.0
92, 559.0, 165.0
93, 510.0, 263.0
94, 422.0, 70.0
95, 220.0, 317.0
96, 450.0, 218.0
97, 538.0, 316.0
98, 215.0, 156.0
99, 221.0, 76.0
100, 336.0, 254.0
101, 308.0, 284.0
102, 220.0, 129.0
103, 697.0, 206.0
104, 456.0, 88.0
105, 286.0, 295.0
106, 274.0, 255.0
107, 132.0, 366.0
108, 268.0, 339.0
109, 449.0, 165.0
110, 649.0, 351.0
111, 298.0, 214.0
112, 339.0, 285.0
113, 382.0, 431.0
114, 554.0, 140.0
115, 256.0, 358.0
116, 235.0, 354.0
117, 357.0, 388.0
118, 336.0, 121.0
119, 391.0, 135.0
120, 533.0, 130.0
121, 638.0, 113.0
122, 411.0, 231.0
123, 205.0, 281.0
124, 690.0, 180.0
125, 460.0, 157.0
126, 187.0, 345.0
127, 598.0, 67.0
128, 257.0, 281.0
129, 599.0, 194.0
130, 216.0, 262.0
131, 623.0, 352.0
132, 599.0, 103.0
133, 344.0, 251.0
134, 321.0, 264.0
135, 352.0, 22.0
136, 332.0, 229.0
137, 398.0, 466.0
138, 129.0, 75.0
139, 653.0, 204.0
140, 532.0, 184.0
141, 206.0, 25.0
142, 409.0, 163.0
143, 42.0, 299.0
144, 139.0, 350.0
145, 56.0, 300.0
146, 409.0, 222.0
147, 182.0, 163.0
148, 245.0, 367.0
149, 324.0, 45.0
150, 641.0, 454.0
151, 265.0, 149.0
152, 99.0, 103.0
153, 656.0, 447.0
154, 60.0, 255.0
155, 76.0, 199.0
156, 265.0, 325.0
157, 309.0, 250.0
158, 597.0, 220.0
159, 344.0, 241.0
160, 255.0, 374.0
161, 27.0, 46.0
162, 429.0, 56.0
163, 142.0, 366.0
164, 357.0, 58.0
165, 23.0, 234.0
166, 240.0, 134.0
167, 325.0, 220.0
168, 542.0, 96.0
169, 274.0, 358.0
170, 344.0, 51.0
171, 225.0, 452.0
172, 350.0, 169.0
173, 379.0, 221.0
174, 589.0, 156.0
175, 357.0, 99.0
176, 521.0, 379.0
177, 214.0, 340.0
178, 339.0, 136.0
179, 219.0, 304.0
180, 245.0, 43.0
181, 294.0, 448.0
182, 496.0, 168.0
183, 136.0, 329.0
184, 728.0, 123.0
185, 401.0, 315.0
186, 565.0, 191.0
187, 216.0, 275.0
188, 145.0, 311.0
189, 541.0, 56.0
190, 333.0, 400.0
191, 37.0, 221.0
192, 346.0, 65.0
193, 295.0, 69.0
194, 233.0, 342.0
195, 349.0, 263.0
196, 482.0, 107.0
197, 603.0, 130.0
198, 113.0, 141.0
199, 646.0, 125.0
200, 438.0, 232.0
201, 443.0, 21.0
202, 208.0, 415.0
203, 241.0, 388.0
204, 198.0, 29.0
205, 497.0, 159.0
206, 371.0, 229.0
207, 314.0, 215.0
208, 287.0, 354.0
209, 548.0, 164.0
210, 539.0, 174.0
211, 345.0, 43.0
212, 350.0, 129.0
213, 290.0, 272.0
214, 504.0, 221.0
215, 548.0, 8.0
216, 169.0, 183.0
217, 111.0, 55.0
218, 46.0, 316.0
219, 252.0, 300.0
220, 597.0, 55.0
221, 694.0, 167.0
222, 480.0, 446.0
223, 409.0, 172.0
224, 185.0, 24.0
225, 423.0, 191.0
226, 182.0, 297.0
227, 301.0, 306.0
228, 136.0, 107.0
229, 300.0, 435.0
230, 164.0, 384.0
231, 264.0, 56.0
232, 608.0, 182.0
233, 349.0, 387.0
234, 630.0, 113.0
235, 620.0, 11.0
236, 251.0, 459.0
237, 157.0, 276.0
238, 240.0, 69.0
239, 738.0, 31.0
240, 318.0, 363.0
241, 614.0, 211.0
242, 222.0, 464.0
243, 493.0, 98.0
244, 320.0, 281.0
245, 190.0, 135.0
246, 298.0, 465.0
247, 438.0, 143.0
248, 414.0, 340.0
249, 253.0, 184.0
250, 237.0, 301.0
251, 164.0, 31.0
252, 342.0, 275.0
253, 293.0, 196.0
254, 321.0, 296.0
255, 468.0, 107.0
256, 475.0, 256.0
257, 226.0, 147.0
258, 185.0, 99.0
259, 404.0, 404.0
260, 383.0, 87.0
261, 257.0, 263.0
262, 273.0, 430.0
263, 379.0, 239.0
264, 354.0, 460.0
265, 652.0, 387.0
266, 365.0, 213.0
267, 136.0, 131.0
268, 437.0, 189.0
269, 421.0, 87.0
270, 399.0, 22.0
271, 483.0, 177.0
272, 111.0, 437.0
273, 348.0, 75.0
274, 617.0, 109.0
275, 290.0, 439.0
276, 618.0, 232.0
277, 244.0, 24.0
278, 198.0, 442.0
279, 205.0, 456.0
280, 318.0, 187.0
281, 528.0, 166.0
282, 496.0, 370.0
283, 323.0, 197.0
284, 380.0, 194.0
285, 31.0, 196.0
286, 570.0, 212.0
287, 187.0, 152.0
288, 240.0, 124.0
289, 667.0, 106.0
290, 472.0, 229.0
291, 654.0, 53.0
292, 96.0, 403.0
293, 293.0, 124.0
294, 120.0, 169.0
295, 663.0, 124.0
296, 476.0, 190.0
297, 325.0, 455.0
298, 280.0, 169.0
299, 586.0, 88.0
300, 634.0, 379.0
301, 641.0, 399.0
302, 235.0, 166.0
303, 379.0, 397.0
304, 255.0, 253.0
305, 687.0, 100.0
306, 232.0, 318.0
307, 487.0, 145.0
308, 81.0, 417.0
309, 178.0, 216.0
310, 350.0, 151.0
311, 518.0, 84.0
312, 317.0, 236.0
313, 94.0, 116.0
314, 626.0, 72.0
315, 484.0, 293.0
316, 543.0, 326.0
317, 174.0, 110.0
318, 211.0, 201.0
319, 418.0, 56.0
320, 541.0, 26.0
321, 441.0, 108.0
322, 436.0, 165.0
323, 546.0, 116.0
324, 655.0, 332.0
325, 437.0, 156.0
326, 74.0, 189.0
327, 398.0, 86.0
328, 174.0, 87.0
329, 412.0, 361.0
330, 503.0, 316.0
331, 332.0, 242.0
332, 303.0, 354.0
333, 711.0, 45.0
334, 221.0, 66.0
335, 114.0, 196.0
336, 663.0, 28.0
337, 12.0, 283.0
338, 460.0, 228.0
339, 267.0, 172.0
340, 558.0, 116.0
341, 505.0, 16.0
342, 29.0, 356.0
343, 413.0, 387.0
344, 275.0, 299.0
345, 322.0, 135.0
346, 283.0, 428.0
347, 647.0, 410.0
348, 37.0, 279.0
349, 333.0, 37.0
350, 376.0, 35.0
351, 509.0, 178.0
352, 52.0, 340.0
353, 129.0, 422.0
354, 458.0, 175.0
355, 379.0, 182.0
356, 121.0, 17.0
357, 186.0, 443.0
358, 435.0, 202.0
359, 305.0, 380.0
360, 285.0, 223.0
361, 184.0, 468.0
362, 240.0, 80.0
363, 85.0, 350.0
364, 496.0, 191.0
365, 111.0, 104.0
366, 382.0, 104.0
367, 53.0, 188.0
368, 369.0, 191.0
369, 365.0, 391.0
370, 157.0, 150.0
371, 153.0, 135.0
372, 608.0, 342.0
373, 166.0, 18.0
374, 347.0, 330.0
375, 129.0, 142.0
376, 387.0, 24.0
377, 443.0, 96.0
378, 267.0, 417.0
379, 221.0, 336.0
380, 266.0, 264.0
381, 675.0, 107.0
382, 391.0, 227.0
383, 469.0, 88.0
384, 267.0, 108.0
385, 392.0, 193.0
386, 267.0, 19.0
387, 463.0, 127.0
388, 287.0, 467.0
389, 323.0, 117.0
390, 241.0, 221.0
391, 532.0, 59.0
392, 129.0, 355.0
393, 481.0, 88.0
394, 388.0, 462.0
395, 26.0, 258.0
396, 242.0, 257.0
397, 250.0, 339.0
398, 142.0, 62.0
399, 424.0, 97.0
400, 560.0, 108.0
401, 628.0, 129.0
402, 332.0, 326.0
403, 334.0, 385.0
404, 310.0, 92.0
405, 234.0, 260.0
406, 133.0, 309.0
407, 724.0, 59.0
408, 49.0, 326.0
409, 363.0, 406.0
410, 380.0, 161.0
411, 741.0, 203.0
412, 559.0, 319.0
413, 211.0, 102.0
414, 353.0, 225.0
415, 22.0, 470.0
416, 667.0, 47.0
417, 337.0, 429.0
418, 730.0, 40.0
419, 486.0, 157.0
420, 391.0, 375.0
421, 381.0, 135.0
422, 165.0, 419.0
423, 698.0, 55.0
424, 198.0, 466.0
425, 246.0, 291.0
426, 610.0, 163.0
427, 354.0, 374.0
428, 628.0, 27.0
429, 282.0, 9.0
430, 50.0, 277.0
431, 633.0, 364.0
432, 725.0, 181.0
433, 230.0, 89.0
434, 33.0, 206.0
435, 566.0, 172.0
436, 581.0, 60.0
437, 680.0, 167.0
438, 627.0, 56.0
439, 584.0, 19.0
440, 83.0, 49.0
441, 309.0, 27.0
442, 715.0, 29.0
443, 173.0, 168.0
444, 458.0, 183.0
445, 558.0, 43.0
446, 380.0, 335.0
447, 209.0, 365.0
448, 354.0, 239.0
449, 328.0, 153.0
450, 296.0, 40.0
451, 642.0, 54.0
452, 449.0, 34.0
453, 395.0, 443.0
454, 27.0, 185.0
455, 515.0, 304.0
456, 309.0, 151.0
457, 282.0, 125.0
458, 275.0, 113.0
459, 408.0, 454.0
460, 48.0, 377.0
461, 111.0, 412.0
462, 437.0, 435.0
463, 567.0, 15.0
464, 218.0, 37.0
465, 212.0, 12.0
466, 574.0, 34.0
467, 99.0, 436.0
468, 110.0, 45.0
469, 10.0, 361.0
470, 589.0, 444.0
471, 195.0, 60.0
472, 98.0, 471.0
473, 540.0, 138.0
474, 494.0, 288.0
475, 251.0, 57.0
476, 327.0, 249.0
477, 332.0, 22.0
478, 443.0, 88.0
479, 439.0, 242.0
480, 8.0, 457.0
481, 605.0, 375.0
482, 676.0, 70.0
483, 450.0, 175.0
484, 513.0, 427.0
485, 308.0, 437.0
486, 605.0, 15.0
487, 420.0, 224.0
488, 403.0, 134.0
489, 495.0, 298.0
490, 409.0, 378.0
491, 267.0, 401.0
492, 365.0, 23.0
493, 152.0, 355.0
494, 92.0, 144.0
495, 373.0, 23.0
496, 229.0, 402.0
497, 400.0, 35.0
498, 174.0, 460.0
499, 203.0, 432.0
