0, 155.0, 152.0
1, 478.0, 25.0
2, 213.0, 455.0
3, 93.0, 351.0
4, 254.0, 163.0
5, 186.0, 156.0
6, 203.0, 429.0
7, 449.0, 28.0
8, 310.0, 271.0
9, 566.0, 63.0
10, 622.0, 70.0
11, 510.0, 38.0
12, 569.0, 47.0
13, 507.0, 54.0
14, 160.0, 468.0
15, 47.0, 411.0
16, 480.0, 14.0
17, 356.0, 422.0
18, 457.0, 205.0
19, 448.0, 45.0
20, 451.0, 11.0
21, 278.0, 220.0
22, 164.0, 165.0
23, 513.0, 18.0
24, 136.0, 179.0
25, 24.0, 331.0
26, 463.0, 297.0
27, 294.0, 258.0
28, 304.0, 309.0
29, 182.0, 184.0
30, 447.0, 298.0
31, 191.0, 458.0
32, 572.0, 30.0
33, 494.0, 119.0
34, 449.0, 318.0
35, 287.0, 295.0
36, 558.0, 187.0
37, 466.0, 12.0
38, 375.0, 241.0
39, 199.0, 156.0
40, 296.0, 287.0
41, 140.0, 386.0
42, 373.0, 262.0
43, 173.0, 192.0
44, 264.0, 176.0
45, 15.0, 345.0
46, 156.0, 181.0
47, 524.0, 243.0
48, 483.0, 277.0
49, 203.0, 173.0
50, 563.0, 266.0
51, 370.0, 442.0
52, 566.0, 195.0
53, 169.0, 386.0
54, 338.0, 343.0
55, 567.0, 127.0
56, 450.0, 284.0
57, 309.0, 234.0
58, 219.0, 438.0
59, 371.0, 282.0
60, 460.0, 313.0
61, 581.0, 64.0
62, 211.0, 298.0
63, 228.0, 174.0
64, 259.0, 243.0
65, 277.0, 333.0
66, 49.0, 429.0
67, 208.0, 468.0
68, 32.0, 427.0
69, 530.0, 124.0
70, 310.0, 323.0
71, 344.0, 361.0
72, 282.0, 305.0
73, 190.0, 422.0
74, 74.0, 407.0
75, 715.0, 199.0
76, 360.0, 340.0
77, 103.0, 347.0
78, 688.0, 278.0
79, 72.0, 416.0
80, 215.0, 173.0
81, 479.0, 299.0
82, 281.0, 195.0
83, 309.0, 257.0
84, 467.0, 265.0
85, 226.0, 193.0
86, 179.0, 26.0
87, 253.0, 192.0
88, 205.0, 400.0
89, 200.0, 444.0
90, 256.0, 200.0
91, 221.0, 156.0
92, 281.0, 371.0
93, 449.0, 360.0
94, 212.0, 41.0
95, 195.0, 470.0
96, 370.0, 464.0
97, 279.0, 382.0
98, 328.0, 305.0
99, 454.0, 109.0
100, 251.0, 38.0
101, 438.0, 310.0
102, 285.0, 234.0
103, 267.0, 202.0
104, 133.0, 149.0
105, 352.0, 470.0
106, 453.0, 247.0
107, 584.0, 50.0
108, 519.0, 228.0
109, 531.0, 58.0
110, 524.0, 214.0
111, 79.0, 396.0
112, 212.0, 442.0
113, 419.0, 221.0
114, 223.0, 407.0
115, 182.0, 169.0
116, 534.0, 111.0
117, 69.0, 437.0
118, 728.0, 153.0
119, 430.0, 26.0
120, 434.0, 192.0
121, 722.0, 172.0
122, 264.0, 40.0
123, 78.0, 369.0
124, 473.0, 336.0
125, 282.0, 255.0
126, 233.0, 160.0
127, 507.0, 160.0
128, 644.0, 427.0
129, 255.0, 397.0
130, 187.0, 445.0
131, 523.0, 32.0
132, 241.0, 162.0
133, 575.0, 15.0
134, 142.0, 295.0
135, 536.0, 216.0
136, 726.0, 209.0
137, 600.0, 209.0
138, 699.0, 198.0
139, 257.0, 235.0
140, 599.0, 249.0
141, 618.0, 267.0
142, 26.0, 408.0
143, 239.0, 191.0
144, 34.0, 116.0
145, 294.0, 273.0
146, 339.0, 282.0
147, 74.0, 330.0
148, 360.0, 454.0
149, 298.0, 223.0
150, 140.0, 247.0
151, 26.0, 348.0
152, 183.0, 469.0
153, 626.0, 302.0
154, 123.0, 468.0
155, 597.0, 218.0
156, 9.0, 392.0
157, 117.0, 454.0
158, 339.0, 292.0
159, 10.0, 446.0
160, 163.0, 60.0
161, 621.0, 258.0
162, 183.0, 379.0
163, 66.0, 389.0
164, 173.0, 468.0
165, 228.0, 251.0
166, 136.0, 469.0
167, 258.0, 219.0
168, 407.0, 217.0
169, 203.0, 190.0
170, 466.0, 23.0
171, 211.0, 430.0
172, 144.0, 335.0
173, 47.0, 380.0
174, 61.0, 31.0
175, 280.0, 268.0
176, 525.0, 21.0
177, 512.0, 237.0
178, 235.0, 174.0
179, 57.0, 149.0
180, 404.0, 237.0
181, 233.0, 420.0
182, 170.0, 147.0
183, 261.0, 344.0
184, 355.0, 382.0
185, 280.0, 283.0
186, 126.0, 46.0
187, 98.0, 374.0
188, 280.0, 400.0
189, 228.0, 229.0
190, 308.0, 286.0
191, 269.0, 403.0
192, 138.0, 164.0
193, 459.0, 343.0
194, 42.0, 214.0
195, 162.0, 189.0
196, 535.0, 42.0
197, 327.0, 293.0
198, 322.0, 343.0
199, 103.0, 242.0
200, 530.0, 163.0
201, 26.0, 465.0
202, 498.0, 105.0
203, 226.0, 140.0
204, 602.0, 260.0
205, 378.0, 224.0
206, 397.0, 455.0
207, 370.0, 295.0
208, 30.0, 380.0
209, 103.0, 470.0
210, 221.0, 471.0
211, 209.0, 250.0
212, 290.0, 344.0
213, 371.0, 36.0
214, 428.0, 225.0
215, 98.0, 173.0
216, 136.0, 47.0
217, 23.0, 114.0
218, 697.0, 207.0
219, 476.0, 314.0
220, 331.0, 352.0
221, 94.0, 145.0
222, 267.0, 161.0
223, 57.0, 400.0
224, 364.0, 356.0
225, 9.0, 404.0
226, 434.0, 233.0
227, 719.0, 297.0
228, 271.0, 194.0
229, 454.0, 432.0
230, 266.0, 410.0
231, 168.0, 48.0
232, 440.0, 207.0
233, 282.0, 9.0
234, 172.0, 457.0
235, 365.0, 351.0
236, 158.0, 305.0
237, 356.0, 238.0
238, 672.0, 279.0
239, 172.0, 155.0
240, 26.0, 420.0
241, 19.0, 436.0
242, 26.0, 395.0
243, 128.0, 377.0
244, 422.0, 199.0
245, 187.0, 429.0
246, 215.0, 184.0
247, 212.0, 337.0
248, 627.0, 49.0
249, 355.0, 442.0
250, 425.0, 317.0
251, 495.0, 220.0
252, 316.0, 72.0
253, 41.0, 10.0
254, 362.0, 442.0
255, 553.0, 162.0
256, 257.0, 254.0
257, 308.0, 170.0
258, 196.0, 189.0
259, 353.0, 450.0
260, 369.0, 307.0
261, 139.0, 224.0
262, 311.0, 223.0
263, 433.0, 8.0
264, 538.0, 25.0
265, 180.0, 136.0
266, 65.0, 241.0
267, 37.0, 214.0
268, 208.0, 156.0
269, 721.0, 137.0
270, 18.0, 386.0
271, 472.0, 208.0
272, 401.0, 424.0
273, 310.0, 336.0
274, 109.0, 15.0
275, 85.0, 41.0
276, 178.0, 389.0
277, 682.0, 58.0
278, 328.0, 281.0
279, 424.0, 189.0
280, 192.0, 170.0
281, 283.0, 21.0
282, 277.0, 416.0
283, 269.0, 429.0
284, 136.0, 203.0
285, 390.0, 444.0
286, 436.0, 457.0
287, 676.0, 78.0
288, 104.0, 429.0
289, 410.0, 350.0
290, 310.0, 206.0
291, 540.0, 42.0
292, 284.0, 179.0
293, 425.0, 310.0
294, 440.0, 412.0
295, 405.0, 328.0
296, 277.0, 319.0
297, 477.0, 411.0
298, 68.0, 459.0
299, 603.0, 52.0
300, 450.0, 137.0
301, 570.0, 116.0
302, 338.0, 368.0
303, 288.0, 221.0
304, 167.0, 439.0
305, 131.0, 129.0
306, 294.0, 41.0
307, 548.0, 60.0
308, 492.0, 247.0
309, 190.0, 147.0
310, 647.0, 268.0
311, 300.0, 371.0
312, 550.0, 44.0
313, 219.0, 389.0
314, 479.0, 416.0
315, 360.0, 396.0
316, 329.0, 299.0
317, 369.0, 301.0
318, 201.0, 453.0
319, 129.0, 95.0
320, 429.0, 42.0
321, 28.0, 365.0
322, 72.0, 51.0
323, 291.0, 436.0
324, 285.0, 65.0
325, 421.0, 58.0
326, 421.0, 51.0
327, 383.0, 408.0
328, 404.0, 226.0
329, 364.0, 362.0
330, 283.0, 248.0
331, 225.0, 100.0
332, 115.0, 374.0
333, 453.0, 232.0
334, 19.0, 363.0
335, 344.0, 351.0
336, 368.0, 74.0
337, 199.0, 410.0
338, 151.0, 32.0
339, 169.0, 417.0
340, 709.0, 98.0
341, 196.0, 422.0
342, 148.0, 20.0
343, 119.0, 31.0
344, 167.0, 446.0
345, 226.0, 372.0
346, 230.0, 449.0
347, 62.0, 363.0
348, 531.0, 151.0
349, 38.0, 298.0
350, 281.0, 314.0
351, 316.0, 208.0
352, 590.0, 30.0
353, 343.0, 261.0
354, 199.0, 404.0
355, 58.0, 413.0
356, 421.0, 204.0
357, 30.0, 128.0
358, 166.0, 378.0
359, 423.0, 42.0
360, 218.0, 414.0
361, 185.0, 103.0
362, 388.0, 218.0
363, 481.0, 421.0
364, 45.0, 396.0
365, 202.0, 69.0
366, 400.0, 429.0
367, 220.0, 378.0
368, 595.0, 51.0
369, 149.0, 457.0
370, 554.0, 311.0
371, 360.0, 192.0
372, 406.0, 341.0
373, 455.0, 256.0
374, 110.0, 344.0
375, 284.0, 229.0
376, 308.0, 296.0
377, 296.0, 184.0
378, 31.0, 166.0
379, 287.0, 200.0
380, 718.0, 188.0
381, 292.0, 309.0
382, 128.0, 90.0
383, 246.0, 428.0
384, 701.0, 291.0
385, 223.0, 44.0
386, 176.0, 44.0
387, 493.0, 27.0
388, 264.0, 382.0
389, 343.0, 160.0
390, 300.0, 115.0
391, 70.0, 471.0
392, 743.0, 213.0
393, 285.0, 285.0
394, 180.0, 83.0
395, 315.0, 432.0
396, 268.0, 434.0
397, 338.0, 259.0
398, 225.0, 105.0
399, 509.0, 146.0
400, 306.0, 9.0
401, 68.0, 288.0
402, 434.0, 228.0
403, 475.0, 214.0
404, 359.0, 391.0
405, 212.0, 332.0
406, 564.0, 180.0
407, 311.0, 176.0
408, 436.0, 452.0
409, 168.0, 451.0
410, 463.0, 385.0
411, 129.0, 385.0
412, 152.0, 15.0
413, 399.0, 436.0
414, 213.0, 342.0
415, 273.0, 257.0
416, 201.0, 39.0
417, 423.0, 23.0
418, 512.0, 27.0
419, 211.0, 147.0
420, 358.0, 401.0
421, 123.0, 66.0
422, 584.0, 236.0
423, 559.0, 46.0
424, 388.0, 241.0
425, 582.0, 463.0
426, 56.0, 170.0
427, 740.0, 150.0
428, 405.0, 333.0
429, 571.0, 210.0
430, 371.0, 169.0
431, 543.0, 25.0
432, 278.0, 423.0
433, 308.0, 248.0
434, 112.0, 338.0
435, 618.0, 85.0
436, 461.0, 256.0
437, 205.0, 417.0
438, 645.0, 263.0
439, 298.0, 178.0
440, 299.0, 242.0
441, 288.0, 266.0
442, 334.0, 424.0
443, 282.0, 127.0
444, 714.0, 295.0
445, 375.0, 424.0
446, 288.0, 362.0
447, 455.0, 216.0
448, 133.0, 136.0
449, 428.0, 59.0
450, 438.0, 361.0
451, 224.0, 50.0
452, 420.0, 335.0
453, 631.0, 33.0
454, 362.0, 159.0
455, 530.0, 41.0
456, 303.0, 327.0
457, 410.0, 355.0
458, 549.0, 257.0
459, 496.0, 225.0
460, 60.0, 239.0
461, 212.0, 271.0
462, 169.0, 25.0
463, 212.0, 375.0
464, 490.0, 35.0
465, 278.0, 40.0
466, 208.0, 192.0
467, 290.0, 330.0
468, 159.0, 132.0
469, 116.0, 401.0
470, 276.0, 195.0
471, 14.0, 439.0
472, 161.0, 74.0
473, 602.0, 131.0
474, 296.0, 250.0
475, 482.0, 114.0
476, 402.0, 408.0
477, 154.0, 45.0
478, 276.0, 436.0
479, 20.0, 368.0
480, 225.0, 337.0
481, 121.0, 387.0
482, 285.0, 436.0
483, 282.0, 14.0
484, 461.0, 101.0
485, 107.0, 64.0
486, 207.0, 54.0
487, 434.0, 326.0
488, 356.0, 407.0
489, 418.0, 356.0
490, 218.0, 250.0
491, 193.0, 34.0
492, 140.0, 29.0
493, 266.0, 377.0
494, 397.0, 8.0
495, 177.0, 456.0
496, 448.0, 424.0
497, 243.0, 327.0
498, 295.0, 232.0
499, 90.0, 42.0
